0 0 53 53 181 181 181 0 53 181 181 181 53 181 0 48 181 48 149 302 302 302 302 302 302 0 302 262 44 0 302 302 302 0 302 0 302 302 302 302 302 302 300 302 0 302 302 0 302 44 302 40 300 300 300 300 300 300 0 
181 181 181 53 53 0 181 181 0 181 53 53 181 181 181 181 181 53 149 302 302 302 302 302 302 302 302 262 0 44 302 302 302 24 0 0 302 302 302 302 302 300 302 302 0 302 302 302 46 300 300 300 300 302 300 44 300 300 40 
53 53 181 53 53 53 53 53 53 53 53 181 181 53 181 181 53 53 53 53 302 145 302 302 52 302 302 300 302 0 302 0 302 302 302 302 302 302 294 294 302 302 302 40 302 302 302 302 292 270 302 300 302 300 300 0 300 300 0 
53 53 0 53 181 53 53 53 0 37 37 53 53 53 0 181 181 53 53 0 8 294 294 302 294 302 302 302 0 302 302 302 0 302 302 302 302 302 302 302 294 302 302 302 0 302 300 302 302 302 302 302 300 300 300 300 32 300 300 
53 49 53 181 53 53 53 37 37 181 181 181 53 53 53 133 181 40 40 53 53 8 53 302 294 0 302 302 302 302 302 302 0 302 302 302 44 302 0 302 302 302 302 8 302 302 302 40 302 300 300 300 300 300 300 300 300 32 300 
49 49 53 181 181 181 181 0 37 181 181 181 53 53 181 53 181 0 53 53 0 0 0 48 302 302 60 302 302 0 0 302 302 302 302 302 0 302 302 302 60 302 302 302 302 302 302 40 40 302 300 300 300 300 292 0 300 300 300 
49 49 49 53 149 16 165 165 165 181 0 181 181 181 53 53 181 53 0 52 181 181 181 302 302 302 302 302 302 302 302 302 302 302 302 302 302 302 302 302 302 294 302 302 302 302 302 302 46 302 302 300 300 300 0 300 44 44 300 
49 49 0 53 53 181 165 165 181 0 181 181 181 181 181 181 181 181 181 180 180 181 181 302 302 302 302 0 302 302 302 302 302 302 302 302 302 302 302 302 302 8 302 302 302 40 302 302 302 302 302 300 300 302 302 302 300 300 300 
53 53 181 37 53 165 0 53 53 53 181 53 181 181 181 181 181 181 181 0 181 181 181 302 181 302 302 302 302 302 302 302 302 302 0 44 302 302 302 302 302 302 302 302 302 302 302 262 44 0 300 0 300 300 300 302 302 0 300 
53 16 181 181 53 53 53 53 0 0 53 181 181 181 181 181 181 0 181 181 181 0 53 48 53 302 302 262 302 302 302 302 302 302 302 302 302 302 302 302 0 0 302 262 302 302 44 300 300 302 300 0 0 0 44 300 300 316 300 
16 0 181 181 0 53 53 53 0 21 21 181 0 0 181 181 181 181 181 52 53 53 53 53 53 0 302 302 302 302 302 302 302 46 44 0 302 302 302 302 302 438 302 302 40 302 0 302 302 302 302 0 300 300 44 40 40 300 316 
53 0 181 181 53 37 0 52 21 53 181 181 181 181 181 52 181 60 181 0 181 32 32 32 0 181 0 302 302 302 302 302 302 302 302 44 262 302 44 302 302 438 32 40 302 302 302 302 302 0 300 300 300 300 44 44 0 32 300 
53 53 181 0 181 181 53 53 52 53 0 181 181 181 181 181 0 181 181 0 181 181 32 49 32 53 53 53 302 32 48 48 302 262 302 262 302 302 302 0 438 438 438 302 0 302 302 302 0 302 302 300 0 32 300 44 44 300 300 
53 0 177 52 52 0 53 53 53 53 181 181 181 0 181 181 181 52 181 181 181 181 181 181 49 181 48 0 181 180 181 181 302 44 302 302 302 438 302 438 438 438 422 438 302 302 302 302 302 302 0 40 32 300 300 46 40 0 300 
53 53 53 53 53 53 53 36 53 52 176 188 181 181 181 181 181 181 181 16 177 181 181 181 181 181 181 48 302 181 16 181 181 181 302 302 438 302 438 0 438 438 438 302 16 302 302 44 302 438 302 300 300 292 60 292 46 0 300 
53 53 53 53 0 53 37 36 53 53 0 0 0 181 181 165 165 181 181 181 181 0 181 181 181 181 53 181 181 181 181 181 181 80 180 302 438 0 438 438 438 438 438 438 438 0 0 44 44 302 0 300 300 0 0 300 300 300 300 
53 165 0 149 149 149 149 37 53 53 0 181 0 181 181 181 181 180 181 181 181 48 181 181 181 181 181 181 181 181 181 181 180 180 438 438 48 438 438 436 438 4 438 438 0 438 438 44 438 128 300 300 300 300 300 300 300 300 40 
165 165 53 53 53 53 149 149 53 0 0 48 20 181 181 0 32 0 181 181 0 181 181 181 181 181 32 181 181 181 181 181 180 438 438 438 0 438 438 436 0 438 438 438 0 438 438 148 438 0 300 300 438 300 300 300 300 44 44 
165 0 0 53 149 53 149 48 0 53 53 53 48 181 181 181 181 181 0 181 181 181 52 181 181 181 181 181 181 181 0 181 181 438 438 438 438 438 438 438 438 438 438 438 438 16 438 438 438 438 438 438 300 300 300 300 300 44 40 
53 177 177 149 149 181 181 149 149 0 149 53 0 0 181 181 181 180 181 181 165 181 181 0 181 0 181 181 0 0 0 181 0 181 438 438 438 438 438 438 438 0 438 438 16 438 438 300 300 438 300 300 300 300 300 300 300 300 300 
0 177 177 177 149 181 0 149 149 0 149 149 149 181 181 181 181 181 181 32 182 181 52 181 0 0 181 181 181 181 181 181 181 438 438 438 438 438 438 438 438 438 438 438 438 438 438 438 300 300 300 300 300 300 300 40 300 300 300 
0 177 177 177 177 177 177 17 53 149 149 149 16 181 181 438 181 0 181 181 181 52 181 181 180 438 181 181 181 181 181 181 438 438 438 438 52 438 0 438 52 180 180 0 436 438 300 300 0 436 0 300 300 46 300 0 300 44 44 
49 177 177 177 177 16 17 149 149 149 149 149 165 165 0 438 438 177 181 181 181 438 181 48 438 0 181 165 438 438 181 438 0 438 438 48 438 438 438 438 438 0 438 438 438 436 438 44 0 436 436 0 300 300 300 56 0 300 300 
49 4 0 16 177 16 149 53 0 149 149 149 438 438 438 438 177 0 181 0 438 181 438 438 0 181 181 438 165 438 438 438 52 438 0 0 438 0 438 20 438 0 438 438 438 436 44 0 436 436 180 438 0 300 300 300 300 300 300 
49 49 53 0 16 17 149 0 53 53 149 181 438 181 438 438 0 438 438 438 438 438 438 438 438 438 438 438 0 16 438 0 438 438 438 438 20 438 438 438 438 438 438 438 438 434 436 438 0 0 436 438 300 0 0 40 300 300 300 
49 0 0 53 53 53 53 53 0 17 17 17 17 52 438 0 438 438 438 180 181 438 0 406 0 438 438 438 180 438 0 52 438 438 438 438 438 438 438 438 20 180 438 438 438 438 438 438 0 436 436 300 0 300 300 40 300 300 300 
49 17 0 16 53 53 53 53 16 16 149 60 60 52 0 438 0 0 438 438 20 438 438 438 438 128 438 438 180 0 438 176 438 438 438 438 436 438 438 438 438 438 0 4 16 438 438 36 436 436 436 436 0 438 438 268 300 300 300 
17 17 0 17 0 17 17 53 438 149 149 438 438 438 438 438 438 438 0 0 438 438 438 0 182 438 0 406 438 438 438 176 438 438 438 438 438 438 438 438 438 438 4 438 438 36 36 438 436 438 438 0 438 438 436 438 438 40 300 
17 17 17 17 1 1 17 53 20 438 180 4 182 128 438 0 52 438 438 438 0 438 0 438 438 438 438 438 0 0 438 438 434 438 180 52 438 438 406 406 438 438 438 438 438 438 438 438 438 438 0 436 422 438 438 436 436 436 300 
17 0 0 0 17 17 17 53 17 0 438 52 438 438 438 438 0 180 438 438 438 16 438 438 0 0 438 36 0 32 438 434 434 434 438 438 438 438 438 438 438 180 438 438 438 438 438 436 438 438 422 48 436 0 438 16 438 128 436 
17 17 17 17 0 17 17 17 17 17 17 438 0 438 438 438 438 180 438 52 438 438 438 438 52 438 438 434 438 438 434 0 176 438 438 438 176 52 438 0 438 180 438 20 0 438 438 438 438 438 438 36 48 436 438 438 438 438 0 
16 17 17 17 17 17 17 17 17 17 17 438 438 438 438 438 438 438 438 438 128 438 16 438 52 52 438 116 438 438 438 438 438 438 438 438 438 438 16 434 434 438 438 438 36 176 438 438 438 438 438 438 438 438 0 438 438 438 436 
16 0 0 17 17 17 0 17 0 17 438 438 438 438 0 438 438 438 438 438 438 438 0 438 438 438 438 0 438 20 438 438 438 438 0 0 438 438 438 434 438 438 438 438 438 164 164 438 182 438 438 438 438 438 438 438 180 438 436 
17 17 0 17 17 17 16 422 422 438 176 434 438 438 438 434 438 438 438 438 52 438 434 438 438 438 438 438 0 0 438 438 438 438 438 438 438 438 438 0 60 438 438 438 0 4 180 438 438 390 438 438 0 438 180 0 438 436 438 
0 98 17 84 164 438 438 438 438 438 438 434 434 438 0 0 438 438 52 438 438 52 438 438 4 438 438 438 438 180 434 438 438 438 438 438 438 0 438 438 52 438 438 438 438 438 180 438 438 438 182 182 438 438 438 438 0 48 438 
17 98 0 438 438 98 438 418 422 438 438 0 0 438 438 438 438 438 310 0 52 438 0 52 0 438 438 438 438 438 438 48 438 422 438 0 438 0 438 438 16 438 438 438 438 438 438 180 438 182 36 438 48 438 438 438 420 438 132 
17 98 0 176 180 98 98 422 422 422 438 438 434 438 48 438 438 438 438 438 0 438 0 438 438 180 438 0 438 438 438 438 438 438 438 438 436 438 48 438 438 438 438 438 436 0 52 180 438 438 438 438 438 438 52 52 52 420 436 
0 17 34 98 438 0 98 0 98 438 438 438 438 438 438 438 438 438 438 438 52 438 128 438 438 438 180 436 438 438 438 438 112 438 438 438 438 438 438 438 438 438 438 52 436 0 438 0 438 0 438 438 438 52 438 22 420 436 0 
98 98 34 98 98 438 438 422 176 438 438 438 438 438 438 438 0 438 438 0 0 438 438 0 438 438 0 438 438 438 438 438 0 438 16 438 438 180 438 438 406 180 438 438 52 438 438 438 438 438 438 438 438 438 180 436 436 0 436 
98 98 98 438 98 438 0 438 180 438 0 438 438 438 438 438 438 438 438 434 434 438 438 438 438 438 438 438 438 438 4 438 438 438 438 438 438 0 438 438 180 438 180 180 52 438 438 438 438 438 438 438 438 438 438 0 436 52 52 
98 98 0 0 98 98 98 98 0 52 180 98 438 438 438 438 438 434 434 0 438 434 438 438 438 438 438 438 438 438 438 438 0 438 164 438 438 438 438 438 438 0 438 438 438 0 0 438 438 438 438 438 0 438 438 52 0 436 420 
98 98 98 98 34 0 98 32 438 438 180 98 98 438 438 438 438 0 0 0 0 438 438 438 438 438 438 438 438 438 438 0 438 0 438 438 438 438 438 438 0 438 438 20 438 176 438 438 438 438 438 438 438 438 438 436 0 436 420 
98 98 98 34 98 98 98 0 98 438 438 438 438 438 438 438 438 438 434 402 438 438 438 438 438 438 438 438 438 438 0 438 438 438 438 438 438 0 438 438 438 438 438 438 0 0 438 438 438 438 438 438 438 438 438 436 436 420 436 
0 98 34 98 98 98 98 98 98 436 438 438 438 438 438 438 438 434 402 434 52 0 438 438 438 438 438 180 438 438 0 438 438 438 438 438 438 0 438 438 438 0 438 438 438 438 438 36 438 438 438 438 20 438 438 0 432 432 16 
98 98 98 34 98 98 98 98 98 98 98 98 52 438 438 52 438 438 182 434 434 180 438 0 438 4 438 438 438 438 36 438 0 180 182 436 182 182 438 0 438 20 438 438 20 180 438 438 176 438 438 438 438 438 436 436 52 0 436 
98 98 402 98 98 0 98 98 98 438 98 98 0 438 438 438 438 0 434 434 180 0 438 422 438 438 0 438 438 438 438 438 438 182 182 52 438 0 438 434 434 438 438 438 438 438 438 438 0 438 0 0 438 438 436 436 436 436 438 
402 402 98 98 402 98 0 98 98 34 98 98 438 438 438 438 438 438 52 434 434 422 422 438 436 438 438 438 438 438 438 438 182 180 438 438 438 180 438 0 438 438 180 438 438 0 438 180 438 438 0 438 48 434 0 436 436 438 438 
0 16 98 402 402 98 0 98 98 98 0 98 98 438 180 0 438 438 52 438 438 422 52 438 438 438 438 438 52 52 16 438 438 438 438 438 52 52 438 438 0 0 438 438 438 438 438 438 438 0 438 182 434 434 0 436 0 436 180 
402 262 402 402 400 400 98 0 98 98 434 0 98 434 0 438 438 434 438 438 438 438 438 32 438 0 438 182 438 438 438 438 438 406 132 438 438 438 438 406 438 438 438 438 438 0 438 438 438 438 438 438 434 434 436 436 436 436 436 
402 402 262 262 402 0 48 434 98 434 98 98 98 434 0 434 0 434 438 438 438 438 16 438 176 438 0 438 438 438 438 52 406 16 438 438 438 438 438 438 438 438 438 438 438 438 438 436 438 438 438 0 438 434 406 180 180 406 436 
262 402 402 402 262 434 434 0 98 98 98 40 434 434 434 434 434 434 438 0 438 0 422 438 176 0 176 434 438 438 438 438 438 406 0 438 438 438 438 438 0 438 438 438 438 438 438 0 438 438 180 52 438 438 0 436 436 436 406 
262 262 402 402 434 262 434 434 34 98 0 180 434 98 434 434 434 0 432 432 0 438 438 438 0 438 438 438 0 438 180 438 438 406 406 406 438 438 438 438 438 438 406 406 438 438 438 438 438 180 438 52 48 438 128 0 438 438 406 
0 0 402 262 262 16 434 16 402 0 434 0 402 434 434 434 434 434 432 438 438 438 438 438 438 438 438 438 0 438 438 180 438 16 438 434 0 438 438 438 0 406 406 406 112 438 52 438 438 438 438 180 438 0 434 406 406 0 438 
0 262 402 0 0 262 16 434 98 386 386 0 34 32 176 434 0 48 438 438 438 438 438 438 438 438 438 434 181 181 438 438 438 422 438 438 438 438 438 438 438 438 406 406 406 0 0 438 438 20 438 438 438 406 406 148 148 406 438 
262 262 0 0 98 98 402 98 402 98 402 386 386 0 434 434 434 146 438 438 438 438 438 438 176 438 182 438 438 438 434 438 180 438 438 438 438 438 438 48 438 438 406 406 406 406 0 438 438 438 438 438 406 148 406 406 148 406 406 
262 262 262 262 402 402 98 402 0 386 386 386 48 0 434 434 0 146 422 180 438 406 438 438 438 176 438 438 128 438 436 176 438 438 438 48 438 438 438 180 438 438 0 406 438 406 406 406 438 0 438 0 438 406 0 404 406 150 148 
262 262 0 260 262 402 402 0 386 386 386 0 400 438 16 0 16 16 20 422 438 0 406 0 438 438 438 406 438 438 36 436 438 438 148 176 434 438 434 0 48 16 0 52 438 406 406 406 438 438 438 438 438 438 406 406 406 406 436 
262 112 262 260 262 0 402 402 402 402 402 434 402 402 434 0 434 0 438 180 0 406 406 406 438 406 406 406 20 438 438 438 438 436 148 438 438 0 438 438 438 438 182 438 406 438 180 438 438 438 0 406 52 438 0 406 406 406 436 
262 262 112 262 262 262 16 402 402 402 402 0 402 434 438 406 406 438 438 438 438 438 182 182 406 406 406 406 406 148 148 438 438 438 436 434 434 434 0 438 438 438 438 52 160 434 438 438 52 36 438 438 0 262 20 0 406 406 0 
