# org_id,org_cellx,org_celly,org_forage_target,org_group_id,org_facing
12909649,53,31,-1,-1,0
12908692,10,44,-1,-1,3
12908385,28,53,-1,-1,4
12906627,40,56,-1,-1,4
12907330,39,12,-1,-1,5
12910368,32,46,-1,-1,2
12906055,38,7,-1,-1,2
12907830,48,48,-1,-1,0
12909564,31,1,-1,-1,6
12908663,27,28,-1,-1,0
12907898,20,35,-1,-1,5
12909269,19,8,-1,-1,1
12908757,24,42,-1,-1,4
12898984,29,35,-1,-1,6
12908778,4,18,-1,-1,1
12910145,38,53,-1,-1,1
12904827,53,8,-1,-1,0
12910154,11,34,-1,-1,4
12906818,56,51,-1,-1,1
12905547,51,55,-1,-1,2
12903722,37,4,-1,-1,5
12898166,9,9,-1,-1,3
12897868,31,11,-1,-1,5
12910163,56,17,-1,-1,1
12903463,48,4,-1,-1,4
12910239,0,46,-1,-1,4
12909497,7,47,-1,-1,0
12910405,43,53,-1,-1,7
12908153,51,12,-1,-1,2
12906371,10,28,-1,-1,2
12909137,17,0,-1,-1,3
12910377,23,2,-1,-1,4
12910412,35,55,-1,-1,2
12908038,47,0,-1,-1,3
12908702,3,46,-1,-1,0
12909005,12,35,-1,-1,7
12910459,45,42,-1,-1,3
12907150,17,45,-1,-1,7
12908927,24,51,-1,-1,1
12909961,42,14,-1,-1,4
12908025,1,31,-1,-1,1
12902897,52,19,-1,-1,5
12909737,21,22,-1,-1,7
12902780,8,57,-1,-1,3
12908871,3,31,-1,-1,6
12909494,16,3,-1,-1,1
12910430,2,35,-1,-1,3
12907169,49,4,-1,-1,6
12907480,23,36,-1,-1,4
12897965,10,46,-1,-1,0
12908588,55,18,-1,-1,0
12908082,19,37,-1,-1,7
12901638,26,2,-1,-1,3
12910029,33,7,-1,-1,2
12908916,38,3,-1,-1,7
12909720,36,22,-1,-1,7
12909136,33,54,-1,-1,6
12910367,19,19,-1,-1,5
12905492,48,16,-1,-1,6
12901813,56,42,-1,-1,5
12910054,37,27,-1,-1,6
12908830,17,5,-1,-1,4
12902117,50,43,-1,-1,1
12905794,39,3,-1,-1,0
12904321,53,38,-1,-1,4
12909286,42,10,-1,-1,6
12907574,43,21,-1,-1,6
12908096,52,44,-1,-1,3
12899785,38,55,-1,-1,0
12908455,8,33,-1,-1,0
12907716,13,15,-1,-1,1
12908102,12,21,-1,-1,2
12905513,47,39,-1,-1,7
12910270,10,30,-1,-1,1
12901675,12,24,-1,-1,0
12908665,29,56,-1,-1,4
12910262,41,2,-1,-1,6
12909849,39,14,-1,-1,7
12909288,24,6,-1,-1,7
12909405,28,26,-1,-1,1
12904996,33,11,-1,-1,6
12910190,23,46,-1,-1,7
12897815,4,57,-1,-1,5
12906573,34,16,-1,-1,3
12906656,12,15,-1,-1,7
12909505,50,4,-1,-1,0
12905384,24,9,-1,-1,6
12909096,31,18,-1,-1,2
12909969,58,39,-1,-1,6
12907805,1,43,-1,-1,5
12909541,28,51,-1,-1,2
12909028,27,3,-1,-1,3
12901984,47,29,-1,-1,1
12908765,28,41,-1,-1,3
12905434,21,37,-1,-1,1
12908334,16,13,-1,-1,5
12904369,28,4,-1,-1,1
12908740,52,39,-1,-1,2
12909744,49,33,-1,-1,1
12906501,10,2,-1,-1,6
12909285,16,11,-1,-1,0
12907008,36,25,-1,-1,5
12904159,1,3,-1,-1,6
12905009,4,6,-1,-1,1
12907680,33,46,-1,-1,3
12906845,8,4,-1,-1,7
12897688,1,54,-1,-1,5
12909699,34,30,-1,-1,2
12909161,56,33,-1,-1,5
12907071,10,36,-1,-1,0
12895375,4,15,-1,-1,6
12909979,3,39,-1,-1,6
12905388,26,15,-1,-1,7
12891463,52,58,-1,-1,2
12884439,4,46,-1,-1,0
12907016,49,38,-1,-1,5
12909100,45,3,-1,-1,1
12907274,6,24,-1,-1,0
12908566,24,41,-1,-1,4
12909074,31,41,-1,-1,6
12910387,9,16,-1,-1,0
12901631,53,49,-1,-1,5
12909920,36,32,-1,-1,6
12908192,13,39,-1,-1,4
12907896,32,37,-1,-1,6
12906377,49,50,-1,-1,3
12908484,31,15,-1,-1,5
12910023,54,34,-1,-1,1
12906544,15,4,-1,-1,2
12906812,3,43,-1,-1,3
12907164,28,39,-1,-1,5
12906613,30,27,-1,-1,6
12902054,23,0,-1,-1,6
12902623,21,2,-1,-1,3
12910260,37,43,-1,-1,0
12907298,32,48,-1,-1,6
12902003,58,18,-1,-1,0
12909113,22,1,-1,-1,1
12906552,21,47,-1,-1,0
12908183,25,15,-1,-1,6
12910098,0,11,-1,-1,1
12909644,25,22,-1,-1,6
12909985,11,53,-1,-1,3
12906728,45,8,-1,-1,3
12905348,52,14,-1,-1,3
12908887,34,1,-1,-1,3
12904881,36,12,-1,-1,5
12907863,20,46,-1,-1,1
12909843,45,40,-1,-1,4
12910139,11,7,-1,-1,3
12902367,6,6,-1,-1,2
12910018,34,52,-1,-1,1
12910005,23,35,-1,-1,5
12909045,23,17,-1,-1,3
12909229,12,2,-1,-1,6
12904672,18,15,-1,-1,2
12903702,46,45,-1,-1,5
12907868,36,56,-1,-1,3
12910491,36,44,-1,-1,2
12904740,41,50,-1,-1,6
12905707,55,54,-1,-1,3
12908339,33,25,-1,-1,2
12907059,24,7,-1,-1,1
12910379,35,48,-1,-1,0
12908936,48,53,-1,-1,4
12898905,25,53,-1,-1,4
12909169,7,18,-1,-1,7
12906430,9,32,-1,-1,3
12902556,9,5,-1,-1,5
12909409,40,10,-1,-1,3
12909273,30,0,-1,-1,5
12904693,32,35,-1,-1,7
12910406,11,46,-1,-1,2
12909680,9,38,-1,-1,7
12903568,2,29,-1,-1,5
12909948,37,40,-1,-1,1
12910249,38,33,-1,-1,5
12909158,54,33,-1,-1,5
12910351,28,8,-1,-1,1
12908211,10,10,-1,-1,3
12909490,51,22,-1,-1,2
12908898,24,15,-1,-1,0
12879500,31,50,-1,-1,4
12901174,1,5,-1,-1,2
12908335,23,55,-1,-1,1
12904997,20,51,-1,-1,7
12907962,19,22,-1,-1,4
12905842,55,9,-1,-1,0
12910509,41,7,-1,-1,6
12906773,12,4,-1,-1,7
12899990,33,44,-1,-1,7
12904577,6,23,-1,-1,2
12903994,57,32,-1,-1,4
12910332,25,2,-1,-1,2
12905812,7,30,-1,-1,5
12907737,39,19,-1,-1,7
12909470,24,46,-1,-1,0
12909523,36,15,-1,-1,2
12904505,0,0,-1,-1,4
12903668,12,20,-1,-1,6
12908147,12,26,-1,-1,5
12906521,55,15,-1,-1,3
12908130,12,46,-1,-1,3
12909393,18,11,-1,-1,3
12906794,53,37,-1,-1,0
12907922,26,10,-1,-1,1
12891761,38,21,-1,-1,4
12903354,28,6,-1,-1,4
12900435,25,58,-1,-1,2
12909916,36,14,-1,-1,5
12906213,15,37,-1,-1,0
12906877,8,0,-1,-1,6
12907149,12,36,-1,-1,2
12904867,57,57,-1,-1,4
12907924,17,1,-1,-1,7
12910057,28,34,-1,-1,1
12909877,54,42,-1,-1,6
12909786,54,45,-1,-1,6
12909366,29,3,-1,-1,2
12910458,37,35,-1,-1,6
12904634,24,36,-1,-1,7
12909558,15,47,-1,-1,1
12909043,51,49,-1,-1,3
12910158,36,5,-1,-1,5
12909462,17,28,-1,-1,4
12909913,15,6,-1,-1,2
12905993,19,16,-1,-1,7
12905979,37,29,-1,-1,2
12910475,16,29,-1,-1,7
12908297,37,50,-1,-1,2
12907026,38,8,-1,-1,7
12908889,55,21,-1,-1,4
12905168,17,47,-1,-1,2
12907601,19,43,-1,-1,0
12905594,11,2,-1,-1,2
12908886,32,11,-1,-1,7
12904212,25,38,-1,-1,6
12903234,30,24,-1,-1,0
12907969,47,25,-1,-1,7
12910439,40,49,-1,-1,0
12896789,31,55,-1,-1,4
12909524,40,30,-1,-1,5
12905977,28,57,-1,-1,4
12903657,18,3,-1,-1,6
12905416,27,58,-1,-1,2
12909723,43,50,-1,-1,3
12899132,54,10,-1,-1,4
12910148,8,17,-1,-1,2
12910411,16,7,-1,-1,5
12908357,56,16,-1,-1,4
12909921,8,56,-1,-1,0
12910231,51,48,-1,-1,5
12907315,50,36,-1,-1,7
12909292,54,52,-1,-1,1
12909296,6,32,-1,-1,4
12908133,7,22,-1,-1,0
12906125,10,23,-1,-1,4
12904484,2,8,-1,-1,0
12907610,4,56,-1,-1,0
12906210,27,17,-1,-1,7
12897207,24,16,-1,-1,2
12905146,22,0,-1,-1,3
12907846,26,51,-1,-1,5
12908800,50,20,-1,-1,7
12906083,12,13,-1,-1,2
12910187,11,14,-1,-1,5
12900059,6,55,-1,-1,5
12906969,43,15,-1,-1,6
12902922,10,52,-1,-1,6
12909658,38,36,-1,-1,4
12908792,29,0,-1,-1,5
12907340,19,46,-1,-1,0
12909176,32,58,-1,-1,2
12905097,14,13,-1,-1,1
12907476,13,35,-1,-1,1
12909829,40,6,-1,-1,2
12909822,33,56,-1,-1,6
12906036,39,45,-1,-1,3
12909598,30,34,-1,-1,2
12910537,30,46,-1,-1,0
12908919,45,32,-1,-1,1
12901951,16,30,-1,-1,5
12906458,28,2,-1,-1,0
12905712,29,6,-1,-1,4
12909377,55,53,-1,-1,4
12902872,25,21,-1,-1,6
12906414,7,8,-1,-1,0
12905931,5,10,-1,-1,1
12908822,39,28,-1,-1,3
12909900,45,50,-1,-1,7
12910487,39,17,-1,-1,2
12909670,38,9,-1,-1,0
12907130,36,38,-1,-1,1
12907417,29,24,-1,-1,4
12904767,56,21,-1,-1,0
12906626,52,0,-1,-1,2
12910284,11,41,-1,-1,1
12905128,13,28,-1,-1,5
12907804,31,51,-1,-1,0
12910224,31,35,-1,-1,1
12909739,47,16,-1,-1,7
12910022,35,20,-1,-1,0
12900541,56,54,-1,-1,2
12909241,48,43,-1,-1,1
12901596,2,9,-1,-1,0
12906122,4,21,-1,-1,4
12908513,7,9,-1,-1,3
12908996,45,2,-1,-1,6
12910317,36,43,-1,-1,5
12909468,57,56,-1,-1,6
12886696,0,24,-1,-1,0
12908995,44,24,-1,-1,0
12906526,56,29,-1,-1,1
12903259,39,15,-1,-1,0
12910400,23,10,-1,-1,7
12903130,24,56,-1,-1,7
12909959,20,43,-1,-1,2
12895645,53,2,-1,-1,7
12902427,21,19,-1,-1,3
12907721,48,18,-1,-1,6
12909259,28,36,-1,-1,0
12897844,28,0,-1,-1,2
12907173,2,49,-1,-1,7
12898147,55,38,-1,-1,5
12904447,27,14,-1,-1,3
12910357,45,22,-1,-1,7
12907352,9,15,-1,-1,0
12909246,19,58,-1,-1,6
12906392,50,10,-1,-1,2
12902984,21,28,-1,-1,7
12902099,27,30,-1,-1,4
12904844,2,34,-1,-1,2
12910136,51,13,-1,-1,0
12908050,49,58,-1,-1,6
12907749,14,10,-1,-1,3
12908795,24,31,-1,-1,1
12902901,37,20,-1,-1,7
12907358,41,11,-1,-1,5
12909482,22,18,-1,-1,2
12904574,18,42,-1,-1,6
12910208,22,10,-1,-1,7
12908530,35,28,-1,-1,0
12908444,52,43,-1,-1,6
12899465,57,29,-1,-1,4
12894754,52,30,-1,-1,6
12907552,10,57,-1,-1,5
12910303,49,17,-1,-1,2
12906923,42,23,-1,-1,1
12907553,7,57,-1,-1,3
12909187,40,27,-1,-1,1
12903480,42,4,-1,-1,4
12909717,34,53,-1,-1,2
12906091,33,24,-1,-1,7
12908572,19,20,-1,-1,4
12909432,32,55,-1,-1,4
12907506,47,28,-1,-1,2
12906000,10,32,-1,-1,3
12909358,43,12,-1,-1,5
12910300,37,12,-1,-1,6
12909984,6,50,-1,-1,3
12910265,28,3,-1,-1,6
12905928,34,6,-1,-1,5
12910129,37,24,-1,-1,0
12909562,57,45,-1,-1,2
12909783,44,9,-1,-1,4
12909461,22,23,-1,-1,1
12906865,12,44,-1,-1,1
12910200,3,13,-1,-1,2
12906064,23,42,-1,-1,7
12905584,51,29,-1,-1,0
12900042,49,27,-1,-1,5
12903630,0,27,-1,-1,3
12905310,22,42,-1,-1,7
12909827,53,12,-1,-1,7
12909184,40,37,-1,-1,1
12908223,35,30,-1,-1,5
12909932,33,8,-1,-1,7
12908234,21,48,-1,-1,5
12909460,38,45,-1,-1,7
12908564,40,8,-1,-1,2
12898812,0,23,-1,-1,1
12910330,47,30,-1,-1,6
12908894,58,57,-1,-1,4
12908404,4,33,-1,-1,1
12888760,24,50,-1,-1,7
12909540,24,21,-1,-1,3
12909547,28,25,-1,-1,1
12908039,29,30,-1,-1,5
12905006,29,53,-1,-1,3
12908464,26,56,-1,-1,0
12907598,6,56,-1,-1,0
12910445,41,43,-1,-1,0
12909236,5,20,-1,-1,5
12889420,4,14,-1,-1,3
12909475,36,9,-1,-1,5
12908503,27,35,-1,-1,1
12909250,23,20,-1,-1,1
12906962,17,6,-1,-1,5
12908767,39,40,-1,-1,1
12909064,58,27,-1,-1,5
12908207,45,56,-1,-1,3
12907175,41,33,-1,-1,6
12907751,37,37,-1,-1,4
12904253,3,12,-1,-1,2
12905042,43,9,-1,-1,4
12899546,24,4,-1,-1,0
12905577,53,30,-1,-1,2
12909577,12,18,-1,-1,4
12909589,0,16,-1,-1,4
12904266,2,6,-1,-1,3
12910388,51,33,-1,-1,4
12909044,22,37,-1,-1,2
12908552,45,36,-1,-1,4
12910117,38,39,-1,-1,6
12910079,45,9,-1,-1,1
12907747,15,7,-1,-1,0
12910266,29,14,-1,-1,5
12908868,2,15,-1,-1,5
12908511,40,3,-1,-1,7
12910408,6,57,-1,-1,1
12910356,46,30,-1,-1,3
12908209,17,34,-1,-1,1
12909459,42,46,-1,-1,4
12909799,54,26,-1,-1,0
12909651,18,41,-1,-1,4
12908904,43,27,-1,-1,1
12910217,35,46,-1,-1,1
12908143,51,47,-1,-1,0
12907793,36,10,-1,-1,2
12905427,52,46,-1,-1,6
12905835,7,21,-1,-1,2
12906971,34,0,-1,-1,2
12907998,39,36,-1,-1,2
12908974,49,49,-1,-1,4
12906595,58,26,-1,-1,7
12901112,15,21,-1,-1,7
12904051,46,12,-1,-1,3
12909129,3,4,-1,-1,7
12905517,20,15,-1,-1,2
12903310,14,7,-1,-1,6
12901427,31,28,-1,-1,1
12910404,2,13,-1,-1,0
12909671,56,10,-1,-1,7
12907990,17,49,-1,-1,5
12892783,20,28,-1,-1,0
12909050,54,31,-1,-1,2
12910478,25,51,-1,-1,2
12910483,26,3,-1,-1,5
12909730,10,3,-1,-1,1
12908591,40,36,-1,-1,0
12910242,40,5,-1,-1,6
12910128,7,23,-1,-1,5
12902560,16,57,-1,-1,4
12901494,32,20,-1,-1,7
12903920,57,27,-1,-1,4
12906117,2,55,-1,-1,7
12909831,40,11,-1,-1,1
12902514,15,13,-1,-1,5
12908749,31,47,-1,-1,3
12908171,33,23,-1,-1,4
12909613,26,30,-1,-1,5
12906634,41,12,-1,-1,2
12904470,58,46,-1,-1,7
12903884,8,28,-1,-1,2
12905229,3,0,-1,-1,2
12908837,18,23,-1,-1,0
12902555,54,25,-1,-1,6
12909762,34,10,-1,-1,6
12909721,25,31,-1,-1,7
12910233,39,25,-1,-1,5
12906436,21,31,-1,-1,3
12909350,29,58,-1,-1,6
12902995,41,10,-1,-1,5
12907748,17,43,-1,-1,3
12899462,25,23,-1,-1,5
12902359,53,11,-1,-1,4
12905941,6,8,-1,-1,2
12909151,25,3,-1,-1,0
12904755,9,8,-1,-1,0
12909449,19,13,-1,-1,3
12908592,49,2,-1,-1,2
12910484,16,18,-1,-1,5
12909576,53,16,-1,-1,0
12895564,6,41,-1,-1,0
12908010,58,54,-1,-1,5
12898677,24,55,-1,-1,6
12907899,50,38,-1,-1,0
12899656,55,30,-1,-1,7
12909612,31,49,-1,-1,5
12905314,53,20,-1,-1,0
12904367,19,27,-1,-1,7
12907520,14,21,-1,-1,0
12909806,13,34,-1,-1,1
12909335,54,37,-1,-1,5
12902408,3,56,-1,-1,2
12900644,2,52,-1,-1,4
12910515,57,6,-1,-1,4
12909234,34,20,-1,-1,1
12906645,51,44,-1,-1,5
12910323,6,12,-1,-1,1
12904659,22,53,-1,-1,7
12910180,35,45,-1,-1,4
12907336,38,13,-1,-1,5
12909332,23,28,-1,-1,7
12908762,45,43,-1,-1,6
12899550,6,51,-1,-1,2
12909150,25,20,-1,-1,0
12909923,23,50,-1,-1,5
12910517,32,2,-1,-1,2
12910362,25,36,-1,-1,4
12907812,29,36,-1,-1,4
12902092,36,55,-1,-1,2
12910108,18,50,-1,-1,5
12909805,40,40,-1,-1,6
12908971,10,27,-1,-1,3
12904621,20,50,-1,-1,2
12895680,11,44,-1,-1,3
12908832,24,44,-1,-1,4
12910381,56,13,-1,-1,4
12906831,58,31,-1,-1,0
12910237,48,19,-1,-1,3
12910269,27,50,-1,-1,7
12901853,58,42,-1,-1,0
12908755,58,53,-1,-1,7
12904815,31,20,-1,-1,5
12907416,34,8,-1,-1,1
12907782,23,27,-1,-1,0
12908388,42,55,-1,-1,7
12908205,12,27,-1,-1,4
12904980,8,54,-1,-1,1
12906314,41,54,-1,-1,3
12903745,32,50,-1,-1,5
12879095,58,33,-1,-1,0
12906548,16,32,-1,-1,3
12910044,53,5,-1,-1,4
12899856,19,47,-1,-1,0
12906781,32,21,-1,-1,0
12909810,43,14,-1,-1,4
12909013,45,58,-1,-1,6
12910476,45,34,-1,-1,1
12907569,15,9,-1,-1,3
12908150,8,6,-1,-1,6
12907836,55,25,-1,-1,0
12905511,11,27,-1,-1,3
12909439,45,29,-1,-1,5
12903780,34,37,-1,-1,5
12906888,16,15,-1,-1,6
12909839,16,14,-1,-1,6
12906873,20,30,-1,-1,1
12902027,50,19,-1,-1,2
12885737,11,33,-1,-1,7
12897418,45,7,-1,-1,3
12906893,2,38,-1,-1,5
12909688,5,36,-1,-1,5
12908593,50,45,-1,-1,1
12904764,57,38,-1,-1,7
12905755,1,44,-1,-1,7
12910221,12,52,-1,-1,2
12903860,5,42,-1,-1,5
12908648,17,55,-1,-1,0
12903353,30,58,-1,-1,2
12908070,22,14,-1,-1,7
12909485,18,28,-1,-1,7
12910454,3,7,-1,-1,6
12906777,7,51,-1,-1,2
12909756,12,37,-1,-1,0
12910039,54,54,-1,-1,7
12907137,3,6,-1,-1,0
12904540,32,51,-1,-1,3
12902429,58,29,-1,-1,0
12902706,10,4,-1,-1,2
12909860,20,1,-1,-1,3
12910310,16,40,-1,-1,7
12906860,30,45,-1,-1,4
12907432,37,26,-1,-1,4
12898316,52,5,-1,-1,3
12901739,52,18,-1,-1,2
12909884,20,38,-1,-1,2
12906646,38,16,-1,-1,4
12904386,33,49,-1,-1,6
12899696,29,45,-1,-1,3
12909277,10,42,-1,-1,3
12908431,45,53,-1,-1,0
12904256,53,52,-1,-1,6
12902962,34,55,-1,-1,0
12906368,56,2,-1,-1,4
12904526,41,9,-1,-1,4
12907727,15,39,-1,-1,3
12908858,55,43,-1,-1,3
12909056,27,12,-1,-1,2
12909624,13,58,-1,-1,7
12908771,49,3,-1,-1,7
12903356,56,11,-1,-1,6
12907583,42,20,-1,-1,2
12907659,22,45,-1,-1,0
12909084,56,48,-1,-1,7
12903446,45,48,-1,-1,4
12909794,52,36,-1,-1,5
12904133,3,9,-1,-1,1
12906137,57,3,-1,-1,3
12908797,8,24,-1,-1,2
12910528,3,47,-1,-1,6
12909243,0,15,-1,-1,0
12910280,34,12,-1,-1,5
12906890,10,47,-1,-1,7
12907119,18,54,-1,-1,4
12909791,48,45,-1,-1,3
12910501,56,34,-1,-1,0
12910360,37,28,-1,-1,1
12904690,44,51,-1,-1,3
12905145,53,27,-1,-1,2
12905196,57,23,-1,-1,2
12909418,5,39,-1,-1,0
12909487,14,57,-1,-1,3
12905539,20,7,-1,-1,3
12909816,55,1,-1,-1,2
12909939,3,37,-1,-1,6
12910116,4,51,-1,-1,5
12907870,57,39,-1,-1,3
12910194,53,46,-1,-1,5
12889757,6,44,-1,-1,2
12902960,55,49,-1,-1,5
12907219,22,39,-1,-1,1
12909976,27,46,-1,-1,7
12907314,39,10,-1,-1,3
12907845,38,34,-1,-1,7
12905461,6,21,-1,-1,5
12909686,20,3,-1,-1,3
12904799,24,18,-1,-1,3
12909703,45,18,-1,-1,7
12897970,46,0,-1,-1,6
12906989,14,35,-1,-1,4
12908354,50,16,-1,-1,3
12904725,30,51,-1,-1,6
12910369,19,52,-1,-1,1
12908687,58,20,-1,-1,4
12908007,41,3,-1,-1,7
12906808,20,53,-1,-1,5
12892718,13,25,-1,-1,5
12908441,54,16,-1,-1,1
12909192,19,4,-1,-1,5
12906674,14,6,-1,-1,6
12910442,39,56,-1,-1,7
12908516,14,41,-1,-1,2
12909933,13,18,-1,-1,0
12909861,4,5,-1,-1,1
12901338,18,24,-1,-1,7
12910486,46,27,-1,-1,4
12909083,54,29,-1,-1,2
12909591,7,53,-1,-1,2
12909307,17,7,-1,-1,3
12907741,1,8,-1,-1,3
12909268,41,23,-1,-1,3
12909189,2,1,-1,-1,2
12908945,25,41,-1,-1,3
12908653,1,6,-1,-1,6
12909957,14,31,-1,-1,3
12910390,41,47,-1,-1,1
12906913,37,39,-1,-1,5
12910423,48,32,-1,-1,5
12902441,21,14,-1,-1,7
12907507,8,3,-1,-1,4
12908439,37,34,-1,-1,4
12908122,13,13,-1,-1,6
12909745,34,26,-1,-1,3
12906535,26,1,-1,-1,2
12901806,23,32,-1,-1,1
12905808,14,34,-1,-1,4
12905971,4,50,-1,-1,5
12910243,30,11,-1,-1,3
12909323,57,31,-1,-1,4
12903603,51,38,-1,-1,1
12907192,48,42,-1,-1,5
12909085,42,11,-1,-1,2
12907762,47,56,-1,-1,0
12907675,46,31,-1,-1,0
12907106,49,45,-1,-1,7
12908432,57,14,-1,-1,3
12908429,9,11,-1,-1,3
12902272,29,43,-1,-1,0
12908818,24,40,-1,-1,5
12906854,4,11,-1,-1,6
12910438,55,5,-1,-1,4
12904893,43,49,-1,-1,1
12909807,23,1,-1,-1,7
12900783,53,36,-1,-1,4
12908268,15,49,-1,-1,0
12910428,58,43,-1,-1,0
12896225,10,53,-1,-1,7
12909428,46,7,-1,-1,6
12909940,48,15,-1,-1,0
12906787,56,38,-1,-1,2
12900383,4,12,-1,-1,0
12907191,14,4,-1,-1,5
12884972,16,42,-1,-1,2
12903134,23,45,-1,-1,3
12908759,29,20,-1,-1,3
12910505,50,48,-1,-1,3
12907463,15,1,-1,-1,4
12908537,47,11,-1,-1,7
12901837,49,5,-1,-1,2
12899266,48,0,-1,-1,6
12905685,31,38,-1,-1,3
12907141,32,26,-1,-1,6
12904067,3,5,-1,-1,4
12909479,5,35,-1,-1,2
12908614,29,52,-1,-1,6
12909147,32,28,-1,-1,4
12909795,42,39,-1,-1,4
12909474,30,6,-1,-1,4
12909231,30,15,-1,-1,7
12908787,24,10,-1,-1,4
12906622,8,37,-1,-1,4
12897856,9,20,-1,-1,0
12905037,17,13,-1,-1,3
12906630,52,54,-1,-1,6
12910490,10,12,-1,-1,7
12908860,30,49,-1,-1,2
12908468,42,52,-1,-1,3
12909834,28,31,-1,-1,1
12897346,21,52,-1,-1,4
12901721,26,28,-1,-1,2
12904100,18,27,-1,-1,6
12908276,32,34,-1,-1,4
12910391,13,20,-1,-1,1
12909896,10,55,-1,-1,0
12903556,44,52,-1,-1,4
12907825,37,38,-1,-1,4
12910146,42,36,-1,-1,1
12904334,42,56,-1,-1,2
12910267,23,15,-1,-1,3
12891907,58,6,-1,-1,4
12907710,56,39,-1,-1,2
12908080,55,33,-1,-1,5
12907807,25,39,-1,-1,5
12908920,14,25,-1,-1,4
12909800,31,24,-1,-1,7
12903505,46,6,-1,-1,4
12905041,51,8,-1,-1,5
12910100,34,38,-1,-1,6
12909929,7,42,-1,-1,7
12909675,40,29,-1,-1,6
12909185,0,1,-1,-1,3
12910297,27,29,-1,-1,0
12898092,5,44,-1,-1,1
12907769,57,12,-1,-1,5
12908962,7,15,-1,-1,7
12902862,58,52,-1,-1,0
12910446,15,16,-1,-1,7
12901854,5,34,-1,-1,0
12908539,55,37,-1,-1,4
12909704,17,14,-1,-1,5
12909587,11,55,-1,-1,2
12908571,6,47,-1,-1,5
12904907,37,1,-1,-1,4
12906885,55,58,-1,-1,7
12896593,1,17,-1,-1,5
12910123,41,55,-1,-1,1
12900820,10,18,-1,-1,6
12904813,36,50,-1,-1,0
12909300,49,15,-1,-1,5
12905439,8,5,-1,-1,4
12901121,1,39,-1,-1,2
12893401,29,19,-1,-1,6
12909186,35,8,-1,-1,4
12910519,18,19,-1,-1,4
12908467,29,22,-1,-1,4
12910344,38,54,-1,-1,6
12906434,26,7,-1,-1,2
12910246,7,40,-1,-1,4
12908544,1,28,-1,-1,1
12901896,25,14,-1,-1,7
12905394,28,12,-1,-1,2
12907233,4,13,-1,-1,0
12907430,25,19,-1,-1,0
12905609,17,16,-1,-1,3
12910235,36,39,-1,-1,4
12904854,26,52,-1,-1,4
12909768,30,35,-1,-1,6
12909380,41,48,-1,-1,6
12903959,8,20,-1,-1,6
12910460,25,28,-1,-1,7
12904921,1,7,-1,-1,7
12910096,3,35,-1,-1,7
12908129,23,52,-1,-1,2
12907496,46,46,-1,-1,0
12909925,32,32,-1,-1,4
12909518,23,40,-1,-1,5
12904274,32,56,-1,-1,5
12909790,17,18,-1,-1,7
12909993,44,55,-1,-1,0
12905184,25,48,-1,-1,7
12910268,26,43,-1,-1,6
12908878,29,38,-1,-1,5
12908691,20,4,-1,-1,5
12909978,5,6,-1,-1,6
12909965,42,47,-1,-1,7
12910472,21,30,-1,-1,5
12909733,44,41,-1,-1,7
12907734,34,13,-1,-1,7
12909600,14,5,-1,-1,7
12908598,52,55,-1,-1,7
12907086,43,4,-1,-1,0
12908452,47,23,-1,-1,4
12909170,2,42,-1,-1,2
12910384,53,0,-1,-1,6
12906966,49,24,-1,-1,4
12908479,22,58,-1,-1,7
12905412,9,21,-1,-1,6
12909091,42,37,-1,-1,1
12910112,51,52,-1,-1,6
12904200,50,55,-1,-1,1
12907586,42,48,-1,-1,7
12908233,34,51,-1,-1,2
12909797,11,12,-1,-1,3
12907500,22,40,-1,-1,6
12909772,21,44,-1,-1,1
12910396,58,19,-1,-1,7
12907949,24,30,-1,-1,6
12902791,9,43,-1,-1,4
12907648,22,52,-1,-1,6
12908730,20,5,-1,-1,5
12899105,15,54,-1,-1,7
12906723,37,2,-1,-1,0
12904124,6,52,-1,-1,4
12909473,43,33,-1,-1,3
12907780,24,22,-1,-1,2
12906038,37,11,-1,-1,0
12907489,19,41,-1,-1,0
12900592,55,26,-1,-1,5
12909972,56,19,-1,-1,4
12904375,57,43,-1,-1,1
12906191,20,20,-1,-1,5
12908202,37,10,-1,-1,5
12909774,45,14,-1,-1,1
12909859,19,34,-1,-1,0
12909632,52,28,-1,-1,2
12906101,35,56,-1,-1,3
12910048,36,49,-1,-1,4
12910271,32,13,-1,-1,4
12906320,46,54,-1,-1,5
12899415,30,13,-1,-1,2
12910052,6,11,-1,-1,0
12910398,34,23,-1,-1,7
12908232,32,44,-1,-1,7
12910016,4,49,-1,-1,7
12910512,1,20,-1,-1,5
12909614,24,33,-1,-1,6
12901556,3,57,-1,-1,3
12904731,5,48,-1,-1,4
12910088,8,25,-1,-1,6
12902413,8,32,-1,-1,6
12909041,17,11,-1,-1,2
12908322,19,32,-1,-1,1
12910455,34,21,-1,-1,6
12910426,20,48,-1,-1,4
12908890,57,54,-1,-1,6
12904378,43,22,-1,-1,3
12906961,0,47,-1,-1,3
12909857,56,12,-1,-1,2
12909891,40,33,-1,-1,4
12899988,58,36,-1,-1,7
12904660,20,41,-1,-1,1
12907582,8,21,-1,-1,1
12910171,8,31,-1,-1,0
12908219,26,53,-1,-1,0
12909515,46,29,-1,-1,1
12904851,53,40,-1,-1,5
12908788,40,47,-1,-1,1
12907166,27,23,-1,-1,1
12906980,5,13,-1,-1,2
12909227,40,35,-1,-1,4
12903852,6,22,-1,-1,4
12909222,24,54,-1,-1,4
12903215,33,32,-1,-1,0
12910353,35,34,-1,-1,7
12906783,44,21,-1,-1,2
12910026,46,24,-1,-1,7
12902156,33,1,-1,-1,5
12909975,42,26,-1,-1,4
12910015,51,45,-1,-1,2
12908450,55,28,-1,-1,0
12910063,13,16,-1,-1,3
12905938,22,21,-1,-1,3
12908864,34,28,-1,-1,3
12906029,35,6,-1,-1,5
12907049,55,57,-1,-1,5
12907811,30,20,-1,-1,3
12906376,29,51,-1,-1,3
12910304,48,8,-1,-1,7
12901770,0,53,-1,-1,3
12903752,50,24,-1,-1,5
12907376,36,8,-1,-1,2
12910151,22,44,-1,-1,0
12902853,0,34,-1,-1,4
12907948,57,48,-1,-1,3
12910290,48,52,-1,-1,5
12909455,41,45,-1,-1,0
12909440,41,25,-1,-1,2
12908172,49,7,-1,-1,4
12908243,32,14,-1,-1,6
12907450,58,45,-1,-1,0
12910248,57,15,-1,-1,2
12909261,49,52,-1,-1,0
12909621,11,31,-1,-1,0
12906636,4,38,-1,-1,5
12908972,27,6,-1,-1,5
12908608,56,58,-1,-1,2
12910175,23,18,-1,-1,7
12905445,46,2,-1,-1,3
12908594,10,38,-1,-1,6
12906175,0,20,-1,-1,2
12910488,48,30,-1,-1,7
12887883,16,51,-1,-1,4
12909746,16,20,-1,-1,4
12904812,12,0,-1,-1,5
12902597,2,30,-1,-1,4
12902111,3,51,-1,-1,4
12899014,3,28,-1,-1,5
12910516,33,50,-1,-1,5
12907722,21,38,-1,-1,5
12909712,49,10,-1,-1,4
12907241,34,34,-1,-1,5
12908462,14,17,-1,-1,3
12908533,57,18,-1,-1,5
12909480,21,35,-1,-1,2
12909897,44,11,-1,-1,2
12909946,24,29,-1,-1,6
12910315,37,14,-1,-1,7
12898652,47,4,-1,-1,1
12906529,2,37,-1,-1,6
12904550,46,38,-1,-1,5
12892961,0,40,-1,-1,0
12902830,57,4,-1,-1,2
12907879,27,56,-1,-1,1
12905922,2,43,-1,-1,1
12908804,28,55,-1,-1,7
12904707,21,49,-1,-1,7
12908506,38,20,-1,-1,4
12910068,42,28,-1,-1,5
12905754,32,8,-1,-1,0
12904474,52,49,-1,-1,1
12909604,40,50,-1,-1,3
12908834,54,18,-1,-1,3
12909548,34,45,-1,-1,2
12909438,1,12,-1,-1,7
12909519,48,11,-1,-1,1
12907025,28,35,-1,-1,6
12908943,13,33,-1,-1,6
12901783,12,49,-1,-1,1
12910462,43,11,-1,-1,6
12900365,53,21,-1,-1,6
12902246,12,17,-1,-1,2
12906292,13,51,-1,-1,0
12892002,58,5,-1,-1,6
12910305,11,57,-1,-1,4
12907018,28,49,-1,-1,5
12909945,35,4,-1,-1,6
12904251,3,55,-1,-1,0
12908164,54,46,-1,-1,6
12891183,2,44,-1,-1,2
12908874,39,53,-1,-1,5
12906098,3,29,-1,-1,6
12909242,16,2,-1,-1,7
12910025,38,28,-1,-1,2
12908867,12,22,-1,-1,6
12905660,18,17,-1,-1,5
12902844,21,43,-1,-1,5
12906907,16,34,-1,-1,5
12902228,53,47,-1,-1,4
12908415,49,20,-1,-1,5
12908024,4,53,-1,-1,1
12910418,38,2,-1,-1,1
12908399,55,50,-1,-1,7
12908352,39,0,-1,-1,5
12910264,0,57,-1,-1,1
12910157,43,26,-1,-1,4
12909228,45,26,-1,-1,1
12909840,30,39,-1,-1,5
12909814,0,36,-1,-1,4
12906138,40,25,-1,-1,6
12897980,5,7,-1,-1,1
12904802,50,22,-1,-1,3
12896205,7,56,-1,-1,0
12899420,1,36,-1,-1,1
12908157,20,52,-1,-1,6
12906791,33,30,-1,-1,4
12907245,33,57,-1,-1,3
12909014,27,44,-1,-1,0
12908873,56,43,-1,-1,7
12909172,35,29,-1,-1,2
12910444,0,49,-1,-1,1
12910425,14,37,-1,-1,6
12910179,42,2,-1,-1,5
12907975,20,31,-1,-1,2
12906513,33,34,-1,-1,5
12902957,12,53,-1,-1,1
12906734,2,19,-1,-1,3
12910109,50,11,-1,-1,7
12908768,36,6,-1,-1,6
12907239,30,41,-1,-1,5
12908250,35,23,-1,-1,6
12909982,42,30,-1,-1,6
12903296,57,10,-1,-1,3
12901660,4,47,-1,-1,6
12909550,31,36,-1,-1,3
12903084,31,13,-1,-1,0
12909747,48,51,-1,-1,4
12910272,19,57,-1,-1,6
12901867,32,43,-1,-1,1
12892950,35,1,-1,-1,7
12908198,48,39,-1,-1,6
12906373,2,14,-1,-1,1
12904607,29,28,-1,-1,3
12906560,48,40,-1,-1,6
12894433,15,24,-1,-1,7
12908554,43,55,-1,-1,3
12909356,6,53,-1,-1,5
12906629,14,53,-1,-1,2
12908531,0,7,-1,-1,2
12881512,57,35,-1,-1,2
12910118,42,33,-1,-1,5
12905493,15,28,-1,-1,5
12910342,48,50,-1,-1,7
12908581,42,50,-1,-1,1
12909950,17,48,-1,-1,0
12908958,0,51,-1,-1,4
12909132,18,22,-1,-1,0
12894723,37,5,-1,-1,3
12910521,23,9,-1,-1,3
12908542,28,16,-1,-1,6
12908847,54,49,-1,-1,5
12890850,54,15,-1,-1,0
12904261,5,19,-1,-1,3
12909447,7,50,-1,-1,1
12909317,22,38,-1,-1,2
12909039,18,0,-1,-1,3
12910056,21,41,-1,-1,1
12902387,39,6,-1,-1,1
12908714,25,17,-1,-1,7
12903944,16,10,-1,-1,4
12899857,55,17,-1,-1,6
12909610,2,31,-1,-1,7
12910256,3,33,-1,-1,4
12910156,42,13,-1,-1,6
12909892,7,0,-1,-1,4
12898661,52,10,-1,-1,2
12908929,42,12,-1,-1,1
12898569,7,4,-1,-1,6
12905878,19,11,-1,-1,6
12906559,22,24,-1,-1,6
12901681,57,25,-1,-1,7
12910259,13,2,-1,-1,3
12905694,23,37,-1,-1,2
12909856,18,34,-1,-1,5
12910333,16,35,-1,-1,4
12904074,20,45,-1,-1,3
12905972,53,35,-1,-1,0
12909521,2,45,-1,-1,0
12908185,45,15,-1,-1,7
12909253,40,20,-1,-1,1
12908486,38,58,-1,-1,1
12907293,47,19,-1,-1,1
12908725,48,49,-1,-1,5
12898667,4,0,-1,-1,6
12901727,58,48,-1,-1,4
12906219,32,25,-1,-1,0
12904210,19,2,-1,-1,6
12908875,23,41,-1,-1,4
12909983,49,35,-1,-1,7
12895915,33,31,-1,-1,2
12910535,57,26,-1,-1,4
12904716,17,38,-1,-1,7
12910350,58,17,-1,-1,0
12906045,14,38,-1,-1,5
12909844,37,49,-1,-1,1
12909650,21,20,-1,-1,4
12908744,41,29,-1,-1,0
12907365,35,12,-1,-1,6
12900789,41,6,-1,-1,4
12907317,28,13,-1,-1,0
12908925,52,48,-1,-1,4
12909427,15,3,-1,-1,0
12904866,17,31,-1,-1,4
12910395,1,55,-1,-1,1
12897671,11,48,-1,-1,6
12902568,16,33,-1,-1,3
12900504,10,34,-1,-1,1
12906998,2,41,-1,-1,1
12905682,29,8,-1,-1,0
12906707,14,52,-1,-1,6
12905621,5,14,-1,-1,3
12910331,9,34,-1,-1,5
12910513,41,19,-1,-1,5
12908980,18,7,-1,-1,6
12910493,5,27,-1,-1,2
12901501,16,24,-1,-1,3
12905544,5,38,-1,-1,2
12909054,32,42,-1,-1,4
12907943,42,40,-1,-1,7
12896821,27,53,-1,-1,3
12909027,43,46,-1,-1,2
12908579,43,10,-1,-1,0
12909144,28,52,-1,-1,6
12910282,36,51,-1,-1,0
12907554,37,17,-1,-1,5
12910220,47,37,-1,-1,7
12906456,13,57,-1,-1,4
12908724,26,4,-1,-1,4
12910164,57,19,-1,-1,2
12909526,48,9,-1,-1,4
12904821,6,18,-1,-1,7
12903821,20,36,-1,-1,1
12908285,21,39,-1,-1,5
12908453,0,35,-1,-1,3
12908100,13,17,-1,-1,1
12909954,40,34,-1,-1,6
12907608,42,58,-1,-1,2
12909206,54,58,-1,-1,0
12906901,10,58,-1,-1,2
12908938,55,56,-1,-1,4
12901139,42,7,-1,-1,5
12906861,51,6,-1,-1,3
12909910,41,32,-1,-1,3
12910028,31,14,-1,-1,1
12908272,41,41,-1,-1,5
12904689,27,11,-1,-1,7
12908215,1,53,-1,-1,1
12907864,26,22,-1,-1,2
12905527,22,12,-1,-1,6
12898416,58,51,-1,-1,5
12909133,34,39,-1,-1,4
12909718,58,50,-1,-1,7
12910318,23,11,-1,-1,3
12909529,5,41,-1,-1,3
12906118,37,32,-1,-1,0
12905804,10,25,-1,-1,0
12907774,43,8,-1,-1,0
12909887,36,3,-1,-1,4
12903416,53,15,-1,-1,3
12902899,54,57,-1,-1,6
12910355,44,37,-1,-1,6
12908988,44,48,-1,-1,1
12907363,2,39,-1,-1,1
12907818,46,3,-1,-1,6
12910105,51,15,-1,-1,6
12909750,51,39,-1,-1,7
12910188,10,9,-1,-1,4
12905275,56,9,-1,-1,4
12907439,36,16,-1,-1,0
12901103,14,45,-1,-1,6
12907103,55,23,-1,-1,1
12907911,40,14,-1,-1,6
12906264,44,16,-1,-1,0
12910328,57,21,-1,-1,0
12907646,55,12,-1,-1,2
12910196,9,53,-1,-1,1
12908855,50,42,-1,-1,0
12889375,5,8,-1,-1,4
12906786,26,36,-1,-1,6
12906533,54,23,-1,-1,1
12909026,5,16,-1,-1,0
12898404,10,6,-1,-1,5
12908772,1,37,-1,-1,7
12907364,48,10,-1,-1,2
12909264,44,39,-1,-1,2
12900413,58,11,-1,-1,0
12906868,54,2,-1,-1,3
12903206,14,24,-1,-1,5
12905238,27,33,-1,-1,1
12906158,16,0,-1,-1,6
12908881,16,16,-1,-1,2
12907977,52,23,-1,-1,0
12910055,47,34,-1,-1,2
12907235,18,53,-1,-1,5
12901341,26,35,-1,-1,4
12903015,34,15,-1,-1,2
12909653,55,27,-1,-1,7
12900717,44,47,-1,-1,5
12909690,14,23,-1,-1,3
12906641,47,6,-1,-1,5
12910261,47,54,-1,-1,3
12905505,27,18,-1,-1,2
12908908,15,55,-1,-1,3
12910073,2,10,-1,-1,3
12910449,41,15,-1,-1,5
12908799,33,12,-1,-1,2
12901438,15,8,-1,-1,1
12906928,11,10,-1,-1,5
12904202,21,0,-1,-1,5
12908371,53,14,-1,-1,0
12910053,10,43,-1,-1,4
12909047,49,8,-1,-1,4
12904557,1,41,-1,-1,7
12907743,43,30,-1,-1,7
12907559,12,47,-1,-1,3
12909661,42,16,-1,-1,6
12909343,23,48,-1,-1,5
12908400,4,58,-1,-1,7
12909580,50,33,-1,-1,7
12910232,16,37,-1,-1,1
12906384,14,32,-1,-1,3
12909472,51,24,-1,-1,0
12907752,52,1,-1,-1,7
12904517,36,20,-1,-1,3
12900855,30,42,-1,-1,5
12909890,53,3,-1,-1,5
12906107,20,17,-1,-1,2
12907965,48,17,-1,-1,0
12902531,17,20,-1,-1,3
12907612,52,26,-1,-1,0
12910443,15,5,-1,-1,1
12895694,56,36,-1,-1,4
12909501,43,29,-1,-1,4
12909305,36,21,-1,-1,1
12908684,24,13,-1,-1,2
12910004,43,45,-1,-1,1
12905354,20,39,-1,-1,4
12910084,16,50,-1,-1,4
12909702,58,22,-1,-1,4
12909408,10,19,-1,-1,0
12905024,13,7,-1,-1,5
12909731,47,41,-1,-1,4
12909319,15,36,-1,-1,0
12907010,42,3,-1,-1,2
12908430,58,55,-1,-1,0
12908986,52,34,-1,-1,6
12909392,41,4,-1,-1,1
12905572,9,35,-1,-1,5
12897074,51,57,-1,-1,0
12907591,21,53,-1,-1,4
12907679,52,7,-1,-1,3
12907329,10,40,-1,-1,1
12901879,46,10,-1,-1,1
12902433,8,42,-1,-1,6
12905201,36,35,-1,-1,7
12907768,48,31,-1,-1,4
12909668,26,6,-1,-1,6
12909003,0,5,-1,-1,1
12903430,2,32,-1,-1,2
12904576,45,55,-1,-1,1
12907593,42,38,-1,-1,0
12904641,3,19,-1,-1,7
12910230,52,17,-1,-1,2
12896816,37,9,-1,-1,4
12904670,24,20,-1,-1,2
12909347,40,12,-1,-1,2
12909315,45,25,-1,-1,3
12903534,54,6,-1,-1,7
12908063,8,58,-1,-1,6
12905368,24,32,-1,-1,2
12905501,1,16,-1,-1,5
12897597,18,48,-1,-1,0
12909544,58,8,-1,-1,0
12899849,52,53,-1,-1,3
12896437,7,52,-1,-1,1
12908637,50,34,-1,-1,6
12909757,16,28,-1,-1,5
12906189,39,44,-1,-1,7
12909048,24,47,-1,-1,3
12903918,55,13,-1,-1,3
12907795,49,56,-1,-1,4
12909908,47,40,-1,-1,6
12901335,39,1,-1,-1,4
12903960,3,40,-1,-1,0
12909221,22,11,-1,-1,1
12909398,51,41,-1,-1,2
12904572,7,3,-1,-1,3
12909486,33,38,-1,-1,1
12906603,3,30,-1,-1,3
12906145,13,14,-1,-1,2
12907783,35,47,-1,-1,5
12906667,11,50,-1,-1,0
12907730,14,1,-1,-1,7
12905730,50,7,-1,-1,2
12909160,40,21,-1,-1,4
12906312,49,55,-1,-1,2
12909617,18,38,-1,-1,6
12895938,35,27,-1,-1,1
12909267,54,36,-1,-1,0
12909669,30,4,-1,-1,2
12909280,25,8,-1,-1,7
12908776,12,7,-1,-1,2
12908476,13,6,-1,-1,3
12908708,12,51,-1,-1,5
12905738,58,49,-1,-1,7
12897759,29,40,-1,-1,4
12892946,2,47,-1,-1,1
12907247,4,37,-1,-1,7
12909517,41,20,-1,-1,7
12906929,54,5,-1,-1,1
12898981,25,25,-1,-1,1
12904216,51,7,-1,-1,1
12907180,39,31,-1,-1,1
12909216,32,40,-1,-1,0
12909777,36,4,-1,-1,5
12899553,0,55,-1,-1,3
12910038,49,41,-1,-1,7
12899596,0,48,-1,-1,4
12909200,35,43,-1,-1,1
12908403,25,54,-1,-1,4
12890712,1,51,-1,-1,6
12906902,10,13,-1,-1,6
12908472,14,3,-1,-1,3
12909383,39,22,-1,-1,6
12902119,34,40,-1,-1,4
12897285,52,6,-1,-1,1
12908114,40,52,-1,-1,5
12908473,58,30,-1,-1,6
12899583,15,58,-1,-1,6
12903411,6,42,-1,-1,6
12908812,15,20,-1,-1,4
12908811,52,9,-1,-1,7
12910314,8,29,-1,-1,0
12907187,36,36,-1,-1,6
12898095,57,58,-1,-1,2
12906407,32,45,-1,-1,7
12909771,27,25,-1,-1,7
12909154,6,40,-1,-1,4
12904728,3,58,-1,-1,0
12908342,38,10,-1,-1,4
12894304,0,2,-1,-1,2
12908735,9,0,-1,-1,2
12902301,27,54,-1,-1,2
12905665,58,14,-1,-1,4
12909454,53,39,-1,-1,1
12910199,6,33,-1,-1,2
12909476,16,23,-1,-1,3
12907540,37,46,-1,-1,0
12905375,8,10,-1,-1,5
12899704,19,56,-1,-1,0
12901601,4,40,-1,-1,6
12908992,19,7,-1,-1,3
12910101,53,45,-1,-1,7
12909112,26,9,-1,-1,1
12907413,32,29,-1,-1,4
12909262,9,48,-1,-1,1
12910155,3,3,-1,-1,2
12909365,50,2,-1,-1,3
12902959,6,7,-1,-1,2
12905840,31,46,-1,-1,3
12907763,45,12,-1,-1,6
12909225,20,44,-1,-1,4
12908457,7,39,-1,-1,3
12909815,47,13,-1,-1,3
12907509,23,58,-1,-1,7
12908597,30,47,-1,-1,3
12910343,24,37,-1,-1,6
12907461,12,11,-1,-1,0
12909385,20,19,-1,-1,0
12910216,33,26,-1,-1,5
12908912,58,47,-1,-1,0
12906390,58,41,-1,-1,4
12890702,26,55,-1,-1,6
12906268,35,2,-1,-1,5
12904683,14,51,-1,-1,0
12909832,48,23,-1,-1,5
12907926,50,9,-1,-1,2
12901733,10,15,-1,-1,3
12909952,27,43,-1,-1,1
12910119,19,18,-1,-1,6
12910144,31,44,-1,-1,7
12908848,41,18,-1,-1,3
12906401,11,24,-1,-1,1
12907194,38,50,-1,-1,5
12910383,44,40,-1,-1,5
12904737,46,49,-1,-1,5
12909146,11,23,-1,-1,4
12903665,14,2,-1,-1,4
12905506,6,43,-1,-1,6
12903653,55,24,-1,-1,0
12910228,18,37,-1,-1,6
12905868,15,51,-1,-1,6
12908408,7,24,-1,-1,1
12909694,19,44,-1,-1,5
12893581,2,27,-1,-1,5
12908519,4,19,-1,-1,4
12908048,32,33,-1,-1,4
12904429,52,27,-1,-1,2
12906028,32,9,-1,-1,1
12896683,7,54,-1,-1,7
12909103,14,14,-1,-1,1
12903681,13,38,-1,-1,4
12908505,50,47,-1,-1,3
12909876,18,12,-1,-1,5
12906194,39,26,-1,-1,7
12909698,0,44,-1,-1,3
12908252,48,54,-1,-1,3
12907223,33,13,-1,-1,2
12906460,18,35,-1,-1,7
12903798,13,37,-1,-1,2
12909593,34,46,-1,-1,5
12906155,35,50,-1,-1,4
12906516,58,37,-1,-1,4
12906979,53,41,-1,-1,0
12907262,34,4,-1,-1,4
12905357,42,25,-1,-1,1
12890410,19,3,-1,-1,6
12907410,28,22,-1,-1,1
12909203,56,37,-1,-1,4
12909713,55,39,-1,-1,2
12903093,25,34,-1,-1,7
12909282,56,8,-1,-1,4
12909446,50,53,-1,-1,4
12908485,24,27,-1,-1,2
12908683,52,37,-1,-1,2
12909664,13,22,-1,-1,3
12908374,54,30,-1,-1,2
12906252,33,53,-1,-1,0
12910137,4,23,-1,-1,2
12902930,9,57,-1,-1,1
12910536,19,54,-1,-1,1
12898926,13,53,-1,-1,3
12907354,25,57,-1,-1,3
12896302,15,40,-1,-1,1
12904468,2,46,-1,-1,2
12906374,19,5,-1,-1,4
12902073,21,1,-1,-1,6
12906413,53,6,-1,-1,5
12907663,45,30,-1,-1,4
12899244,30,18,-1,-1,2
12908953,26,12,-1,-1,3
12907627,31,52,-1,-1,3
12889605,18,56,-1,-1,1
12905530,40,24,-1,-1,4
12907100,7,16,-1,-1,3
12905731,20,18,-1,-1,3
12906517,12,33,-1,-1,4
12910279,7,14,-1,-1,7
12907418,2,25,-1,-1,1
12904558,23,57,-1,-1,5
12909854,2,20,-1,-1,4
12897909,5,49,-1,-1,0
12902522,56,6,-1,-1,3
12908194,2,24,-1,-1,6
12905580,45,17,-1,-1,2
12906274,39,58,-1,-1,6
12901907,51,54,-1,-1,2
12909467,0,56,-1,-1,0
12909021,11,1,-1,-1,0
12909097,52,41,-1,-1,7
12910285,7,48,-1,-1,6
12909240,58,25,-1,-1,4
12909327,22,15,-1,-1,6
12909363,23,4,-1,-1,7
12910434,56,15,-1,-1,6
12901815,2,17,-1,-1,5
12903998,15,35,-1,-1,5
12909588,37,31,-1,-1,3
12907687,38,26,-1,-1,0
12909980,5,3,-1,-1,1
12904405,44,8,-1,-1,1
12908780,28,28,-1,-1,0
12908177,38,42,-1,-1,6
12908401,24,35,-1,-1,2
12907333,45,37,-1,-1,1
12909111,38,35,-1,-1,2
12907310,20,9,-1,-1,0
12908118,42,17,-1,-1,4
12907626,47,49,-1,-1,0
12907839,30,43,-1,-1,0
12900237,15,2,-1,-1,5
12910241,18,52,-1,-1,0
12906642,56,55,-1,-1,2
12907205,2,53,-1,-1,3
12904666,26,18,-1,-1,2
12903477,37,22,-1,-1,4
12908300,39,7,-1,-1,2
12908615,46,8,-1,-1,3
12909590,47,36,-1,-1,0
12909213,13,21,-1,-1,7
12908360,37,44,-1,-1,5
12898223,20,40,-1,-1,6
12906760,42,9,-1,-1,6
12910307,17,30,-1,-1,7
12907473,51,34,-1,-1,4
12906838,31,30,-1,-1,6
12910080,20,42,-1,-1,5
12907197,18,20,-1,-1,0
12883593,3,54,-1,-1,7
12909281,24,23,-1,-1,2
12908892,56,47,-1,-1,1
12903204,53,51,-1,-1,2
12893691,36,57,-1,-1,6
12906701,33,22,-1,-1,2
12909464,14,11,-1,-1,0
12908880,26,5,-1,-1,6
12902731,3,52,-1,-1,1
12907670,9,25,-1,-1,3
12907858,44,34,-1,-1,4
12907096,19,1,-1,-1,0
12907923,46,28,-1,-1,3
12896569,41,57,-1,-1,3
12909090,55,11,-1,-1,7
12910127,27,48,-1,-1,7
12909247,0,12,-1,-1,1
12907779,4,34,-1,-1,6
12907973,42,0,-1,-1,6
12907944,49,39,-1,-1,4
12909828,31,9,-1,-1,0
12910506,34,47,-1,-1,6
12909441,49,37,-1,-1,6
12909378,42,57,-1,-1,4
12910526,36,1,-1,-1,6
12908910,31,26,-1,-1,2
12906505,54,24,-1,-1,6
12908963,25,18,-1,-1,3
12906976,8,14,-1,-1,0
12909603,46,51,-1,-1,7
12909973,36,47,-1,-1,3
12889968,21,51,-1,-1,5
12910419,7,11,-1,-1,3
12909734,8,1,-1,-1,5
12906822,38,11,-1,-1,3
12904713,19,45,-1,-1,4
12910278,29,33,-1,-1,7
12908596,31,40,-1,-1,0
12907859,46,17,-1,-1,6
12909340,13,1,-1,-1,1
12905478,25,42,-1,-1,2
12906655,26,19,-1,-1,3
12909616,8,53,-1,-1,7
12907282,39,29,-1,-1,7
12904485,34,48,-1,-1,7
12910322,19,28,-1,-1,5
12897336,48,1,-1,-1,1
12904273,2,12,-1,-1,0
12897141,33,2,-1,-1,1
12906294,10,16,-1,-1,1
12909023,38,14,-1,-1,7
12909375,44,32,-1,-1,0
12901823,13,12,-1,-1,0
12903705,26,42,-1,-1,6
12908361,32,15,-1,-1,5
12907361,49,25,-1,-1,1
12909855,19,30,-1,-1,5
12906502,11,30,-1,-1,5
12905582,3,24,-1,-1,4
12909947,54,43,-1,-1,6
12906555,56,1,-1,-1,5
12907030,5,56,-1,-1,2
12908641,27,32,-1,-1,5
12909212,37,19,-1,-1,7
12908480,12,31,-1,-1,5
12909781,25,35,-1,-1,2
12907386,54,44,-1,-1,5
12906908,53,25,-1,-1,7
12900159,4,41,-1,-1,4
12910003,34,25,-1,-1,7
12908794,51,31,-1,-1,4
12910195,7,45,-1,-1,0
12908921,15,11,-1,-1,2
12907522,58,24,-1,-1,7
12907313,16,38,-1,-1,3
12908365,44,49,-1,-1,1
12907865,31,32,-1,-1,4
12908106,23,21,-1,-1,7
12909294,47,17,-1,-1,4
12909753,58,0,-1,-1,4
12908173,48,55,-1,-1,4
12909821,3,41,-1,-1,0
12905790,15,56,-1,-1,3
12908510,40,1,-1,-1,0
12908865,5,11,-1,-1,7
12907848,18,10,-1,-1,7
12909779,50,31,-1,-1,5
12905889,17,25,-1,-1,2
12907027,44,17,-1,-1,1
12909883,17,10,-1,-1,2
12897858,53,53,-1,-1,7
12908386,13,48,-1,-1,1
12907193,55,31,-1,-1,5
12902512,31,16,-1,-1,6
12908946,48,7,-1,-1,7
12899327,19,25,-1,-1,5
12910363,31,31,-1,-1,6
12904882,13,43,-1,-1,2
12908831,51,5,-1,-1,7
12910510,28,27,-1,-1,5
12906357,44,54,-1,-1,6
12903559,49,11,-1,-1,5
12905578,29,42,-1,-1,7
12910215,4,20,-1,-1,1
12902341,53,13,-1,-1,4
12909433,30,2,-1,-1,0
12909626,53,26,-1,-1,0
12909715,45,4,-1,-1,6
12908922,50,51,-1,-1,1
12875103,0,58,-1,-1,2
12907472,44,23,-1,-1,1
12906429,54,51,-1,-1,4
12905741,49,30,-1,-1,3
12908035,6,38,-1,-1,7
12910277,57,47,-1,-1,3
12910479,46,56,-1,-1,6
12893408,15,46,-1,-1,5
12910202,57,53,-1,-1,3
12907395,22,32,-1,-1,5
12908747,36,46,-1,-1,2
12901024,4,26,-1,-1,6
12910193,46,34,-1,-1,6
12902693,17,46,-1,-1,7
12909643,47,14,-1,-1,6
12900983,27,37,-1,-1,7
12908137,46,44,-1,-1,3
12908069,26,58,-1,-1,1
12906826,29,31,-1,-1,7
12906623,56,57,-1,-1,5
12909858,44,30,-1,-1,5
12902826,33,0,-1,-1,3
12906719,52,32,-1,-1,7
12898370,2,11,-1,-1,2
12901509,23,26,-1,-1,2
12906597,31,33,-1,-1,7
12908277,27,5,-1,-1,3
12909341,9,54,-1,-1,0
12910335,1,23,-1,-1,2
12909691,53,28,-1,-1,2
12903036,45,45,-1,-1,3
12898262,55,44,-1,-1,3
12907707,24,38,-1,-1,2
12910254,32,3,-1,-1,1
12910308,45,54,-1,-1,0
12909552,3,50,-1,-1,2
12910507,24,11,-1,-1,1
12909078,54,3,-1,-1,7
12908701,48,37,-1,-1,0
12908758,3,44,-1,-1,7
12909413,14,49,-1,-1,5
12908058,7,36,-1,-1,1
12909567,45,39,-1,-1,2
12905932,19,31,-1,-1,4
12909507,46,37,-1,-1,4
12909825,58,10,-1,-1,7
12906748,26,26,-1,-1,3
12892541,57,36,-1,-1,0
12908067,10,24,-1,-1,4
12910452,23,3,-1,-1,2
12910464,43,34,-1,-1,0
12909364,35,33,-1,-1,7
12904736,3,20,-1,-1,1
12908181,8,15,-1,-1,0
12910076,38,37,-1,-1,5
12907877,7,29,-1,-1,7
12908201,53,48,-1,-1,4
12908271,49,16,-1,-1,4
12898378,40,51,-1,-1,0
12910252,39,42,-1,-1,0
12897465,50,17,-1,-1,0
12908779,56,41,-1,-1,6
12910130,31,45,-1,-1,3
12909889,1,11,-1,-1,2
12907933,3,21,-1,-1,0
12902302,6,15,-1,-1,1
12910223,43,18,-1,-1,5
12908218,17,57,-1,-1,0
12902391,37,6,-1,-1,6
12907057,32,19,-1,-1,0
12908814,9,2,-1,-1,7
12909495,37,18,-1,-1,2
12906279,48,6,-1,-1,6
12903032,34,7,-1,-1,3
12908160,28,15,-1,-1,7
12906235,30,50,-1,-1,6
12906658,7,41,-1,-1,3
12909275,43,57,-1,-1,4
12907399,47,7,-1,-1,5
12903595,41,28,-1,-1,5
12910313,3,11,-1,-1,3
12902434,19,51,-1,-1,7
12909471,20,47,-1,-1,5
12906576,18,51,-1,-1,4
12903177,11,29,-1,-1,1
12910185,41,37,-1,-1,7
12910212,12,5,-1,-1,3
12909040,5,12,-1,-1,2
12910436,35,15,-1,-1,0
12905891,23,7,-1,-1,1
12909673,29,48,-1,-1,7
12908720,49,44,-1,-1,5
12900054,49,53,-1,-1,5
12898255,12,40,-1,-1,1
12904434,6,2,-1,-1,0
12908824,55,46,-1,-1,1
12902917,36,58,-1,-1,0
12902583,23,43,-1,-1,7
12904912,21,10,-1,-1,6
12903591,40,58,-1,-1,1
12899946,0,26,-1,-1,4
12909345,21,32,-1,-1,1
12897168,35,0,-1,-1,3
12907678,13,4,-1,-1,3
12910010,38,41,-1,-1,4
12910009,7,43,-1,-1,1
12909559,38,18,-1,-1,1
12906077,4,42,-1,-1,7
12906977,55,35,-1,-1,6
12909417,44,42,-1,-1,7
12905975,12,43,-1,-1,6
12908957,32,24,-1,-1,7
12909435,19,49,-1,-1,7
12910437,18,8,-1,-1,6
12910002,14,42,-1,-1,6
12908091,20,24,-1,-1,3
12903542,18,29,-1,-1,3
12906046,8,23,-1,-1,7
12900725,6,35,-1,-1,5
12910473,39,46,-1,-1,4
12908518,43,32,-1,-1,2
12907244,39,43,-1,-1,1
12893067,9,37,-1,-1,2
12908066,23,13,-1,-1,7
12908555,0,18,-1,-1,0
12906538,58,34,-1,-1,5
12910518,29,46,-1,-1,3
12906383,12,29,-1,-1,5
12908139,22,5,-1,-1,0
12907799,38,24,-1,-1,2
12909450,49,57,-1,-1,2
12904397,56,5,-1,-1,5
12904543,4,54,-1,-1,4
12909977,5,40,-1,-1,7
12910027,24,34,-1,-1,4
12909833,53,44,-1,-1,0
12910172,19,50,-1,-1,2
12905456,2,54,-1,-1,7
12897181,28,43,-1,-1,0
12908186,3,1,-1,-1,0
12908676,13,32,-1,-1,4
12902379,51,4,-1,-1,6
12906833,46,47,-1,-1,5
12908950,28,14,-1,-1,3
12903892,54,53,-1,-1,5
12910409,16,5,-1,-1,7
12909782,12,12,-1,-1,2
12908356,0,43,-1,-1,3
12904527,20,25,-1,-1,6
12908236,38,30,-1,-1,4
12907669,36,24,-1,-1,5
12906190,31,21,-1,-1,5
12885856,0,17,-1,-1,0
12886037,3,49,-1,-1,4
12908677,35,36,-1,-1,6
12909640,33,45,-1,-1,2
12910312,31,0,-1,-1,3
12910020,14,55,-1,-1,1
12905057,52,33,-1,-1,5
12903506,23,33,-1,-1,1
12908727,30,56,-1,-1,7
12895461,28,56,-1,-1,4
12897123,50,56,-1,-1,4
12908199,11,39,-1,-1,4
12909742,6,17,-1,-1,0
12910113,13,11,-1,-1,0
12905099,36,29,-1,-1,4
12903729,53,43,-1,-1,3
12909116,52,50,-1,-1,3
12907243,18,31,-1,-1,4
12905570,15,19,-1,-1,5
12907023,16,26,-1,-1,0
12903986,33,18,-1,-1,3
12906948,33,15,-1,-1,6
12906884,18,1,-1,-1,7
12909063,37,41,-1,-1,7
12908872,19,0,-1,-1,2
12909333,22,8,-1,-1,1
12909775,19,39,-1,-1,2
12908458,1,24,-1,-1,6
12909303,38,6,-1,-1,2
12905156,7,28,-1,-1,1
12902991,18,39,-1,-1,5
12905569,30,7,-1,-1,3
12909964,30,5,-1,-1,5
12909015,40,9,-1,-1,5
12905222,28,54,-1,-1,5
12904692,32,53,-1,-1,5
12908540,11,40,-1,-1,4
12909871,51,3,-1,-1,1
12902519,5,50,-1,-1,4
12909152,23,5,-1,-1,4
12908459,16,27,-1,-1,6
12909072,58,56,-1,-1,7
12898691,41,16,-1,-1,0
12907449,26,31,-1,-1,1
12906409,20,11,-1,-1,1
12907462,4,31,-1,-1,2
12909329,30,29,-1,-1,6
12909555,32,31,-1,-1,5
12908991,45,47,-1,-1,1
12906911,6,3,-1,-1,2
12910306,58,3,-1,-1,7
12909372,56,45,-1,-1,4
12907477,29,54,-1,-1,1
12909504,41,52,-1,-1,5
12906350,35,37,-1,-1,2
12910253,49,26,-1,-1,7
12906518,31,42,-1,-1,0
12906653,45,52,-1,-1,1
12908340,45,24,-1,-1,1
12906850,37,13,-1,-1,1
12887033,34,56,-1,-1,6
12910366,57,24,-1,-1,5
12910321,28,1,-1,-1,6
12907428,42,19,-1,-1,7
12910153,28,37,-1,-1,7
12908341,32,0,-1,-1,2
12908909,29,10,-1,-1,2
12902066,16,1,-1,-1,0
12907208,41,44,-1,-1,3
12908482,19,38,-1,-1,1
12909641,34,24,-1,-1,0
12907036,53,29,-1,-1,0
12890299,10,37,-1,-1,2
12906983,16,31,-1,-1,6
12905989,28,38,-1,-1,4
12909842,32,39,-1,-1,2
12908098,39,55,-1,-1,5
12909007,50,8,-1,-1,0
12910161,45,49,-1,-1,0
12909469,47,46,-1,-1,7
12910103,29,1,-1,-1,7
12909836,44,50,-1,-1,3
12908933,15,38,-1,-1,0
12910394,31,29,-1,-1,5
12908705,1,21,-1,-1,0
12895748,33,58,-1,-1,0
12909352,35,9,-1,-1,3
12907544,8,48,-1,-1,0
12902199,16,49,-1,-1,2
12900766,30,21,-1,-1,7
12904856,14,33,-1,-1,1
12909687,14,18,-1,-1,6
12910034,17,39,-1,-1,6
12910337,50,23,-1,-1,6
12909295,16,8,-1,-1,0
12910165,16,41,-1,-1,4
12908979,54,56,-1,-1,4
12908141,43,28,-1,-1,4
12910288,52,51,-1,-1,6
12902190,23,34,-1,-1,2
12909996,42,32,-1,-1,0
12904645,10,39,-1,-1,0
12909575,38,15,-1,-1,4
12909173,1,32,-1,-1,7
12909199,14,16,-1,-1,3
12908568,9,7,-1,-1,2
12909342,34,54,-1,-1,7
12909194,26,29,-1,-1,7
12910299,47,5,-1,-1,3
12907431,4,7,-1,-1,6
12909741,5,9,-1,-1,6
12887858,25,56,-1,-1,2
12903782,21,36,-1,-1,4
12896439,11,56,-1,-1,0
12909369,54,19,-1,-1,4
12907628,38,51,-1,-1,7
12909992,37,57,-1,-1,1
12910403,27,2,-1,-1,6
12910008,46,35,-1,-1,2
12901749,55,36,-1,-1,0
12909349,15,26,-1,-1,2
12908902,13,45,-1,-1,0
12897710,8,38,-1,-1,4
12909909,27,31,-1,-1,1
12909006,37,58,-1,-1,6
12909025,19,9,-1,-1,2
12903212,44,38,-1,-1,2
12901243,2,26,-1,-1,7
12907635,50,13,-1,-1,2
12910450,25,16,-1,-1,4
12908498,24,5,-1,-1,1
12908960,36,37,-1,-1,0
12910471,21,13,-1,-1,6
12906847,0,21,-1,-1,4
12908802,34,32,-1,-1,5
12908087,20,32,-1,-1,0
12902618,39,8,-1,-1,6
12898917,8,49,-1,-1,4
12908574,58,40,-1,-1,4
12899874,14,46,-1,-1,6
12899605,35,53,-1,-1,5
12909903,28,5,-1,-1,1
12908796,36,7,-1,-1,3
12898841,22,49,-1,-1,7
12899838,40,53,-1,-1,5
12910463,41,22,-1,-1,1
12910375,56,4,-1,-1,7
12910176,5,1,-1,-1,4
12909911,45,11,-1,-1,3
12908174,42,41,-1,-1,3
12909907,42,44,-1,-1,0
12906490,18,49,-1,-1,3
12909489,18,21,-1,-1,7
12907021,18,57,-1,-1,0
12905929,46,22,-1,-1,6
12910414,27,8,-1,-1,3
12907961,24,17,-1,-1,5
12910106,39,27,-1,-1,0
12903987,18,45,-1,-1,7
12897996,10,22,-1,-1,7
12904467,15,31,-1,-1,7
12909565,35,25,-1,-1,4
12910069,1,27,-1,-1,6
12908913,29,55,-1,-1,5
12908350,9,17,-1,-1,1
12908287,31,22,-1,-1,3
12909697,29,29,-1,-1,4
12901333,9,26,-1,-1,1
12905239,54,50,-1,-1,5
12903114,2,28,-1,-1,5
12909556,29,23,-1,-1,7
12909109,14,39,-1,-1,7
12898862,9,46,-1,-1,5
12902630,18,18,-1,-1,2
12893604,15,42,-1,-1,0
12909183,28,17,-1,-1,4
12896138,34,58,-1,-1,7
12909022,35,16,-1,-1,6
12903457,29,7,-1,-1,0
12900568,20,23,-1,-1,5
12910031,37,47,-1,-1,0
12902345,55,16,-1,-1,0
12886211,11,51,-1,-1,6
12896186,1,56,-1,-1,4
12907512,35,7,-1,-1,0
12908189,42,53,-1,-1,4
12909338,54,55,-1,-1,5
12908709,57,33,-1,-1,6
12900103,53,24,-1,-1,2
12903744,18,44,-1,-1,2
12907684,30,3,-1,-1,0
12908217,53,17,-1,-1,0
12908928,21,3,-1,-1,1
12908838,10,0,-1,-1,5
12904289,21,54,-1,-1,7
12908626,16,44,-1,-1,7
12910255,9,14,-1,-1,7
12909456,27,34,-1,-1,1
12903221,29,44,-1,-1,4
12910257,54,20,-1,-1,2
12906994,51,30,-1,-1,6
12908228,13,49,-1,-1,6
12903848,29,18,-1,-1,2
12905915,40,2,-1,-1,7
12910143,32,23,-1,-1,2
12907076,16,21,-1,-1,4
12906009,49,43,-1,-1,4
12909994,7,13,-1,-1,3
12909572,45,19,-1,-1,4
12899554,7,7,-1,-1,5
12903846,11,49,-1,-1,6
12905670,21,45,-1,-1,1
12904015,27,15,-1,-1,5
12909306,35,19,-1,-1,0
12904826,7,35,-1,-1,7
12908716,51,42,-1,-1,3
12908020,35,32,-1,-1,7
12907641,52,13,-1,-1,7
12910247,27,19,-1,-1,3
12910386,24,49,-1,-1,4
12909165,51,14,-1,-1,3
12908286,55,8,-1,-1,5
12909938,44,1,-1,-1,6
12910500,27,27,-1,-1,7
12909534,17,33,-1,-1,5
12907157,2,4,-1,-1,5
12900662,7,33,-1,-1,3
12910229,20,2,-1,-1,2
12910126,36,23,-1,-1,4
12910211,35,35,-1,-1,7
12906764,33,47,-1,-1,4
12907568,46,41,-1,-1,2
12908948,15,33,-1,-1,1
12907882,36,30,-1,-1,0
12895397,11,0,-1,-1,5
12905507,38,12,-1,-1,7
12908944,10,26,-1,-1,1
12899333,8,46,-1,-1,3
12910294,47,58,-1,-1,1
12902284,52,38,-1,-1,1
12908221,12,8,-1,-1,4
12905450,6,26,-1,-1,5
12903237,41,1,-1,-1,7
12890534,8,41,-1,-1,3
12906481,54,39,-1,-1,1
12908059,46,14,-1,-1,6
12907394,27,26,-1,-1,2
12904880,49,42,-1,-1,6
12909798,17,9,-1,-1,4
12901859,24,53,-1,-1,1
12908820,13,46,-1,-1,0
12907519,30,8,-1,-1,1
12907647,57,49,-1,-1,0
12910485,39,21,-1,-1,3
12908750,21,11,-1,-1,7
12907980,22,35,-1,-1,0
12910349,57,11,-1,-1,6
12902998,47,3,-1,-1,5
12903248,55,34,-1,-1,5
12909444,39,30,-1,-1,6
12892316,27,47,-1,-1,1
12907273,17,22,-1,-1,5
12907935,40,57,-1,-1,7
12906921,15,23,-1,-1,0
12910503,44,31,-1,-1,4
12909394,53,50,-1,-1,2
12906858,9,47,-1,-1,7
12906965,55,6,-1,-1,6
12904649,28,50,-1,-1,5
12908208,35,40,-1,-1,1
12909155,35,57,-1,-1,2
12909527,2,40,-1,-1,7
12908093,36,2,-1,-1,5
12908169,38,4,-1,-1,4
12908366,7,20,-1,-1,5
12906406,57,8,-1,-1,0
12910007,58,4,-1,-1,4
12908507,51,37,-1,-1,1
12907165,35,41,-1,-1,5
12908362,51,17,-1,-1,6
12907637,43,19,-1,-1,1
12907750,32,52,-1,-1,1
12909135,55,47,-1,-1,6
12910431,25,49,-1,-1,4
12909037,28,19,-1,-1,7
12907236,12,41,-1,-1,5
12909943,2,48,-1,-1,3
12900008,11,54,-1,-1,1
12907960,5,23,-1,-1,6
12908288,41,14,-1,-1,3
12907966,39,49,-1,-1,2
12907957,28,7,-1,-1,1
12909955,45,44,-1,-1,5
12907908,14,28,-1,-1,0
12906340,12,9,-1,-1,5
12903253,0,10,-1,-1,3
12910453,42,45,-1,-1,6
12903459,27,36,-1,-1,6
12907028,8,51,-1,-1,3
12900946,8,19,-1,-1,3
12909729,38,40,-1,-1,1
12905518,15,48,-1,-1,2
12906752,50,28,-1,-1,7
12909953,5,46,-1,-1,5
12910420,18,33,-1,-1,5
12907984,14,43,-1,-1,1
12907145,48,14,-1,-1,0
12909402,22,19,-1,-1,6
12901636,19,6,-1,-1,4
12910263,8,47,-1,-1,0
12905805,57,13,-1,-1,6
12910399,14,44,-1,-1,0
12910222,4,10,-1,-1,4
12909676,26,21,-1,-1,4
12899000,2,2,-1,-1,0
12904777,1,52,-1,-1,2
12905603,16,47,-1,-1,6
12907377,58,2,-1,-1,4
12908495,44,6,-1,-1,2
12910494,39,24,-1,-1,6
12908306,3,14,-1,-1,3
12893872,51,19,-1,-1,4
12910189,28,23,-1,-1,1
12907852,14,29,-1,-1,1
12897533,26,20,-1,-1,4
12904083,48,24,-1,-1,0
12910497,56,27,-1,-1,5
12909778,33,28,-1,-1,4
12901764,8,26,-1,-1,3
12903977,48,56,-1,-1,1
12909543,40,41,-1,-1,2
12909115,22,57,-1,-1,1
12908437,56,14,-1,-1,3
12902659,17,56,-1,-1,4
12898139,58,35,-1,-1,5
12905032,17,17,-1,-1,1
12903168,29,9,-1,-1,0
12905223,18,26,-1,-1,2
12900316,5,37,-1,-1,5
12908723,22,28,-1,-1,2
12908642,34,44,-1,-1,6
12904843,2,0,-1,-1,6
12906981,17,27,-1,-1,1
12906473,1,46,-1,-1,0
12909926,23,8,-1,-1,7
12910441,43,1,-1,-1,7
12909443,19,21,-1,-1,3
12905863,17,19,-1,-1,5
12904268,44,58,-1,-1,2
12906459,33,39,-1,-1,7
12899467,11,25,-1,-1,1
12907163,49,22,-1,-1,1
12910251,33,5,-1,-1,6
12907564,41,30,-1,-1,5
12906123,7,32,-1,-1,7
12909141,26,16,-1,-1,4
12909397,22,30,-1,-1,2
12905950,57,5,-1,-1,2
12908521,8,40,-1,-1,1
12910347,41,35,-1,-1,0
12908204,21,33,-1,-1,2
12889771,13,52,-1,-1,7
12909935,31,25,-1,-1,2
12909326,1,29,-1,-1,6
12909971,9,10,-1,-1,5
12910214,35,5,-1,-1,3
12905983,44,5,-1,-1,4
12910287,11,52,-1,-1,3
12905367,30,25,-1,-1,5
12905291,3,22,-1,-1,1
12905211,15,14,-1,-1,5
12909716,0,22,-1,-1,2
12909813,34,5,-1,-1,4
12907429,33,43,-1,-1,6
12907869,33,37,-1,-1,3
12909042,23,49,-1,-1,1
12902215,8,52,-1,-1,7
12909458,19,15,-1,-1,7
12907840,22,43,-1,-1,4
12909355,46,33,-1,-1,1
12908565,51,27,-1,-1,6
12901160,31,12,-1,-1,5
12896796,20,54,-1,-1,7
12909915,41,53,-1,-1,7
12897878,31,2,-1,-1,7
12907931,34,2,-1,-1,0
12906542,25,5,-1,-1,3
12910504,24,39,-1,-1,1
12901516,22,55,-1,-1,2
12905395,50,3,-1,-1,1
12909202,36,53,-1,-1,5
12908719,25,10,-1,-1,7
12908619,14,15,-1,-1,6
12906400,12,19,-1,-1,5
12905283,40,22,-1,-1,3
12908101,6,0,-1,-1,3
12904303,14,27,-1,-1,1
12905978,39,51,-1,-1,7
12909878,56,23,-1,-1,5
12909226,45,28,-1,-1,0
12909962,50,26,-1,-1,1
12908321,4,36,-1,-1,0
12908600,30,32,-1,-1,0
12873827,53,4,-1,-1,3
12908736,51,10,-1,-1,4
12902307,36,0,-1,-1,6
12906935,56,31,-1,-1,5
12909481,0,32,-1,-1,4
12902598,43,3,-1,-1,4
12910432,33,29,-1,-1,1
12909773,43,17,-1,-1,5
12899773,5,51,-1,-1,7
12907172,26,49,-1,-1,6
12907332,52,31,-1,-1,0
12904605,48,20,-1,-1,0
12903550,32,17,-1,-1,3
12909754,51,36,-1,-1,5
12908849,27,0,-1,-1,5
12907061,18,6,-1,-1,5
12901520,56,56,-1,-1,1
12906557,22,51,-1,-1,4
12908402,46,15,-1,-1,5
12907406,55,2,-1,-1,7
12909852,16,25,-1,-1,3
12907565,15,12,-1,-1,4
12907367,9,56,-1,-1,5
12902692,56,22,-1,-1,7
12909149,8,2,-1,-1,7
12908649,14,26,-1,-1,3
12910019,45,33,-1,-1,0
12905965,6,49,-1,-1,2
12908092,54,7,-1,-1,4
12910173,36,42,-1,-1,1
12904617,1,4,-1,-1,6
12908835,0,19,-1,-1,4
12909391,39,20,-1,-1,2
12906920,15,29,-1,-1,5
12904646,7,6,-1,-1,1
12907688,30,14,-1,-1,6
12902694,35,51,-1,-1,2
12909785,10,21,-1,-1,4
12880434,8,55,-1,-1,5
12909732,35,31,-1,-1,6
12906993,54,38,-1,-1,6
12905071,43,0,-1,-1,6
12902012,30,48,-1,-1,7
12895388,12,55,-1,-1,3
12909291,33,41,-1,-1,4
12905297,30,16,-1,-1,4
12909257,56,24,-1,-1,7
12908784,18,32,-1,-1,5
12894973,55,7,-1,-1,6
12910083,56,3,-1,-1,2
12906770,31,54,-1,-1,0
12910451,54,1,-1,-1,1
12902239,0,52,-1,-1,2
12909148,12,14,-1,-1,3
12910373,50,6,-1,-1,2
12905826,15,27,-1,-1,5
12906585,52,24,-1,-1,6
12909848,44,36,-1,-1,3
12904407,8,18,-1,-1,6
12907543,10,8,-1,-1,6
12905382,4,30,-1,-1,5
12909918,41,56,-1,-1,5
12905411,7,27,-1,-1,0
12908381,17,35,-1,-1,1
12910275,38,5,-1,-1,5
12909571,51,2,-1,-1,3
12906086,17,41,-1,-1,6
12907906,53,42,-1,-1,3
12902562,8,34,-1,-1,2
12908857,43,40,-1,-1,6
12906802,56,44,-1,-1,4
12895894,0,25,-1,-1,2
12909817,41,27,-1,-1,5
12893777,8,12,-1,-1,7
12909998,33,4,-1,-1,0
12908470,35,18,-1,-1,0
12909981,7,19,-1,-1,3
12910402,42,24,-1,-1,3
12907113,22,36,-1,-1,5
12908743,20,13,-1,-1,0
12905217,41,17,-1,-1,3
12910072,30,38,-1,-1,5
12904491,27,7,-1,-1,7
12905295,45,1,-1,-1,1
12908368,28,46,-1,-1,0
12909642,6,1,-1,-1,6
12908449,1,0,-1,-1,2
12910346,50,54,-1,-1,5
12906778,25,43,-1,-1,6
12909088,35,13,-1,-1,4
12910401,26,17,-1,-1,1
12901058,53,7,-1,-1,7
12906004,18,58,-1,-1,6
12907888,10,31,-1,-1,6
12910469,47,21,-1,-1,4
12910421,49,34,-1,-1,3
12906986,28,40,-1,-1,1
12909706,29,37,-1,-1,1
12910301,44,20,-1,-1,7
12904748,9,28,-1,-1,0
12910447,43,43,-1,-1,1
12907536,32,38,-1,-1,4
12909061,8,8,-1,-1,3
12909738,39,13,-1,-1,2
12910341,6,16,-1,-1,3
12910371,49,28,-1,-1,0
12910174,29,32,-1,-1,2
12907993,19,14,-1,-1,4
12909536,48,13,-1,-1,7
12904064,38,56,-1,-1,2
12906185,50,52,-1,-1,2
12909178,15,53,-1,-1,3
12907531,31,4,-1,-1,0
12909220,39,18,-1,-1,2
12910017,35,11,-1,-1,4
12908734,0,30,-1,-1,0
12903476,18,13,-1,-1,1
12907390,6,34,-1,-1,7
12904244,44,2,-1,-1,2
12910218,53,54,-1,-1,4
12910520,13,8,-1,-1,1
12909974,27,10,-1,-1,0
12910197,9,24,-1,-1,2
12908607,54,9,-1,-1,6
12901100,4,39,-1,-1,5
12908353,19,42,-1,-1,2
12909163,57,41,-1,-1,2
12905698,50,37,-1,-1,5
12905759,3,17,-1,-1,3
12908825,34,18,-1,-1,1
12907705,53,57,-1,-1,5
12909219,37,23,-1,-1,0
12901108,49,46,-1,-1,7
12910364,11,15,-1,-1,7
12908810,54,14,-1,-1,0
12909500,36,41,-1,-1,4
12907484,49,14,-1,-1,1
12905716,26,23,-1,-1,1
12908703,55,40,-1,-1,7
12903323,32,18,-1,-1,3
12908603,4,35,-1,-1,1
12907834,35,52,-1,-1,3
12909465,6,25,-1,-1,3
12910532,12,28,-1,-1,7
12906795,47,26,-1,-1,5
12909371,14,36,-1,-1,5
12905646,37,48,-1,-1,1
12906048,46,58,-1,-1,2
12908866,40,26,-1,-1,4
12909901,44,15,-1,-1,3
12905311,26,0,-1,-1,4
12908993,37,25,-1,-1,7
12909924,15,41,-1,-1,5
12907803,28,42,-1,-1,1
12906970,44,7,-1,-1,2
12906673,57,52,-1,-1,5
12905555,28,47,-1,-1,3
12903245,17,54,-1,-1,3
12907260,29,13,-1,-1,0
12890816,10,49,-1,-1,3
12910296,26,48,-1,-1,3
12904684,21,24,-1,-1,2
12907994,49,47,-1,-1,2
12909310,33,16,-1,-1,0
12904134,3,10,-1,-1,0
12907631,34,17,-1,-1,3
12908634,11,13,-1,-1,3
12909513,33,52,-1,-1,2
12910192,9,12,-1,-1,4
12899514,6,58,-1,-1,0
12903694,39,2,-1,-1,0
12910095,41,46,-1,-1,1
12907954,32,6,-1,-1,3
12903507,7,2,-1,-1,5
12908062,30,44,-1,-1,3
12901989,5,54,-1,-1,6
12906261,1,14,-1,-1,6
12909930,9,1,-1,-1,7
12906348,30,40,-1,-1,1
12906975,1,38,-1,-1,4
12909506,20,56,-1,-1,1
12910276,17,51,-1,-1,4
12904708,13,24,-1,-1,1
12908471,21,16,-1,-1,7
12909868,31,7,-1,-1,3
12904043,17,53,-1,-1,7
12904009,3,36,-1,-1,6
12909424,54,40,-1,-1,4
12906753,10,51,-1,-1,4
12909701,22,13,-1,-1,0
12909874,46,39,-1,-1,3
12910059,1,45,-1,-1,4
12908769,56,18,-1,-1,7
12903688,12,38,-1,-1,5
12905816,38,49,-1,-1,0
12905525,37,53,-1,-1,2
12906846,52,15,-1,-1,1
12909004,49,0,-1,-1,3
12909086,0,38,-1,-1,2
12903844,4,3,-1,-1,7
12907181,16,46,-1,-1,2
12910036,14,0,-1,-1,2
12907850,13,47,-1,-1,1
12909853,36,11,-1,-1,2
12903629,6,13,-1,-1,7
12905317,17,36,-1,-1,5
12907563,23,6,-1,-1,4
12891565,1,30,-1,-1,4
12910169,13,10,-1,-1,7
12910413,21,6,-1,-1,0
12907810,28,33,-1,-1,1
12906351,45,6,-1,-1,2
12909279,52,20,-1,-1,4
12906960,21,42,-1,-1,7
12908918,17,40,-1,-1,4
12907861,48,33,-1,-1,4
12909584,19,23,-1,-1,0
12897583,31,56,-1,-1,6
12909348,20,26,-1,-1,7
12907158,16,6,-1,-1,7
12898045,55,45,-1,-1,3
12908363,51,53,-1,-1,3
12909314,0,13,-1,-1,3
12910440,26,14,-1,-1,7
12904773,38,19,-1,-1,3
12909645,5,45,-1,-1,3
12908294,45,31,-1,-1,3
12903268,24,43,-1,-1,3
12896175,55,3,-1,-1,0
12908900,49,40,-1,-1,1
12908081,8,36,-1,-1,7
12903649,12,10,-1,-1,4
12908844,25,13,-1,-1,2
12906724,42,18,-1,-1,7
12909057,13,30,-1,-1,7
12909830,52,4,-1,-1,1
12904535,9,29,-1,-1,4
12910274,55,4,-1,-1,4
12905896,33,27,-1,-1,6
12910361,43,51,-1,-1,3
12909510,7,37,-1,-1,3
12909622,50,0,-1,-1,4
12910160,10,50,-1,-1,4
12909743,16,52,-1,-1,7
12908817,53,23,-1,-1,2
12909422,45,21,-1,-1,1
12909071,20,37,-1,-1,1
12905723,43,23,-1,-1,1
12898810,9,45,-1,-1,4
12906006,43,58,-1,-1,0
12903359,47,52,-1,-1,7
12909917,21,21,-1,-1,1
12892152,56,30,-1,-1,1
12905103,33,17,-1,-1,5
12906079,1,18,-1,-1,5
12906149,21,56,-1,-1,7
12907032,54,28,-1,-1,3
12908901,51,32,-1,-1,2
12906848,3,23,-1,-1,3
12910289,16,9,-1,-1,5
12907595,23,31,-1,-1,2
12908661,4,1,-1,-1,0
12908414,34,33,-1,-1,5
12895867,49,9,-1,-1,3
12906382,15,50,-1,-1,3
12909748,9,19,-1,-1,0
12905870,28,29,-1,-1,3
12910168,22,16,-1,-1,3
12908257,5,55,-1,-1,7
12909835,46,32,-1,-1,3
12907494,30,52,-1,-1,6
12907584,42,1,-1,-1,0
12910424,47,50,-1,-1,4
12902404,39,41,-1,-1,0
12910417,37,16,-1,-1,4
12910131,29,41,-1,-1,3
12910293,26,25,-1,-1,6
12906499,31,43,-1,-1,5
12909301,43,6,-1,-1,3
12910499,50,46,-1,-1,2
12907351,24,0,-1,-1,4
12909081,25,40,-1,-1,2
12905153,30,54,-1,-1,6
12909344,33,42,-1,-1,3
12908508,55,55,-1,-1,7
12909252,9,50,-1,-1,1
12910326,47,2,-1,-1,5
12910135,25,33,-1,-1,7
12906987,58,32,-1,-1,0
12903106,58,12,-1,-1,6
12904384,25,46,-1,-1,1
12909360,53,22,-1,-1,5
12908567,21,9,-1,-1,5
12909592,30,37,-1,-1,7
12908982,29,12,-1,-1,4
12909631,13,55,-1,-1,2
12907167,55,19,-1,-1,5
12908016,28,11,-1,-1,5
12907656,49,12,-1,-1,6
12907561,5,0,-1,-1,5
12909554,52,21,-1,-1,1
12910047,17,50,-1,-1,1
12908247,29,11,-1,-1,3
12903699,30,1,-1,-1,7
12910481,0,41,-1,-1,2
12908707,43,35,-1,-1,1
12905339,56,50,-1,-1,5
12909278,50,27,-1,-1,6
12907422,37,51,-1,-1,0
12905486,41,42,-1,-1,1
12909036,13,5,-1,-1,6
12909263,36,40,-1,-1,0
12910042,40,42,-1,-1,4
12906772,30,10,-1,-1,0
12909514,18,2,-1,-1,4
12908120,40,4,-1,-1,3
12901915,46,57,-1,-1,7
12908644,47,35,-1,-1,1
12895252,58,38,-1,-1,0
12910167,37,7,-1,-1,7
12910045,44,35,-1,-1,2
12907162,24,48,-1,-1,2
12909034,30,55,-1,-1,2
12910062,22,41,-1,-1,7
12909667,48,38,-1,-1,4
12910457,17,44,-1,-1,4
12906959,47,44,-1,-1,3
12902365,33,3,-1,-1,6
12906997,3,48,-1,-1,7
12907499,39,37,-1,-1,5
12903223,57,44,-1,-1,5
12909987,48,12,-1,-1,7
12909128,30,12,-1,-1,4
12908955,33,19,-1,-1,0
12907442,0,39,-1,-1,4
12910240,21,15,-1,-1,6
12910182,28,21,-1,-1,0
12908060,56,20,-1,-1,6
12907801,13,26,-1,-1,4
12910245,46,53,-1,-1,7
12910530,57,42,-1,-1,6
12910178,41,39,-1,-1,1
12895138,5,5,-1,-1,4
12908733,48,3,-1,-1,6
12910283,47,32,-1,-1,7
12909654,5,26,-1,-1,4
12902130,6,30,-1,-1,2
12907826,24,58,-1,-1,2
12906670,54,12,-1,-1,6
12907505,33,40,-1,-1,2
12909299,18,16,-1,-1,3
12907636,31,19,-1,-1,7
12909767,46,21,-1,-1,4
12910226,2,5,-1,-1,3
12907915,27,45,-1,-1,0
12909499,48,29,-1,-1,5
12898083,35,58,-1,-1,7
12910051,45,10,-1,-1,2
12906931,46,13,-1,-1,0
12907425,12,50,-1,-1,7
12907147,1,13,-1,-1,3
12909722,39,48,-1,-1,3
12903909,4,25,-1,-1,0
12903933,50,49,-1,-1,1
12901078,21,5,-1,-1,0
12905025,21,55,-1,-1,2
12908037,29,47,-1,-1,2
12902534,16,48,-1,-1,7
12910327,40,32,-1,-1,1
12908631,30,17,-1,-1,7
12902249,58,7,-1,-1,7
12908105,4,8,-1,-1,1
12909139,11,11,-1,-1,1
12908154,32,49,-1,-1,0
12910227,55,32,-1,-1,2
12907651,1,25,-1,-1,6
12908601,55,10,-1,-1,4
12906916,9,18,-1,-1,2
12907902,20,22,-1,-1,3
12909223,29,4,-1,-1,0
12906072,0,29,-1,-1,4
12909991,26,11,-1,-1,0
12906562,41,34,-1,-1,6
12907471,39,47,-1,-1,2
12909997,11,16,-1,-1,5
12908446,27,55,-1,-1,5
12910397,27,41,-1,-1,4
12909106,21,57,-1,-1,5
12908427,24,12,-1,-1,6
12909578,2,56,-1,-1,5
12910122,43,2,-1,-1,6
12909248,57,22,-1,-1,6
12894107,32,16,-1,-1,3
12910502,29,17,-1,-1,0
12908926,25,32,-1,-1,6
12906811,46,19,-1,-1,5
12909864,9,30,-1,-1,2
12908557,6,37,-1,-1,2
12901431,11,28,-1,-1,6
12899738,8,39,-1,-1,6
12909597,52,57,-1,-1,4
12907706,51,16,-1,-1,7
12907609,3,18,-1,-1,4
12909401,26,24,-1,-1,6
12905750,14,20,-1,-1,2
12899053,57,9,-1,-1,0
12908783,41,13,-1,-1,7
12909801,22,4,-1,-1,4
12904267,29,2,-1,-1,0
12909179,50,35,-1,-1,5
12909328,53,32,-1,-1,2
12896206,6,9,-1,-1,1
12909164,57,30,-1,-1,1
12902355,2,23,-1,-1,6
12908585,19,10,-1,-1,0
12910334,43,39,-1,-1,1
12904982,44,4,-1,-1,0
12910477,47,43,-1,-1,4
12903662,32,30,-1,-1,4
12908846,48,44,-1,-1,3
12887314,52,45,-1,-1,7
12905994,27,52,-1,-1,2
12906919,45,41,-1,-1,7
12908686,22,9,-1,-1,4
12910339,50,25,-1,-1,0
12903037,12,57,-1,-1,0
12904791,25,29,-1,-1,0
12904573,50,39,-1,-1,4
12910524,26,32,-1,-1,6
12909318,45,13,-1,-1,0
12889634,25,12,-1,-1,4
12905313,0,50,-1,-1,4
12907411,36,13,-1,-1,4
12908899,38,48,-1,-1,6
12910359,9,13,-1,-1,1
12903525,27,13,-1,-1,0
12897514,32,5,-1,-1,7
12907972,44,0,-1,-1,6
12909046,51,0,-1,-1,6
12909837,39,50,-1,-1,0
12903031,15,57,-1,-1,5
12894325,10,45,-1,-1,1
12897933,27,49,-1,-1,5
12906839,54,47,-1,-1,5
12905550,45,16,-1,-1,1
12907701,7,55,-1,-1,0
12904936,22,6,-1,-1,1
12902275,50,18,-1,-1,5
12884817,6,5,-1,-1,6
12905945,32,54,-1,-1,4
12910531,19,17,-1,-1,1
12908882,56,53,-1,-1,7
12909549,22,27,-1,-1,0
12909493,43,16,-1,-1,5
12910030,43,54,-1,-1,7
12910097,15,17,-1,-1,4
12910533,33,35,-1,-1,2
12908237,33,20,-1,-1,5
12908041,4,27,-1,-1,0
12908034,30,33,-1,-1,4
12906206,2,33,-1,-1,0
12909893,39,32,-1,-1,7
12907326,8,16,-1,-1,2
12910522,57,17,-1,-1,4
12906638,8,11,-1,-1,3
12908790,31,5,-1,-1,7
12909755,32,4,-1,-1,4
12905536,15,18,-1,-1,2
12901500,5,29,-1,-1,7
12909809,50,12,-1,-1,4
12910316,36,18,-1,-1,6
12905470,51,1,-1,-1,4
12910324,23,25,-1,-1,2
12909126,1,33,-1,-1,0
12908190,47,12,-1,-1,5
12909585,3,32,-1,-1,4
12907134,55,48,-1,-1,0
12909553,48,26,-1,-1,2
12908497,45,0,-1,-1,3
12898998,9,55,-1,-1,0
12902815,25,37,-1,-1,7
12907280,16,39,-1,-1,6
12906023,27,9,-1,-1,4
12904296,0,8,-1,-1,1
12909423,35,39,-1,-1,6
12898241,13,0,-1,-1,3
12909251,23,24,-1,-1,1
12910162,39,38,-1,-1,1
12908989,38,27,-1,-1,2
12908862,42,43,-1,-1,3
12910286,52,3,-1,-1,5
12910365,52,47,-1,-1,2
12909787,48,58,-1,-1,6
12902059,8,27,-1,-1,4
12905585,36,54,-1,-1,7
12910090,21,17,-1,-1,0
12909130,19,35,-1,-1,0
12908673,8,43,-1,-1,5
12908004,12,39,-1,-1,4
12905087,42,49,-1,-1,0
12909711,52,12,-1,-1,4
12903006,53,19,-1,-1,4
12908318,58,16,-1,-1,5
12909633,27,20,-1,-1,4
12910320,5,25,-1,-1,7
12909689,15,15,-1,-1,1
12906755,47,15,-1,-1,7
12903136,11,32,-1,-1,5
12902712,55,29,-1,-1,2
12905642,21,34,-1,-1,1
12906034,54,17,-1,-1,6
12906991,34,3,-1,-1,5
12909414,48,36,-1,-1,0
12910338,30,9,-1,-1,7
12908461,23,39,-1,-1,4
12907033,20,55,-1,-1,0
12902005,48,46,-1,-1,3
12908316,24,2,-1,-1,5
12899217,55,52,-1,-1,7
12909851,47,24,-1,-1,7
12908907,10,20,-1,-1,5
12906286,23,30,-1,-1,1
12907469,41,31,-1,-1,2
12907196,2,57,-1,-1,6
12909466,24,26,-1,-1,2
12909595,11,42,-1,-1,3
12908586,0,45,-1,-1,1
12909143,24,57,-1,-1,0
12905274,29,57,-1,-1,0
12905392,18,47,-1,-1,7
12902060,1,34,-1,-1,3
12905573,37,52,-1,-1,0
12908667,33,55,-1,-1,0
12905393,3,38,-1,-1,6
12908538,46,4,-1,-1,6
12907502,35,3,-1,-1,2
12904532,36,33,-1,-1,2
12896655,32,27,-1,-1,2
12909999,31,27,-1,-1,4
12909503,4,52,-1,-1,7
12909312,36,45,-1,-1,7
12906540,39,52,-1,-1,6
12910099,41,26,-1,-1,6
12909087,21,29,-1,-1,5
12909826,29,15,-1,-1,5
12909065,11,21,-1,-1,0
12909107,40,16,-1,-1,4
12904343,57,46,-1,-1,2
12909606,34,22,-1,-1,2
12910205,9,52,-1,-1,0
12907501,22,46,-1,-1,5
12909430,10,29,-1,-1,0
12903725,12,23,-1,-1,2
12909210,39,11,-1,-1,0
12908163,9,49,-1,-1,2
12909931,28,48,-1,-1,1
12906532,32,57,-1,-1,5
12909066,43,38,-1,-1,5
12909639,44,14,-1,-1,3
12901153,30,57,-1,-1,0
12903625,49,32,-1,-1,2
12906665,7,17,-1,-1,1
12908622,34,49,-1,-1,4
12909105,49,23,-1,-1,1
12905875,57,34,-1,-1,6
12909018,58,15,-1,-1,0
12909373,25,1,-1,-1,1
12909162,47,48,-1,-1,1
12907272,1,49,-1,-1,6
12908001,19,12,-1,-1,1
12905911,3,26,-1,-1,0
12908504,51,51,-1,-1,6
12909958,38,25,-1,-1,5
12907213,26,41,-1,-1,2
12909803,56,7,-1,-1,0
12906586,44,56,-1,-1,0
12905268,9,31,-1,-1,5
12908798,20,0,-1,-1,2
12909532,5,43,-1,-1,0
12909070,25,47,-1,-1,5
12908422,1,42,-1,-1,2
12909217,47,31,-1,-1,7
12907991,27,51,-1,-1,6
12909535,49,18,-1,-1,7
12899927,58,21,-1,-1,5
12901701,3,34,-1,-1,2
12908273,29,26,-1,-1,7
12908697,40,31,-1,-1,3
12909902,9,36,-1,-1,2
12909038,52,11,-1,-1,1
12901493,52,2,-1,-1,4
12906988,25,0,-1,-1,2
12902958,12,32,-1,-1,0
12909245,20,16,-1,-1,6
12904237,46,26,-1,-1,4
12907092,39,9,-1,-1,3
12905767,14,47,-1,-1,4
12893289,41,58,-1,-1,0
12909457,23,16,-1,-1,3
12899364,9,44,-1,-1,2
12909395,44,3,-1,-1,6
12897702,10,41,-1,-1,2
12909811,33,48,-1,-1,1
12910111,13,41,-1,-1,6
12906579,58,13,-1,-1,0
12900533,15,25,-1,-1,4
12902707,43,24,-1,-1,2
12908711,46,5,-1,-1,4
12908806,7,44,-1,-1,3
12909283,9,27,-1,-1,3
12906068,36,27,-1,-1,6
12903749,51,58,-1,-1,2
12909483,8,7,-1,-1,6
12903857,29,34,-1,-1,6
12908144,52,8,-1,-1,4
12906244,37,21,-1,-1,2
12907229,12,56,-1,-1,5
12908861,23,53,-1,-1,6
12909764,23,56,-1,-1,7
12901025,4,55,-1,-1,7
12909073,23,19,-1,-1,3
12910086,49,36,-1,-1,7
12903751,29,25,-1,-1,2
12906876,5,22,-1,-1,2
12909316,44,28,-1,-1,3
12910389,47,38,-1,-1,5
12908704,52,40,-1,-1,2
12907414,6,27,-1,-1,0
12904721,6,20,-1,-1,6
12910124,14,56,-1,-1,3
12908031,12,1,-1,-1,7
12909525,14,58,-1,-1,7
12905662,58,58,-1,-1,6
12909766,32,47,-1,-1,3
12904487,6,28,-1,-1,0
12897085,53,56,-1,-1,6
12906711,25,9,-1,-1,3
12909934,40,38,-1,-1,7
12904046,54,4,-1,-1,6
12909627,34,9,-1,-1,7
12908612,48,5,-1,-1,2
12907775,47,22,-1,-1,2
12906491,19,53,-1,-1,5
12900006,22,29,-1,-1,4
12908032,15,44,-1,-1,6
12905680,12,45,-1,-1,2
12908839,57,0,-1,-1,6
12907257,48,25,-1,-1,4
12909770,10,11,-1,-1,5
12910094,34,42,-1,-1,1
12909863,16,22,-1,-1,6
12908379,43,7,-1,-1,6
12902041,22,2,-1,-1,3
12907350,36,52,-1,-1,2
12903433,41,21,-1,-1,4
12903479,40,7,-1,-1,3
12908460,42,5,-1,-1,6
12910393,11,3,-1,-1,5
12910392,48,28,-1,-1,3
12906211,16,19,-1,-1,4
12904295,4,2,-1,-1,0
12905867,18,30,-1,-1,2
12909879,43,44,-1,-1,1
12905558,6,29,-1,-1,5
12909508,43,56,-1,-1,6
12898881,9,40,-1,-1,6
12910525,51,18,-1,-1,0
12909563,17,2,-1,-1,7
12909551,55,22,-1,-1,7
12899630,13,50,-1,-1,4
12909451,38,23,-1,-1,3
12909763,46,18,-1,-1,0
12901528,26,8,-1,-1,0
12910496,41,40,-1,-1,4
12909437,40,18,-1,-1,1
12908303,39,16,-1,-1,7
12908563,13,23,-1,-1,5
12900807,22,3,-1,-1,4
12908491,23,12,-1,-1,3
12909406,56,35,-1,-1,1
12909260,35,24,-1,-1,1
12909579,56,26,-1,-1,6
12909623,54,35,-1,-1,3
12907813,36,17,-1,-1,3
12908310,42,15,-1,-1,2
12909906,17,58,-1,-1,1
12908630,22,34,-1,-1,6
12906816,1,15,-1,-1,5
12905673,41,0,-1,-1,6
12908522,55,14,-1,-1,6
12907951,51,9,-1,-1,2
12909862,47,33,-1,-1,0
12903577,28,10,-1,-1,5
12906566,42,34,-1,-1,5
12905636,19,36,-1,-1,2
12903522,31,3,-1,-1,6
12907281,3,8,-1,-1,4
12910201,37,33,-1,-1,2
12908391,20,6,-1,-1,1
12909758,41,36,-1,-1,3
12894698,6,31,-1,-1,5
12906142,57,2,-1,-1,3
12907820,17,37,-1,-1,6
12910410,4,24,-1,-1,7
12908961,4,17,-1,-1,6
12908079,2,51,-1,-1,5
12907720,39,4,-1,-1,6
12909951,1,58,-1,-1,0
12909719,15,45,-1,-1,4
12908526,23,54,-1,-1,1
12892554,28,58,-1,-1,6
12908515,22,17,-1,-1,0
12906915,33,33,-1,-1,2
12906527,50,44,-1,-1,0
12907726,49,48,-1,-1,1
12900924,50,21,-1,-1,7
12904766,56,52,-1,-1,3
12907579,3,16,-1,-1,0
12908917,44,44,-1,-1,4
12907653,2,36,-1,-1,3
12909776,21,23,-1,-1,3
12909761,4,29,-1,-1,5
12907822,21,4,-1,-1,1
12910150,10,7,-1,-1,6
12910376,29,39,-1,-1,0
12906784,22,26,-1,-1,4
12909420,5,33,-1,-1,7
12908289,38,0,-1,-1,3
12908816,34,35,-1,-1,1
12909124,52,52,-1,-1,1
12910089,43,52,-1,-1,5
12905967,47,45,-1,-1,0
12908197,50,30,-1,-1,6
12905480,23,38,-1,-1,7
12906730,12,58,-1,-1,6
12910091,25,55,-1,-1,5
12908715,2,18,-1,-1,0
12908440,38,17,-1,-1,7
12907952,45,51,-1,-1,3
12910213,39,34,-1,-1,3
12910467,12,48,-1,-1,1
12909381,48,34,-1,-1,6
12904883,30,30,-1,-1,4
12902553,57,16,-1,-1,4
12906967,1,47,-1,-1,2
12910489,50,50,-1,-1,4
12908970,46,9,-1,-1,3
12910340,45,57,-1,-1,2
12908801,15,10,-1,-1,3
12909400,37,55,-1,-1,7
12908447,29,27,-1,-1,2
12909693,52,35,-1,-1,6
12906485,30,31,-1,-1,6
12909780,1,9,-1,-1,5
12910427,35,44,-1,-1,5
12909511,54,27,-1,-1,7
12910166,22,48,-1,-1,7
12908854,24,8,-1,-1,3
12909496,54,8,-1,-1,1
12909016,2,50,-1,-1,5
12902848,46,23,-1,-1,5
12910298,41,5,-1,-1,3
12908625,51,20,-1,-1,4
12906611,2,58,-1,-1,7
12908317,27,40,-1,-1,0
12897589,7,38,-1,-1,7
12903348,25,24,-1,-1,5
12910534,11,6,-1,-1,2
12910461,49,54,-1,-1,1
12909011,27,57,-1,-1,2
12901836,34,50,-1,-1,5
12909838,20,14,-1,-1,1
12908224,22,25,-1,-1,0
12909882,20,33,-1,-1,4
12901087,20,58,-1,-1,0
12908028,40,19,-1,-1,7
12907664,5,53,-1,-1,1
12909287,48,21,-1,-1,3
12909538,49,51,-1,-1,6
12898557,40,0,-1,-1,6
12908741,56,28,-1,-1,3
12903503,18,14,-1,-1,4
12908541,29,50,-1,-1,1
12910033,8,44,-1,-1,5
12908636,49,29,-1,-1,2
12909629,36,26,-1,-1,0
12908819,36,28,-1,-1,0
12901158,11,20,-1,-1,6
12907897,51,23,-1,-1,3
12901978,25,50,-1,-1,3
12910514,42,42,-1,-1,0
12905316,13,56,-1,-1,4
12905346,49,1,-1,-1,3
12910415,27,42,-1,-1,1
12903273,11,58,-1,-1,0
12906735,35,21,-1,-1,2
12901356,58,1,-1,-1,0
12909570,18,40,-1,-1,0
12908813,0,42,-1,-1,0
12910061,3,2,-1,-1,2
12907097,26,13,-1,-1,2
12900093,45,5,-1,-1,2
12909638,27,22,-1,-1,7
12908326,44,18,-1,-1,0
12910456,16,12,-1,-1,7
12910207,45,35,-1,-1,7
12909888,25,45,-1,-1,0
12893139,5,47,-1,-1,5
12903240,28,20,-1,-1,3
12907276,17,52,-1,-1,4
12904228,55,20,-1,-1,5
12905942,53,1,-1,-1,5
12908424,50,40,-1,-1,5
12908732,53,33,-1,-1,6
12907662,48,27,-1,-1,7
12908903,9,23,-1,-1,7
12894890,50,1,-1,-1,6
12906457,0,31,-1,-1,1
12909726,37,56,-1,-1,3
12906726,20,49,-1,-1,6
12909436,45,46,-1,-1,7
12887988,8,30,-1,-1,1
12900536,11,35,-1,-1,1
12906201,26,39,-1,-1,5
12907445,52,42,-1,-1,4
12901282,4,44,-1,-1,3
12907876,12,30,-1,-1,7
12906779,51,21,-1,-1,2
12908512,34,19,-1,-1,3
12906442,11,4,-1,-1,2
12905183,18,36,-1,-1,5
12909812,4,43,-1,-1,3
12908315,6,19,-1,-1,7
12910209,18,55,-1,-1,4
12905441,50,58,-1,-1,2
12909725,17,24,-1,-1,5
12909760,34,36,-1,-1,3
12900518,13,29,-1,-1,7
12909557,52,29,-1,-1,4
12900195,58,23,-1,-1,4
12908911,49,13,-1,-1,3
12895616,48,2,-1,-1,5
12909153,24,52,-1,-1,7
12908180,35,49,-1,-1,4
12906433,54,48,-1,-1,1
12909956,28,18,-1,-1,7
12904619,30,22,-1,-1,5
12910152,25,27,-1,-1,2
12910492,35,42,-1,-1,1
12910527,26,33,-1,-1,2
12902577,10,1,-1,-1,4
12910498,26,40,-1,-1,2
12903804,38,1,-1,-1,0
12907402,6,48,-1,-1,2
12906985,57,55,-1,-1,7
12910014,34,11,-1,-1,5
12903546,55,51,-1,-1,1
12905701,13,19,-1,-1,4
12909255,46,50,-1,-1,6
12909321,49,21,-1,-1,2
12909652,22,50,-1,-1,6
12898047,22,33,-1,-1,2
12910529,25,6,-1,-1,7
12909256,16,55,-1,-1,5
12899527,44,10,-1,-1,5
12909304,44,12,-1,-1,4
12910149,21,25,-1,-1,0
12905454,16,56,-1,-1,6
12905200,39,35,-1,-1,5
12909728,27,24,-1,-1,4
12909531,38,47,-1,-1,2
12909127,42,51,-1,-1,5
12906496,1,22,-1,-1,7
12907806,18,25,-1,-1,0
12908670,30,19,-1,-1,7
12909696,31,34,-1,-1,5
12908349,46,42,-1,-1,4
12906828,4,9,-1,-1,2
12904824,5,18,-1,-1,0
12909594,13,36,-1,-1,1
12909362,51,25,-1,-1,1
12910416,22,7,-1,-1,0
12907078,11,26,-1,-1,3
12909434,46,55,-1,-1,7
12909659,13,27,-1,-1,4
12909099,31,37,-1,-1,3
12902510,11,43,-1,-1,5
12910468,27,38,-1,-1,2
12909611,18,4,-1,-1,1
12908351,13,9,-1,-1,1
12903816,53,55,-1,-1,7
12907604,22,54,-1,-1,3
12910422,43,41,-1,-1,3
12907424,37,8,-1,-1,5
12906362,7,1,-1,-1,1
12896701,1,48,-1,-1,6
12910358,53,18,-1,-1,1
12909581,31,48,-1,-1,1
12910225,26,57,-1,-1,3
12900770,3,53,-1,-1,2
12909707,9,51,-1,-1,7
12910370,34,29,-1,-1,2
12908042,47,27,-1,-1,6
12902548,5,32,-1,-1,7
12909990,14,50,-1,-1,2
12903598,32,36,-1,-1,3
12908580,14,8,-1,-1,6
12909914,44,33,-1,-1,7
12908994,26,54,-1,-1,1
12909101,57,40,-1,-1,6
12908698,38,29,-1,-1,0
12907925,38,22,-1,-1,5
12903911,31,39,-1,-1,7
12909533,23,47,-1,-1,7
12907786,44,45,-1,-1,5
12910012,42,35,-1,-1,0
12898042,18,5,-1,-1,3
12910480,44,25,-1,-1,7
12907400,51,56,-1,-1,4
12908411,24,25,-1,-1,7
12904096,46,48,-1,-1,2
12902524,16,54,-1,-1,3
12908845,33,9,-1,-1,5
12909942,44,27,-1,-1,0
12908618,38,57,-1,-1,2
12900821,8,13,-1,-1,3
12910374,37,30,-1,-1,7
12908978,17,4,-1,-1,6
12908454,29,21,-1,-1,0
12895016,22,20,-1,-1,4
12905497,5,15,-1,-1,4
12910070,1,57,-1,-1,3
12907562,46,40,-1,-1,4
12909823,19,26,-1,-1,3
12908270,47,55,-1,-1,6
12909695,32,10,-1,-1,7
12908421,23,14,-1,-1,5
12903458,53,10,-1,-1,3
12908710,37,54,-1,-1,5
12888273,5,17,-1,-1,2
12904905,52,25,-1,-1,0
12906563,47,20,-1,-1,1
12909936,6,39,-1,-1,1
12905334,12,42,-1,-1,0
12910120,1,26,-1,-1,6
12906934,36,48,-1,-1,2
12909788,38,52,-1,-1,2
12910295,57,1,-1,-1,5
12909866,46,16,-1,-1,1
12907714,42,21,-1,-1,6
12910159,31,17,-1,-1,6
12909498,46,36,-1,-1,2
12910348,48,57,-1,-1,0
12907077,48,35,-1,-1,6
12907185,37,36,-1,-1,2
12908658,54,22,-1,-1,7
12902914,21,27,-1,-1,4
12908914,57,37,-1,-1,4
12910281,11,17,-1,-1,2
12909429,43,36,-1,-1,1
12902384,51,46,-1,-1,1
12908077,31,8,-1,-1,2
12910465,11,22,-1,-1,1
12904142,27,39,-1,-1,6
12909224,44,29,-1,-1,1
12902015,49,6,-1,-1,3
12900771,11,38,-1,-1,0
12910067,14,12,-1,-1,5
12886032,43,5,-1,-1,7
12899943,32,41,-1,-1,3
12908347,23,44,-1,-1,0
12905433,45,20,-1,-1,5
12908833,48,41,-1,-1,4
12902263,21,40,-1,-1,2
12904892,17,3,-1,-1,7
12905605,8,45,-1,-1,7
12909387,44,22,-1,-1,7
12908488,28,32,-1,-1,7
12908695,26,34,-1,-1,1
12903549,5,2,-1,-1,7
12908805,51,43,-1,-1,5
12906689,32,22,-1,-1,2
12910385,41,49,-1,-1,1
12904464,1,19,-1,-1,3
12905195,56,0,-1,-1,4
12909208,48,47,-1,-1,7
12904489,22,31,-1,-1,1
12907378,42,27,-1,-1,7
12907306,47,8,-1,-1,4
12904160,51,40,-1,-1,2
12908869,53,9,-1,-1,5
12906857,14,40,-1,-1,5
12910352,46,11,-1,-1,1
12906737,31,10,-1,-1,2
12908583,43,31,-1,-1,6
12907116,1,10,-1,-1,2
12908500,30,53,-1,-1,6
12907723,25,26,-1,-1,5
12909542,43,37,-1,-1,7
12899219,26,37,-1,-1,5
12908333,22,56,-1,-1,2
12909104,58,44,-1,-1,7
12905522,2,16,-1,-1,4
12909966,52,16,-1,-1,6
12907855,40,43,-1,-1,7
12905263,20,29,-1,-1,0
12906568,7,26,-1,-1,0
12905515,2,3,-1,-1,0
12909678,33,51,-1,-1,7
12906743,40,54,-1,-1,5
12906648,29,16,-1,-1,6
12910087,25,7,-1,-1,3
12910523,54,21,-1,-1,6
12904364,26,50,-1,-1,2
12909894,35,17,-1,-1,1
12908647,33,14,-1,-1,0
12907650,12,3,-1,-1,2
12903763,2,22,-1,-1,0
12904751,23,51,-1,-1,0
12897629,50,14,-1,-1,1
12907452,34,43,-1,-1,7
12904790,51,35,-1,-1,4
12902078,8,22,-1,-1,7
12904059,7,25,-1,-1,0
12907015,39,54,-1,-1,6
12909867,15,30,-1,-1,7
12902869,42,29,-1,-1,4
12903195,39,39,-1,-1,3
12902559,32,1,-1,-1,0
12909204,53,34,-1,-1,4
12908966,56,49,-1,-1,7
12910302,54,0,-1,-1,5
12908573,10,14,-1,-1,4
12907532,11,19,-1,-1,1
12904961,53,58,-1,-1,2
12905828,47,9,-1,-1,3
12907792,8,9,-1,-1,3
12904458,5,31,-1,-1,7
12909970,28,45,-1,-1,2
12910077,40,13,-1,-1,7
12907968,30,36,-1,-1,0
12906995,12,54,-1,-1,5
12909311,3,25,-1,-1,0
12889014,7,58,-1,-1,2
12909869,19,40,-1,-1,5
12908240,50,15,-1,-1,2
12895658,50,32,-1,-1,7
12906671,17,29,-1,-1,1
12903894,56,32,-1,-1,0
12908469,37,3,-1,-1,2
12910093,5,4,-1,-1,1
12902743,22,47,-1,-1,2
12910115,30,26,-1,-1,5
12909968,32,7,-1,-1,7
12898968,0,6,-1,-1,1
12909094,3,27,-1,-1,3
12908324,20,34,-1,-1,3
12908284,21,58,-1,-1,0
12907176,15,32,-1,-1,3
12904741,13,42,-1,-1,4
12910024,36,34,-1,-1,5
12909672,11,9,-1,-1,0
12910508,54,13,-1,-1,6
12908389,17,8,-1,-1,6
12909566,40,15,-1,-1,5
12906250,4,28,-1,-1,4
12907348,14,48,-1,-1,4
12908448,9,22,-1,-1,3
12909870,23,22,-1,-1,0
12910345,45,27,-1,-1,4
12910035,31,23,-1,-1,7
12905198,35,10,-1,-1,6
12901371,26,44,-1,-1,6
12903576,21,26,-1,-1,7
12906512,21,8,-1,-1,3
12909412,57,51,-1,-1,7
12907614,47,10,-1,-1,4
12910291,12,25,-1,-1,3
12908599,47,42,-1,-1,0
12907518,46,25,-1,-1,4
12905749,55,42,-1,-1,0
12910186,56,46,-1,-1,3
12910378,20,27,-1,-1,4
12906933,36,19,-1,-1,7
12907327,38,43,-1,-1,7
12907460,35,54,-1,-1,3
12908815,21,12,-1,-1,1
12905369,32,12,-1,-1,7
12908242,27,1,-1,-1,1
12909384,31,58,-1,-1,6
12910125,25,44,-1,-1,2
12909574,16,43,-1,-1,1
12909615,10,56,-1,-1,5
12905179,24,1,-1,-1,0
12909646,26,38,-1,-1,5
12908378,21,7,-1,-1,4
12908210,26,45,-1,-1,7
12905625,6,14,-1,-1,2
12909949,36,31,-1,-1,3
12907704,31,6,-1,-1,6
12900747,0,14,-1,-1,4
12910181,10,17,-1,-1,0
12906759,0,37,-1,-1,4
12906161,42,31,-1,-1,7
12910040,39,33,-1,-1,1
12908022,50,5,-1,-1,5
12907012,13,54,-1,-1,7
12908377,40,44,-1,-1,6
12892200,5,58,-1,-1,2
12905645,27,21,-1,-1,1
12908746,0,28,-1,-1,4
12903394,28,30,-1,-1,0
12910319,39,57,-1,-1,4
12908138,35,14,-1,-1,3
12909059,42,22,-1,-1,0
12906602,25,4,-1,-1,6
12910273,34,14,-1,-1,1
12906546,51,11,-1,-1,1
12899624,24,28,-1,-1,7
12908532,46,1,-1,-1,0
12904681,5,52,-1,-1,5
12908253,15,22,-1,-1,4
12910046,13,31,-1,-1,7
12906942,56,40,-1,-1,3
12908396,47,53,-1,-1,4
12909166,34,57,-1,-1,1
12910448,18,43,-1,-1,6
12910354,51,26,-1,-1,2
12909601,16,53,-1,-1,0
12910121,48,22,-1,-1,5
12905643,9,4,-1,-1,4
12895459,57,7,-1,-1,6
12903041,20,57,-1,-1,5
12906087,43,20,-1,-1,6
12909963,5,21,-1,-1,3
12909682,12,16,-1,-1,0
12908493,7,34,-1,-1,2
12907736,44,26,-1,-1,3
12902970,6,10,-1,-1,0
12910407,45,38,-1,-1,7
12910466,40,45,-1,-1,1
12901985,33,6,-1,-1,0
12906408,55,0,-1,-1,6
12908651,7,12,-1,-1,4
12909537,42,8,-1,-1,7
12909181,41,38,-1,-1,3
12909367,13,3,-1,-1,6
12910110,7,49,-1,-1,1
12906593,27,16,-1,-1,1
12910470,17,12,-1,-1,3
12907366,41,24,-1,-1,5
12909415,28,24,-1,-1,3
12907458,35,38,-1,-1,5
12900816,15,43,-1,-1,0
12910043,17,23,-1,-1,3
12902271,10,54,-1,-1,6
12908562,45,23,-1,-1,7
12909895,43,48,-1,-1,5
12909820,20,10,-1,-1,2
12908076,15,0,-1,-1,2
12910184,20,8,-1,-1,2
12909841,49,19,-1,-1,1
12909875,57,50,-1,-1,1
12908664,9,39,-1,-1,6
12908985,38,38,-1,-1,7
12909769,26,46,-1,-1,1
12910244,25,30,-1,-1,0
12907904,20,21,-1,-1,2
12906035,41,8,-1,-1,5
12910210,14,54,-1,-1,6
12904245,1,40,-1,-1,5
12908331,35,22,-1,-1,0
12899110,10,35,-1,-1,2
12909411,17,32,-1,-1,5
12909618,24,14,-1,-1,7
12902912,43,47,-1,-1,6
12908499,26,27,-1,-1,3
12909635,21,18,-1,-1,7
12907988,39,5,-1,-1,1
12906439,55,41,-1,-1,2
12906588,17,26,-1,-1,3
12906329,8,50,-1,-1,3
12907729,40,17,-1,-1,4
12908131,18,9,-1,-1,5
12907909,47,47,-1,-1,6
12905561,4,16,-1,-1,4
12900765,4,32,-1,-1,6
12905845,46,43,-1,-1,6
12909684,50,57,-1,-1,7
12906669,6,46,-1,-1,0
12905463,9,42,-1,-1,4
12907220,51,28,-1,-1,3
12909346,1,50,-1,-1,4
12905674,1,35,-1,-1,7
12907938,22,22,-1,-1,0
12906754,50,41,-1,-1,1
12905319,47,1,-1,-1,3
12905337,1,2,-1,-1,6
12909677,38,46,-1,-1,5
12907756,24,24,-1,-1,1
12902673,6,4,-1,-1,7
12908162,30,23,-1,-1,0
12907889,28,44,-1,-1,0
12907478,54,41,-1,-1,5
12910191,40,39,-1,-1,1
12909586,6,54,-1,-1,1
12910114,34,27,-1,-1,5
12907073,24,19,-1,-1,3
12907661,44,57,-1,-1,7
12910138,46,52,-1,-1,2
12903955,24,3,-1,-1,7
12905301,8,35,-1,-1,1
12909824,4,45,-1,-1,0
12895503,0,9,-1,-1,0
12908888,29,49,-1,-1,1
12907843,19,33,-1,-1,2
12909989,18,46,-1,-1,1
12900932,37,45,-1,-1,2
12906725,37,0,-1,-1,6
12908012,34,41,-1,-1,2
12908231,35,26,-1,-1,1
12909818,11,36,-1,-1,5
12910238,19,29,-1,-1,2
12908947,9,33,-1,-1,0
12908216,38,32,-1,-1,1
12906325,47,18,-1,-1,0
12906652,43,13,-1,-1,2
12898344,4,4,-1,-1,7
12910000,11,5,-1,-1,1
12907253,14,19,-1,-1,2
12910147,16,45,-1,-1,2
12905484,14,22,-1,-1,2
12904552,5,57,-1,-1,6
12907914,23,29,-1,-1,2
12909009,21,46,-1,-1,4
12910433,44,46,-1,-1,1
12910050,33,36,-1,-1,4
12909792,3,42,-1,-1,4
12896543,11,45,-1,-1,5
12910336,50,29,-1,-1,5
12908827,16,58,-1,-1,0
12909276,24,45,-1,-1,6
12907738,0,4,-1,-1,2
12908627,7,31,-1,-1,6
12892604,25,52,-1,-1,6
12908140,44,19,-1,-1,3
12909709,58,9,-1,-1,7
12908426,31,57,-1,-1,0
12909031,12,34,-1,-1,1
12910380,34,31,-1,-1,6
12906040,11,8,-1,-1,1
12907338,2,7,-1,-1,4
12910495,16,17,-1,-1,1
12902174,13,40,-1,-1,5
12909724,47,57,-1,-1,2
12908652,10,5,-1,-1,1
12909560,20,12,-1,-1,0
12903881,19,55,-1,-1,1
12909546,52,56,-1,-1,6
12908416,7,5,-1,-1,2
12910132,1,1,-1,-1,5
12901064,33,21,-1,-1,5
12909625,23,23,-1,-1,7
12908073,42,6,-1,-1,5
12910236,40,55,-1,-1,4
12901317,12,6,-1,-1,3
12909607,40,46,-1,-1,5
12899810,17,42,-1,-1,2
12905069,54,32,-1,-1,2
12910511,19,24,-1,-1,7
12908789,3,15,-1,-1,5
12909793,10,48,-1,-1,7
12901717,0,3,-1,-1,4
12902900,33,10,-1,-1,0
12905792,41,51,-1,-1,4
12909912,5,24,-1,-1,1
12903482,9,58,-1,-1,2
12908575,54,11,-1,-1,4
12905751,56,25,-1,-1,0
12908558,10,33,-1,-1,2
12909191,17,21,-1,-1,6
12904807,9,3,-1,-1,2
12907095,49,31,-1,-1,6
12910482,40,23,-1,-1,2
12905608,26,47,-1,-1,6
12906572,0,33,-1,-1,0
12907474,11,47,-1,-1,7
12909967,6,36,-1,-1,0
12909266,17,15,-1,-1,3
12908296,11,18,-1,-1,5
12909872,5,30,-1,-1,5
12908008,37,15,-1,-1,1
12908412,43,42,-1,-1,5
12899478,19,48,-1,-1,5
12908629,7,10,-1,-1,7
12907079,58,28,-1,-1,4
12904192,15,52,-1,-1,3
12906492,7,46,-1,-1,0
12910081,44,53,-1,-1,6
12908939,4,48,-1,-1,2
12910329,9,6,-1,-1,1
12907982,28,9,-1,-1,1
12907837,43,25,-1,-1,0
12910325,37,42,-1,-1,3
12904510,51,50,-1,-1,0
12910435,46,20,-1,-1,3
12904738,15,34,-1,-1,2
12910206,30,28,-1,-1,0
12908413,40,28,-1,-1,6
12906450,0,54,-1,-1,4
12908373,57,20,-1,-1,2
12898640,21,50,-1,-1,0
12903387,31,53,-1,-1,0
12900137,2,21,-1,-1,4
12908616,38,31,-1,-1,3
12907814,16,36,-1,-1,2
12908853,29,5,-1,-1,0
12906695,42,54,-1,-1,1
12898146,13,44,-1,-1,2
12909339,14,9,-1,-1,2
12910429,27,4,-1,-1,7
12910092,5,28,-1,-1,3
12908951,57,28,-1,-1,5
12907638,44,43,-1,-1,4
12899939,4,22,-1,-1,4
12907708,9,41,-1,-1,2
12909019,16,4,-1,-1,7
12905562,11,37,-1,-1,6
12907195,14,30,-1,-1,6
12908094,39,23,-1,-1,4
12906663,52,22,-1,-1,3
12907132,25,11,-1,-1,5
12905946,3,45,-1,-1,7
12909944,6,45,-1,-1,5
12907856,44,13,-1,-1,2
12904941,40,48,-1,-1,1
12908525,47,51,-1,-1,6
12910538,38,44,-1,-1,4
