# org_id,org_cellx,org_celly,org_forage_target,org_group_id,org_facing
4939958,29,17,-1,-1,2
4937881,52,45,-1,-1,4
4937544,25,31,-1,-1,1
4938798,22,3,-1,-1,0
4937084,56,2,-1,-1,3
4939980,54,7,-1,-1,4
4939422,55,44,-1,-1,4
4940459,21,52,-1,-1,6
4932705,7,49,-1,-1,0
4941661,23,44,-1,-1,5
4940055,23,30,-1,-1,5
4939427,10,17,-1,-1,4
4939780,61,20,-1,-1,5
4941955,6,17,-1,-1,1
4941843,44,61,-1,-1,0
4939252,52,15,-1,-1,2
4940533,48,51,-1,-1,3
4940443,23,6,-1,-1,5
4941563,37,6,-1,-1,3
4940027,8,31,-1,-1,0
4936690,60,37,-1,-1,0
4936647,29,54,-1,-1,4
4938341,57,61,-1,-1,4
4938857,47,48,-1,-1,4
4941869,26,10,-1,-1,1
4939893,28,1,-1,-1,1
4934605,41,27,-1,-1,6
4933583,7,38,-1,-1,7
4941589,1,26,-1,-1,3
4931103,41,14,-1,-1,6
4936783,36,7,-1,-1,7
4941304,12,50,-1,-1,7
4922616,13,2,-1,-1,3
4940419,35,29,-1,-1,4
4938089,61,0,-1,-1,0
4937676,5,1,-1,-1,0
4941476,43,23,-1,-1,3
4940087,20,16,-1,-1,0
4941195,37,43,-1,-1,4
4938179,4,23,-1,-1,1
4940010,50,22,-1,-1,1
4940869,10,46,-1,-1,1
4938198,46,9,-1,-1,5
4940407,40,38,-1,-1,3
4940353,17,35,-1,-1,1
4936148,56,34,-1,-1,4
4940800,58,24,-1,-1,7
4939212,37,15,-1,-1,6
4933609,26,7,-1,-1,6
4936868,48,19,-1,-1,1
4941886,49,39,-1,-1,0
4936387,48,7,-1,-1,2
4938993,18,2,-1,-1,3
4927222,47,35,-1,-1,1
4941859,38,52,-1,-1,7
4942191,6,21,-1,-1,1
4941419,21,34,-1,-1,4
4941978,7,11,-1,-1,4
4927803,28,61,-1,-1,7
4932680,29,50,-1,-1,4
4941121,22,34,-1,-1,0
4938700,29,14,-1,-1,2
4940819,8,26,-1,-1,0
4939309,36,53,-1,-1,0
4942171,35,13,-1,-1,3
4940446,51,25,-1,-1,0
4931612,40,13,-1,-1,2
4940683,45,58,-1,-1,1
4941138,51,51,-1,-1,5
4940198,18,57,-1,-1,7
4939023,37,49,-1,-1,6
4937374,30,58,-1,-1,0
4939079,55,61,-1,-1,5
4930047,46,16,-1,-1,3
4940063,6,6,-1,-1,6
4930362,40,29,-1,-1,2
4939603,57,21,-1,-1,5
4941198,48,3,-1,-1,4
4938187,29,11,-1,-1,7
4932381,8,11,-1,-1,5
4941819,25,49,-1,-1,3
4938575,36,9,-1,-1,7
4941156,47,22,-1,-1,3
4933705,54,57,-1,-1,2
4933846,10,22,-1,-1,6
4927664,3,25,-1,-1,0
4940854,47,33,-1,-1,4
4938492,20,13,-1,-1,2
4937977,44,19,-1,-1,5
4933985,61,23,-1,-1,7
4941120,14,55,-1,-1,1
4941947,0,40,-1,-1,0
4936587,21,55,-1,-1,1
4940429,58,4,-1,-1,5
4940314,37,22,-1,-1,1
4939935,16,9,-1,-1,1
4940207,12,0,-1,-1,5
4939524,40,19,-1,-1,5
4926546,43,24,-1,-1,6
4930403,41,55,-1,-1,7
4940490,22,37,-1,-1,4
4936573,50,7,-1,-1,0
4939057,31,30,-1,-1,5
4941792,1,3,-1,-1,5
4936818,4,46,-1,-1,3
4939402,42,46,-1,-1,7
4939527,15,22,-1,-1,7
4929762,61,26,-1,-1,2
4941627,30,18,-1,-1,3
4939432,5,26,-1,-1,7
4938675,7,37,-1,-1,3
4939635,38,34,-1,-1,5
4939790,17,26,-1,-1,2
4937426,56,32,-1,-1,4
4939978,43,36,-1,-1,7
4941445,18,36,-1,-1,3
4938478,14,41,-1,-1,5
4941721,0,11,-1,-1,4
4921534,9,39,-1,-1,7
4936215,28,34,-1,-1,1
4941306,38,29,-1,-1,7
4938753,39,31,-1,-1,4
4942065,3,2,-1,-1,3
4935437,39,59,-1,-1,1
4940728,28,2,-1,-1,3
4937618,56,25,-1,-1,6
4937294,33,39,-1,-1,7
4929541,45,35,-1,-1,4
4937257,41,8,-1,-1,5
4939126,26,47,-1,-1,0
4940880,41,54,-1,-1,3
4941282,20,5,-1,-1,5
4937830,33,13,-1,-1,4
4941858,39,21,-1,-1,7
4934414,51,15,-1,-1,2
4939625,38,41,-1,-1,1
4934748,42,50,-1,-1,0
4934385,12,46,-1,-1,3
4939280,0,59,-1,-1,2
4939333,56,42,-1,-1,1
4941235,56,44,-1,-1,4
4937949,30,5,-1,-1,2
4942045,36,15,-1,-1,1
4941934,0,47,-1,-1,1
4933624,60,40,-1,-1,3
4941785,23,23,-1,-1,2
4941471,11,21,-1,-1,1
4941911,55,37,-1,-1,3
4940030,46,60,-1,-1,7
4936429,11,0,-1,-1,2
4942123,3,40,-1,-1,0
4938863,31,33,-1,-1,0
4941743,23,11,-1,-1,5
4941971,8,28,-1,-1,0
4930498,33,8,-1,-1,3
4941744,27,41,-1,-1,3
4939218,30,42,-1,-1,0
4939934,33,22,-1,-1,1
4940112,26,27,-1,-1,5
4939365,35,39,-1,-1,7
4941414,38,14,-1,-1,4
4939768,1,2,-1,-1,5
4938449,19,34,-1,-1,3
4942166,6,59,-1,-1,0
4941520,58,9,-1,-1,6
4940004,53,36,-1,-1,6
4933346,20,59,-1,-1,2
4930705,2,39,-1,-1,4
4939795,58,11,-1,-1,6
4941708,7,29,-1,-1,0
4935384,46,35,-1,-1,5
4935910,34,9,-1,-1,2
4933563,4,17,-1,-1,5
4932650,36,40,-1,-1,6
4939089,33,6,-1,-1,0
4939673,35,52,-1,-1,0
4940662,21,30,-1,-1,7
4939774,1,7,-1,-1,0
4940165,47,18,-1,-1,0
4941928,50,33,-1,-1,5
4935168,26,24,-1,-1,7
4940136,10,0,-1,-1,7
4938966,36,4,-1,-1,2
4941890,56,30,-1,-1,6
4940132,52,1,-1,-1,1
4940863,25,33,-1,-1,4
4938599,53,58,-1,-1,1
4939491,14,11,-1,-1,5
4937736,11,30,-1,-1,5
4937441,22,20,-1,-1,4
4928402,3,22,-1,-1,0
4941675,6,43,-1,-1,7
4941987,15,23,-1,-1,1
4940853,60,56,-1,-1,1
4937714,42,13,-1,-1,5
4938134,40,23,-1,-1,1
4942165,18,15,-1,-1,3
4938111,16,42,-1,-1,1
4941717,40,21,-1,-1,7
4941960,24,40,-1,-1,7
4938894,23,32,-1,-1,3
4936234,16,11,-1,-1,1
4937316,10,12,-1,-1,7
4936739,2,57,-1,-1,5
4939428,12,20,-1,-1,6
4935007,44,30,-1,-1,1
4919646,35,2,-1,-1,6
4939451,49,59,-1,-1,4
4932430,49,12,-1,-1,6
4941486,33,1,-1,-1,2
4940519,53,54,-1,-1,6
4939499,45,23,-1,-1,7
4936097,8,44,-1,-1,0
4941018,9,55,-1,-1,1
4940543,7,52,-1,-1,6
4938792,44,9,-1,-1,4
4937819,15,61,-1,-1,1
4940125,26,32,-1,-1,4
4936586,26,49,-1,-1,4
4941194,38,33,-1,-1,0
4939282,49,38,-1,-1,1
4929423,9,38,-1,-1,3
4938353,35,36,-1,-1,7
4937770,53,56,-1,-1,7
4937579,29,52,-1,-1,0
4942063,52,41,-1,-1,3
4941338,31,34,-1,-1,6
4942177,15,40,-1,-1,0
4940919,28,47,-1,-1,6
4939645,21,61,-1,-1,2
4942112,55,43,-1,-1,2
4939786,46,33,-1,-1,1
4935288,51,14,-1,-1,6
4940425,11,44,-1,-1,0
4935564,10,40,-1,-1,5
4941099,13,56,-1,-1,0
4941875,1,55,-1,-1,0
4937769,42,12,-1,-1,7
4941408,1,34,-1,-1,7
4937061,17,5,-1,-1,7
4941524,56,1,-1,-1,6
4939918,49,34,-1,-1,6
4940528,52,43,-1,-1,2
4940637,28,46,-1,-1,2
4940622,53,48,-1,-1,6
4938294,50,8,-1,-1,2
4941284,6,36,-1,-1,3
4941021,24,16,-1,-1,6
4936502,37,29,-1,-1,4
4936889,0,27,-1,-1,1
4933397,34,45,-1,-1,7
4941158,48,27,-1,-1,2
4940454,54,32,-1,-1,3
4938582,17,36,-1,-1,6
4942010,11,13,-1,-1,2
4932227,2,9,-1,-1,0
4940626,33,17,-1,-1,0
4938003,34,13,-1,-1,4
4940026,44,20,-1,-1,5
4941897,47,31,-1,-1,4
4940006,10,37,-1,-1,2
4938665,46,36,-1,-1,3
4938031,8,45,-1,-1,2
4941925,34,55,-1,-1,6
4935200,50,44,-1,-1,7
4935029,2,25,-1,-1,2
4937090,11,51,-1,-1,3
4924108,27,2,-1,-1,1
4937017,38,20,-1,-1,7
4936982,25,26,-1,-1,0
4935127,6,11,-1,-1,1
4940914,26,51,-1,-1,3
4937360,28,4,-1,-1,5
4938051,20,11,-1,-1,6
4941472,57,13,-1,-1,1
4939343,46,6,-1,-1,1
4940081,25,25,-1,-1,0
4939916,56,43,-1,-1,2
4931333,54,13,-1,-1,7
4936904,27,61,-1,-1,6
4942139,42,11,-1,-1,7
4939870,15,51,-1,-1,1
4941485,13,59,-1,-1,5
4932828,9,30,-1,-1,0
4934152,39,45,-1,-1,2
4934797,61,8,-1,-1,2
4942143,0,18,-1,-1,6
4941958,2,2,-1,-1,3
4939087,52,21,-1,-1,4
4940739,59,41,-1,-1,2
4941582,47,7,-1,-1,4
4935412,59,53,-1,-1,2
4938054,29,12,-1,-1,7
4938694,41,25,-1,-1,4
4939315,51,55,-1,-1,4
4936377,12,24,-1,-1,2
4938800,20,45,-1,-1,1
4940354,40,55,-1,-1,0
4941355,47,60,-1,-1,3
4935441,33,35,-1,-1,5
4940441,27,30,-1,-1,6
4940385,61,30,-1,-1,0
4941083,9,9,-1,-1,2
4938515,4,33,-1,-1,2
4941070,29,16,-1,-1,0
4940102,6,61,-1,-1,2
4938583,54,31,-1,-1,2
4936563,47,13,-1,-1,2
4941245,61,38,-1,-1,7
4940448,18,12,-1,-1,1
4936873,7,3,-1,-1,3
4939114,49,7,-1,-1,2
4929244,7,50,-1,-1,5
4933754,11,19,-1,-1,1
4939458,5,19,-1,-1,2
4937268,31,27,-1,-1,2
4938644,11,45,-1,-1,6
4936373,29,4,-1,-1,0
4941914,43,30,-1,-1,7
4937351,11,59,-1,-1,1
4940382,48,10,-1,-1,3
4935973,9,20,-1,-1,0
4939950,45,61,-1,-1,4
4935918,10,21,-1,-1,0
4941390,35,38,-1,-1,7
4930098,49,37,-1,-1,7
4936863,53,4,-1,-1,6
4935808,12,44,-1,-1,0
4935669,54,46,-1,-1,4
4940508,58,23,-1,-1,7
4940905,39,7,-1,-1,0
4942194,58,12,-1,-1,0
4937132,41,44,-1,-1,4
4939842,13,9,-1,-1,6
4941490,50,6,-1,-1,7
4940285,25,41,-1,-1,5
4941756,18,55,-1,-1,7
4938678,57,18,-1,-1,6
4941896,13,17,-1,-1,2
4939831,20,25,-1,-1,4
4941447,14,13,-1,-1,4
4934329,24,23,-1,-1,6
4941676,2,55,-1,-1,5
4939167,61,9,-1,-1,1
4941316,38,45,-1,-1,7
4938251,33,58,-1,-1,3
4938454,55,35,-1,-1,6
4941701,2,47,-1,-1,1
4941765,35,46,-1,-1,0
4936726,2,61,-1,-1,1
4941422,24,43,-1,-1,3
4941605,29,33,-1,-1,6
4942146,0,51,-1,-1,3
4940910,8,36,-1,-1,7
4941470,1,35,-1,-1,2
4939676,28,43,-1,-1,0
4942116,59,36,-1,-1,7
4940029,42,32,-1,-1,4
4938624,60,16,-1,-1,4
4942023,34,58,-1,-1,7
4937290,40,1,-1,-1,7
4933688,2,33,-1,-1,0
4941087,37,3,-1,-1,7
4940450,23,46,-1,-1,3
4936154,33,25,-1,-1,2
4941283,56,46,-1,-1,6
4938015,17,47,-1,-1,7
4940572,32,45,-1,-1,1
4937520,14,31,-1,-1,3
4936100,27,60,-1,-1,0
4942202,44,27,-1,-1,3
4930438,22,14,-1,-1,1
4934733,28,44,-1,-1,7
4938110,29,21,-1,-1,6
4934902,38,1,-1,-1,1
4940538,20,17,-1,-1,4
4937387,20,51,-1,-1,2
4937990,14,7,-1,-1,1
4941287,28,55,-1,-1,1
4941703,33,59,-1,-1,7
4940100,30,25,-1,-1,5
4941658,8,23,-1,-1,1
4937481,12,1,-1,-1,1
4941517,58,38,-1,-1,5
4935912,7,18,-1,-1,3
4939941,48,11,-1,-1,4
4941502,52,49,-1,-1,3
4939855,8,61,-1,-1,5
4939648,43,59,-1,-1,6
4941113,23,52,-1,-1,2
4935842,61,55,-1,-1,3
4937127,39,20,-1,-1,5
4940121,31,6,-1,-1,6
4938034,60,42,-1,-1,2
4937889,11,43,-1,-1,6
4939374,35,21,-1,-1,5
4940014,51,16,-1,-1,6
4942093,28,38,-1,-1,5
4941513,39,29,-1,-1,3
4938552,32,57,-1,-1,7
4941049,47,4,-1,-1,7
4940839,32,46,-1,-1,5
4942088,19,48,-1,-1,6
4941391,48,24,-1,-1,2
4934905,47,43,-1,-1,6
4932405,43,32,-1,-1,5
4940983,13,36,-1,-1,5
4942153,13,12,-1,-1,1
4934069,42,10,-1,-1,3
4939612,41,43,-1,-1,7
4939254,26,9,-1,-1,5
4940350,47,54,-1,-1,1
4935519,32,8,-1,-1,6
4936961,7,16,-1,-1,6
4939600,18,41,-1,-1,2
4941699,26,46,-1,-1,7
4940726,5,17,-1,-1,6
4940628,48,54,-1,-1,2
4940762,58,54,-1,-1,0
4941957,19,27,-1,-1,4
4939590,58,18,-1,-1,2
4938180,25,53,-1,-1,5
4942058,1,40,-1,-1,6
4942067,48,14,-1,-1,2
4940907,19,33,-1,-1,6
4941352,28,3,-1,-1,7
4935445,10,58,-1,-1,2
4939697,46,61,-1,-1,2
4939579,1,45,-1,-1,5
4935861,33,51,-1,-1,7
4937703,24,38,-1,-1,3
4941202,41,29,-1,-1,7
4939782,49,44,-1,-1,5
4936579,52,12,-1,-1,0
4937009,32,33,-1,-1,1
4940086,59,15,-1,-1,2
4939987,23,20,-1,-1,5
4939438,5,32,-1,-1,3
4941964,50,59,-1,-1,5
4941298,48,52,-1,-1,7
4938921,60,32,-1,-1,3
4941596,11,16,-1,-1,3
4940011,46,39,-1,-1,7
4940832,11,57,-1,-1,7
4935860,18,9,-1,-1,7
4938942,39,35,-1,-1,1
4941659,49,9,-1,-1,6
4941423,44,49,-1,-1,7
4941084,29,47,-1,-1,5
4935062,8,7,-1,-1,5
4940616,29,48,-1,-1,2
4940442,23,12,-1,-1,4
4938587,35,23,-1,-1,4
4937483,36,16,-1,-1,4
4940671,29,2,-1,-1,6
4941088,0,24,-1,-1,7
4938785,41,5,-1,-1,7
4931986,26,16,-1,-1,5
4941915,16,32,-1,-1,2
4941022,57,16,-1,-1,3
4941672,58,34,-1,-1,1
4941182,30,12,-1,-1,4
4936878,25,30,-1,-1,1
4936136,46,21,-1,-1,6
4938258,60,27,-1,-1,0
4938512,11,4,-1,-1,1
4941425,47,9,-1,-1,4
4941321,27,56,-1,-1,2
4938001,25,7,-1,-1,1
4940967,24,3,-1,-1,4
4942009,17,48,-1,-1,6
4938909,30,29,-1,-1,5
4931868,11,9,-1,-1,2
4936126,55,39,-1,-1,1
4941261,31,60,-1,-1,5
4938371,32,39,-1,-1,1
4940171,16,37,-1,-1,3
4940554,16,38,-1,-1,6
4941288,36,35,-1,-1,3
4935743,13,29,-1,-1,5
4935604,55,9,-1,-1,7
4938749,15,28,-1,-1,1
4933656,38,40,-1,-1,1
4938738,60,23,-1,-1,2
4940129,49,58,-1,-1,7
4937791,3,42,-1,-1,5
4940580,40,34,-1,-1,4
4938389,60,41,-1,-1,2
4939393,16,20,-1,-1,3
4940566,27,45,-1,-1,0
4933299,30,37,-1,-1,0
4933242,14,12,-1,-1,3
4940085,25,3,-1,-1,1
4936930,43,7,-1,-1,1
4938818,8,53,-1,-1,2
4942025,37,54,-1,-1,2
4939683,39,18,-1,-1,7
4941758,54,1,-1,-1,5
4938248,16,26,-1,-1,0
4941378,50,27,-1,-1,7
4942144,15,4,-1,-1,5
4938954,53,50,-1,-1,2
4939838,53,22,-1,-1,1
4942152,58,8,-1,-1,0
4939839,55,16,-1,-1,4
4940481,36,29,-1,-1,3
4941330,61,44,-1,-1,7
4941035,5,35,-1,-1,6
4937688,18,30,-1,-1,3
4938275,19,36,-1,-1,0
4935583,42,21,-1,-1,0
4942089,39,39,-1,-1,5
4934139,1,33,-1,-1,7
4940036,49,43,-1,-1,6
4934717,37,46,-1,-1,3
4939259,13,8,-1,-1,6
4942035,20,61,-1,-1,5
4941926,17,23,-1,-1,2
4940122,14,53,-1,-1,4
4940640,56,38,-1,-1,2
4940711,38,31,-1,-1,2
4939209,28,8,-1,-1,5
4939868,30,45,-1,-1,7
4940210,59,48,-1,-1,1
4941528,54,54,-1,-1,0
4938636,3,53,-1,-1,1
4938372,6,8,-1,-1,6
4942007,21,58,-1,-1,7
4941980,57,22,-1,-1,0
4932545,4,54,-1,-1,7
4941285,15,21,-1,-1,1
4941967,32,30,-1,-1,1
4939296,53,16,-1,-1,3
4941910,60,5,-1,-1,5
4941638,48,29,-1,-1,4
4936117,13,7,-1,-1,0
4939015,0,39,-1,-1,7
4941966,12,60,-1,-1,7
4941952,37,24,-1,-1,3
4934779,48,55,-1,-1,5
4940961,29,24,-1,-1,2
4938588,39,49,-1,-1,6
4938661,49,15,-1,-1,4
4939715,30,1,-1,-1,4
4935616,13,39,-1,-1,1
4936556,35,22,-1,-1,6
4917351,48,28,-1,-1,2
4942187,49,54,-1,-1,4
4942111,15,48,-1,-1,3
4941220,30,7,-1,-1,7
4941342,30,41,-1,-1,4
4938901,18,56,-1,-1,5
4940068,15,59,-1,-1,2
4935234,35,50,-1,-1,0
4937065,25,45,-1,-1,6
4941597,38,22,-1,-1,5
4940523,43,21,-1,-1,6
4940496,25,14,-1,-1,0
4940891,40,51,-1,-1,5
4938517,21,15,-1,-1,1
4941795,16,5,-1,-1,6
4935414,19,32,-1,-1,1
4941209,21,25,-1,-1,2
4935166,50,31,-1,-1,2
4938902,37,34,-1,-1,5
4940845,17,8,-1,-1,3
4939197,4,56,-1,-1,0
4941178,40,36,-1,-1,7
4931610,22,16,-1,-1,1
4942168,49,13,-1,-1,3
4937245,26,59,-1,-1,5
4941973,4,49,-1,-1,0
4938805,50,23,-1,-1,4
4941188,7,1,-1,-1,5
4939767,49,55,-1,-1,6
4937102,23,35,-1,-1,1
4937564,49,10,-1,-1,4
4940730,33,42,-1,-1,1
4938672,7,53,-1,-1,5
4939485,60,18,-1,-1,3
4935941,48,39,-1,-1,3
4941292,25,46,-1,-1,1
4939835,7,42,-1,-1,6
4938250,1,0,-1,-1,2
4936888,1,4,-1,-1,3
4938214,7,41,-1,-1,1
4941393,9,7,-1,-1,4
4939496,14,58,-1,-1,1
4939363,11,22,-1,-1,0
4940141,7,26,-1,-1,0
4941186,49,1,-1,-1,5
4932950,22,45,-1,-1,0
4937707,54,21,-1,-1,6
4937518,36,23,-1,-1,2
4940462,15,42,-1,-1,2
4938975,51,45,-1,-1,7
4932825,52,9,-1,-1,5
4937784,32,3,-1,-1,7
4934731,39,41,-1,-1,4
4930609,37,5,-1,-1,0
4941830,21,50,-1,-1,5
4937365,29,35,-1,-1,4
4941615,34,26,-1,-1,2
4938980,19,8,-1,-1,1
4941636,13,18,-1,-1,4
4939585,47,38,-1,-1,5
4940093,19,20,-1,-1,5
4938000,18,33,-1,-1,1
4941751,55,27,-1,-1,7
4938364,49,42,-1,-1,2
4940781,28,28,-1,-1,6
4939439,48,49,-1,-1,2
4934761,16,55,-1,-1,1
4941711,28,54,-1,-1,5
4938416,53,47,-1,-1,1
4938867,3,61,-1,-1,0
4929996,45,34,-1,-1,6
4939568,18,50,-1,-1,4
4930349,33,21,-1,-1,6
4937577,48,34,-1,-1,0
4938875,23,4,-1,-1,6
4941799,9,24,-1,-1,3
4940674,44,13,-1,-1,4
4940209,28,21,-1,-1,2
4937319,21,37,-1,-1,1
4941489,9,49,-1,-1,3
4941027,15,2,-1,-1,0
4931938,41,34,-1,-1,0
4934122,46,45,-1,-1,4
4930877,9,19,-1,-1,5
4930140,9,35,-1,-1,2
4938447,16,36,-1,-1,7
4938411,30,48,-1,-1,0
4931913,24,1,-1,-1,6
4930947,13,22,-1,-1,2
4930853,31,49,-1,-1,5
4940135,52,56,-1,-1,0
4939787,7,20,-1,-1,4
4930672,52,52,-1,-1,3
4940431,38,26,-1,-1,2
4937157,39,57,-1,-1,1
4938918,45,52,-1,-1,6
4935592,54,27,-1,-1,4
4934681,34,48,-1,-1,2
4941406,44,34,-1,-1,1
4937266,48,12,-1,-1,7
4936971,61,56,-1,-1,7
4939609,4,11,-1,-1,2
4934765,11,28,-1,-1,1
4940239,54,12,-1,-1,2
4940369,9,25,-1,-1,0
4940316,55,15,-1,-1,2
4941669,45,40,-1,-1,0
4939578,24,29,-1,-1,0
4935981,47,44,-1,-1,6
4927164,42,35,-1,-1,0
4937609,46,7,-1,-1,2
4932074,41,23,-1,-1,3
4941810,11,1,-1,-1,3
4933063,39,50,-1,-1,2
4938837,49,27,-1,-1,7
4939141,27,43,-1,-1,3
4937869,49,57,-1,-1,3
4935989,36,25,-1,-1,0
4937543,21,16,-1,-1,3
4941480,24,56,-1,-1,4
4939985,32,22,-1,-1,0
4941511,54,0,-1,-1,1
4941317,53,5,-1,-1,7
4925421,24,14,-1,-1,2
4938919,6,48,-1,-1,5
4938228,32,52,-1,-1,1
4936617,4,55,-1,-1,6
4941642,22,19,-1,-1,5
4937490,49,60,-1,-1,5
4941874,31,44,-1,-1,0
4937332,34,44,-1,-1,5
4920250,55,59,-1,-1,6
4936734,7,36,-1,-1,6
4941698,28,31,-1,-1,6
4932052,2,48,-1,-1,7
4937216,8,30,-1,-1,6
4938008,59,24,-1,-1,7
4940681,12,21,-1,-1,1
4941474,1,28,-1,-1,0
4939938,32,14,-1,-1,1
4939664,60,30,-1,-1,6
4940807,45,18,-1,-1,2
4941749,1,51,-1,-1,3
4942179,5,13,-1,-1,5
4934998,53,6,-1,-1,5
4942074,19,41,-1,-1,6
4941300,8,15,-1,-1,4
4940128,26,38,-1,-1,6
4941016,53,12,-1,-1,6
4936602,36,28,-1,-1,2
4938367,10,54,-1,-1,5
4939194,14,9,-1,-1,0
4940611,3,0,-1,-1,6
4940591,5,61,-1,-1,5
4940003,53,41,-1,-1,2
4932902,2,13,-1,-1,2
4941882,4,5,-1,-1,7
4937835,17,49,-1,-1,2
4941653,24,34,-1,-1,6
4929002,20,53,-1,-1,7
4935052,21,29,-1,-1,0
4939460,8,54,-1,-1,6
4939242,45,59,-1,-1,1
4940669,47,56,-1,-1,6
4936628,53,0,-1,-1,2
4940763,44,23,-1,-1,7
4938816,6,15,-1,-1,1
4940994,10,24,-1,-1,3
4942176,51,19,-1,-1,0
4935128,35,54,-1,-1,4
4928136,47,14,-1,-1,6
4937971,6,34,-1,-1,6
4933084,18,0,-1,-1,6
4942184,22,41,-1,-1,2
4940144,55,13,-1,-1,6
4940884,28,5,-1,-1,7
4939965,16,43,-1,-1,1
4941578,31,40,-1,-1,2
4941398,32,49,-1,-1,6
4931964,0,37,-1,-1,5
4940391,21,31,-1,-1,0
4939611,20,12,-1,-1,5
4931676,41,26,-1,-1,1
4942132,34,50,-1,-1,4
4941430,34,31,-1,-1,7
4940929,48,44,-1,-1,6
4941608,49,45,-1,-1,2
4933947,56,5,-1,-1,3
4939468,7,56,-1,-1,1
4938212,46,23,-1,-1,3
4925518,1,32,-1,-1,4
4937029,30,2,-1,-1,3
4937023,14,5,-1,-1,2
4941025,21,19,-1,-1,0
4942081,10,23,-1,-1,6
4941469,5,57,-1,-1,0
4939323,40,49,-1,-1,0
4934647,11,8,-1,-1,4
4941515,60,29,-1,-1,1
4940398,61,15,-1,-1,1
4942070,39,19,-1,-1,2
4941827,60,34,-1,-1,5
4941224,31,2,-1,-1,1
4937188,10,47,-1,-1,4
4940948,3,18,-1,-1,2
4940335,44,28,-1,-1,4
4940472,12,6,-1,-1,0
4942038,1,54,-1,-1,2
4941865,47,42,-1,-1,4
4941733,38,42,-1,-1,1
4940082,35,48,-1,-1,1
4942079,14,32,-1,-1,0
4939507,40,7,-1,-1,3
4937286,1,20,-1,-1,2
4941592,53,20,-1,-1,0
4938797,5,3,-1,-1,1
4940973,8,19,-1,-1,2
4940096,1,37,-1,-1,1
4939541,61,18,-1,-1,0
4942100,44,22,-1,-1,4
4934081,35,41,-1,-1,3
4941630,39,8,-1,-1,7
4928643,43,40,-1,-1,1
4927199,23,59,-1,-1,2
4941074,26,3,-1,-1,4
4939301,8,47,-1,-1,4
4941916,58,36,-1,-1,5
4935078,37,37,-1,-1,3
4937934,2,23,-1,-1,6
4904033,45,29,-1,-1,1
4941684,40,26,-1,-1,3
4937501,27,26,-1,-1,5
4940829,45,14,-1,-1,0
4939765,60,11,-1,-1,0
4934705,54,17,-1,-1,5
4937254,25,11,-1,-1,3
4940226,35,31,-1,-1,5
4942008,22,58,-1,-1,7
4936860,31,58,-1,-1,2
4941763,31,53,-1,-1,4
4941397,42,5,-1,-1,7
4941500,2,21,-1,-1,0
4938004,34,12,-1,-1,1
4936498,47,46,-1,-1,7
4941757,8,50,-1,-1,6
4942190,12,57,-1,-1,7
4937492,40,48,-1,-1,5
4935183,34,34,-1,-1,5
4940590,51,57,-1,-1,3
4934234,5,51,-1,-1,7
4939249,42,54,-1,-1,1
4936320,23,13,-1,-1,2
4934826,56,19,-1,-1,2
4942156,6,27,-1,-1,2
4940571,10,31,-1,-1,0
4939979,1,31,-1,-1,2
4934842,20,1,-1,-1,1
4941584,14,44,-1,-1,3
4940372,26,42,-1,-1,2
4941051,12,5,-1,-1,6
4937328,14,54,-1,-1,4
4940577,30,16,-1,-1,2
4934520,15,12,-1,-1,3
4920458,37,23,-1,-1,7
4941531,4,51,-1,-1,1
4925221,43,9,-1,-1,5
4939404,19,42,-1,-1,5
4934769,11,14,-1,-1,2
4941280,32,29,-1,-1,1
4933402,11,35,-1,-1,1
4934695,42,55,-1,-1,3
4941047,3,14,-1,-1,6
4942051,56,18,-1,-1,5
4937755,18,23,-1,-1,6
4939816,1,18,-1,-1,7
4938764,52,0,-1,-1,2
4938884,28,57,-1,-1,1
4938196,44,17,-1,-1,3
4935779,33,55,-1,-1,5
4941184,1,57,-1,-1,3
4937796,40,3,-1,-1,5
4939772,17,3,-1,-1,2
4940814,3,23,-1,-1,7
4940290,16,23,-1,-1,4
4935750,25,28,-1,-1,7
4941002,14,46,-1,-1,4
4938021,55,26,-1,-1,6
4941727,42,31,-1,-1,7
4941124,44,31,-1,-1,6
4941700,19,52,-1,-1,7
4935538,38,38,-1,-1,0
4940710,30,10,-1,-1,0
4938410,39,3,-1,-1,6
4939605,61,12,-1,-1,4
4938518,49,25,-1,-1,0
4940930,55,18,-1,-1,2
4941452,61,39,-1,-1,6
4941350,29,19,-1,-1,5
4937281,48,45,-1,-1,4
4941369,49,17,-1,-1,3
4940792,60,49,-1,-1,3
4938910,30,13,-1,-1,6
4939663,16,6,-1,-1,1
4941742,10,35,-1,-1,4
4935148,33,26,-1,-1,5
4938931,19,6,-1,-1,7
4937417,57,15,-1,-1,6
4936196,31,7,-1,-1,7
4936666,15,36,-1,-1,6
4941794,42,23,-1,-1,4
4927958,49,6,-1,-1,7
4940801,1,49,-1,-1,6
4937663,11,54,-1,-1,5
4941689,10,29,-1,-1,1
4941619,21,47,-1,-1,7
4938891,3,50,-1,-1,5
4940568,34,49,-1,-1,4
4941073,21,39,-1,-1,0
4940305,56,16,-1,-1,7
4939215,3,52,-1,-1,6
4940725,8,13,-1,-1,1
4938174,13,30,-1,-1,6
4941807,34,39,-1,-1,2
4940321,34,61,-1,-1,3
4940331,14,49,-1,-1,6
4941549,45,12,-1,-1,6
4940999,57,60,-1,-1,4
4940759,54,41,-1,-1,3
4940720,52,3,-1,-1,7
4939435,40,52,-1,-1,3
4940864,15,3,-1,-1,1
4939883,27,46,-1,-1,3
4937723,23,48,-1,-1,1
4941946,18,60,-1,-1,3
4941504,52,34,-1,-1,3
4938596,50,61,-1,-1,2
4942193,29,6,-1,-1,2
4942120,27,34,-1,-1,7
4942061,51,29,-1,-1,5
4942164,26,23,-1,-1,4
4938133,5,40,-1,-1,5
4939879,21,51,-1,-1,6
4941233,56,60,-1,-1,6
4939569,18,45,-1,-1,6
4932105,15,47,-1,-1,6
4940076,9,16,-1,-1,6
4939646,28,37,-1,-1,4
4940846,0,44,-1,-1,2
4939341,33,0,-1,-1,0
4936411,61,33,-1,-1,1
4941093,0,55,-1,-1,6
4938469,57,5,-1,-1,6
4940127,16,21,-1,-1,3
4940812,42,19,-1,-1,3
4941587,44,6,-1,-1,7
4941377,10,49,-1,-1,5
4936856,25,59,-1,-1,7
4941901,58,21,-1,-1,3
4932377,0,10,-1,-1,7
4941167,43,4,-1,-1,6
4941912,49,46,-1,-1,7
4938220,61,57,-1,-1,3
4933245,45,10,-1,-1,1
4940237,0,3,-1,-1,2
4937556,23,43,-1,-1,4
4941835,12,14,-1,-1,2
4940397,8,6,-1,-1,3
4936169,12,4,-1,-1,0
4941879,7,61,-1,-1,3
4941004,44,48,-1,-1,3
4942037,56,10,-1,-1,3
4940588,49,50,-1,-1,1
4937864,52,32,-1,-1,7
4941042,19,23,-1,-1,4
4940509,0,56,-1,-1,5
4932128,18,26,-1,-1,7
4941802,35,20,-1,-1,1
4938563,36,42,-1,-1,5
4938200,8,37,-1,-1,3
4940438,18,10,-1,-1,7
4941847,5,42,-1,-1,1
4940262,27,24,-1,-1,3
4941837,19,30,-1,-1,7
4941752,6,47,-1,-1,5
4941766,10,60,-1,-1,0
4932541,5,50,-1,-1,1
4941081,36,37,-1,-1,5
4936633,38,24,-1,-1,6
4938794,35,49,-1,-1,7
4940399,23,15,-1,-1,2
4941876,31,56,-1,-1,6
4939951,45,41,-1,-1,5
4940329,27,17,-1,-1,5
4941678,60,7,-1,-1,5
4936020,3,30,-1,-1,6
4939948,11,34,-1,-1,4
4935545,51,23,-1,-1,2
4938860,4,13,-1,-1,1
4941537,23,26,-1,-1,5
4926190,34,22,-1,-1,6
4940077,1,53,-1,-1,2
4940042,28,22,-1,-1,2
4938085,17,56,-1,-1,3
4934707,12,16,-1,-1,6
4942103,16,31,-1,-1,3
4935215,8,58,-1,-1,6
4937315,12,10,-1,-1,7
4934239,12,28,-1,-1,3
4941363,1,58,-1,-1,4
4938534,46,44,-1,-1,3
4941221,58,26,-1,-1,6
4940381,59,23,-1,-1,7
4942104,37,11,-1,-1,3
4942127,0,30,-1,-1,3
4940300,20,37,-1,-1,6
4925750,33,61,-1,-1,7
4939488,60,55,-1,-1,0
4942072,54,60,-1,-1,7
4940517,42,15,-1,-1,3
4930279,48,46,-1,-1,1
4934851,28,58,-1,-1,2
4930490,41,52,-1,-1,2
4936353,7,13,-1,-1,5
4938121,34,25,-1,-1,4
4933487,19,5,-1,-1,6
4941440,12,15,-1,-1,5
4939837,25,19,-1,-1,7
4941741,5,27,-1,-1,0
4939303,61,27,-1,-1,1
4941583,17,29,-1,-1,5
4940312,58,41,-1,-1,5
4941380,10,20,-1,-1,1
4931288,59,12,-1,-1,4
4938168,22,49,-1,-1,7
4927798,7,27,-1,-1,7
4941685,16,50,-1,-1,4
4940652,39,5,-1,-1,6
4933630,9,23,-1,-1,3
4942054,53,1,-1,-1,5
4941343,13,61,-1,-1,6
4937937,9,56,-1,-1,3
4937330,25,44,-1,-1,3
4941291,19,56,-1,-1,1
4937437,18,32,-1,-1,7
4931385,46,47,-1,-1,7
4941501,39,53,-1,-1,5
4933740,44,14,-1,-1,0
4940723,58,47,-1,-1,6
4937956,30,11,-1,-1,1
4934183,45,21,-1,-1,3
4940806,41,40,-1,-1,7
4941174,15,34,-1,-1,7
4941416,19,4,-1,-1,6
4941573,27,0,-1,-1,1
4940315,51,60,-1,-1,1
4932644,34,46,-1,-1,5
4941626,42,53,-1,-1,4
4940634,40,41,-1,-1,1
4929613,32,58,-1,-1,4
4940703,32,18,-1,-1,5
4939414,8,21,-1,-1,0
4935090,22,59,-1,-1,4
4941136,48,35,-1,-1,6
4929507,56,53,-1,-1,0
4933175,46,56,-1,-1,0
4933255,48,26,-1,-1,4
4935224,61,2,-1,-1,0
4940248,30,15,-1,-1,4
4941662,8,1,-1,-1,1
4941539,7,51,-1,-1,3
4937347,44,2,-1,-1,0
4939925,48,21,-1,-1,1
4940255,58,28,-1,-1,0
4941776,45,33,-1,-1,1
4941157,16,49,-1,-1,3
4941887,12,11,-1,-1,7
4938242,49,16,-1,-1,2
4925157,43,61,-1,-1,3
4941652,2,59,-1,-1,5
4937719,59,61,-1,-1,2
4940531,26,61,-1,-1,1
4937551,40,32,-1,-1,1
4941797,41,42,-1,-1,6
4937299,10,59,-1,-1,7
4933501,58,61,-1,-1,2
4940619,42,52,-1,-1,6
4941903,49,48,-1,-1,0
4940044,34,27,-1,-1,1
4942052,6,12,-1,-1,3
4938974,21,54,-1,-1,5
4932090,49,29,-1,-1,5
4941842,42,4,-1,-1,7
4939804,57,31,-1,-1,6
4939974,8,34,-1,-1,4
4942001,3,41,-1,-1,7
4941508,22,57,-1,-1,4
4940987,1,8,-1,-1,4
4941481,26,44,-1,-1,1
4941787,53,51,-1,-1,2
4937196,48,36,-1,-1,0
4941820,10,8,-1,-1,2
4934722,3,21,-1,-1,1
4934525,43,17,-1,-1,7
4939239,23,24,-1,-1,5
4934160,10,52,-1,-1,2
4942175,16,48,-1,-1,5
4941039,45,8,-1,-1,3
4935665,40,35,-1,-1,7
4938985,8,57,-1,-1,0
4940270,24,26,-1,-1,3
4923352,22,43,-1,-1,1
4935407,4,41,-1,-1,0
4938018,60,12,-1,-1,4
4938809,35,18,-1,-1,7
4938306,51,10,-1,-1,3
4938020,5,37,-1,-1,4
4939287,52,53,-1,-1,0
4940511,13,26,-1,-1,4
4941172,54,30,-1,-1,4
4932741,21,4,-1,-1,3
4941831,61,1,-1,-1,3
4942082,17,33,-1,-1,1
4941719,26,39,-1,-1,6
4933150,17,22,-1,-1,6
4938284,48,40,-1,-1,0
4941778,56,4,-1,-1,5
4931202,18,61,-1,-1,2
4937367,53,42,-1,-1,4
4937382,22,32,-1,-1,6
4933932,57,3,-1,-1,3
4939727,36,0,-1,-1,4
4941595,49,23,-1,-1,3
4941870,19,51,-1,-1,7
4938861,34,30,-1,-1,6
4935228,20,6,-1,-1,5
4941612,43,53,-1,-1,1
4941366,17,2,-1,-1,2
4941370,38,47,-1,-1,7
4941443,47,27,-1,-1,1
4937951,61,52,-1,-1,5
4940179,10,7,-1,-1,6
4941376,46,57,-1,-1,2
4941544,16,12,-1,-1,1
4941898,40,0,-1,-1,3
4936363,35,59,-1,-1,2
4938048,36,32,-1,-1,0
4935061,8,42,-1,-1,6
4930059,35,0,-1,-1,5
4933944,12,17,-1,-1,3
4939906,47,49,-1,-1,1
4937718,51,21,-1,-1,7
4931280,6,14,-1,-1,4
4942162,5,59,-1,-1,1
4940997,1,13,-1,-1,0
4941461,37,26,-1,-1,0
4942022,61,53,-1,-1,1
4936453,43,26,-1,-1,0
4941127,35,30,-1,-1,3
4941614,31,57,-1,-1,4
4935042,24,32,-1,-1,4
4938659,58,29,-1,-1,3
4919084,21,42,-1,-1,5
4941005,4,21,-1,-1,5
4939995,41,10,-1,-1,7
4934054,12,41,-1,-1,4
4942077,4,45,-1,-1,6
4941420,0,36,-1,-1,6
4940977,55,49,-1,-1,4
4940546,7,6,-1,-1,3
4938606,14,4,-1,-1,6
4941356,17,58,-1,-1,3
4936896,60,39,-1,-1,4
4936800,22,22,-1,-1,3
4938946,37,60,-1,-1,4
4941187,30,57,-1,-1,5
4940275,0,13,-1,-1,3
4941893,59,39,-1,-1,5
4941255,46,28,-1,-1,3
4924978,57,39,-1,-1,4
4938856,1,23,-1,-1,3
4940984,52,11,-1,-1,0
4942049,43,39,-1,-1,4
4940648,11,17,-1,-1,3
4937161,22,27,-1,-1,2
4936406,32,9,-1,-1,3
4942021,45,27,-1,-1,0
4940939,38,37,-1,-1,4
4938545,34,57,-1,-1,7
4937804,43,47,-1,-1,3
4937109,37,1,-1,-1,6
4930158,45,56,-1,-1,4
4938043,31,15,-1,-1,6
4940890,52,30,-1,-1,1
4932862,31,16,-1,-1,6
4930415,0,7,-1,-1,2
4940680,59,51,-1,-1,0
4941738,4,4,-1,-1,5
4942027,40,40,-1,-1,7
4940789,56,13,-1,-1,4
4940158,7,8,-1,-1,7
4940534,27,6,-1,-1,5
4934391,58,44,-1,-1,0
4941848,44,59,-1,-1,6
4940047,39,32,-1,-1,2
4940689,10,44,-1,-1,6
4940065,39,25,-1,-1,1
4940732,32,36,-1,-1,1
4939236,53,14,-1,-1,3
4933676,2,45,-1,-1,5
4932625,24,45,-1,-1,7
4939833,50,51,-1,-1,2
4940808,10,3,-1,-1,3
4934455,46,50,-1,-1,5
4940280,43,12,-1,-1,4
4924266,29,40,-1,-1,3
4935374,0,50,-1,-1,0
4937997,16,34,-1,-1,3
4937037,7,30,-1,-1,7
4941075,59,16,-1,-1,3
4936998,22,18,-1,-1,4
4941482,9,51,-1,-1,6
4941904,56,9,-1,-1,0
4937469,1,52,-1,-1,0
4941061,38,13,-1,-1,7
4934686,45,39,-1,-1,0
4941243,6,54,-1,-1,1
4936956,29,61,-1,-1,2
4941796,61,17,-1,-1,2
4928126,44,43,-1,-1,1
4939909,20,39,-1,-1,2
4940532,6,51,-1,-1,2
4941935,6,55,-1,-1,4
4940402,36,10,-1,-1,1
4939403,8,17,-1,-1,7
4940751,7,57,-1,-1,3
4940690,47,23,-1,-1,0
4937256,5,58,-1,-1,7
4937510,61,4,-1,-1,0
4940286,24,53,-1,-1,2
4935534,59,14,-1,-1,6
4937124,14,23,-1,-1,2
4939409,5,43,-1,-1,0
4942095,17,43,-1,-1,0
4930195,60,33,-1,-1,2
4929471,33,40,-1,-1,1
4915650,11,15,-1,-1,0
4933021,34,14,-1,-1,0
4933621,21,9,-1,-1,1
4932533,53,60,-1,-1,6
4941183,13,33,-1,-1,6
4940043,42,59,-1,-1,3
4937826,57,10,-1,-1,6
4935829,52,54,-1,-1,7
4940476,46,22,-1,-1,7
4936242,52,18,-1,-1,5
4935141,24,47,-1,-1,0
4932842,6,1,-1,-1,1
4942044,60,26,-1,-1,0
4941123,25,32,-1,-1,5
4931937,27,47,-1,-1,2
4941945,29,45,-1,-1,1
4941464,26,21,-1,-1,5
4938504,22,51,-1,-1,1
4936012,17,50,-1,-1,0
4942196,15,11,-1,-1,5
4938839,57,29,-1,-1,4
4940717,17,46,-1,-1,6
4941541,14,57,-1,-1,4
4940396,0,41,-1,-1,2
4935263,18,48,-1,-1,0
4940362,32,54,-1,-1,6
4935876,1,44,-1,-1,5
4941315,33,3,-1,-1,3
4940145,20,29,-1,-1,4
4937479,55,30,-1,-1,5
4937918,29,39,-1,-1,3
4936970,40,47,-1,-1,4
4940697,31,25,-1,-1,3
4940986,1,61,-1,-1,6
4937695,45,31,-1,-1,7
4941621,17,21,-1,-1,3
4936760,28,7,-1,-1,4
4936366,2,52,-1,-1,0
4939407,14,37,-1,-1,7
4941782,30,34,-1,-1,1
4940491,33,54,-1,-1,2
4940267,15,30,-1,-1,6
4935491,27,40,-1,-1,3
4928080,47,12,-1,-1,2
4942033,29,49,-1,-1,4
4937669,51,3,-1,-1,6
4937725,12,51,-1,-1,0
4941696,8,20,-1,-1,7
4938810,42,9,-1,-1,3
4940284,26,0,-1,-1,6
4937377,58,48,-1,-1,3
4941142,17,19,-1,-1,3
4941046,39,10,-1,-1,6
4941523,57,9,-1,-1,0
4939734,25,9,-1,-1,6
4942188,24,19,-1,-1,5
4933722,60,59,-1,-1,4
4938715,57,52,-1,-1,3
4937964,29,53,-1,-1,6
4935565,40,25,-1,-1,4
4937211,7,28,-1,-1,2
4938834,57,26,-1,-1,5
4939492,3,45,-1,-1,1
4941617,19,46,-1,-1,6
4939144,35,16,-1,-1,6
4942040,32,60,-1,-1,3
4941724,32,48,-1,-1,1
4941326,33,23,-1,-1,3
4940483,41,20,-1,-1,2
4940618,15,33,-1,-1,6
4941536,46,59,-1,-1,2
4935406,17,6,-1,-1,3
4941921,38,11,-1,-1,3
4941786,31,32,-1,-1,3
4933335,3,17,-1,-1,0
4939136,47,45,-1,-1,6
4941250,56,0,-1,-1,6
4938037,10,39,-1,-1,4
4936536,23,1,-1,-1,2
4941606,24,9,-1,-1,0
4938689,23,53,-1,-1,1
4934875,7,4,-1,-1,1
4941305,20,54,-1,-1,2
4939900,39,58,-1,-1,4
4936378,38,7,-1,-1,5
4937379,10,15,-1,-1,6
4941054,0,38,-1,-1,4
4938579,48,2,-1,-1,4
4937568,25,24,-1,-1,0
4940247,31,42,-1,-1,2
4940503,15,19,-1,-1,4
4932424,48,60,-1,-1,2
4942180,36,58,-1,-1,0
4941429,27,14,-1,-1,4
4941293,12,42,-1,-1,7
4941175,51,40,-1,-1,0
4935572,19,7,-1,-1,3
4940771,61,45,-1,-1,2
4939779,14,34,-1,-1,4
4938158,13,13,-1,-1,6
4940722,43,18,-1,-1,3
4940971,45,15,-1,-1,1
4941107,42,0,-1,-1,7
4938928,29,57,-1,-1,7
4934311,2,42,-1,-1,4
4938443,15,31,-1,-1,1
4940870,36,1,-1,-1,6
4936538,17,1,-1,-1,4
4941576,53,13,-1,-1,3
4928904,36,2,-1,-1,7
4937832,47,17,-1,-1,5
4942028,1,19,-1,-1,7
4941600,48,58,-1,-1,3
4941855,20,23,-1,-1,0
4941873,44,47,-1,-1,6
4935543,43,15,-1,-1,0
4940903,55,48,-1,-1,2
4939490,3,24,-1,-1,5
4941286,22,24,-1,-1,2
4924562,42,8,-1,-1,4
4939521,7,45,-1,-1,4
4941076,8,59,-1,-1,5
4932175,30,27,-1,-1,2
4940585,50,43,-1,-1,0
4931035,44,21,-1,-1,0
4939456,54,49,-1,-1,0
4940282,61,54,-1,-1,1
4941448,56,47,-1,-1,1
4940159,60,25,-1,-1,7
4940187,30,38,-1,-1,4
4940699,32,56,-1,-1,2
4941159,25,34,-1,-1,4
4941631,3,16,-1,-1,0
4940154,30,43,-1,-1,6
4941805,44,45,-1,-1,6
4933340,44,56,-1,-1,7
4941418,41,37,-1,-1,4
4936071,36,44,-1,-1,1
4939188,32,59,-1,-1,0
4939386,3,43,-1,-1,1
4941826,2,0,-1,-1,0
4941213,34,52,-1,-1,3
4923266,60,20,-1,-1,1
4941716,59,21,-1,-1,1
4940873,3,27,-1,-1,3
4938926,50,39,-1,-1,6
4935990,31,19,-1,-1,3
4940524,12,49,-1,-1,1
4938428,13,27,-1,-1,7
4940706,12,30,-1,-1,5
4933225,22,25,-1,-1,2
4939875,17,25,-1,-1,1
4939905,31,61,-1,-1,5
4936096,56,48,-1,-1,6
4940665,41,38,-1,-1,7
4941421,29,36,-1,-1,0
4942032,47,15,-1,-1,0
4940303,5,28,-1,-1,1
4940861,27,32,-1,-1,7
4939085,16,51,-1,-1,5
4939535,51,31,-1,-1,7
4941327,24,13,-1,-1,0
4941115,59,43,-1,-1,0
4941535,25,0,-1,-1,5
4940821,57,46,-1,-1,4
4941975,31,46,-1,-1,7
4940185,31,55,-1,-1,6
4940504,57,56,-1,-1,5
4937406,51,38,-1,-1,2
4928517,17,11,-1,-1,2
4937935,6,39,-1,-1,1
4931788,44,37,-1,-1,3
4936881,23,16,-1,-1,2
4937197,45,50,-1,-1,7
4941386,35,47,-1,-1,5
4939881,2,4,-1,-1,0
4938471,30,47,-1,-1,7
4938527,26,11,-1,-1,5
4934231,17,13,-1,-1,0
4942004,17,31,-1,-1,0
4939091,34,18,-1,-1,5
4941308,57,19,-1,-1,2
4935439,2,40,-1,-1,3
4941360,35,28,-1,-1,0
4935846,32,13,-1,-1,6
4942015,27,7,-1,-1,7
4931789,24,11,-1,-1,2
4933019,36,46,-1,-1,5
4939920,60,31,-1,-1,6
4941937,15,20,-1,-1,5
4939731,26,6,-1,-1,0
4941097,3,6,-1,-1,5
4941459,25,47,-1,-1,1
4937927,51,24,-1,-1,3
4930697,53,37,-1,-1,0
4941965,39,40,-1,-1,4
4936252,35,32,-1,-1,6
4941237,3,59,-1,-1,5
4941160,56,54,-1,-1,3
4941694,57,48,-1,-1,5
4939335,56,27,-1,-1,3
4941841,27,16,-1,-1,6
4936687,6,30,-1,-1,6
4939264,37,28,-1,-1,6
4938481,51,33,-1,-1,2
4941395,20,56,-1,-1,7
4931837,9,8,-1,-1,1
4938593,32,50,-1,-1,4
4941135,46,18,-1,-1,3
4939643,19,25,-1,-1,3
4940729,53,34,-1,-1,0
4941519,52,40,-1,-1,4
4938345,2,29,-1,-1,5
4939940,6,25,-1,-1,1
4938570,55,40,-1,-1,0
4938812,36,60,-1,-1,0
4937574,54,18,-1,-1,3
4923161,42,20,-1,-1,0
4941815,13,46,-1,-1,1
4940344,60,13,-1,-1,0
4940887,15,37,-1,-1,1
4942149,4,39,-1,-1,0
4939419,25,15,-1,-1,4
4936797,24,0,-1,-1,0
4937392,25,56,-1,-1,1
4938540,33,37,-1,-1,1
4937046,25,17,-1,-1,2
4938497,54,11,-1,-1,2
4902900,1,56,-1,-1,0
4939361,17,41,-1,-1,6
4939539,58,32,-1,-1,7
4939945,53,57,-1,-1,6
4938943,18,42,-1,-1,5
4941968,57,59,-1,-1,2
4940012,28,51,-1,-1,2
4941567,48,47,-1,-1,0
4940370,24,27,-1,-1,6
4930629,48,61,-1,-1,2
4939874,6,26,-1,-1,7
4942071,21,28,-1,-1,5
4941902,55,38,-1,-1,7
4940813,2,16,-1,-1,0
4934031,39,12,-1,-1,2
4939897,10,13,-1,-1,1
4937443,27,36,-1,-1,4
4929389,2,1,-1,-1,1
4942122,28,59,-1,-1,2
4935908,16,46,-1,-1,4
4936849,28,33,-1,-1,0
4938640,58,43,-1,-1,1
4931602,11,6,-1,-1,4
4939784,1,38,-1,-1,1
4935958,43,13,-1,-1,3
4940078,24,31,-1,-1,4
4940782,56,51,-1,-1,3
4927757,61,61,-1,-1,3
4941552,51,28,-1,-1,6
4935700,5,8,-1,-1,2
4939771,23,40,-1,-1,1
4940601,21,59,-1,-1,6
4941266,52,19,-1,-1,3
4939886,51,26,-1,-1,4
4937158,22,40,-1,-1,6
4927453,55,19,-1,-1,0
4941992,34,37,-1,-1,4
4941275,32,26,-1,-1,4
4941680,11,33,-1,-1,3
4932482,3,57,-1,-1,3
4942099,61,14,-1,-1,0
4938704,59,37,-1,-1,1
4932959,17,54,-1,-1,2
4939604,30,44,-1,-1,1
4941040,29,18,-1,-1,4
4937413,47,61,-1,-1,1
4935800,5,38,-1,-1,2
4937460,21,0,-1,-1,5
4941260,23,14,-1,-1,6
4936257,2,49,-1,-1,2
4941196,32,21,-1,-1,6
4939385,49,24,-1,-1,2
4939681,34,23,-1,-1,1
4932843,55,25,-1,-1,3
4939291,3,51,-1,-1,2
4941116,29,15,-1,-1,1
4940245,5,41,-1,-1,3
4937603,25,20,-1,-1,5
4937149,26,5,-1,-1,7
4933651,53,31,-1,-1,0
4936931,10,25,-1,-1,3
4927687,60,61,-1,-1,3
4940877,61,42,-1,-1,6
4935673,15,17,-1,-1,4
4937802,29,34,-1,-1,1
4941861,60,43,-1,-1,2
4939891,10,51,-1,-1,4
4940264,38,59,-1,-1,4
4938314,50,20,-1,-1,2
4934702,11,12,-1,-1,3
4936582,0,42,-1,-1,1
4941456,16,53,-1,-1,7
4939340,35,4,-1,-1,6
4940581,58,25,-1,-1,4
4937854,53,40,-1,-1,1
4936416,38,49,-1,-1,1
4940203,36,26,-1,-1,3
4941373,21,5,-1,-1,1
4933904,45,53,-1,-1,2
4941715,57,50,-1,-1,2
4935260,2,37,-1,-1,5
4941072,8,49,-1,-1,2
4935309,6,52,-1,-1,0
4937684,48,1,-1,-1,3
4942053,15,35,-1,-1,7
4942125,18,17,-1,-1,7
4942181,28,32,-1,-1,5
4940816,0,58,-1,-1,6
4926875,52,61,-1,-1,5
4936578,12,2,-1,-1,1
4941891,48,59,-1,-1,7
4932573,39,4,-1,-1,4
4942192,18,25,-1,-1,2
4940479,18,37,-1,-1,1
4937344,37,51,-1,-1,7
4937936,60,46,-1,-1,3
4935797,24,10,-1,-1,5
4934966,29,0,-1,-1,0
4931366,54,38,-1,-1,5
4940201,27,12,-1,-1,1
4942163,60,4,-1,-1,2
4941944,32,31,-1,-1,3
4939131,30,32,-1,-1,6
4938208,13,41,-1,-1,2
4939102,10,50,-1,-1,1
4935089,5,25,-1,-1,3
4941892,16,29,-1,-1,0
4941834,34,41,-1,-1,7
4939538,33,29,-1,-1,7
4937982,20,27,-1,-1,1
4942117,61,31,-1,-1,7
4938148,38,30,-1,-1,1
4941620,15,10,-1,-1,5
4941591,14,26,-1,-1,7
4938589,24,12,-1,-1,5
4939243,12,26,-1,-1,4
4940518,21,7,-1,-1,5
4940202,5,2,-1,-1,3
4937388,38,35,-1,-1,0
4937541,20,41,-1,-1,7
4940659,20,22,-1,-1,0
4939206,33,24,-1,-1,1
4931762,58,6,-1,-1,3
4940624,31,18,-1,-1,1
4937472,58,13,-1,-1,2
4941491,11,42,-1,-1,6
4940250,60,52,-1,-1,2
4940056,16,4,-1,-1,2
4940882,19,59,-1,-1,5
4939652,43,33,-1,-1,0
4942097,45,57,-1,-1,7
4933012,40,54,-1,-1,1
4940131,32,7,-1,-1,0
4939457,21,57,-1,-1,7
4938976,9,52,-1,-1,3
4941492,5,36,-1,-1,6
4941900,11,52,-1,-1,0
4938113,14,19,-1,-1,7
4935235,39,38,-1,-1,1
4938900,12,19,-1,-1,6
4940423,32,16,-1,-1,7
4933801,0,9,-1,-1,1
4936299,13,55,-1,-1,3
4932723,7,32,-1,-1,3
4940233,51,34,-1,-1,0
4941279,56,17,-1,-1,5
4937696,1,41,-1,-1,6
4940686,58,46,-1,-1,3
4941667,57,17,-1,-1,3
4938932,16,44,-1,-1,5
4934435,58,45,-1,-1,1
4940934,44,3,-1,-1,6
4937999,26,12,-1,-1,4
4940560,55,58,-1,-1,5
4938791,16,61,-1,-1,7
4930045,20,7,-1,-1,0
4939798,18,14,-1,-1,5
4940727,5,24,-1,-1,6
4936826,24,18,-1,-1,1
4934250,14,17,-1,-1,0
4941179,37,21,-1,-1,6
4939511,2,5,-1,-1,0
4940708,33,18,-1,-1,1
4940957,15,5,-1,-1,0
4936917,37,4,-1,-1,2
4931979,61,58,-1,-1,0
4941979,41,50,-1,-1,5
4929214,19,13,-1,-1,2
4940138,12,12,-1,-1,5
4929747,58,1,-1,-1,3
4941637,33,36,-1,-1,5
4940951,5,15,-1,-1,4
4940798,61,60,-1,-1,6
4941844,6,57,-1,-1,5
4930839,39,34,-1,-1,1
4941048,4,24,-1,-1,0
4939693,4,38,-1,-1,5
4941677,55,3,-1,-1,4
4936139,54,9,-1,-1,1
4937785,50,35,-1,-1,3
4933689,31,47,-1,-1,1
4938055,26,30,-1,-1,1
4937720,19,53,-1,-1,7
4941389,3,55,-1,-1,2
4940502,28,17,-1,-1,0
4940420,4,31,-1,-1,1
4941953,56,21,-1,-1,1
4921887,50,49,-1,-1,1
4938500,47,34,-1,-1,4
4941166,14,47,-1,-1,6
4941664,15,24,-1,-1,7
4938375,59,50,-1,-1,1
4940944,49,8,-1,-1,2
4939067,44,12,-1,-1,1
4938880,28,14,-1,-1,0
4937643,23,2,-1,-1,2
4941568,3,49,-1,-1,4
4939454,29,59,-1,-1,7
4940645,43,1,-1,-1,6
4940162,14,8,-1,-1,0
4935962,3,31,-1,-1,0
4938676,60,22,-1,-1,6
4938673,27,8,-1,-1,0
4936282,10,26,-1,-1,6
4932692,56,31,-1,-1,4
4938505,25,4,-1,-1,1
4941468,45,54,-1,-1,2
4933398,54,24,-1,-1,6
4929122,9,17,-1,-1,7
4937418,3,32,-1,-1,1
4937925,50,52,-1,-1,4
4941919,25,37,-1,-1,0
4940009,11,11,-1,-1,5
4942005,26,31,-1,-1,7
4940022,14,51,-1,-1,4
4936082,15,49,-1,-1,7
4941215,0,32,-1,-1,5
4940712,35,24,-1,-1,5
4934128,45,11,-1,-1,6
4939626,42,7,-1,-1,3
4936142,51,18,-1,-1,6
4940630,61,19,-1,-1,6
4941679,46,19,-1,-1,4
4941590,13,16,-1,-1,0
4939986,57,11,-1,-1,4
4935617,2,58,-1,-1,4
4924041,21,32,-1,-1,7
4930558,3,20,-1,-1,3
4941593,6,13,-1,-1,3
4940073,38,53,-1,-1,3
4939412,22,39,-1,-1,3
4939366,6,4,-1,-1,5
4933182,58,3,-1,-1,7
4937329,33,47,-1,-1,4
4941525,22,28,-1,-1,4
4928761,8,27,-1,-1,3
4941725,5,7,-1,-1,7
4942047,13,45,-1,-1,7
4938601,50,26,-1,-1,4
4937159,48,30,-1,-1,4
4932468,56,57,-1,-1,0
4938409,47,25,-1,-1,5
4940240,15,8,-1,-1,1
4934635,10,14,-1,-1,0
4941712,41,53,-1,-1,0
4941798,20,2,-1,-1,4
4939039,1,17,-1,-1,5
4938460,11,39,-1,-1,3
4918085,8,39,-1,-1,5
4933111,14,25,-1,-1,5
4941454,13,20,-1,-1,7
4933930,33,16,-1,-1,3
4939433,5,48,-1,-1,1
4925560,34,20,-1,-1,0
4939871,19,0,-1,-1,6
4932075,19,22,-1,-1,3
4935494,36,47,-1,-1,6
4940525,30,51,-1,-1,0
4938725,4,20,-1,-1,3
4941695,43,51,-1,-1,1
4940157,22,1,-1,-1,3
4939213,50,19,-1,-1,7
4940392,37,27,-1,-1,6
4937130,45,26,-1,-1,5
4937191,23,8,-1,-1,1
4938164,20,8,-1,-1,7
4935653,34,53,-1,-1,6
4941603,19,26,-1,-1,7
4939755,49,14,-1,-1,5
4938846,7,14,-1,-1,6
4940755,37,31,-1,-1,5
4936474,39,6,-1,-1,2
4940283,18,28,-1,-1,1
4941550,17,53,-1,-1,3
4940260,9,5,-1,-1,7
4940764,47,50,-1,-1,2
4936287,21,23,-1,-1,4
4938062,6,58,-1,-1,7
4941134,22,56,-1,-1,6
4940947,15,25,-1,-1,4
4939012,35,7,-1,-1,7
4936685,55,46,-1,-1,1
4941660,42,48,-1,-1,3
4937393,53,52,-1,-1,6
4942199,30,21,-1,-1,6
4941154,10,5,-1,-1,3
4941851,12,32,-1,-1,1
4938693,26,14,-1,-1,3
4938058,31,51,-1,-1,7
4934474,40,46,-1,-1,1
4931080,59,58,-1,-1,5
4941173,18,7,-1,-1,6
4934598,15,46,-1,-1,3
4937704,32,25,-1,-1,7
4926566,13,52,-1,-1,6
4940621,4,7,-1,-1,2
4937547,58,35,-1,-1,0
4938039,51,2,-1,-1,0
4936281,18,35,-1,-1,5
4937632,42,16,-1,-1,6
4942136,41,41,-1,-1,3
4936620,37,12,-1,-1,0
4941111,34,6,-1,-1,2
4940182,13,6,-1,-1,6
4939739,23,19,-1,-1,4
4940374,19,54,-1,-1,5
4941225,5,20,-1,-1,3
4932624,1,14,-1,-1,2
4938651,5,52,-1,-1,0
4941542,48,41,-1,-1,5
4941773,16,52,-1,-1,7
4939817,17,30,-1,-1,5
4939536,51,46,-1,-1,7
4938067,39,23,-1,-1,6
4936216,11,25,-1,-1,0
4942030,0,1,-1,-1,3
4936725,47,8,-1,-1,3
4939647,27,35,-1,-1,0
4938723,32,11,-1,-1,5
4930691,42,2,-1,-1,0
4937920,15,43,-1,-1,0
4940409,60,0,-1,-1,7
4930516,26,41,-1,-1,4
4938499,26,8,-1,-1,4
4939721,43,25,-1,-1,6
4940805,3,60,-1,-1,1
4937626,60,14,-1,-1,3
4941077,20,28,-1,-1,3
4941993,2,50,-1,-1,6
4941610,7,2,-1,-1,4
4938866,15,14,-1,-1,5
4941332,46,41,-1,-1,7
4940788,28,15,-1,-1,4
4938581,43,5,-1,-1,1
4937152,59,18,-1,-1,6
4935533,60,60,-1,-1,3
4940052,3,13,-1,-1,3
4941069,25,23,-1,-1,5
4941467,51,39,-1,-1,5
4940642,4,18,-1,-1,2
4940307,1,47,-1,-1,2
4938502,50,18,-1,-1,7
4939098,31,50,-1,-1,0
4932050,7,54,-1,-1,6
4941405,17,39,-1,-1,4
4938796,54,28,-1,-1,4
4941655,22,29,-1,-1,7
4926143,23,29,-1,-1,3
4937559,42,18,-1,-1,0
4938789,30,14,-1,-1,5
4936516,42,36,-1,-1,2
4933181,46,14,-1,-1,3
4941839,12,58,-1,-1,6
4931090,53,55,-1,-1,7
4940473,45,6,-1,-1,3
4940809,47,0,-1,-1,4
4933748,0,25,-1,-1,7
4938736,14,0,-1,-1,0
4928264,6,2,-1,-1,0
4938219,32,20,-1,-1,0
4938650,23,37,-1,-1,4
4938400,14,33,-1,-1,4
4941690,52,14,-1,-1,4
4939332,45,32,-1,-1,5
4940292,38,56,-1,-1,0
4941774,44,10,-1,-1,0
4934501,10,45,-1,-1,2
4940749,53,23,-1,-1,4
4939777,21,14,-1,-1,3
4936911,39,43,-1,-1,0
4940050,35,14,-1,-1,0
4940163,49,19,-1,-1,5
4941101,16,57,-1,-1,3
4940465,20,35,-1,-1,6
4941739,54,52,-1,-1,6
4935348,8,10,-1,-1,0
4940485,39,37,-1,-1,7
4940301,21,53,-1,-1,6
4926596,56,29,-1,-1,3
4941036,29,5,-1,-1,5
4938176,59,40,-1,-1,2
4941918,54,8,-1,-1,1
4941585,10,43,-1,-1,7
4942041,44,32,-1,-1,6
4940451,35,19,-1,-1,2
4939038,18,31,-1,-1,1
4939679,43,10,-1,-1,3
4937799,58,60,-1,-1,4
4932266,45,0,-1,-1,7
4936354,10,36,-1,-1,5
4932083,27,29,-1,-1,3
4938730,45,46,-1,-1,5
4920737,15,27,-1,-1,2
4938528,57,38,-1,-1,2
4937828,40,8,-1,-1,7
4941697,43,56,-1,-1,2
4941239,60,45,-1,-1,5
4939942,54,25,-1,-1,6
4937118,9,3,-1,-1,1
4932849,27,28,-1,-1,2
4941381,47,19,-1,-1,1
4937308,20,3,-1,-1,0
4936156,56,41,-1,-1,6
4940786,54,10,-1,-1,4
4940008,42,56,-1,-1,7
4940406,31,41,-1,-1,7
4942106,57,37,-1,-1,2
4941908,37,50,-1,-1,7
4938767,59,55,-1,-1,7
4931304,52,26,-1,-1,5
4938163,28,16,-1,-1,4
4937364,45,3,-1,-1,4
4940837,52,29,-1,-1,6
4938662,58,57,-1,-1,7
4940974,43,38,-1,-1,5
4941407,45,9,-1,-1,5
4937655,24,39,-1,-1,3
4937512,22,8,-1,-1,7
4928186,22,10,-1,-1,4
4935362,21,26,-1,-1,4
4935432,27,4,-1,-1,3
4938781,25,48,-1,-1,5
4939826,38,25,-1,-1,7
4941976,38,19,-1,-1,1
4941775,55,47,-1,-1,0
4941361,29,56,-1,-1,5
4940229,10,9,-1,-1,0
4941806,52,50,-1,-1,7
4939480,53,38,-1,-1,1
4938533,17,7,-1,-1,5
4939442,26,37,-1,-1,2
4941169,25,5,-1,-1,1
4938572,35,40,-1,-1,5
4940143,29,55,-1,-1,1
4936771,17,60,-1,-1,3
4941817,57,0,-1,-1,2
4937839,30,39,-1,-1,4
4941556,24,22,-1,-1,6
4941216,52,27,-1,-1,3
4940457,51,52,-1,-1,5
4941884,6,50,-1,-1,1
4940943,31,31,-1,-1,4
4937336,16,15,-1,-1,4
4940980,27,37,-1,-1,7
4937961,57,27,-1,-1,3
4939050,61,50,-1,-1,4
4940688,50,41,-1,-1,5
4939801,58,50,-1,-1,6
4938295,11,31,-1,-1,7
4940978,51,32,-1,-1,7
4939993,13,54,-1,-1,5
4938766,43,48,-1,-1,4
4937496,10,38,-1,-1,1
4938451,26,48,-1,-1,5
4940576,30,23,-1,-1,6
4934010,28,56,-1,-1,7
4937773,52,38,-1,-1,1
4936254,31,21,-1,-1,6
4937000,39,33,-1,-1,6
4936560,30,30,-1,-1,0
4938701,1,12,-1,-1,5
4940376,61,25,-1,-1,5
4940346,23,61,-1,-1,1
4939313,13,24,-1,-1,5
4941635,54,39,-1,-1,7
4937190,18,24,-1,-1,4
4939233,24,35,-1,-1,2
4940952,27,38,-1,-1,3
4939566,44,1,-1,-1,5
4933025,17,12,-1,-1,3
4938204,46,43,-1,-1,3
4939896,29,32,-1,-1,3
4942064,40,43,-1,-1,6
4940909,34,16,-1,-1,3
4932171,12,61,-1,-1,4
4941850,14,28,-1,-1,3
4941927,52,48,-1,-1,3
4939401,44,50,-1,-1,2
4936328,33,28,-1,-1,4
4941335,51,9,-1,-1,4
4916193,3,4,-1,-1,6
4939397,22,5,-1,-1,3
4940254,2,44,-1,-1,2
4931207,26,53,-1,-1,4
4940299,35,45,-1,-1,6
4939634,59,22,-1,-1,0
4941400,56,39,-1,-1,7
4935416,8,3,-1,-1,6
4942039,27,58,-1,-1,2
4936517,51,13,-1,-1,3
4941289,41,48,-1,-1,5
4936882,38,6,-1,-1,6
4937896,33,12,-1,-1,2
4942076,56,58,-1,-1,2
4932304,22,31,-1,-1,5
4939240,41,30,-1,-1,2
4939500,47,47,-1,-1,1
4941383,45,20,-1,-1,3
4940139,49,61,-1,-1,7
4941565,21,24,-1,-1,0
4936651,50,30,-1,-1,6
4939564,24,30,-1,-1,2
4934845,41,0,-1,-1,2
4939705,37,40,-1,-1,5
4935761,49,21,-1,-1,6
4941034,36,41,-1,-1,6
4938957,37,8,-1,-1,1
4935688,8,25,-1,-1,5
4940064,16,0,-1,-1,7
4941203,6,3,-1,-1,5
4939907,18,1,-1,-1,3
4940822,48,25,-1,-1,6
4936081,59,27,-1,-1,7
4940765,14,3,-1,-1,4
4935452,41,19,-1,-1,6
4941922,24,28,-1,-1,4
4936636,15,52,-1,-1,1
4940405,5,23,-1,-1,3
4938830,11,23,-1,-1,6
4941905,41,13,-1,-1,5
4938501,5,30,-1,-1,0
4939540,21,20,-1,-1,2
4941625,5,11,-1,-1,6
4939198,35,26,-1,-1,4
4939666,41,57,-1,-1,7
4939175,44,39,-1,-1,3
4940778,13,50,-1,-1,3
4941853,9,18,-1,-1,7
4942091,6,7,-1,-1,2
4941674,51,47,-1,-1,0
4941268,34,15,-1,-1,3
4940705,41,56,-1,-1,1
4942183,38,51,-1,-1,6
4937353,46,30,-1,-1,1
4936171,47,58,-1,-1,0
4939814,42,57,-1,-1,4
4942185,16,14,-1,-1,3
4941007,55,41,-1,-1,0
4940981,57,6,-1,-1,6
4937842,56,33,-1,-1,5
4941640,25,58,-1,-1,0
4935652,13,31,-1,-1,1
4929270,60,2,-1,-1,4
4939781,33,57,-1,-1,3
4941137,9,54,-1,-1,7
4929203,42,39,-1,-1,3
4938017,53,10,-1,-1,2
4941824,59,25,-1,-1,6
4938603,27,57,-1,-1,5
4941242,20,19,-1,-1,0
4935193,22,47,-1,-1,2
4942161,40,12,-1,-1,0
4942172,24,41,-1,-1,2
4938060,43,43,-1,-1,7
4940605,29,10,-1,-1,0
4939162,25,22,-1,-1,5
4940383,40,2,-1,-1,2
4936118,15,45,-1,-1,1
4939709,48,0,-1,-1,2
4936867,19,55,-1,-1,2
4939969,58,37,-1,-1,6
4940570,40,18,-1,-1,3
4940592,58,49,-1,-1,6
4941986,26,40,-1,-1,6
4940644,5,46,-1,-1,0
4940833,4,9,-1,-1,1
4939399,46,8,-1,-1,6
4940032,22,60,-1,-1,2
4942050,45,19,-1,-1,5
4939077,54,5,-1,-1,1
4940639,55,21,-1,-1,2
4940427,4,61,-1,-1,3
4939481,31,29,-1,-1,0
4939014,3,9,-1,-1,2
4932153,33,32,-1,-1,6
4936150,14,39,-1,-1,1
4936153,40,61,-1,-1,7
4941611,46,5,-1,-1,4
4941205,25,38,-1,-1,0
4941478,46,54,-1,-1,7
4939685,58,52,-1,-1,7
4933177,16,59,-1,-1,3
4931698,11,3,-1,-1,1
4940378,2,30,-1,-1,2
4940320,5,22,-1,-1,6
4935832,28,11,-1,-1,7
4940089,56,22,-1,-1,6
4941607,49,41,-1,-1,5
4937656,46,31,-1,-1,3
4940766,18,27,-1,-1,5
4941857,48,31,-1,-1,1
4941977,19,40,-1,-1,3
4941737,7,9,-1,-1,2
4939358,26,29,-1,-1,0
4938494,43,42,-1,-1,0
4938622,19,17,-1,-1,0
4939002,40,16,-1,-1,3
4941956,24,54,-1,-1,5
4941310,13,43,-1,-1,6
4932012,37,10,-1,-1,4
4935311,5,31,-1,-1,6
4936542,19,44,-1,-1,2
4937907,39,16,-1,-1,3
4940656,41,15,-1,-1,1
4941747,51,7,-1,-1,6
4932818,55,12,-1,-1,4
4933880,33,43,-1,-1,0
4940998,36,8,-1,-1,4
4939902,6,37,-1,-1,6
4937898,17,17,-1,-1,6
4937740,36,54,-1,-1,0
4941959,28,41,-1,-1,1
4934596,41,24,-1,-1,2
4934630,12,56,-1,-1,6
4938166,27,10,-1,-1,0
4938705,61,21,-1,-1,1
4941989,59,13,-1,-1,5
4941866,12,45,-1,-1,2
4937812,32,5,-1,-1,7
4942012,41,17,-1,-1,0
4941546,36,3,-1,-1,5
4941809,6,18,-1,-1,5
4933701,0,20,-1,-1,3
4940384,19,29,-1,-1,5
4940230,53,44,-1,-1,5
4941396,27,54,-1,-1,2
4930135,48,17,-1,-1,5
4939889,50,55,-1,-1,1
4941885,2,38,-1,-1,5
4932379,18,59,-1,-1,7
4941551,52,58,-1,-1,2
4941234,33,10,-1,-1,6
4936765,51,11,-1,-1,5
4933950,31,23,-1,-1,7
4939624,59,35,-1,-1,4
4936389,23,34,-1,-1,6
4941413,8,51,-1,-1,0
4916924,32,12,-1,-1,6
4941913,25,1,-1,-1,7
4938904,56,61,-1,-1,5
4941779,36,51,-1,-1,0
4937932,29,3,-1,-1,2
4941210,35,5,-1,-1,1
4935869,51,0,-1,-1,0
4941923,43,45,-1,-1,6
4941768,11,26,-1,-1,2
4935631,14,52,-1,-1,4
4940589,43,0,-1,-1,2
4938442,39,30,-1,-1,2
4939877,53,49,-1,-1,5
4931130,30,35,-1,-1,5
4936305,48,23,-1,-1,4
4935677,41,58,-1,-1,2
4941804,6,44,-1,-1,7
4940904,10,48,-1,-1,7
4938297,37,41,-1,-1,5
4937724,1,15,-1,-1,1
4937428,36,20,-1,-1,1
4938538,54,43,-1,-1,1
4940670,14,40,-1,-1,0
4941972,51,20,-1,-1,3
4941545,12,29,-1,-1,0
4939147,11,2,-1,-1,4
4940223,25,29,-1,-1,7
4941170,46,46,-1,-1,1
4936489,29,60,-1,-1,1
4938264,4,14,-1,-1,7
4939722,50,12,-1,-1,5
4941171,9,45,-1,-1,4
4940886,31,14,-1,-1,0
4938780,14,27,-1,-1,0
4940584,21,36,-1,-1,3
4939189,19,14,-1,-1,3
4926936,6,33,-1,-1,7
4936589,38,17,-1,-1,7
4939380,34,38,-1,-1,4
4942174,30,0,-1,-1,2
4940650,43,50,-1,-1,4
4939732,22,54,-1,-1,7
4938881,3,48,-1,-1,0
4922795,5,53,-1,-1,5
4938967,41,61,-1,-1,4
4942148,8,5,-1,-1,2
4938815,26,54,-1,-1,0
4940492,25,12,-1,-1,7
4941818,23,0,-1,-1,4
4940979,53,61,-1,-1,4
4940414,54,47,-1,-1,0
4939221,7,43,-1,-1,6
4941244,9,43,-1,-1,5
4941009,38,9,-1,-1,7
4936131,12,18,-1,-1,5
4941222,14,15,-1,-1,1
4933053,24,55,-1,-1,1
4939088,30,61,-1,-1,6
4939866,26,56,-1,-1,6
4936936,0,12,-1,-1,2
4941561,27,23,-1,-1,6
4940445,32,43,-1,-1,2
4929995,52,5,-1,-1,1
4936465,33,9,-1,-1,3
4940747,1,30,-1,-1,7
4941057,53,18,-1,-1,4
4936129,59,9,-1,-1,4
4939799,24,7,-1,-1,5
4941718,58,17,-1,-1,3
4934781,12,54,-1,-1,4
4936391,59,46,-1,-1,6
4938197,9,12,-1,-1,6
4941574,23,17,-1,-1,5
4939858,7,12,-1,-1,6
4938326,55,54,-1,-1,5
4941006,7,17,-1,-1,5
4937950,22,6,-1,-1,6
4939352,7,19,-1,-1,4
4940931,20,10,-1,-1,3
4940817,61,48,-1,-1,4
4937572,39,28,-1,-1,7
4941117,34,33,-1,-1,1
4936945,8,52,-1,-1,1
4941483,15,56,-1,-1,5
4931503,20,0,-1,-1,0
4934441,20,4,-1,-1,7
4940140,43,35,-1,-1,2
4938422,21,11,-1,-1,2
4933789,32,1,-1,-1,0
4935465,52,46,-1,-1,6
4941155,23,3,-1,-1,4
4940844,0,26,-1,-1,2
4940400,31,11,-1,-1,6
4941475,54,15,-1,-1,0
4941078,1,5,-1,-1,3
4941657,14,29,-1,-1,7
4937943,61,29,-1,-1,5
4939168,38,15,-1,-1,4
4937293,9,6,-1,-1,0
4940768,28,26,-1,-1,6
4941714,7,47,-1,-1,6
4937681,0,53,-1,-1,7
4940776,34,59,-1,-1,7
4939178,17,37,-1,-1,1
4935041,49,11,-1,-1,5
4940328,8,4,-1,-1,0
4940793,33,48,-1,-1,7
4942087,12,31,-1,-1,5
4941748,16,41,-1,-1,7
4938446,32,42,-1,-1,3
4938379,53,43,-1,-1,5
4940366,16,56,-1,-1,1
4938567,61,34,-1,-1,5
4941453,4,59,-1,-1,2
4939724,11,10,-1,-1,0
4936922,48,18,-1,-1,7
4941228,35,61,-1,-1,1
4938629,55,42,-1,-1,1
4941753,9,41,-1,-1,5
4939944,12,36,-1,-1,3
4941309,35,3,-1,-1,0
4935342,23,27,-1,-1,7
4941588,1,6,-1,-1,4
4936657,21,3,-1,-1,5
4936141,45,13,-1,-1,1
4939017,46,17,-1,-1,7
4939615,19,28,-1,-1,5
4936190,35,8,-1,-1,0
4941133,7,55,-1,-1,3
4941554,31,59,-1,-1,5
4936623,59,1,-1,-1,1
4938548,20,18,-1,-1,7
4940818,45,45,-1,-1,1
4941571,9,13,-1,-1,4
4939387,3,35,-1,-1,1
4937825,57,7,-1,-1,0
4935326,15,6,-1,-1,5
4933250,47,2,-1,-1,4
4940259,46,34,-1,-1,5
4941017,4,19,-1,-1,4
4942092,55,33,-1,-1,6
4941263,30,22,-1,-1,2
4939998,2,32,-1,-1,1
4937298,8,12,-1,-1,0
4936053,33,53,-1,-1,1
4940982,37,48,-1,-1,6
4940272,39,61,-1,-1,5
4935191,31,10,-1,-1,1
4934341,59,57,-1,-1,6
4940101,39,54,-1,-1,6
4938732,43,52,-1,-1,5
4940017,39,27,-1,-1,7
4938334,17,10,-1,-1,1
4938625,31,38,-1,-1,2
4940963,22,11,-1,-1,5
4940530,57,24,-1,-1,3
4935484,58,15,-1,-1,0
4929606,15,57,-1,-1,2
4940613,54,22,-1,-1,4
4935066,56,49,-1,-1,4
4939310,56,8,-1,-1,3
4941105,22,52,-1,-1,3
4942186,44,0,-1,-1,2
4940702,26,18,-1,-1,3
4939882,10,19,-1,-1,1
4932889,40,37,-1,-1,1
4921858,3,12,-1,-1,0
4939174,42,29,-1,-1,0
4940744,8,8,-1,-1,5
4940464,41,36,-1,-1,3
4940889,18,8,-1,-1,1
4937280,37,14,-1,-1,6
4940555,11,38,-1,-1,5
4932631,24,25,-1,-1,5
4940169,30,52,-1,-1,6
4938688,42,34,-1,-1,2
4940456,46,29,-1,-1,6
4937897,32,53,-1,-1,1
4940351,38,4,-1,-1,2
4939444,31,4,-1,-1,6
4940460,59,45,-1,-1,0
4942113,41,2,-1,-1,7
4937987,32,6,-1,-1,3
4939892,44,36,-1,-1,2
4941553,2,24,-1,-1,4
4940505,41,22,-1,-1,4
4939613,50,14,-1,-1,4
4940902,43,8,-1,-1,6
4939231,39,46,-1,-1,3
4942147,45,22,-1,-1,3
4936300,44,18,-1,-1,7
4938330,46,11,-1,-1,4
4938201,15,44,-1,-1,6
4936262,22,13,-1,-1,1
4935806,35,33,-1,-1,1
4942066,38,27,-1,-1,4
4939888,61,46,-1,-1,2
4942068,2,35,-1,-1,2
4941961,34,29,-1,-1,5
4935118,45,4,-1,-1,7
4941104,8,38,-1,-1,2
4938190,42,40,-1,-1,0
4940627,1,29,-1,-1,2
4941068,31,12,-1,-1,3
4937136,14,2,-1,-1,1
4938754,38,48,-1,-1,2
4938419,37,32,-1,-1,0
4935220,0,0,-1,-1,0
4935877,5,18,-1,-1,1
4941647,44,26,-1,-1,6
4933342,42,3,-1,-1,0
4937422,49,49,-1,-1,0
4940693,59,5,-1,-1,3
4941767,20,42,-1,-1,3
4939849,41,16,-1,-1,2
4931701,25,43,-1,-1,3
4934186,36,59,-1,-1,3
4940067,57,51,-1,-1,5
4939018,54,14,-1,-1,7
4937458,18,51,-1,-1,6
4940404,52,13,-1,-1,5
4937482,3,39,-1,-1,1
4936968,4,3,-1,-1,5
4933038,5,6,-1,-1,6
4940227,39,55,-1,-1,2
4934267,8,43,-1,-1,4
4941495,24,6,-1,-1,0
4942178,46,32,-1,-1,4
4932099,57,58,-1,-1,0
4938191,21,27,-1,-1,1
4927315,42,44,-1,-1,4
4937774,51,48,-1,-1,5
4938990,9,59,-1,-1,3
4939756,39,36,-1,-1,7
4934837,52,4,-1,-1,7
4933917,18,4,-1,-1,6
4940166,16,47,-1,-1,5
4941720,46,10,-1,-1,5
4939217,7,48,-1,-1,5
4941163,15,1,-1,-1,7
4935980,52,44,-1,-1,6
4941962,39,51,-1,-1,3
4934566,9,50,-1,-1,7
4940579,6,40,-1,-1,3
4942118,48,56,-1,-1,0
4938189,42,1,-1,-1,4
4937753,60,3,-1,-1,4
4938149,25,13,-1,-1,6
4939473,43,41,-1,-1,0
4941259,59,59,-1,-1,1
4935189,42,17,-1,-1,3
4939622,51,50,-1,-1,6
4938951,24,5,-1,-1,1
4941836,22,44,-1,-1,0
4936986,58,31,-1,-1,2
4936001,38,60,-1,-1,3
4942075,52,36,-1,-1,2
4931144,46,42,-1,-1,2
4941871,43,27,-1,-1,5
4928023,51,35,-1,-1,6
4938744,34,36,-1,-1,4
4939145,43,31,-1,-1,2
4939436,61,47,-1,-1,2
4940214,34,0,-1,-1,0
4939392,4,60,-1,-1,1
4935975,37,45,-1,-1,7
4935807,38,54,-1,-1,3
4939960,58,59,-1,-1,2
4941431,23,25,-1,-1,7
4937184,4,58,-1,-1,5
4941497,49,35,-1,-1,3
4932558,39,26,-1,-1,3
4941045,12,39,-1,-1,1
4937633,58,16,-1,-1,2
4941297,12,23,-1,-1,4
4936130,32,2,-1,-1,0
4939813,30,49,-1,-1,5
4939629,12,13,-1,-1,5
4941929,52,16,-1,-1,5
4941232,35,6,-1,-1,4
4941162,5,47,-1,-1,6
4936610,53,15,-1,-1,3
4940359,35,15,-1,-1,7
4940874,55,34,-1,-1,4
4935713,33,44,-1,-1,3
4934402,31,3,-1,-1,3
4940975,16,8,-1,-1,5
4942129,5,12,-1,-1,4
4938420,23,49,-1,-1,1
4940843,35,9,-1,-1,0
4939047,49,2,-1,-1,3
4939545,54,26,-1,-1,1
4938279,21,17,-1,-1,6
4942084,43,60,-1,-1,7
4940277,61,59,-1,-1,4
4940856,17,18,-1,-1,0
4940922,26,60,-1,-1,1
4936093,22,33,-1,-1,2
4935232,19,15,-1,-1,3
4934109,60,35,-1,-1,4
4942096,9,10,-1,-1,5
4935330,2,19,-1,-1,6
4940160,29,41,-1,-1,0
4937894,49,53,-1,-1,4
4942155,3,33,-1,-1,1
4939558,47,26,-1,-1,7
4937514,2,10,-1,-1,0
4936225,60,48,-1,-1,7
4932057,45,55,-1,-1,3
4935560,60,6,-1,-1,6
4937044,37,35,-1,-1,4
4941392,29,23,-1,-1,5
4941760,2,8,-1,-1,3
4940375,18,5,-1,-1,2
4923231,9,0,-1,-1,5
4932973,8,46,-1,-1,7
4938177,20,30,-1,-1,2
4940205,8,2,-1,-1,1
4941460,15,55,-1,-1,7
4939638,20,14,-1,-1,1
4939556,18,11,-1,-1,4
4941252,3,47,-1,-1,0
4941374,56,56,-1,-1,5
4940654,24,48,-1,-1,6
4940672,23,18,-1,-1,5
4941247,30,40,-1,-1,4
4938392,24,15,-1,-1,7
4939736,4,32,-1,-1,6
4940608,55,23,-1,-1,5
4940769,52,42,-1,-1,5
4940325,25,42,-1,-1,3
4940940,34,3,-1,-1,6
4937973,36,43,-1,-1,1
4939526,40,14,-1,-1,3
4940851,14,6,-1,-1,5
4936017,32,61,-1,-1,0
4938713,2,6,-1,-1,1
4938917,31,37,-1,-1,1
4934948,18,46,-1,-1,7
4935464,58,14,-1,-1,1
4937491,44,54,-1,-1,4
4941867,50,54,-1,-1,3
4939030,10,27,-1,-1,3
4938272,39,60,-1,-1,4
4938012,38,5,-1,-1,6
4940820,21,21,-1,-1,7
4918712,61,40,-1,-1,0
4933161,33,30,-1,-1,4
4941359,6,49,-1,-1,0
4936652,53,19,-1,-1,5
4941530,23,36,-1,-1,0
4936412,13,37,-1,-1,4
4939350,42,45,-1,-1,2
4941384,8,22,-1,-1,0
4938949,4,26,-1,-1,4
4939408,14,10,-1,-1,5
4940062,30,53,-1,-1,0
4937134,21,45,-1,-1,5
4935435,3,1,-1,-1,7
4939376,28,60,-1,-1,4
4941385,37,56,-1,-1,6
4939489,48,33,-1,-1,0
4937548,47,11,-1,-1,2
4939391,15,29,-1,-1,7
4941146,12,59,-1,-1,2
4937400,24,42,-1,-1,2
4922879,38,3,-1,-1,3
4939104,11,60,-1,-1,4
4934451,12,33,-1,-1,6
4936067,13,0,-1,-1,2
4939020,57,20,-1,-1,3
4941344,0,45,-1,-1,1
4939884,41,33,-1,-1,1
4941566,5,33,-1,-1,2
4934462,21,49,-1,-1,1
4938165,42,14,-1,-1,1
4941010,55,55,-1,-1,0
4941340,31,35,-1,-1,6
4940113,52,7,-1,-1,5
4939582,22,9,-1,-1,3
4941981,41,7,-1,-1,6
4941466,30,26,-1,-1,4
4940273,30,8,-1,-1,1
4936557,34,7,-1,-1,2
4938503,48,8,-1,-1,1
4931517,4,12,-1,-1,7
4939968,7,5,-1,-1,4
4938652,4,16,-1,-1,3
4935810,40,39,-1,-1,0
4936439,38,39,-1,-1,2
4935532,28,53,-1,-1,7
4941772,10,2,-1,-1,5
4934104,36,48,-1,-1,2
4939769,12,48,-1,-1,0
4937904,56,15,-1,-1,6
4929921,54,45,-1,-1,3
4938697,10,41,-1,-1,1
4939820,54,35,-1,-1,7
4939796,42,43,-1,-1,5
4941706,58,5,-1,-1,7
4941895,20,38,-1,-1,1
4937229,41,32,-1,-1,1
4941707,41,47,-1,-1,1
4941931,54,36,-1,-1,0
4938407,29,29,-1,-1,0
4940130,35,10,-1,-1,0
4935083,2,54,-1,-1,2
4940606,18,6,-1,-1,4
4941020,60,54,-1,-1,5
4940958,5,10,-1,-1,6
4937517,42,33,-1,-1,2
4939808,36,17,-1,-1,7
4924401,22,53,-1,-1,1
4941522,17,45,-1,-1,2
4928887,0,5,-1,-1,4
4935138,2,3,-1,-1,1
4938922,23,28,-1,-1,6
4938418,3,54,-1,-1,1
4940294,10,28,-1,-1,3
4940950,30,19,-1,-1,5
4940066,22,42,-1,-1,3
4940110,51,54,-1,-1,0
4942018,11,20,-1,-1,3
4935992,7,59,-1,-1,6
4941206,21,12,-1,-1,3
4933936,14,43,-1,-1,3
4941759,30,36,-1,-1,3
4933451,20,20,-1,-1,5
4940928,28,9,-1,-1,7
4934743,32,28,-1,-1,2
4940411,36,57,-1,-1,5
4938483,4,50,-1,-1,7
4939359,11,50,-1,-1,4
4939345,9,22,-1,-1,2
4941506,40,31,-1,-1,7
4941713,36,50,-1,-1,1
4941950,31,22,-1,-1,3
4938404,40,28,-1,-1,2
4931117,55,7,-1,-1,4
4940867,51,30,-1,-1,7
4940704,35,58,-1,-1,4
4938378,43,37,-1,-1,1
4939961,55,56,-1,-1,6
4941241,22,30,-1,-1,3
4938143,46,55,-1,-1,4
4938424,26,43,-1,-1,6
4941375,33,4,-1,-1,3
4939620,49,30,-1,-1,5
4940149,25,61,-1,-1,0
4940633,47,52,-1,-1,2
4936426,10,61,-1,-1,5
4936820,14,21,-1,-1,5
4942073,26,25,-1,-1,2
4939746,61,5,-1,-1,2
4940913,21,2,-1,-1,3
4937975,58,22,-1,-1,6
4942046,36,39,-1,-1,3
4941982,21,46,-1,-1,3
4938368,5,9,-1,-1,0
4940976,2,28,-1,-1,2
4941770,6,32,-1,-1,6
4941560,18,52,-1,-1,4
4939824,23,41,-1,-1,2
4940609,4,30,-1,-1,0
4937771,24,60,-1,-1,3
4938604,35,17,-1,-1,4
4929549,57,54,-1,-1,6
4939059,32,19,-1,-1,6
4940028,57,45,-1,-1,7
4937555,44,35,-1,-1,3
4941254,39,14,-1,-1,6
4939966,24,17,-1,-1,2
4930999,61,24,-1,-1,7
4937607,7,24,-1,-1,4
4940849,49,18,-1,-1,0
4940541,33,52,-1,-1,4
4939107,32,27,-1,-1,2
4937378,51,17,-1,-1,2
4939207,25,36,-1,-1,1
4939713,0,2,-1,-1,6
4936711,8,56,-1,-1,0
4937233,39,1,-1,-1,6
4934669,51,5,-1,-1,3
4936144,56,14,-1,-1,0
4940075,32,40,-1,-1,1
4936508,60,44,-1,-1,7
4941367,46,58,-1,-1,5
4931330,57,4,-1,-1,2
4941570,2,51,-1,-1,2
4942189,31,28,-1,-1,4
4938431,7,35,-1,-1,3
4935735,56,37,-1,-1,0
4937434,55,5,-1,-1,5
4941028,44,38,-1,-1,7
4941750,15,54,-1,-1,2
4933410,37,57,-1,-1,6
4940539,10,55,-1,-1,7
4942110,50,36,-1,-1,6
4941302,21,44,-1,-1,3
4938735,27,48,-1,-1,4
4941562,60,38,-1,-1,6
4936870,46,4,-1,-1,3
4940597,26,28,-1,-1,2
4940830,32,15,-1,-1,1
4938366,19,21,-1,-1,1
4940133,30,6,-1,-1,7
4940593,24,59,-1,-1,6
4941493,45,51,-1,-1,6
4936762,28,24,-1,-1,7
4933237,27,39,-1,-1,7
4941371,37,61,-1,-1,4
4938234,28,52,-1,-1,7
4941227,57,41,-1,-1,6
4938328,33,14,-1,-1,7
4941532,11,55,-1,-1,1
4940035,46,12,-1,-1,2
4935687,39,56,-1,-1,1
4942048,20,50,-1,-1,7
4941883,42,58,-1,-1,6
4940960,34,42,-1,-1,3
4933275,57,32,-1,-1,5
4940232,50,2,-1,-1,0
4934637,11,49,-1,-1,0
4940054,15,39,-1,-1,3
4941683,49,20,-1,-1,1
4941788,26,19,-1,-1,4
4941218,54,20,-1,-1,5
4937702,32,34,-1,-1,5
4938266,18,13,-1,-1,4
4941849,6,19,-1,-1,7
4940667,35,34,-1,-1,1
4941991,39,9,-1,-1,3
4936291,11,41,-1,-1,1
4939542,48,13,-1,-1,0
4938944,50,40,-1,-1,3
4936279,3,15,-1,-1,5
4942003,44,4,-1,-1,3
4940258,15,32,-1,-1,0
4935890,59,6,-1,-1,6
4941095,17,4,-1,-1,7
4935171,17,27,-1,-1,1
4941358,54,56,-1,-1,3
4939921,44,55,-1,-1,5
4940675,9,33,-1,-1,1
4940079,24,2,-1,-1,2
4937801,53,46,-1,-1,4
4931620,20,55,-1,-1,5
4940684,19,58,-1,-1,0
4936170,18,20,-1,-1,0
4941829,55,29,-1,-1,2
4941477,32,24,-1,-1,7
4938618,34,24,-1,-1,3
4939046,47,29,-1,-1,3
4935866,36,56,-1,-1,5
4939396,14,24,-1,-1,0
4942124,17,44,-1,-1,7
4931813,50,4,-1,-1,0
4942119,60,19,-1,-1,6
4932008,26,58,-1,-1,4
4940965,28,50,-1,-1,5
4939060,2,34,-1,-1,4
4930755,55,57,-1,-1,3
4933519,44,25,-1,-1,6
4937575,16,24,-1,-1,3
4937004,44,46,-1,-1,7
4930706,12,25,-1,-1,3
4937383,18,3,-1,-1,1
4938117,57,49,-1,-1,0
4938130,5,45,-1,-1,6
4937673,38,55,-1,-1,6
4940779,10,10,-1,-1,6
4937033,14,45,-1,-1,6
4937056,23,47,-1,-1,5
4940574,50,50,-1,-1,5
4934709,1,59,-1,-1,3
4941191,44,51,-1,-1,7
4932244,41,35,-1,-1,5
4937164,57,8,-1,-1,2
4941410,59,42,-1,-1,3
4940565,46,13,-1,-1,7
4940865,22,35,-1,-1,4
4941856,40,42,-1,-1,3
4939917,26,17,-1,-1,3
4938776,55,50,-1,-1,5
4938146,59,49,-1,-1,1
4941092,1,11,-1,-1,7
4940176,54,55,-1,-1,5
4940888,12,40,-1,-1,7
4936855,8,9,-1,-1,1
4933277,15,16,-1,-1,3
4941920,14,36,-1,-1,2
4934016,32,37,-1,-1,3
4933165,42,27,-1,-1,4
4938822,55,60,-1,-1,1
4940573,15,7,-1,-1,0
4939719,37,53,-1,-1,4
4942055,42,25,-1,-1,2
4940737,26,13,-1,-1,0
4940526,29,44,-1,-1,5
4941808,59,0,-1,-1,4
4930473,10,53,-1,-1,7
4938106,17,9,-1,-1,1
4942140,37,17,-1,-1,7
4941822,30,28,-1,-1,2
4934925,52,57,-1,-1,5
4941812,51,36,-1,-1,3
4941704,52,17,-1,-1,4
4935734,57,43,-1,-1,0
4939841,27,3,-1,-1,3
4940734,35,57,-1,-1,6
4940440,5,0,-1,-1,3
4936159,23,21,-1,-1,3
4934354,22,2,-1,-1,4
4939776,40,10,-1,-1,4
4940936,36,22,-1,-1,5
4936065,2,11,-1,-1,5
4938252,53,32,-1,-1,4
4936221,51,42,-1,-1,0
4938547,40,50,-1,-1,2
4941686,21,6,-1,-1,1
4938719,38,50,-1,-1,3
4938374,5,16,-1,-1,5
4938687,24,24,-1,-1,6
4941907,36,24,-1,-1,0
4940252,40,17,-1,-1,4
4937686,52,8,-1,-1,0
4936885,21,13,-1,-1,4
4933411,40,57,-1,-1,5
4940309,61,32,-1,-1,2
4938692,50,29,-1,-1,7
4935969,2,15,-1,-1,3
4940900,57,28,-1,-1,3
4938193,36,61,-1,-1,3
4930006,18,29,-1,-1,6
4933770,55,10,-1,-1,7
4940103,36,5,-1,-1,2
4930118,27,51,-1,-1,1
4938346,30,46,-1,-1,7
4940046,43,28,-1,-1,4
4938323,48,5,-1,-1,1
4941527,46,49,-1,-1,1
4942086,59,8,-1,-1,6
4937979,48,57,-1,-1,3
4933179,52,28,-1,-1,0
4932504,55,45,-1,-1,5
4940862,35,44,-1,-1,2
4941516,17,40,-1,-1,7
4933696,27,19,-1,-1,7
4940293,19,19,-1,-1,1
4937939,60,24,-1,-1,0
4941995,10,6,-1,-1,6
4939423,18,47,-1,-1,1
4934700,33,34,-1,-1,3
4939851,35,11,-1,-1,4
4941643,59,47,-1,-1,5
4937996,43,11,-1,-1,6
4938855,31,9,-1,-1,2
4940604,23,10,-1,-1,2
4942126,19,18,-1,-1,4
4942034,53,39,-1,-1,7
4939710,11,32,-1,-1,3
4935740,28,25,-1,-1,1
4936008,40,58,-1,-1,1
4940515,38,57,-1,-1,4
4941499,37,52,-1,-1,5
4939581,55,4,-1,-1,4
4937397,9,42,-1,-1,6
4937470,7,21,-1,-1,5
4935500,60,53,-1,-1,0
4940449,50,57,-1,-1,7
4937078,50,16,-1,-1,0
4940615,6,9,-1,-1,0
4941318,36,52,-1,-1,4
4917385,55,0,-1,-1,2
4938010,25,27,-1,-1,4
4938983,27,22,-1,-1,5
4933486,16,1,-1,-1,5
4940506,39,42,-1,-1,5
4937998,54,33,-1,-1,2
4935004,20,60,-1,-1,1
4941348,3,8,-1,-1,0
4939758,41,18,-1,-1,1
4940297,23,60,-1,-1,7
4935955,57,47,-1,-1,4
4942198,29,7,-1,-1,6
4936737,24,8,-1,-1,1
4941217,58,58,-1,-1,2
4939036,61,36,-1,-1,5
4920184,44,11,-1,-1,4
4937786,20,47,-1,-1,2
4941463,16,10,-1,-1,4
4940692,3,19,-1,-1,7
4941324,49,28,-1,-1,4
4939482,21,22,-1,-1,5
4939339,0,19,-1,-1,2
4931737,58,55,-1,-1,7
4934340,21,60,-1,-1,5
4933913,37,44,-1,-1,4
4937342,19,1,-1,-1,6
4941251,53,21,-1,-1,7
4937067,13,15,-1,-1,5
4940564,5,39,-1,-1,1
4940883,9,40,-1,-1,0
4941943,26,34,-1,-1,4
4941990,47,32,-1,-1,7
4939928,35,56,-1,-1,6
4937742,57,12,-1,-1,1
4941555,47,3,-1,-1,5
4939118,26,4,-1,-1,1
4935640,27,1,-1,-1,5
4933535,60,17,-1,-1,6
4938595,38,10,-1,-1,2
4934762,59,32,-1,-1,4
4939479,15,50,-1,-1,5
4938466,24,4,-1,-1,5
4934015,32,55,-1,-1,4
4938991,52,20,-1,-1,2
4936505,42,30,-1,-1,4
4940836,4,15,-1,-1,3
4941529,36,6,-1,-1,3
4940278,44,15,-1,-1,6
4941295,39,48,-1,-1,6
4934800,19,2,-1,-1,6
4934711,16,35,-1,-1,7
4938779,32,10,-1,-1,1
4942031,16,13,-1,-1,0
4937203,40,24,-1,-1,2
4942101,52,23,-1,-1,1
4939533,37,13,-1,-1,5
4935017,42,41,-1,-1,7
4941336,27,52,-1,-1,2
4941639,0,34,-1,-1,1
4941632,27,21,-1,-1,4
4941056,49,31,-1,-1,4
4939962,56,50,-1,-1,4
4932655,47,16,-1,-1,5
4936918,47,30,-1,-1,2
4940694,11,46,-1,-1,7
4940750,31,5,-1,-1,6
4939694,0,8,-1,-1,1
4939700,20,57,-1,-1,4
4942195,3,11,-1,-1,3
4929488,6,45,-1,-1,0
4936367,51,27,-1,-1,0
4939300,2,60,-1,-1,6
4939862,59,34,-1,-1,6
4936583,46,25,-1,-1,5
4941939,22,23,-1,-1,7
4941761,22,21,-1,-1,0
4942107,3,58,-1,-1,2
4940095,41,6,-1,-1,6
4934536,6,16,-1,-1,7
4935966,55,24,-1,-1,6
4937192,13,34,-1,-1,4
4939926,19,16,-1,-1,2
4936526,15,18,-1,-1,3
4932237,15,38,-1,-1,1
4939201,28,20,-1,-1,0
4938930,42,47,-1,-1,1
4939584,21,18,-1,-1,5
4938724,42,26,-1,-1,3
4937917,2,18,-1,-1,4
4936708,49,33,-1,-1,2
4942024,40,27,-1,-1,3
4939251,59,29,-1,-1,1
4941096,27,49,-1,-1,0
4938382,42,37,-1,-1,6
4939437,5,4,-1,-1,6
4939344,51,56,-1,-1,2
4936054,8,33,-1,-1,2
4939528,27,25,-1,-1,7
4939631,23,42,-1,-1,7
4938087,28,45,-1,-1,1
4922834,19,35,-1,-1,4
4938541,31,13,-1,-1,1
4941066,47,36,-1,-1,4
4940921,33,38,-1,-1,0
4934772,13,14,-1,-1,0
4942200,56,11,-1,-1,3
4940108,52,39,-1,-1,0
4940896,48,15,-1,-1,2
4940795,55,11,-1,-1,0
4941003,54,29,-1,-1,0
4940850,59,4,-1,-1,0
4942036,16,28,-1,-1,7
4941108,47,6,-1,-1,1
4938553,22,36,-1,-1,2
4940263,14,42,-1,-1,4
4924661,36,30,-1,-1,7
4940013,0,60,-1,-1,3
4941496,58,30,-1,-1,6
4932850,48,37,-1,-1,0
4942057,29,37,-1,-1,6
4938079,20,52,-1,-1,4
4934951,20,9,-1,-1,4
4940748,22,26,-1,-1,5
4940246,34,47,-1,-1,7
4938169,35,42,-1,-1,0
4935558,19,57,-1,-1,3
4941303,51,43,-1,-1,5
4917374,41,59,-1,-1,1
4932919,31,1,-1,-1,4
4936435,16,2,-1,-1,4
4939927,49,36,-1,-1,0
4935609,48,22,-1,-1,7
4941402,61,10,-1,-1,0
4941437,23,56,-1,-1,2
4923690,45,25,-1,-1,4
4941347,43,46,-1,-1,5
4939054,1,27,-1,-1,6
4935262,54,37,-1,-1,6
4941403,54,3,-1,-1,4
4940774,46,48,-1,-1,6
4941877,57,35,-1,-1,5
4940908,29,46,-1,-1,2
4934235,50,37,-1,-1,4
4932784,52,25,-1,-1,0
4941180,3,38,-1,-1,5
4937924,48,16,-1,-1,7
4942108,26,35,-1,-1,2
4935071,18,16,-1,-1,4
4940658,4,0,-1,-1,5
4936211,26,52,-1,-1,0
4941732,48,48,-1,-1,4
4939932,50,11,-1,-1,0
4941736,58,51,-1,-1,4
4939908,21,1,-1,-1,6
4938286,34,43,-1,-1,3
4932041,10,1,-1,-1,1
4939330,34,19,-1,-1,3
4940410,12,53,-1,-1,2
4941417,21,33,-1,-1,4
4941586,52,55,-1,-1,5
4938045,43,20,-1,-1,6
4936621,25,35,-1,-1,3
4941145,11,40,-1,-1,6
4936135,8,32,-1,-1,5
4929712,1,25,-1,-1,3
4941401,11,37,-1,-1,3
4941382,11,24,-1,-1,0
4941079,2,26,-1,-1,2
4940937,22,48,-1,-1,2
4919213,31,24,-1,-1,5
4940190,59,11,-1,-1,4
4935020,6,24,-1,-1,3
4934275,26,36,-1,-1,5
4939830,50,47,-1,-1,7
4939448,23,55,-1,-1,3
4942080,55,53,-1,-1,0
4935310,52,10,-1,-1,0
4938076,25,2,-1,-1,3
4938100,47,21,-1,-1,3
4940924,15,53,-1,-1,2
4940954,27,50,-1,-1,5
4941862,43,3,-1,-1,1
4941949,56,3,-1,-1,0
4937052,24,46,-1,-1,7
4941693,25,52,-1,-1,2
4939766,16,58,-1,-1,4
4916221,19,11,-1,-1,2
4937333,17,15,-1,-1,7
4937872,0,61,-1,-1,7
4933653,57,23,-1,-1,2
4940677,59,60,-1,-1,3
4941329,25,54,-1,-1,2
4941341,17,34,-1,-1,5
4938255,27,20,-1,-1,5
4940736,5,44,-1,-1,5
4937554,55,17,-1,-1,4
4936549,15,9,-1,-1,0
4937448,32,44,-1,-1,7
4941909,56,24,-1,-1,5
4940852,51,53,-1,-1,5
4932236,34,4,-1,-1,3
4941558,9,4,-1,-1,2
4939840,55,32,-1,-1,5
4936877,47,51,-1,-1,5
4941813,36,19,-1,-1,4
4931100,34,32,-1,-1,2
4941604,50,15,-1,-1,2
4932806,40,44,-1,-1,6
4940894,32,41,-1,-1,2
4939041,9,14,-1,-1,0
4937846,52,35,-1,-1,7
4936066,39,15,-1,-1,3
4941814,49,0,-1,-1,7
4941569,45,38,-1,-1,2
4941262,29,43,-1,-1,5
4936011,49,26,-1,-1,5
4937116,9,48,-1,-1,0
4939899,28,39,-1,-1,2
4941974,9,21,-1,-1,3
4941609,39,22,-1,-1,2
4940494,33,11,-1,-1,0
4938430,18,39,-1,-1,7
4941409,18,40,-1,-1,5
4940696,44,41,-1,-1,5
4940306,45,24,-1,-1,7
4939247,33,20,-1,-1,3
4937858,56,55,-1,-1,5
4937902,18,21,-1,-1,5
4935826,57,55,-1,-1,4
4942114,50,38,-1,-1,2
4932766,26,22,-1,-1,5
4939843,34,28,-1,-1,4
4940602,7,46,-1,-1,7
4933471,10,30,-1,-1,1
4939475,20,36,-1,-1,3
4941412,31,8,-1,-1,4
4941734,37,59,-1,-1,4
4935947,6,22,-1,-1,2
4941784,10,33,-1,-1,4
4940783,46,15,-1,-1,7
4933857,26,15,-1,-1,1
4939529,58,2,-1,-1,4
4941365,34,60,-1,-1,5
4942042,4,43,-1,-1,0
4940537,30,54,-1,-1,7
4940743,53,11,-1,-1,0
4941473,35,51,-1,-1,1
4931865,34,17,-1,-1,1
4932904,18,54,-1,-1,7
4938950,4,2,-1,-1,5
4941208,47,53,-1,-1,7
4940848,13,4,-1,-1,6
4942002,37,39,-1,-1,5
4940731,40,4,-1,-1,2
4938508,3,7,-1,-1,6
4935698,27,18,-1,-1,2
4940020,19,12,-1,-1,6
4941253,59,44,-1,-1,5
4940612,33,33,-1,-1,5
4938787,28,48,-1,-1,7
4941673,54,53,-1,-1,0
4941219,54,48,-1,-1,7
4938216,11,29,-1,-1,6
4941710,55,14,-1,-1,0
4939632,41,1,-1,-1,6
4935847,54,59,-1,-1,2
4938396,41,60,-1,-1,2
4940274,40,9,-1,-1,0
4939901,11,58,-1,-1,5
4938908,4,35,-1,-1,2
4937596,15,13,-1,-1,4
4940088,31,17,-1,-1,5
4941465,53,53,-1,-1,6
4939821,58,56,-1,-1,5
4938445,36,34,-1,-1,6
4941267,42,60,-1,-1,6
4939954,50,56,-1,-1,4
4940291,17,57,-1,-1,7
4941801,15,60,-1,-1,1
4940322,38,21,-1,-1,6
4941731,14,50,-1,-1,2
4935331,9,29,-1,-1,6
4938959,14,14,-1,-1,4
4941257,24,51,-1,-1,7
4935501,11,56,-1,-1,3
4938925,4,47,-1,-1,7
4939644,13,21,-1,-1,5
4931569,10,56,-1,-1,3
4940436,13,32,-1,-1,2
4942151,53,45,-1,-1,4
4941754,3,26,-1,-1,1
4941983,32,32,-1,-1,6
4940831,45,37,-1,-1,1
4933510,47,57,-1,-1,2
4927676,0,17,-1,-1,1
4941246,9,15,-1,-1,6
4937475,49,47,-1,-1,5
4936386,55,51,-1,-1,6
4941872,60,50,-1,-1,2
4939369,1,46,-1,-1,0
4936290,54,61,-1,-1,3
4942060,37,19,-1,-1,3
4933492,43,22,-1,-1,1
4941564,36,18,-1,-1,6
4935181,16,7,-1,-1,7
4938842,37,30,-1,-1,6
4926579,34,5,-1,-1,5
4937737,29,26,-1,-1,7
4934265,7,7,-1,-1,7
4937584,12,47,-1,-1,1
4941114,51,41,-1,-1,4
4939450,45,42,-1,-1,0
4934440,0,33,-1,-1,1
4938859,35,55,-1,-1,3
4934634,54,34,-1,-1,3
4937989,54,58,-1,-1,3
4935258,53,26,-1,-1,7
4942128,20,48,-1,-1,7
4941457,9,26,-1,-1,3
4934390,49,3,-1,-1,7
4938040,61,49,-1,-1,3
4941325,43,19,-1,-1,1
4941840,46,51,-1,-1,7
4941053,29,30,-1,-1,2
4933443,58,42,-1,-1,1
4939043,35,35,-1,-1,3
4935871,18,49,-1,-1,1
4941998,13,25,-1,-1,1
4936015,1,43,-1,-1,6
4941331,44,8,-1,-1,7
4937680,39,11,-1,-1,1
4940962,49,40,-1,-1,0
4939829,0,54,-1,-1,6
4940575,25,55,-1,-1,4
4941110,6,20,-1,-1,5
4938509,29,27,-1,-1,4
4940636,9,27,-1,-1,0
4939678,4,44,-1,-1,2
4938722,37,0,-1,-1,6
4941846,31,45,-1,-1,4
4940000,33,45,-1,-1,1
4936568,4,6,-1,-1,6
4940461,60,15,-1,-1,1
4940302,5,55,-1,-1,0
4940946,17,20,-1,-1,5
4942141,4,8,-1,-1,0
4935580,58,27,-1,-1,4
4940107,16,27,-1,-1,2
4941507,20,49,-1,-1,7
4942145,46,38,-1,-1,2
4941349,44,33,-1,-1,0
4940698,18,18,-1,-1,1
4939195,52,37,-1,-1,3
4942135,38,46,-1,-1,1
4941333,48,32,-1,-1,4
4939991,55,52,-1,-1,4
4938555,4,53,-1,-1,7
4939137,12,43,-1,-1,7
4941828,8,40,-1,-1,4
4938772,22,55,-1,-1,1
4941996,27,44,-1,-1,1
4941435,25,8,-1,-1,3
4936237,29,9,-1,-1,5
4933915,26,50,-1,-1,7
4942062,42,6,-1,-1,4
4939230,44,60,-1,-1,7
4931802,59,38,-1,-1,4
4939982,43,34,-1,-1,3
4930637,53,24,-1,-1,7
4938335,38,58,-1,-1,4
4941345,13,44,-1,-1,2
4937969,5,54,-1,-1,3
4925174,40,30,-1,-1,3
4934964,43,29,-1,-1,0
4940871,0,35,-1,-1,6
4941624,7,15,-1,-1,6
4941705,45,7,-1,-1,3
4940114,52,22,-1,-1,5
4940498,7,10,-1,-1,7
4937582,17,32,-1,-1,7
4939342,16,39,-1,-1,2
4941997,3,3,-1,-1,6
4941089,61,37,-1,-1,2
4942043,11,48,-1,-1,2
4941783,51,1,-1,-1,1
4940178,51,22,-1,-1,7
4940661,53,8,-1,-1,4
4941439,41,11,-1,-1,2
4940415,13,40,-1,-1,7
4939395,4,40,-1,-1,1
4939637,7,40,-1,-1,5
4936484,3,5,-1,-1,5
4939805,56,36,-1,-1,1
4941663,7,34,-1,-1,1
4941354,4,1,-1,-1,4
4938598,7,33,-1,-1,1
4940098,28,27,-1,-1,6
4939914,4,37,-1,-1,3
4940497,37,2,-1,-1,3
4941668,45,36,-1,-1,3
4942157,9,57,-1,-1,3
4932401,41,21,-1,-1,0
4937523,55,1,-1,-1,6
4941613,23,31,-1,-1,4
4941399,41,45,-1,-1,4
4941854,25,50,-1,-1,1
4936656,47,1,-1,-1,3
4936509,47,20,-1,-1,5
4938112,36,27,-1,-1,2
4938566,1,22,-1,-1,5
4937756,7,31,-1,-1,4
4941103,59,56,-1,-1,5
4940120,33,60,-1,-1,3
4927678,36,14,-1,-1,4
4937407,52,51,-1,-1,0
4936243,4,28,-1,-1,4
4939953,46,40,-1,-1,1
4941319,37,58,-1,-1,5
4940527,32,4,-1,-1,5
4939006,23,50,-1,-1,6
4941100,37,33,-1,-1,5
4941641,21,56,-1,-1,1
4936717,39,47,-1,-1,7
4940358,55,20,-1,-1,5
4940349,16,33,-1,-1,3
4938387,0,49,-1,-1,7
4937640,20,15,-1,-1,4
4942078,40,22,-1,-1,1
4935371,37,55,-1,-1,2
4938386,54,23,-1,-1,4
4941988,1,9,-1,-1,7
4941941,23,45,-1,-1,3
4940434,42,51,-1,-1,6
4935225,0,15,-1,-1,1
4939865,37,38,-1,-1,7
4942011,13,23,-1,-1,1
4942201,52,24,-1,-1,7
4941791,39,0,-1,-1,5
4937634,43,58,-1,-1,6
4941671,19,43,-1,-1,5
4939791,36,38,-1,-1,4
4932498,52,2,-1,-1,5
4941894,13,28,-1,-1,7
4939745,9,34,-1,-1,6
4940428,21,10,-1,-1,5
4941999,28,40,-1,-1,1
4941864,57,34,-1,-1,1
4940767,22,38,-1,-1,2
4938578,11,5,-1,-1,4
4941709,35,25,-1,-1,2
4939621,15,41,-1,-1,0
4936670,13,47,-1,-1,3
4935987,20,21,-1,-1,3
4941118,13,60,-1,-1,5
4941258,0,28,-1,-1,0
4935508,37,20,-1,-1,7
4941793,25,21,-1,-1,0
4938231,50,0,-1,-1,0
4940892,33,56,-1,-1,5
4940582,51,61,-1,-1,4
4937831,25,40,-1,-1,2
4935547,0,57,-1,-1,2
4942137,35,12,-1,-1,3
4939172,20,40,-1,-1,3
4941041,34,54,-1,-1,3
4921933,39,2,-1,-1,1
4941059,29,22,-1,-1,2
4940097,33,50,-1,-1,7
4942197,1,39,-1,-1,0
4941328,24,52,-1,-1,1
4941702,35,27,-1,-1,3
4935233,30,33,-1,-1,3
4939589,25,39,-1,-1,5
4936430,58,53,-1,-1,4
4941572,60,21,-1,-1,7
4938745,8,16,-1,-1,0
4930978,35,60,-1,-1,5
4940080,52,47,-1,-1,1
4940724,29,13,-1,-1,0
4941616,27,59,-1,-1,3
4941825,16,45,-1,-1,0
4938194,43,14,-1,-1,2
4929197,38,61,-1,-1,6
4942115,6,31,-1,-1,1
4938464,32,47,-1,-1,6
4939514,17,0,-1,-1,1
4941838,25,60,-1,-1,5
4941628,24,36,-1,-1,3
4941015,18,43,-1,-1,2
4937901,18,58,-1,-1,7
4940424,40,33,-1,-1,5
4941881,8,55,-1,-1,7
4937352,1,21,-1,-1,2
4940480,28,12,-1,-1,7
4941404,40,60,-1,-1,0
4941030,9,2,-1,-1,2
4937882,38,36,-1,-1,4
4940858,30,17,-1,-1,5
4941823,56,26,-1,-1,4
4938817,31,39,-1,-1,4
4941351,50,3,-1,-1,7
4939552,56,7,-1,-1,3
4941942,40,45,-1,-1,4
4942013,35,37,-1,-1,1
4941646,41,31,-1,-1,1
4929132,6,42,-1,-1,5
4941098,54,2,-1,-1,7
4941933,39,24,-1,-1,7
4938546,7,60,-1,-1,7
4941314,19,3,-1,-1,3
4941777,56,45,-1,-1,6
4942069,51,59,-1,-1,4
4938171,4,22,-1,-1,0
4939375,16,54,-1,-1,4
4939449,59,19,-1,-1,3
4939459,21,43,-1,-1,3
4937073,11,18,-1,-1,6
4939367,6,56,-1,-1,4
4941656,37,7,-1,-1,6
4937110,16,19,-1,-1,2
4941878,50,13,-1,-1,2
4926718,35,43,-1,-1,1
4938384,41,9,-1,-1,1
4940641,54,6,-1,-1,7
4938854,40,59,-1,-1,4
4939997,48,42,-1,-1,0
4942158,0,14,-1,-1,3
4940324,60,47,-1,-1,0
4941963,57,53,-1,-1,2
4930315,36,36,-1,-1,1
4930668,15,15,-1,-1,0
4941122,13,42,-1,-1,1
4937675,11,7,-1,-1,7
4937824,48,43,-1,-1,3
4937560,8,35,-1,-1,1
4933120,50,45,-1,-1,1
4932703,57,44,-1,-1,2
4935851,51,8,-1,-1,6
4936677,26,26,-1,-1,5
4940347,57,57,-1,-1,5
4939425,43,49,-1,-1,2
4940714,32,51,-1,-1,6
4938155,48,53,-1,-1,5
4939553,32,0,-1,-1,6
4941299,3,34,-1,-1,6
4937477,33,31,-1,-1,5
4937776,13,58,-1,-1,0
4940828,52,33,-1,-1,0
4936103,24,33,-1,-1,5
4940111,61,7,-1,-1,6
4941514,12,37,-1,-1,2
4936646,59,20,-1,-1,5
4929262,14,56,-1,-1,2
4940773,52,59,-1,-1,7
4939053,37,36,-1,-1,0
4941932,0,46,-1,-1,1
4938075,9,1,-1,-1,1
4928688,41,12,-1,-1,2
4939887,13,5,-1,-1,2
4939698,55,6,-1,-1,6
4941441,22,12,-1,-1,4
4936948,9,36,-1,-1,7
4941688,29,58,-1,-1,0
4940632,6,10,-1,-1,7
4929864,50,24,-1,-1,5
4936745,13,11,-1,-1,2
4926431,23,57,-1,-1,4
4941728,21,41,-1,-1,5
4941000,7,22,-1,-1,6
4941126,55,2,-1,-1,7
4933465,13,49,-1,-1,0
4938172,58,7,-1,-1,0
4942121,37,47,-1,-1,6
4941899,10,16,-1,-1,4
4934799,53,27,-1,-1,4
4936704,27,9,-1,-1,7
4938987,25,51,-1,-1,3
4939793,19,38,-1,-1,2
4939522,11,27,-1,-1,5
4929636,45,28,-1,-1,1
4938105,6,38,-1,-1,2
4940679,34,11,-1,-1,5
4941665,31,48,-1,-1,5
4935868,34,35,-1,-1,5
4938046,8,24,-1,-1,2
4938550,45,48,-1,-1,2
4939072,47,59,-1,-1,0
4941505,24,49,-1,-1,3
4936637,19,24,-1,-1,7
4939328,44,24,-1,-1,2
4941462,8,48,-1,-1,0
4938853,13,38,-1,-1,0
4933318,14,30,-1,-1,4
4938233,41,39,-1,-1,6
4938238,30,9,-1,-1,4
4940019,57,14,-1,-1,4
4936975,14,35,-1,-1,4
4941601,17,28,-1,-1,3
4941746,22,61,-1,-1,3
4941281,45,47,-1,-1,7
4941863,61,3,-1,-1,2
4939123,23,33,-1,-1,3
4939084,13,1,-1,-1,5
4941498,19,37,-1,-1,1
4939658,33,5,-1,-1,7
4938584,33,41,-1,-1,3
4935582,50,58,-1,-1,6
4941602,19,45,-1,-1,4
4934184,55,36,-1,-1,1
4941888,25,18,-1,-1,5
4941648,48,6,-1,-1,3
4935155,27,27,-1,-1,3
4940041,56,35,-1,-1,7
4920695,3,44,-1,-1,5
4933892,36,49,-1,-1,2
4940408,28,10,-1,-1,2
4931388,10,57,-1,-1,5
4940352,1,36,-1,-1,6
4938077,26,2,-1,-1,1
4933310,45,17,-1,-1,4
4941192,61,22,-1,-1,6
4941691,10,18,-1,-1,4
4939353,59,33,-1,-1,4
4941821,19,50,-1,-1,6
4933962,59,3,-1,-1,7
4939547,20,46,-1,-1,1
4941533,4,36,-1,-1,6
4934305,4,29,-1,-1,1
4941534,27,53,-1,-1,6
4941144,14,18,-1,-1,7
4940477,13,51,-1,-1,4
4939364,53,59,-1,-1,5
4935527,39,17,-1,-1,6
4941479,12,9,-1,-1,1
4941364,42,61,-1,-1,5
4939864,57,40,-1,-1,7
4939064,28,0,-1,-1,2
4939607,38,23,-1,-1,6
4941238,46,2,-1,-1,3
4940279,61,41,-1,-1,5
4934531,47,40,-1,-1,5
4941951,31,20,-1,-1,1
4939229,50,28,-1,-1,5
4942130,37,25,-1,-1,1
4941458,2,46,-1,-1,6
4940610,33,2,-1,-1,0
4941769,36,21,-1,-1,6
4932214,57,30,-1,-1,2
4942019,45,43,-1,-1,6
4941889,16,25,-1,-1,1
4941644,17,51,-1,-1,4
4934278,4,48,-1,-1,7
4938124,43,57,-1,-1,6
4941320,0,6,-1,-1,1
4938408,38,43,-1,-1,2
4934325,46,52,-1,-1,0
4941012,46,20,-1,-1,4
4939320,10,42,-1,-1,6
4937983,38,8,-1,-1,4
4939241,61,43,-1,-1,5
4941762,29,8,-1,-1,6
4939770,24,21,-1,-1,2
4940287,55,28,-1,-1,7
4938042,57,1,-1,-1,7
4937838,50,21,-1,-1,7
4941264,34,10,-1,-1,7
4941368,45,44,-1,-1,3
4939537,44,58,-1,-1,4
4941594,21,48,-1,-1,1
4941557,59,28,-1,-1,4
4933490,5,29,-1,-1,3
4931247,18,22,-1,-1,1
4936748,22,4,-1,-1,5
4939045,2,14,-1,-1,7
4940784,57,36,-1,-1,5
4936653,17,24,-1,-1,2
4941085,28,13,-1,-1,4
4937123,36,13,-1,-1,2
4938727,21,8,-1,-1,3
4938119,8,18,-1,-1,7
4940124,14,61,-1,-1,6
4933891,4,42,-1,-1,3
4939379,51,12,-1,-1,4
4939531,46,0,-1,-1,0
4937993,60,51,-1,-1,0
4929960,2,17,-1,-1,7
4940051,50,10,-1,-1,7
4935953,2,36,-1,-1,0
4941948,18,38,-1,-1,7
4940544,33,15,-1,-1,6
4939415,60,57,-1,-1,7
4936085,50,42,-1,-1,1
4941924,55,8,-1,-1,1
4940426,17,16,-1,-1,7
4941312,36,31,-1,-1,0
4941735,30,31,-1,-1,4
4940826,12,7,-1,-1,6
4935401,46,53,-1,-1,3
4937652,56,23,-1,-1,6
4942167,59,10,-1,-1,2
4942090,44,40,-1,-1,3
4937599,22,15,-1,-1,4
4941906,34,21,-1,-1,6
4939977,38,18,-1,-1,6
4940992,28,19,-1,-1,0
4930646,19,31,-1,-1,5
4941852,17,59,-1,-1,7
4936336,58,20,-1,-1,2
4940799,22,17,-1,-1,6
4937112,10,11,-1,-1,3
4940664,37,9,-1,-1,7
4941149,37,16,-1,-1,7
4939262,16,30,-1,-1,6
4941029,29,1,-1,-1,7
4937247,45,60,-1,-1,6
4934675,29,31,-1,-1,7
4939269,38,12,-1,-1,2
4933147,48,4,-1,-1,2
4940296,47,24,-1,-1,3
4939876,25,16,-1,-1,5
4934533,15,0,-1,-1,2
4939753,31,36,-1,-1,0
4937275,58,33,-1,-1,5
4940651,1,48,-1,-1,4
4931647,60,10,-1,-1,6
4939244,1,50,-1,-1,3
4941014,46,26,-1,-1,3
4941984,11,47,-1,-1,2
4940955,11,61,-1,-1,4
4941190,54,42,-1,-1,3
4940746,40,6,-1,-1,5
4941226,44,53,-1,-1,2
4941540,57,33,-1,-1,1
4941623,9,37,-1,-1,0
4939048,44,52,-1,-1,1
4939316,61,6,-1,-1,2
4940034,57,25,-1,-1,6
4940289,44,42,-1,-1,5
4939618,40,20,-1,-1,3
4939190,21,35,-1,-1,1
4934723,30,60,-1,-1,0
4937963,30,20,-1,-1,6
4931949,34,2,-1,-1,6
4932728,6,41,-1,-1,0
4941223,50,25,-1,-1,4
4936496,5,34,-1,-1,0
4939823,0,16,-1,-1,2
4939964,30,24,-1,-1,2
4940599,59,26,-1,-1,4
4940598,25,10,-1,-1,2
4938073,23,51,-1,-1,1
4936365,50,46,-1,-1,4
4942150,10,34,-1,-1,3
4937213,49,52,-1,-1,0
4939704,19,61,-1,-1,5
4938414,9,31,-1,-1,3
4938444,31,54,-1,-1,2
4939465,24,44,-1,-1,2
4940193,6,46,-1,-1,6
4942159,1,42,-1,-1,1
4940147,12,55,-1,-1,7
4942169,32,38,-1,-1,5
4939463,26,45,-1,-1,6
4936910,54,16,-1,-1,6
4941427,5,14,-1,-1,7
4940895,38,2,-1,-1,3
4941091,42,22,-1,-1,4
4941052,34,8,-1,-1,7
4941509,9,46,-1,-1,3
4921227,42,28,-1,-1,4
4942131,16,40,-1,-1,5
4940682,61,51,-1,-1,7
4941629,53,17,-1,-1,0
4942142,14,60,-1,-1,3
4941521,33,7,-1,-1,0
4940996,7,0,-1,-1,4
4939606,38,28,-1,-1,4
4940467,60,8,-1,-1,5
4938641,60,58,-1,-1,0
4942160,8,41,-1,-1,5
4939288,46,37,-1,-1,4
4938795,32,23,-1,-1,0
4939029,24,61,-1,-1,2
4940578,20,31,-1,-1,5
4941543,9,28,-1,-1,6
4925679,16,17,-1,-1,7
4940319,40,15,-1,-1,1
4942138,33,27,-1,-1,2
4940500,48,20,-1,-1,5
4937827,30,55,-1,-1,0
4940453,19,39,-1,-1,6
4940507,25,6,-1,-1,4
4941388,28,35,-1,-1,5
4938982,47,37,-1,-1,0
4935290,29,25,-1,-1,6
4937265,53,35,-1,-1,7
4941930,50,32,-1,-1,1
4931052,3,46,-1,-1,7
4940825,23,54,-1,-1,2
4942134,43,55,-1,-1,1
4938542,41,4,-1,-1,2
4940956,5,60,-1,-1,2
4938096,22,7,-1,-1,7
4941200,6,28,-1,-1,5
4941488,39,44,-1,-1,2
4937682,20,44,-1,-1,5
4939729,45,5,-1,-1,0
4930622,31,43,-1,-1,1
4941816,9,32,-1,-1,6
4937526,61,16,-1,-1,2
4941559,18,19,-1,-1,0
4926270,34,40,-1,-1,1
4939687,58,0,-1,-1,6
4931685,2,53,-1,-1,7
4939026,36,11,-1,-1,3
4941880,0,31,-1,-1,3
4934460,24,57,-1,-1,4
4941143,29,38,-1,-1,0
4941044,27,11,-1,-1,6
4940985,49,22,-1,-1,3
4937506,56,40,-1,-1,2
4938869,9,47,-1,-1,4
4937516,46,1,-1,-1,7
4940269,9,11,-1,-1,1
4938229,28,18,-1,-1,2
4939764,19,47,-1,-1,5
4939947,8,14,-1,-1,3
4942133,16,60,-1,-1,2
4940512,36,45,-1,-1,2
4940920,23,38,-1,-1,1
4940700,50,9,-1,-1,7
4941940,50,17,-1,-1,2
4941204,25,57,-1,-1,7
4933273,1,10,-1,-1,3
4939763,14,22,-1,-1,6
4937668,33,46,-1,-1,1
4940482,28,29,-1,-1,0
4940474,45,16,-1,-1,0
4941185,7,58,-1,-1,2
4941433,4,52,-1,-1,5
4940969,60,36,-1,-1,5
4941730,17,55,-1,-1,6
4935685,53,33,-1,-1,2
4940257,58,39,-1,-1,3
4940993,19,10,-1,-1,5
4940551,48,38,-1,-1,4
4934299,20,33,-1,-1,5
4940231,27,5,-1,-1,2
4940367,56,28,-1,-1,1
4940091,20,43,-1,-1,1
4939836,42,24,-1,-1,6
4939033,35,53,-1,-1,7
4940298,58,10,-1,-1,6
4941438,20,24,-1,-1,3
4942154,42,49,-1,-1,5
4941547,52,6,-1,-1,5
4941790,50,60,-1,-1,7
4937289,13,19,-1,-1,4
4939811,52,60,-1,-1,4
4940356,53,25,-1,-1,4
4936168,2,31,-1,-1,7
4940535,6,53,-1,-1,7
4941575,16,18,-1,-1,4
4941415,13,57,-1,-1,7
4938487,3,28,-1,-1,2
4935615,30,50,-1,-1,0
4936897,39,13,-1,-1,0
4930653,51,49,-1,-1,5
4937578,47,39,-1,-1,0
4933336,17,14,-1,-1,2
4939783,26,20,-1,-1,6
4940802,43,2,-1,-1,6
4940413,9,44,-1,-1,7
4938786,21,38,-1,-1,6
4940860,51,37,-1,-1,5
4932524,53,7,-1,-1,6
4936217,42,38,-1,-1,2
4940925,44,16,-1,-1,5
4940841,0,43,-1,-1,2
4940838,0,23,-1,-1,2
4937758,26,33,-1,-1,2
4938720,34,1,-1,-1,3
4931554,24,20,-1,-1,2
4940475,16,16,-1,-1,5
4938235,19,9,-1,-1,5
4942014,33,19,-1,-1,2
4942170,6,5,-1,-1,5
4941954,46,27,-1,-1,1
4939667,45,1,-1,-1,1
4936029,13,53,-1,-1,0
4941031,19,60,-1,-1,6
4940005,45,30,-1,-1,2
4936069,43,6,-1,-1,0
4939411,12,34,-1,-1,1
4941494,9,58,-1,-1,7
4941249,47,28,-1,-1,2
4935391,50,53,-1,-1,5
4939939,34,51,-1,-1,5
4937122,8,29,-1,-1,1
4941580,0,48,-1,-1,7
4937323,20,58,-1,-1,3
4929180,5,5,-1,-1,7
4938059,2,12,-1,-1,4
4936925,10,4,-1,-1,7
4935223,30,56,-1,-1,5
4941207,57,42,-1,-1,3
4934710,61,13,-1,-1,0
4936229,4,10,-1,-1,1
4940380,5,49,-1,-1,3
4942059,30,4,-1,-1,2
4941687,61,11,-1,-1,4
4933551,29,42,-1,-1,3
4939703,43,54,-1,-1,2
4937790,27,42,-1,-1,3
4934773,43,44,-1,-1,4
4934507,47,5,-1,-1,3
4938309,53,29,-1,-1,6
4941337,40,5,-1,-1,2
4928704,2,7,-1,-1,5
4940432,44,57,-1,-1,6
4938349,50,1,-1,-1,1
4931960,56,6,-1,-1,4
4940031,40,11,-1,-1,2
4925980,26,57,-1,-1,7
4941800,38,0,-1,-1,3
4938892,53,28,-1,-1,0
4932198,2,20,-1,-1,1
4940137,32,35,-1,-1,7
4940548,1,1,-1,-1,0
4941985,36,12,-1,-1,3
4941994,12,22,-1,-1,1
4941936,59,2,-1,-1,6
4940206,24,50,-1,-1,3
4937055,58,40,-1,-1,2
4940701,47,55,-1,-1,6
4936405,27,15,-1,-1,2
4934297,3,36,-1,-1,5
4937647,9,61,-1,-1,6
4927916,46,3,-1,-1,4
4941313,2,56,-1,-1,1
4941581,44,5,-1,-1,1
4940021,52,31,-1,-1,7
4939005,14,20,-1,-1,5
4942182,30,3,-1,-1,2
4940222,60,9,-1,-1,0
4939238,33,49,-1,-1,1
4941548,15,58,-1,-1,0
4922785,59,30,-1,-1,6
4940687,14,38,-1,-1,4
4937732,44,29,-1,-1,7
4941633,59,31,-1,-1,3
4939988,19,49,-1,-1,6
4939989,54,19,-1,-1,0
4935460,28,23,-1,-1,5
4936831,23,22,-1,-1,3
4940142,14,59,-1,-1,5
4941618,60,1,-1,-1,3
4940614,4,27,-1,-1,6
4940181,23,39,-1,-1,1
4942083,9,60,-1,-1,0
4941745,54,50,-1,-1,0
4940879,18,34,-1,-1,2
4938669,49,32,-1,-1,3
4939127,49,5,-1,-1,3
4939388,54,51,-1,-1,4
4934256,17,38,-1,-1,7
4940824,2,22,-1,-1,6
4931354,13,48,-1,-1,3
4941026,28,30,-1,-1,2
4935932,55,22,-1,-1,6
4938969,12,38,-1,-1,0
4934349,36,33,-1,-1,7
4927417,29,51,-1,-1,7
4940265,7,44,-1,-1,3
4933235,31,52,-1,-1,2
4936407,39,52,-1,-1,4
4932106,7,25,-1,-1,7
4940360,12,8,-1,-1,7
4942026,6,35,-1,-1,5
4941032,49,4,-1,-1,0
4940811,53,9,-1,-1,6
4920490,2,27,-1,-1,4
4942085,23,7,-1,-1,2
4941019,41,49,-1,-1,5
4938760,54,4,-1,-1,4
4941067,1,24,-1,-1,5
4938843,41,28,-1,-1,4
4941666,11,36,-1,-1,7
4941833,6,0,-1,-1,7
4938788,24,37,-1,-1,5
4937701,17,42,-1,-1,1
4940336,31,26,-1,-1,0
4937793,48,50,-1,-1,2
4941634,18,53,-1,-1,7
4936866,12,27,-1,-1,6
4940123,20,32,-1,-1,2
4934806,1,16,-1,-1,5
4941236,6,60,-1,-1,1
4939972,20,34,-1,-1,0
4937276,17,52,-1,-1,4
4940740,22,50,-1,-1,6
4941080,29,28,-1,-1,4
4933162,10,32,-1,-1,1
4939904,22,0,-1,-1,6
4942098,59,52,-1,-1,3
4938304,5,56,-1,-1,2
4939121,6,23,-1,-1,1
4939602,0,4,-1,-1,2
4941119,12,35,-1,-1,2
4938726,11,53,-1,-1,6
4940468,28,42,-1,-1,3
4942016,22,46,-1,-1,7
4941811,38,44,-1,-1,1
4940898,4,34,-1,-1,0
4925208,47,41,-1,-1,5
4935867,56,12,-1,-1,5
4936327,13,3,-1,-1,4
4939158,23,58,-1,-1,1
4931767,38,32,-1,-1,3
4939981,56,20,-1,-1,0
4938425,32,17,-1,-1,4
4941510,14,1,-1,-1,6
4941484,7,23,-1,-1,6
4939477,8,0,-1,-1,0
4940174,51,4,-1,-1,0
4940968,55,31,-1,-1,0
4936487,53,3,-1,-1,7
4938477,51,6,-1,-1,4
4940189,28,49,-1,-1,4
4941692,40,53,-1,-1,2
4939024,18,44,-1,-1,1
4941722,28,36,-1,-1,2
4933236,42,42,-1,-1,2
4938339,14,48,-1,-1,7
4939013,14,16,-1,-1,7
4942017,13,10,-1,-1,4
4942094,4,25,-1,-1,7
4938708,35,1,-1,-1,3
4939999,2,41,-1,-1,3
4941270,51,44,-1,-1,4
4936935,1,60,-1,-1,2
4941176,27,13,-1,-1,4
4935467,56,52,-1,-1,0
4939284,41,3,-1,-1,2
4940970,44,44,-1,-1,6
4935316,27,33,-1,-1,3
4939115,48,9,-1,-1,7
4940072,36,55,-1,-1,2
4940772,12,3,-1,-1,3
4941645,4,57,-1,-1,0
4941670,12,52,-1,-1,4
4940332,3,56,-1,-1,4
4933578,16,3,-1,-1,3
4939177,41,46,-1,-1,6
4939912,2,43,-1,-1,0
4940542,20,26,-1,-1,2
4936601,61,28,-1,-1,6
4941970,59,7,-1,-1,0
4930715,31,0,-1,-1,6
4941726,57,2,-1,-1,3
4937429,3,10,-1,-1,7
4941161,49,56,-1,-1,6
4939420,56,59,-1,-1,1
4939398,44,7,-1,-1,1
4933079,5,21,-1,-1,6
4941294,6,29,-1,-1,4
4938799,58,19,-1,-1,4
4932781,23,9,-1,-1,1
4938711,29,20,-1,-1,1
4933664,49,51,-1,-1,7
4933909,30,59,-1,-1,1
4933347,0,29,-1,-1,4
4939292,3,37,-1,-1,2
4940002,26,1,-1,-1,7
4936550,15,26,-1,-1,6
4942000,16,22,-1,-1,6
4940340,7,39,-1,-1,0
4936902,54,44,-1,-1,3
4939706,0,52,-1,-1,0
4935158,46,24,-1,-1,4
4941109,17,61,-1,-1,6
4930065,41,51,-1,-1,2
4941147,37,42,-1,-1,6
4933978,50,5,-1,-1,6
4934984,40,56,-1,-1,1
4939097,13,35,-1,-1,0
4940213,3,29,-1,-1,3
4941353,60,28,-1,-1,6
4940995,0,22,-1,-1,6
4937833,28,6,-1,-1,1
4941969,24,58,-1,-1,7
4935145,37,18,-1,-1,6
4939261,27,31,-1,-1,5
4935704,61,35,-1,-1,0
4937916,43,16,-1,-1,0
4935483,53,30,-1,-1,5
4940989,59,17,-1,-1,1
4940395,47,10,-1,-1,4
4941917,50,48,-1,-1,5
4938838,8,60,-1,-1,2
4935466,51,58,-1,-1,5
4938836,45,49,-1,-1,3
4942173,0,21,-1,-1,1
4941063,9,53,-1,-1,0
4937244,53,2,-1,-1,6
4940635,26,55,-1,-1,7
4939357,59,54,-1,-1,7
4926334,34,56,-1,-1,6
4935603,50,34,-1,-1,3
4933048,45,2,-1,-1,1
4941444,38,16,-1,-1,7
4941013,23,5,-1,-1,5
4940933,54,40,-1,-1,3
4942020,21,40,-1,-1,3
4942203,27,55,-1,-1,5
