9949.9 9949.9 9949.9 9949.9 9949.9 9949.9 9949.9 9949.9 9949.9 9949.9 9949.9 9949.9 9949.9 9949.9 9949.9 9949.9 9949.9 9949.9 9949.9 9949.9 9949.9 9949.9 9949.9 9949.9 9949.9 9949.9 9949.9 9949.9 9949.9 9949.9 9949.9 9949.9 9949.9 9949.9 9949.9 9949.9 9949.9 9949.9 9949.9 9949.9 9949.9 9949.9 9949.9 9949.9 9949.9 9949.9 9949.9 9949.9 9949.9 9949.9 9949.9 9949.9 9949.9 9949.9 9949.9 9949.9 9949.9 9949.9 9949.9 
9949.9 9949.9 9949.9 9949.9 9949.9 9949.9 9949.9 9949.9 9949.9 9949.9 9949.9 9949.9 9949.9 9949.9 9949.9 9949.9 9949.9 9949.9 9949.9 9949.9 9949.9 9949.9 9949.9 9949.9 9949.9 9949.9 9949.9 9949.9 9949.9 9949.9 9949.9 9949.9 9949.9 9949.9 9949.9 9949.9 9949.9 9949.9 9949.9 9949.9 9949.9 9949.9 9949.9 9949.9 9949.9 9949.9 9949.9 9949.9 9949.9 9949.9 9949.9 9949.9 9949.9 9949.9 9949.9 9949.9 9949.9 9949.9 9949.9 
9949.9 9949.9 9949.9 9949.9 9949.9 9949.9 9949.9 9949.9 9949.9 9949.9 9949.9 9949.9 9949.9 9949.9 9949.9 9949.9 9949.9 9949.9 9949.9 9949.9 9949.9 9949.9 9949.9 9949.9 9949.9 9949.9 9949.9 9949.9 9949.9 9949.9 9949.9 9949.9 9949.9 9949.9 9949.9 9949.9 9949.9 9949.9 9949.9 9949.9 9949.9 9949.9 9949.9 9949.9 9949.9 9949.9 9949.9 9949.9 9949.9 9949.9 9949.9 9949.9 9949.9 9949.9 9949.9 9949.9 9949.9 9949.9 9949.9 
9949.9 9949.9 9949.9 9949.9 9949.9 9949.9 9949.9 9949.9 9949.9 9949.9 9949.9 9949.9 9949.9 9949.9 9949.9 9949.9 9949.9 9949.9 9949.9 9949.9 9949.9 9949.9 9949.9 9949.9 9949.9 9949.9 9949.9 9949.9 9949.9 9949.9 9949.9 9949.9 9949.9 9949.9 9949.9 9949.9 9949.9 9949.9 9949.9 9949.9 9949.9 9949.9 9949.9 9949.9 9949.9 9949.9 9949.9 9949.9 9949.9 9949.9 9949.9 9949.9 9949.9 9949.9 9949.9 9949.9 9949.9 9949.9 9949.9 
9949.9 9949.9 9949.9 9949.9 9949.9 9949.9 9949.9 9949.9 9949.9 9949.9 9949.9 9949.9 9949.9 9949.9 9949.9 9949.9 9949.9 9949.9 9949.9 9949.9 9949.9 9949.9 9949.9 9949.9 9949.9 9949.9 9949.9 9949.9 9949.9 9949.9 9949.9 9949.9 9949.9 9949.9 9949.9 9949.9 9949.9 9949.9 9949.9 9949.9 9949.9 9949.9 9949.9 9949.9 9949.9 9949.9 9949.9 9949.9 9949.9 9949.9 9949.9 9949.9 9949.9 9949.9 9949.9 9949.9 9949.9 9949.9 9949.9 
9949.9 9949.9 9949.9 9949.9 9949.9 9949.9 9949.9 9949.9 9949.9 9949.9 9949.9 9949.9 9949.9 9949.9 9949.9 9949.9 9949.9 9949.9 9949.9 9949.9 9949.9 9949.9 9949.9 9949.9 9949.9 9949.9 9949.9 9949.9 9949.9 9949.9 9949.9 9949.9 9949.9 9949.9 9949.9 9949.9 9949.9 9949.9 9949.9 9949.9 9949.9 9949.9 9949.9 9949.9 9949.9 9949.9 9949.9 9949.9 9949.9 9949.9 9949.9 9949.9 9949.9 9949.9 9949.9 9949.9 9949.9 9949.9 9949.9 
9949.9 9949.9 9949.9 9949.9 9949.9 9949.9 9949.9 9949.9 9949.9 9949.9 9949.9 9949.9 9949.9 9949.9 9949.9 9949.9 9949.9 9949.9 9949.9 9949.9 9949.9 9949.9 9949.9 9949.9 9949.9 9949.9 9949.9 9949.9 9949.9 9949.9 9949.9 9949.9 9949.9 9949.9 9949.9 9949.9 9949.9 9949.9 9949.9 9949.9 9949.9 9949.9 9949.9 9949.9 9949.9 9949.9 9949.9 9949.9 9949.9 9949.9 9949.9 9949.9 9949.9 9949.9 9949.9 9949.9 9949.9 9949.9 9949.9 
9949.9 9949.9 9949.9 9949.9 9949.9 9949.9 9949.9 9949.9 9949.9 9949.9 9949.9 9949.9 9949.9 9949.9 9949.9 9949.9 9949.9 9949.9 9949.9 9949.9 9949.9 9949.9 9949.9 9949.9 9949.9 9949.9 9949.9 9949.9 9949.9 9949.9 9949.9 9949.9 9949.9 9949.9 9949.9 9949.9 9949.9 9949.9 9949.9 9949.9 9949.9 9949.9 9949.9 9949.9 9949.9 9949.9 9949.9 9949.9 9949.9 9949.9 9949.9 9949.9 9949.9 9949.9 9949.9 9949.9 9949.9 9949.9 9949.9 
9949.9 9949.9 9949.9 9949.9 9949.9 9949.9 9949.9 9949.9 9949.9 9949.9 9949.9 9949.9 9949.9 9949.9 9949.9 9949.9 9949.9 9949.9 9949.9 9949.9 9949.9 9949.9 9949.9 9949.9 9949.9 9949.9 9949.9 9949.9 9949.9 9949.9 9949.9 9949.9 9949.9 9949.9 9949.9 9949.9 9949.9 9949.9 9949.9 9949.9 9949.9 9949.9 9949.9 9949.9 9949.9 9949.9 9949.9 9949.9 9949.9 9949.9 9949.9 9949.9 9949.9 9949.9 9949.9 9949.9 9949.9 9949.9 9949.9 
9949.9 9949.9 9949.9 9949.9 9949.9 9949.9 9949.9 9949.9 9949.9 9949.9 9949.9 9949.9 9949.9 9949.9 9949.9 9949.9 9949.9 9949.9 9949.9 9949.9 9949.9 9949.9 9949.9 9949.9 9949.9 9949.9 9949.9 9949.9 9949.9 9949.9 9949.9 9949.9 9949.9 9949.9 9949.9 9949.9 9949.9 9949.9 9949.9 9949.9 9949.9 9949.9 9949.9 9949.9 9949.9 9949.9 9949.9 9949.9 9949.9 9949.9 9949.9 9949.9 9949.9 9949.9 9949.9 9949.9 9949.9 9949.9 9949.9 
9949.9 9949.9 9949.9 9949.9 9949.9 9949.9 9949.9 9949.9 9949.9 9949.9 9949.9 9949.9 9949.9 9949.9 9949.9 9949.9 9949.9 9949.9 9949.9 9949.9 9949.9 9949.9 9949.9 9949.9 9949.9 9949.9 9949.9 9949.9 9949.9 9949.9 9949.9 9949.9 9949.9 9949.9 9949.9 9949.9 9949.9 9949.9 9949.9 9949.9 9949.9 9949.9 9949.9 9949.9 9949.9 9949.9 9949.9 9949.9 9949.9 9949.9 9949.9 9949.9 9949.9 9949.9 9949.9 9949.9 9949.9 9949.9 9949.9 
9949.9 9949.9 9949.9 9949.9 9949.9 9949.9 9949.9 9949.9 9949.9 9949.9 9949.9 9949.9 9949.9 9949.9 9949.9 9949.9 9949.9 9949.9 9949.9 9949.9 9949.9 9949.9 9949.9 9949.9 9949.9 9949.9 9949.9 9949.9 9949.9 9949.9 9949.9 9949.9 9949.9 9949.9 9949.9 9949.9 9949.9 9949.9 9949.9 9949.9 9949.9 9949.9 9949.9 9949.9 9949.9 9949.9 9949.9 9949.9 9949.9 9949.9 9949.9 9949.9 9949.9 9949.9 9949.9 9949.9 9949.9 9949.9 9949.9 
9949.9 9949.9 9949.9 9949.9 9949.9 9949.9 9949.9 9949.9 9949.9 9949.9 9949.9 9949.9 9949.9 9949.9 9949.9 9949.9 9949.9 9949.9 9949.9 9949.9 9949.9 9949.9 9949.9 9949.9 9949.9 9949.9 9949.9 9949.9 9949.9 9949.9 9949.9 9949.9 9949.9 9949.9 9949.9 9949.9 9949.9 9949.9 9949.9 9949.9 9949.9 9949.9 9949.9 9949.9 9949.9 9949.9 9949.9 9949.9 9949.9 9949.9 9949.9 9949.9 9949.9 9949.9 9949.9 9949.9 9949.9 9949.9 9949.9 
9949.9 9949.9 9949.9 9949.9 9949.9 9949.9 9949.9 9949.9 9949.9 9949.9 9949.9 9949.9 9949.9 9949.9 9949.9 9949.9 9949.9 9949.9 9949.9 9949.9 9949.9 9949.9 9949.9 9949.9 9949.9 9949.9 9949.9 9949.9 9949.9 9949.9 9949.9 9949.9 9949.9 9949.9 9949.9 9949.9 9949.9 9949.9 9949.9 9949.9 9949.9 9949.9 9949.9 9949.9 9949.9 9949.9 9949.9 9949.9 9949.9 9949.9 9949.9 9949.9 9949.9 9949.9 9949.9 9949.9 9949.9 9949.9 9949.9 
9949.9 9949.9 9949.9 9949.9 9949.9 9949.9 9949.9 9949.9 9949.9 9949.9 9949.9 9949.9 9949.9 9949.9 9949.9 9949.9 9949.9 9949.9 9949.9 9949.9 9949.9 9949.9 9949.9 9949.9 9949.9 9949.9 9949.9 9949.9 9949.9 9949.9 9949.9 9949.9 9949.9 9949.9 9949.9 9949.9 9949.9 9949.9 9949.9 9949.9 9949.9 9949.9 9949.9 9949.9 9949.9 9949.9 9949.9 9949.9 9949.9 9949.9 9949.9 9949.9 9949.9 9949.9 9949.9 9949.9 9949.9 9949.9 9949.9 
9949.9 9949.9 9949.9 9949.9 9949.9 9949.9 9949.9 9949.9 9949.9 9949.9 9949.9 9949.9 9949.9 9949.9 9949.9 9949.9 9949.9 9949.9 9949.9 9949.9 9949.9 9949.9 9949.9 9949.9 9949.9 9949.9 9949.9 9949.9 9949.9 9949.9 9949.9 9949.9 9949.9 9949.9 9949.9 9949.9 9949.9 9949.9 9949.9 9949.9 9949.9 9949.9 9949.9 9949.9 9949.9 9949.9 9949.9 9949.9 9949.9 9949.9 9949.9 9949.9 9949.9 9949.9 9949.9 9949.9 9949.9 9949.9 9949.9 
9949.9 9949.9 9949.9 9949.9 9949.9 9949.9 9949.9 9949.9 9949.9 9949.9 9949.9 9949.9 9949.9 9949.9 9949.9 9949.9 9949.9 9949.9 9949.9 9949.9 9949.9 9949.9 9949.9 9949.9 9949.9 9949.9 9949.9 9949.9 9949.9 9949.9 9949.9 9949.9 9949.9 9949.9 9949.9 9949.9 9949.9 9949.9 9949.9 9949.9 9949.9 9949.9 9949.9 9949.9 9949.9 9949.9 9949.9 9949.9 9949.9 9949.9 9949.9 9949.9 9949.9 9949.9 9949.9 9949.9 9949.9 9949.9 9949.9 
9949.9 9949.9 9949.9 9949.9 9949.9 9949.9 9949.9 9949.9 9949.9 9949.9 9949.9 9949.9 9949.9 9949.9 9949.9 9949.9 9949.9 9949.9 9949.9 9949.9 9949.9 9949.9 9949.9 9949.9 9949.9 9949.9 9949.9 9949.9 9949.9 9949.9 9949.9 9949.9 9949.9 9949.9 9949.9 9949.9 9949.9 9949.9 9949.9 9949.9 9949.9 9949.9 9949.9 9949.9 9949.9 9949.9 9949.9 9949.9 9949.9 9949.9 9949.9 9949.9 9949.9 9949.9 9949.9 9949.9 9949.9 9949.9 9949.9 
9949.9 9949.9 9949.9 9949.9 9949.9 9949.9 9949.9 9949.9 9949.9 9949.9 9949.9 9949.9 9949.9 9949.9 9949.9 9949.9 9949.9 9949.9 9949.9 9949.9 9949.9 9949.9 9949.9 9949.9 9949.9 9949.9 9949.9 9949.9 9949.9 9949.9 9949.9 9949.9 9949.9 9949.9 9949.9 9949.9 9949.9 9949.9 9949.9 9949.9 9949.9 9949.9 9949.9 9949.9 9949.9 9949.9 9949.9 9949.9 9949.9 9949.9 9949.9 9949.9 9949.9 9949.9 9949.9 9949.9 9949.9 9949.9 9949.9 
9949.9 9949.9 9949.9 9949.9 9949.9 9949.9 9949.9 9949.9 9949.9 9949.9 9949.9 9949.9 9949.9 9949.9 9949.9 9949.9 9949.9 9949.9 9949.9 9949.9 9949.9 9949.9 9949.9 9949.9 9949.9 9949.9 9949.9 9949.9 9949.9 9949.9 9949.9 9949.9 9949.9 9949.9 9949.9 9949.9 9949.9 9949.9 9949.9 9949.9 9949.9 9949.9 9949.9 9949.9 9949.9 9949.9 9949.9 9949.9 9949.9 9949.9 9949.9 9949.9 9949.9 9949.9 9949.9 9949.9 9949.9 9949.9 9949.9 
9949.9 9949.9 9949.9 9949.9 9949.9 9949.9 9949.9 9949.9 9949.9 9949.9 9949.9 9949.9 9949.9 9949.9 9949.9 9949.9 9949.9 9949.9 9949.9 9949.9 9949.9 9949.9 9949.9 9949.9 9949.9 9949.9 9949.9 9949.9 9949.9 9949.9 9949.9 9949.9 9949.9 9949.9 9949.9 9949.9 9949.9 9949.9 9949.9 9949.9 9949.9 9949.9 9949.9 9949.9 9949.9 9949.9 9949.9 9949.9 9949.9 9949.9 9949.9 9949.9 9949.9 9949.9 9949.9 9949.9 9949.9 9949.9 9949.9 
9949.9 9949.9 9949.9 9949.9 9949.9 9949.9 9949.9 9949.9 9949.9 9949.9 9949.9 9949.9 9949.9 9949.9 9949.9 9949.9 9949.9 9949.9 9949.9 9949.9 9949.9 9949.9 9949.9 9949.9 9949.9 9949.9 9949.9 9949.9 9949.9 9949.9 9949.9 9949.9 9949.9 9949.9 9949.9 9949.9 9949.9 9949.9 9949.9 9949.9 9949.9 9949.9 9949.9 9949.9 9949.9 9949.9 9949.9 9949.9 9949.9 9949.9 9949.9 9949.9 9949.9 9949.9 9949.9 9949.9 9949.9 9949.9 9949.9 
9949.9 9949.9 9949.9 9949.9 9949.9 9949.9 9949.9 9949.9 9949.9 9949.9 9949.9 9949.9 9949.9 9949.9 9949.9 9949.9 9949.9 9949.9 9949.9 9949.9 9949.9 9949.9 9949.9 9949.9 9949.9 9949.9 9949.9 9949.9 9949.9 9949.9 9949.9 9949.9 9949.9 9949.9 9949.9 9949.9 9949.9 9949.9 9949.9 9949.9 9949.9 9949.9 9949.9 9949.9 9949.9 9949.9 9949.9 9949.9 9949.9 9949.9 9949.9 9949.9 9949.9 9949.9 9949.9 9949.9 9949.9 9949.9 9949.9 
9949.9 9949.9 9949.9 9949.9 9949.9 9949.9 9949.9 9949.9 9949.9 9949.9 9949.9 9949.9 9949.9 9949.9 9949.9 9949.9 9949.9 9949.9 9949.9 9949.9 9949.9 9949.9 9949.9 9949.9 9949.9 9949.9 9949.9 9949.9 9949.9 9949.9 9949.9 9949.9 9949.9 9949.9 9949.9 9949.9 9949.9 9949.9 9949.9 9949.9 9949.9 9949.9 9949.9 9949.9 9949.9 9949.9 9949.9 9949.9 9949.9 9949.9 9949.9 9949.9 9949.9 9949.9 9949.9 9949.9 9949.9 9949.9 9949.9 
9949.9 9949.9 9949.9 9949.9 9949.9 9949.9 9949.9 9949.9 9949.9 9949.9 9949.9 9949.9 9949.9 9949.9 9949.9 9949.9 9949.9 9949.9 9949.9 9949.9 9949.9 9949.9 9949.9 9949.9 9949.9 9949.9 9949.9 9949.9 9949.9 9949.9 9949.9 9949.9 9949.9 9949.9 9949.9 9949.9 9949.9 9949.9 9949.9 9949.9 9949.9 9949.9 9949.9 9949.9 9949.9 9949.9 9949.9 9949.9 9949.9 9949.9 9949.9 9949.9 9949.9 9949.9 9949.9 9949.9 9949.9 9949.9 9949.9 
9949.9 9949.9 9949.9 9949.9 9949.9 9949.9 9949.9 9949.9 9949.9 9949.9 9949.9 9949.9 9949.9 9949.9 9949.9 9949.9 9949.9 9949.9 9949.9 9949.9 9949.9 9949.9 9949.9 9949.9 9949.9 9949.9 9949.9 9949.9 9949.9 9949.9 9949.9 9949.9 9949.9 9949.9 9949.9 9949.9 9949.9 9949.9 9949.9 9949.9 9949.9 9949.9 9949.9 9949.9 9949.9 9949.9 9949.9 9949.9 9949.9 9949.9 9949.9 9949.9 9949.9 9949.9 9949.9 9949.9 9949.9 9949.9 9949.9 
9949.9 9949.9 9949.9 9949.9 9949.9 9949.9 9949.9 9949.9 9949.9 9949.9 9949.9 9949.9 9949.9 9949.9 9949.9 9949.9 9949.9 9949.9 9949.9 9949.9 9949.9 9949.9 9949.9 9949.9 9949.9 9949.9 9949.9 9949.9 9949.9 9949.9 9949.9 9949.9 9949.9 9949.9 9949.9 9949.9 9949.9 9949.9 9949.9 9949.9 9949.9 9949.9 9949.9 9949.9 9949.9 9949.9 9949.9 9949.9 9949.9 9949.9 9949.9 9949.9 9949.9 9949.9 9949.9 9949.9 9949.9 9949.9 9949.9 
9949.9 9949.9 9949.9 9949.9 9949.9 9949.9 9949.9 9949.9 9949.9 9949.9 9949.9 9949.9 9949.9 9949.9 9949.9 9949.9 9949.9 9949.9 9949.9 9949.9 9949.9 9949.9 9949.9 9949.9 9949.9 9949.9 9949.9 9949.9 9949.9 9949.9 9949.9 9949.9 9949.9 9949.9 9949.9 9949.9 9949.9 9949.9 9949.9 9949.9 9949.9 9949.9 9949.9 9949.9 9949.9 9949.9 9949.9 9949.9 9949.9 9949.9 9949.9 9949.9 9949.9 9949.9 9949.9 9949.9 9949.9 9949.9 9949.9 
9949.9 9949.9 9949.9 9949.9 9949.9 9949.9 9949.9 9949.9 9949.9 9949.9 9949.9 9949.9 9949.9 9949.9 9949.9 9949.9 9949.9 9949.9 9949.9 9949.9 9949.9 9949.9 9949.9 9949.9 9949.9 9949.9 9949.9 9949.9 9949.9 9949.9 9949.9 9949.9 9949.9 9949.9 9949.9 9949.9 9949.9 9949.9 9949.9 9949.9 9949.9 9949.9 9949.9 9949.9 9949.9 9949.9 9949.9 9949.9 9949.9 9949.9 9949.9 9949.9 9949.9 9949.9 9949.9 9949.9 9949.9 9949.9 9949.9 
9949.9 9949.9 9949.9 9949.9 9949.9 9949.9 9949.9 9949.9 9949.9 9949.9 9949.9 9949.9 9949.9 9949.9 9949.9 9949.9 9949.9 9949.9 9949.9 9949.9 9949.9 9949.9 9949.9 9949.9 9949.9 9949.9 9949.9 9949.9 9949.9 9949.9 9949.9 9949.9 9949.9 9949.9 9949.9 9949.9 9949.9 9949.9 9949.9 9949.9 9949.9 9949.9 9949.9 9949.9 9949.9 9949.9 9949.9 9949.9 9949.9 9949.9 9949.9 9949.9 9949.9 9949.9 9949.9 9949.9 9949.9 9949.9 9949.9 
9949.9 9949.9 9949.9 9949.9 9949.9 9949.9 9949.9 9949.9 9949.9 9949.9 9949.9 9949.9 9949.9 9949.9 9949.9 9949.9 9949.9 9949.9 9949.9 9949.9 9949.9 9949.9 9949.9 9949.9 9949.9 9949.9 9949.9 9949.9 9949.9 9949.9 9949.9 9949.9 9949.9 9949.9 9949.9 9949.9 9949.9 9949.9 9949.9 9949.9 9949.9 9949.9 9949.9 9949.9 9949.9 9949.9 9949.9 9949.9 9949.9 9949.9 9949.9 9949.9 9949.9 9949.9 9949.9 9949.9 9949.9 9949.9 9949.9 
9949.9 9949.9 9949.9 9949.9 9949.9 9949.9 9949.9 9949.9 9949.9 9949.9 9949.9 9949.9 9949.9 9949.9 9949.9 9949.9 9949.9 9949.9 9949.9 9949.9 9949.9 9949.9 9949.9 9949.9 9949.9 9949.9 9949.9 9949.9 9949.9 9949.9 9949.9 9949.9 9949.9 9949.9 9949.9 9949.9 9949.9 9949.9 9949.9 9949.9 9949.9 9949.9 9949.9 9949.9 9949.9 9949.9 9949.9 9949.9 9949.9 9949.9 9949.9 9949.9 9949.9 9949.9 9949.9 9949.9 9949.9 9949.9 9949.9 
9949.9 9949.9 9949.9 9949.9 9949.9 9949.9 9949.9 9949.9 9949.9 9949.9 9949.9 9949.9 9949.9 9949.9 9949.9 9949.9 9949.9 9949.9 9949.9 9949.9 9949.9 9949.9 9949.9 9949.9 9949.9 9949.9 9949.9 9949.9 9949.9 9949.9 9949.9 9949.9 9949.9 9949.9 9949.9 9949.9 9949.9 9949.9 9949.9 9949.9 9949.9 9949.9 9949.9 9949.9 9949.9 9949.9 9949.9 9949.9 9949.9 9949.9 9949.9 9949.9 9949.9 9949.9 9949.9 9949.9 9949.9 9949.9 9949.9 
9949.9 9949.9 9949.9 9949.9 9949.9 9949.9 9949.9 9949.9 9949.9 9949.9 9949.9 9949.9 9949.9 9949.9 9949.9 9949.9 9949.9 9949.9 9949.9 9949.9 9949.9 9949.9 9949.9 9949.9 9949.9 9949.9 9949.9 9949.9 9949.9 9949.9 9949.9 9949.9 9949.9 9949.9 9949.9 9949.9 9949.9 9949.9 9949.9 9949.9 9949.9 9949.9 9949.9 9949.9 9949.9 9949.9 9949.9 9949.9 9949.9 9949.9 9949.9 9949.9 9949.9 9949.9 9949.9 9949.9 9949.9 9949.9 9949.9 
9949.9 9949.9 9949.9 9949.9 9949.9 9949.9 9949.9 9949.9 9949.9 9949.9 9949.9 9949.9 9949.9 9949.9 9949.9 9949.9 9949.9 9949.9 9949.9 9949.9 9949.9 9949.9 9949.9 9949.9 9949.9 9949.9 9949.9 9949.9 9949.9 9949.9 9949.9 9949.9 9949.9 9949.9 9949.9 9949.9 9949.9 9949.9 9949.9 9949.9 9949.9 9949.9 9949.9 9949.9 9949.9 9949.9 9949.9 9949.9 9949.9 9949.9 9949.9 9949.9 9949.9 9949.9 9949.9 9949.9 9949.9 9949.9 9949.9 
9949.9 9949.9 9949.9 9949.9 9949.9 9949.9 9949.9 9949.9 9949.9 9949.9 9949.9 9949.9 9949.9 9949.9 9949.9 9949.9 9949.9 9949.9 9949.9 9949.9 9949.9 9949.9 9949.9 9949.9 9949.9 9949.9 9949.9 9949.9 9949.9 9949.9 9949.9 9949.9 9949.9 9949.9 9949.9 9949.9 9949.9 9949.9 9949.9 9949.9 9949.9 9949.9 9949.9 9949.9 9949.9 9949.9 9949.9 9949.9 9949.9 9949.9 9949.9 9949.9 9949.9 9949.9 9949.9 9949.9 9949.9 9949.9 9949.9 
9949.9 9949.9 9949.9 9949.9 9949.9 9949.9 9949.9 9949.9 9949.9 9949.9 9949.9 9949.9 9949.9 9949.9 9949.9 9949.9 9949.9 9949.9 9949.9 9949.9 9949.9 9949.9 9949.9 9949.9 9949.9 9949.9 9949.9 9949.9 9949.9 9949.9 9949.9 9949.9 9949.9 9949.9 9949.9 9949.9 9949.9 9949.9 9949.9 9949.9 9949.9 9949.9 9949.9 9949.9 9949.9 9949.9 9949.9 9949.9 9949.9 9949.9 9949.9 9949.9 9949.9 9949.9 9949.9 9949.9 9949.9 9949.9 9949.9 
9949.9 9949.9 9949.9 9949.9 9949.9 9949.9 9949.9 9949.9 9949.9 9949.9 9949.9 9949.9 9949.9 9949.9 9949.9 9949.9 9949.9 9949.9 9949.9 9949.9 9949.9 9949.9 9949.9 9949.9 9949.9 9949.9 9949.9 9949.9 9949.9 9949.9 9949.9 9949.9 9949.9 9949.9 9949.9 9949.9 9949.9 9949.9 9949.9 9949.9 9949.9 9949.9 9949.9 9949.9 9949.9 9949.9 9949.9 9949.9 9949.9 9949.9 9949.9 9949.9 9949.9 9949.9 9949.9 9949.9 9949.9 9949.9 9949.9 
9949.9 9949.9 9949.9 9949.9 9949.9 9949.9 9949.9 9949.9 9949.9 9949.9 9949.9 9949.9 9949.9 9949.9 9949.9 9949.9 9949.9 9949.9 9949.9 9949.9 9949.9 9949.9 9949.9 9949.9 9949.9 9949.9 9949.9 9949.9 9949.9 9949.9 9949.9 9949.9 9949.9 9949.9 9949.9 9949.9 9949.9 9949.9 9949.9 9949.9 9949.9 9949.9 9949.9 9949.9 9949.9 9949.9 9949.9 9949.9 9949.9 9949.9 9949.9 9949.9 9949.9 9949.9 9949.9 9949.9 9949.9 9949.9 9949.9 
9949.9 9949.9 9949.9 9949.9 9949.9 9949.9 9949.9 9949.9 9949.9 9949.9 9949.9 9949.9 9949.9 9949.9 9949.9 9949.9 9949.9 9949.9 9949.9 9949.9 9949.9 9949.9 9949.9 9949.9 9949.9 9949.9 9949.9 9949.9 9949.9 9949.9 9949.9 9949.9 9949.9 9949.9 9949.9 9949.9 9949.9 9949.9 9949.9 9949.9 9949.9 9949.9 9949.9 9949.9 9949.9 9949.9 9949.9 9949.9 9949.9 9949.9 9949.9 9949.9 9949.9 9949.9 9949.9 9949.9 9949.9 9949.9 9949.9 
9949.9 9949.9 9949.9 9949.9 9949.9 9949.9 9949.9 9949.9 9949.9 9949.9 9949.9 9949.9 9949.9 9949.9 9949.9 9949.9 9949.9 9949.9 9949.9 9949.9 9949.9 9949.9 9949.9 9949.9 9949.9 9949.9 9949.9 9949.9 9949.9 9949.9 9949.9 9949.9 9949.9 9949.9 9949.9 9949.9 9949.9 9949.9 9949.9 9949.9 9949.9 9949.9 9949.9 9949.9 9949.9 9949.9 9949.9 9949.9 9949.9 9949.9 9949.9 9949.9 9949.9 9949.9 9949.9 9949.9 9949.9 9949.9 9949.9 
9949.9 9949.9 9949.9 9949.9 9949.9 9949.9 9949.9 9949.9 9949.9 9949.9 9949.9 9949.9 9949.9 9949.9 9949.9 9949.9 9949.9 9949.9 9949.9 9949.9 9949.9 9949.9 9949.9 9949.9 9949.9 9949.9 9949.9 9949.9 9949.9 9949.9 9949.9 9949.9 9949.9 9949.9 9949.9 9949.9 9949.9 9949.9 9949.9 9949.9 9949.9 9949.9 9949.9 9949.9 9949.9 9949.9 9949.9 9949.9 9949.9 9949.9 9949.9 9949.9 9949.9 9949.9 9949.9 9949.9 9949.9 9949.9 9949.9 
9949.9 9949.9 9949.9 9949.9 9949.9 9949.9 9949.9 9949.9 9949.9 9949.9 9949.9 9949.9 9949.9 9949.9 9949.9 9949.9 9949.9 9949.9 9949.9 9949.9 9949.9 9949.9 9949.9 9949.9 9949.9 9949.9 9949.9 9949.9 9949.9 9949.9 9949.9 9949.9 9949.9 9949.9 9949.9 9949.9 9949.9 9949.9 9949.9 9949.9 9949.9 9949.9 9949.9 9949.9 9949.9 9949.9 9949.9 9949.9 9949.9 9949.9 9949.9 9949.9 9949.9 9949.9 9949.9 9949.9 9949.9 9949.9 9949.9 
9949.9 9949.9 9949.9 9949.9 9949.9 9949.9 9949.9 9949.9 9949.9 9949.9 9949.9 9949.9 9949.9 9949.9 9949.9 9949.9 9949.9 9949.9 9949.9 9949.9 9949.9 9949.9 9949.9 9949.9 9949.9 9949.9 9949.9 9949.9 9949.9 9949.9 9949.9 9949.9 9949.9 9949.9 9949.9 9949.9 9949.9 9949.9 9949.9 9949.9 9949.9 9949.9 9949.9 9949.9 9949.9 9949.9 9949.9 9949.9 9949.9 9949.9 9949.9 9949.9 9949.9 9949.9 9949.9 9949.9 9949.9 9949.9 9949.9 
9949.9 9949.9 9949.9 9949.9 9949.9 9949.9 9949.9 9949.9 9949.9 9949.9 9949.9 9949.9 9949.9 9949.9 9949.9 9949.9 9949.9 9949.9 9949.9 9949.9 9949.9 9949.9 9949.9 9949.9 9949.9 9949.9 9949.9 9949.9 9949.9 9949.9 9949.9 9949.9 9949.9 9949.9 9949.9 9949.9 9949.9 9949.9 9949.9 9949.9 9949.9 9949.9 9949.9 9949.9 9949.9 9949.9 9949.9 9949.9 9949.9 9949.9 9949.9 9949.9 9949.9 9949.9 9949.9 9949.9 9949.9 9949.9 9949.9 
9949.9 9949.9 9949.9 9949.9 9949.9 9949.9 9949.9 9949.9 9949.9 9949.9 9949.9 9949.9 9949.9 9949.9 9949.9 9949.9 9949.9 9949.9 9949.9 9949.9 9949.9 9949.9 9949.9 9949.9 9949.9 9949.9 9949.9 9949.9 9949.9 9949.9 9949.9 9949.9 9949.9 9949.9 9949.9 9949.9 9949.9 9949.9 9949.9 9949.9 9949.9 9949.9 9949.9 9949.9 9949.9 9949.9 9949.9 9949.9 9949.9 9949.9 9949.9 9949.9 9949.9 9949.9 9949.9 9949.9 9949.9 9949.9 9949.9 
9949.9 9949.9 9949.9 9949.9 9949.9 9949.9 9949.9 9949.9 9949.9 9949.9 9949.9 9949.9 9949.9 9949.9 9949.9 9949.9 9949.9 9949.9 9949.9 9949.9 9949.9 9949.9 9949.9 9949.9 9949.9 9949.9 9949.9 9949.9 9949.9 9949.9 9949.9 9949.9 9949.9 9949.9 9949.9 9949.9 9949.9 9949.9 9949.9 9949.9 9949.9 9949.9 9949.9 9949.9 9949.9 9949.9 9949.9 9949.9 9949.9 9949.9 9949.9 9949.9 9949.9 9949.9 9949.9 9949.9 9949.9 9949.9 9949.9 
9949.9 9949.9 9949.9 9949.9 9949.9 9949.9 9949.9 9949.9 9949.9 9949.9 9949.9 9949.9 9949.9 9949.9 9949.9 9949.9 9949.9 9949.9 9949.9 9949.9 9949.9 9949.9 9949.9 9949.9 9949.9 9949.9 9949.9 9949.9 9949.9 9949.9 9949.9 9949.9 9949.9 9949.9 9949.9 9949.9 9949.9 9949.9 9949.9 9949.9 9949.9 9949.9 9949.9 9949.9 9949.9 9949.9 9949.9 9949.9 9949.9 9949.9 9949.9 9949.9 9949.9 9949.9 9949.9 9949.9 9949.9 9949.9 9949.9 
9949.9 9949.9 9949.9 9949.9 9949.9 9949.9 9949.9 9949.9 9949.9 9949.9 9949.9 9949.9 9949.9 9949.9 9949.9 9949.9 9949.9 9949.9 9949.9 9949.9 9949.9 9949.9 9949.9 9949.9 9949.9 9949.9 9949.9 9949.9 9949.9 9949.9 9949.9 9949.9 9949.9 9949.9 9949.9 9949.9 9949.9 9949.9 9949.9 9949.9 9949.9 9949.9 9949.9 9949.9 9949.9 9949.9 9949.9 9949.9 9949.9 9949.9 9949.9 9949.9 9949.9 9949.9 9949.9 9949.9 9949.9 9949.9 9949.9 
9949.9 9949.9 9949.9 9949.9 9949.9 9949.9 9949.9 9949.9 9949.9 9949.9 9949.9 9949.9 9949.9 9949.9 9949.9 9949.9 9949.9 9949.9 9949.9 9949.9 9949.9 9949.9 9949.9 9949.9 9949.9 9949.9 9949.9 9949.9 9949.9 9949.9 9949.9 9949.9 9949.9 9949.9 9949.9 9949.9 9949.9 9949.9 9949.9 9949.9 9949.9 9949.9 9949.9 9949.9 9949.9 9949.9 9949.9 9949.9 9949.9 9949.9 9949.9 9949.9 9949.9 9949.9 9949.9 9949.9 9949.9 9949.9 9949.9 
9949.9 9949.9 9949.9 9949.9 9949.9 9949.9 9949.9 9949.9 9949.9 9949.9 9949.9 9949.9 9949.9 9949.9 9949.9 9949.9 9949.9 9949.9 9949.9 9949.9 9949.9 9949.9 9949.9 9949.9 9949.9 9949.9 9949.9 9949.9 9949.9 9949.9 9949.9 9949.9 9949.9 9949.9 9949.9 9949.9 9949.9 9949.9 9949.9 9949.9 9949.9 9949.9 9949.9 9949.9 9949.9 9949.9 9949.9 9949.9 9949.9 9949.9 9949.9 9949.9 9949.9 9949.9 9949.9 9949.9 9949.9 9949.9 9949.9 
9949.9 9949.9 9949.9 9949.9 9949.9 9949.9 9949.9 9949.9 9949.9 9949.9 9949.9 9949.9 9949.9 9949.9 9949.9 9949.9 9949.9 9949.9 9949.9 9949.9 9949.9 9949.9 9949.9 9949.9 9949.9 9949.9 9949.9 9949.9 9949.9 9949.9 9949.9 9949.9 9949.9 9949.9 9949.9 9949.9 9949.9 9949.9 9949.9 9949.9 9949.9 9949.9 9949.9 9949.9 9949.9 9949.9 9949.9 9949.9 9949.9 9949.9 9949.9 9949.9 9949.9 9949.9 9949.9 9949.9 9949.9 9949.9 9949.9 
9949.9 9949.9 9949.9 9949.9 9949.9 9949.9 9949.9 9949.9 9949.9 9949.9 9949.9 9949.9 9949.9 9949.9 9949.9 9949.9 9949.9 9949.9 9949.9 9949.9 9949.9 9949.9 9949.9 9949.9 9949.9 9949.9 9949.9 9949.9 9949.9 9949.9 9949.9 9949.9 9949.9 9949.9 9949.9 9949.9 9949.9 9949.9 9949.9 9949.9 9949.9 9949.9 9949.9 9949.9 9949.9 9949.9 9949.9 9949.9 9949.9 9949.9 9949.9 9949.9 9949.9 9949.9 9949.9 9949.9 9949.9 9949.9 9949.9 
9949.9 9949.9 9949.9 9949.9 9949.9 9949.9 9949.9 9949.9 9949.9 9949.9 9949.9 9949.9 9949.9 9949.9 9949.9 9949.9 9949.9 9949.9 9949.9 9949.9 9949.9 9949.9 9949.9 9949.9 9949.9 9949.9 9949.9 9949.9 9949.9 9949.9 9949.9 9949.9 9949.9 9949.9 9949.9 9949.9 9949.9 9949.9 9949.9 9949.9 9949.9 9949.9 9949.9 9949.9 9949.9 9949.9 9949.9 9949.9 9949.9 9949.9 9949.9 9949.9 9949.9 9949.9 9949.9 9949.9 9949.9 9949.9 9949.9 
9949.9 9949.9 9949.9 9949.9 9949.9 9949.9 9949.9 9949.9 9949.9 9949.9 9949.9 9949.9 9949.9 9949.9 9949.9 9949.9 9949.9 9949.9 9949.9 9949.9 9949.9 9949.9 9949.9 9949.9 9949.9 9949.9 9949.9 9949.9 9949.9 9949.9 9949.9 9949.9 9949.9 9949.9 9949.9 9949.9 9949.9 9949.9 9949.9 9949.9 9949.9 9949.9 9949.9 9949.9 9949.9 9949.9 9949.9 9949.9 9949.9 9949.9 9949.9 9949.9 9949.9 9949.9 9949.9 9949.9 9949.9 9949.9 9949.9 
9949.9 9949.9 9949.9 9949.9 9949.9 9949.9 9949.9 9949.9 9949.9 9949.9 9949.9 9949.9 9949.9 9949.9 9949.9 9949.9 9949.9 9949.9 9949.9 9949.9 9949.9 9949.9 9949.9 9949.9 9949.9 9949.9 9949.9 9949.9 9949.9 9949.9 9949.9 9949.9 9949.9 9949.9 9949.9 9949.9 9949.9 9949.9 9949.9 9949.9 9949.9 9949.9 9949.9 9949.9 9949.9 9949.9 9949.9 9949.9 9949.9 9949.9 9949.9 9949.9 9949.9 9949.9 9949.9 9949.9 9949.9 9949.9 9949.9 
9949.9 9949.9 9949.9 9949.9 9949.9 9949.9 9949.9 9949.9 9949.9 9949.9 9949.9 9949.9 9949.9 9949.9 9949.9 9949.9 9949.9 9949.9 9949.9 9949.9 9949.9 9949.9 9949.9 9949.9 9949.9 9949.9 9949.9 9949.9 9949.9 9949.9 9949.9 9949.9 9949.9 9949.9 9949.9 9949.9 9949.9 9949.9 9949.9 9949.9 9949.9 9949.9 9949.9 9949.9 9949.9 9949.9 9949.9 9949.9 9949.9 9949.9 9949.9 9949.9 9949.9 9949.9 9949.9 9949.9 9949.9 9949.9 9949.9 
9949.9 9949.9 9949.9 9949.9 9949.9 9949.9 9949.9 9949.9 9949.9 9949.9 9949.9 9949.9 9949.9 9949.9 9949.9 9949.9 9949.9 9949.9 9949.9 9949.9 9949.9 9949.9 9949.9 9949.9 9949.9 9949.9 9949.9 9949.9 9949.9 9949.9 9949.9 9949.9 9949.9 9949.9 9949.9 9949.9 9949.9 9949.9 9949.9 9949.9 9949.9 9949.9 9949.9 9949.9 9949.9 9949.9 9949.9 9949.9 9949.9 9949.9 9949.9 9949.9 9949.9 9949.9 9949.9 9949.9 9949.9 9949.9 9949.9 
9949.9 9949.9 9949.9 9949.9 9949.9 9949.9 9949.9 9949.9 9949.9 9949.9 9949.9 9949.9 9949.9 9949.9 9949.9 9949.9 9949.9 9949.9 9949.9 9949.9 9949.9 9949.9 9949.9 9949.9 9949.9 9949.9 9949.9 9949.9 9949.9 9949.9 9949.9 9949.9 9949.9 9949.9 9949.9 9949.9 9949.9 9949.9 9949.9 9949.9 9949.9 9949.9 9949.9 9949.9 9949.9 9949.9 9949.9 9949.9 9949.9 9949.9 9949.9 9949.9 9949.9 9949.9 9949.9 9949.9 9949.9 9949.9 9949.9 
