# org_id,org_cellx,org_celly,org_forage_target,org_group_id,org_facing
49032214,48,21,-1,-1,5
49032199,1,29,-1,-1,6
49023521,2,29,-1,-1,7
49031109,38,5,-1,-1,7
49032470,28,31,-1,-1,7
49030574,30,52,-1,-1,1
49032815,10,12,-1,-1,0
49031421,4,9,-1,-1,1
49031286,21,14,-1,-1,4
49030944,49,52,-1,-1,0
49031710,28,23,-1,-1,7
49029143,50,29,-1,-1,1
49032650,38,50,-1,-1,5
49029577,34,1,-1,-1,1
49030451,53,36,-1,-1,5
49029578,52,40,-1,-1,3
49030400,39,42,-1,-1,5
49032410,26,41,-1,-1,1
49031172,45,13,-1,-1,5
49018283,17,6,-1,-1,5
49026761,3,7,-1,-1,1
49026790,54,55,-1,-1,1
49032059,25,50,-1,-1,7
49025294,10,58,-1,-1,1
49032166,31,9,-1,-1,6
49032288,12,19,-1,-1,5
49029107,48,56,-1,-1,5
49031938,26,13,-1,-1,7
49032112,47,3,-1,-1,6
49031343,13,9,-1,-1,6
49030205,45,56,-1,-1,1
49031819,1,12,-1,-1,6
49029435,36,40,-1,-1,2
49031927,24,21,-1,-1,2
49029858,27,27,-1,-1,2
49028466,30,28,-1,-1,2
49024126,49,22,-1,-1,3
49030166,31,44,-1,-1,7
49032342,1,1,-1,-1,5
49027027,10,38,-1,-1,7
49031536,8,23,-1,-1,5
49032591,48,31,-1,-1,0
49032182,14,22,-1,-1,6
49020572,24,33,-1,-1,2
49033183,6,51,-1,-1,1
49031716,10,30,-1,-1,4
49030095,56,45,-1,-1,0
49033117,34,45,-1,-1,3
49033181,35,2,-1,-1,5
49032310,40,56,-1,-1,3
49032519,43,2,-1,-1,1
49032252,4,18,-1,-1,2
49024997,55,50,-1,-1,7
49031553,17,34,-1,-1,6
49032653,16,19,-1,-1,4
49022242,3,58,-1,-1,2
49032602,9,32,-1,-1,0
49025091,4,50,-1,-1,7
49032909,30,51,-1,-1,0
49030436,11,11,-1,-1,3
49031648,41,23,-1,-1,3
49032274,50,31,-1,-1,6
49032394,57,19,-1,-1,5
49031331,32,43,-1,-1,2
49030943,36,31,-1,-1,4
49024469,56,41,-1,-1,0
49031932,55,9,-1,-1,7
49023525,13,41,-1,-1,2
49029005,40,6,-1,-1,2
49028873,50,19,-1,-1,1
49032921,10,24,-1,-1,0
49029823,1,20,-1,-1,1
49029274,12,13,-1,-1,7
49032754,2,50,-1,-1,5
49029732,29,4,-1,-1,5
49031572,7,47,-1,-1,3
49020298,1,58,-1,-1,6
49031988,22,46,-1,-1,4
49030299,53,7,-1,-1,2
49026924,41,34,-1,-1,2
49028854,46,13,-1,-1,5
49032930,15,8,-1,-1,2
49029910,4,32,-1,-1,5
49024711,37,20,-1,-1,2
49030890,12,49,-1,-1,0
49031886,36,27,-1,-1,1
49022255,20,16,-1,-1,1
49030376,42,44,-1,-1,7
49026653,0,40,-1,-1,0
49026676,45,18,-1,-1,0
49028112,19,6,-1,-1,3
49020817,19,53,-1,-1,7
49029091,33,54,-1,-1,1
49026645,44,15,-1,-1,5
49032638,13,21,-1,-1,2
49033071,31,5,-1,-1,6
49022064,53,58,-1,-1,1
49033070,2,26,-1,-1,4
49031293,2,51,-1,-1,5
49030094,42,51,-1,-1,1
49016256,31,55,-1,-1,1
49029682,13,36,-1,-1,7
49022087,58,55,-1,-1,0
49030723,39,38,-1,-1,6
49032801,33,13,-1,-1,4
49032689,46,40,-1,-1,6
49026907,2,48,-1,-1,4
49033083,6,12,-1,-1,6
49026512,53,17,-1,-1,7
49032681,14,35,-1,-1,5
49032806,48,50,-1,-1,0
49024114,9,54,-1,-1,2
49030177,31,22,-1,-1,2
49028850,44,45,-1,-1,6
49031407,4,28,-1,-1,0
49032238,1,2,-1,-1,1
49032991,38,15,-1,-1,2
49028972,40,14,-1,-1,6
49026446,11,49,-1,-1,5
49030535,9,43,-1,-1,0
49031481,32,55,-1,-1,1
49028779,48,47,-1,-1,7
49032854,31,45,-1,-1,6
49030055,56,0,-1,-1,3
49013835,42,1,-1,-1,0
49031058,13,39,-1,-1,1
49028681,48,22,-1,-1,3
49029441,34,54,-1,-1,3
49027980,25,14,-1,-1,7
49032852,56,54,-1,-1,4
49027306,54,49,-1,-1,1
49031849,26,39,-1,-1,5
49033076,15,47,-1,-1,1
49028724,56,49,-1,-1,2
49032321,30,23,-1,-1,5
49028713,11,18,-1,-1,6
49031288,15,1,-1,-1,1
49030448,28,51,-1,-1,1
49031798,32,26,-1,-1,0
49029530,1,44,-1,-1,6
49032451,42,25,-1,-1,4
49030527,20,15,-1,-1,3
49032796,27,26,-1,-1,7
49032008,38,1,-1,-1,7
49030655,10,48,-1,-1,2
49030871,48,37,-1,-1,4
49032333,24,48,-1,-1,1
49029939,14,56,-1,-1,0
49031292,9,6,-1,-1,1
49032667,51,18,-1,-1,1
49027193,52,35,-1,-1,5
49028050,43,8,-1,-1,5
49025415,9,42,-1,-1,4
49032683,58,39,-1,-1,4
49030763,48,0,-1,-1,3
49031501,26,47,-1,-1,0
49023283,4,30,-1,-1,0
49030694,8,51,-1,-1,6
49031212,11,36,-1,-1,4
49030510,9,45,-1,-1,1
49030054,33,22,-1,-1,3
49032104,20,23,-1,-1,3
49030467,51,6,-1,-1,2
49025430,39,5,-1,-1,4
49032824,24,54,-1,-1,3
49031808,3,12,-1,-1,4
49028291,55,35,-1,-1,2
49032393,16,4,-1,-1,0
49018290,47,2,-1,-1,7
49032803,45,36,-1,-1,3
49032528,37,39,-1,-1,1
49032241,40,42,-1,-1,3
49032577,18,32,-1,-1,2
49030796,22,32,-1,-1,6
49030632,5,14,-1,-1,4
49031022,20,32,-1,-1,0
49022909,6,29,-1,-1,2
49032911,18,12,-1,-1,2
49029384,45,16,-1,-1,7
49031656,1,28,-1,-1,2
49031389,54,37,-1,-1,3
49031975,57,18,-1,-1,2
49024591,25,52,-1,-1,4
49028447,49,4,-1,-1,6
49031523,18,46,-1,-1,3
49021303,29,11,-1,-1,6
49028423,35,37,-1,-1,7
49030588,16,37,-1,-1,4
49031431,28,33,-1,-1,6
49030692,22,7,-1,-1,5
49031785,45,41,-1,-1,3
49032726,0,20,-1,-1,4
49023020,20,30,-1,-1,1
49032563,11,31,-1,-1,1
49014375,52,12,-1,-1,1
49031890,33,29,-1,-1,2
49030118,37,5,-1,-1,7
49032695,6,54,-1,-1,5
49032723,50,44,-1,-1,6
49028987,33,44,-1,-1,3
49026474,23,34,-1,-1,4
49032436,48,44,-1,-1,7
49024987,25,43,-1,-1,6
49028738,6,23,-1,-1,0
49018203,25,6,-1,-1,0
49032706,46,16,-1,-1,7
49031006,48,28,-1,-1,7
49023672,58,7,-1,-1,4
49027517,9,51,-1,-1,4
49029277,14,47,-1,-1,0
49030633,18,49,-1,-1,3
49032892,52,22,-1,-1,2
49032605,42,13,-1,-1,6
49027391,54,50,-1,-1,2
49028254,42,49,-1,-1,4
49032153,5,49,-1,-1,6
49028550,27,19,-1,-1,3
49028445,53,6,-1,-1,6
49032616,57,32,-1,-1,2
49030253,58,24,-1,-1,5
49029718,32,3,-1,-1,7
49031538,27,39,-1,-1,1
49030605,42,57,-1,-1,7
49019097,0,2,-1,-1,4
49028936,25,34,-1,-1,2
49032271,42,56,-1,-1,1
49031064,7,34,-1,-1,7
49027490,10,0,-1,-1,3
49029984,0,18,-1,-1,3
49029417,15,11,-1,-1,0
49032452,28,3,-1,-1,2
49032205,41,37,-1,-1,2
49032272,33,32,-1,-1,0
49031502,6,20,-1,-1,5
49032983,2,15,-1,-1,2
49032516,42,41,-1,-1,0
49032771,37,31,-1,-1,6
49030223,24,39,-1,-1,4
49032450,17,36,-1,-1,5
49032348,52,57,-1,-1,5
49026006,46,42,-1,-1,2
49030722,22,30,-1,-1,1
49029305,24,58,-1,-1,2
49029953,21,45,-1,-1,3
49023245,26,7,-1,-1,3
49030848,49,33,-1,-1,6
49031200,25,37,-1,-1,1
49031598,32,45,-1,-1,5
49032318,23,28,-1,-1,5
49032660,7,1,-1,-1,7
49032078,20,29,-1,-1,7
49032568,50,51,-1,-1,3
49022808,35,54,-1,-1,5
49031583,50,12,-1,-1,0
49032289,23,57,-1,-1,2
49030968,28,9,-1,-1,3
49032293,23,40,-1,-1,1
49030809,0,11,-1,-1,1
49032314,37,27,-1,-1,7
49030308,18,55,-1,-1,1
49030983,14,43,-1,-1,4
49021159,7,3,-1,-1,0
49029621,40,27,-1,-1,2
49030256,35,47,-1,-1,4
49021069,9,36,-1,-1,2
49027333,47,7,-1,-1,3
49032472,29,21,-1,-1,5
49025862,50,16,-1,-1,5
49032744,3,37,-1,-1,0
49031571,57,17,-1,-1,4
49030916,1,57,-1,-1,3
49031859,23,1,-1,-1,5
49030173,11,5,-1,-1,3
49032430,37,14,-1,-1,2
49025640,53,39,-1,-1,3
49033002,31,38,-1,-1,0
49032903,38,18,-1,-1,5
49031465,44,57,-1,-1,4
49027274,14,53,-1,-1,0
49028461,57,16,-1,-1,6
49030777,48,30,-1,-1,5
49032755,39,41,-1,-1,0
49032765,20,24,-1,-1,7
49032774,47,36,-1,-1,3
49025218,35,56,-1,-1,6
49031925,33,7,-1,-1,6
49030475,48,23,-1,-1,2
49028672,42,38,-1,-1,1
49029905,5,0,-1,-1,6
49032463,45,29,-1,-1,1
49030363,19,4,-1,-1,4
49032522,0,0,-1,-1,4
49032893,15,46,-1,-1,6
49031956,15,0,-1,-1,5
49027926,42,50,-1,-1,5
49030637,29,40,-1,-1,0
49029627,19,44,-1,-1,7
49031732,34,32,-1,-1,2
49027562,13,38,-1,-1,0
49026166,17,54,-1,-1,1
49029061,57,52,-1,-1,2
49032440,50,5,-1,-1,7
49030521,30,15,-1,-1,1
49030861,16,28,-1,-1,0
49028555,40,29,-1,-1,4
49027301,0,24,-1,-1,2
49032332,0,41,-1,-1,4
49030590,1,4,-1,-1,7
49032287,48,54,-1,-1,3
49020526,42,46,-1,-1,4
49026578,38,48,-1,-1,5
49032221,35,25,-1,-1,5
49030717,58,31,-1,-1,7
49031405,46,1,-1,-1,1
49033147,8,18,-1,-1,6
49032323,14,41,-1,-1,1
49031591,29,56,-1,-1,3
49031657,55,56,-1,-1,5
49031974,24,38,-1,-1,2
49032461,8,16,-1,-1,2
49027221,34,14,-1,-1,4
49025929,38,40,-1,-1,2
49031095,47,42,-1,-1,6
49026032,55,8,-1,-1,3
49030711,40,38,-1,-1,2
49032307,35,0,-1,-1,6
49032959,8,41,-1,-1,4
49030652,25,55,-1,-1,7
49027100,4,35,-1,-1,2
49031640,51,17,-1,-1,7
49032249,14,50,-1,-1,3
49031265,14,51,-1,-1,6
49031442,11,43,-1,-1,3
49029647,29,52,-1,-1,3
49032850,56,9,-1,-1,7
49030384,43,37,-1,-1,5
49031050,34,40,-1,-1,1
49026054,48,36,-1,-1,0
49031124,6,11,-1,-1,5
49031098,24,5,-1,-1,1
49032594,48,39,-1,-1,7
49007273,2,0,-1,-1,3
49032644,26,49,-1,-1,1
49032397,38,52,-1,-1,7
49028812,55,6,-1,-1,1
49030276,48,40,-1,-1,0
49032312,42,29,-1,-1,6
49030708,18,7,-1,-1,4
49032864,8,36,-1,-1,3
49030920,39,29,-1,-1,2
49032262,9,44,-1,-1,2
49027504,56,37,-1,-1,0
49031780,21,46,-1,-1,5
49026739,38,42,-1,-1,1
49028320,56,35,-1,-1,5
49031334,17,24,-1,-1,3
49032699,20,31,-1,-1,0
49029293,43,54,-1,-1,1
49031427,36,8,-1,-1,7
49032786,47,52,-1,-1,1
49028751,5,16,-1,-1,4
49029946,55,23,-1,-1,4
49031913,11,26,-1,-1,5
49031441,53,27,-1,-1,2
49030468,50,47,-1,-1,0
49022739,18,30,-1,-1,7
49027678,21,32,-1,-1,3
49030080,33,30,-1,-1,6
49031719,23,15,-1,-1,0
49031025,42,31,-1,-1,3
49022220,21,42,-1,-1,2
49025538,15,50,-1,-1,1
49020257,54,57,-1,-1,2
49032235,18,48,-1,-1,5
49032176,13,42,-1,-1,0
49032391,19,54,-1,-1,0
49028933,38,6,-1,-1,1
49031123,33,4,-1,-1,1
49030934,14,14,-1,-1,5
49033087,53,25,-1,-1,7
49028486,19,14,-1,-1,0
49027125,39,52,-1,-1,3
49029102,32,17,-1,-1,4
49027465,24,56,-1,-1,2
49029286,43,22,-1,-1,2
49033160,28,43,-1,-1,3
49032434,3,31,-1,-1,4
49025333,0,10,-1,-1,0
49031609,41,14,-1,-1,1
49027650,28,5,-1,-1,1
49028395,46,31,-1,-1,1
49022555,55,37,-1,-1,2
49032949,27,2,-1,-1,1
49029282,19,34,-1,-1,2
49024374,21,54,-1,-1,2
49028485,32,15,-1,-1,6
49030927,47,18,-1,-1,6
49030073,20,6,-1,-1,6
49031190,7,55,-1,-1,0
49026729,39,40,-1,-1,0
49032512,43,51,-1,-1,6
49032635,32,42,-1,-1,5
49031515,51,13,-1,-1,0
49025551,39,7,-1,-1,5
49031768,3,43,-1,-1,2
49032582,23,22,-1,-1,7
49025547,26,8,-1,-1,3
49027801,32,29,-1,-1,0
49022859,48,6,-1,-1,6
49032031,36,38,-1,-1,6
49029292,42,45,-1,-1,7
49027503,20,0,-1,-1,2
49032973,42,33,-1,-1,4
49031357,27,56,-1,-1,1
49032536,7,9,-1,-1,2
49030323,55,44,-1,-1,0
49031063,30,58,-1,-1,6
49015236,27,46,-1,-1,7
49029963,38,54,-1,-1,6
49030992,29,39,-1,-1,0
49031418,26,27,-1,-1,2
49031464,33,53,-1,-1,6
49032462,13,24,-1,-1,2
49029103,56,12,-1,-1,6
49031332,35,11,-1,-1,4
49027120,24,3,-1,-1,2
49029705,20,40,-1,-1,5
49031233,52,19,-1,-1,1
49032811,50,34,-1,-1,2
49031943,35,15,-1,-1,5
49032711,32,52,-1,-1,0
49032702,11,35,-1,-1,6
49032173,29,53,-1,-1,5
49032674,43,30,-1,-1,1
49031842,15,29,-1,-1,6
49026145,44,30,-1,-1,4
49032108,48,7,-1,-1,7
49032950,2,55,-1,-1,5
49031030,37,38,-1,-1,1
49030888,43,57,-1,-1,2
49032748,25,54,-1,-1,3
49021694,41,51,-1,-1,0
49030813,0,17,-1,-1,3
49031741,2,38,-1,-1,7
49025118,12,43,-1,-1,0
49031991,45,3,-1,-1,5
49018057,21,52,-1,-1,5
49024226,28,37,-1,-1,4
49031183,49,8,-1,-1,7
49029652,6,58,-1,-1,2
49028939,4,27,-1,-1,4
49032632,44,27,-1,-1,7
49033170,30,5,-1,-1,7
49032982,32,10,-1,-1,0
49024263,6,56,-1,-1,6
49032062,33,41,-1,-1,4
49032945,2,25,-1,-1,4
49026712,53,14,-1,-1,0
49031711,1,42,-1,-1,5
49030863,24,20,-1,-1,4
49027450,33,55,-1,-1,0
49027720,40,35,-1,-1,6
49027455,7,50,-1,-1,6
49031737,6,7,-1,-1,4
49029829,29,57,-1,-1,7
49033077,47,12,-1,-1,0
49017292,22,17,-1,-1,4
49032254,44,58,-1,-1,2
49031350,56,7,-1,-1,3
49028081,28,50,-1,-1,1
49033110,9,58,-1,-1,6
49030417,34,47,-1,-1,4
49028817,26,45,-1,-1,4
49033137,22,16,-1,-1,0
49033016,13,56,-1,-1,1
49025802,57,14,-1,-1,2
49032245,34,33,-1,-1,6
49021042,48,41,-1,-1,1
49031285,16,47,-1,-1,4
49026410,49,5,-1,-1,5
49032437,24,0,-1,-1,5
49031128,29,36,-1,-1,7
49027917,47,44,-1,-1,0
49031076,11,42,-1,-1,7
49027830,58,52,-1,-1,7
49028527,35,36,-1,-1,7
49030383,9,9,-1,-1,5
49032148,27,25,-1,-1,5
49029428,45,35,-1,-1,7
49031834,47,29,-1,-1,5
49029863,50,54,-1,-1,7
49032569,27,51,-1,-1,2
49023725,51,22,-1,-1,1
49029881,18,27,-1,-1,7
49030572,10,7,-1,-1,0
49033039,1,40,-1,-1,6
49033131,48,16,-1,-1,6
49027591,18,29,-1,-1,3
49031398,7,21,-1,-1,1
49028310,13,22,-1,-1,3
49031207,47,37,-1,-1,1
49028080,56,1,-1,-1,1
49022944,17,17,-1,-1,5
49032621,55,4,-1,-1,7
49030822,42,6,-1,-1,6
49031729,51,43,-1,-1,5
49031653,57,33,-1,-1,2
49029917,32,50,-1,-1,2
49028189,4,11,-1,-1,7
49031600,20,11,-1,-1,1
49029561,11,32,-1,-1,5
49032521,47,40,-1,-1,6
49031902,24,12,-1,-1,3
49030869,7,7,-1,-1,6
49029678,22,22,-1,-1,1
49029056,45,24,-1,-1,0
49031412,46,24,-1,-1,4
49029491,34,16,-1,-1,2
49026085,47,58,-1,-1,2
49028041,43,35,-1,-1,2
49029649,45,48,-1,-1,1
49031316,15,56,-1,-1,1
49025130,12,21,-1,-1,3
49032720,13,15,-1,-1,1
49031678,5,22,-1,-1,6
49028069,28,53,-1,-1,2
49032467,54,47,-1,-1,6
49021856,14,18,-1,-1,1
49031638,2,47,-1,-1,2
49030969,43,33,-1,-1,3
49031781,11,50,-1,-1,6
49033140,27,52,-1,-1,0
49021842,28,55,-1,-1,2
49032952,11,47,-1,-1,7
49032708,16,18,-1,-1,7
49032518,49,51,-1,-1,0
49031821,48,8,-1,-1,3
49025498,34,35,-1,-1,6
49028979,41,15,-1,-1,0
49029540,56,17,-1,-1,6
49029492,8,1,-1,-1,2
49032121,1,8,-1,-1,4
49032206,13,52,-1,-1,6
49027516,42,52,-1,-1,5
49032316,26,4,-1,-1,0
49030771,9,37,-1,-1,2
49032607,38,13,-1,-1,4
49025933,47,14,-1,-1,3
49027197,18,39,-1,-1,4
49032193,38,27,-1,-1,6
49031924,22,1,-1,-1,7
49031545,58,45,-1,-1,7
49031238,49,56,-1,-1,1
49027986,50,22,-1,-1,2
49028105,38,24,-1,-1,1
49031652,34,48,-1,-1,1
49031857,0,31,-1,-1,4
49030556,6,0,-1,-1,2
49032705,19,5,-1,-1,0
49030228,1,47,-1,-1,6
49029929,3,14,-1,-1,0
49031318,29,47,-1,-1,2
49031487,37,50,-1,-1,5
49032995,25,2,-1,-1,0
49024705,20,44,-1,-1,1
49030817,27,16,-1,-1,1
49032398,58,2,-1,-1,4
49028609,11,20,-1,-1,3
49031660,57,6,-1,-1,1
49031838,27,54,-1,-1,4
49029628,25,10,-1,-1,0
49029379,39,20,-1,-1,2
49030269,36,48,-1,-1,4
49032074,22,18,-1,-1,7
49022360,3,25,-1,-1,3
49031391,39,36,-1,-1,3
49032888,40,32,-1,-1,0
49031103,51,55,-1,-1,0
49031832,19,17,-1,-1,5
49027514,23,25,-1,-1,3
49028892,17,16,-1,-1,5
49031850,38,53,-1,-1,4
49018925,5,21,-1,-1,0
49032201,6,37,-1,-1,6
49033138,22,40,-1,-1,6
49032268,1,3,-1,-1,2
49032447,1,0,-1,-1,4
49031108,26,51,-1,-1,5
49028571,22,48,-1,-1,5
49029232,31,18,-1,-1,7
49028411,35,48,-1,-1,4
49032225,41,21,-1,-1,6
49032036,18,36,-1,-1,3
49032396,48,17,-1,-1,4
49015898,16,15,-1,-1,1
49025483,28,47,-1,-1,2
49022318,55,48,-1,-1,1
49030747,25,29,-1,-1,2
49032189,18,6,-1,-1,3
49032007,12,31,-1,-1,2
49032684,28,32,-1,-1,1
49029184,45,55,-1,-1,5
49032029,43,44,-1,-1,1
49029774,22,3,-1,-1,1
49031185,15,31,-1,-1,6
49029165,54,27,-1,-1,3
49031776,35,10,-1,-1,0
49024434,49,43,-1,-1,0
49032789,12,7,-1,-1,7
49031641,58,15,-1,-1,5
49031243,35,6,-1,-1,2
49030307,36,56,-1,-1,3
49032120,57,10,-1,-1,4
49023293,51,0,-1,-1,6
49026416,38,33,-1,-1,6
49031860,7,28,-1,-1,3
49033011,6,44,-1,-1,5
49027297,25,45,-1,-1,5
49028879,7,0,-1,-1,5
49032187,54,29,-1,-1,0
49028162,13,19,-1,-1,0
49031433,2,30,-1,-1,1
49031296,9,38,-1,-1,5
49032700,2,7,-1,-1,1
49028483,49,47,-1,-1,7
49030457,53,48,-1,-1,7
49030368,17,27,-1,-1,3
49032256,18,33,-1,-1,2
49032454,7,40,-1,-1,6
49029500,46,7,-1,-1,2
49031145,8,49,-1,-1,6
49025909,34,53,-1,-1,0
49032831,36,42,-1,-1,6
49031386,28,4,-1,-1,7
49030024,36,28,-1,-1,7
49021454,30,14,-1,-1,7
49030456,56,20,-1,-1,3
49030678,4,54,-1,-1,1
49032756,23,6,-1,-1,5
49031715,17,2,-1,-1,7
49032327,2,6,-1,-1,7
49030163,4,33,-1,-1,2
49028446,37,28,-1,-1,4
49018640,49,1,-1,-1,4
49031735,24,44,-1,-1,4
49031396,26,54,-1,-1,1
49015172,25,35,-1,-1,3
49031517,3,1,-1,-1,7
49030146,42,40,-1,-1,6
49028656,11,58,-1,-1,0
49032500,31,20,-1,-1,6
49032697,7,52,-1,-1,1
49030766,18,13,-1,-1,0
49031691,22,0,-1,-1,6
49031812,7,37,-1,-1,3
49032368,8,37,-1,-1,5
49031738,50,58,-1,-1,6
49030136,36,50,-1,-1,2
49027745,55,52,-1,-1,2
49030446,25,36,-1,-1,7
49028954,24,37,-1,-1,1
49032315,41,6,-1,-1,6
49027480,31,35,-1,-1,4
49027810,53,41,-1,-1,1
49031303,55,36,-1,-1,7
49031663,42,20,-1,-1,0
49032240,38,25,-1,-1,0
49026388,45,21,-1,-1,5
49029585,2,53,-1,-1,1
49027330,18,2,-1,-1,6
49025409,5,31,-1,-1,7
49025669,51,12,-1,-1,5
49029371,11,33,-1,-1,5
49026278,32,54,-1,-1,1
49030016,17,33,-1,-1,7
49032988,29,48,-1,-1,1
49032065,25,22,-1,-1,6
49033168,20,38,-1,-1,6
49031752,43,25,-1,-1,6
49031672,3,38,-1,-1,4
49031213,48,42,-1,-1,7
49032679,2,31,-1,-1,6
49029467,37,30,-1,-1,5
49030465,47,57,-1,-1,4
49027242,57,45,-1,-1,2
49032561,45,38,-1,-1,6
49032334,20,17,-1,-1,0
49032217,39,45,-1,-1,1
49031966,33,43,-1,-1,5
49027268,56,13,-1,-1,1
49027183,7,15,-1,-1,3
49031131,36,23,-1,-1,1
49032091,48,52,-1,-1,3
49023035,0,23,-1,-1,4
49029698,11,45,-1,-1,1
49030161,57,42,-1,-1,4
49032468,2,20,-1,-1,7
49032260,4,39,-1,-1,2
49032305,16,30,-1,-1,3
49030119,13,55,-1,-1,4
49032547,16,3,-1,-1,6
49032355,45,9,-1,-1,2
49030933,1,11,-1,-1,3
49022664,4,37,-1,-1,7
49023645,58,25,-1,-1,0
49029575,11,1,-1,-1,6
49020258,0,55,-1,-1,3
49032891,14,44,-1,-1,0
49027945,37,45,-1,-1,3
49032807,18,51,-1,-1,1
49031395,15,53,-1,-1,1
49029254,16,0,-1,-1,4
49032590,54,42,-1,-1,2
49032280,19,3,-1,-1,0
49025835,58,41,-1,-1,4
49032183,33,8,-1,-1,7
49021884,50,50,-1,-1,0
49027312,9,40,-1,-1,7
49031088,17,38,-1,-1,5
49032299,25,39,-1,-1,5
49029117,19,18,-1,-1,7
49031443,26,35,-1,-1,1
49030142,44,43,-1,-1,6
49031294,5,33,-1,-1,5
49027624,15,3,-1,-1,2
49032282,54,43,-1,-1,3
49032865,52,47,-1,-1,3
49028419,42,47,-1,-1,6
49027226,29,13,-1,-1,1
49031697,9,19,-1,-1,4
49032939,17,56,-1,-1,0
49031931,3,35,-1,-1,5
49027943,30,30,-1,-1,0
49031482,51,30,-1,-1,5
49031899,34,55,-1,-1,6
49032737,18,52,-1,-1,3
49030913,41,16,-1,-1,7
49032372,13,58,-1,-1,6
49028456,45,2,-1,-1,4
49031820,9,26,-1,-1,2
49032703,17,41,-1,-1,5
49028595,4,53,-1,-1,5
49031873,19,29,-1,-1,6
49031315,3,56,-1,-1,2
49031901,47,20,-1,-1,1
49027443,40,52,-1,-1,3
49032779,10,55,-1,-1,4
49029337,58,44,-1,-1,6
49026179,30,3,-1,-1,4
49031169,39,14,-1,-1,2
49026758,16,25,-1,-1,4
49032595,0,9,-1,-1,0
49028521,12,53,-1,-1,0
49025113,24,53,-1,-1,5
49030985,48,29,-1,-1,7
49030406,25,25,-1,-1,3
49026651,55,25,-1,-1,1
49020745,3,32,-1,-1,7
49032050,0,46,-1,-1,1
49028503,13,43,-1,-1,7
49031054,36,15,-1,-1,6
49032304,33,36,-1,-1,4
49032956,40,44,-1,-1,4
49032775,19,36,-1,-1,7
49022617,35,42,-1,-1,2
49030662,7,5,-1,-1,0
49028825,51,42,-1,-1,1
49032135,13,33,-1,-1,1
49030004,41,2,-1,-1,0
49029235,31,34,-1,-1,5
49029518,5,45,-1,-1,0
49025806,19,31,-1,-1,3
49022987,10,52,-1,-1,6
49032810,24,10,-1,-1,7
49030876,4,45,-1,-1,2
49032580,43,32,-1,-1,3
49030365,54,20,-1,-1,6
49031060,36,4,-1,-1,6
49032709,56,51,-1,-1,0
49031349,40,48,-1,-1,3
49027265,10,32,-1,-1,4
49031111,58,50,-1,-1,7
49024370,4,25,-1,-1,5
49026228,54,28,-1,-1,1
49027300,44,47,-1,-1,2
49029987,54,10,-1,-1,3
49031928,2,39,-1,-1,3
49031669,47,31,-1,-1,4
49031614,54,48,-1,-1,0
49019663,4,34,-1,-1,2
49031026,45,8,-1,-1,6
49030865,50,7,-1,-1,2
49033043,16,16,-1,-1,7
49031622,56,3,-1,-1,0
49027863,55,24,-1,-1,5
49025328,37,13,-1,-1,2
49029761,8,52,-1,-1,1
49032230,56,5,-1,-1,4
49033047,28,7,-1,-1,5
49033053,33,46,-1,-1,6
49031676,36,11,-1,-1,3
49032817,35,43,-1,-1,4
49031383,52,32,-1,-1,6
49024212,54,56,-1,-1,3
49032830,35,45,-1,-1,3
49030190,45,4,-1,-1,3
49025516,26,6,-1,-1,3
49031449,17,26,-1,-1,2
49031458,42,48,-1,-1,5
49029836,22,54,-1,-1,2
49031587,40,13,-1,-1,1
49031068,27,14,-1,-1,4
49029308,21,58,-1,-1,1
49020816,4,55,-1,-1,5
49031969,38,46,-1,-1,3
49030355,26,3,-1,-1,3
49031994,40,49,-1,-1,7
49032818,22,19,-1,-1,6
49026080,38,14,-1,-1,5
49031264,13,53,-1,-1,2
49032666,47,4,-1,-1,3
49030544,28,19,-1,-1,1
49032184,49,58,-1,-1,6
49033029,4,43,-1,-1,3
49032816,31,3,-1,-1,7
49027622,56,58,-1,-1,6
49028735,52,28,-1,-1,1
49030002,47,6,-1,-1,6
49025853,37,54,-1,-1,6
49032075,54,23,-1,-1,3
49031809,55,40,-1,-1,3
49028438,0,6,-1,-1,4
49032603,15,34,-1,-1,5
49030130,33,47,-1,-1,6
49033010,13,4,-1,-1,2
49032009,53,11,-1,-1,1
49031130,34,13,-1,-1,2
49031695,10,45,-1,-1,7
49021922,6,36,-1,-1,4
49029364,46,28,-1,-1,3
49012006,3,19,-1,-1,5
49031326,1,30,-1,-1,5
49032805,46,37,-1,-1,2
49029679,50,42,-1,-1,5
49030973,20,18,-1,-1,5
49030952,43,16,-1,-1,7
49031916,46,44,-1,-1,6
49026674,40,47,-1,-1,7
49030251,14,37,-1,-1,0
49029810,6,1,-1,-1,6
49028559,29,17,-1,-1,4
49032353,31,56,-1,-1,7
49028467,12,56,-1,-1,0
49032559,41,25,-1,-1,7
49029776,4,7,-1,-1,2
49030524,51,52,-1,-1,4
49027060,18,17,-1,-1,7
49026562,10,44,-1,-1,3
49030149,54,44,-1,-1,3
49032222,34,17,-1,-1,1
49026075,36,54,-1,-1,7
49030788,22,11,-1,-1,0
49032712,9,18,-1,-1,7
49032839,57,22,-1,-1,0
49022394,17,40,-1,-1,3
49032511,10,33,-1,-1,3
49022044,7,43,-1,-1,1
49029526,34,4,-1,-1,1
49027561,28,12,-1,-1,7
49026052,15,5,-1,-1,4
49029724,19,25,-1,-1,4
49031795,36,57,-1,-1,7
49032070,28,48,-1,-1,2
49026604,15,17,-1,-1,4
49031093,53,29,-1,-1,7
49028572,31,6,-1,-1,5
49031241,7,54,-1,-1,3
49028056,32,20,-1,-1,4
49030450,13,10,-1,-1,4
49027228,34,10,-1,-1,4
49021993,52,6,-1,-1,0
49033111,5,8,-1,-1,4
49031467,8,31,-1,-1,1
49032190,38,45,-1,-1,3
49030077,37,25,-1,-1,1
49033049,24,27,-1,-1,4
49027571,14,5,-1,-1,1
49023275,18,22,-1,-1,2
49028624,47,17,-1,-1,2
49029979,41,24,-1,-1,5
49029701,41,22,-1,-1,3
49032495,39,49,-1,-1,4
49025954,34,6,-1,-1,1
49032556,34,43,-1,-1,2
49030421,50,17,-1,-1,6
49025359,26,24,-1,-1,5
49032025,54,40,-1,-1,1
49030270,5,55,-1,-1,2
49031023,21,57,-1,-1,4
49032503,3,8,-1,-1,2
49029716,3,57,-1,-1,6
49031721,20,22,-1,-1,3
49031282,28,26,-1,-1,2
49032732,3,47,-1,-1,0
49026744,21,33,-1,-1,0
49026021,7,48,-1,-1,3
49033099,23,14,-1,-1,6
49029020,26,25,-1,-1,5
49031154,2,27,-1,-1,2
49030673,31,51,-1,-1,4
49030132,3,34,-1,-1,5
49032626,29,16,-1,-1,6
49030923,56,26,-1,-1,7
49029710,56,4,-1,-1,0
49030348,19,21,-1,-1,3
49029381,9,33,-1,-1,1
49031499,38,2,-1,-1,5
49028645,48,5,-1,-1,0
49030289,30,9,-1,-1,0
49030281,36,3,-1,-1,7
49031632,21,44,-1,-1,7
49031362,1,24,-1,-1,1
49030147,21,34,-1,-1,0
49031618,34,24,-1,-1,4
49032542,4,13,-1,-1,3
49031954,45,42,-1,-1,6
49026469,56,30,-1,-1,7
49031904,46,5,-1,-1,4
49028435,12,37,-1,-1,7
49024323,1,9,-1,-1,5
49019166,7,20,-1,-1,5
49032841,13,7,-1,-1,0
49021809,21,10,-1,-1,4
49032880,13,50,-1,-1,7
49029781,23,53,-1,-1,6
49029734,8,42,-1,-1,7
49031596,15,24,-1,-1,7
49024165,39,44,-1,-1,0
49027804,28,15,-1,-1,3
49030602,42,37,-1,-1,3
49029099,38,0,-1,-1,4
49020932,41,49,-1,-1,2
49030391,55,34,-1,-1,4
49027451,6,33,-1,-1,1
49032640,1,37,-1,-1,4
49031101,28,8,-1,-1,2
49024269,15,4,-1,-1,4
49023676,57,12,-1,-1,0
49030211,29,22,-1,-1,4
49027185,22,43,-1,-1,5
49021305,4,10,-1,-1,0
49026949,0,14,-1,-1,1
49024857,8,19,-1,-1,4
49026340,30,1,-1,-1,3
49032026,45,33,-1,-1,2
49031709,51,14,-1,-1,2
49031368,43,38,-1,-1,4
49029635,52,27,-1,-1,5
49033174,52,25,-1,-1,4
49030951,2,4,-1,-1,4
49031662,20,1,-1,-1,3
49028899,14,38,-1,-1,2
49032373,30,32,-1,-1,6
49029010,5,35,-1,-1,7
49030106,7,27,-1,-1,1
49032177,8,53,-1,-1,6
49030553,49,50,-1,-1,0
49021138,30,11,-1,-1,4
49029825,1,32,-1,-1,4
49032515,0,22,-1,-1,0
49024777,25,13,-1,-1,5
49022550,5,17,-1,-1,4
49033158,4,16,-1,-1,3
49032934,5,34,-1,-1,1
49026786,32,9,-1,-1,4
49032446,49,46,-1,-1,1
49028129,31,21,-1,-1,7
49032480,46,33,-1,-1,5
49031354,30,18,-1,-1,0
49025585,41,12,-1,-1,0
49031486,4,19,-1,-1,6
49032269,41,52,-1,-1,5
49031401,14,9,-1,-1,6
49023298,7,42,-1,-1,2
49027056,12,44,-1,-1,2
49023838,46,43,-1,-1,7
49031961,10,54,-1,-1,7
49032298,56,34,-1,-1,0
49025144,3,40,-1,-1,6
49032375,15,19,-1,-1,7
49033156,30,24,-1,-1,1
49032552,40,50,-1,-1,4
49028489,58,47,-1,-1,5
49027157,39,11,-1,-1,3
49032400,3,22,-1,-1,4
49031195,17,9,-1,-1,4
49032443,52,13,-1,-1,1
49029945,38,28,-1,-1,5
49030490,6,43,-1,-1,3
49031594,3,11,-1,-1,0
49026912,26,40,-1,-1,1
49029637,29,45,-1,-1,2
49030810,10,46,-1,-1,6
49027911,19,47,-1,-1,1
49029568,1,25,-1,-1,6
49027220,4,58,-1,-1,7
49028953,12,50,-1,-1,3
49027376,24,9,-1,-1,0
49031029,8,26,-1,-1,1
49030892,46,45,-1,-1,5
49024239,9,5,-1,-1,0
49030416,40,20,-1,-1,4
49032126,36,10,-1,-1,2
49033092,51,37,-1,-1,4
49031239,15,39,-1,-1,5
49028100,0,48,-1,-1,4
49022701,18,53,-1,-1,6
49029048,37,51,-1,-1,5
49032028,34,11,-1,-1,4
49029312,56,10,-1,-1,1
49033106,27,23,-1,-1,7
49031297,19,58,-1,-1,6
49025471,40,18,-1,-1,0
49027237,52,31,-1,-1,3
49028743,11,52,-1,-1,7
49025831,16,43,-1,-1,4
49032218,32,49,-1,-1,1
49031968,52,36,-1,-1,0
49032239,1,10,-1,-1,1
49028234,30,31,-1,-1,2
49030531,45,12,-1,-1,4
49029733,41,3,-1,-1,7
49027307,38,38,-1,-1,5
49031365,20,34,-1,-1,3
49032628,46,34,-1,-1,2
49026305,53,1,-1,-1,1
49032627,17,29,-1,-1,1
49031661,3,2,-1,-1,7
49032999,32,23,-1,-1,4
49027512,12,48,-1,-1,3
49029653,48,53,-1,-1,3
49032586,12,55,-1,-1,4
49032525,41,44,-1,-1,2
49021652,9,35,-1,-1,6
49031957,42,8,-1,-1,4
49029669,18,24,-1,-1,1
49028465,26,22,-1,-1,0
49032902,49,12,-1,-1,3
49032406,38,49,-1,-1,6
49032782,41,32,-1,-1,1
49029808,39,39,-1,-1,4
49026335,49,55,-1,-1,2
49033034,39,27,-1,-1,4
49032867,57,8,-1,-1,2
49031866,20,10,-1,-1,5
49030209,13,28,-1,-1,3
49027091,2,33,-1,-1,2
49032039,23,42,-1,-1,6
49031654,57,0,-1,-1,6
49032002,25,8,-1,-1,4
49023154,8,9,-1,-1,0
49027597,13,20,-1,-1,0
49032213,44,25,-1,-1,4
49028910,12,47,-1,-1,4
49029131,9,30,-1,-1,1
49031205,32,37,-1,-1,0
49033169,7,19,-1,-1,2
49030743,50,1,-1,-1,7
49032513,35,16,-1,-1,2
49020945,49,23,-1,-1,2
49029327,42,35,-1,-1,5
49033017,11,14,-1,-1,4
49031773,55,22,-1,-1,3
49030963,52,5,-1,-1,2
49030682,56,55,-1,-1,0
49025505,22,2,-1,-1,6
49032925,35,3,-1,-1,7
49032264,21,35,-1,-1,3
49029750,42,2,-1,-1,4
49032097,26,43,-1,-1,5
49030818,45,40,-1,-1,1
49020742,32,51,-1,-1,4
49032663,22,34,-1,-1,3
49033166,35,51,-1,-1,2
49032564,8,44,-1,-1,7
49026878,0,43,-1,-1,1
49030838,44,18,-1,-1,3
49028166,8,34,-1,-1,6
49028988,33,56,-1,-1,2
49030372,29,25,-1,-1,4
49031409,41,0,-1,-1,6
49029830,51,15,-1,-1,6
49032284,41,19,-1,-1,5
49032162,12,41,-1,-1,6
49029089,52,24,-1,-1,6
49024177,54,41,-1,-1,4
49030642,41,33,-1,-1,7
49021979,51,4,-1,-1,7
49028198,32,19,-1,-1,7
49030121,35,9,-1,-1,3
49030097,31,49,-1,-1,6
49023752,25,0,-1,-1,4
49029715,18,14,-1,-1,7
49027596,37,3,-1,-1,6
49029908,46,22,-1,-1,2
49029238,6,4,-1,-1,6
49019837,46,18,-1,-1,6
49032379,9,27,-1,-1,2
49026181,23,18,-1,-1,2
49022880,4,23,-1,-1,6
49023016,10,2,-1,-1,2
49030283,39,47,-1,-1,0
49030124,30,0,-1,-1,3
49030511,49,45,-1,-1,5
49032878,35,44,-1,-1,6
49009937,55,16,-1,-1,7
49031035,2,54,-1,-1,3
49030580,47,43,-1,-1,3
49025200,33,40,-1,-1,0
49031345,19,30,-1,-1,6
49033153,53,31,-1,-1,6
49030803,58,36,-1,-1,0
49026274,57,21,-1,-1,3
49028685,14,45,-1,-1,7
49032778,48,2,-1,-1,1
49032661,26,0,-1,-1,3
49023964,27,50,-1,-1,2
49030102,43,9,-1,-1,7
49032886,27,47,-1,-1,1
49031993,23,13,-1,-1,0
49029623,57,49,-1,-1,7
49029094,27,10,-1,-1,7
49033075,22,55,-1,-1,3
49031291,24,36,-1,-1,4
49029486,16,34,-1,-1,2
49028323,38,30,-1,-1,0
49024940,52,46,-1,-1,4
49028296,33,35,-1,-1,4
49032874,13,46,-1,-1,3
49030560,35,41,-1,-1,2
49032606,48,57,-1,-1,5
49032366,10,31,-1,-1,3
49029068,35,8,-1,-1,2
49031565,20,12,-1,-1,2
49029212,7,17,-1,-1,1
49031835,14,2,-1,-1,6
49031535,39,51,-1,-1,5
49028380,1,50,-1,-1,3
49033044,14,16,-1,-1,2
49029713,26,17,-1,-1,0
49028646,26,12,-1,-1,4
49027433,19,42,-1,-1,1
49026504,26,34,-1,-1,0
49031793,23,16,-1,-1,3
49031011,20,57,-1,-1,1
49032099,8,2,-1,-1,0
49024735,18,5,-1,-1,4
49022363,21,31,-1,-1,5
49032322,13,3,-1,-1,4
49032044,38,22,-1,-1,3
49032537,48,45,-1,-1,5
49032330,58,56,-1,-1,0
49031325,19,55,-1,-1,2
49028326,30,47,-1,-1,0
49029955,44,42,-1,-1,6
49031534,13,35,-1,-1,5
49029849,17,37,-1,-1,6
49029359,18,4,-1,-1,0
49030929,49,13,-1,-1,7
49032960,42,32,-1,-1,3
49033045,29,0,-1,-1,6
49027349,19,10,-1,-1,4
49032526,50,18,-1,-1,5
49032178,21,41,-1,-1,6
49032493,24,57,-1,-1,0
49026093,51,49,-1,-1,5
49032827,51,23,-1,-1,5
49032258,34,29,-1,-1,4
49030659,45,34,-1,-1,7
49027672,49,53,-1,-1,3
49032944,12,30,-1,-1,2
49030505,13,27,-1,-1,2
49029439,3,45,-1,-1,7
49031425,18,56,-1,-1,2
49020463,19,15,-1,-1,3
49017590,11,27,-1,-1,1
49030339,8,21,-1,-1,5
49026686,49,9,-1,-1,2
49032767,28,21,-1,-1,7
49029202,17,44,-1,-1,3
49031912,55,49,-1,-1,2
49030234,20,20,-1,-1,4
49031024,45,7,-1,-1,0
49032623,38,32,-1,-1,6
49031341,30,54,-1,-1,6
49026536,28,46,-1,-1,5
49030932,0,44,-1,-1,2
49032143,58,9,-1,-1,4
49030199,34,28,-1,-1,5
49031787,57,13,-1,-1,1
49032061,39,22,-1,-1,3
49032301,23,2,-1,-1,3
49025963,49,48,-1,-1,1
49033155,30,57,-1,-1,4
49028799,9,22,-1,-1,0
49031862,46,30,-1,-1,2
49032172,25,41,-1,-1,6
49031573,44,48,-1,-1,3
49032236,2,21,-1,-1,2
49026843,21,29,-1,-1,2
49031683,30,29,-1,-1,2
49032961,29,27,-1,-1,6
49029665,21,24,-1,-1,1
49032551,48,48,-1,-1,6
49025363,26,26,-1,-1,3
49031705,54,38,-1,-1,5
49029252,21,0,-1,-1,3
49029569,17,25,-1,-1,1
49029760,1,46,-1,-1,6
49031235,35,53,-1,-1,3
49032696,27,18,-1,-1,4
49029695,5,42,-1,-1,5
49032842,44,35,-1,-1,2
49029001,53,26,-1,-1,7
49022991,16,46,-1,-1,5
49027831,5,29,-1,-1,3
49032843,51,48,-1,-1,3
49032243,52,21,-1,-1,4
49031403,36,33,-1,-1,3
49029906,27,30,-1,-1,0
49032492,29,5,-1,-1,1
49031875,49,16,-1,-1,2
49031505,32,28,-1,-1,0
49032101,53,23,-1,-1,6
49032069,45,54,-1,-1,3
49031428,24,24,-1,-1,3
49032998,32,31,-1,-1,1
49030948,22,13,-1,-1,4
49030583,47,48,-1,-1,3
49030271,39,48,-1,-1,2
49021509,2,44,-1,-1,5
49031046,30,45,-1,-1,6
49031370,44,21,-1,-1,0
49031488,16,58,-1,-1,0
49032208,58,38,-1,-1,5
49029151,35,58,-1,-1,6
49027310,50,45,-1,-1,3
49031272,12,46,-1,-1,7
49027661,0,37,-1,-1,3
49029598,22,28,-1,-1,5
49028284,31,14,-1,-1,0
49029328,33,19,-1,-1,0
49029173,57,36,-1,-1,3
49032234,34,41,-1,-1,1
49032003,43,26,-1,-1,1
49032924,0,7,-1,-1,1
49031922,58,16,-1,-1,4
49030842,53,30,-1,-1,3
49026204,15,22,-1,-1,7
49031261,24,34,-1,-1,2
49022973,0,39,-1,-1,3
49033154,48,35,-1,-1,4
49032820,55,0,-1,-1,4
49032719,26,21,-1,-1,2
49030009,18,35,-1,-1,3
49030709,27,20,-1,-1,0
49031230,36,7,-1,-1,5
49032358,20,50,-1,-1,5
49030688,53,53,-1,-1,5
49025393,4,46,-1,-1,1
49030235,32,7,-1,-1,3
49029429,28,6,-1,-1,4
49016938,5,43,-1,-1,6
49031807,14,12,-1,-1,4
49032832,44,11,-1,-1,1
49027011,12,16,-1,-1,3
49031077,3,9,-1,-1,7
49032242,36,2,-1,-1,1
49031953,23,47,-1,-1,3
49030377,9,16,-1,-1,4
49030430,49,54,-1,-1,4
49025092,55,28,-1,-1,1
49030706,47,38,-1,-1,4
49026762,58,29,-1,-1,0
49032370,37,21,-1,-1,1
49029852,5,18,-1,-1,5
49032565,9,8,-1,-1,5
49030176,45,31,-1,-1,7
49030155,57,57,-1,-1,6
49031491,31,36,-1,-1,7
49031367,47,41,-1,-1,2
49029827,53,38,-1,-1,4
49028400,4,49,-1,-1,5
49031703,3,51,-1,-1,5
49029631,25,9,-1,-1,7
49022589,19,16,-1,-1,6
49023305,31,42,-1,-1,5
49032622,9,7,-1,-1,3
49031777,55,2,-1,-1,1
49032409,27,32,-1,-1,4
49027964,46,9,-1,-1,5
49028791,37,43,-1,-1,4
49030315,13,12,-1,-1,4
49032676,43,27,-1,-1,6
49030382,7,10,-1,-1,2
49031963,0,34,-1,-1,3
49032432,5,11,-1,-1,5
49032992,45,17,-1,-1,5
49030950,9,29,-1,-1,1
49032179,51,20,-1,-1,7
49025681,20,2,-1,-1,7
49030759,0,56,-1,-1,4
49027968,5,44,-1,-1,1
49030672,16,9,-1,-1,6
49024267,34,3,-1,-1,6
49023874,0,3,-1,-1,0
49031548,12,20,-1,-1,0
49032514,17,11,-1,-1,1
49027180,8,0,-1,-1,4
49033104,45,5,-1,-1,4
49026543,54,39,-1,-1,3
49030739,38,43,-1,-1,6
49030327,7,32,-1,-1,1
49032418,51,36,-1,-1,1
49028108,14,3,-1,-1,0
49029538,31,29,-1,-1,1
49030576,45,10,-1,-1,4
49030896,26,20,-1,-1,6
49032286,10,34,-1,-1,7
49031436,53,44,-1,-1,1
49027340,51,56,-1,-1,6
49031677,54,52,-1,-1,2
49032085,9,56,-1,-1,5
49032475,55,3,-1,-1,3
49031356,47,53,-1,-1,2
49032940,5,54,-1,-1,3
49031244,58,33,-1,-1,7
49031147,41,5,-1,-1,6
49023892,42,0,-1,-1,4
49031510,16,41,-1,-1,3
49028383,12,6,-1,-1,3
49031749,44,53,-1,-1,4
49029972,2,22,-1,-1,3
49030052,3,20,-1,-1,4
49032357,16,36,-1,-1,5
49029563,6,35,-1,-1,7
49028856,1,43,-1,-1,1
49032866,39,24,-1,-1,4
49028931,40,51,-1,-1,1
49030441,38,55,-1,-1,4
49029772,12,0,-1,-1,6
49027756,53,43,-1,-1,4
49022028,54,7,-1,-1,1
49027746,38,36,-1,-1,4
49026195,33,9,-1,-1,4
49026836,15,48,-1,-1,6
49033184,45,37,-1,-1,6
49028993,45,6,-1,-1,3
49025443,37,1,-1,-1,0
49027049,51,32,-1,-1,2
49031805,34,57,-1,-1,3
49030497,31,26,-1,-1,4
49031623,27,3,-1,-1,1
49032750,37,6,-1,-1,7
49030734,48,4,-1,-1,4
49017128,14,24,-1,-1,0
49024161,27,37,-1,-1,0
49028387,35,32,-1,-1,2
49025971,56,2,-1,-1,1
49029385,49,30,-1,-1,4
49025227,5,13,-1,-1,2
49031415,20,3,-1,-1,3
49025373,19,46,-1,-1,1
49028699,37,32,-1,-1,7
49031522,32,53,-1,-1,4
49023742,33,21,-1,-1,7
49030921,42,43,-1,-1,0
49031406,7,25,-1,-1,6
49027080,24,32,-1,-1,1
49029376,32,57,-1,-1,3
49031670,30,53,-1,-1,6
49032151,29,9,-1,-1,3
49032747,46,50,-1,-1,2
49007499,47,16,-1,-1,1
49031946,1,34,-1,-1,3
49030656,28,45,-1,-1,5
49032038,41,48,-1,-1,1
49029835,15,35,-1,-1,4
49033091,39,16,-1,-1,4
49031915,56,15,-1,-1,0
49028943,39,2,-1,-1,6
49031550,9,10,-1,-1,6
49031080,7,45,-1,-1,2
49024451,3,10,-1,-1,2
49023334,53,21,-1,-1,0
49031909,56,48,-1,-1,5
49029850,4,3,-1,-1,0
49032317,30,34,-1,-1,0
49032507,37,11,-1,-1,1
49028093,21,23,-1,-1,5
49032331,3,26,-1,-1,2
49032876,34,51,-1,-1,4
49032840,15,45,-1,-1,7
49031065,37,34,-1,-1,2
49011592,10,39,-1,-1,4
49030160,0,16,-1,-1,3
49018095,3,21,-1,-1,5
49026178,47,22,-1,-1,0
49031642,27,4,-1,-1,5
49033040,53,32,-1,-1,4
49026650,53,54,-1,-1,2
49026374,40,36,-1,-1,4
49022709,48,9,-1,-1,5
49031426,53,19,-1,-1,2
49033139,31,8,-1,-1,6
49031115,47,26,-1,-1,6
49032828,28,52,-1,-1,1
49033102,8,15,-1,-1,6
49032899,39,57,-1,-1,0
49022356,43,46,-1,-1,5
49032600,38,21,-1,-1,6
49024327,44,20,-1,-1,1
49030893,44,31,-1,-1,1
49030741,9,13,-1,-1,3
49029952,15,21,-1,-1,0
49020982,35,29,-1,-1,6
49030974,49,39,-1,-1,3
49031607,4,29,-1,-1,7
49031411,35,4,-1,-1,0
49032476,52,30,-1,-1,0
49031096,15,41,-1,-1,4
49031299,42,18,-1,-1,0
49031979,58,26,-1,-1,0
49029488,29,41,-1,-1,6
49027534,42,14,-1,-1,3
49032953,33,37,-1,-1,7
49030229,34,5,-1,-1,2
49029205,20,47,-1,-1,2
49031251,32,39,-1,-1,7
49031707,37,24,-1,-1,1
49026441,52,51,-1,-1,1
49019194,45,47,-1,-1,2
49032987,6,31,-1,-1,1
49021638,5,39,-1,-1,5
49031727,41,54,-1,-1,4
49032851,30,37,-1,-1,5
49033088,42,11,-1,-1,6
49033042,18,10,-1,-1,7
49032021,41,41,-1,-1,5
49031839,45,46,-1,-1,5
49031989,28,13,-1,-1,7
49031278,15,23,-1,-1,3
49031070,17,7,-1,-1,1
49029651,11,54,-1,-1,4
49031473,29,34,-1,-1,0
49031803,2,40,-1,-1,3
49028535,38,8,-1,-1,5
49031140,33,52,-1,-1,2
49026693,10,51,-1,-1,2
49030677,55,1,-1,-1,5
49029886,0,25,-1,-1,1
49032300,44,56,-1,-1,2
49031699,47,19,-1,-1,5
49030718,21,51,-1,-1,6
49028769,28,14,-1,-1,6
49032270,21,26,-1,-1,0
49031659,8,32,-1,-1,6
49032687,55,27,-1,-1,0
49032741,42,15,-1,-1,1
49032872,9,4,-1,-1,6
49028790,36,29,-1,-1,7
49031227,33,16,-1,-1,6
49024703,4,56,-1,-1,7
49031547,56,47,-1,-1,5
49032290,23,26,-1,-1,5
49018662,2,5,-1,-1,7
49032005,9,57,-1,-1,3
49024891,55,58,-1,-1,7
49031352,2,58,-1,-1,2
49026475,11,37,-1,-1,5
49025381,25,49,-1,-1,6
49031617,54,45,-1,-1,5
49031454,30,44,-1,-1,6
49031164,35,18,-1,-1,3
49032994,7,12,-1,-1,7
49030036,10,21,-1,-1,0
49031992,0,51,-1,-1,4
49031085,57,53,-1,-1,1
49026931,11,55,-1,-1,3
49031008,19,13,-1,-1,2
49031704,20,42,-1,-1,6
49028784,11,41,-1,-1,2
49032125,39,43,-1,-1,4
49029335,14,23,-1,-1,2
49032802,26,19,-1,-1,0
49027447,10,49,-1,-1,3
49029964,53,46,-1,-1,1
49028244,30,42,-1,-1,4
49032735,10,27,-1,-1,3
49031786,57,25,-1,-1,1
49028015,9,34,-1,-1,4
49019064,29,15,-1,-1,1
49027972,19,43,-1,-1,7
49032285,26,31,-1,-1,0
49032857,40,41,-1,-1,3
49031906,36,55,-1,-1,1
49030220,9,24,-1,-1,0
49029811,52,9,-1,-1,2
49031203,42,54,-1,-1,0
49032534,28,40,-1,-1,6
49032266,12,15,-1,-1,1
49032883,4,38,-1,-1,0
49031137,5,52,-1,-1,2
49030439,24,1,-1,-1,0
49028511,12,29,-1,-1,5
49033021,44,8,-1,-1,7
49026953,46,47,-1,-1,3
49030481,58,13,-1,-1,7
49032347,5,51,-1,-1,7
49026156,14,1,-1,-1,4
49031826,45,25,-1,-1,6
49031335,28,30,-1,-1,2
49032114,1,7,-1,-1,3
49028925,21,56,-1,-1,2
49028413,48,38,-1,-1,6
49031514,13,23,-1,-1,4
49033018,36,24,-1,-1,0
49032477,48,20,-1,-1,2
49028975,10,5,-1,-1,6
49025953,55,43,-1,-1,5
49018118,2,46,-1,-1,3
49026972,1,33,-1,-1,4
49033118,29,46,-1,-1,6
49032809,38,37,-1,-1,0
49033120,38,3,-1,-1,4
49031626,16,45,-1,-1,3
49026283,16,44,-1,-1,1
49031378,30,48,-1,-1,5
49033121,43,56,-1,-1,4
49029927,19,38,-1,-1,6
49031156,9,50,-1,-1,5
49032680,27,34,-1,-1,6
49033078,44,54,-1,-1,7
49032392,5,41,-1,-1,4
49014886,23,39,-1,-1,1
49032023,12,11,-1,-1,1
49029884,58,58,-1,-1,7
49032576,32,34,-1,-1,4
49027264,5,20,-1,-1,0
49013119,53,50,-1,-1,5
49027750,22,37,-1,-1,2
49031917,2,32,-1,-1,3
49031645,44,5,-1,-1,7
49032071,30,6,-1,-1,5
49031129,39,37,-1,-1,7
49030733,26,18,-1,-1,1
49032337,7,57,-1,-1,5
49029362,58,6,-1,-1,6
49029019,22,14,-1,-1,2
49029310,58,12,-1,-1,0
49028860,29,38,-1,-1,1
49027416,39,19,-1,-1,1
49030174,39,21,-1,-1,3
49024897,21,5,-1,-1,6
49031339,32,18,-1,-1,6
49032478,58,3,-1,-1,6
49028378,8,4,-1,-1,6
49026505,21,4,-1,-1,1
49031322,9,46,-1,-1,6
49029891,32,25,-1,-1,4
49028428,2,34,-1,-1,3
49024033,25,33,-1,-1,3
49028962,27,33,-1,-1,3
49025010,19,19,-1,-1,4
49030705,19,8,-1,-1,6
49032877,28,24,-1,-1,6
49030942,29,51,-1,-1,1
49033146,12,4,-1,-1,3
49031232,12,42,-1,-1,5
49026090,16,10,-1,-1,6
49023446,33,15,-1,-1,5
49031843,27,36,-1,-1,6
49031229,12,45,-1,-1,7
49024336,16,40,-1,-1,4
49030165,5,7,-1,-1,0
49017733,22,52,-1,-1,7
49031165,25,18,-1,-1,0
49031559,58,19,-1,-1,5
49014605,4,15,-1,-1,5
49031127,32,24,-1,-1,6
49026692,14,49,-1,-1,3
49033177,3,54,-1,-1,4
49030674,23,9,-1,-1,3
49031236,17,45,-1,-1,5
49033014,19,57,-1,-1,5
49030592,49,15,-1,-1,7
49031075,23,56,-1,-1,6
49030071,22,23,-1,-1,6
49029431,40,1,-1,-1,1
49030137,33,25,-1,-1,5
49032833,41,40,-1,-1,1
49023717,32,27,-1,-1,6
49029516,23,44,-1,-1,6
49031610,15,2,-1,-1,5
49030262,40,22,-1,-1,5
49032800,40,54,-1,-1,6
49025799,3,36,-1,-1,3
49028761,43,21,-1,-1,6
49029900,41,29,-1,-1,4
49030111,33,23,-1,-1,4
49030082,56,29,-1,-1,4
49032263,1,45,-1,-1,3
49030320,3,48,-1,-1,3
49032773,39,33,-1,-1,6
49023881,7,2,-1,-1,0
49025153,15,51,-1,-1,2
49019626,15,12,-1,-1,3
49032894,12,33,-1,-1,0
49024521,53,13,-1,-1,2
49032691,31,52,-1,-1,2
49031552,55,5,-1,-1,6
49031036,9,12,-1,-1,3
49027909,18,41,-1,-1,1
49031684,55,41,-1,-1,0
49030135,12,35,-1,-1,6
49031977,24,50,-1,-1,1
49031588,25,20,-1,-1,0
49031287,54,13,-1,-1,0
49029031,53,34,-1,-1,2
49027876,15,33,-1,-1,7
49032076,25,7,-1,-1,0
49027070,52,23,-1,-1,0
49028785,31,39,-1,-1,5
49030849,33,20,-1,-1,6
49032713,16,17,-1,-1,2
49033009,54,16,-1,-1,2
49029375,51,27,-1,-1,5
49029617,28,39,-1,-1,4
49032077,45,43,-1,-1,1
49032532,3,33,-1,-1,4
49026187,3,28,-1,-1,3
49032793,1,49,-1,-1,1
49029288,46,0,-1,-1,3
49030255,54,21,-1,-1,6
49031603,4,0,-1,-1,4
49026272,20,13,-1,-1,1
49030782,12,26,-1,-1,4
49032759,52,18,-1,-1,3
49029539,5,57,-1,-1,4
49032743,21,55,-1,-1,7
49029549,49,34,-1,-1,5
49030498,53,3,-1,-1,4
49033152,10,22,-1,-1,3
49025860,32,1,-1,-1,1
49031717,52,34,-1,-1,3
49030736,43,7,-1,-1,6
49033004,56,24,-1,-1,5
49030028,0,52,-1,-1,0
49028694,50,41,-1,-1,5
49032979,37,49,-1,-1,4
49030938,40,30,-1,-1,4
49030971,40,45,-1,-1,7
49032420,24,23,-1,-1,0
49031995,49,29,-1,-1,1
49031304,3,17,-1,-1,1
49032836,21,12,-1,-1,1
49027987,26,53,-1,-1,7
49026202,32,0,-1,-1,3
49029693,14,13,-1,-1,3
49031252,31,23,-1,-1,5
49027731,44,46,-1,-1,6
49031939,25,17,-1,-1,5
49028037,46,4,-1,-1,6
49028590,10,37,-1,-1,3
49029965,58,0,-1,-1,6
49029805,52,10,-1,-1,4
49031804,25,5,-1,-1,1
49032170,47,51,-1,-1,7
49032620,14,34,-1,-1,0
49033086,51,1,-1,-1,1
49031557,15,15,-1,-1,2
49033067,16,49,-1,-1,3
49026477,57,30,-1,-1,0
49029466,26,46,-1,-1,4
49026794,33,33,-1,-1,1
49030595,50,30,-1,-1,3
49029132,42,19,-1,-1,3
49033124,15,42,-1,-1,3
49032557,20,27,-1,-1,3
49028040,58,21,-1,-1,7
49030231,2,8,-1,-1,5
49023262,38,7,-1,-1,2
49028615,17,55,-1,-1,7
49032920,37,52,-1,-1,4
49032484,38,44,-1,-1,6
49031888,23,17,-1,-1,7
49032808,21,30,-1,-1,6
49031825,25,58,-1,-1,1
49030429,24,40,-1,-1,1
49032916,40,28,-1,-1,4
49031223,53,28,-1,-1,3
49030840,18,3,-1,-1,6
49030287,26,23,-1,-1,4
49029909,41,31,-1,-1,2
49030048,57,46,-1,-1,1
49025724,6,40,-1,-1,3
49032873,10,19,-1,-1,4
49033023,50,39,-1,-1,4
49028978,51,29,-1,-1,5
49027615,21,50,-1,-1,3
49031679,6,39,-1,-1,5
49024734,37,9,-1,-1,5
49031333,23,52,-1,-1,2
49030541,10,4,-1,-1,4
49032769,40,10,-1,-1,2
49031143,18,16,-1,-1,2
49026398,6,18,-1,-1,3
49027466,53,16,-1,-1,3
49030196,50,6,-1,-1,4
49025738,15,44,-1,-1,3
49031314,44,22,-1,-1,2
49032421,51,39,-1,-1,6
49029270,4,4,-1,-1,1
49026059,11,22,-1,-1,0
49029118,0,57,-1,-1,2
49030373,27,42,-1,-1,4
49032753,17,58,-1,-1,0
49033038,50,38,-1,-1,5
49030478,41,53,-1,-1,5
49027736,9,14,-1,-1,0
49024948,29,8,-1,-1,6
49032244,42,23,-1,-1,5
49032710,34,52,-1,-1,4
49032573,20,48,-1,-1,3
49029519,52,45,-1,-1,3
49030955,28,27,-1,-1,5
49029795,20,56,-1,-1,4
49032064,52,20,-1,-1,4
49022241,57,44,-1,-1,1
49028974,12,32,-1,-1,2
49028692,22,8,-1,-1,6
49030622,51,21,-1,-1,1
49030485,35,31,-1,-1,7
49029532,42,24,-1,-1,2
49029743,54,4,-1,-1,1
49031167,13,57,-1,-1,2
49032962,38,29,-1,-1,3
49033057,30,50,-1,-1,7
49016403,37,56,-1,-1,0
49032989,32,48,-1,-1,3
49031013,29,54,-1,-1,7
49027993,58,17,-1,-1,4
49030571,38,9,-1,-1,6
49031879,17,42,-1,-1,0
49027885,57,11,-1,-1,1
49026497,18,23,-1,-1,7
49032543,16,21,-1,-1,7
49032168,35,35,-1,-1,6
49023773,50,48,-1,-1,6
49029021,56,50,-1,-1,1
49032431,43,5,-1,-1,6
49031895,16,2,-1,-1,1
49033028,17,8,-1,-1,7
49031896,32,22,-1,-1,4
49028237,35,1,-1,-1,6
49024625,45,57,-1,-1,3
49031118,51,44,-1,-1,0
49017113,22,4,-1,-1,1
49031176,36,9,-1,-1,0
49031509,54,32,-1,-1,3
49030926,8,10,-1,-1,5
49033003,22,29,-1,-1,2
49031497,5,23,-1,-1,6
49031459,45,32,-1,-1,0
49017687,22,20,-1,-1,2
49032465,29,58,-1,-1,7
49031466,43,0,-1,-1,5
49027861,7,53,-1,-1,1
49031072,26,2,-1,-1,0
49031745,7,49,-1,-1,6
49031310,46,51,-1,-1,2
49032844,12,14,-1,-1,7
49029586,2,52,-1,-1,5
49028138,34,23,-1,-1,3
49025597,43,24,-1,-1,6
49033185,10,11,-1,-1,7
49031554,7,33,-1,-1,3
49027212,26,56,-1,-1,7
49030415,22,35,-1,-1,1
49032505,5,24,-1,-1,2
49022488,14,31,-1,-1,6
49027616,57,3,-1,-1,3
49031764,48,10,-1,-1,4
49033055,33,14,-1,-1,1
49030767,27,43,-1,-1,7
49032919,27,28,-1,-1,1
49029400,24,6,-1,-1,2
49032593,37,10,-1,-1,0
49029817,15,25,-1,-1,2
49030089,49,17,-1,-1,0
49023756,16,57,-1,-1,7
49032033,37,4,-1,-1,4
49028203,16,11,-1,-1,4
49025015,15,36,-1,-1,3
49028390,37,46,-1,-1,3
49029912,0,1,-1,-1,0
49019042,58,53,-1,-1,4
49032906,15,40,-1,-1,4
49032374,51,24,-1,-1,4
49027932,40,12,-1,-1,5
49032442,24,35,-1,-1,7
49028901,40,15,-1,-1,5
49033128,10,3,-1,-1,3
49032875,33,1,-1,-1,7
49030364,53,35,-1,-1,5
49030280,14,33,-1,-1,6
49031944,58,57,-1,-1,5
49028982,28,2,-1,-1,2
49032139,33,18,-1,-1,5
49032411,2,42,-1,-1,0
49032596,21,20,-1,-1,5
49031311,23,10,-1,-1,1
49033000,28,49,-1,-1,4
49024643,31,30,-1,-1,0
49032738,46,12,-1,-1,6
49032658,45,49,-1,-1,2
49032424,44,41,-1,-1,0
49021341,52,39,-1,-1,2
49028679,30,2,-1,-1,6
49031765,8,43,-1,-1,1
49030885,14,46,-1,-1,5
49031457,33,24,-1,-1,0
49028289,43,10,-1,-1,2
49032325,10,42,-1,-1,5
49031135,43,3,-1,-1,5
49032407,19,37,-1,-1,2
49033051,7,23,-1,-1,6
49032027,19,41,-1,-1,5
49030772,19,23,-1,-1,0
49021828,21,9,-1,-1,3
49031767,11,53,-1,-1,6
49029276,34,42,-1,-1,7
49026010,28,17,-1,-1,3
49027807,23,12,-1,-1,2
49031635,34,20,-1,-1,7
49029752,6,27,-1,-1,3
49030775,7,56,-1,-1,7
49018914,16,31,-1,-1,2
49032964,4,47,-1,-1,1
49027431,39,12,-1,-1,5
49029717,45,50,-1,-1,2
49022969,28,35,-1,-1,6
49032631,15,10,-1,-1,0
49027266,9,3,-1,-1,3
49032412,25,15,-1,-1,0
49031602,16,50,-1,-1,2
49032352,22,51,-1,-1,7
49027609,13,14,-1,-1,5
49025539,6,13,-1,-1,7
49032678,24,22,-1,-1,3
49027995,46,6,-1,-1,0
49032084,40,43,-1,-1,7
49027052,5,9,-1,-1,2
49032634,41,36,-1,-1,7
49026061,33,0,-1,-1,6
49031628,42,12,-1,-1,0
49029322,22,9,-1,-1,6
49031637,45,23,-1,-1,6
49028130,35,22,-1,-1,5
49032165,6,14,-1,-1,0
49030494,58,40,-1,-1,4
49026068,43,20,-1,-1,0
49031783,22,50,-1,-1,2
49029936,54,25,-1,-1,0
49031962,55,46,-1,-1,1
49031496,34,19,-1,-1,4
49032698,33,50,-1,-1,1
49030779,31,32,-1,-1,6
49030881,32,12,-1,-1,0
49029629,24,15,-1,-1,6
49030006,53,47,-1,-1,1
49029723,35,21,-1,-1,3
49032648,20,45,-1,-1,6
49030410,41,13,-1,-1,1
49032783,48,15,-1,-1,1
49029354,43,52,-1,-1,0
49032912,27,17,-1,-1,7
49029341,44,44,-1,-1,2
49032155,39,26,-1,-1,3
49022765,3,24,-1,-1,3
49031260,21,40,-1,-1,3
49032080,49,40,-1,-1,5
49032957,38,20,-1,-1,2
49032685,49,37,-1,-1,5
49027805,11,8,-1,-1,1
49027981,16,29,-1,-1,3
49029192,53,10,-1,-1,3
49032224,54,51,-1,-1,1
49032654,1,21,-1,-1,0
49033127,36,25,-1,-1,7
49031381,39,0,-1,-1,6
49026890,42,5,-1,-1,0
49018715,23,4,-1,-1,6
49031934,23,24,-1,-1,4
49032369,16,26,-1,-1,0
49030014,25,31,-1,-1,1
49024582,34,15,-1,-1,7
49026154,55,55,-1,-1,2
49030996,15,52,-1,-1,1
49022335,21,13,-1,-1,3
49031595,44,32,-1,-1,2
49031667,56,46,-1,-1,3
49018002,30,17,-1,-1,0
49027541,31,24,-1,-1,2
49028243,17,46,-1,-1,6
49029444,15,57,-1,-1,5
49024550,45,58,-1,-1,7
49026566,55,38,-1,-1,4
49032896,42,58,-1,-1,6
49032040,6,42,-1,-1,5
49032656,16,33,-1,-1,6
49031116,50,4,-1,-1,3
49032868,3,6,-1,-1,3
49030495,19,9,-1,-1,6
49032904,10,9,-1,-1,1
49031959,36,47,-1,-1,5
49029002,5,27,-1,-1,2
49025770,34,9,-1,-1,5
49031142,37,48,-1,-1,3
49032871,20,14,-1,-1,4
49032612,37,42,-1,-1,4
49032152,23,48,-1,-1,3
49032862,7,4,-1,-1,1
49031290,6,38,-1,-1,4
49030731,28,25,-1,-1,7
49031891,27,6,-1,-1,6
49027902,0,21,-1,-1,3
49031392,46,23,-1,-1,6
49028353,58,32,-1,-1,0
49031150,19,52,-1,-1,2
49027047,10,26,-1,-1,2
49032560,38,16,-1,-1,6
49032329,0,45,-1,-1,2
49030420,40,46,-1,-1,2
49028920,11,15,-1,-1,0
49031194,55,29,-1,-1,0
49033119,14,7,-1,-1,1
49031161,29,29,-1,-1,7
49028212,17,52,-1,-1,7
49029160,49,24,-1,-1,6
49027145,4,26,-1,-1,1
49023839,47,50,-1,-1,4
49027892,12,23,-1,-1,1
49032122,22,44,-1,-1,7
49027620,6,53,-1,-1,3
49032292,7,31,-1,-1,7
49028653,40,26,-1,-1,4
49030762,26,15,-1,-1,3
49025319,13,0,-1,-1,6
49024684,20,55,-1,-1,0
49026928,4,51,-1,-1,2
49031567,29,28,-1,-1,5
49031981,46,27,-1,-1,7
49025952,18,38,-1,-1,5
49032399,57,40,-1,-1,1
49025555,13,34,-1,-1,7
49025514,36,36,-1,-1,1
49028146,48,25,-1,-1,3
49033123,4,17,-1,-1,0
49030567,50,52,-1,-1,1
49027573,58,11,-1,-1,4
49025652,39,55,-1,-1,7
49032140,15,38,-1,-1,7
49032167,8,30,-1,-1,0
49033037,31,27,-1,-1,7
49025542,7,14,-1,-1,7
49033041,12,28,-1,-1,3
49029075,33,26,-1,-1,3
49031074,14,4,-1,-1,4
49025785,6,3,-1,-1,1
49031942,55,47,-1,-1,6
49030768,36,5,-1,-1,3
49026177,44,34,-1,-1,4
49030326,50,14,-1,-1,0
49030960,21,38,-1,-1,4
49029993,58,8,-1,-1,7
49032540,5,3,-1,-1,6
49030799,19,12,-1,-1,7
49028469,26,32,-1,-1,7
49031967,6,9,-1,-1,6
49031549,12,2,-1,-1,7
49032191,45,14,-1,-1,3
49033164,48,43,-1,-1,7
49031082,4,36,-1,-1,5
49031424,55,19,-1,-1,1
49030554,26,33,-1,-1,4
49031120,52,1,-1,-1,7
49030367,40,8,-1,-1,1
49029319,2,17,-1,-1,2
49032630,11,7,-1,-1,7
49027296,33,31,-1,-1,4
49014422,0,49,-1,-1,3
49029402,56,18,-1,-1,0
49031564,52,7,-1,-1,1
49032367,17,30,-1,-1,4
49022050,42,28,-1,-1,6
49029630,45,28,-1,-1,7
49025280,5,6,-1,-1,3
49030821,6,15,-1,-1,5
49026776,52,58,-1,-1,2
49030634,35,20,-1,-1,3
49029168,27,8,-1,-1,4
49030931,37,55,-1,-1,3
49032752,8,14,-1,-1,2
49030418,31,43,-1,-1,3
49032116,31,50,-1,-1,5
49027317,2,19,-1,-1,4
49030486,30,20,-1,-1,0
49031882,5,25,-1,-1,4
49024856,42,7,-1,-1,5
49031198,0,54,-1,-1,0
49031987,26,48,-1,-1,3
49029926,22,36,-1,-1,5
49026610,49,38,-1,-1,5
49027916,18,25,-1,-1,3
49031893,56,43,-1,-1,4
49029302,1,22,-1,-1,6
49028328,33,12,-1,-1,7
49030461,48,34,-1,-1,7
49025569,42,30,-1,-1,1
49030710,19,40,-1,-1,7
49030887,26,16,-1,-1,1
49030667,28,16,-1,-1,3
49033135,33,58,-1,-1,6
49028800,44,33,-1,-1,7
49024032,22,33,-1,-1,7
49022209,48,58,-1,-1,2
49018386,42,4,-1,-1,5
49023273,53,51,-1,-1,7
49031815,39,32,-1,-1,4
49031575,18,1,-1,-1,2
49025826,43,43,-1,-1,3
49032646,36,1,-1,-1,6
49032226,5,48,-1,-1,7
49029650,52,29,-1,-1,4
49032336,48,24,-1,-1,1
49029901,14,17,-1,-1,7
49026275,40,55,-1,-1,4
49033031,51,47,-1,-1,3
49032403,31,53,-1,-1,0
49031566,12,58,-1,-1,6
49026506,48,26,-1,-1,3
49031107,51,38,-1,-1,0
49023381,1,19,-1,-1,2
49025140,55,12,-1,-1,2
49030724,37,40,-1,-1,4
49031698,57,20,-1,-1,2
49022748,37,35,-1,-1,1
49032690,21,39,-1,-1,7
49031149,40,16,-1,-1,5
49032601,25,30,-1,-1,1
49032641,16,32,-1,-1,6
49032785,31,28,-1,-1,6
49024113,43,39,-1,-1,4
49032859,36,52,-1,-1,6
49031831,50,21,-1,-1,6
49033065,46,19,-1,-1,0
49029997,37,19,-1,-1,4
49028905,55,32,-1,-1,4
49031720,30,56,-1,-1,1
49027510,45,26,-1,-1,2
49030198,48,19,-1,-1,0
49032192,18,0,-1,-1,6
49030868,20,54,-1,-1,3
49032417,46,58,-1,-1,1
49031568,43,31,-1,-1,1
49030472,53,37,-1,-1,2
49028596,44,52,-1,-1,5
49032324,14,19,-1,-1,1
49032020,4,24,-1,-1,2
49028313,8,29,-1,-1,3
49026239,51,33,-1,-1,5
49031182,39,28,-1,-1,2
49032010,55,7,-1,-1,6
49016939,58,34,-1,-1,7
49032460,31,33,-1,-1,1
49019398,50,3,-1,-1,0
49031708,25,42,-1,-1,4
49028916,16,54,-1,-1,4
49032204,24,8,-1,-1,7
49029161,4,22,-1,-1,4
49032423,18,43,-1,-1,4
49032383,52,44,-1,-1,1
49033108,12,17,-1,-1,4
49025691,41,1,-1,-1,2
49020165,4,52,-1,-1,1
49023013,53,40,-1,-1,5
49032855,24,31,-1,-1,2
49030825,40,58,-1,-1,2
49033027,35,12,-1,-1,3
49027531,32,4,-1,-1,6
49030344,49,57,-1,-1,5
49031021,49,36,-1,-1,4
49029903,54,12,-1,-1,7
49032619,37,36,-1,-1,0
49030306,37,47,-1,-1,6
49025926,45,0,-1,-1,6
49029171,21,3,-1,-1,5
49032781,55,54,-1,-1,4
49027238,22,31,-1,-1,7
49030051,20,35,-1,-1,3
49032938,37,37,-1,-1,6
49031317,22,57,-1,-1,2
49030582,30,13,-1,-1,4
49021703,49,26,-1,-1,5
49025644,31,40,-1,-1,1
49030862,30,16,-1,-1,5
49030528,30,4,-1,-1,3
49031301,28,11,-1,-1,7
49031097,31,37,-1,-1,2
49031789,12,38,-1,-1,3
49029514,56,23,-1,-1,4
49033079,16,51,-1,-1,5
49027560,20,51,-1,-1,2
49032032,6,2,-1,-1,0
49027897,9,53,-1,-1,2
49031751,31,0,-1,-1,4
49028980,40,5,-1,-1,1
49032339,54,15,-1,-1,4
49030832,50,26,-1,-1,2
49029311,2,23,-1,-1,6
49029924,57,24,-1,-1,3
49015804,42,39,-1,-1,0
49027565,26,57,-1,-1,4
49027808,10,36,-1,-1,3
49033022,55,18,-1,-1,3
49031578,14,57,-1,-1,2
49031275,4,44,-1,-1,6
49031019,6,45,-1,-1,2
49032977,41,8,-1,-1,1
49030493,35,30,-1,-1,5
49030543,44,3,-1,-1,2
49032464,3,42,-1,-1,2
49031766,58,54,-1,-1,0
49030901,30,49,-1,-1,1
49031918,12,1,-1,-1,7
49029440,12,25,-1,-1,1
49031929,47,21,-1,-1,5
49032453,54,2,-1,-1,5
49027096,28,56,-1,-1,0
49027707,26,30,-1,-1,1
49032739,53,57,-1,-1,4
49027852,43,41,-1,-1,4
49031003,27,9,-1,-1,5
49031258,3,27,-1,-1,0
49030390,8,12,-1,-1,6
49031187,54,24,-1,-1,5
49029346,58,5,-1,-1,0
49030217,21,17,-1,-1,7
49032694,25,28,-1,-1,4
49032996,3,46,-1,-1,2
49031791,39,18,-1,-1,4
49030754,21,27,-1,-1,7
49033133,32,14,-1,-1,0
49026254,14,29,-1,-1,6
49029206,6,50,-1,-1,1
49027880,50,13,-1,-1,0
49030837,8,47,-1,-1,5
49032890,51,19,-1,-1,5
49027273,24,42,-1,-1,3
49024935,57,7,-1,-1,0
49031432,33,5,-1,-1,1
49032012,20,41,-1,-1,5
49028723,24,55,-1,-1,2
49033116,37,23,-1,-1,0
49032092,58,46,-1,-1,4
49029816,11,44,-1,-1,1
49026018,57,47,-1,-1,5
49029520,43,58,-1,-1,0
49021740,8,5,-1,-1,1
49029888,51,41,-1,-1,7
49030026,5,37,-1,-1,7
49026639,16,52,-1,-1,2
49029820,0,28,-1,-1,2
49027812,21,36,-1,-1,4
49033182,57,51,-1,-1,1
49033173,14,32,-1,-1,2
49031218,52,33,-1,-1,3
49030540,13,44,-1,-1,0
49033095,51,28,-1,-1,7
49032669,16,23,-1,-1,7
49031254,46,54,-1,-1,0
49027250,27,53,-1,-1,1
49032319,49,35,-1,-1,2
49031728,43,45,-1,-1,0
49031976,34,22,-1,-1,6
49029870,25,21,-1,-1,4
49029190,47,32,-1,-1,3
49028460,50,36,-1,-1,7
49031489,3,44,-1,-1,0
49029932,16,48,-1,-1,0
49031413,30,41,-1,-1,7
49032861,16,12,-1,-1,7
49032932,9,28,-1,-1,7
49032019,22,5,-1,-1,0
49023837,34,37,-1,-1,0
49030100,13,2,-1,-1,3
49032914,40,37,-1,-1,6
49029040,16,39,-1,-1,5
49030131,7,46,-1,-1,3
49029372,17,35,-1,-1,6
49032119,16,38,-1,-1,1
49032474,56,27,-1,-1,6
49033122,12,39,-1,-1,2
49028826,31,25,-1,-1,1
49030891,42,22,-1,-1,1
49032350,14,42,-1,-1,5
49030534,7,13,-1,-1,6
49028060,37,57,-1,-1,2
49032105,57,37,-1,-1,2
49030700,23,23,-1,-1,0
49030689,56,42,-1,-1,7
49033066,57,35,-1,-1,0
49020649,20,36,-1,-1,5
49031692,9,55,-1,-1,1
49031576,31,12,-1,-1,7
49025680,57,48,-1,-1,3
49030513,44,1,-1,-1,7
49030018,2,11,-1,-1,2
49032034,51,46,-1,-1,2
49021322,34,26,-1,-1,6
49030598,11,28,-1,-1,3
49028229,9,20,-1,-1,0
49032574,21,15,-1,-1,4
49029195,50,55,-1,-1,5
49032823,45,30,-1,-1,5
49032255,52,37,-1,-1,3
49021941,24,41,-1,-1,0
49031423,11,4,-1,-1,4
49029876,25,23,-1,-1,2
49032295,14,40,-1,-1,4
49032297,11,57,-1,-1,6
49030105,23,38,-1,-1,2
49031823,21,22,-1,-1,3
49032509,51,51,-1,-1,5
49032141,52,50,-1,-1,5
49031327,4,48,-1,-1,0
49031476,22,10,-1,-1,7
49023454,23,49,-1,-1,2
49029180,6,25,-1,-1,2
49027088,22,42,-1,-1,7
49029950,15,54,-1,-1,4
49031854,54,9,-1,-1,6
49028549,30,21,-1,-1,3
49031520,26,9,-1,-1,2
49031920,56,56,-1,-1,5
49028830,37,17,-1,-1,3
49030660,14,39,-1,-1,5
49031755,38,11,-1,-1,5
49028822,51,3,-1,-1,0
49032822,18,45,-1,-1,0
49021498,31,19,-1,-1,3
49022707,14,30,-1,-1,6
49026574,16,1,-1,-1,5
49030559,53,22,-1,-1,3
49031936,58,1,-1,-1,0
49027149,2,28,-1,-1,5
49026106,10,53,-1,-1,6
49032364,36,45,-1,-1,0
49027025,48,13,-1,-1,0
49021091,32,38,-1,-1,2
49033115,29,1,-1,-1,3
49031788,49,41,-1,-1,7
49032365,7,44,-1,-1,7
49032717,29,20,-1,-1,1
49031845,5,1,-1,-1,3
49029990,13,18,-1,-1,0
49031911,27,45,-1,-1,0
49032160,4,20,-1,-1,6
49027612,30,38,-1,-1,3
49026262,36,20,-1,-1,4
49032643,31,41,-1,-1,0
49022497,31,10,-1,-1,1
49032343,2,12,-1,-1,4
49029675,24,49,-1,-1,2
49028652,52,0,-1,-1,5
49030449,17,10,-1,-1,2
49027078,21,21,-1,-1,4
49033050,26,14,-1,-1,3
49032455,57,5,-1,-1,3
49032520,10,41,-1,-1,1
49030301,19,51,-1,-1,6
49030737,10,8,-1,-1,6
49024221,1,27,-1,-1,5
49032958,52,38,-1,-1,1
49024903,1,52,-1,-1,6
49030683,30,19,-1,-1,6
49030239,49,25,-1,-1,4
49019279,22,24,-1,-1,6
49032947,12,5,-1,-1,0
49031121,56,19,-1,-1,6
49030360,1,55,-1,-1,7
49029136,3,30,-1,-1,2
49031718,46,57,-1,-1,1
49032489,44,13,-1,-1,7
49031978,26,38,-1,-1,2
49032976,40,11,-1,-1,3
49030202,51,9,-1,-1,1
49031900,13,25,-1,-1,3
49029534,14,48,-1,-1,1
49025765,27,31,-1,-1,3
49032444,53,20,-1,-1,2
49029395,47,10,-1,-1,6
49032963,30,43,-1,-1,4
49032926,43,12,-1,-1,6
49032259,46,26,-1,-1,5
49028730,58,14,-1,-1,0
49033058,24,18,-1,-1,2
49028187,42,16,-1,-1,3
49032164,5,40,-1,-1,0
49032544,5,30,-1,-1,1
49027582,48,11,-1,-1,5
49032566,39,9,-1,-1,6
49024079,39,54,-1,-1,7
49032749,32,33,-1,-1,7
49027353,39,34,-1,-1,3
49030314,20,25,-1,-1,3
49025666,44,24,-1,-1,7
49031471,54,11,-1,-1,4
49029344,1,48,-1,-1,2
49024930,18,28,-1,-1,0
49026146,9,25,-1,-1,0
49031148,29,10,-1,-1,5
49029673,12,36,-1,-1,3
49029968,35,24,-1,-1,5
49028839,4,6,-1,-1,0
49032929,31,16,-1,-1,6
49032018,23,32,-1,-1,0
49029847,35,49,-1,-1,4
49031210,29,6,-1,-1,1
49029152,0,53,-1,-1,2
49032486,31,15,-1,-1,2
49032718,7,51,-1,-1,0
49031166,50,43,-1,-1,7
49029564,28,22,-1,-1,5
49030356,39,10,-1,-1,2
49026652,58,37,-1,-1,0
49027363,33,17,-1,-1,4
49031087,32,40,-1,-1,0
49032161,54,6,-1,-1,5
49027435,24,45,-1,-1,3
49032209,35,27,-1,-1,0
49033103,52,16,-1,-1,3
49026865,17,57,-1,-1,3
49032572,56,16,-1,-1,1
49030116,25,47,-1,-1,4
49033025,9,49,-1,-1,4
49032504,41,11,-1,-1,7
49032469,47,55,-1,-1,0
49032895,5,53,-1,-1,2
49020687,39,17,-1,-1,1
49032936,58,35,-1,-1,4
49031644,41,50,-1,-1,4
49028371,54,8,-1,-1,0
49030366,6,49,-1,-1,7
49033100,29,7,-1,-1,2
49033013,0,8,-1,-1,4
49031731,43,1,-1,-1,7
49027536,47,54,-1,-1,1
49028079,33,3,-1,-1,0
49010188,49,44,-1,-1,3
49026980,3,18,-1,-1,1
49031177,22,25,-1,-1,1
49032441,12,27,-1,-1,2
49023226,6,47,-1,-1,4
49027719,14,55,-1,-1,7
49032981,18,18,-1,-1,6
49030112,14,20,-1,-1,3
49027292,3,23,-1,-1,6
49031309,52,11,-1,-1,6
49033062,54,36,-1,-1,0
49028935,18,54,-1,-1,5
49032250,16,55,-1,-1,0
49032485,17,51,-1,-1,4
49024242,5,50,-1,-1,3
49032109,42,42,-1,-1,3
49029947,21,49,-1,-1,2
49031726,24,11,-1,-1,6
49031031,30,8,-1,-1,0
49029674,52,49,-1,-1,1
49031881,33,39,-1,-1,4
49032405,15,37,-1,-1,0
49031444,10,10,-1,-1,5
49031700,14,15,-1,-1,4
49029111,54,33,-1,-1,6
49033132,40,39,-1,-1,1
49026687,53,4,-1,-1,4
49029448,32,41,-1,-1,2
49032901,21,28,-1,-1,2
49032885,51,25,-1,-1,4
49027398,36,34,-1,-1,6
49029044,32,36,-1,-1,0
49029991,53,56,-1,-1,7
49031926,6,17,-1,-1,2
49024544,51,10,-1,-1,7
49025410,10,35,-1,-1,4
49031083,23,29,-1,-1,2
49027982,29,44,-1,-1,3
49030469,28,58,-1,-1,0
49031586,25,57,-1,-1,3
49032776,49,3,-1,-1,5
49032381,18,31,-1,-1,6
49031348,22,15,-1,-1,3
49028669,34,38,-1,-1,5
49028589,41,42,-1,-1,1
49031811,32,5,-1,-1,3
49031921,1,17,-1,-1,5
49031666,38,12,-1,-1,3
49028396,20,19,-1,-1,5
49021867,54,26,-1,-1,4
49032887,50,2,-1,-1,0
49031001,1,41,-1,-1,1
49032438,4,31,-1,-1,4
49031201,2,45,-1,-1,0
49024622,29,32,-1,-1,0
49031202,51,16,-1,-1,4
49028633,3,55,-1,-1,1
49019642,22,41,-1,-1,7
49032539,0,5,-1,-1,0
49030984,29,37,-1,-1,0
49025422,17,0,-1,-1,3
49030745,49,18,-1,-1,7
49032501,9,52,-1,-1,1
49029731,17,12,-1,-1,5
49032647,6,16,-1,-1,2
49031084,46,8,-1,-1,2
49028068,27,38,-1,-1,2
49032758,40,34,-1,-1,1
49030651,10,17,-1,-1,3
49032795,42,10,-1,-1,6
49029353,38,17,-1,-1,0
49031351,47,35,-1,-1,2
49030460,44,38,-1,-1,0
49025684,27,29,-1,-1,6
49029355,24,4,-1,-1,0
49033019,11,46,-1,-1,2
49024243,21,47,-1,-1,5
49032198,53,0,-1,-1,4
49032682,53,45,-1,-1,5
49032704,24,26,-1,-1,2
49030828,25,26,-1,-1,7
49030333,17,22,-1,-1,7
49029913,17,39,-1,-1,3
49028913,0,19,-1,-1,0
49032745,48,33,-1,-1,2
49032729,56,25,-1,-1,0
49026839,21,48,-1,-1,2
49024270,56,28,-1,-1,7
49032147,58,4,-1,-1,0
49032740,38,19,-1,-1,5
49028306,41,7,-1,-1,2
49032834,49,7,-1,-1,2
49032229,55,51,-1,-1,0
49031579,24,19,-1,-1,7
49032935,52,14,-1,-1,2
49032066,19,56,-1,-1,2
49030957,39,35,-1,-1,2
49032970,15,55,-1,-1,5
49031146,24,28,-1,-1,2
49033148,17,15,-1,-1,4
49024201,44,0,-1,-1,6
49029739,35,39,-1,-1,0
49028497,25,27,-1,-1,1
49029658,12,22,-1,-1,4
49031840,15,58,-1,-1,6
49031852,33,57,-1,-1,7
49026067,37,12,-1,-1,2
49018721,18,58,-1,-1,1
49026789,10,29,-1,-1,6
49033060,39,31,-1,-1,1
49032727,7,6,-1,-1,0
49031985,40,0,-1,-1,3
49030354,36,30,-1,-1,1
49032013,2,16,-1,-1,6
49020451,11,10,-1,-1,7
49027518,39,1,-1,-1,2
49028745,54,3,-1,-1,4
49027796,7,11,-1,-1,6
49029122,31,48,-1,-1,6
49032223,53,2,-1,-1,1
49029071,8,55,-1,-1,1
49032975,14,36,-1,-1,0
49030930,8,56,-1,-1,5
49031300,0,15,-1,-1,0
49032157,35,55,-1,-1,3
49029182,24,17,-1,-1,3
49033180,4,14,-1,-1,4
49032825,17,4,-1,-1,0
49032915,34,34,-1,-1,1
49029240,31,54,-1,-1,5
49028349,51,58,-1,-1,6
49014720,6,34,-1,-1,1
49026299,46,20,-1,-1,2
49031814,46,56,-1,-1,7
49032826,19,49,-1,-1,0
49032448,24,25,-1,-1,1
49031266,40,19,-1,-1,2
49025712,22,39,-1,-1,7
49032227,47,45,-1,-1,2
49031480,29,33,-1,-1,7
49026443,6,48,-1,-1,7
49032481,55,21,-1,-1,0
49024568,27,15,-1,-1,1
49031561,52,41,-1,-1,2
49028281,36,51,-1,-1,1
49019937,54,19,-1,-1,6
49031416,32,13,-1,-1,4
49028736,46,46,-1,-1,0
49033035,13,47,-1,-1,2
49032057,23,3,-1,-1,3
49032933,16,13,-1,-1,2
49028896,43,15,-1,-1,6
49032087,57,1,-1,-1,4
49029416,41,55,-1,-1,2
49031363,36,58,-1,-1,7
49032597,11,9,-1,-1,6
49028090,8,48,-1,-1,2
49033033,49,27,-1,-1,4
49027245,29,26,-1,-1,2
49027530,0,35,-1,-1,0
49033171,52,56,-1,-1,3
49033144,47,28,-1,-1,2
49029802,20,8,-1,-1,7
49030549,32,8,-1,-1,7
49020575,15,6,-1,-1,5
49029970,1,14,-1,-1,3
49033151,51,11,-1,-1,7
49031885,9,1,-1,-1,1
49032937,36,49,-1,-1,5
49028477,10,6,-1,-1,1
49031870,46,17,-1,-1,0
49029982,19,32,-1,-1,4
49032657,38,10,-1,-1,2
49029330,31,11,-1,-1,5
49031664,33,27,-1,-1,0
49031761,23,58,-1,-1,2
49030778,6,28,-1,-1,4
49032966,21,11,-1,-1,6
49029163,27,22,-1,-1,2
49032762,24,16,-1,-1,3
49030039,58,10,-1,-1,7
49032056,28,41,-1,-1,7
49030491,20,26,-1,-1,1
49030873,50,32,-1,-1,4
49028012,50,40,-1,-1,3
49027910,36,37,-1,-1,6
49030169,1,54,-1,-1,5
49029999,2,13,-1,-1,3
49030150,1,16,-1,-1,2
49027073,58,51,-1,-1,4
49032136,14,27,-1,-1,1
49023474,46,55,-1,-1,1
49032971,36,16,-1,-1,3
49032736,43,13,-1,-1,1
49031361,35,14,-1,-1,5
49030010,34,27,-1,-1,4
49031883,21,2,-1,-1,4
49031846,42,3,-1,-1,7
49032043,35,23,-1,-1,1
49032629,23,35,-1,-1,6
49030503,47,46,-1,-1,4
49030033,46,3,-1,-1,1
49032306,41,26,-1,-1,1
49033113,32,46,-1,-1,0
49031973,29,42,-1,-1,3
49028639,47,15,-1,-1,1
49031984,22,53,-1,-1,1
49032427,16,20,-1,-1,5
49030924,17,5,-1,-1,4
49028876,40,17,-1,-1,6
49032308,57,2,-1,-1,6
49032320,43,11,-1,-1,7
49031033,1,26,-1,-1,1
49032207,27,57,-1,-1,1
49032233,44,2,-1,-1,6
49026062,18,9,-1,-1,3
49031059,35,34,-1,-1,0
49028028,19,27,-1,-1,1
49032585,10,14,-1,-1,7
49032385,50,37,-1,-1,5
49033063,12,52,-1,-1,3
49032881,2,43,-1,-1,1
49030908,16,7,-1,-1,5
49023087,29,3,-1,-1,4
49026957,15,32,-1,-1,0
49032111,57,27,-1,-1,0
49026941,26,1,-1,-1,6
49021747,25,12,-1,-1,3
49029414,39,58,-1,-1,1
49030947,34,49,-1,-1,6
49032798,40,2,-1,-1,3
49027121,35,57,-1,-1,0
49033024,48,1,-1,-1,0
49028804,47,34,-1,-1,5
49011711,2,41,-1,-1,0
49024852,27,58,-1,-1,2
49030038,11,17,-1,-1,2
49032655,55,39,-1,-1,6
49032128,24,14,-1,-1,0
49031613,13,26,-1,-1,7
49031450,17,32,-1,-1,3
49031485,33,2,-1,-1,4
49027795,53,9,-1,-1,4
49030905,19,20,-1,-1,7
49030392,1,13,-1,-1,0
49032096,39,23,-1,-1,4
49032132,49,42,-1,-1,2
49031910,16,56,-1,-1,4
49031580,54,53,-1,-1,7
49032549,40,40,-1,-1,7
49028434,28,57,-1,-1,3
49033007,46,14,-1,-1,2
49023830,39,30,-1,-1,2
49032791,6,5,-1,-1,6
49033052,40,23,-1,-1,1
49027107,46,11,-1,-1,0
49033178,12,10,-1,-1,2
49021194,30,46,-1,-1,5
49029296,33,49,-1,-1,3
49028678,26,29,-1,-1,6
49028358,2,10,-1,-1,0
49029877,2,35,-1,-1,1
49032228,41,39,-1,-1,7
49032974,43,17,-1,-1,0
49032281,22,38,-1,-1,7
49026647,3,3,-1,-1,4
49028393,40,21,-1,-1,3
49023958,46,49,-1,-1,6
49031742,30,36,-1,-1,7
49030046,8,46,-1,-1,6
49028277,6,8,-1,-1,2
49030040,22,27,-1,-1,7
49032731,7,29,-1,-1,7
49030049,27,13,-1,-1,7
49029541,1,35,-1,-1,6
49031930,34,39,-1,-1,5
49031872,47,1,-1,-1,5
49027625,23,50,-1,-1,1
49022675,5,12,-1,-1,6
49031513,51,40,-1,-1,4
49031511,36,46,-1,-1,3
49031542,28,36,-1,-1,5
49028517,37,18,-1,-1,1
49032523,57,29,-1,-1,7
49033068,39,15,-1,-1,2
49028855,54,17,-1,-1,6
49030597,41,9,-1,-1,3
49032837,49,49,-1,-1,1
49031440,38,58,-1,-1,6
49032714,57,58,-1,-1,7
49027998,44,26,-1,-1,7
49025108,7,58,-1,-1,6
49031308,49,6,-1,-1,4
49027992,57,39,-1,-1,0
49030815,21,19,-1,-1,0
49027469,43,55,-1,-1,5
49032354,5,2,-1,-1,3
49032278,23,46,-1,-1,0
49027140,18,37,-1,-1,7
49028684,54,0,-1,-1,5
49030864,53,15,-1,-1,0
49033032,17,53,-1,-1,4
49033008,25,3,-1,-1,1
49032611,12,34,-1,-1,4
49031964,55,15,-1,-1,0
49026791,22,56,-1,-1,3
49031113,0,36,-1,-1,2
49029114,27,55,-1,-1,2
49032763,34,7,-1,-1,4
49028135,9,23,-1,-1,0
49032384,30,27,-1,-1,2
49031081,50,10,-1,-1,2
49033072,1,5,-1,-1,2
49019904,19,45,-1,-1,6
49032311,8,22,-1,-1,3
49028727,50,33,-1,-1,6
49027461,41,38,-1,-1,6
49030532,34,31,-1,-1,6
49032265,34,30,-1,-1,2
49027752,42,27,-1,-1,3
49032993,57,28,-1,-1,3
49027403,56,14,-1,-1,6
49032351,23,37,-1,-1,6
49031067,32,30,-1,-1,2
49032884,34,8,-1,-1,5
49032419,42,21,-1,-1,1
49032768,30,40,-1,-1,6
49032733,56,52,-1,-1,2
49032129,47,33,-1,-1,3
49032345,18,26,-1,-1,5
49025478,48,18,-1,-1,5
49024945,4,8,-1,-1,1
49020960,58,23,-1,-1,6
49033048,42,36,-1,-1,1
49030608,38,31,-1,-1,6
49029661,4,1,-1,-1,1
49028874,19,1,-1,-1,0
49030740,6,57,-1,-1,0
49033046,35,40,-1,-1,6
49032668,21,8,-1,-1,2
49031945,21,53,-1,-1,1
49032900,15,28,-1,-1,2
49031503,26,28,-1,-1,2
49030057,54,46,-1,-1,7
49029148,0,42,-1,-1,4
49030501,39,8,-1,-1,7
49032413,9,21,-1,-1,2
49032494,10,47,-1,-1,3
49022462,20,28,-1,-1,4
49026921,30,33,-1,-1,6
49029865,37,26,-1,-1,6
49025544,36,21,-1,-1,7
49032604,43,42,-1,-1,1
49027999,26,55,-1,-1,0
49031110,17,13,-1,-1,6
49030894,13,11,-1,-1,6
49026027,47,25,-1,-1,3
49015924,46,52,-1,-1,1
49032555,11,56,-1,-1,5
49030979,33,11,-1,-1,7
49032428,31,17,-1,-1,5
49031869,50,57,-1,-1,1
49032980,0,12,-1,-1,1
49022336,27,41,-1,-1,3
49029708,27,48,-1,-1,1
49030335,2,9,-1,-1,6
49029666,13,31,-1,-1,1
49029748,5,26,-1,-1,0
49032968,54,30,-1,-1,5
49031986,9,0,-1,-1,6
49032054,43,36,-1,-1,2
49031369,44,37,-1,-1,3
49031569,54,34,-1,-1,4
49023158,29,12,-1,-1,2
49029592,43,47,-1,-1,2
49029957,52,48,-1,-1,7
49033176,47,9,-1,-1,0
49028733,6,26,-1,-1,3
49029918,28,54,-1,-1,7
49031861,35,28,-1,-1,0
49025626,44,29,-1,-1,1
49030338,53,8,-1,-1,2
49032376,0,29,-1,-1,4
49032473,23,41,-1,-1,3
49031690,58,43,-1,-1,7
49029861,24,13,-1,-1,7
49030781,39,50,-1,-1,1
49031810,13,1,-1,-1,7
49030108,41,27,-1,-1,1
49030918,15,16,-1,-1,0
49032879,11,19,-1,-1,0
49030171,41,57,-1,-1,5
49030341,30,35,-1,-1,6
49027532,44,14,-1,-1,7
49032990,11,30,-1,-1,7
49032360,55,53,-1,-1,2
49032137,6,21,-1,-1,3
49031274,8,28,-1,-1,5
49027799,7,39,-1,-1,3
49031740,44,17,-1,-1,6
49031756,25,48,-1,-1,2
49028617,38,47,-1,-1,5
49032662,15,18,-1,-1,2
49029989,45,51,-1,-1,6
49029078,47,11,-1,-1,4
49030925,13,5,-1,-1,7
49033006,23,30,-1,-1,2
49023823,58,18,-1,-1,5
49029531,25,38,-1,-1,5
49026748,8,20,-1,-1,6
49030020,22,47,-1,-1,3
49032294,39,46,-1,-1,2
49032386,58,22,-1,-1,7
49032215,20,5,-1,-1,6
49029737,36,6,-1,-1,3
49032203,57,26,-1,-1,5
49031277,52,26,-1,-1,2
49032853,45,53,-1,-1,5
49023828,49,20,-1,-1,1
49027758,41,58,-1,-1,1
49026698,48,55,-1,-1,5
49028871,51,57,-1,-1,3
49024976,2,1,-1,-1,7
49026714,35,17,-1,-1,7
49021369,57,4,-1,-1,1
49030086,24,47,-1,-1,4
49031385,30,39,-1,-1,0
49032459,37,58,-1,-1,0
49032838,15,14,-1,-1,4
49031355,45,1,-1,-1,7
49032554,17,43,-1,-1,6
49031965,7,36,-1,-1,7
49029458,18,42,-1,-1,2
49030300,20,37,-1,-1,4
49031947,37,2,-1,-1,7
49030357,27,35,-1,-1,3
49029272,20,43,-1,-1,0
49032941,1,38,-1,-1,7
49021011,16,24,-1,-1,5
49033094,54,54,-1,-1,4
49032100,30,25,-1,-1,3
49033073,8,38,-1,-1,2
49030964,13,49,-1,-1,0
49032014,5,36,-1,-1,3
49020269,53,18,-1,-1,2
49030715,30,12,-1,-1,2
49032918,5,15,-1,-1,0
49030442,28,20,-1,-1,0
49027568,38,56,-1,-1,7
49032048,33,6,-1,-1,1
49030707,23,20,-1,-1,5
49032592,53,55,-1,-1,4
49031546,29,55,-1,-1,4
49029510,7,38,-1,-1,7
49023116,29,35,-1,-1,4
49023757,26,10,-1,-1,2
49032237,45,45,-1,-1,6
49028570,9,41,-1,-1,4
49031049,8,40,-1,-1,1
49027649,36,13,-1,-1,0
49029620,17,1,-1,-1,3
49030807,38,4,-1,-1,6
49029587,10,56,-1,-1,5
49028665,33,10,-1,-1,7
49031374,19,24,-1,-1,6
49026308,41,4,-1,-1,7
49032194,51,5,-1,-1,4
49030663,44,40,-1,-1,0
49032414,23,0,-1,-1,3
49030237,56,57,-1,-1,5
49029834,14,26,-1,-1,5
49029057,14,0,-1,-1,5
49032253,53,24,-1,-1,3
49024665,38,23,-1,-1,5
49029667,44,10,-1,-1,4
49032479,28,44,-1,-1,0
49029671,20,46,-1,-1,1
49030030,6,30,-1,-1,3
49031627,9,17,-1,-1,4
49033026,5,19,-1,-1,1
49029614,8,8,-1,-1,3
49026588,11,23,-1,-1,7
49018912,43,48,-1,-1,3
49029478,24,7,-1,-1,5
49028354,57,54,-1,-1,1
49031100,6,32,-1,-1,3
49027445,48,27,-1,-1,6
49029063,25,4,-1,-1,4
49028783,46,2,-1,-1,7
49012564,19,50,-1,-1,3
49021278,0,30,-1,-1,1
49028046,47,56,-1,-1,7
49015772,29,18,-1,-1,1
49028375,37,33,-1,-1,2
49029174,7,24,-1,-1,6
49025661,58,48,-1,-1,0
49032216,52,2,-1,-1,4
49032131,16,14,-1,-1,2
49033157,39,6,-1,-1,1
49032587,49,32,-1,-1,2
49029253,36,19,-1,-1,2
49030445,56,33,-1,-1,3
49031484,46,21,-1,-1,7
49030037,34,0,-1,-1,4
49032011,21,7,-1,-1,6
49025233,41,18,-1,-1,4
49027540,15,20,-1,-1,7
49033136,10,18,-1,-1,1
49027526,34,36,-1,-1,3
49033001,36,39,-1,-1,6
49032042,0,33,-1,-1,1
49030624,50,24,-1,-1,2
49028564,17,47,-1,-1,4
49032046,22,6,-1,-1,2
49032309,44,23,-1,-1,6
49031772,50,9,-1,-1,5
49029899,31,46,-1,-1,4
49031739,23,27,-1,-1,1
49031847,56,11,-1,-1,4
49029855,9,47,-1,-1,6
49032969,13,6,-1,-1,1
49032548,28,28,-1,-1,1
49031706,11,24,-1,-1,1
49024640,39,3,-1,-1,3
49033082,17,23,-1,-1,1
49032456,25,16,-1,-1,7
49031414,40,25,-1,-1,7
49020766,46,39,-1,-1,5
49028355,27,49,-1,-1,1
49031346,55,11,-1,-1,1
49032819,11,16,-1,-1,6
49032790,16,8,-1,-1,5
49029261,8,57,-1,-1,4
49032247,44,50,-1,-1,7
49032637,58,42,-1,-1,0
49030162,30,22,-1,-1,3
49025656,2,18,-1,-1,5
49032341,57,41,-1,-1,3
49032000,11,25,-1,-1,6
49032313,51,53,-1,-1,3
49031184,32,35,-1,-1,3
49029275,33,51,-1,-1,4
49033130,51,2,-1,-1,4
49032804,46,15,-1,-1,2
49032422,0,4,-1,-1,0
49031592,29,14,-1,-1,6
49032156,44,19,-1,-1,1
49024457,24,2,-1,-1,4
49028337,14,21,-1,-1,3
49026713,52,43,-1,-1,5
49032797,11,29,-1,-1,4
49029123,3,41,-1,-1,7
49032746,13,40,-1,-1,7
49026745,26,44,-1,-1,3
49031876,19,39,-1,-1,2
49027778,49,11,-1,-1,0
49028531,13,29,-1,-1,0
49031848,18,50,-1,-1,4
49022258,2,24,-1,-1,5
49031155,7,30,-1,-1,5
49032015,46,35,-1,-1,0
49027933,43,18,-1,-1,2
49033012,18,8,-1,-1,0
49022312,7,22,-1,-1,5
49024250,10,50,-1,-1,3
49029914,12,9,-1,-1,5
49031615,8,39,-1,-1,3
49032967,18,21,-1,-1,1
49029116,18,34,-1,-1,0
49032053,29,30,-1,-1,2
49032095,40,9,-1,-1,6
49032181,47,47,-1,-1,6
49029976,58,20,-1,-1,6
49031949,57,9,-1,-1,2
49031999,50,25,-1,-1,6
49031439,8,50,-1,-1,3
49030422,6,10,-1,-1,6
49029699,4,42,-1,-1,1
49027018,25,53,-1,-1,5
49033159,33,48,-1,-1,2
49032073,42,53,-1,-1,1
49032553,50,46,-1,-1,1
49031032,57,34,-1,-1,3
49033161,14,10,-1,-1,7
49026934,23,55,-1,-1,5
49028578,44,12,-1,-1,1
49028990,6,55,-1,-1,7
49030047,40,7,-1,-1,7
49032159,53,52,-1,-1,0
49029846,44,4,-1,-1,2
49029801,23,43,-1,-1,1
49029246,35,46,-1,-1,6
49030159,6,46,-1,-1,4
49032088,40,3,-1,-1,4
49028759,18,11,-1,-1,4
49032978,25,11,-1,-1,3
49032483,18,47,-1,-1,5
49032570,11,40,-1,-1,7
49030630,34,2,-1,-1,7
49031397,37,8,-1,-1,0
49031933,25,40,-1,-1,2
49030699,38,34,-1,-1,5
49032326,51,7,-1,-1,1
49027558,15,49,-1,-1,3
49028631,48,49,-1,-1,5
49030520,3,49,-1,-1,4
49027058,10,20,-1,-1,2
49031002,11,39,-1,-1,3
49031770,4,2,-1,-1,3
49031894,37,29,-1,-1,1
49028834,1,6,-1,-1,5
49028270,34,21,-1,-1,5
49033056,36,18,-1,-1,4
49031429,18,40,-1,-1,4
49028720,37,22,-1,-1,4
49031937,46,25,-1,-1,2
49032567,20,7,-1,-1,4
49032045,15,30,-1,-1,3
49032083,38,26,-1,-1,5
49030999,25,1,-1,-1,3
49032349,41,45,-1,-1,7
49032060,1,36,-1,-1,7
49029003,46,53,-1,-1,4
49032609,48,12,-1,-1,4
49031599,30,10,-1,-1,4
49026593,27,5,-1,-1,7
49028504,32,44,-1,-1,7
49025867,3,50,-1,-1,1
49028498,41,47,-1,-1,1
49031747,29,2,-1,-1,5
49027094,32,56,-1,-1,2
49031682,43,28,-1,-1,6
49030639,15,27,-1,-1,3
49032665,56,44,-1,-1,7
49032175,50,28,-1,-1,1
49031971,11,38,-1,-1,1
49031970,9,2,-1,-1,2
49031577,23,51,-1,-1,6
49022176,43,14,-1,-1,7
49032734,17,49,-1,-1,2
49032724,28,38,-1,-1,3
49032067,41,17,-1,-1,1
49022637,10,57,-1,-1,3
49031743,56,40,-1,-1,1
49031498,22,12,-1,-1,3
49032757,36,44,-1,-1,0
49032529,26,42,-1,-1,3
49031639,57,43,-1,-1,2
49030044,55,14,-1,-1,6
49027773,10,1,-1,-1,6
49031972,13,13,-1,-1,0
49033093,8,24,-1,-1,3
49029843,12,57,-1,-1,5
49033134,52,54,-1,-1,6
49024156,14,58,-1,-1,0
49028644,4,41,-1,-1,6
49031490,44,6,-1,-1,1
49028002,15,7,-1,-1,0
49030127,58,28,-1,-1,0
49032948,35,7,-1,-1,2
49030021,51,50,-1,-1,6
49029581,5,56,-1,-1,3
49030900,12,12,-1,-1,6
49031173,5,46,-1,-1,6
49030623,49,31,-1,-1,3
49029334,20,4,-1,-1,2
49032922,41,56,-1,-1,7
49031856,21,43,-1,-1,0
49021826,54,1,-1,-1,0
49027705,14,11,-1,-1,4
49028453,55,20,-1,-1,4
49026364,52,8,-1,-1,7
49032212,44,9,-1,-1,7
49030433,35,38,-1,-1,5
49029576,57,15,-1,-1,7
49030098,54,5,-1,-1,2
49031543,50,8,-1,-1,4
49028805,14,54,-1,-1,0
49033149,19,22,-1,-1,5
49024089,41,20,-1,-1,3
49021889,49,2,-1,-1,2
49032107,50,15,-1,-1,2
49031998,24,43,-1,-1,6
49025978,13,48,-1,-1,7
49027978,49,10,-1,-1,2
49029998,19,2,-1,-1,1
49032618,45,39,-1,-1,6
49033109,0,47,-1,-1,3
49032047,24,30,-1,-1,2
49031983,1,53,-1,-1,1
49032673,16,35,-1,-1,2
49030851,20,52,-1,-1,6
49030697,55,30,-1,-1,1
49032163,4,57,-1,-1,4
49032063,38,57,-1,-1,3
49031053,7,18,-1,-1,3
49033165,13,51,-1,-1,3
49032303,26,50,-1,-1,0
49022439,23,54,-1,-1,4
49030092,36,22,-1,-1,6
49024962,4,40,-1,-1,3
49030954,8,3,-1,-1,1
49031007,30,26,-1,-1,1
49031898,53,33,-1,-1,2
49029388,26,58,-1,-1,7
49030579,17,48,-1,-1,3
49031630,43,6,-1,-1,0
49032659,49,14,-1,-1,4
49029041,56,39,-1,-1,7
49029333,15,9,-1,-1,5
49033112,54,35,-1,-1,7
49032677,54,58,-1,-1,7
49028159,47,24,-1,-1,4
49026814,34,12,-1,-1,3
49033059,31,1,-1,-1,6
49031493,35,50,-1,-1,0
49032211,50,56,-1,-1,5
49030998,18,57,-1,-1,5
49033167,54,18,-1,-1,7
49028374,16,42,-1,-1,7
49032688,33,38,-1,-1,2
49032910,17,14,-1,-1,1
49032541,29,19,-1,-1,0
49032359,8,13,-1,-1,6
49029778,23,11,-1,-1,3
49030180,20,49,-1,-1,4
49032652,37,41,-1,-1,2
49029967,52,17,-1,-1,1
49027627,54,31,-1,-1,2
49031792,41,46,-1,-1,2
49017468,26,11,-1,-1,5
49030917,35,52,-1,-1,4
49029757,40,53,-1,-1,1
49028991,34,56,-1,-1,5
49032794,15,13,-1,-1,0
49027663,35,13,-1,-1,6
49032004,2,14,-1,-1,2
49032261,14,25,-1,-1,2
49026638,55,42,-1,-1,0
49032426,34,46,-1,-1,4
49032531,2,56,-1,-1,3
49031474,41,10,-1,-1,4
49030101,43,23,-1,-1,3
49033150,14,6,-1,-1,3
49029894,51,45,-1,-1,6
49031375,13,16,-1,-1,1
49029225,47,8,-1,-1,4
49032558,44,28,-1,-1,6
49032954,3,15,-1,-1,4
49028961,18,44,-1,-1,3
49032093,54,14,-1,-1,4
49029975,23,7,-1,-1,0
49031748,0,50,-1,-1,4
49028918,50,27,-1,-1,2
49016375,8,25,-1,-1,3
49033129,46,36,-1,-1,3
49032624,23,31,-1,-1,7
49027494,37,7,-1,-1,0
49032079,56,36,-1,-1,7
49024585,27,40,-1,-1,3
49030939,28,1,-1,-1,6
49025678,36,41,-1,-1,7
49031941,28,10,-1,-1,3
49031099,32,58,-1,-1,1
49028888,37,16,-1,-1,1
49033096,11,6,-1,-1,2
49014016,27,11,-1,-1,5
49031539,13,17,-1,-1,6
49026730,45,52,-1,-1,5
49020004,35,26,-1,-1,2
49028341,40,4,-1,-1,0
49023240,11,3,-1,-1,6
49030982,27,24,-1,-1,5
49033089,58,30,-1,-1,0
49031681,13,32,-1,-1,0
49032058,29,24,-1,-1,4
49032589,25,32,-1,-1,3
49030671,5,5,-1,-1,2
49031625,10,43,-1,-1,5
49031694,7,35,-1,-1,5
49029390,12,8,-1,-1,0
49032499,33,34,-1,-1,2
49030403,11,51,-1,-1,7
49018220,5,28,-1,-1,4
49031015,48,46,-1,-1,7
49032813,2,3,-1,-1,4
49031276,3,29,-1,-1,1
49031990,31,57,-1,-1,0
49032344,46,10,-1,-1,7
49032086,55,33,-1,-1,4
49032138,55,45,-1,-1,7
49033069,27,7,-1,-1,3
49031908,53,5,-1,-1,7
49031468,48,32,-1,-1,0
49033145,32,16,-1,-1,2
49033080,9,39,-1,-1,5
49033125,45,11,-1,-1,2
49025703,21,37,-1,-1,5
49031612,58,27,-1,-1,0
49032972,13,54,-1,-1,1
49030483,56,53,-1,-1,3
49030359,23,36,-1,-1,2
49032491,55,31,-1,-1,0
49029497,57,31,-1,-1,6
49020130,19,33,-1,-1,5
49030701,29,31,-1,-1,4
49031197,55,13,-1,-1,0
49029262,47,0,-1,-1,2
49031328,12,18,-1,-1,7
49032425,0,32,-1,-1,3
49027611,40,57,-1,-1,3
49028798,45,15,-1,-1,3
49033101,8,54,-1,-1,5
49032185,46,48,-1,-1,3
49030154,23,19,-1,-1,3
49032847,39,13,-1,-1,2
49024404,19,35,-1,-1,5
49023583,55,26,-1,-1,2
49031855,5,10,-1,-1,1
49027103,28,34,-1,-1,1
49032608,12,54,-1,-1,0
49031408,25,51,-1,-1,7
49033090,19,11,-1,-1,6
49033107,36,17,-1,-1,2
49030378,3,52,-1,-1,1
49030104,34,25,-1,-1,0
49027498,32,6,-1,-1,1
49032575,17,28,-1,-1,6
49026962,5,58,-1,-1,6
49018018,54,22,-1,-1,3
49029185,4,21,-1,-1,2
49030230,53,12,-1,-1,5
49032089,32,47,-1,-1,2
49025795,37,53,-1,-1,6
49031693,50,49,-1,-1,7
49026810,22,58,-1,-1,2
49028276,44,36,-1,-1,4
49029039,38,41,-1,-1,7
49026380,12,24,-1,-1,7
49009237,51,54,-1,-1,5
49030729,27,21,-1,-1,6
49029684,40,31,-1,-1,7
49029874,46,32,-1,-1,5
49031364,11,21,-1,-1,2
49029767,19,48,-1,-1,4
49032439,47,23,-1,-1,2
49032614,42,9,-1,-1,3
49033105,43,49,-1,-1,0
49031504,23,8,-1,-1,5
49029792,56,6,-1,-1,3
49030492,18,15,-1,-1,1
49032210,43,50,-1,-1,6
49031958,51,8,-1,-1,2
49031102,35,5,-1,-1,4
49033162,53,49,-1,-1,4
49032022,51,31,-1,-1,7
49029506,24,29,-1,-1,5
49030846,34,44,-1,-1,3
49033005,31,47,-1,-1,1
49029683,20,9,-1,-1,7
49031833,56,22,-1,-1,0
49032380,9,15,-1,-1,7
49030909,0,58,-1,-1,2
49032267,12,3,-1,-1,2
49032498,13,37,-1,-1,4
49026290,37,15,-1,-1,5
49028858,28,0,-1,-1,4
49032487,28,42,-1,-1,6
49032017,43,40,-1,-1,3
49031837,34,18,-1,-1,3
49031611,14,8,-1,-1,7
49030200,21,6,-1,-1,0
49032766,28,18,-1,-1,1
49023871,39,4,-1,-1,7
49031863,52,55,-1,-1,1
49032377,16,22,-1,-1,1
49028163,27,12,-1,-1,1
49031775,3,39,-1,-1,1
49032106,16,53,-1,-1,0
49024663,36,26,-1,-1,6
49032195,5,32,-1,-1,5
49027282,11,2,-1,-1,6
49031377,45,44,-1,-1,2
49030350,47,49,-1,-1,6
49031263,10,28,-1,-1,4
49032037,36,0,-1,-1,6
49025507,35,33,-1,-1,1
49022364,16,6,-1,-1,6
49031181,47,27,-1,-1,2
49026994,19,7,-1,-1,1
49017029,11,0,-1,-1,3
49030657,32,21,-1,-1,1
49033142,42,34,-1,-1,4
49030764,50,20,-1,-1,1
49031269,3,16,-1,-1,1
49030148,9,11,-1,-1,0
49029786,19,28,-1,-1,5
49032751,6,41,-1,-1,3
49032401,41,43,-1,-1,4
49025603,3,13,-1,-1,4
49031754,12,51,-1,-1,1
49032328,57,56,-1,-1,2
49030496,2,49,-1,-1,4
49031382,1,39,-1,-1,6
49031674,20,33,-1,-1,5
49032777,23,21,-1,-1,1
49032545,34,50,-1,-1,3
49030607,9,31,-1,-1,1
49032858,33,42,-1,-1,5
49027430,11,34,-1,-1,3
49033074,17,3,-1,-1,2
49032814,10,15,-1,-1,7
49033114,29,23,-1,-1,3
49032158,58,49,-1,-1,7
49029773,39,25,-1,-1,6
49032905,43,4,-1,-1,1
49032722,0,26,-1,-1,0
49031004,36,35,-1,-1,3
49028095,17,31,-1,-1,6
49031530,24,46,-1,-1,1
49026309,46,29,-1,-1,3
49027224,25,19,-1,-1,2
49025720,1,51,-1,-1,7
49023815,21,16,-1,-1,7
49032144,49,21,-1,-1,3
49030374,44,7,-1,-1,5
49027682,26,5,-1,-1,4
49032985,22,21,-1,-1,4
49027200,4,12,-1,-1,3
49027665,57,23,-1,-1,2
49030017,50,11,-1,-1,7
49018837,47,30,-1,-1,2
49023132,37,0,-1,-1,4
49032550,57,55,-1,-1,0
49032296,7,8,-1,-1,4
49028592,27,1,-1,-1,3
49027529,15,43,-1,-1,4
49031582,22,26,-1,-1,6
49031246,45,19,-1,-1,4
49030164,30,55,-1,-1,5
49033054,56,31,-1,-1,1
49032273,7,41,-1,-1,6
49031570,29,43,-1,-1,7
49032180,2,57,-1,-1,3
49033061,42,17,-1,-1,7
49030523,25,56,-1,-1,3
49033175,10,23,-1,-1,7
49027697,36,43,-1,-1,7
49033179,14,52,-1,-1,0
49031853,47,39,-1,-1,6
49030746,23,33,-1,-1,3
49030297,52,4,-1,-1,4
49032913,51,26,-1,-1,6
49032642,21,1,-1,-1,5
49024331,31,4,-1,-1,2
49032955,47,13,-1,-1,3
49032363,50,53,-1,-1,4
49026626,25,24,-1,-1,6
49029193,11,13,-1,-1,2
49032792,11,48,-1,-1,1
49032984,11,12,-1,-1,5
49024071,52,42,-1,-1,7
49030099,48,3,-1,-1,7
49033085,20,53,-1,-1,7
49032772,33,45,-1,-1,2
49032581,42,26,-1,-1,3
49030914,13,30,-1,-1,0
49031701,2,2,-1,-1,3
49032986,38,35,-1,-1,7
49033141,36,14,-1,-1,3
49017140,27,44,-1,-1,5
49031601,17,20,-1,-1,3
49030776,48,14,-1,-1,5
49029183,34,58,-1,-1,1
49029047,45,22,-1,-1,0
49028658,44,39,-1,-1,3
49031753,8,35,-1,-1,2
49026311,56,21,-1,-1,1
49024827,43,53,-1,-1,2
49019685,32,2,-1,-1,6
49032497,4,5,-1,-1,1
49026344,17,50,-1,-1,2
49032283,8,58,-1,-1,6
49031816,6,19,-1,-1,6
49032907,49,0,-1,-1,4
49032829,10,16,-1,-1,4
49031394,55,10,-1,-1,3
49032389,10,13,-1,-1,3
49026990,42,55,-1,-1,1
49024275,5,38,-1,-1,6
49031384,5,47,-1,-1,2
49027035,19,0,-1,-1,2
49025737,38,51,-1,-1,3
49029146,30,7,-1,-1,5
49029657,5,4,-1,-1,4
49030640,32,32,-1,-1,0
49032787,7,26,-1,-1,6
49032538,37,44,-1,-1,1
49032927,1,18,-1,-1,7
49032721,10,25,-1,-1,0
49033097,15,26,-1,-1,3
49022751,6,24,-1,-1,5
49028782,16,27,-1,-1,4
49023517,39,56,-1,-1,5
49032415,52,3,-1,-1,3
49028482,36,12,-1,-1,2
49031114,19,26,-1,-1,0
49032942,31,13,-1,-1,7
49033030,3,53,-1,-1,5
49032068,8,45,-1,-1,2
49029304,24,51,-1,-1,0
49032860,1,31,-1,-1,0
49025974,8,17,-1,-1,3
49032094,56,32,-1,-1,0
49033064,10,40,-1,-1,7
49032672,52,53,-1,-1,2
49029287,44,49,-1,-1,7
49032535,1,23,-1,-1,0
49027950,57,50,-1,-1,2
49028682,48,51,-1,-1,0
49031647,46,38,-1,-1,7
49031763,57,38,-1,-1,7
49026319,26,37,-1,-1,6
49029411,39,53,-1,-1,0
49032395,22,45,-1,-1,1
49031330,6,22,-1,-1,3
49032598,53,42,-1,-1,5
49031802,17,19,-1,-1,5
49026079,2,36,-1,-1,0
49031813,26,36,-1,-1,6
49031347,40,33,-1,-1,3
49030958,8,6,-1,-1,2
49032615,1,15,-1,-1,5
49029154,45,20,-1,-1,3
49025502,52,52,-1,-1,1
49030875,55,17,-1,-1,0
49032416,36,32,-1,-1,7
49021806,21,18,-1,-1,0
49029704,25,44,-1,-1,5
49032923,32,11,-1,-1,4
49032356,8,33,-1,-1,3
49032362,31,31,-1,-1,2
49033172,29,50,-1,-1,1
49032664,55,57,-1,-1,3
49031712,51,35,-1,-1,5
49019683,18,19,-1,-1,7
49032219,31,58,-1,-1,1
49026585,23,5,-1,-1,2
49032725,14,28,-1,-1,1
49026462,8,27,-1,-1,2
49031631,3,0,-1,-1,6
49031249,43,34,-1,-1,5
49030824,20,58,-1,-1,1
49028683,52,15,-1,-1,1
49029343,23,45,-1,-1,3
49029018,50,0,-1,-1,2
49029688,33,28,-1,-1,7
49025961,20,39,-1,-1,2
49033143,43,19,-1,-1,2
49030987,49,28,-1,-1,6
49030078,46,41,-1,-1,3
49031461,25,46,-1,-1,3
49031757,7,16,-1,-1,2
49032707,20,21,-1,-1,5
49027631,40,24,-1,-1,3
49031273,16,5,-1,-1,4
49023554,50,35,-1,-1,2
49031455,44,55,-1,-1,5
49031914,41,28,-1,-1,0
49032533,6,6,-1,-1,3
49028900,2,37,-1,-1,7
49032651,31,7,-1,-1,0
49030804,50,23,-1,-1,1
49030855,1,56,-1,-1,2
49030331,49,19,-1,-1,4
49028664,43,29,-1,-1,1
49030393,0,38,-1,-1,2
49029753,26,52,-1,-1,5
49029398,41,35,-1,-1,6
49032118,22,49,-1,-1,2
49027891,36,53,-1,-1,4
49026336,28,29,-1,-1,2
49025100,45,27,-1,-1,3
49033163,3,4,-1,-1,3
49032764,44,51,-1,-1,3
49025270,29,49,-1,-1,2
49029317,35,19,-1,-1,7
49032943,0,27,-1,-1,1
49030661,12,40,-1,-1,6
49016612,0,13,-1,-1,4
49032997,9,48,-1,-1,5
49031671,56,8,-1,-1,4
49029940,6,52,-1,-1,3
49031168,38,39,-1,-1,1
49032863,51,34,-1,-1,7
49031051,56,38,-1,-1,5
49032188,8,11,-1,-1,4
49030798,17,18,-1,-1,7
49031478,44,16,-1,-1,2
49029450,17,21,-1,-1,7
49028708,21,25,-1,-1,0
49031868,47,5,-1,-1,6
49030719,41,30,-1,-1,6
49024713,27,0,-1,-1,2
49032055,8,7,-1,-1,5
49033098,13,8,-1,-1,5
49033126,18,20,-1,-1,0
49029730,3,5,-1,-1,4
49031952,31,2,-1,-1,5
49028342,24,52,-1,-1,4
49033186,13,45,-1,-1,7
