416 416 416 416 416 416 416 32 416 416 32 32 32 96 416 352 352 96 352 352 352 352 6 0 352 352 352 32 32 352 352 0 352 0 352 352 96 96 352 352 0 352 32 416 0 416 0 416 416 416 352 352 0 32 0 0 352 352 416 
0 416 0 416 416 416 32 416 32 0 32 32 384 0 416 416 0 352 352 352 352 352 6 352 352 352 352 6 352 352 352 352 0 352 352 352 352 0 0 352 352 32 352 416 0 416 416 416 416 416 416 352 352 352 32 0 0 352 416 
416 0 416 416 416 416 416 32 416 416 32 384 384 0 352 352 352 98 352 416 6 352 352 6 352 96 96 6 6 352 0 352 352 352 352 352 352 352 352 132 352 352 352 96 416 0 416 416 416 416 32 352 352 352 0 0 416 352 416 
0 416 416 416 416 0 416 416 416 416 0 384 384 384 384 384 384 16 416 6 0 352 352 0 6 6 6 6 6 352 352 6 352 352 96 352 352 0 352 132 352 12 352 352 0 416 416 416 416 416 416 416 96 416 96 0 352 416 432 
416 416 416 416 416 16 416 416 416 160 176 128 368 368 0 64 384 0 6 416 416 0 352 352 6 6 4 6 6 6 352 6 6 6 352 352 352 352 32 12 12 12 4 12 12 352 8 352 140 416 416 432 96 352 416 0 416 352 0 
416 416 416 416 384 416 416 416 112 112 112 0 416 416 384 384 0 112 6 416 0 0 6 160 6 6 16 6 6 6 6 2 0 0 352 352 352 6 352 12 0 12 4 140 12 140 140 140 416 416 24 352 352 432 352 416 40 0 0 
416 416 160 384 416 416 416 160 368 368 112 0 384 384 368 384 384 112 416 6 4 6 0 6 6 6 6 6 0 6 0 6 6 6 6 12 0 0 6 0 12 12 140 12 0 140 140 416 0 24 416 352 0 432 432 352 352 0 0 
416 416 416 160 416 416 416 368 368 384 368 0 384 352 368 384 384 384 6 6 6 6 6 6 0 6 6 6 6 6 0 6 6 6 6 12 12 12 6 6 6 12 12 132 0 140 0 96 96 24 8 352 432 432 432 0 0 416 432 
416 416 416 416 416 416 416 416 368 384 368 352 368 368 368 368 0 6 6 6 6 16 16 0 6 6 6 6 6 6 6 6 6 6 0 6 12 140 140 6 0 0 12 12 12 140 32 96 160 8 0 432 0 432 432 416 416 0 96 
416 160 32 416 416 416 160 416 416 384 384 368 32 352 368 6 6 16 0 6 6 6 6 6 0 6 6 6 6 6 6 6 6 6 6 6 12 4 12 12 12 12 0 12 12 140 12 32 0 416 416 16 416 416 416 432 160 416 96 
16 416 160 416 36 160 416 160 160 416 128 176 416 0 432 352 6 368 6 6 0 6 6 6 6 6 6 6 6 6 6 6 6 12 0 12 12 12 12 12 12 12 12 12 140 12 32 416 416 416 0 0 0 416 24 432 432 416 0 
416 416 416 416 160 416 416 416 416 416 416 368 368 0 0 368 0 368 0 6 6 0 6 0 6 0 6 6 6 6 4 6 6 16 12 12 12 12 0 12 12 12 144 12 0 140 0 416 416 416 416 24 432 24 432 416 416 0 416 
416 416 416 416 416 0 368 416 416 368 368 368 368 368 6 0 0 6 6 6 6 6 0 6 6 6 6 0 6 4 6 6 0 6 6 0 12 12 12 12 12 12 12 12 12 12 432 416 416 144 416 432 432 144 416 416 416 416 0 
0 416 416 416 368 368 368 368 368 368 368 112 368 368 0 6 6 0 6 6 0 6 6 6 0 6 6 6 6 6 6 0 0 6 6 6 12 12 12 12 192 12 12 12 12 416 416 432 416 144 432 432 432 144 432 416 416 0 432 
0 160 416 416 416 368 368 368 368 368 368 368 432 432 6 6 6 6 6 0 6 6 0 0 0 368 6 6 6 6 6 0 6 6 6 2 6 12 6 12 12 12 12 0 12 432 432 416 432 432 432 432 416 416 432 160 432 432 0 
0 416 416 368 368 368 368 368 368 368 368 368 432 368 368 368 6 368 6 6 6 6 368 368 368 6 6 6 6 6 6 6 0 6 6 6 6 6 0 4 4 12 12 12 12 416 432 432 432 432 432 416 432 416 16 432 416 432 432 
416 16 0 48 368 368 368 368 368 0 0 368 432 368 368 368 368 6 6 6 6 6 0 368 368 368 368 4 6 6 6 0 6 6 6 6 0 6 6 4 12 12 12 432 432 432 432 432 0 176 176 0 416 432 432 176 176 432 0 
416 416 416 0 368 368 0 368 368 368 0 0 368 368 368 368 112 0 368 2 6 368 6 112 368 368 48 6 6 6 6 6 6 6 6 0 6 6 6 6 4 12 12 432 432 0 432 432 432 432 432 0 432 0 432 432 432 176 176 
416 416 416 416 0 368 0 368 368 368 368 368 16 368 368 368 112 0 0 368 368 6 368 0 368 368 6 112 0 6 0 4 0 4 6 128 6 6 6 6 12 12 432 432 0 432 432 432 432 432 432 16 432 432 0 432 144 432 176 
416 160 368 48 368 0 0 368 368 368 368 368 368 112 368 368 368 368 56 368 0 368 368 368 368 368 368 368 48 368 4 4 4 6 6 128 0 6 6 432 6 432 432 12 432 432 432 0 48 0 432 432 16 432 432 0 432 416 432 
16 368 368 0 368 0 368 368 368 368 368 368 368 112 368 352 368 368 0 368 368 368 368 368 368 368 6 0 368 368 6 16 0 4 4 0 0 6 6 432 432 432 432 432 48 432 432 432 432 432 0 432 16 0 432 432 416 432 48 
48 368 368 368 368 368 368 368 352 0 368 368 368 368 368 368 368 368 368 368 368 368 368 368 368 368 368 6 6 0 352 432 352 4 6 6 432 6 432 0 432 432 432 432 432 432 176 432 176 432 0 0 432 432 432 416 432 48 0 
368 368 368 432 112 368 368 48 368 368 368 368 368 0 368 368 368 368 368 0 368 0 368 368 368 352 6 352 0 6 2 352 432 6 352 0 6 432 432 432 432 432 176 416 0 432 176 432 0 176 176 432 432 432 176 432 432 432 432 
368 368 368 368 368 432 0 368 368 368 48 176 0 368 432 368 368 0 368 368 368 368 368 368 368 352 0 6 0 352 320 352 0 6 6 352 6 352 432 432 416 432 432 0 432 432 432 432 0 432 432 16 432 432 432 432 432 16 432 
368 368 368 368 32 432 432 432 368 368 0 368 368 368 368 368 368 368 368 368 368 368 368 368 368 352 352 352 352 352 352 352 32 432 352 6 6 352 0 6 416 0 432 432 432 432 432 432 432 0 432 16 432 432 432 0 432 432 0 
368 368 368 368 368 432 112 48 48 0 368 368 368 48 368 368 368 368 368 0 368 0 368 368 0 352 352 352 352 16 0 352 352 352 352 352 0 16 6 6 432 0 432 144 432 432 0 0 416 0 432 0 416 432 176 0 176 144 432 
368 368 0 368 368 368 368 48 368 368 368 96 48 368 368 368 368 368 368 352 368 368 368 0 352 352 352 352 352 16 352 352 352 352 352 352 352 0 0 0 432 432 432 432 432 432 432 432 432 144 0 432 432 432 432 432 432 432 432 
368 368 352 352 368 368 368 368 368 368 368 368 368 368 368 0 32 352 352 112 352 368 16 352 0 96 352 352 352 352 352 352 352 416 352 352 352 432 0 432 432 432 432 432 432 432 432 432 432 0 144 16 432 432 432 432 432 176 432 
352 352 16 368 368 368 368 368 368 368 368 368 368 368 112 368 352 352 96 352 368 368 352 368 352 352 352 352 352 32 352 352 0 352 416 352 352 352 432 0 432 176 0 432 432 432 432 0 416 48 16 432 432 432 176 432 432 432 432 
352 352 352 368 368 368 368 368 368 368 368 368 368 368 368 368 368 368 352 96 352 352 368 16 352 352 352 352 352 352 352 352 0 352 352 416 352 0 432 432 432 0 176 176 432 0 432 432 48 416 432 432 176 432 432 416 432 432 176 
352 352 8 352 368 0 368 368 368 0 368 368 368 0 368 368 368 352 352 352 352 40 352 368 352 352 0 352 352 352 352 352 352 352 416 176 0 432 0 432 432 240 144 48 0 0 176 176 432 176 432 432 0 16 416 432 176 432 176 
352 352 160 352 352 368 368 368 368 368 432 0 352 368 368 368 0 352 352 0 40 352 352 352 352 352 352 352 352 352 352 352 352 352 32 176 352 432 0 432 0 416 416 144 416 416 432 32 432 432 0 432 16 416 432 176 432 432 432 
352 368 352 352 352 352 368 368 368 368 368 432 352 48 368 0 368 352 352 352 352 352 352 352 352 352 0 352 352 352 352 352 352 32 352 352 432 0 432 0 432 432 432 144 416 432 240 0 432 416 16 0 176 432 0 432 432 432 384 
368 368 368 352 352 352 352 368 368 368 368 432 352 0 368 368 368 368 352 352 0 352 368 112 352 352 352 352 352 352 352 352 352 352 352 432 432 432 432 432 432 432 432 144 432 416 240 160 416 432 128 128 432 176 432 384 0 432 384 
368 368 0 352 0 352 352 368 368 368 352 0 160 352 0 352 0 352 352 352 352 352 112 32 352 352 352 352 352 352 352 352 352 352 352 352 48 432 416 416 432 432 432 416 432 432 160 432 432 0 128 128 432 432 384 432 0 384 384 
368 352 0 0 352 352 352 368 352 352 0 352 352 160 0 16 352 352 352 352 352 368 0 352 352 352 352 352 352 352 352 352 352 352 352 32 32 432 416 432 176 432 416 432 416 0 416 384 0 432 432 432 432 176 384 432 432 416 384 
0 352 352 352 0 0 352 352 352 32 352 352 352 352 160 16 352 352 352 352 352 352 352 32 352 352 32 352 368 16 352 352 352 352 0 0 432 416 432 416 432 432 432 416 416 416 384 416 432 432 112 432 432 432 432 0 384 416 416 
352 96 352 352 0 352 352 352 0 352 352 352 48 48 352 160 352 352 352 352 352 352 352 352 352 352 288 352 352 352 352 352 352 352 352 0 432 416 416 0 432 432 432 432 0 162 384 32 432 176 0 0 384 384 0 432 384 416 416 
352 352 352 288 288 352 352 352 352 0 352 352 352 352 352 0 352 352 352 352 352 352 352 352 320 0 352 160 352 352 352 352 352 0 432 0 0 432 432 0 432 162 162 416 160 162 384 416 432 384 160 384 0 384 432 128 96 96 96 
352 352 352 32 352 352 352 352 352 352 0 352 352 352 352 352 0 352 352 352 96 352 352 352 352 352 352 352 160 416 0 352 432 176 432 0 0 416 432 176 0 176 416 162 416 130 384 130 416 0 384 160 384 384 128 0 128 384 384 
160 352 352 352 0 352 352 352 32 32 352 352 352 32 352 352 352 352 352 0 352 0 352 352 16 0 352 352 352 40 416 432 432 432 432 432 416 432 416 176 0 416 48 416 130 384 130 160 416 0 162 162 162 384 384 416 384 384 384 
352 160 0 352 352 352 352 352 0 352 352 352 352 352 352 352 352 0 352 352 352 352 136 352 352 352 0 352 40 352 432 432 128 416 432 432 416 416 162 176 162 48 162 416 130 32 130 130 130 416 0 162 162 384 384 416 0 160 0 
0 352 352 352 352 352 352 352 0 352 352 352 352 352 352 352 0 96 0 352 352 352 352 352 16 352 352 416 96 352 416 432 416 416 432 432 432 0 162 162 162 0 162 162 130 160 162 130 162 16 162 162 162 384 162 416 416 416 32 
0 352 352 0 352 352 352 352 32 32 352 352 352 0 352 352 352 352 352 0 32 352 352 352 16 352 352 0 416 416 352 352 432 416 432 432 160 0 160 162 162 162 162 162 130 0 160 162 162 0 162 162 162 162 162 162 162 416 32 
0 352 352 0 0 352 352 352 352 352 352 352 0 352 0 352 0 352 0 352 352 128 352 352 352 0 416 352 416 416 352 352 416 416 432 0 432 0 162 162 162 162 162 162 162 130 130 160 162 162 162 162 160 162 0 162 162 162 416 
352 352 352 352 352 352 0 352 0 352 352 352 352 352 352 352 32 32 352 0 352 352 352 352 352 352 0 416 0 416 160 416 416 416 416 432 432 162 416 162 162 162 162 162 162 130 130 162 162 0 162 162 162 162 0 162 162 416 416 
0 352 352 0 352 352 352 0 352 352 352 352 352 352 352 352 352 352 352 32 352 96 352 352 352 160 416 416 416 416 416 416 416 416 416 0 432 416 162 416 162 162 0 162 0 162 0 0 162 162 162 162 162 128 162 162 416 162 416 
352 352 352 352 352 352 352 320 320 352 0 32 352 352 352 352 352 352 352 352 32 352 96 0 416 352 416 416 416 0 416 416 416 416 416 416 0 416 0 32 416 0 0 162 162 0 162 162 16 162 162 162 162 128 162 416 162 416 0 
160 352 352 352 0 352 352 352 352 352 32 0 352 352 352 352 352 352 0 352 352 352 352 32 416 416 416 416 416 32 0 32 416 416 0 416 416 0 416 162 162 162 162 162 162 416 162 162 162 162 0 162 162 162 162 162 416 416 416 
0 160 352 352 352 352 352 352 352 0 352 32 0 352 352 352 352 352 352 352 352 352 0 416 0 32 416 416 416 416 432 432 432 416 416 416 416 416 416 416 162 162 162 162 162 162 162 162 162 162 162 162 162 0 162 162 162 416 416 
352 0 352 352 352 352 352 96 0 32 352 32 32 352 0 0 34 352 352 352 352 352 416 416 416 352 416 416 416 416 416 432 416 416 0 416 416 32 416 0 162 162 162 162 162 162 162 0 162 162 162 162 162 162 0 162 160 416 32 
352 352 352 96 352 352 96 32 352 32 32 0 0 352 352 352 352 0 0 352 352 352 416 352 0 352 416 416 416 416 432 160 416 416 416 128 0 32 0 162 0 162 32 0 160 162 162 32 0 162 162 162 162 162 162 416 0 160 16 
0 352 96 352 352 352 352 352 352 352 352 160 0 352 352 16 352 352 352 0 0 352 96 352 352 416 352 416 416 416 416 432 416 416 416 32 416 0 162 162 0 162 0 0 162 162 162 162 416 160 416 162 416 162 162 0 416 416 416 
352 352 352 352 352 352 352 0 352 352 352 352 352 352 352 352 352 96 352 352 352 352 352 96 352 352 416 416 416 416 416 416 0 416 128 416 416 416 416 416 416 416 162 162 162 0 162 416 416 162 0 416 416 162 0 0 0 416 416 
352 32 352 352 352 352 352 352 96 0 352 352 352 352 352 352 352 352 352 352 352 352 352 352 352 352 0 416 416 416 416 416 416 160 416 416 416 416 416 416 416 416 162 0 162 162 162 162 416 162 416 162 416 416 416 416 0 416 416 
352 352 32 352 352 352 0 96 352 96 352 352 0 352 352 352 352 352 352 352 352 352 352 352 416 416 352 416 416 416 0 160 160 160 160 0 416 416 416 416 416 0 32 162 162 162 162 0 416 416 416 416 416 416 0 416 416 416 416 
0 352 0 352 352 0 352 352 0 352 0 352 352 352 352 40 32 352 352 352 352 352 352 416 352 0 416 416 416 416 0 416 416 416 160 128 0 32 416 416 416 416 416 162 416 0 0 416 416 416 416 416 416 0 416 416 96 0 0 
0 352 352 352 136 136 160 160 352 0 0 0 352 352 352 352 352 352 352 352 352 352 352 352 416 416 0 416 0 416 160 416 416 416 416 416 0 416 416 0 0 416 416 416 416 0 416 416 416 416 416 416 160 416 416 416 416 416 416 
352 0 352 352 136 160 160 160 32 352 352 32 0 0 0 352 352 352 352 352 352 352 352 352 352 0 416 416 416 416 416 416 416 416 416 128 416 416 416 416 0 416 416 416 416 0 32 416 416 416 160 160 416 32 416 416 416 416 416 
