369 369 369 0 0 369 361 40 505 505 377 505 505 505 0 505 505 505 0 505 185 0 505 505 505 1 505 505 0 505 505 505 505 505 505 505 40 417 505 505 505 505 489 505 505 505 505 505 505 505 505 0 0 505 0 505 505 0 473 
369 369 313 369 505 0 369 361 40 505 0 505 489 505 505 0 505 505 505 505 481 0 41 505 505 505 473 505 505 0 0 505 505 505 505 505 505 505 0 505 505 505 505 505 0 505 505 0 505 505 0 505 0 505 505 473 505 473 0 
369 369 0 0 441 505 505 505 505 505 505 505 216 505 505 505 0 505 0 481 505 505 0 505 505 505 0 473 505 505 505 505 489 489 505 16 17 505 441 505 505 505 0 505 505 505 505 505 505 0 0 505 0 0 505 505 473 473 473 
369 369 369 33 0 441 505 505 505 0 505 289 505 505 505 505 489 505 505 505 505 505 505 505 0 505 473 0 505 505 505 505 505 489 505 16 505 505 505 505 505 505 505 505 505 505 0 505 505 505 361 505 441 16 473 473 449 473 473 
0 505 505 505 505 505 505 505 505 505 505 505 0 505 505 505 41 505 505 505 505 233 505 505 505 0 505 409 505 0 505 505 505 489 505 161 505 505 505 505 33 505 41 0 505 505 505 505 0 361 505 505 0 0 505 473 473 473 473 
369 489 505 505 505 57 505 505 505 505 185 473 505 16 505 505 505 505 505 505 0 233 505 505 505 505 249 505 505 505 505 0 505 0 0 505 505 505 16 33 0 505 505 0 289 505 0 505 33 505 505 505 505 505 505 473 505 1 473 
0 369 505 505 505 505 505 505 0 505 505 473 249 505 505 505 505 0 505 505 505 505 0 505 505 505 505 505 505 505 505 505 0 9 505 505 0 505 505 33 505 505 505 505 505 505 505 33 505 505 16 505 505 505 505 505 473 505 473 
369 505 505 505 441 505 505 505 505 505 505 473 505 185 505 0 505 505 0 505 0 441 505 0 505 505 505 505 0 505 0 505 505 0 0 0 0 505 505 32 0 505 505 0 489 505 33 505 505 505 217 1 505 505 0 0 505 473 473 
33 369 505 505 505 505 505 505 345 505 505 505 473 505 505 505 505 505 505 505 33 505 505 505 489 505 505 153 505 505 505 505 0 505 505 505 505 505 505 505 0 505 505 505 0 505 505 0 505 505 505 505 0 505 505 505 505 505 505 
369 505 417 505 505 505 505 0 505 505 505 505 0 0 505 505 505 0 505 251 505 505 505 251 505 505 505 505 505 251 251 25 505 505 505 0 505 505 505 505 0 505 505 505 505 505 505 505 505 505 505 505 249 505 505 505 505 505 505 
0 505 169 505 505 505 505 505 505 505 505 40 505 505 505 505 505 505 16 361 251 505 217 505 0 505 505 0 505 33 25 505 505 0 505 0 0 0 505 33 505 505 505 0 505 505 505 49 505 505 0 505 505 0 505 505 505 0 505 
505 0 505 505 505 505 505 505 505 0 481 505 505 505 505 505 505 0 505 0 251 361 505 217 505 489 505 505 505 505 0 505 505 505 0 505 505 0 0 33 505 505 441 505 505 505 41 505 505 505 505 0 0 505 0 505 505 505 505 
505 0 505 505 505 489 505 505 505 505 505 251 251 505 505 505 0 505 0 505 0 505 0 505 217 505 33 0 505 505 0 505 0 505 0 361 505 505 505 251 505 0 56 505 505 41 481 505 505 0 0 377 377 505 505 505 441 0 505 
505 161 505 40 0 505 0 251 217 505 217 505 425 505 505 505 0 505 505 0 505 0 505 505 251 251 505 251 0 251 505 153 0 505 505 505 0 505 251 251 505 505 0 0 505 505 505 505 0 505 505 505 16 0 505 0 505 505 505 
505 161 505 505 505 251 251 251 251 251 505 505 505 24 505 505 505 123 505 505 505 0 505 505 251 505 505 251 251 251 0 251 505 43 251 505 0 505 505 505 505 505 505 505 0 57 0 505 505 505 505 505 377 505 505 505 505 505 505 
505 505 505 505 40 505 251 251 505 505 251 251 251 505 505 505 505 505 505 505 505 0 505 0 505 505 505 0 251 0 251 251 251 251 251 251 505 505 505 0 33 0 505 17 505 505 57 25 505 505 505 0 0 505 505 425 361 505 505 
473 505 505 505 505 361 0 0 123 505 505 251 0 505 505 505 251 489 251 0 251 251 251 505 9 505 123 251 251 251 505 0 251 251 0 505 41 505 505 251 505 505 0 505 17 505 505 0 505 505 505 505 505 505 505 505 505 505 505 
505 505 0 505 505 505 505 19 251 251 0 251 251 0 505 505 505 505 251 1 251 251 251 251 505 505 505 251 505 251 0 251 251 251 505 505 505 505 0 505 251 505 505 505 33 505 505 505 0 505 17 0 505 505 505 505 473 505 505 
473 505 505 41 505 505 505 0 251 251 251 251 251 361 505 505 505 361 251 251 251 489 251 0 251 251 505 219 505 251 251 505 251 251 251 505 505 33 505 251 505 505 505 505 505 505 505 505 297 0 17 505 0 505 505 505 505 473 505 
505 505 505 505 505 251 0 251 251 251 251 251 0 120 505 505 0 251 251 251 251 0 489 505 251 251 251 0 251 251 505 251 251 251 251 41 505 505 251 0 505 505 251 505 0 251 505 0 505 505 33 0 49 489 505 505 505 505 505 
505 33 0 251 251 251 251 251 0 155 251 251 505 120 251 0 251 505 251 251 505 505 505 505 251 251 251 251 251 505 505 505 505 251 0 505 505 505 0 251 251 251 24 505 251 251 297 505 505 505 505 73 505 505 0 505 305 505 505 
0 505 123 251 251 251 0 505 505 505 505 505 505 251 0 505 51 251 505 251 0 505 0 505 251 251 251 33 33 505 505 505 251 251 251 505 505 251 505 251 251 251 251 251 251 251 297 505 25 505 505 505 505 505 505 505 505 0 57 
251 251 0 251 251 251 505 489 505 505 505 505 251 505 505 16 251 251 251 0 505 505 505 505 0 0 505 505 505 505 505 505 505 251 251 505 251 0 251 251 251 505 251 251 251 251 505 505 505 505 505 0 505 0 505 505 505 0 505 
251 251 251 251 0 251 0 155 251 505 505 505 0 505 505 251 251 251 505 505 505 505 505 505 505 0 505 505 505 505 505 361 505 505 505 505 0 251 505 0 505 251 251 251 251 251 505 0 505 0 16 505 505 505 505 505 505 505 505 
251 251 505 505 251 251 251 0 251 251 505 505 505 505 505 123 251 251 505 505 0 505 505 505 505 505 505 505 505 217 505 505 505 505 505 251 505 0 251 251 251 251 249 251 505 505 505 123 505 505 505 505 505 0 505 505 505 505 505 
251 0 0 505 505 251 251 251 0 505 505 251 505 441 505 0 251 251 505 505 489 505 505 505 0 251 505 505 505 505 505 0 505 251 505 505 505 505 251 251 505 51 251 251 0 251 251 251 251 251 505 0 505 505 505 505 0 505 505 
251 505 505 251 251 51 51 0 251 0 251 505 505 505 251 0 251 505 505 505 505 251 489 505 505 251 0 505 505 505 251 505 17 219 505 33 505 505 251 251 505 251 505 49 251 251 251 251 251 185 0 505 0 313 0 505 0 505 41 
251 251 251 251 251 251 17 251 505 505 505 0 505 59 505 251 251 251 123 505 0 0 505 251 251 0 505 505 505 40 505 251 251 251 505 251 41 0 505 251 251 0 0 251 251 251 251 251 0 505 505 0 505 505 505 1 505 505 505 
251 251 251 0 251 251 251 0 505 249 473 505 505 505 505 505 251 505 505 123 0 251 0 123 505 361 505 505 16 40 251 251 251 251 505 377 251 505 251 0 251 251 251 251 0 35 0 251 0 0 0 505 505 505 505 505 0 505 505 
251 251 251 251 251 0 505 251 505 505 473 251 505 0 505 505 505 505 505 505 505 251 251 505 361 505 505 16 505 505 251 219 0 505 505 0 251 505 251 251 0 251 0 251 251 251 251 251 505 505 505 16 505 0 505 505 505 505 505 
251 251 251 251 251 251 251 251 251 251 251 473 505 505 505 505 505 505 505 0 505 505 505 505 505 0 251 251 505 505 505 251 251 505 123 251 243 243 0 251 251 251 251 251 251 251 251 251 251 505 505 505 505 0 505 505 505 505 505 
251 251 0 251 251 251 251 251 251 251 505 473 505 505 505 505 505 0 505 505 505 505 505 0 505 505 251 505 505 251 251 0 121 251 0 251 251 251 251 251 251 251 251 251 251 251 0 251 251 251 0 505 505 505 505 0 505 505 505 
251 251 251 505 251 251 251 0 251 121 505 505 505 505 505 505 505 505 505 0 505 505 505 505 505 0 251 251 441 441 0 251 251 251 251 251 251 251 251 251 251 251 0 0 251 251 251 0 251 0 441 441 505 25 505 0 473 505 505 
251 251 505 216 505 251 251 505 505 0 121 505 0 505 505 505 505 505 505 505 353 505 0 505 505 505 505 425 505 505 505 505 425 0 0 251 251 0 57 0 123 251 251 0 0 251 251 251 251 161 505 441 505 217 505 505 0 505 505 
505 505 251 505 0 505 505 251 216 16 505 505 505 505 473 0 505 505 505 353 505 505 505 505 505 505 0 489 505 0 505 0 505 505 251 251 251 251 251 251 251 251 251 251 33 33 0 251 251 251 505 505 0 505 505 57 505 505 0 
505 251 0 505 505 505 505 0 251 505 505 505 505 0 505 473 441 505 505 505 505 505 489 505 505 505 505 505 251 251 505 0 505 251 0 251 505 251 251 251 251 251 251 251 251 59 0 251 251 251 0 0 505 505 0 25 505 0 0 
0 505 505 505 17 505 505 251 251 505 0 289 505 505 505 473 505 505 505 505 505 505 505 505 505 505 505 0 505 505 505 505 251 251 0 505 251 505 251 251 251 251 251 251 251 155 251 251 505 0 505 505 505 505 505 41 0 0 505 
505 505 505 505 505 505 0 505 505 505 505 505 505 505 505 505 505 505 505 505 505 505 0 505 505 505 0 505 0 505 505 251 251 179 251 505 251 0 251 251 505 0 251 251 0 251 505 505 505 505 505 505 505 0 505 49 505 217 505 
505 505 505 505 505 505 505 251 505 0 505 505 505 505 505 297 0 505 0 505 505 505 505 505 0 32 505 505 505 505 505 251 147 251 505 251 505 251 251 505 0 505 0 0 0 251 251 505 505 505 505 505 425 505 0 505 505 33 473 
505 505 505 0 505 473 505 0 251 505 505 505 505 0 505 297 505 505 505 505 505 0 505 505 505 505 0 153 505 0 251 251 0 251 251 505 505 251 0 251 0 251 505 0 251 251 505 505 505 201 505 505 505 505 505 505 32 473 505 
505 0 489 40 0 0 505 505 0 505 505 489 33 505 161 0 505 505 361 505 505 505 0 0 505 505 505 505 505 40 251 251 251 185 251 251 0 505 505 251 251 505 505 505 251 505 505 0 505 505 201 505 505 505 505 473 505 505 505 
425 0 0 505 505 505 505 505 505 505 505 361 505 505 505 505 505 0 505 505 0 0 505 505 201 505 505 505 505 40 0 251 505 489 251 505 41 123 505 505 489 505 251 505 505 0 505 16 505 505 0 473 0 505 57 0 505 0 505 
441 441 441 0 505 505 505 505 505 505 505 505 505 505 505 505 505 505 473 505 505 33 505 505 505 0 505 505 505 505 0 505 251 505 505 251 0 251 0 505 251 505 0 505 0 505 505 505 505 505 505 505 0 0 505 505 505 505 505 
441 441 441 441 441 505 0 0 505 0 505 505 505 505 505 0 473 473 505 505 505 33 505 505 505 505 505 505 505 505 505 505 505 505 505 0 251 251 0 251 251 505 505 505 0 505 505 505 505 505 505 505 505 0 0 505 505 505 505 
0 441 505 0 441 441 505 505 505 505 505 505 0 377 505 17 505 505 505 505 505 0 505 505 505 505 0 505 505 505 505 505 505 505 0 251 251 251 251 0 0 505 505 505 505 505 505 105 441 0 505 505 505 505 0 505 505 505 505 
0 0 441 0 505 441 505 441 505 505 505 505 505 377 505 0 473 505 0 0 505 505 505 505 505 505 505 505 505 505 505 505 505 505 505 505 505 505 219 219 505 505 505 0 505 505 0 0 505 505 505 505 505 505 0 505 505 505 505 
505 505 441 0 505 0 441 0 505 505 505 505 505 505 0 505 505 505 505 0 505 505 505 33 0 505 505 505 489 17 0 505 0 505 505 505 505 505 251 505 505 505 505 505 505 0 505 505 489 505 505 505 505 0 505 0 505 505 0 
441 505 0 505 505 305 505 505 249 505 505 505 0 505 505 505 0 505 505 505 505 505 0 489 0 505 505 505 505 489 505 505 505 505 505 0 505 505 505 441 505 505 505 505 33 505 505 0 505 505 33 505 249 505 505 505 505 505 505 
505 441 185 185 33 505 505 505 505 505 505 505 505 505 505 505 505 505 505 505 505 505 0 505 505 0 505 505 505 505 489 505 0 505 505 505 0 249 505 505 505 0 505 505 185 505 505 505 505 505 489 0 40 505 505 505 505 505 505 
505 505 153 505 505 505 505 0 0 505 505 505 0 505 505 505 505 505 505 505 0 505 505 505 0 505 505 505 33 505 449 0 505 505 505 505 505 505 505 505 0 0 505 473 185 0 0 505 505 0 505 505 33 505 505 505 505 505 0 
0 505 505 505 0 505 0 505 505 17 505 505 505 505 505 505 505 33 505 505 505 505 505 505 505 505 505 505 361 505 505 505 505 0 505 40 505 505 505 505 505 505 0 505 505 505 505 0 505 505 0 0 505 505 505 0 505 505 505 
505 505 505 33 505 505 505 505 505 505 16 505 505 505 0 505 0 505 505 505 505 0 233 505 505 505 505 505 0 505 505 505 0 505 505 505 505 505 361 361 0 505 40 505 505 505 505 505 505 0 505 0 505 505 505 0 505 505 505 
505 16 0 505 505 505 505 505 505 505 505 0 505 505 505 0 489 505 505 505 505 505 505 505 505 1 505 505 505 24 505 505 505 425 0 505 505 0 505 505 17 0 505 361 473 505 505 505 0 16 505 505 505 505 505 505 505 505 0 
505 505 505 505 201 505 0 505 473 0 505 505 505 505 505 505 505 505 505 505 0 0 0 505 505 1 505 361 0 0 505 505 505 505 505 0 505 505 0 505 185 505 505 505 17 17 505 505 505 505 0 505 505 505 505 505 505 505 505 
505 505 505 505 505 505 505 505 505 505 505 0 505 505 505 505 0 0 505 505 505 505 489 473 505 505 0 16 505 505 505 505 505 505 505 17 505 16 505 441 505 505 0 0 505 505 505 505 505 505 505 505 505 505 0 505 505 417 505 
505 473 505 505 505 505 505 505 40 505 0 441 0 0 0 505 505 505 505 0 505 505 505 505 505 505 505 505 505 505 505 505 0 505 505 0 505 0 505 505 0 505 56 0 505 0 505 505 505 0 505 505 505 505 505 505 505 505 505 
505 505 505 505 505 505 33 505 505 505 16 505 505 505 505 41 505 505 505 0 489 0 505 505 505 505 505 505 505 0 505 505 505 505 0 505 505 505 353 505 505 505 505 505 505 249 505 505 505 505 505 505 505 473 0 505 505 505 505 
505 505 249 505 505 505 505 505 505 505 0 441 505 505 0 505 505 505 505 505 505 505 289 505 505 505 505 505 505 505 0 505 217 0 505 33 505 505 505 0 505 0 505 505 0 505 249 0 505 0 0 505 505 505 0 505 441 505 505 
505 0 505 505 0 505 505 505 505 0 441 505 0 0 505 505 505 505 0 505 505 505 505 505 505 505 505 505 0 505 505 505 505 505 505 217 217 505 505 505 505 505 0 505 0 361 505 505 505 505 489 0 505 505 505 505 0 505 505 
