62.6061 62.6061 62.6061 62.6061 62.6061 62.6061 62.6061 62.6061 62.6061 62.6061 62.6061 62.6061 62.6061 62.6061 62.6061 62.6061 62.6061 62.6061 62.6061 62.6061 62.6061 62.6061 62.6061 62.6061 62.6061 62.6061 62.6061 62.6061 62.6061 62.6061 62.6061 62.6061 62.6061 62.6061 62.6061 62.6061 62.6061 62.6061 62.6061 62.6061 62.6061 62.6061 62.6061 62.6061 62.6061 62.6061 62.6061 62.6061 62.6061 62.6061 62.6061 62.6061 62.6061 62.6061 62.6061 62.6061 62.6061 62.6061 62.6061 
62.6061 62.6061 62.6061 62.6061 62.6061 62.6061 62.6061 62.6061 62.6061 62.6061 62.6061 62.6061 62.6061 62.6061 62.6061 62.6061 62.6061 62.6061 62.6061 62.6061 62.6061 62.6061 62.6061 62.6061 62.6061 62.6061 62.6061 62.6061 62.6061 62.6061 62.6061 62.6061 62.6061 62.6061 62.6061 62.6061 62.6061 62.6061 62.6061 62.6061 62.6061 62.6061 62.6061 62.6061 62.6061 62.6061 62.6061 62.6061 62.6061 62.6061 62.6061 62.6061 62.6061 62.6061 62.6061 62.6061 62.6061 62.6061 62.6061 
62.6061 62.6061 62.6061 62.6061 62.6061 62.6061 62.6061 62.6061 62.6061 62.6061 62.6061 100 62.6061 62.6061 62.6061 62.6061 62.6061 62.6061 62.6061 62.6061 62.6061 62.6061 62.6061 100 62.6061 62.6061 62.6061 62.6061 62.6061 62.6061 62.6061 62.6061 62.6061 62.6061 62.6061 100 62.6061 62.6061 62.6061 62.6061 62.6061 62.6061 62.6061 62.6061 62.6061 62.6061 62.6061 100 62.6061 62.6061 62.6061 62.6061 62.6061 62.6061 62.6061 62.6061 62.6061 62.6061 62.6061 
62.6061 62.6061 62.6061 62.6061 62.6061 62.6061 62.6061 100 100 100 100 100 100 100 100 100 62.6061 62.6061 62.6061 100 100 100 100 100 100 100 100 100 62.6061 62.6061 62.6061 100 100 100 100 100 100 100 100 100 62.6061 62.6061 62.6061 100 100 100 100 100 100 100 100 100 62.6061 62.6061 62.6061 62.6061 62.6061 62.6061 62.6061 
62.6061 62.6061 62.6061 62.6061 62.6061 62.6061 100 100 100 100 100 100 100 100 100 100 100 62.6061 100 100 100 100 100 100 100 100 100 100 100 62.6061 100 100 100 100 100 100 100 100 100 100 100 62.6061 100 100 100 100 100 100 100 100 100 100 100 62.6061 62.6061 62.6061 62.6061 62.6061 62.6061 
62.6061 62.6061 62.6061 62.6061 62.6061 100 100 100 100 100 100 100 100 100 100 100 100 100 100 100 100 100 100 100 100 100 100 100 100 100 100 100 100 100 100 100 100 100 100 100 100 100 100 100 100 100 100 100 100 100 100 100 100 100 62.6061 62.6061 62.6061 62.6061 62.6061 
62.6061 62.6061 62.6061 62.6061 100 100 100 100 100 100 100 100 100 100 100 100 100 100 100 100 100 100 100 100 100 100 100 100 100 100 100 100 100 100 100 100 100 100 100 100 100 100 100 100 100 100 100 100 100 100 100 100 100 100 100 62.6061 62.6061 62.6061 62.6061 
62.6061 62.6061 62.6061 100 100 100 100 100 100 100 100 100 100 100 100 100 100 100 100 100 100 100 100 100 100 100 100 100 100 100 100 100 100 100 100 100 100 100 100 100 100 100 100 100 100 100 100 100 100 100 100 100 100 100 100 100 62.6061 62.6061 62.6061 
62.6061 62.6061 62.6061 100 100 100 100 100 100 100 100 100 100 100 100 100 100 100 100 100 100 100 100 100 100 100 100 100 100 100 100 100 100 100 100 100 100 100 100 100 100 100 100 100 100 100 100 100 100 100 100 100 100 100 100 100 62.6061 62.6061 62.6061 
62.6061 62.6061 62.6061 100 100 100 100 100 100 100 100 100 100 100 100 100 100 100 100 100 100 100 100 100 100 100 100 100 100 100 100 100 100 100 100 100 100 100 100 100 100 100 100 100 100 100 100 100 100 100 100 100 100 100 100 100 62.6061 62.6061 62.6061 
62.6061 62.6061 62.6061 100 100 100 100 100 100 100 100 100 100 100 100 100 100 100 100 100 100 100 100 100 100 100 100 100 100 100 100 100 100 100 100 100 100 100 100 100 100 100 100 100 100 100 100 100 100 100 100 100 100 100 100 100 62.6061 62.6061 62.6061 
62.6061 62.6061 100 100 100 100 100 100 100 100 100 100 100 100 100 100 100 100 100 100 100 100 100 100 100 100 100 100 100 100 100 100 100 100 100 100 100 100 100 100 100 100 100 100 100 100 100 100 100 100 100 100 100 100 100 100 100 62.6061 62.6061 
62.6061 62.6061 62.6061 100 100 100 100 100 100 100 100 100 100 100 100 100 100 100 100 100 100 100 100 100 100 100 100 100 100 100 100 100 100 100 100 100 100 100 100 100 100 100 100 100 100 100 100 100 100 100 100 100 100 100 100 100 62.6061 62.6061 62.6061 
62.6061 62.6061 62.6061 100 100 100 100 100 100 100 100 100 100 100 100 100 100 100 100 100 100 100 100 100 100 100 100 100 100 100 100 100 100 100 100 100 100 100 100 100 100 100 100 100 100 100 100 100 100 100 100 100 100 100 100 100 62.6061 62.6061 62.6061 
62.6061 62.6061 62.6061 100 100 100 100 100 100 100 100 100 100 100 100 100 100 100 100 100 100 100 100 100 100 100 100 100 100 100 100 100 100 100 100 100 100 100 100 100 100 100 100 100 100 100 100 100 100 100 100 100 100 100 100 100 62.6061 62.6061 62.6061 
62.6061 62.6061 62.6061 100 100 100 100 100 100 100 100 100 100 100 100 100 100 100 100 100 100 100 100 100 100 100 100 100 100 100 100 100 100 100 100 100 100 100 100 100 100 100 100 100 100 100 100 100 100 100 100 100 100 100 100 100 62.6061 62.6061 62.6061 
62.6061 62.6061 62.6061 62.6061 100 100 100 100 100 100 100 100 100 100 100 100 100 100 100 100 100 100 100 100 100 100 100 100 100 100 100 100 100 100 100 100 100 100 100 100 100 100 100 100 100 100 100 100 100 100 100 100 100 100 100 62.6061 62.6061 62.6061 62.6061 
62.6061 62.6061 62.6061 62.6061 62.6061 100 100 100 100 100 100 100 100 100 100 100 100 100 100 100 100 100 100 100 100 100 100 100 100 100 100 100 100 100 100 100 100 100 100 100 100 100 100 100 100 100 100 100 100 100 100 100 100 100 62.6061 62.6061 62.6061 62.6061 62.6061 
62.6061 62.6061 62.6061 62.6061 100 100 100 100 100 100 100 100 100 100 100 100 100 100 100 100 100 100 100 100 100 100 100 100 100 100 100 100 100 100 100 100 100 100 100 100 100 100 100 100 100 100 100 100 100 100 100 100 100 100 100 62.6061 62.6061 62.6061 62.6061 
62.6061 62.6061 62.6061 100 100 100 100 100 100 100 100 100 100 100 100 100 100 100 100 100 100 100 100 100 100 100 100 100 100 100 100 100 100 100 100 100 100 100 100 100 100 100 100 100 100 100 100 100 100 100 100 100 100 100 100 100 62.6061 62.6061 62.6061 
62.6061 62.6061 62.6061 100 100 100 100 100 100 100 100 100 100 100 100 100 100 100 100 100 100 100 100 100 100 100 100 100 100 100 100 100 100 100 100 100 100 100 100 100 100 100 100 100 100 100 100 100 100 100 100 100 100 100 100 100 62.6061 62.6061 62.6061 
62.6061 62.6061 62.6061 100 100 100 100 100 100 100 100 100 100 100 100 100 100 100 100 100 100 100 100 100 100 100 100 100 100 100 100 100 100 100 100 100 100 100 100 100 100 100 100 100 100 100 100 100 100 100 100 100 100 100 100 100 62.6061 62.6061 62.6061 
62.6061 62.6061 62.6061 100 100 100 100 100 100 100 100 100 100 100 100 100 100 100 100 100 100 100 100 100 100 100 100 100 100 100 100 100 100 100 100 100 100 100 100 100 100 100 100 100 100 100 100 100 100 100 100 100 100 100 100 100 62.6061 62.6061 62.6061 
62.6061 62.6061 100 100 100 100 100 100 100 100 100 100 100 100 100 100 100 100 100 100 100 100 100 100 100 100 100 100 100 100 100 100 100 100 100 100 100 100 100 100 100 100 100 100 100 100 100 100 100 100 100 100 100 100 100 100 100 62.6061 62.6061 
62.6061 62.6061 62.6061 100 100 100 100 100 100 100 100 100 100 100 100 100 100 100 100 100 100 100 100 100 100 100 100 100 100 100 100 100 100 100 100 100 100 100 100 100 100 100 100 100 100 100 100 100 100 100 100 100 100 100 100 100 62.6061 62.6061 62.6061 
62.6061 62.6061 62.6061 100 100 100 100 100 100 100 100 100 100 100 100 100 100 100 100 100 100 100 100 100 100 100 100 100 100 100 100 100 100 100 100 100 100 100 100 100 100 100 100 100 100 100 100 100 100 100 100 100 100 100 100 100 62.6061 62.6061 62.6061 
62.6061 62.6061 62.6061 100 100 100 100 100 100 100 100 100 100 100 100 100 100 100 100 100 100 100 100 100 100 100 100 100 100 100 100 100 100 100 100 100 100 100 100 100 100 100 100 100 100 100 100 100 100 100 100 100 100 100 100 100 62.6061 62.6061 62.6061 
62.6061 62.6061 62.6061 100 100 100 100 100 100 100 100 100 100 100 100 100 100 100 100 100 100 100 100 100 100 100 100 100 100 100 100 100 100 100 100 100 100 100 100 100 100 100 100 100 100 100 100 100 100 100 100 100 100 100 100 100 62.6061 62.6061 62.6061 
62.6061 62.6061 62.6061 62.6061 100 100 100 100 100 100 100 100 100 100 100 100 100 100 100 100 100 100 100 100 100 100 100 100 100 100 100 100 100 100 100 100 100 100 100 100 100 100 100 100 100 100 100 100 100 100 100 100 100 100 100 62.6061 62.6061 62.6061 62.6061 
62.6061 62.6061 62.6061 62.6061 62.6061 100 100 100 100 100 100 100 100 100 100 100 100 100 100 100 100 100 100 100 100 100 100 100 100 100 100 100 100 100 100 100 100 100 100 100 100 100 100 100 100 100 100 100 100 100 100 100 100 100 62.6061 62.6061 62.6061 62.6061 62.6061 
62.6061 62.6061 62.6061 62.6061 100 100 100 100 100 100 100 100 100 100 100 100 100 100 100 100 100 100 100 100 100 100 100 100 100 100 100 100 100 100 100 100 100 100 100 100 100 100 100 100 100 100 100 100 100 100 100 100 100 100 100 62.6061 62.6061 62.6061 62.6061 
62.6061 62.6061 62.6061 100 100 100 100 100 100 100 100 100 100 100 100 100 100 100 100 100 100 100 100 100 100 100 100 100 100 100 100 100 100 100 100 100 100 100 100 100 100 100 100 100 100 100 100 100 100 100 100 100 100 100 100 100 62.6061 62.6061 62.6061 
62.6061 62.6061 62.6061 100 100 100 100 100 100 100 100 100 100 100 100 100 100 100 100 100 100 100 100 100 100 100 100 100 100 100 100 100 100 100 100 100 100 100 100 100 100 100 100 100 100 100 100 100 100 100 100 100 100 100 100 100 62.6061 62.6061 62.6061 
62.6061 62.6061 62.6061 100 100 100 100 100 100 100 100 100 100 100 100 100 100 100 100 100 100 100 100 100 100 100 100 100 100 100 100 100 100 100 100 100 100 100 100 100 100 100 100 100 100 100 100 100 100 100 100 100 100 100 100 100 62.6061 62.6061 62.6061 
62.6061 62.6061 62.6061 100 100 100 100 100 100 100 100 100 100 100 100 100 100 100 100 100 100 100 100 100 100 100 100 100 100 100 100 100 100 100 100 100 100 100 100 100 100 100 100 100 100 100 100 100 100 100 100 100 100 100 100 100 62.6061 62.6061 62.6061 
62.6061 62.6061 100 100 100 100 100 100 100 100 100 100 100 100 100 100 100 100 100 100 100 100 100 100 100 100 100 100 100 100 100 100 100 100 100 100 100 100 100 100 100 100 100 100 100 100 100 100 100 100 100 100 100 100 100 100 100 62.6061 62.6061 
62.6061 62.6061 62.6061 100 100 100 100 100 100 100 100 100 100 100 100 100 100 100 100 100 100 100 100 100 100 100 100 100 100 100 100 100 100 100 100 100 100 100 100 100 100 100 100 100 100 100 100 100 100 100 100 100 100 100 100 100 62.6061 62.6061 62.6061 
62.6061 62.6061 62.6061 100 100 100 100 100 100 100 100 100 100 100 100 100 100 100 100 100 100 100 100 100 100 100 100 100 100 100 100 100 100 100 100 100 100 100 100 100 100 100 100 100 100 100 100 100 100 100 100 100 100 100 100 100 62.6061 62.6061 62.6061 
62.6061 62.6061 62.6061 100 100 100 100 100 100 100 100 100 100 100 100 100 100 100 100 100 100 100 100 100 100 100 100 100 100 100 100 100 100 100 100 100 100 100 100 100 100 100 100 100 100 100 100 100 100 100 100 100 100 100 100 100 62.6061 62.6061 62.6061 
62.6061 62.6061 62.6061 100 100 100 100 100 100 100 100 100 100 100 100 100 100 100 100 100 100 100 100 100 100 100 100 100 100 100 100 100 100 100 100 100 100 100 100 100 100 100 100 100 100 100 100 100 100 100 100 100 100 100 100 100 62.6061 62.6061 62.6061 
62.6061 62.6061 62.6061 62.6061 100 100 100 100 100 100 100 100 100 100 100 100 100 100 100 100 100 100 100 100 100 100 100 100 100 100 100 100 100 100 100 100 100 100 100 100 100 100 100 100 100 100 100 100 100 100 100 100 100 100 100 62.6061 62.6061 62.6061 62.6061 
62.6061 62.6061 62.6061 62.6061 62.6061 100 100 100 100 100 100 100 100 100 100 100 100 100 100 100 100 100 100 100 100 100 100 100 100 100 100 100 100 100 100 100 100 100 100 100 100 100 100 100 100 100 100 100 100 100 100 100 100 100 62.6061 62.6061 62.6061 62.6061 62.6061 
62.6061 62.6061 62.6061 62.6061 100 100 100 100 100 100 100 100 100 100 100 100 100 100 100 100 100 100 100 100 100 100 100 100 100 100 100 100 100 100 100 100 100 100 100 100 100 100 100 100 100 100 100 100 100 100 100 100 100 100 100 62.6061 62.6061 62.6061 62.6061 
62.6061 62.6061 62.6061 100 100 100 100 100 100 100 100 100 100 100 100 100 100 100 100 100 100 100 100 100 100 100 100 100 100 100 100 100 100 100 100 100 100 100 100 100 100 100 100 100 100 100 100 100 100 100 100 100 100 100 100 100 62.6061 62.6061 62.6061 
62.6061 62.6061 62.6061 100 100 100 100 100 100 100 100 100 100 100 100 100 100 100 100 100 100 100 100 100 100 100 100 100 100 100 100 100 100 100 100 100 100 100 100 100 100 100 100 100 100 100 100 100 100 100 100 100 100 100 100 100 62.6061 62.6061 62.6061 
62.6061 62.6061 62.6061 100 100 100 100 100 100 100 100 100 100 100 100 100 100 100 100 100 100 100 100 100 100 100 100 100 100 100 100 100 100 100 100 100 100 100 100 100 100 100 100 100 100 100 100 100 100 100 100 100 100 100 100 100 62.6061 62.6061 62.6061 
62.6061 62.6061 62.6061 100 100 100 100 100 100 100 100 100 100 100 100 100 100 100 100 100 100 100 100 100 100 100 100 100 100 100 100 100 100 100 100 100 100 100 100 100 100 100 100 100 100 100 100 100 100 100 100 100 100 100 100 100 62.6061 62.6061 62.6061 
62.6061 62.6061 100 100 100 100 100 100 100 100 100 100 100 100 100 100 100 100 100 100 100 100 100 100 100 100 100 100 100 100 100 100 100 100 100 100 100 100 100 100 100 100 100 100 100 100 100 100 100 100 100 100 100 100 100 100 100 62.6061 62.6061 
62.6061 62.6061 62.6061 100 100 100 100 100 100 100 100 100 100 100 100 100 100 100 100 100 100 100 100 100 100 100 100 100 100 100 100 100 100 100 100 100 100 100 100 100 100 100 100 100 100 100 100 100 100 100 100 100 100 100 100 100 62.6061 62.6061 62.6061 
62.6061 62.6061 62.6061 100 100 100 100 100 100 100 100 100 100 100 100 100 100 100 100 100 100 100 100 100 100 100 100 100 100 100 100 100 100 100 100 100 100 100 100 100 100 100 100 100 100 100 100 100 100 100 100 100 100 100 100 100 62.6061 62.6061 62.6061 
62.6061 62.6061 62.6061 100 100 100 100 100 100 100 100 100 100 100 100 100 100 100 100 100 100 100 100 100 100 100 100 100 100 100 100 100 100 100 100 100 100 100 100 100 100 100 100 100 100 100 100 100 100 100 100 100 100 100 100 100 62.6061 62.6061 62.6061 
62.6061 62.6061 62.6061 100 100 100 100 100 100 100 100 100 100 100 100 100 100 100 100 100 100 100 100 100 100 100 100 100 100 100 100 100 100 100 100 100 100 100 100 100 100 100 100 100 100 100 100 100 100 100 100 100 100 100 100 100 62.6061 62.6061 62.6061 
62.6061 62.6061 62.6061 62.6061 100 100 100 100 100 100 100 100 100 100 100 100 100 100 100 100 100 100 100 100 100 100 100 100 100 100 100 100 100 100 100 100 100 100 100 100 100 100 100 100 100 100 100 100 100 100 100 100 100 100 100 62.6061 62.6061 62.6061 62.6061 
62.6061 62.6061 62.6061 62.6061 62.6061 100 100 100 100 100 100 100 100 100 100 100 100 100 100 100 100 100 100 100 100 100 100 100 100 100 100 100 100 100 100 100 100 100 100 100 100 100 100 100 100 100 100 100 100 100 100 100 100 100 62.6061 62.6061 62.6061 62.6061 62.6061 
62.6061 62.6061 62.6061 62.6061 62.6061 62.6061 100 100 100 100 100 100 100 100 100 100 100 62.6061 100 100 100 100 100 100 100 100 100 100 100 62.6061 100 100 100 100 100 100 100 100 100 100 100 62.6061 100 100 100 100 100 100 100 100 100 100 100 62.6061 62.6061 62.6061 62.6061 62.6061 62.6061 
62.6061 62.6061 62.6061 62.6061 62.6061 62.6061 62.6061 100 100 100 100 100 100 100 100 100 62.6061 62.6061 62.6061 100 100 100 100 100 100 100 100 100 62.6061 62.6061 62.6061 100 100 100 100 100 100 100 100 100 62.6061 62.6061 62.6061 100 100 100 100 100 100 100 100 100 62.6061 62.6061 62.6061 62.6061 62.6061 62.6061 62.6061 
62.6061 62.6061 62.6061 62.6061 62.6061 62.6061 62.6061 62.6061 62.6061 62.6061 62.6061 100 62.6061 62.6061 62.6061 62.6061 62.6061 62.6061 62.6061 62.6061 62.6061 62.6061 62.6061 100 62.6061 62.6061 62.6061 62.6061 62.6061 62.6061 62.6061 62.6061 62.6061 62.6061 62.6061 100 62.6061 62.6061 62.6061 62.6061 62.6061 62.6061 62.6061 62.6061 62.6061 62.6061 62.6061 100 62.6061 62.6061 62.6061 62.6061 62.6061 62.6061 62.6061 62.6061 62.6061 62.6061 62.6061 
62.6061 62.6061 62.6061 62.6061 62.6061 62.6061 62.6061 62.6061 62.6061 62.6061 62.6061 62.6061 62.6061 62.6061 62.6061 62.6061 62.6061 62.6061 62.6061 62.6061 62.6061 62.6061 62.6061 62.6061 62.6061 62.6061 62.6061 62.6061 62.6061 62.6061 62.6061 62.6061 62.6061 62.6061 62.6061 62.6061 62.6061 62.6061 62.6061 62.6061 62.6061 62.6061 62.6061 62.6061 62.6061 62.6061 62.6061 62.6061 62.6061 62.6061 62.6061 62.6061 62.6061 62.6061 62.6061 62.6061 62.6061 62.6061 62.6061 
62.6061 62.6061 62.6061 62.6061 62.6061 62.6061 62.6061 62.6061 62.6061 62.6061 62.6061 62.6061 62.6061 62.6061 62.6061 62.6061 62.6061 62.6061 62.6061 62.6061 62.6061 62.6061 62.6061 62.6061 62.6061 62.6061 62.6061 62.6061 62.6061 62.6061 62.6061 62.6061 62.6061 62.6061 62.6061 62.6061 62.6061 62.6061 62.6061 62.6061 62.6061 62.6061 62.6061 62.6061 62.6061 62.6061 62.6061 62.6061 62.6061 62.6061 62.6061 62.6061 62.6061 62.6061 62.6061 62.6061 62.6061 62.6061 62.6061 
