75 75 75 3 2 0 75 0 0 75 75 75 75 3 3 0 3 7 7 7 67 0 67 3 19 3 102 3 3 1 102 102 0 102 0 2 38 38 102 102 70 102 68 36 68 0 68 70 70 6 70 70 70 0 70 38 38 0 4 
75 3 3 75 2 75 75 73 75 73 75 23 75 3 1 0 67 3 75 0 75 67 67 18 3 19 102 19 0 1 102 6 102 0 102 38 2 38 102 102 70 68 102 102 36 68 0 0 70 70 4 70 70 4 70 4 0 36 0 
75 75 3 0 0 0 73 0 3 23 23 23 75 1 67 0 67 67 75 72 72 0 0 0 0 0 0 102 102 22 22 102 102 6 6 102 0 38 0 102 102 102 102 36 68 0 70 70 70 70 0 4 70 70 70 0 38 38 38 
0 75 75 3 72 75 75 8 3 21 23 23 75 75 64 67 3 3 75 0 67 19 19 3 16 19 102 19 0 0 102 102 38 0 6 6 102 38 102 102 70 102 102 70 102 0 70 70 70 70 70 66 70 70 6 38 34 38 38 
0 75 67 72 75 75 3 73 73 23 75 75 75 9 9 8 0 0 75 0 3 67 3 19 0 19 19 0 6 102 22 102 38 38 0 102 0 102 38 102 0 102 102 102 70 70 70 102 70 70 4 6 6 6 70 36 38 38 38 
74 75 67 67 75 3 3 1 23 23 0 0 0 0 11 8 0 3 19 19 3 3 19 19 19 19 7 7 102 102 102 102 102 86 102 102 102 70 102 102 102 102 0 102 102 70 70 70 70 70 70 70 70 68 70 70 70 38 0 
75 75 75 75 0 75 75 75 23 75 74 74 8 8 11 75 75 75 8 75 0 0 19 19 19 19 35 0 20 102 0 86 102 102 86 102 70 102 102 102 102 102 102 102 102 70 70 102 102 70 70 70 70 70 70 70 70 70 70 
75 75 75 67 67 75 8 8 75 75 0 3 11 11 75 75 75 75 75 0 19 19 19 19 19 19 19 19 16 86 86 86 102 102 86 102 0 102 102 102 102 102 102 102 0 102 102 70 0 102 70 70 70 70 70 70 70 70 0 
0 75 75 75 0 16 75 8 0 75 75 67 67 8 11 75 0 67 75 75 75 3 19 75 19 19 19 19 19 86 86 86 86 86 102 102 5 102 102 102 102 0 102 102 102 102 102 70 102 102 102 70 70 70 70 68 70 0 70 
65 0 0 75 75 0 75 75 75 75 75 74 75 0 75 11 0 11 11 11 3 3 75 75 19 19 19 19 19 2 86 70 86 86 0 102 0 0 102 102 102 102 102 64 0 102 102 102 102 102 102 68 0 70 70 70 70 70 102 
73 73 0 0 75 75 0 75 75 75 75 75 74 11 75 0 0 72 11 11 67 75 75 74 22 19 19 19 1 0 2 86 86 84 86 6 102 102 102 102 0 36 102 102 102 0 102 102 102 102 102 102 102 102 70 102 102 70 102 
73 8 9 0 74 75 3 0 75 74 75 75 11 11 73 0 11 11 11 3 0 75 75 74 74 22 19 0 19 17 86 86 86 86 84 84 102 102 0 102 0 102 102 102 102 102 102 102 102 102 36 36 64 0 70 102 102 102 102 
0 9 9 75 75 75 67 75 9 74 75 75 11 11 11 11 9 9 3 9 11 75 74 75 74 74 19 19 17 86 0 86 86 22 86 0 102 102 102 102 102 0 102 102 102 0 102 102 102 0 102 64 102 70 102 0 0 38 102 
9 9 9 75 74 75 75 9 0 75 0 75 11 0 11 75 11 19 19 11 11 0 73 74 74 74 19 0 19 19 0 86 22 86 84 20 4 4 102 38 102 102 102 102 102 102 102 102 102 102 102 102 38 102 70 102 0 98 38 
9 9 75 75 75 74 74 75 75 73 75 3 0 74 17 11 8 19 19 11 11 11 75 22 74 74 19 86 19 22 86 98 86 86 86 86 86 86 38 0 102 102 102 102 102 102 102 102 0 102 0 102 102 102 0 0 6 6 70 
75 75 75 75 74 0 75 0 75 75 73 75 73 0 74 17 19 19 11 11 75 11 72 22 2 2 86 86 86 86 86 0 86 86 86 86 86 0 64 102 102 102 0 102 102 102 102 102 102 102 102 102 102 0 70 70 6 70 70 
75 75 75 75 0 74 75 75 73 75 78 75 73 19 19 3 19 19 19 0 74 75 34 73 19 73 34 86 86 86 86 86 102 86 0 86 102 102 0 102 102 102 102 102 102 102 4 102 102 102 102 102 64 0 0 102 70 102 6 
73 75 75 75 74 75 74 73 73 0 78 75 17 17 22 22 75 19 19 19 74 74 0 19 19 19 98 16 86 86 86 86 86 102 102 102 102 98 98 0 102 102 64 38 6 102 102 102 0 102 102 38 0 39 70 0 102 102 70 
0 73 75 75 75 75 75 0 75 73 75 75 0 22 19 22 75 75 19 0 19 19 19 18 19 86 86 16 86 86 86 0 86 102 86 102 102 98 0 98 102 38 0 102 102 102 102 102 102 102 102 102 102 102 102 0 70 102 102 
75 20 75 75 75 0 75 75 72 73 23 23 0 19 17 17 19 75 75 0 19 19 18 4 18 19 19 0 64 86 86 86 86 86 0 86 84 84 98 102 102 102 102 36 102 102 102 102 0 102 102 102 102 102 102 0 0 70 102 
75 75 73 72 21 21 75 75 73 0 21 23 17 17 17 19 19 19 3 75 75 0 19 19 19 19 98 98 86 86 0 86 86 86 86 70 0 102 102 36 102 102 102 102 102 102 102 0 102 102 98 102 102 102 102 102 102 70 70 
75 0 73 73 72 75 72 23 23 23 23 21 23 23 3 3 22 19 23 23 75 19 19 19 19 19 86 19 19 19 86 0 86 86 86 86 86 102 0 102 0 102 0 0 102 102 102 102 102 102 102 102 98 102 0 0 0 70 70 
75 73 73 73 73 72 73 23 23 21 23 23 23 35 22 22 22 22 3 22 19 22 2 19 19 19 86 19 86 86 0 86 86 86 86 86 0 84 86 0 102 102 0 102 102 102 102 102 102 102 102 0 102 102 102 0 102 70 70 
73 73 73 4 0 73 0 73 23 23 3 23 23 23 22 22 22 23 23 19 19 22 16 19 19 19 0 0 0 86 0 86 86 86 86 86 86 86 86 6 38 0 102 102 102 102 102 102 102 102 102 0 102 102 0 102 102 102 70 
73 73 73 73 0 0 73 21 21 21 23 23 0 22 22 22 22 22 3 19 0 19 19 19 19 19 19 19 86 0 86 86 86 86 86 86 86 86 102 0 38 102 102 102 102 102 102 102 102 102 102 0 102 102 102 102 102 98 70 
1 73 73 73 21 0 21 17 17 21 0 21 22 22 22 0 22 22 3 19 19 19 0 6 0 86 86 86 86 86 86 0 86 86 86 0 86 86 0 0 86 102 102 70 102 102 102 102 102 102 102 102 0 6 38 64 102 70 0 
73 1 73 73 23 21 21 21 21 17 21 22 22 22 22 22 23 23 23 19 19 19 19 19 19 86 86 86 86 86 86 86 86 86 86 86 86 86 86 86 86 86 86 102 102 102 102 102 102 0 102 102 0 6 102 0 64 70 98 
73 73 73 8 21 23 3 21 17 17 0 22 22 22 22 22 23 23 23 19 19 19 19 19 19 86 86 86 22 22 86 86 86 86 7 86 86 0 86 86 22 86 0 98 99 102 102 102 102 102 0 102 102 102 102 102 102 70 70 
73 73 73 8 0 21 21 3 21 21 21 21 21 0 22 34 22 23 7 23 19 19 19 19 86 19 86 86 86 86 86 86 86 86 86 86 0 86 86 86 102 102 98 102 99 0 102 102 102 0 102 102 38 0 102 68 0 98 98 
73 73 1 73 21 21 21 21 21 21 21 22 1 0 22 21 1 21 23 21 19 19 19 86 19 86 19 19 86 86 86 0 86 86 86 86 85 85 17 86 84 102 102 0 102 0 98 102 102 102 5 38 102 102 0 102 34 66 98 
73 73 1 0 20 21 21 1 21 21 21 21 21 21 21 21 21 21 21 21 2 0 19 19 86 21 19 21 86 85 85 85 21 86 86 85 85 85 85 84 102 102 102 0 102 102 66 98 102 64 0 102 102 102 0 98 66 66 98 
0 73 73 73 1 0 21 21 21 21 21 21 0 21 21 21 0 21 21 21 21 19 19 17 17 0 19 21 66 85 85 81 85 85 85 0 85 85 85 99 33 33 102 102 102 102 102 102 66 102 99 102 102 102 98 98 98 34 98 
73 73 73 73 0 21 21 21 21 21 1 21 21 21 35 21 21 21 21 21 21 21 0 20 0 21 21 19 86 86 0 81 0 85 85 85 85 85 85 99 85 99 99 102 70 0 5 102 102 102 99 102 102 98 98 98 98 98 64 
73 73 73 73 73 21 0 21 21 21 21 0 21 21 21 21 0 21 21 21 21 0 21 20 21 23 21 21 21 81 81 81 81 65 85 0 85 85 85 0 85 65 4 0 102 102 5 102 98 102 102 102 102 102 98 98 98 64 98 
73 73 73 73 21 21 21 5 21 0 21 0 0 21 21 21 21 21 21 21 21 35 21 0 23 21 21 21 21 81 0 85 85 85 85 64 85 85 85 0 102 36 102 102 102 102 0 98 102 102 102 102 102 102 98 98 0 98 66 
73 73 73 65 21 21 5 0 1 21 21 21 21 21 0 21 17 5 21 21 0 21 21 0 0 21 21 21 21 21 85 85 85 85 0 85 85 4 98 0 102 5 0 102 102 98 98 102 102 102 0 102 98 98 98 0 98 0 98 
21 73 73 73 0 5 5 21 0 21 21 21 1 21 21 21 1 21 21 20 21 21 21 23 23 23 21 21 21 21 81 81 85 0 85 98 0 98 98 102 102 102 102 102 98 98 98 0 98 102 0 98 2 98 0 0 102 98 98 
1 21 65 73 4 0 4 21 21 21 21 21 21 21 5 21 0 21 21 21 20 21 21 23 23 23 21 23 0 17 21 85 85 85 0 85 99 21 98 64 99 99 102 102 102 102 102 102 102 98 98 98 2 98 98 102 0 98 98 
21 0 73 0 5 4 17 21 0 21 21 21 21 21 21 21 21 21 21 20 20 21 21 21 23 23 7 21 21 97 81 85 85 85 85 85 99 99 99 99 99 99 99 99 102 70 0 102 98 98 2 2 98 98 98 98 98 98 98 
21 73 73 73 73 5 0 17 0 21 21 5 21 21 21 21 21 21 21 21 21 21 23 23 0 7 21 23 21 81 81 0 85 85 85 99 85 99 99 99 99 99 99 0 39 102 102 102 102 0 98 0 98 98 4 98 98 99 0 
73 0 65 21 21 73 5 21 17 0 21 21 21 21 21 21 21 21 21 0 21 22 23 23 21 23 97 23 23 85 81 81 0 81 0 99 99 99 99 81 99 99 0 99 102 99 65 102 102 98 102 98 98 0 98 98 98 32 98 
0 73 21 73 0 21 21 21 21 21 0 21 21 21 21 39 21 21 21 23 0 23 21 21 23 21 0 23 23 81 81 81 85 81 81 80 0 102 81 33 99 0 99 99 99 64 98 98 98 98 98 102 96 98 98 98 98 0 98 
73 21 21 21 21 21 17 21 21 0 21 21 21 0 21 1 35 21 21 21 23 21 0 23 1 1 0 65 0 81 0 81 81 65 81 80 80 0 69 0 99 99 67 99 99 36 98 98 98 98 2 98 98 98 98 98 98 98 98 
1 1 21 21 21 21 21 0 21 21 21 21 21 21 21 0 0 21 21 23 21 21 21 23 23 35 81 81 80 81 81 81 81 81 81 80 68 81 0 99 99 99 67 99 0 0 34 98 98 98 2 0 0 98 0 98 0 98 98 
4 4 21 21 21 21 21 21 21 21 21 21 21 21 21 21 21 21 21 0 0 21 21 3 3 35 20 80 81 17 81 81 81 81 81 68 17 1 99 99 99 99 99 98 98 102 98 98 98 98 98 102 98 98 98 98 98 0 98 
21 5 21 21 21 21 21 21 21 21 21 21 21 21 21 0 21 21 21 21 20 21 3 3 35 35 3 20 23 81 81 0 81 81 81 99 1 0 67 67 99 99 0 102 0 98 98 98 98 102 0 102 98 98 98 98 34 98 98 
5 5 5 4 21 5 5 21 21 21 21 0 21 21 20 20 20 5 21 5 21 21 21 21 0 21 21 3 0 80 81 81 81 85 65 81 81 81 81 67 99 67 1 99 99 0 70 98 102 102 102 98 98 98 98 98 98 98 64 
5 0 0 1 5 21 21 5 21 0 21 21 21 21 20 0 5 1 21 21 85 21 21 21 21 21 21 21 0 21 81 0 85 21 85 81 81 81 67 0 64 0 35 35 99 99 70 102 102 98 102 64 35 98 66 64 98 98 64 
5 5 1 0 5 21 1 5 1 1 21 21 21 21 21 21 21 21 0 21 85 85 21 21 21 21 21 21 0 0 0 81 85 21 81 85 81 1 67 99 99 99 35 99 33 99 99 66 99 102 66 0 35 0 98 66 98 98 64 
5 5 0 1 0 21 1 20 21 21 21 0 21 21 21 21 85 85 0 85 85 21 0 0 21 21 21 21 85 21 85 85 85 81 99 81 99 0 80 97 99 64 99 1 1 99 99 99 99 102 64 35 64 64 64 66 0 64 64 
4 5 5 5 1 1 20 20 21 21 21 85 21 21 21 85 85 20 21 5 21 0 21 21 21 21 21 81 85 21 85 21 0 1 99 99 99 99 99 99 99 99 99 99 99 2 2 99 102 66 64 64 0 64 66 66 0 66 66 
4 4 5 5 5 5 5 5 20 20 21 5 21 21 1 20 21 21 85 21 85 0 21 0 21 21 81 81 81 0 81 81 99 99 0 99 33 99 99 99 3 99 98 39 65 99 2 66 66 66 64 0 4 4 0 4 66 66 66 
4 4 5 5 4 5 5 5 5 0 20 5 1 85 0 85 21 21 21 21 21 21 21 21 21 0 21 17 21 21 81 81 81 81 0 99 99 99 65 98 99 64 65 65 0 0 68 102 2 66 99 64 0 64 66 64 64 66 0 
5 4 5 4 5 4 5 5 5 0 5 20 1 5 5 5 21 21 21 21 21 21 21 21 0 21 21 21 21 81 21 81 81 99 81 0 0 65 99 99 99 67 98 0 0 0 68 99 97 99 36 99 64 66 0 66 64 64 64 
0 5 0 4 5 5 5 5 5 5 5 5 5 5 5 5 21 5 21 21 21 21 35 21 21 21 0 1 81 81 81 5 21 99 81 99 65 99 0 98 98 99 99 0 99 68 99 64 0 97 99 0 66 64 0 64 0 64 64 
5 0 5 4 5 5 4 5 5 5 5 5 0 5 5 5 5 5 4 21 21 21 85 21 21 21 21 21 21 64 21 99 99 99 64 81 99 67 0 67 0 99 99 68 68 99 64 99 64 99 64 99 0 64 64 64 64 64 64 
5 5 4 5 5 5 5 5 5 5 5 5 5 1 1 5 5 5 5 0 1 0 85 85 0 21 85 85 0 21 1 99 99 99 0 0 0 67 67 67 0 99 99 0 99 0 99 0 99 99 99 99 64 64 64 64 64 64 64 
4 4 0 5 5 5 5 5 5 5 5 5 5 1 0 0 5 1 5 1 21 21 21 0 21 21 21 0 85 99 99 99 99 99 67 99 0 0 67 67 0 99 67 99 68 64 64 64 64 99 99 0 64 64 64 0 64 64 64 
0 4 4 4 4 4 5 0 5 5 5 5 5 5 1 5 5 5 1 5 0 21 21 21 21 21 5 21 85 85 99 99 99 99 99 99 67 0 67 67 67 0 67 4 99 68 0 64 0 5 99 64 64 0 64 64 0 64 64 
