# org_id,org_cellx,org_celly,org_forage_target,org_group_id,org_facing
42260713,18,21,-1,-1,1
42257985,45,39,-1,-1,3
42260629,40,5,-1,-1,6
42261667,25,41,-1,-1,5
42261544,27,43,-1,-1,4
42259670,41,22,-1,-1,3
42261814,46,49,-1,-1,4
42259130,7,20,-1,-1,4
42258423,49,18,-1,-1,2
42259580,7,27,-1,-1,4
42258651,20,52,-1,-1,2
42260527,12,45,-1,-1,6
42260315,42,33,-1,-1,2
42259667,0,11,-1,-1,4
42261139,19,26,-1,-1,5
42259709,3,53,-1,-1,6
42262271,19,14,-1,-1,7
42260871,22,50,-1,-1,4
42258334,56,9,-1,-1,5
42259813,44,5,-1,-1,6
42255589,22,12,-1,-1,6
42262155,17,20,-1,-1,2
42261297,0,54,-1,-1,4
42260628,28,1,-1,-1,7
42261903,32,50,-1,-1,2
42252370,17,11,-1,-1,3
42255998,52,47,-1,-1,3
42260499,44,4,-1,-1,0
42257256,10,28,-1,-1,3
42261356,56,32,-1,-1,6
42261583,36,18,-1,-1,0
42260517,46,57,-1,-1,4
42262033,54,46,-1,-1,7
42262199,35,47,-1,-1,5
42260614,31,44,-1,-1,7
42261326,16,3,-1,-1,7
42258996,16,16,-1,-1,3
42256258,44,32,-1,-1,0
42249937,4,48,-1,-1,4
42260407,6,43,-1,-1,4
42260692,29,9,-1,-1,6
42255945,54,57,-1,-1,3
42258354,53,57,-1,-1,6
42262442,41,43,-1,-1,3
42258624,0,58,-1,-1,0
42260256,40,40,-1,-1,3
42260730,49,11,-1,-1,7
42257277,27,33,-1,-1,4
42256432,8,12,-1,-1,1
42261592,5,7,-1,-1,1
42262083,18,52,-1,-1,6
42258946,41,21,-1,-1,2
42257730,37,22,-1,-1,5
42261858,19,7,-1,-1,5
42256147,47,31,-1,-1,5
42261763,27,41,-1,-1,5
42259084,56,35,-1,-1,0
42254833,7,56,-1,-1,7
42253062,58,37,-1,-1,6
42261473,31,17,-1,-1,4
42259054,17,38,-1,-1,5
42261504,13,58,-1,-1,6
42252046,54,12,-1,-1,4
42261752,20,32,-1,-1,3
42261494,50,29,-1,-1,7
42262398,35,23,-1,-1,6
42260809,32,49,-1,-1,0
42259488,23,54,-1,-1,4
42259816,38,25,-1,-1,1
42259381,39,21,-1,-1,6
42260470,57,47,-1,-1,5
42261526,20,44,-1,-1,7
42252940,49,10,-1,-1,0
42262050,2,52,-1,-1,5
42257708,0,3,-1,-1,3
42261920,7,17,-1,-1,1
42261614,31,57,-1,-1,4
42256569,12,28,-1,-1,5
42259041,3,24,-1,-1,1
42256612,26,31,-1,-1,2
42259348,34,19,-1,-1,4
42260891,36,14,-1,-1,2
42261738,15,39,-1,-1,6
42259528,23,3,-1,-1,4
42254301,16,11,-1,-1,2
42259660,6,17,-1,-1,2
42254677,24,6,-1,-1,2
42252163,9,52,-1,-1,5
42262008,4,29,-1,-1,4
42261063,31,25,-1,-1,3
42259269,44,48,-1,-1,3
42260887,27,0,-1,-1,4
42260090,15,35,-1,-1,6
42255675,32,21,-1,-1,5
42261764,11,27,-1,-1,4
42260795,29,38,-1,-1,6
42258857,44,52,-1,-1,1
42261290,39,34,-1,-1,0
42262336,37,37,-1,-1,4
42261114,6,20,-1,-1,4
42261893,24,57,-1,-1,1
42259092,36,11,-1,-1,6
42252415,44,35,-1,-1,3
42262064,8,3,-1,-1,5
42262409,7,11,-1,-1,4
42259860,38,8,-1,-1,6
42260246,6,0,-1,-1,6
42260888,16,51,-1,-1,6
42252503,51,5,-1,-1,3
42259881,7,24,-1,-1,2
42257892,47,27,-1,-1,3
42258302,44,18,-1,-1,5
42256066,50,58,-1,-1,2
42260641,38,50,-1,-1,6
42261345,36,6,-1,-1,2
42261591,20,8,-1,-1,5
42259225,21,25,-1,-1,7
42259342,33,14,-1,-1,5
42259235,39,10,-1,-1,6
42254553,37,2,-1,-1,4
42260943,50,12,-1,-1,6
42250450,50,23,-1,-1,1
42248505,19,40,-1,-1,5
42246542,46,5,-1,-1,5
42261329,28,29,-1,-1,7
42255851,8,35,-1,-1,3
42261744,28,25,-1,-1,1
42261353,17,47,-1,-1,5
42254842,39,50,-1,-1,7
42259149,5,47,-1,-1,3
42257296,54,28,-1,-1,3
42262280,1,35,-1,-1,6
42256199,38,10,-1,-1,0
42257898,19,55,-1,-1,6
42261287,53,51,-1,-1,5
42261150,35,12,-1,-1,7
42250202,38,32,-1,-1,5
42256442,14,28,-1,-1,2
42261727,43,33,-1,-1,3
42259766,32,5,-1,-1,2
42262232,34,8,-1,-1,7
42261441,21,40,-1,-1,4
42261337,39,42,-1,-1,5
42261801,44,8,-1,-1,7
42257339,23,2,-1,-1,4
42254601,37,0,-1,-1,3
42262391,6,32,-1,-1,0
42255097,20,24,-1,-1,4
42261792,11,30,-1,-1,7
42257342,17,48,-1,-1,7
42261299,42,27,-1,-1,2
42258914,41,52,-1,-1,2
42262063,28,52,-1,-1,1
42261372,32,17,-1,-1,6
42259799,50,37,-1,-1,5
42259142,52,34,-1,-1,2
42262258,4,45,-1,-1,5
42256458,58,12,-1,-1,4
42261467,34,9,-1,-1,1
42259057,57,34,-1,-1,3
42257110,15,57,-1,-1,1
42261272,16,25,-1,-1,1
42256440,8,21,-1,-1,2
42260571,9,43,-1,-1,6
42261088,34,13,-1,-1,7
42246216,29,55,-1,-1,1
42262132,58,34,-1,-1,5
42259006,19,4,-1,-1,2
42256609,52,32,-1,-1,3
42261053,14,40,-1,-1,5
42259025,13,9,-1,-1,2
42261655,4,46,-1,-1,3
42259110,28,32,-1,-1,3
42259388,39,53,-1,-1,3
42260544,50,4,-1,-1,5
42259979,49,16,-1,-1,3
42260610,32,7,-1,-1,2
42260694,19,37,-1,-1,4
42262056,32,2,-1,-1,6
42258591,58,41,-1,-1,0
42261789,16,9,-1,-1,4
42256318,50,41,-1,-1,3
42257939,28,6,-1,-1,2
42261819,4,23,-1,-1,5
42261170,12,4,-1,-1,0
42260693,26,40,-1,-1,1
42257409,24,27,-1,-1,1
42258240,54,50,-1,-1,3
42261939,23,27,-1,-1,0
42251918,34,58,-1,-1,6
42258377,56,33,-1,-1,5
42261197,37,28,-1,-1,4
42262283,39,7,-1,-1,2
42260411,47,32,-1,-1,0
42261521,58,31,-1,-1,0
42259711,27,3,-1,-1,6
42257999,0,41,-1,-1,2
42257531,44,2,-1,-1,2
42258975,40,8,-1,-1,0
42259658,33,49,-1,-1,3
42262013,34,3,-1,-1,2
42261710,23,9,-1,-1,2
42249166,4,0,-1,-1,3
42260917,30,54,-1,-1,0
42260483,19,51,-1,-1,6
42260014,12,48,-1,-1,6
42261595,2,2,-1,-1,0
42260935,52,1,-1,-1,0
42257669,44,3,-1,-1,6
42262202,21,54,-1,-1,7
42257261,49,53,-1,-1,7
42234570,51,49,-1,-1,6
42252035,42,54,-1,-1,5
42260293,10,1,-1,-1,0
42262343,55,18,-1,-1,7
42258916,9,30,-1,-1,4
42260879,55,44,-1,-1,7
42260102,27,57,-1,-1,0
42260238,48,53,-1,-1,2
42261416,24,3,-1,-1,5
42254023,26,37,-1,-1,0
42260783,54,51,-1,-1,0
42261464,25,54,-1,-1,2
42262288,37,47,-1,-1,1
42252019,2,15,-1,-1,6
42255108,38,24,-1,-1,4
42259244,26,53,-1,-1,2
42251407,49,44,-1,-1,3
42252843,51,11,-1,-1,7
42261346,13,34,-1,-1,2
42259688,44,50,-1,-1,7
42248401,29,23,-1,-1,5
42259033,43,49,-1,-1,4
42260684,9,46,-1,-1,0
42261167,25,32,-1,-1,5
42259710,43,13,-1,-1,5
42258493,44,39,-1,-1,4
42252780,56,17,-1,-1,5
42253536,8,36,-1,-1,3
42259036,54,11,-1,-1,0
42258995,41,5,-1,-1,3
42260727,26,50,-1,-1,3
42261292,18,26,-1,-1,0
42260032,6,55,-1,-1,1
42261310,24,14,-1,-1,4
42258751,38,36,-1,-1,3
42256191,44,19,-1,-1,0
42262203,17,12,-1,-1,7
42261405,51,19,-1,-1,7
42250643,2,45,-1,-1,5
42262292,22,34,-1,-1,3
42261644,30,9,-1,-1,1
42260278,18,47,-1,-1,3
42262279,32,36,-1,-1,0
42256028,22,51,-1,-1,1
42262247,34,33,-1,-1,4
42261822,29,28,-1,-1,2
42257301,14,2,-1,-1,4
42261124,7,6,-1,-1,4
42260494,16,4,-1,-1,4
42257223,8,13,-1,-1,7
42260052,24,21,-1,-1,5
42260101,4,32,-1,-1,2
42250687,32,56,-1,-1,3
42243185,53,58,-1,-1,7
42257403,32,35,-1,-1,2
42261230,55,29,-1,-1,7
42260622,50,14,-1,-1,4
42261637,20,19,-1,-1,4
42258023,56,15,-1,-1,2
42262223,23,36,-1,-1,1
42262014,32,55,-1,-1,7
42261665,13,23,-1,-1,5
42253170,3,28,-1,-1,2
42256917,1,47,-1,-1,6
42262308,10,15,-1,-1,6
42260928,30,14,-1,-1,6
42261016,18,56,-1,-1,0
42261927,43,37,-1,-1,6
42259640,35,21,-1,-1,5
42255181,0,7,-1,-1,0
42262210,53,52,-1,-1,4
42260857,9,0,-1,-1,4
42256695,37,9,-1,-1,1
42256870,20,56,-1,-1,4
42262166,42,10,-1,-1,4
42259278,29,36,-1,-1,3
42261594,7,35,-1,-1,3
42262161,18,29,-1,-1,7
42261970,2,14,-1,-1,4
42260914,49,57,-1,-1,4
42261019,39,55,-1,-1,6
42252841,42,44,-1,-1,5
42256045,53,1,-1,-1,1
42258213,40,22,-1,-1,3
42261366,47,3,-1,-1,1
42258060,49,34,-1,-1,3
42261025,23,58,-1,-1,6
42257534,15,24,-1,-1,1
42261772,12,10,-1,-1,1
42260985,16,47,-1,-1,3
42256464,50,8,-1,-1,0
42261520,12,54,-1,-1,5
42259894,24,40,-1,-1,6
42259195,10,42,-1,-1,1
42255418,18,57,-1,-1,4
42256348,20,9,-1,-1,6
42260931,35,6,-1,-1,5
42249253,2,27,-1,-1,2
42257880,34,25,-1,-1,7
42260360,48,45,-1,-1,4
42260056,4,2,-1,-1,7
42260548,42,55,-1,-1,5
42251500,20,5,-1,-1,3
42259637,37,20,-1,-1,2
42259259,25,17,-1,-1,6
42257742,28,55,-1,-1,7
42262439,45,12,-1,-1,7
42259803,32,43,-1,-1,3
42253594,29,33,-1,-1,5
42261211,32,24,-1,-1,0
42245462,1,48,-1,-1,5
42256082,36,31,-1,-1,7
42252144,55,36,-1,-1,5
42261840,43,7,-1,-1,1
42259579,26,4,-1,-1,2
42261082,21,26,-1,-1,4
42258175,38,6,-1,-1,4
42260055,24,34,-1,-1,5
42262101,50,38,-1,-1,0
42262092,10,39,-1,-1,3
42261924,20,18,-1,-1,1
42260298,40,20,-1,-1,4
42261728,22,41,-1,-1,0
42256815,31,20,-1,-1,0
42262181,20,15,-1,-1,6
42259819,34,15,-1,-1,0
42259756,53,44,-1,-1,7
42261342,56,26,-1,-1,5
42254996,12,9,-1,-1,7
42252989,33,21,-1,-1,1
42248475,29,3,-1,-1,5
42258449,47,54,-1,-1,3
42259360,20,22,-1,-1,2
42261278,50,25,-1,-1,6
42261702,29,16,-1,-1,1
42259290,20,55,-1,-1,5
42257539,52,0,-1,-1,5
42262141,28,24,-1,-1,1
42261628,42,14,-1,-1,6
42261581,18,34,-1,-1,1
42260472,2,44,-1,-1,6
42256786,42,49,-1,-1,2
42259873,14,7,-1,-1,6
42261367,10,36,-1,-1,6
42260808,2,29,-1,-1,6
42256790,26,54,-1,-1,0
42261981,34,21,-1,-1,6
42254254,35,36,-1,-1,2
42257637,9,55,-1,-1,7
42259544,28,56,-1,-1,3
42235150,49,2,-1,-1,1
42262051,1,23,-1,-1,3
42261827,58,17,-1,-1,7
42260599,53,4,-1,-1,6
42260078,34,54,-1,-1,0
42255461,7,22,-1,-1,7
42261813,5,42,-1,-1,2
42261759,18,31,-1,-1,4
42261101,1,56,-1,-1,5
42258118,35,9,-1,-1,2
42260951,2,11,-1,-1,3
42262154,8,53,-1,-1,6
42259655,31,15,-1,-1,7
42249479,1,20,-1,-1,7
42260048,57,12,-1,-1,7
42262177,22,8,-1,-1,5
42262367,36,42,-1,-1,6
42258359,9,34,-1,-1,3
42262004,56,51,-1,-1,6
42261995,28,2,-1,-1,2
42246642,1,8,-1,-1,2
42259994,27,42,-1,-1,7
42260262,19,43,-1,-1,7
42250126,51,0,-1,-1,2
42261054,31,31,-1,-1,6
42254852,17,13,-1,-1,6
42260372,52,31,-1,-1,6
42254007,35,3,-1,-1,0
42261333,53,33,-1,-1,1
42262357,30,47,-1,-1,7
42257672,20,54,-1,-1,7
42259647,41,23,-1,-1,4
42261076,58,24,-1,-1,6
42261481,27,22,-1,-1,3
42261783,58,18,-1,-1,6
42255265,55,11,-1,-1,0
42240206,35,1,-1,-1,4
42258079,17,25,-1,-1,7
42256798,13,55,-1,-1,2
42258553,28,18,-1,-1,1
42256040,6,25,-1,-1,5
42262438,6,23,-1,-1,6
42260001,29,24,-1,-1,1
42254274,23,47,-1,-1,5
42260815,25,48,-1,-1,4
42259514,57,57,-1,-1,3
42261749,47,33,-1,-1,6
42258408,54,8,-1,-1,1
42254463,15,46,-1,-1,4
42261248,37,33,-1,-1,1
42259484,17,54,-1,-1,6
42259295,14,47,-1,-1,1
42248181,45,10,-1,-1,0
42260333,44,25,-1,-1,4
42252710,20,11,-1,-1,7
42261910,39,5,-1,-1,7
42261254,19,17,-1,-1,2
42261198,26,5,-1,-1,1
42257294,39,37,-1,-1,2
42260379,28,14,-1,-1,5
42261871,43,17,-1,-1,0
42254952,9,24,-1,-1,3
42262387,43,12,-1,-1,5
42261919,12,16,-1,-1,2
42258339,41,33,-1,-1,2
42261056,54,24,-1,-1,2
42262073,37,23,-1,-1,2
42259932,48,40,-1,-1,0
42259704,57,32,-1,-1,6
42258535,32,38,-1,-1,6
42258915,43,54,-1,-1,0
42259253,13,41,-1,-1,2
42261793,32,27,-1,-1,1
42262103,2,23,-1,-1,0
42261156,39,30,-1,-1,4
42261716,23,55,-1,-1,6
42262022,26,34,-1,-1,1
42259830,47,29,-1,-1,1
42257414,45,6,-1,-1,2
42260813,51,23,-1,-1,5
42255038,53,31,-1,-1,4
42261174,38,55,-1,-1,0
42256871,50,17,-1,-1,5
42257302,52,18,-1,-1,1
42258834,50,16,-1,-1,6
42258793,57,52,-1,-1,2
42256016,11,45,-1,-1,4
42258532,44,42,-1,-1,4
42261998,7,50,-1,-1,7
42259015,15,50,-1,-1,3
42256262,25,55,-1,-1,5
42261965,12,36,-1,-1,4
42259443,51,54,-1,-1,5
42261184,33,48,-1,-1,0
42261250,43,25,-1,-1,5
42256795,27,52,-1,-1,2
42262403,21,49,-1,-1,1
42258607,38,44,-1,-1,5
42257577,25,25,-1,-1,1
42261796,24,46,-1,-1,2
42258129,1,46,-1,-1,0
42258578,38,7,-1,-1,2
42261414,27,31,-1,-1,2
42260488,40,2,-1,-1,2
42248524,56,31,-1,-1,1
42256711,3,8,-1,-1,1
42260244,18,15,-1,-1,1
42256758,44,7,-1,-1,7
42255074,34,32,-1,-1,6
42261419,14,17,-1,-1,5
42260437,28,50,-1,-1,3
42257266,3,46,-1,-1,6
42261824,53,41,-1,-1,5
42261638,22,46,-1,-1,0
42256462,22,55,-1,-1,4
42261075,14,5,-1,-1,5
42257879,17,8,-1,-1,0
42258470,34,30,-1,-1,6
42258759,37,26,-1,-1,6
42261888,15,45,-1,-1,5
42260314,1,3,-1,-1,7
42260426,39,51,-1,-1,0
42257957,38,57,-1,-1,5
42259389,4,31,-1,-1,0
42262077,36,44,-1,-1,5
42262062,8,37,-1,-1,3
42262226,15,55,-1,-1,3
42254870,1,16,-1,-1,2
42254186,48,29,-1,-1,5
42259074,15,40,-1,-1,5
42260376,4,19,-1,-1,4
42257323,10,44,-1,-1,4
42258917,17,58,-1,-1,7
42258206,49,33,-1,-1,5
42257474,19,0,-1,-1,2
42261881,13,36,-1,-1,2
42260520,38,16,-1,-1,6
42262037,29,15,-1,-1,7
42261141,37,13,-1,-1,6
42249660,9,57,-1,-1,3
42260301,42,47,-1,-1,5
42259172,53,16,-1,-1,3
42261675,49,47,-1,-1,2
42261336,25,4,-1,-1,1
42261994,33,41,-1,-1,2
42261670,18,46,-1,-1,2
42259639,20,41,-1,-1,2
42260072,29,46,-1,-1,7
42255879,28,40,-1,-1,1
42242772,5,1,-1,-1,1
42257348,44,11,-1,-1,7
42260781,26,14,-1,-1,1
42260806,31,14,-1,-1,3
42261550,7,29,-1,-1,2
42257467,37,54,-1,-1,3
42262448,18,20,-1,-1,1
42259413,17,36,-1,-1,5
42258194,13,6,-1,-1,6
42259714,49,21,-1,-1,0
42262282,41,38,-1,-1,4
42259597,5,8,-1,-1,2
42253943,3,30,-1,-1,4
42253403,50,7,-1,-1,7
42259780,3,37,-1,-1,0
42260357,5,39,-1,-1,4
42260690,11,29,-1,-1,7
42257719,49,43,-1,-1,0
42261830,52,44,-1,-1,4
42261179,13,10,-1,-1,2
42261967,23,38,-1,-1,0
42261923,32,40,-1,-1,7
42262169,41,54,-1,-1,4
42259549,36,39,-1,-1,2
42257725,15,54,-1,-1,4
42257662,57,39,-1,-1,1
42253543,15,25,-1,-1,7
42262405,40,34,-1,-1,1
42259769,24,9,-1,-1,1
42259644,37,38,-1,-1,7
42254645,9,20,-1,-1,6
42261151,33,13,-1,-1,4
42259616,51,34,-1,-1,0
42260521,58,10,-1,-1,6
42259158,53,2,-1,-1,5
42261732,38,3,-1,-1,5
42245761,54,4,-1,-1,7
42257089,45,14,-1,-1,1
42252308,8,58,-1,-1,0
42262176,5,55,-1,-1,0
42261303,58,9,-1,-1,4
42260419,2,9,-1,-1,0
42247434,2,37,-1,-1,1
42260631,5,17,-1,-1,0
42259910,36,28,-1,-1,6
42255767,7,42,-1,-1,5
42256334,52,17,-1,-1,7
42261259,31,46,-1,-1,7
42261654,13,40,-1,-1,0
42261408,41,16,-1,-1,1
42255674,23,10,-1,-1,5
42262437,12,46,-1,-1,0
42259311,32,8,-1,-1,4
42260037,0,19,-1,-1,1
42261986,56,39,-1,-1,0
42260526,27,51,-1,-1,3
42260535,24,28,-1,-1,0
42256915,20,4,-1,-1,3
42258867,43,21,-1,-1,4
42262284,44,13,-1,-1,7
42256320,47,56,-1,-1,7
42256943,40,56,-1,-1,2
42261672,11,37,-1,-1,6
42257817,1,19,-1,-1,6
42260630,16,44,-1,-1,2
42258594,9,16,-1,-1,0
42257396,40,31,-1,-1,5
42260578,4,11,-1,-1,7
42261409,22,43,-1,-1,7
42258629,4,15,-1,-1,4
42257674,16,58,-1,-1,6
42261469,32,51,-1,-1,2
42259696,14,44,-1,-1,5
42261698,52,7,-1,-1,0
42262167,39,6,-1,-1,1
42261215,31,21,-1,-1,4
42252377,58,19,-1,-1,4
42261092,52,24,-1,-1,1
42259900,57,9,-1,-1,1
42262400,35,20,-1,-1,6
42258833,51,31,-1,-1,7
42259518,19,13,-1,-1,3
42258604,32,48,-1,-1,3
42259031,14,33,-1,-1,6
42248663,10,20,-1,-1,2
42262046,36,19,-1,-1,2
42256780,47,1,-1,-1,0
42257554,7,3,-1,-1,1
42258684,58,15,-1,-1,4
42259208,43,15,-1,-1,0
42261636,9,49,-1,-1,4
42260557,39,49,-1,-1,4
42252127,43,0,-1,-1,5
42258378,10,45,-1,-1,1
42259126,25,2,-1,-1,6
42258907,31,1,-1,-1,3
42260661,18,7,-1,-1,3
42260504,24,37,-1,-1,5
42261246,52,40,-1,-1,6
42262242,49,24,-1,-1,0
42261593,2,17,-1,-1,3
42249124,10,7,-1,-1,2
42260677,20,43,-1,-1,5
42260405,11,54,-1,-1,1
42252029,56,20,-1,-1,3
42262123,55,35,-1,-1,4
42254549,1,36,-1,-1,0
42261044,29,35,-1,-1,0
42261563,14,31,-1,-1,6
42262429,25,33,-1,-1,5
42258294,6,15,-1,-1,3
42254270,4,14,-1,-1,7
42260767,9,21,-1,-1,5
42261570,29,1,-1,-1,3
42259592,45,54,-1,-1,6
42256365,3,39,-1,-1,4
42260863,26,32,-1,-1,6
42261255,47,2,-1,-1,1
42262016,36,5,-1,-1,2
42260894,53,35,-1,-1,7
42257718,1,33,-1,-1,5
42260839,29,49,-1,-1,6
42262411,54,31,-1,-1,7
42257810,6,11,-1,-1,5
42247809,50,47,-1,-1,1
42260069,24,0,-1,-1,5
42254932,21,27,-1,-1,3
42258971,21,43,-1,-1,6
42261968,50,10,-1,-1,0
42260057,58,8,-1,-1,6
42262241,24,17,-1,-1,1
42259995,17,43,-1,-1,3
42260500,31,2,-1,-1,3
42256616,3,44,-1,-1,7
42259624,44,54,-1,-1,4
42262259,30,38,-1,-1,6
42262453,31,48,-1,-1,6
42258154,49,48,-1,-1,6
42260920,5,32,-1,-1,5
42255843,10,14,-1,-1,4
42259776,2,32,-1,-1,1
42253103,5,40,-1,-1,7
42260586,41,44,-1,-1,5
42261069,34,0,-1,-1,6
42261100,9,56,-1,-1,0
42261323,18,51,-1,-1,1
42260067,37,57,-1,-1,5
42259824,4,43,-1,-1,0
42258044,7,25,-1,-1,5
42261777,1,39,-1,-1,7
42257042,27,24,-1,-1,2
42262184,41,50,-1,-1,5
42258868,48,21,-1,-1,0
42258979,50,24,-1,-1,4
42260161,50,45,-1,-1,6
42258454,52,51,-1,-1,5
42261523,14,12,-1,-1,0
42252640,43,5,-1,-1,7
42261153,2,19,-1,-1,2
42260420,38,58,-1,-1,2
42253834,58,6,-1,-1,5
42261722,25,37,-1,-1,5
42262116,28,11,-1,-1,3
42248372,55,45,-1,-1,7
42253804,24,35,-1,-1,4
42260342,31,35,-1,-1,4
42262347,12,23,-1,-1,1
42260811,46,6,-1,-1,1
42255324,21,22,-1,-1,1
42257433,22,32,-1,-1,4
42261500,26,30,-1,-1,0
42250786,3,56,-1,-1,7
42251685,2,34,-1,-1,7
42262359,48,57,-1,-1,1
42259390,13,21,-1,-1,1
42260816,5,51,-1,-1,0
42259651,27,6,-1,-1,2
42256950,6,53,-1,-1,4
42255239,28,51,-1,-1,5
42251232,33,47,-1,-1,2
42261466,22,18,-1,-1,6
42262418,52,33,-1,-1,3
42261048,6,38,-1,-1,7
42260021,52,16,-1,-1,4
42260723,43,14,-1,-1,7
42250985,21,45,-1,-1,0
42251133,19,53,-1,-1,7
42260226,22,48,-1,-1,4
42260775,4,42,-1,-1,0
42247333,47,48,-1,-1,4
42260073,24,1,-1,-1,1
42261428,18,39,-1,-1,6
42261352,0,53,-1,-1,3
42245160,9,36,-1,-1,1
42261055,44,49,-1,-1,5
42258035,5,20,-1,-1,7
42261711,16,29,-1,-1,3
42257245,37,45,-1,-1,6
42259283,21,33,-1,-1,0
42254716,3,15,-1,-1,0
42262406,42,36,-1,-1,7
42253599,43,50,-1,-1,6
42262371,45,27,-1,-1,7
42262255,48,5,-1,-1,3
42254065,46,14,-1,-1,2
42260707,31,34,-1,-1,0
42261177,42,19,-1,-1,3
42258229,16,1,-1,-1,5
42261191,40,48,-1,-1,3
42262296,23,15,-1,-1,2
42259288,2,20,-1,-1,6
42260177,39,20,-1,-1,2
42256156,18,35,-1,-1,4
42259678,14,18,-1,-1,0
42260422,46,11,-1,-1,2
42259751,14,0,-1,-1,6
42261298,50,19,-1,-1,2
42255929,58,53,-1,-1,7
42262200,42,24,-1,-1,2
42258260,56,0,-1,-1,6
42259796,31,22,-1,-1,4
42261737,58,23,-1,-1,4
42262295,16,18,-1,-1,2
42260758,8,11,-1,-1,6
42258659,5,43,-1,-1,5
42261957,20,31,-1,-1,2
42244985,41,56,-1,-1,1
42257402,0,48,-1,-1,0
42261496,7,15,-1,-1,0
42259596,19,50,-1,-1,7
42261730,41,42,-1,-1,2
42260375,29,12,-1,-1,0
42257470,37,53,-1,-1,2
42254751,33,55,-1,-1,7
42260848,21,16,-1,-1,4
42259757,46,9,-1,-1,4
42257206,45,58,-1,-1,2
42255927,34,49,-1,-1,0
42257098,51,40,-1,-1,6
42262068,57,1,-1,-1,7
42262263,45,34,-1,-1,6
42260309,24,18,-1,-1,2
42260392,0,26,-1,-1,1
42259867,17,10,-1,-1,7
42261616,20,45,-1,-1,2
42261431,53,27,-1,-1,7
42261852,55,43,-1,-1,0
42259567,5,14,-1,-1,4
42257239,58,7,-1,-1,7
42253878,34,48,-1,-1,4
42260626,40,35,-1,-1,7
42261715,21,19,-1,-1,3
42259821,21,41,-1,-1,2
42261661,24,49,-1,-1,7
42261971,14,35,-1,-1,3
42260139,52,42,-1,-1,6
42261378,51,16,-1,-1,6
42260385,9,7,-1,-1,7
42253055,34,46,-1,-1,5
42255695,29,32,-1,-1,5
42259220,22,44,-1,-1,4
42262273,46,28,-1,-1,5
42258622,18,9,-1,-1,6
42258667,47,41,-1,-1,0
42259883,56,8,-1,-1,0
42261033,6,24,-1,-1,7
42255813,21,2,-1,-1,5
42261847,28,27,-1,-1,4
42261426,49,17,-1,-1,4
42257639,41,20,-1,-1,5
42261841,31,3,-1,-1,6
42261080,32,52,-1,-1,6
42256993,27,2,-1,-1,0
42256259,47,38,-1,-1,2
42259679,27,28,-1,-1,0
42260642,52,22,-1,-1,1
42260934,40,29,-1,-1,4
42261020,19,1,-1,-1,6
42256165,45,55,-1,-1,4
42262121,33,46,-1,-1,3
42254882,16,37,-1,-1,3
42254106,38,43,-1,-1,0
42255976,46,25,-1,-1,5
42259578,42,28,-1,-1,1
42251503,43,56,-1,-1,5
42257331,28,26,-1,-1,1
42255662,34,44,-1,-1,4
42258277,11,6,-1,-1,5
42251553,21,58,-1,-1,6
42258802,26,49,-1,-1,2
42260755,47,17,-1,-1,7
42261501,37,15,-1,-1,5
42258715,37,18,-1,-1,6
42257581,52,19,-1,-1,3
42254171,55,6,-1,-1,3
42261577,17,35,-1,-1,4
42256971,32,39,-1,-1,1
42252312,23,30,-1,-1,3
42261867,43,10,-1,-1,6
42261172,17,45,-1,-1,5
42261444,21,30,-1,-1,7
42251838,2,57,-1,-1,5
42261624,39,41,-1,-1,6
42258891,37,49,-1,-1,2
42261681,30,2,-1,-1,6
42259099,46,27,-1,-1,7
42262204,30,40,-1,-1,6
42261050,24,4,-1,-1,3
42260623,34,31,-1,-1,4
42258739,5,50,-1,-1,5
42249176,21,50,-1,-1,6
42259996,44,6,-1,-1,5
42260771,17,4,-1,-1,2
42254766,7,12,-1,-1,6
42256120,54,17,-1,-1,3
42260147,29,37,-1,-1,7
42261187,14,15,-1,-1,6
42256058,56,27,-1,-1,3
42256524,17,33,-1,-1,3
42258369,57,50,-1,-1,1
42255382,9,1,-1,-1,1
42256201,9,12,-1,-1,6
42262017,13,53,-1,-1,4
42260674,58,40,-1,-1,0
42261723,13,31,-1,-1,6
42256646,19,28,-1,-1,0
42262304,21,31,-1,-1,3
42259391,1,0,-1,-1,5
42259825,36,16,-1,-1,0
42257332,20,48,-1,-1,4
42258944,53,46,-1,-1,1
42262171,31,40,-1,-1,3
42260000,35,45,-1,-1,3
42261406,11,47,-1,-1,0
42261791,48,39,-1,-1,1
42256909,35,53,-1,-1,7
42255261,54,52,-1,-1,6
42262239,50,36,-1,-1,1
42262430,44,44,-1,-1,7
42259600,32,26,-1,-1,5
42259352,23,48,-1,-1,2
42260885,44,36,-1,-1,1
42260780,57,46,-1,-1,1
42260266,17,18,-1,-1,4
42256031,35,52,-1,-1,7
42260748,55,16,-1,-1,6
42256136,47,13,-1,-1,1
42257017,6,45,-1,-1,6
42261070,44,17,-1,-1,1
42257046,6,16,-1,-1,7
42260902,32,10,-1,-1,3
42258350,40,43,-1,-1,1
42258131,13,2,-1,-1,1
42258910,21,28,-1,-1,0
42262272,24,12,-1,-1,6
42259325,4,40,-1,-1,7
42261877,37,32,-1,-1,0
42261436,44,23,-1,-1,7
42260128,35,49,-1,-1,0
42261460,50,46,-1,-1,6
42262254,35,56,-1,-1,4
42260876,9,15,-1,-1,6
42260929,4,27,-1,-1,1
42258805,55,12,-1,-1,2
42259958,41,14,-1,-1,3
42256133,49,6,-1,-1,5
42255974,41,53,-1,-1,6
42259554,50,55,-1,-1,5
42257087,33,34,-1,-1,5
42260339,53,8,-1,-1,6
42262423,17,41,-1,-1,5
42256945,15,22,-1,-1,6
42260849,21,46,-1,-1,2
42255568,5,34,-1,-1,4
42257214,27,53,-1,-1,6
42259878,51,15,-1,-1,4
42259529,28,30,-1,-1,3
42258976,45,44,-1,-1,3
42261095,41,13,-1,-1,4
42262156,45,1,-1,-1,2
42261696,38,40,-1,-1,0
42261668,42,18,-1,-1,5
42258806,0,44,-1,-1,0
42258126,46,33,-1,-1,6
42257633,6,8,-1,-1,0
42260765,43,39,-1,-1,0
42260346,24,31,-1,-1,6
42261990,14,14,-1,-1,3
42260644,53,34,-1,-1,0
42261513,42,37,-1,-1,1
42258466,39,18,-1,-1,6
42259507,33,28,-1,-1,3
42241725,38,26,-1,-1,1
42261130,1,55,-1,-1,3
42261503,33,35,-1,-1,0
42260033,23,5,-1,-1,2
42262384,19,18,-1,-1,0
42261493,32,47,-1,-1,0
42258443,27,20,-1,-1,7
42259358,30,45,-1,-1,2
42261657,54,13,-1,-1,0
42260443,17,27,-1,-1,4
42259550,52,5,-1,-1,1
42257379,12,11,-1,-1,7
42262307,7,31,-1,-1,7
42262261,45,50,-1,-1,4
42253763,4,3,-1,-1,1
42258332,56,57,-1,-1,4
42259882,45,15,-1,-1,5
42260915,17,57,-1,-1,5
42258927,58,56,-1,-1,4
42262325,49,26,-1,-1,2
42259256,28,39,-1,-1,3
42260860,46,2,-1,-1,0
42261907,3,54,-1,-1,6
42261556,25,13,-1,-1,1
42257608,8,39,-1,-1,6
42261312,9,19,-1,-1,1
42255844,1,52,-1,-1,4
42259641,15,43,-1,-1,2
42261242,28,4,-1,-1,4
42256638,58,32,-1,-1,5
42260117,48,20,-1,-1,1
42254588,37,11,-1,-1,1
42261894,2,48,-1,-1,6
42260265,6,7,-1,-1,4
42262047,48,32,-1,-1,1
42255219,12,53,-1,-1,5
42262217,31,58,-1,-1,7
42259765,42,32,-1,-1,6
42254452,28,21,-1,-1,6
42260214,58,50,-1,-1,7
42258547,16,35,-1,-1,7
42261745,24,41,-1,-1,6
42258987,21,18,-1,-1,7
42262363,2,33,-1,-1,2
42261491,47,30,-1,-1,1
42259627,20,12,-1,-1,7
42262381,20,26,-1,-1,2
42261756,2,40,-1,-1,1
42259699,37,43,-1,-1,5
42247629,7,41,-1,-1,6
42255425,55,14,-1,-1,4
42261160,9,58,-1,-1,6
42262149,36,50,-1,-1,7
42256091,46,15,-1,-1,2
42262393,34,5,-1,-1,2
42259734,43,28,-1,-1,4
42256953,55,53,-1,-1,2
42261282,22,13,-1,-1,4
42261845,38,17,-1,-1,5
42260741,23,13,-1,-1,3
42261695,26,16,-1,-1,5
42262187,22,15,-1,-1,3
42260881,5,53,-1,-1,1
42261664,37,16,-1,-1,3
42249301,12,31,-1,-1,2
42257123,39,0,-1,-1,5
42258484,11,46,-1,-1,3
42261206,10,8,-1,-1,0
42254603,48,55,-1,-1,7
42261433,28,7,-1,-1,0
42259420,43,53,-1,-1,5
42259214,47,24,-1,-1,1
42261748,45,41,-1,-1,6
42261415,2,47,-1,-1,7
42259852,49,23,-1,-1,4
42259322,34,10,-1,-1,0
42260898,15,0,-1,-1,3
42262309,48,1,-1,-1,1
42259787,30,18,-1,-1,2
42262209,17,44,-1,-1,6
42248174,48,49,-1,-1,4
42255465,50,18,-1,-1,5
42254433,19,24,-1,-1,7
42255610,8,6,-1,-1,1
42262374,28,38,-1,-1,6
42258508,7,40,-1,-1,3
42242273,36,32,-1,-1,3
42261200,11,4,-1,-1,0
42258705,14,52,-1,-1,3
42261018,53,19,-1,-1,6
42259086,57,2,-1,-1,7
42261038,57,4,-1,-1,4
42258365,50,48,-1,-1,0
42255427,52,56,-1,-1,5
42262297,35,10,-1,-1,2
42261186,31,5,-1,-1,2
42260606,2,6,-1,-1,3
42259583,24,11,-1,-1,4
42262109,8,14,-1,-1,0
42257641,9,54,-1,-1,5
42261562,57,41,-1,-1,2
42258893,30,48,-1,-1,3
42259398,16,27,-1,-1,4
42261816,17,21,-1,-1,3
42261982,17,16,-1,-1,5
42261098,27,32,-1,-1,2
42261382,50,54,-1,-1,3
42262195,18,45,-1,-1,7
42257391,14,25,-1,-1,3
42261973,30,0,-1,-1,3
42254974,52,35,-1,-1,1
42257320,10,0,-1,-1,2
42257460,35,25,-1,-1,4
42259059,49,0,-1,-1,6
42256360,26,56,-1,-1,7
42260123,34,39,-1,-1,4
42261945,13,8,-1,-1,7
42254432,23,4,-1,-1,4
42257523,18,14,-1,-1,1
42259339,48,36,-1,-1,5
42262021,36,21,-1,-1,1
42261003,38,49,-1,-1,7
42256634,6,28,-1,-1,2
42261004,46,22,-1,-1,2
42257978,57,24,-1,-1,7
42255727,24,38,-1,-1,5
42258472,23,41,-1,-1,6
42261786,42,45,-1,-1,4
42261810,15,6,-1,-1,2
42262361,27,40,-1,-1,2
42260949,11,18,-1,-1,7
42257590,8,31,-1,-1,2
42262379,41,11,-1,-1,0
42261349,48,48,-1,-1,6
42262229,6,1,-1,-1,4
42262446,36,48,-1,-1,3
42261339,20,6,-1,-1,6
42260441,30,13,-1,-1,6
42247340,47,11,-1,-1,2
42257490,58,1,-1,-1,4
42256525,18,37,-1,-1,2
42259444,3,7,-1,-1,4
42260103,3,23,-1,-1,6
42260751,1,45,-1,-1,6
42261463,58,30,-1,-1,0
42261872,40,52,-1,-1,0
42260560,7,39,-1,-1,2
42259177,56,3,-1,-1,7
42261251,29,40,-1,-1,6
42259965,4,6,-1,-1,0
42259276,12,2,-1,-1,3
42257304,12,19,-1,-1,0
42261090,53,29,-1,-1,5
42262425,52,8,-1,-1,3
42253246,34,52,-1,-1,1
42257420,25,14,-1,-1,3
42258453,41,1,-1,-1,7
42260231,7,9,-1,-1,5
42260736,6,39,-1,-1,3
42260611,10,46,-1,-1,0
42260691,8,7,-1,-1,4
42261026,53,38,-1,-1,6
42261960,54,19,-1,-1,0
42253702,37,29,-1,-1,7
42260327,30,3,-1,-1,3
42261144,15,31,-1,-1,6
42261307,5,30,-1,-1,1
42261660,55,1,-1,-1,0
42258612,52,45,-1,-1,2
42259922,5,54,-1,-1,2
42256488,58,26,-1,-1,4
42262236,19,45,-1,-1,6
42261443,27,29,-1,-1,5
42252608,52,50,-1,-1,4
42258514,27,48,-1,-1,3
42262142,3,19,-1,-1,2
42251473,25,49,-1,-1,4
42258344,32,0,-1,-1,6
42259608,40,16,-1,-1,1
42252387,31,8,-1,-1,1
42257906,6,13,-1,-1,3
42260294,56,49,-1,-1,6
42259572,26,3,-1,-1,2
42259457,51,8,-1,-1,6
42261497,19,56,-1,-1,3
42252296,35,24,-1,-1,0
42261802,30,12,-1,-1,3
42261699,1,22,-1,-1,6
42260822,6,31,-1,-1,0
42261099,2,55,-1,-1,5
42261603,12,58,-1,-1,0
42259467,18,40,-1,-1,2
42261568,17,29,-1,-1,2
42259986,22,14,-1,-1,4
42260834,30,41,-1,-1,7
42257138,2,58,-1,-1,1
42261146,19,16,-1,-1,0
42255507,46,45,-1,-1,6
42256514,40,28,-1,-1,1
42259925,36,23,-1,-1,0
42260319,4,55,-1,-1,3
42260908,23,44,-1,-1,3
42259820,2,5,-1,-1,1
42261631,22,3,-1,-1,2
42257989,31,27,-1,-1,5
42261447,22,29,-1,-1,1
42260889,9,39,-1,-1,4
42262207,33,4,-1,-1,7
42261571,57,29,-1,-1,1
42259614,45,8,-1,-1,2
42259436,30,31,-1,-1,0
42255472,32,3,-1,-1,5
42262201,17,9,-1,-1,3
42262011,55,57,-1,-1,0
42260335,38,46,-1,-1,2
42254001,2,56,-1,-1,0
42252268,35,15,-1,-1,4
42261028,26,46,-1,-1,2
42261565,48,15,-1,-1,5
42259978,40,57,-1,-1,0
42258724,32,23,-1,-1,4
42258600,12,24,-1,-1,1
42261236,51,53,-1,-1,5
42253548,3,41,-1,-1,6
42257803,9,53,-1,-1,1
42257986,36,13,-1,-1,6
42261651,20,46,-1,-1,3
42253304,51,1,-1,-1,0
42258181,6,29,-1,-1,5
42258964,35,18,-1,-1,4
42261942,33,57,-1,-1,0
42262053,15,48,-1,-1,0
42261958,48,34,-1,-1,6
42260431,8,55,-1,-1,0
42250859,22,47,-1,-1,0
42260187,9,42,-1,-1,3
42255756,54,41,-1,-1,3
42257283,47,37,-1,-1,6
42253551,53,40,-1,-1,6
42261900,57,58,-1,-1,1
42259458,53,53,-1,-1,2
42259650,7,44,-1,-1,2
42262152,54,18,-1,-1,6
42255931,40,51,-1,-1,0
42260366,15,10,-1,-1,1
42261181,9,35,-1,-1,6
42258905,2,0,-1,-1,5
42245338,56,50,-1,-1,7
42262338,49,42,-1,-1,0
42260983,5,35,-1,-1,0
42262180,15,16,-1,-1,4
42259930,41,4,-1,-1,5
42262012,21,20,-1,-1,1
42257728,10,33,-1,-1,2
42254831,12,52,-1,-1,5
42258933,3,43,-1,-1,5
42259814,42,34,-1,-1,4
42256552,14,42,-1,-1,3
42262330,37,3,-1,-1,1
42260753,40,49,-1,-1,4
42260700,41,40,-1,-1,7
42257593,4,13,-1,-1,7
42259513,13,28,-1,-1,7
42254644,45,17,-1,-1,1
42258589,10,29,-1,-1,7
42260546,53,50,-1,-1,4
42257653,24,24,-1,-1,7
42260158,12,43,-1,-1,1
42261542,15,53,-1,-1,3
42254247,5,5,-1,-1,2
42259401,27,15,-1,-1,0
42259916,9,18,-1,-1,2
42258265,56,24,-1,-1,4
42256356,37,50,-1,-1,4
42261731,6,35,-1,-1,3
42256589,5,41,-1,-1,3
42255541,54,40,-1,-1,6
42258451,3,3,-1,-1,0
42262344,7,21,-1,-1,1
42262087,4,41,-1,-1,0
42262138,43,30,-1,-1,7
42260296,40,18,-1,-1,0
42261765,58,58,-1,-1,6
42256010,45,52,-1,-1,4
42261803,18,53,-1,-1,5
42256167,33,10,-1,-1,0
42262160,35,17,-1,-1,4
42256330,45,22,-1,-1,5
42260111,58,44,-1,-1,4
42257833,36,40,-1,-1,4
42259131,44,47,-1,-1,4
42251457,23,53,-1,-1,3
42258027,27,50,-1,-1,7
42255264,21,34,-1,-1,1
42258506,26,47,-1,-1,3
42259163,43,24,-1,-1,1
42261997,22,30,-1,-1,7
42256968,48,13,-1,-1,5
42251892,42,58,-1,-1,6
42252653,3,4,-1,-1,0
42262407,43,32,-1,-1,2
42262375,46,24,-1,-1,3
42253238,30,30,-1,-1,5
42261750,33,39,-1,-1,2
42257722,0,57,-1,-1,4
42261061,10,2,-1,-1,2
42261928,55,10,-1,-1,4
42261623,15,37,-1,-1,3
42261476,3,2,-1,-1,6
42257785,46,23,-1,-1,2
42259409,55,39,-1,-1,4
42262294,23,37,-1,-1,6
42260884,31,41,-1,-1,7
42256032,30,15,-1,-1,2
42261049,27,25,-1,-1,1
42258890,5,21,-1,-1,7
42258699,11,24,-1,-1,3
42259917,52,39,-1,-1,7
42257704,48,31,-1,-1,0
42259861,36,27,-1,-1,4
42261984,38,4,-1,-1,1
42261853,49,30,-1,-1,4
42259152,54,1,-1,-1,4
42262389,14,38,-1,-1,7
42258941,50,3,-1,-1,2
42261740,30,1,-1,-1,1
42261539,10,25,-1,-1,7
42259437,48,52,-1,-1,6
42261543,0,47,-1,-1,0
42262133,14,11,-1,-1,2
42259331,21,29,-1,-1,1
42256851,24,53,-1,-1,3
42261386,10,56,-1,-1,0
42257369,20,0,-1,-1,4
42261110,42,43,-1,-1,6
42257895,50,11,-1,-1,4
42260648,8,43,-1,-1,0
42262364,30,32,-1,-1,3
42261692,19,11,-1,-1,5
42262412,33,36,-1,-1,3
42254163,43,2,-1,-1,6
42260364,41,6,-1,-1,1
42258198,52,25,-1,-1,7
42262107,48,43,-1,-1,2
42259113,24,33,-1,-1,3
42260193,13,19,-1,-1,0
42252785,12,8,-1,-1,6
42262124,4,44,-1,-1,0
42262093,17,26,-1,-1,6
42260608,53,22,-1,-1,2
42261389,56,25,-1,-1,0
42250466,46,58,-1,-1,0
42259611,58,14,-1,-1,0
42259408,1,25,-1,-1,2
42259718,35,46,-1,-1,4
42261714,51,26,-1,-1,4
42259620,26,35,-1,-1,0
42255752,0,15,-1,-1,0
42261643,22,22,-1,-1,3
42260688,44,26,-1,-1,3
42262449,31,7,-1,-1,2
42262003,16,54,-1,-1,4
42252140,37,12,-1,-1,6
42256955,2,8,-1,-1,1
42254715,54,6,-1,-1,0
42261237,49,27,-1,-1,5
42261377,23,22,-1,-1,3
42261938,15,23,-1,-1,5
42262188,23,39,-1,-1,1
42261755,52,55,-1,-1,2
42248339,3,58,-1,-1,6
42261477,45,20,-1,-1,2
42262410,29,21,-1,-1,3
42259763,44,41,-1,-1,2
42260722,7,18,-1,-1,2
42262072,30,21,-1,-1,2
42259653,3,42,-1,-1,4
42259945,56,40,-1,-1,5
42258111,12,44,-1,-1,0
42259319,27,34,-1,-1,5
42259884,40,58,-1,-1,7
42259832,40,6,-1,-1,2
42257544,1,10,-1,-1,3
42253841,31,4,-1,-1,3
42261455,41,15,-1,-1,1
42258630,2,53,-1,-1,3
42260993,13,11,-1,-1,5
42261954,26,23,-1,-1,6
42256044,4,16,-1,-1,3
42262130,16,14,-1,-1,2
42257966,18,6,-1,-1,4
42260634,3,40,-1,-1,4
42260990,45,25,-1,-1,1
42257829,3,9,-1,-1,4
42253289,43,20,-1,-1,4
42260230,4,58,-1,-1,0
42259648,26,13,-1,-1,4
42248608,6,34,-1,-1,6
42262097,5,37,-1,-1,1
42260451,46,31,-1,-1,2
42260151,13,51,-1,-1,2
42260156,19,33,-1,-1,4
42257552,18,12,-1,-1,7
42254041,28,9,-1,-1,4
42258360,47,22,-1,-1,0
42261117,40,53,-1,-1,0
42255788,50,34,-1,-1,0
42258596,14,24,-1,-1,6
42241963,52,14,-1,-1,3
42261937,10,3,-1,-1,7
42259499,25,51,-1,-1,5
42259284,2,43,-1,-1,6
42261862,35,40,-1,-1,0
42262061,30,42,-1,-1,3
42258324,32,20,-1,-1,6
42256331,5,49,-1,-1,4
42251354,16,31,-1,-1,5
42260184,57,13,-1,-1,5
42261790,57,48,-1,-1,3
42261800,32,19,-1,-1,3
42258025,51,27,-1,-1,4
42259095,8,9,-1,-1,5
42261891,39,31,-1,-1,4
42258196,10,13,-1,-1,2
42259842,32,18,-1,-1,5
42251051,48,8,-1,-1,6
42257322,56,14,-1,-1,7
42260695,27,30,-1,-1,4
42261021,22,17,-1,-1,4
42259035,31,10,-1,-1,6
42258381,51,37,-1,-1,5
42261557,15,27,-1,-1,5
42262452,31,45,-1,-1,5
42261010,57,14,-1,-1,2
42260381,37,55,-1,-1,3
42257231,36,4,-1,-1,0
42261490,49,49,-1,-1,0
42261269,51,24,-1,-1,1
42261843,46,37,-1,-1,6
42262214,42,6,-1,-1,7
42261892,20,17,-1,-1,1
42261462,37,17,-1,-1,3
42255834,1,13,-1,-1,6
42261032,1,50,-1,-1,0
42261774,55,58,-1,-1,1
42257984,53,20,-1,-1,5
42256592,11,26,-1,-1,5
42247233,8,20,-1,-1,7
42257837,2,51,-1,-1,1
42261432,9,17,-1,-1,1
42256086,43,29,-1,-1,0
42258271,33,54,-1,-1,1
42261286,36,37,-1,-1,0
42261077,55,5,-1,-1,7
42259375,33,6,-1,-1,7
42259762,34,50,-1,-1,0
42260716,42,48,-1,-1,7
42261457,29,0,-1,-1,3
42262095,25,10,-1,-1,0
42254844,16,57,-1,-1,4
42261478,34,14,-1,-1,2
42262150,25,27,-1,-1,2
42260635,4,53,-1,-1,7
42255204,55,25,-1,-1,1
42255779,40,44,-1,-1,2
42257510,41,58,-1,-1,0
42255316,40,55,-1,-1,0
42259991,0,31,-1,-1,0
42259895,12,6,-1,-1,0
42260833,33,8,-1,-1,6
42262392,5,22,-1,-1,3
42260030,9,23,-1,-1,6
42257513,54,5,-1,-1,4
42259468,58,0,-1,-1,5
42259566,46,51,-1,-1,2
42262052,16,21,-1,-1,6
42255942,14,9,-1,-1,3
42261037,14,50,-1,-1,7
42253810,9,3,-1,-1,5
42262118,55,20,-1,-1,6
42253861,12,12,-1,-1,0
42261009,5,18,-1,-1,1
42257690,37,7,-1,-1,7
42253773,31,18,-1,-1,4
42260245,1,51,-1,-1,0
42261451,47,39,-1,-1,0
42260754,21,4,-1,-1,1
42262110,27,36,-1,-1,0
42262001,6,54,-1,-1,3
42261273,41,35,-1,-1,7
42256848,3,1,-1,-1,3
42261576,40,10,-1,-1,4
42259705,44,29,-1,-1,2
42253191,58,57,-1,-1,4
42261194,51,45,-1,-1,4
42258064,8,44,-1,-1,5
42256513,31,49,-1,-1,5
42259673,36,45,-1,-1,6
42260524,11,32,-1,-1,7
42244876,56,38,-1,-1,6
42258758,7,47,-1,-1,5
42259517,32,46,-1,-1,2
42261456,18,27,-1,-1,3
42258345,9,45,-1,-1,6
42257843,45,16,-1,-1,5
42256433,0,4,-1,-1,4
42261909,52,2,-1,-1,5
42260388,15,28,-1,-1,1
42260519,50,6,-1,-1,5
42262237,36,49,-1,-1,5
42261425,33,18,-1,-1,5
42258832,40,47,-1,-1,2
42261663,57,55,-1,-1,3
42260074,10,23,-1,-1,5
42262320,11,52,-1,-1,4
42256841,58,11,-1,-1,4
42261029,13,27,-1,-1,4
42257701,34,28,-1,-1,4
42262105,2,1,-1,-1,0
42245276,45,45,-1,-1,3
42256570,52,36,-1,-1,2
42261175,13,0,-1,-1,6
42260620,25,47,-1,-1,2
42259336,14,6,-1,-1,0
42260814,45,48,-1,-1,0
42262305,19,35,-1,-1,4
42257660,17,28,-1,-1,0
42253381,56,53,-1,-1,5
42261407,56,44,-1,-1,5
42259344,58,16,-1,-1,4
42259913,9,47,-1,-1,0
42259768,30,19,-1,-1,2
42260933,49,20,-1,-1,7
42258250,19,21,-1,-1,1
42259948,43,31,-1,-1,3
42259062,38,23,-1,-1,0
42261213,33,43,-1,-1,0
42261338,7,55,-1,-1,4
42256048,2,3,-1,-1,2
42257842,49,19,-1,-1,7
42258259,26,9,-1,-1,0
42260215,27,55,-1,-1,5
42261860,48,54,-1,-1,4
42256100,10,55,-1,-1,4
42260190,52,28,-1,-1,1
42260410,4,56,-1,-1,1
42261261,27,5,-1,-1,4
42260430,25,15,-1,-1,6
42262147,47,14,-1,-1,0
42262028,17,56,-1,-1,3
42254928,36,54,-1,-1,6
42262390,4,9,-1,-1,1
42260562,29,11,-1,-1,3
42260545,22,10,-1,-1,6
42259487,28,31,-1,-1,3
42261951,6,57,-1,-1,2
42259955,48,3,-1,-1,3
42260447,36,12,-1,-1,5
42261784,42,42,-1,-1,7
42257700,0,55,-1,-1,0
42240511,34,20,-1,-1,6
42256204,7,5,-1,-1,1
42262192,16,19,-1,-1,2
42261952,57,6,-1,-1,1
42261758,13,13,-1,-1,6
42256520,8,48,-1,-1,0
42259136,7,36,-1,-1,6
42262256,16,34,-1,-1,5
42260868,35,55,-1,-1,4
42258426,21,9,-1,-1,1
42261736,30,7,-1,-1,1
42259210,2,18,-1,-1,4
42259218,35,29,-1,-1,7
42261220,38,29,-1,-1,4
42262267,39,26,-1,-1,7
42253905,56,45,-1,-1,4
42261498,8,32,-1,-1,7
42259797,10,27,-1,-1,2
42260239,11,11,-1,-1,2
42262350,54,47,-1,-1,4
42262434,46,30,-1,-1,5
42261145,1,34,-1,-1,2
42261566,54,10,-1,-1,0
42260271,22,37,-1,-1,7
42257917,47,16,-1,-1,1
42261361,17,42,-1,-1,2
42256896,25,52,-1,-1,6
42262337,14,10,-1,-1,2
42256112,29,57,-1,-1,4
42257603,10,41,-1,-1,7
42258383,13,43,-1,-1,2
42261978,10,57,-1,-1,3
42260424,57,33,-1,-1,7
42261993,16,33,-1,-1,0
42262082,52,43,-1,-1,0
42262081,53,15,-1,-1,4
42260513,54,45,-1,-1,7
42258598,21,52,-1,-1,3
42258065,38,47,-1,-1,2
42258231,29,47,-1,-1,3
42262318,47,43,-1,-1,5
42259581,36,53,-1,-1,2
42256406,11,40,-1,-1,7
42262401,32,9,-1,-1,5
42260502,28,20,-1,-1,4
42260259,20,33,-1,-1,3
42249085,30,57,-1,-1,7
42261515,5,56,-1,-1,0
42262222,52,49,-1,-1,4
42260627,46,48,-1,-1,6
42254098,27,27,-1,-1,0
42262042,8,56,-1,-1,4
42255590,34,36,-1,-1,0
42256342,34,35,-1,-1,3
42258093,49,1,-1,-1,2
42260930,34,51,-1,-1,2
42260669,4,24,-1,-1,4
42258947,13,56,-1,-1,4
42260310,56,5,-1,-1,5
42258156,55,46,-1,-1,6
42262445,18,43,-1,-1,0
42260255,2,22,-1,-1,1
42262397,33,37,-1,-1,5
42260616,26,24,-1,-1,6
42261983,20,28,-1,-1,2
42260567,36,24,-1,-1,5
42258731,8,0,-1,-1,5
42261977,51,42,-1,-1,7
42260011,39,19,-1,-1,7
42258911,22,26,-1,-1,6
42262144,3,11,-1,-1,7
42259663,57,51,-1,-1,2
42257850,46,52,-1,-1,0
42261705,37,25,-1,-1,4
42261034,32,31,-1,-1,5
42262032,49,12,-1,-1,3
42261047,52,54,-1,-1,4
42260291,21,32,-1,-1,0
42261488,48,35,-1,-1,4
42260110,58,33,-1,-1,0
42262268,3,25,-1,-1,5
42251563,0,30,-1,-1,3
42260826,15,32,-1,-1,0
42255774,54,29,-1,-1,4
42258767,30,6,-1,-1,1
42255593,37,21,-1,-1,7
42259604,37,6,-1,-1,4
42249464,1,1,-1,-1,2
42261418,38,53,-1,-1,6
42259990,38,38,-1,-1,3
42262300,29,17,-1,-1,4
42262145,3,16,-1,-1,0
42261522,14,37,-1,-1,2
42260976,27,10,-1,-1,3
42259271,46,39,-1,-1,5
42261850,29,19,-1,-1,4
42256956,31,51,-1,-1,1
42257796,54,55,-1,-1,0
42259378,44,0,-1,-1,3
42261601,1,21,-1,-1,1
42260837,25,30,-1,-1,6
42258654,41,27,-1,-1,2
42261864,16,23,-1,-1,1
42258889,0,35,-1,-1,1
42261450,42,53,-1,-1,0
42260345,13,17,-1,-1,4
42261015,30,34,-1,-1,7
42259383,40,39,-1,-1,0
42261586,5,38,-1,-1,6
42258424,17,22,-1,-1,3
42257425,10,12,-1,-1,5
42258775,31,47,-1,-1,1
42262277,30,5,-1,-1,6
42261587,40,4,-1,-1,2
42261193,30,33,-1,-1,0
42262260,55,21,-1,-1,5
42255691,7,52,-1,-1,4
42257976,55,31,-1,-1,2
42256038,15,11,-1,-1,2
42259345,11,10,-1,-1,5
42262342,9,33,-1,-1,6
42260508,39,57,-1,-1,0
42249646,45,40,-1,-1,1
42257773,38,20,-1,-1,0
42262174,26,26,-1,-1,2
42256323,28,0,-1,-1,5
42257877,33,51,-1,-1,6
42252661,14,39,-1,-1,4
42258735,7,46,-1,-1,4
42260340,24,15,-1,-1,3
42255711,39,54,-1,-1,5
42262122,31,11,-1,-1,2
42261691,54,16,-1,-1,3
42259985,3,51,-1,-1,6
42258886,27,58,-1,-1,6
42258704,51,55,-1,-1,0
42259560,46,36,-1,-1,0
42259582,7,28,-1,-1,2
42257696,48,7,-1,-1,4
42261505,1,11,-1,-1,5
42258628,48,2,-1,-1,5
42260409,26,19,-1,-1,0
42257328,45,38,-1,-1,2
42255151,49,55,-1,-1,2
42259023,28,43,-1,-1,2
42262084,33,3,-1,-1,3
42255597,57,18,-1,-1,2
42259933,58,48,-1,-1,6
42255522,42,35,-1,-1,0
42253787,1,43,-1,-1,0
42262216,26,15,-1,-1,2
42261836,11,23,-1,-1,6
42262080,1,54,-1,-1,1
42260468,0,27,-1,-1,1
42260820,23,29,-1,-1,2
42261083,6,19,-1,-1,2
42260805,7,32,-1,-1,4
42256854,50,15,-1,-1,7
42256511,49,29,-1,-1,2
42259341,32,6,-1,-1,0
42260731,39,2,-1,-1,3
42262252,29,14,-1,-1,1
42260582,51,18,-1,-1,0
42255919,27,4,-1,-1,5
42261826,9,11,-1,-1,4
42262225,44,51,-1,-1,4
42250808,48,18,-1,-1,4
42261229,16,30,-1,-1,4
42261890,28,35,-1,-1,0
42262065,1,14,-1,-1,1
42253657,53,43,-1,-1,4
42260197,25,9,-1,-1,7
42257236,35,0,-1,-1,6
42261629,43,22,-1,-1,1
42262385,24,2,-1,-1,3
42259984,57,20,-1,-1,7
42262451,4,50,-1,-1,6
42261676,37,1,-1,-1,7
42260393,3,36,-1,-1,5
42258972,35,54,-1,-1,3
42260465,54,37,-1,-1,7
42256122,2,25,-1,-1,4
42260686,34,6,-1,-1,1
42261912,3,6,-1,-1,0
42247451,16,20,-1,-1,2
42261849,52,4,-1,-1,7
42258397,21,56,-1,-1,0
42256571,52,3,-1,-1,2
42260012,25,42,-1,-1,2
42258942,31,13,-1,-1,7
42260391,8,28,-1,-1,2
42260252,27,19,-1,-1,5
42251214,18,36,-1,-1,6
42252889,43,55,-1,-1,2
42256650,21,12,-1,-1,0
42260395,38,39,-1,-1,6
42259966,55,47,-1,-1,4
42254875,10,51,-1,-1,7
42259701,53,18,-1,-1,6
42257427,20,30,-1,-1,1
42257778,39,29,-1,-1,4
42261435,32,58,-1,-1,2
42253150,16,24,-1,-1,2
42260404,52,11,-1,-1,4
42261639,39,11,-1,-1,4
42261626,4,38,-1,-1,6
42259426,5,16,-1,-1,4
42262178,35,48,-1,-1,6
42261855,42,4,-1,-1,0
42261468,24,55,-1,-1,5
42261294,11,34,-1,-1,4
42254149,46,32,-1,-1,0
42250968,58,49,-1,-1,4
42260680,34,41,-1,-1,2
42262368,20,23,-1,-1,5
42252840,31,28,-1,-1,5
42259915,26,7,-1,-1,0
42260663,39,9,-1,-1,4
42261485,3,48,-1,-1,2
42261147,58,3,-1,-1,0
42262205,26,39,-1,-1,0
42258526,47,58,-1,-1,7
42259777,16,53,-1,-1,5
42262000,24,5,-1,-1,6
42258478,24,51,-1,-1,2
42261232,6,58,-1,-1,0
42261541,57,53,-1,-1,1
42255160,35,22,-1,-1,7
42261540,12,27,-1,-1,7
42252611,47,23,-1,-1,3
42260094,25,6,-1,-1,5
42259557,23,18,-1,-1,4
42262055,33,52,-1,-1,4
42261423,10,58,-1,-1,0
42262257,6,9,-1,-1,6
42255090,5,29,-1,-1,0
42255981,11,1,-1,-1,4
42257868,17,46,-1,-1,6
42256231,17,55,-1,-1,1
42261438,42,30,-1,-1,6
42257466,5,10,-1,-1,0
42260737,14,46,-1,-1,2
42260518,44,58,-1,-1,2
42260975,46,18,-1,-1,5
42261579,3,27,-1,-1,5
42260870,57,28,-1,-1,5
42259490,8,15,-1,-1,5
42260965,48,6,-1,-1,5
42262102,14,23,-1,-1,1
42261779,11,25,-1,-1,1
42255635,42,25,-1,-1,7
42260701,29,48,-1,-1,1
42258190,58,29,-1,-1,0
42259904,20,29,-1,-1,7
42261422,8,46,-1,-1,4
42260480,0,33,-1,-1,2
42261683,43,27,-1,-1,4
42258753,0,17,-1,-1,2
42259021,15,21,-1,-1,0
42261424,24,25,-1,-1,6
42262128,47,52,-1,-1,2
42258071,52,23,-1,-1,1
42259419,57,45,-1,-1,3
42260886,52,48,-1,-1,6
42262310,54,9,-1,-1,5
42260905,18,5,-1,-1,5
42260791,0,49,-1,-1,0
42261045,14,20,-1,-1,5
42257874,47,10,-1,-1,3
42259329,15,38,-1,-1,5
42260710,55,8,-1,-1,4
42262170,5,25,-1,-1,0
42260446,34,4,-1,-1,1
42261288,47,8,-1,-1,7
42257394,6,56,-1,-1,5
42258878,19,2,-1,-1,3
42261962,27,37,-1,-1,0
42261905,5,27,-1,-1,5
42259477,37,14,-1,-1,7
42255409,30,56,-1,-1,2
42261611,22,16,-1,-1,3
42261304,35,13,-1,-1,7
42252579,52,10,-1,-1,7
42254845,53,13,-1,-1,1
42259755,51,35,-1,-1,3
42259213,8,57,-1,-1,2
42257827,49,39,-1,-1,4
42261902,30,51,-1,-1,1
42261403,42,7,-1,-1,3
42262127,25,58,-1,-1,6
42255288,50,9,-1,-1,2
42261875,2,42,-1,-1,3
42258678,24,58,-1,-1,6
42252605,56,1,-1,-1,4
42261127,11,49,-1,-1,4
42261448,18,3,-1,-1,6
42258656,52,41,-1,-1,0
42247565,51,7,-1,-1,6
42254633,12,5,-1,-1,0
42262027,39,40,-1,-1,2
42260533,13,47,-1,-1,4
42258399,11,3,-1,-1,2
42260053,49,35,-1,-1,1
42262373,56,37,-1,-1,1
42261911,41,57,-1,-1,1
42262140,32,4,-1,-1,6
42251726,4,51,-1,-1,4
42259809,34,17,-1,-1,4
42261889,16,15,-1,-1,0
42260605,35,7,-1,-1,2
42261906,19,8,-1,-1,3
42260475,45,32,-1,-1,0
42258112,7,38,-1,-1,2
42262183,39,8,-1,-1,3
42258132,39,16,-1,-1,2
42254434,56,23,-1,-1,2
42261368,21,6,-1,-1,2
42259646,48,42,-1,-1,4
42259461,23,56,-1,-1,7
42258778,39,12,-1,-1,6
42260718,31,9,-1,-1,4
42250344,16,38,-1,-1,7
42255829,6,12,-1,-1,3
42255091,16,5,-1,-1,3
42257479,30,36,-1,-1,4
42261653,15,49,-1,-1,0
42259441,38,21,-1,-1,0
42261002,41,37,-1,-1,6
42261274,54,25,-1,-1,7
42260050,56,54,-1,-1,0
42256667,56,18,-1,-1,1
42258364,54,36,-1,-1,4
42258314,38,56,-1,-1,7
42261743,19,23,-1,-1,0
42259229,38,2,-1,-1,3
42260654,37,40,-1,-1,2
42261531,33,45,-1,-1,2
42262450,31,37,-1,-1,7
42257124,44,30,-1,-1,2
42261677,17,49,-1,-1,6
42262035,23,19,-1,-1,0
42262402,16,46,-1,-1,2
42259501,28,57,-1,-1,3
42260847,13,22,-1,-1,1
42260306,37,30,-1,-1,3
42261260,11,15,-1,-1,7
42260581,15,12,-1,-1,6
42262175,25,29,-1,-1,5
42262212,33,9,-1,-1,0
42256874,43,8,-1,-1,4
42261244,39,43,-1,-1,3
42260019,4,54,-1,-1,4
42254647,53,37,-1,-1,2
42260954,5,57,-1,-1,3
42260449,58,42,-1,-1,0
42260442,4,10,-1,-1,7
42255852,56,13,-1,-1,0
42259133,55,52,-1,-1,6
42261887,45,57,-1,-1,1
42261085,39,52,-1,-1,6
42250478,56,48,-1,-1,7
42260739,5,24,-1,-1,2
42261328,1,18,-1,-1,4
42260715,25,31,-1,-1,3
42262194,2,13,-1,-1,6
42262108,15,52,-1,-1,3
42262134,9,27,-1,-1,7
42258495,51,30,-1,-1,2
42259138,29,41,-1,-1,1
42258875,54,38,-1,-1,6
42261397,48,47,-1,-1,2
42260609,40,23,-1,-1,0
42251081,49,3,-1,-1,7
42261659,25,53,-1,-1,7
42256273,57,42,-1,-1,5
42260682,53,42,-1,-1,7
42257179,0,2,-1,-1,4
42261976,27,18,-1,-1,4
42257606,3,12,-1,-1,6
42256678,49,4,-1,-1,7
42261052,20,1,-1,-1,0
42253042,58,39,-1,-1,0
42254311,24,45,-1,-1,4
42261549,7,7,-1,-1,4
42260089,56,55,-1,-1,6
42256055,48,0,-1,-1,4
42258055,46,4,-1,-1,1
42259781,50,43,-1,-1,3
42261680,14,57,-1,-1,1
42261687,50,35,-1,-1,1
42259016,7,8,-1,-1,5
42261831,26,42,-1,-1,6
42257805,55,34,-1,-1,4
42253305,46,20,-1,-1,6
42259946,15,14,-1,-1,2
42257744,34,11,-1,-1,1
42262026,27,8,-1,-1,2
42258447,42,0,-1,-1,6
42243287,57,27,-1,-1,6
42261815,30,49,-1,-1,5
42261495,37,51,-1,-1,5
42262269,40,37,-1,-1,1
42255027,12,39,-1,-1,7
42255524,8,29,-1,-1,4
42261008,49,40,-1,-1,2
42259753,34,27,-1,-1,6
42259083,30,44,-1,-1,1
42261300,13,1,-1,-1,4
42261964,18,32,-1,-1,2
42259272,12,57,-1,-1,7
42262329,33,58,-1,-1,2
42261446,55,24,-1,-1,4
42261155,49,9,-1,-1,5
42255564,6,44,-1,-1,7
42260996,49,14,-1,-1,5
42258852,26,45,-1,-1,3
42258691,13,49,-1,-1,2
42261833,10,6,-1,-1,1
42258593,7,49,-1,-1,0
42250829,51,3,-1,-1,5
42261317,55,30,-1,-1,3
42260852,8,50,-1,-1,0
42259044,35,57,-1,-1,4
42262015,23,7,-1,-1,4
42253978,49,46,-1,-1,7
42258048,25,3,-1,-1,4
42257971,56,46,-1,-1,7
42257464,30,27,-1,-1,2
42258888,1,27,-1,-1,3
42259285,51,57,-1,-1,4
42257951,15,15,-1,-1,0
42259716,49,51,-1,-1,2
42260603,1,57,-1,-1,7
42262041,3,21,-1,-1,1
42261835,55,22,-1,-1,6
42262238,16,8,-1,-1,6
42262362,50,5,-1,-1,3
42251467,15,2,-1,-1,2
42261925,55,2,-1,-1,1
42261331,8,10,-1,-1,3
42260968,5,52,-1,-1,7
42260150,57,31,-1,-1,1
42261226,29,44,-1,-1,1
42262034,25,18,-1,-1,4
42259537,35,43,-1,-1,0
42257935,31,54,-1,-1,1
42259782,12,56,-1,-1,0
42258795,11,51,-1,-1,6
42259296,33,15,-1,-1,7
42256081,27,47,-1,-1,2
42257333,26,12,-1,-1,0
42259292,36,56,-1,-1,3
42261697,55,13,-1,-1,5
42260604,47,21,-1,-1,6
42259144,39,45,-1,-1,5
42260583,32,34,-1,-1,4
42262386,11,38,-1,-1,3
42259082,32,22,-1,-1,1
42254175,39,3,-1,-1,4
42260745,22,52,-1,-1,6
42254224,49,50,-1,-1,5
42258645,23,52,-1,-1,7
42260853,13,33,-1,-1,5
42261757,12,35,-1,-1,5
42257761,23,35,-1,-1,5
42262334,42,23,-1,-1,5
42253128,5,9,-1,-1,5
42262447,30,52,-1,-1,5
42259479,44,53,-1,-1,2
42259010,0,8,-1,-1,4
42260956,37,42,-1,-1,5
42261241,46,38,-1,-1,1
42259492,49,28,-1,-1,4
42262006,26,10,-1,-1,1
42260412,25,0,-1,-1,2
42258825,11,58,-1,-1,0
42257288,58,25,-1,-1,4
42256409,20,40,-1,-1,6
42259049,42,29,-1,-1,7
42262111,7,16,-1,-1,6
42258180,4,33,-1,-1,3
42260206,28,8,-1,-1,6
42260170,42,21,-1,-1,7
42260201,42,31,-1,-1,0
42260565,40,7,-1,-1,6
42262245,56,2,-1,-1,4
42260318,40,0,-1,-1,6
42256692,16,49,-1,-1,4
42260861,26,48,-1,-1,4
42262182,12,30,-1,-1,7
42254573,26,6,-1,-1,5
42259975,37,46,-1,-1,3
42255716,3,38,-1,-1,2
42256982,35,4,-1,-1,0
42262354,41,39,-1,-1,2
42261747,36,9,-1,-1,6
42253867,1,6,-1,-1,1
42257768,52,13,-1,-1,4
42260307,5,46,-1,-1,2
42258513,29,51,-1,-1,6
42255900,17,19,-1,-1,3
42260702,8,5,-1,-1,0
42252699,23,34,-1,-1,7
42260399,47,26,-1,-1,2
42260556,6,40,-1,-1,4
42262069,39,4,-1,-1,0
42257522,31,33,-1,-1,6
42262339,2,26,-1,-1,6
42259305,17,39,-1,-1,7
42243564,6,33,-1,-1,0
42243235,44,15,-1,-1,0
42256563,17,1,-1,-1,3
42261558,19,5,-1,-1,5
42261904,23,11,-1,-1,1
42261334,16,43,-1,-1,6
42258489,56,10,-1,-1,5
42259908,19,46,-1,-1,4
42261856,15,9,-1,-1,6
42260434,15,19,-1,-1,2
42261183,36,51,-1,-1,6
42251602,33,7,-1,-1,0
42257998,17,7,-1,-1,3
42257065,48,22,-1,-1,3
42256109,52,37,-1,-1,7
42255354,11,39,-1,-1,5
42260354,4,5,-1,-1,3
42252194,47,44,-1,-1,1
42262291,2,30,-1,-1,3
42255570,2,28,-1,-1,6
42254896,55,7,-1,-1,5
42252580,19,25,-1,-1,0
42259523,47,36,-1,-1,1
42261190,42,20,-1,-1,5
42257088,29,43,-1,-1,5
42261499,16,28,-1,-1,7
42261109,32,33,-1,-1,2
42258603,51,10,-1,-1,0
42260254,57,7,-1,-1,2
42259576,36,10,-1,-1,1
42261718,35,27,-1,-1,6
42257977,16,6,-1,-1,1
42262313,17,6,-1,-1,4
42260922,3,14,-1,-1,3
42251130,1,12,-1,-1,7
42254921,48,27,-1,-1,0
42258352,13,35,-1,-1,7
42259774,22,7,-1,-1,1
42261051,16,12,-1,-1,1
42258644,20,13,-1,-1,3
42256765,33,20,-1,-1,1
42262098,58,43,-1,-1,6
42256527,49,56,-1,-1,6
42258552,37,19,-1,-1,6
42255416,44,37,-1,-1,0
42260869,54,30,-1,-1,5
42255968,45,37,-1,-1,5
42261885,26,11,-1,-1,1
42259791,21,47,-1,-1,6
42262233,43,11,-1,-1,0
42255594,8,8,-1,-1,0
42259997,1,37,-1,-1,3
42261301,40,26,-1,-1,3
42262002,42,40,-1,-1,6
42262243,14,26,-1,-1,0
42259850,33,30,-1,-1,3
42262044,13,38,-1,-1,5
42262059,9,10,-1,-1,7
42261249,8,18,-1,-1,2
42261739,18,44,-1,-1,2
42261121,27,21,-1,-1,0
42261277,10,11,-1,-1,3
42261027,21,53,-1,-1,2
42261870,27,39,-1,-1,5
42253907,50,33,-1,-1,4
42259618,50,49,-1,-1,3
42262112,17,15,-1,-1,2
42256420,34,24,-1,-1,5
42256426,41,45,-1,-1,1
42253908,51,46,-1,-1,3
42261613,0,28,-1,-1,4
42260386,42,9,-1,-1,4
42259221,18,49,-1,-1,2
42253258,9,28,-1,-1,5
42260659,28,53,-1,-1,2
42259230,19,44,-1,-1,2
42261751,22,33,-1,-1,7
42260899,45,0,-1,-1,5
42257594,47,28,-1,-1,4
42261046,10,43,-1,-1,0
42260798,3,10,-1,-1,1
42260769,0,34,-1,-1,3
42256574,39,1,-1,-1,0
42261713,50,27,-1,-1,1
42261760,11,31,-1,-1,4
42257229,47,47,-1,-1,6
42259957,57,11,-1,-1,4
42262115,40,38,-1,-1,4
42259385,47,42,-1,-1,7
42254058,14,3,-1,-1,7
42257979,21,17,-1,-1,5
42262382,36,43,-1,-1,6
42259587,33,42,-1,-1,3
42261128,58,54,-1,-1,6
42258241,16,50,-1,-1,0
42261374,19,20,-1,-1,0
42253673,26,57,-1,-1,1
42261605,40,3,-1,-1,2
42254446,45,47,-1,-1,7
42257357,58,45,-1,-1,5
42258438,34,57,-1,-1,6
42261484,55,32,-1,-1,3
42262262,16,0,-1,-1,3
42258956,31,0,-1,-1,6
42257037,15,3,-1,-1,5
42262235,19,54,-1,-1,6
42262366,18,17,-1,-1,1
42260977,40,25,-1,-1,5
42257897,29,5,-1,-1,2
42259474,40,15,-1,-1,6
42252227,39,13,-1,-1,7
42257437,55,9,-1,-1,1
42262206,43,42,-1,-1,7
42260552,14,4,-1,-1,1
42260104,23,8,-1,-1,0
42259937,19,9,-1,-1,7
42261857,23,45,-1,-1,7
42261074,19,39,-1,-1,6
42261851,1,32,-1,-1,1
42260864,48,10,-1,-1,6
42261031,33,19,-1,-1,5
42261741,42,22,-1,-1,1
42262443,13,48,-1,-1,1
42258267,15,1,-1,-1,1
42260010,18,22,-1,-1,2
42261502,8,23,-1,-1,2
42262196,0,45,-1,-1,0
42261610,40,42,-1,-1,0
42261597,14,51,-1,-1,5
42259634,41,3,-1,-1,5
42258962,11,36,-1,-1,3
42261598,1,17,-1,-1,0
42260670,37,10,-1,-1,3
42252546,57,36,-1,-1,0
42260135,53,11,-1,-1,2
42257646,56,29,-1,-1,4
42260435,27,9,-1,-1,3
42256879,14,45,-1,-1,2
42257450,45,42,-1,-1,4
42262322,17,17,-1,-1,7
42261724,20,20,-1,-1,3
42260389,36,2,-1,-1,6
42258435,30,23,-1,-1,6
42261832,7,58,-1,-1,0
42255234,7,10,-1,-1,4
42260827,32,57,-1,-1,2
42261535,8,1,-1,-1,5
42261264,55,26,-1,-1,4
42261709,0,10,-1,-1,0
42258008,27,1,-1,-1,2
42261135,36,29,-1,-1,6
42261944,34,22,-1,-1,2
42259359,56,12,-1,-1,4
42259680,10,21,-1,-1,4
42255058,38,14,-1,-1,7
42255193,54,2,-1,-1,2
42260803,40,30,-1,-1,6
42260343,18,48,-1,-1,0
42262198,30,10,-1,-1,6
42261231,46,42,-1,-1,0
42260450,55,28,-1,-1,4
42260140,48,33,-1,-1,6
42262049,51,4,-1,-1,1
42258255,4,1,-1,-1,7
42262090,36,3,-1,-1,1
42246063,58,20,-1,-1,0
42260473,21,14,-1,-1,7
42256781,54,58,-1,-1,7
42260947,51,12,-1,-1,7
42258017,51,17,-1,-1,4
42261721,22,4,-1,-1,4
42249050,51,14,-1,-1,5
42257456,38,1,-1,-1,7
42259116,17,31,-1,-1,0
42259053,44,21,-1,-1,7
42244831,37,31,-1,-1,4
42257009,54,26,-1,-1,5
42261234,30,35,-1,-1,5
42258376,30,46,-1,-1,2
42246338,5,15,-1,-1,2
42257930,20,35,-1,-1,1
42258631,47,4,-1,-1,7
42258543,17,51,-1,-1,0
42254566,24,52,-1,-1,2
42262408,41,51,-1,-1,4
42257016,41,47,-1,-1,4
42261782,9,4,-1,-1,0
42255906,45,19,-1,-1,1
42259792,29,7,-1,-1,2
42259740,21,3,-1,-1,7
42249051,6,5,-1,-1,4
42261162,40,17,-1,-1,0
42259889,25,45,-1,-1,7
42255344,57,35,-1,-1,5
42261590,20,47,-1,-1,6
42256384,11,22,-1,-1,5
42262289,24,29,-1,-1,3
42258524,25,22,-1,-1,4
42261754,36,46,-1,-1,6
42261820,6,26,-1,-1,4
42262426,16,32,-1,-1,6
42260095,26,33,-1,-1,6
42259376,23,23,-1,-1,2
42262172,35,38,-1,-1,0
42245739,7,57,-1,-1,1
42253827,21,48,-1,-1,1
42261291,8,45,-1,-1,5
42260398,45,29,-1,-1,5
42259707,3,50,-1,-1,6
42249689,52,6,-1,-1,0
42259475,21,35,-1,-1,5
42261874,55,37,-1,-1,6
42260308,9,38,-1,-1,4
42259466,13,20,-1,-1,0
42259789,41,31,-1,-1,4
42260464,0,40,-1,-1,2
42262246,38,11,-1,-1,7
42257614,34,7,-1,-1,6
42258550,17,3,-1,-1,7
42261325,38,5,-1,-1,4
42259121,45,36,-1,-1,2
42256826,36,25,-1,-1,6
42258043,25,16,-1,-1,3
42261775,16,2,-1,-1,7
42257336,48,51,-1,-1,3
42262078,24,36,-1,-1,0
42259851,39,33,-1,-1,1
42255825,42,13,-1,-1,5
42259485,13,16,-1,-1,2
42257604,47,5,-1,-1,1
42261449,46,35,-1,-1,5
42238956,29,58,-1,-1,2
42242206,33,23,-1,-1,7
42260664,39,48,-1,-1,1
42260402,46,29,-1,-1,1
42261950,28,46,-1,-1,5
42260092,18,18,-1,-1,3
42251925,43,51,-1,-1,7
42258687,10,35,-1,-1,2
42261305,8,25,-1,-1,5
42261399,38,13,-1,-1,2
42260957,28,42,-1,-1,4
42259697,46,55,-1,-1,6
42261532,55,23,-1,-1,6
42261666,1,58,-1,-1,6
42257075,28,58,-1,-1,0
42254116,24,32,-1,-1,0
42246774,45,21,-1,-1,3
42257115,13,5,-1,-1,1
42259226,42,52,-1,-1,0
42252729,55,38,-1,-1,1
42260844,57,38,-1,-1,2
42258801,21,7,-1,-1,5
42251786,0,20,-1,-1,4
42257270,53,48,-1,-1,0
42262323,45,53,-1,-1,2
42259936,9,25,-1,-1,1
42261201,27,54,-1,-1,3
42257338,32,45,-1,-1,6
42261196,23,40,-1,-1,2
42260225,54,43,-1,-1,2
42256595,19,31,-1,-1,2
42258487,56,16,-1,-1,2
42260550,39,27,-1,-1,7
42261235,22,27,-1,-1,4
42261798,19,12,-1,-1,4
42256500,24,10,-1,-1,1
42262383,26,51,-1,-1,4
42260267,26,29,-1,-1,3
42261454,10,30,-1,-1,7
42260638,41,10,-1,-1,6
42257184,57,26,-1,-1,2
42255194,52,21,-1,-1,3
42255761,9,2,-1,-1,7
42259788,40,11,-1,-1,2
42261647,30,8,-1,-1,1
42262265,24,23,-1,-1,0
42240711,15,5,-1,-1,6
42257682,5,26,-1,-1,1
42262311,27,14,-1,-1,6
42256882,47,46,-1,-1,1
42261635,22,24,-1,-1,2
42261641,31,42,-1,-1,6
42249307,44,31,-1,-1,5
42254407,16,17,-1,-1,1
42259370,37,36,-1,-1,3
42261487,10,17,-1,-1,7
42260744,2,12,-1,-1,6
42256271,5,33,-1,-1,0
42260142,33,29,-1,-1,3
42261569,55,40,-1,-1,7
42261475,10,38,-1,-1,7
42260569,16,22,-1,-1,3
42262131,10,40,-1,-1,3
42259447,28,44,-1,-1,3
42259247,31,32,-1,-1,4
42261734,58,51,-1,-1,5
42256446,24,47,-1,-1,1
42261169,17,34,-1,-1,1
42262099,46,26,-1,-1,6
42259896,31,50,-1,-1,7
42260936,18,0,-1,-1,6
42255084,47,57,-1,-1,1
42261682,53,6,-1,-1,0
42259798,22,5,-1,-1,4
42247352,27,56,-1,-1,4
42258322,45,23,-1,-1,3
42260756,18,30,-1,-1,4
42259498,25,19,-1,-1,1
42237104,0,6,-1,-1,0
42261524,43,40,-1,-1,6
42254998,28,22,-1,-1,4
42254839,55,27,-1,-1,4
42259858,12,25,-1,-1,3
42257591,28,3,-1,-1,5
42257039,57,40,-1,-1,1
42262100,44,38,-1,-1,6
42259294,22,39,-1,-1,0
42262444,49,22,-1,-1,6
42255393,12,32,-1,-1,6
42262126,14,19,-1,-1,2
42260697,22,31,-1,-1,7
42261392,14,49,-1,-1,5
42260467,53,30,-1,-1,0
42261868,4,8,-1,-1,7
42261115,23,0,-1,-1,6
42261701,9,51,-1,-1,2
42254350,21,1,-1,-1,7
42262231,39,35,-1,-1,5
42260892,38,27,-1,-1,6
42259982,29,18,-1,-1,7
42262020,35,31,-1,-1,2
42261401,41,49,-1,-1,4
42261548,47,20,-1,-1,1
42257292,4,20,-1,-1,2
42255734,8,33,-1,-1,3
42249552,3,33,-1,-1,7
42256756,23,32,-1,-1,4
42258872,20,37,-1,-1,6
42260777,0,21,-1,-1,0
42260921,57,19,-1,-1,2
42260937,13,46,-1,-1,1
42258394,15,51,-1,-1,0
42253501,22,49,-1,-1,3
42256839,5,3,-1,-1,6
42256465,19,47,-1,-1,5
42262215,7,14,-1,-1,3
42262332,38,12,-1,-1,6
42257012,19,52,-1,-1,3
42262220,17,24,-1,-1,1
42258409,16,55,-1,-1,1
42233073,0,13,-1,-1,2
42259454,46,13,-1,-1,2
42259617,23,25,-1,-1,1
42261859,29,42,-1,-1,0
42259306,52,29,-1,-1,0
42256707,13,30,-1,-1,3
42257656,44,1,-1,-1,0
42259808,5,45,-1,-1,7
42260747,34,2,-1,-1,7
42262135,13,24,-1,-1,7
42260253,11,7,-1,-1,4
42258497,55,0,-1,-1,5
42260649,11,43,-1,-1,7
42260477,38,41,-1,-1,6
42255587,43,44,-1,-1,3
42260593,23,51,-1,-1,4
42261039,53,12,-1,-1,1
42259738,46,0,-1,-1,2
42260028,49,13,-1,-1,3
42254499,2,54,-1,-1,2
42260512,55,49,-1,-1,6
42259741,45,33,-1,-1,5
42259605,18,28,-1,-1,1
42261685,51,52,-1,-1,6
42249268,44,20,-1,-1,2
42261529,23,21,-1,-1,4
42259320,55,50,-1,-1,5
42259310,22,42,-1,-1,2
42262153,1,2,-1,-1,7
42260705,58,4,-1,-1,5
42255827,8,38,-1,-1,4
42252629,1,53,-1,-1,2
42260958,21,51,-1,-1,5
42261996,38,19,-1,-1,7
42262218,33,50,-1,-1,4
42260543,45,18,-1,-1,0
42257916,35,44,-1,-1,6
42262324,22,9,-1,-1,5
42261989,29,13,-1,-1,6
42257073,25,34,-1,-1,3
42259379,4,12,-1,-1,5
42259836,22,19,-1,-1,4
42252819,50,22,-1,-1,6
42261412,33,1,-1,-1,5
42257459,22,38,-1,-1,0
42261258,40,54,-1,-1,7
42242531,49,15,-1,-1,6
42260415,39,56,-1,-1,2
42255203,53,55,-1,-1,3
42258483,33,56,-1,-1,2
42248522,43,57,-1,-1,4
42262317,10,10,-1,-1,2
42261123,0,36,-1,-1,4
42261787,32,41,-1,-1,0
42262427,25,20,-1,-1,2
42257047,26,36,-1,-1,2
42255549,36,38,-1,-1,3
42258828,40,46,-1,-1,0
42259841,1,41,-1,-1,2
42261915,48,14,-1,-1,3
42261400,30,25,-1,-1,3
42257533,27,45,-1,-1,3
42254300,1,5,-1,-1,0
42260683,30,50,-1,-1,1
42261065,25,44,-1,-1,3
42250951,12,0,-1,-1,6
42259748,10,4,-1,-1,2
42248005,41,19,-1,-1,0
42255510,58,35,-1,-1,5
42260071,22,45,-1,-1,1
42258554,31,6,-1,-1,2
42260199,15,44,-1,-1,4
42258347,8,2,-1,-1,1
42256237,26,8,-1,-1,6
42261525,52,57,-1,-1,2
42260178,26,2,-1,-1,5
42261391,13,26,-1,-1,7
42260761,36,34,-1,-1,0
42261640,16,7,-1,-1,6
42259862,33,32,-1,-1,0
42256729,57,23,-1,-1,7
42261608,6,22,-1,-1,7
42261561,35,8,-1,-1,6
42261132,14,29,-1,-1,3
42261482,21,57,-1,-1,4
42258681,53,10,-1,-1,0
42260788,53,49,-1,-1,5
42261068,41,48,-1,-1,3
42261878,12,55,-1,-1,4
42258342,52,15,-1,-1,2
42261330,29,25,-1,-1,2
42261991,25,43,-1,-1,3
42254040,54,42,-1,-1,4
42259868,15,58,-1,-1,0
42259267,51,36,-1,-1,5
42262351,16,39,-1,-1,4
42258794,7,0,-1,-1,3
42261087,24,39,-1,-1,2
42246356,3,13,-1,-1,4
42260281,33,22,-1,-1,1
42258316,45,31,-1,-1,3
42261388,4,17,-1,-1,3
42262431,20,27,-1,-1,4
42262113,29,4,-1,-1,7
42260232,15,8,-1,-1,4
42261471,30,4,-1,-1,4
42259561,47,25,-1,-1,5
42252894,29,53,-1,-1,6
42256244,56,47,-1,-1,6
42252861,6,30,-1,-1,1
42259301,25,11,-1,-1,6
42260925,47,18,-1,-1,2
42258226,56,6,-1,-1,7
42262270,9,44,-1,-1,3
42260575,42,41,-1,-1,3
42255645,4,49,-1,-1,6
42262019,36,1,-1,-1,5
42259406,32,1,-1,-1,3
42254771,4,37,-1,-1,1
42262066,35,39,-1,-1,3
42258455,20,57,-1,-1,2
42260240,47,9,-1,-1,7
42261684,10,47,-1,-1,4
42260481,50,32,-1,-1,5
42261804,28,36,-1,-1,5
42260448,47,45,-1,-1,4
42256506,29,54,-1,-1,0
42260907,18,23,-1,-1,5
42262306,55,17,-1,-1,2
42257149,11,56,-1,-1,1
42259111,9,40,-1,-1,2
42257551,4,39,-1,-1,1
42261041,28,12,-1,-1,4
42261363,40,13,-1,-1,5
42260952,38,15,-1,-1,3
42259199,3,29,-1,-1,2
42252922,36,20,-1,-1,0
42261646,29,26,-1,-1,6
42262060,56,11,-1,-1,5
42252372,0,43,-1,-1,4
42260942,35,33,-1,-1,0
42262358,44,12,-1,-1,0
42259181,7,23,-1,-1,6
42261263,8,49,-1,-1,0
42260547,42,12,-1,-1,0
42243480,25,8,-1,-1,4
42258218,48,44,-1,-1,0
42255147,57,16,-1,-1,3
42257428,35,5,-1,-1,7
42259351,0,12,-1,-1,4
42261465,9,48,-1,-1,6
42252760,55,42,-1,-1,3
42256291,8,40,-1,-1,4
42257685,4,26,-1,-1,6
42261322,21,23,-1,-1,7
42260932,9,32,-1,-1,3
42261510,54,7,-1,-1,4
42256876,5,4,-1,-1,2
42259323,2,7,-1,-1,5
42257251,49,7,-1,-1,4
42260874,22,25,-1,-1,4
42261753,48,28,-1,-1,4
42258087,17,14,-1,-1,6
42251618,32,42,-1,-1,1
42261043,34,42,-1,-1,2
42262221,37,35,-1,-1,4
42258309,39,39,-1,-1,6
42259818,35,37,-1,-1,2
42260698,58,55,-1,-1,7
42255326,37,58,-1,-1,6
42262298,15,42,-1,-1,1
42262349,5,6,-1,-1,1
42260429,50,57,-1,-1,2
42256193,18,8,-1,-1,0
42259556,54,0,-1,-1,2
42260503,24,50,-1,-1,4
42258787,43,34,-1,-1,1
42260358,23,14,-1,-1,0
42260904,28,19,-1,-1,2
42260066,31,56,-1,-1,4
42260782,4,35,-1,-1,0
42262404,15,36,-1,-1,0
42256995,31,55,-1,-1,6
42212917,54,15,-1,-1,4
42261794,58,2,-1,-1,6
42261375,11,16,-1,-1,7
42258328,26,25,-1,-1,3
42253497,55,41,-1,-1,1
42261225,1,31,-1,-1,0
42260432,33,24,-1,-1,3
42258991,37,4,-1,-1,6
42261622,57,15,-1,-1,2
42257212,28,13,-1,-1,4
42260167,22,54,-1,-1,7
42262039,52,38,-1,-1,4
42261618,41,17,-1,-1,1
42260793,2,35,-1,-1,5
42259750,16,40,-1,-1,4
42262148,34,55,-1,-1,0
42260169,16,56,-1,-1,7
42259987,1,9,-1,-1,2
42260946,22,56,-1,-1,3
42259349,41,55,-1,-1,3
42254294,56,19,-1,-1,6
42261208,46,17,-1,-1,1
42259870,52,26,-1,-1,5
42261650,33,16,-1,-1,1
42261035,6,37,-1,-1,3
42260655,2,39,-1,-1,7
42257293,38,54,-1,-1,3
42260953,29,30,-1,-1,5
42259897,29,27,-1,-1,1
42260276,8,52,-1,-1,3
42258584,46,44,-1,-1,5
42262251,26,1,-1,-1,4
42259462,16,13,-1,-1,6
42261979,35,28,-1,-1,2
42259902,42,3,-1,-1,0
42256737,1,40,-1,-1,3
42259103,19,30,-1,-1,6
42260961,23,1,-1,-1,4
42262316,4,22,-1,-1,1
42260746,46,19,-1,-1,0
42260188,27,16,-1,-1,7
42262163,48,41,-1,-1,1
42260305,12,41,-1,-1,0
42257083,1,38,-1,-1,1
42261584,19,10,-1,-1,5
42260457,47,35,-1,-1,1
42258789,30,58,-1,-1,2
42261404,31,23,-1,-1,5
42258534,20,34,-1,-1,6
42260563,6,6,-1,-1,7
42256907,57,5,-1,-1,0
42252967,45,51,-1,-1,3
42261120,31,24,-1,-1,0
42251551,39,25,-1,-1,4
42259886,53,26,-1,-1,0
42261321,17,23,-1,-1,5
42259496,32,12,-1,-1,2
42258844,33,26,-1,-1,0
42261829,51,32,-1,-1,5
42245252,53,21,-1,-1,0
42259061,12,13,-1,-1,2
42260903,43,58,-1,-1,6
42251980,0,18,-1,-1,0
42261266,56,21,-1,-1,7
42261930,24,8,-1,-1,2
42260324,41,41,-1,-1,1
42260978,42,50,-1,-1,1
42261014,53,25,-1,-1,7
42260762,8,54,-1,-1,5
42260349,7,43,-1,-1,3
42257767,45,3,-1,-1,1
42254628,0,56,-1,-1,4
42258665,49,41,-1,-1,7
42258169,4,47,-1,-1,6
42262422,16,45,-1,-1,5
42258428,4,18,-1,-1,5
42261166,40,32,-1,-1,3
42259505,14,36,-1,-1,6
42260819,0,50,-1,-1,3
42255169,26,41,-1,-1,4
42262321,35,41,-1,-1,3
42260720,38,0,-1,-1,4
42260374,46,10,-1,-1,6
42260696,50,28,-1,-1,7
42258425,56,58,-1,-1,6
42261066,20,42,-1,-1,0
42245671,41,2,-1,-1,1
42260489,44,27,-1,-1,7
42260568,55,54,-1,-1,0
42253926,4,57,-1,-1,6
42254307,13,12,-1,-1,2
42262266,46,12,-1,-1,3
42262074,25,21,-1,-1,7
42260878,38,9,-1,-1,1
42253428,58,27,-1,-1,4
42257861,3,35,-1,-1,7
42261528,8,41,-1,-1,0
42248855,4,4,-1,-1,5
42258675,57,54,-1,-1,0
42262378,25,24,-1,-1,2
42253671,54,22,-1,-1,2
42261846,42,8,-1,-1,4
42256960,34,23,-1,-1,0
42254485,46,54,-1,-1,6
42255314,6,2,-1,-1,7
42258608,23,28,-1,-1,0
42256636,47,50,-1,-1,4
42255847,43,47,-1,-1,6
42257804,37,24,-1,-1,3
42253509,46,41,-1,-1,4
42258953,26,21,-1,-1,7
42254832,26,0,-1,-1,5
42261669,3,47,-1,-1,3
42259869,50,44,-1,-1,7
42258880,38,31,-1,-1,3
42259853,45,13,-1,-1,4
42253903,57,49,-1,-1,3
42261766,0,37,-1,-1,4
42261834,33,27,-1,-1,5
42258816,7,37,-1,-1,1
42260995,25,1,-1,-1,5
42259635,41,30,-1,-1,0
42261295,26,22,-1,-1,0
42261767,46,34,-1,-1,7
42262315,52,9,-1,-1,7
42254669,22,58,-1,-1,1
42255197,42,5,-1,-1,4
42256064,54,23,-1,-1,3
42261974,23,17,-1,-1,6
42262440,29,50,-1,-1,2
42251896,14,41,-1,-1,1
42256731,2,50,-1,-1,7
42262376,45,49,-1,-1,7
42259747,41,7,-1,-1,0
42262312,13,14,-1,-1,5
42259892,19,32,-1,-1,0
42258363,46,7,-1,-1,2
42261694,48,19,-1,-1,6
42261376,10,24,-1,-1,6
42261992,18,4,-1,-1,1
42255371,47,7,-1,-1,0
42261649,45,9,-1,-1,6
42258599,13,15,-1,-1,4
42262435,13,42,-1,-1,5
42253963,6,18,-1,-1,2
42261536,12,18,-1,-1,3
42261985,18,16,-1,-1,4
42260506,58,47,-1,-1,7
42260320,19,36,-1,-1,5
42252138,13,39,-1,-1,2
42258762,32,37,-1,-1,1
42254341,47,19,-1,-1,3
42260561,49,52,-1,-1,7
42261103,28,15,-1,-1,6
42260162,33,53,-1,-1,5
42246627,30,55,-1,-1,7
42259968,30,11,-1,-1,0
42259115,42,11,-1,-1,1
42258177,12,47,-1,-1,5
42257644,29,34,-1,-1,2
42262352,36,36,-1,-1,7
42258797,1,28,-1,-1,6
42262159,35,51,-1,-1,7
42261459,2,49,-1,-1,2
42262054,12,26,-1,-1,1
42251372,58,28,-1,-1,5
42252271,15,47,-1,-1,5
42254166,43,46,-1,-1,4
42254456,35,30,-1,-1,5
42260152,11,44,-1,-1,3
42262085,32,29,-1,-1,6
42262158,35,2,-1,-1,2
42261953,57,22,-1,-1,1
42250067,42,39,-1,-1,1
42261012,35,34,-1,-1,5
42253694,34,45,-1,-1,6
42261318,11,21,-1,-1,6
42258548,10,16,-1,-1,2
42261332,0,42,-1,-1,0
42262096,36,57,-1,-1,5
42256172,0,1,-1,-1,4
42258105,8,42,-1,-1,4
42262345,34,18,-1,-1,4
42253451,54,56,-1,-1,5
42261527,55,55,-1,-1,6
42258287,14,30,-1,-1,6
42261483,20,36,-1,-1,1
42261073,20,49,-1,-1,1
42256281,28,49,-1,-1,1
42260708,8,16,-1,-1,6
42260367,8,26,-1,-1,3
42261453,31,19,-1,-1,1
42261240,32,14,-1,-1,5
42262164,15,20,-1,-1,5
42262162,5,44,-1,-1,4
42253814,27,46,-1,-1,3
42261946,9,26,-1,-1,4
42257439,35,32,-1,-1,3
42254510,2,36,-1,-1,1
42261704,10,31,-1,-1,1
42262301,47,34,-1,-1,1
42261452,18,1,-1,-1,1
42261188,23,33,-1,-1,4
42259642,58,36,-1,-1,4
42255588,37,34,-1,-1,5
42261917,50,42,-1,-1,0
42257148,56,34,-1,-1,4
42257020,23,49,-1,-1,0
42258456,18,58,-1,-1,0
42262335,8,22,-1,-1,5
42257981,47,12,-1,-1,6
42259415,34,38,-1,-1,2
42256789,28,54,-1,-1,5
42252782,57,30,-1,-1,1
42257157,38,45,-1,-1,1
42258538,11,42,-1,-1,4
42259525,39,14,-1,-1,0
42257601,7,34,-1,-1,7
42262168,18,41,-1,-1,6
42257974,5,36,-1,-1,6
42259692,7,51,-1,-1,6
42261086,23,31,-1,-1,0
42260322,50,0,-1,-1,2
42260800,14,48,-1,-1,6
42258434,26,28,-1,-1,0
42257911,48,11,-1,-1,5
42257786,23,50,-1,-1,7
42257364,57,25,-1,-1,0
42255619,44,24,-1,-1,1
42261347,30,26,-1,-1,5
42262219,27,7,-1,-1,5
42262045,50,21,-1,-1,0
42261572,33,44,-1,-1,7
42261108,29,39,-1,-1,5
42260116,6,3,-1,-1,5
42261896,35,11,-1,-1,3
42261296,45,56,-1,-1,6
42259122,43,3,-1,-1,5
42257445,34,34,-1,-1,3
42262388,40,50,-1,-1,5
42260910,6,48,-1,-1,2
42258062,25,50,-1,-1,7
42261344,47,55,-1,-1,0
42258928,58,5,-1,-1,7
42262234,11,2,-1,-1,0
42257078,51,2,-1,-1,1
42261908,39,32,-1,-1,1
42261988,28,10,-1,-1,3
42256818,52,58,-1,-1,2
42244777,45,5,-1,-1,7
42261036,12,20,-1,-1,2
42259682,18,11,-1,-1,4
42260926,23,16,-1,-1,0
42256903,43,6,-1,-1,7
42261058,40,41,-1,-1,0
42261809,25,35,-1,-1,2
42258494,39,46,-1,-1,2
42262197,20,14,-1,-1,6
42260241,22,28,-1,-1,7
42259805,24,56,-1,-1,0
42259198,8,47,-1,-1,2
42261742,23,46,-1,-1,3
42258660,13,52,-1,-1,2
42262285,10,53,-1,-1,6
42256228,50,51,-1,-1,1
42258382,32,25,-1,-1,7
42255244,29,45,-1,-1,7
42259430,27,44,-1,-1,2
42254724,54,44,-1,-1,5
42262326,39,47,-1,-1,0
42260859,48,50,-1,-1,2
42255873,13,18,-1,-1,0
42259712,10,26,-1,-1,7
42257103,45,26,-1,-1,5
42259397,25,56,-1,-1,1
42258028,0,46,-1,-1,0
42254963,53,9,-1,-1,7
42260522,25,36,-1,-1,3
42262018,1,42,-1,-1,5
42260572,55,33,-1,-1,6
42251428,25,26,-1,-1,3
42260378,31,43,-1,-1,5
42261514,31,38,-1,-1,5
42261384,44,55,-1,-1,5
42260082,34,47,-1,-1,4
42258521,22,57,-1,-1,5
42261084,30,22,-1,-1,6
42261823,42,17,-1,-1,5
42261030,20,21,-1,-1,1
42261222,51,44,-1,-1,2
42261708,17,37,-1,-1,6
42261729,30,37,-1,-1,6
42261788,41,34,-1,-1,1
42251717,18,55,-1,-1,6
42257435,24,22,-1,-1,1
42259909,38,35,-1,-1,3
42257862,52,20,-1,-1,3
42252912,47,6,-1,-1,2
42260749,44,16,-1,-1,0
42261219,14,56,-1,-1,7
42261284,30,16,-1,-1,7
42261947,34,43,-1,-1,4
42252938,3,55,-1,-1,7
42262356,22,36,-1,-1,6
42259713,3,45,-1,-1,0
42258167,19,38,-1,-1,6
42262333,39,44,-1,-1,0
42259274,10,49,-1,-1,0
42261178,19,15,-1,-1,3
42261615,16,52,-1,-1,7
42261599,14,16,-1,-1,5
42259058,38,30,-1,-1,7
42259200,27,38,-1,-1,2
42253018,31,39,-1,-1,4
42258252,42,15,-1,-1,0
42252857,35,35,-1,-1,6
42256654,35,42,-1,-1,5
42261726,52,52,-1,-1,7
42261134,34,40,-1,-1,5
42261632,37,44,-1,-1,0
42255764,58,52,-1,-1,5
42258088,1,49,-1,-1,1
42257885,19,3,-1,-1,4
42262213,25,23,-1,-1,4
42255079,53,45,-1,-1,7
42261975,56,43,-1,-1,3
42252599,50,20,-1,-1,5
42260192,54,54,-1,-1,2
42261686,56,52,-1,-1,6
42259494,35,14,-1,-1,5
42260786,23,43,-1,-1,7
42245727,49,54,-1,-1,6
42262224,7,30,-1,-1,3
42261580,43,45,-1,-1,4
42258295,20,39,-1,-1,3
42262146,13,45,-1,-1,7
42247550,0,16,-1,-1,0
42241978,49,5,-1,-1,6
42226987,14,58,-1,-1,6
42262248,26,52,-1,-1,2
42259407,46,43,-1,-1,6
42262191,9,31,-1,-1,6
42258792,41,26,-1,-1,3
42261081,10,52,-1,-1,6
42261972,37,39,-1,-1,4
42261136,50,50,-1,-1,7
42259962,31,53,-1,-1,4
42257970,15,18,-1,-1,2
42255334,48,17,-1,-1,4
42259197,22,21,-1,-1,7
42259093,54,48,-1,-1,1
42250050,2,41,-1,-1,3
42260743,31,30,-1,-1,2
42259282,32,28,-1,-1,3
42260482,45,11,-1,-1,0
42259927,31,26,-1,-1,0
42258109,6,47,-1,-1,0
42259030,56,36,-1,-1,4
42262274,21,15,-1,-1,5
42259428,20,38,-1,-1,2
42261746,18,50,-1,-1,1
42253821,49,25,-1,-1,1
42258014,8,4,-1,-1,3
42260332,48,23,-1,-1,4
42255506,0,38,-1,-1,4
42261380,18,24,-1,-1,5
42259504,12,38,-1,-1,3
42262420,57,17,-1,-1,7
42251836,18,19,-1,-1,0
42257610,46,21,-1,-1,4
42256428,11,50,-1,-1,4
42256476,4,30,-1,-1,4
42261961,50,39,-1,-1,1
42253639,36,33,-1,-1,2
42255863,12,51,-1,-1,7
42259022,51,6,-1,-1,2
42262369,56,42,-1,-1,0
42255901,11,35,-1,-1,6
42259043,11,0,-1,-1,4
42262179,57,43,-1,-1,7
42262025,12,40,-1,-1,0
42259503,0,32,-1,-1,1
42255422,9,8,-1,-1,1
42255744,51,38,-1,-1,1
42247588,56,4,-1,-1,3
42257711,31,36,-1,-1,2
42261706,12,42,-1,-1,6
42260171,15,29,-1,-1,1
42260660,46,40,-1,-1,3
42260039,47,49,-1,-1,4
42258286,7,2,-1,-1,6
42259790,3,34,-1,-1,5
42258357,1,30,-1,-1,7
42259923,16,10,-1,-1,5
42262227,51,29,-1,-1,7
42262396,49,8,-1,-1,1
42257079,21,0,-1,-1,2
42259912,30,24,-1,-1,2
42261658,40,19,-1,-1,7
42243002,57,10,-1,-1,2
42261963,33,17,-1,-1,1
42261373,51,28,-1,-1,7
42257995,38,42,-1,-1,2
42260370,40,33,-1,-1,7
42245737,11,53,-1,-1,4
42261693,48,38,-1,-1,6
42261461,51,50,-1,-1,3
42251018,14,13,-1,-1,7
42262414,25,38,-1,-1,5
42260918,16,26,-1,-1,6
42259309,12,37,-1,-1,0
42258433,56,41,-1,-1,5
42259449,46,47,-1,-1,0
42261959,54,35,-1,-1,4
42261180,54,33,-1,-1,4
42261700,24,42,-1,-1,0
42250895,46,46,-1,-1,3
42259265,13,37,-1,-1,1
42262399,42,1,-1,-1,1
42259844,28,23,-1,-1,3
42262104,52,53,-1,-1,1
42258711,22,1,-1,-1,1
42250644,44,56,-1,-1,2
42254050,22,0,-1,-1,6
42260222,14,1,-1,-1,4
42260042,22,23,-1,-1,4
42254835,51,48,-1,-1,5
42261559,36,22,-1,-1,1
42261509,26,18,-1,-1,4
42254731,44,43,-1,-1,1
42261341,44,9,-1,-1,7
42249637,51,9,-1,-1,1
42262395,11,19,-1,-1,6
42259050,3,5,-1,-1,1
42262030,51,25,-1,-1,7
42249340,22,2,-1,-1,3
42254448,23,26,-1,-1,0
42261168,42,57,-1,-1,5
42252578,51,58,-1,-1,1
42258950,3,18,-1,-1,6
42253994,58,38,-1,-1,5
42261768,14,22,-1,-1,2
42257326,4,52,-1,-1,4
42261934,33,25,-1,-1,3
42256512,32,13,-1,-1,1
42257712,36,0,-1,-1,5
42260287,54,27,-1,-1,5
42260414,31,12,-1,-1,4
42260587,1,4,-1,-1,4
42258125,14,34,-1,-1,0
42257580,38,28,-1,-1,4
42255292,40,27,-1,-1,5
42256457,17,32,-1,-1,2
42260300,17,30,-1,-1,2
42259831,48,9,-1,-1,7
42260080,43,9,-1,-1,0
42261825,11,48,-1,-1,5
42258989,11,14,-1,-1,2
42255953,53,5,-1,-1,5
42262377,28,16,-1,-1,5
42262048,11,28,-1,-1,6
42260598,52,12,-1,-1,5
42261652,32,44,-1,-1,4
42255735,12,3,-1,-1,0
42258707,32,30,-1,-1,5
42259588,48,4,-1,-1,0
42257195,37,48,-1,-1,2
42261733,44,45,-1,-1,7
42257903,30,39,-1,-1,5
42260260,3,57,-1,-1,5
42260369,43,43,-1,-1,5
42261350,28,41,-1,-1,6
42260113,11,41,-1,-1,0
42260198,0,5,-1,-1,0
42262303,28,34,-1,-1,0
42259224,14,21,-1,-1,4
42258155,40,1,-1,-1,0
42255848,11,9,-1,-1,3
42248973,37,52,-1,-1,4
42259412,0,14,-1,-1,3
42258710,48,26,-1,-1,3
42256071,22,6,-1,-1,5
42258038,43,48,-1,-1,6
42262250,53,36,-1,-1,5
42259723,12,1,-1,-1,2
42251285,43,26,-1,-1,6
42258649,24,44,-1,-1,4
42261486,44,57,-1,-1,2
42260872,27,26,-1,-1,4
42262240,9,29,-1,-1,7
42262319,16,36,-1,-1,0
42245609,9,37,-1,-1,1
42260428,4,28,-1,-1,7
42262428,36,15,-1,-1,0
42258128,51,43,-1,-1,0
42261886,1,24,-1,-1,7
42257233,10,18,-1,-1,4
42258819,18,42,-1,-1,0
42254500,10,34,-1,-1,3
42253310,5,0,-1,-1,2
42259708,30,43,-1,-1,0
42257255,24,54,-1,-1,7
42260496,55,19,-1,-1,6
42256721,54,34,-1,-1,1
42262413,29,10,-1,-1,0
42261129,45,7,-1,-1,0
42260997,57,56,-1,-1,6
42250352,1,26,-1,-1,2
42262157,7,19,-1,-1,0
42259540,47,15,-1,-1,3
42254903,33,12,-1,-1,6
42262076,44,40,-1,-1,7
42262151,40,24,-1,-1,1
42261578,24,19,-1,-1,0
42252407,50,53,-1,-1,1
42256625,39,58,-1,-1,2
42261899,19,49,-1,-1,7
42251396,1,29,-1,-1,5
42260828,34,1,-1,-1,2
42261619,43,19,-1,-1,2
42261916,19,48,-1,-1,0
42262455,19,42,-1,-1,0
42262331,6,41,-1,-1,3
42254028,56,28,-1,-1,4
42261844,3,0,-1,-1,3
42260735,2,46,-1,-1,0
42260877,11,20,-1,-1,2
42262416,10,22,-1,-1,2
42260172,23,12,-1,-1,5
42254572,45,2,-1,-1,6
42252572,11,12,-1,-1,4
42262415,36,7,-1,-1,0
42258725,46,50,-1,-1,6
42259695,26,55,-1,-1,2
42260760,56,30,-1,-1,5
42261781,24,43,-1,-1,5
42261383,41,29,-1,-1,1
42258633,17,53,-1,-1,2
42262372,13,7,-1,-1,1
42260831,15,41,-1,-1,0
42258015,41,36,-1,-1,1
42261379,14,53,-1,-1,6
42262189,44,34,-1,-1,6
42257808,55,3,-1,-1,5
42261914,45,46,-1,-1,5
42258668,0,23,-1,-1,1
42260433,28,28,-1,-1,3
42253480,12,34,-1,-1,1
42261394,19,27,-1,-1,5
42261402,3,17,-1,-1,1
42253863,49,45,-1,-1,1
42259293,26,20,-1,-1,1
42261662,57,21,-1,-1,1
42262036,25,46,-1,-1,0
42257561,19,29,-1,-1,7
42260812,17,52,-1,-1,4
42257279,6,49,-1,-1,2
42260223,35,19,-1,-1,1
42255632,54,20,-1,-1,4
42261808,21,8,-1,-1,7
42259097,52,30,-1,-1,2
42257655,17,0,-1,-1,5
42260882,10,50,-1,-1,3
42258985,43,18,-1,-1,3
42259949,16,48,-1,-1,5
42258546,53,24,-1,-1,1
42246958,54,21,-1,-1,2
42261517,44,46,-1,-1,7
42252832,8,51,-1,-1,2
42258980,50,52,-1,-1,1
42261182,35,16,-1,-1,5
42257872,35,50,-1,-1,7
42260595,19,57,-1,-1,1
42262281,21,42,-1,-1,5
42251059,3,31,-1,-1,2
42256978,39,22,-1,-1,1
42237784,58,22,-1,-1,6
42261351,36,52,-1,-1,4
42255565,35,58,-1,-1,2
42260175,13,25,-1,-1,5
42262394,42,2,-1,-1,3
42259129,30,28,-1,-1,3
42257675,48,46,-1,-1,2
42261936,25,5,-1,-1,4
42261795,49,38,-1,-1,3
42260619,42,51,-1,-1,0
42260219,26,44,-1,-1,1
42261185,17,2,-1,-1,2
42261712,25,12,-1,-1,3
42262340,15,13,-1,-1,2
42261492,4,36,-1,-1,7
42261929,36,47,-1,-1,6
42259432,41,12,-1,-1,3
42258523,21,10,-1,-1,1
42253588,43,16,-1,-1,2
42247910,7,54,-1,-1,6
42259848,34,56,-1,-1,0
42258936,57,37,-1,-1,7
42259112,2,31,-1,-1,0
42260336,18,13,-1,-1,5
42262436,12,49,-1,-1,0
42261393,20,25,-1,-1,0
42259166,36,30,-1,-1,5
42260897,20,58,-1,-1,2
42256558,45,35,-1,-1,6
42260088,50,30,-1,-1,0
42259603,39,28,-1,-1,2
42249740,20,10,-1,-1,1
42260843,34,37,-1,-1,3
42261210,28,17,-1,-1,1
42260455,43,36,-1,-1,4
42260529,21,36,-1,-1,5
42246616,15,33,-1,-1,5
42252410,44,28,-1,-1,7
42251809,29,2,-1,-1,7
42259380,5,2,-1,-1,3
42259052,50,40,-1,-1,1
42260785,36,35,-1,-1,5
42260194,0,39,-1,-1,1
42259173,43,1,-1,-1,0
42261898,10,19,-1,-1,4
42259446,5,28,-1,-1,7
42261252,54,3,-1,-1,2
42256408,0,25,-1,-1,3
42261204,53,47,-1,-1,2
42259392,6,36,-1,-1,1
42262094,28,47,-1,-1,2
42260950,40,36,-1,-1,2
42257130,8,34,-1,-1,7
42249783,55,56,-1,-1,1
42261142,41,46,-1,-1,7
42251724,4,7,-1,-1,2
42260875,19,41,-1,-1,0
42260559,5,48,-1,-1,7
42262278,29,29,-1,-1,2
42262024,33,40,-1,-1,7
42259727,27,49,-1,-1,4
42262348,32,15,-1,-1,7
42261771,28,37,-1,-1,3
42262043,38,37,-1,-1,2
42261005,37,41,-1,-1,5
42259073,27,12,-1,-1,5
42262067,3,20,-1,-1,6
42261122,48,12,-1,-1,0
42252556,12,14,-1,-1,6
42260277,54,53,-1,-1,5
42261769,33,31,-1,-1,5
42260154,21,55,-1,-1,0
42261969,25,7,-1,-1,3
42255450,26,58,-1,-1,2
42262031,38,48,-1,-1,0
42260850,34,53,-1,-1,3
42260514,7,45,-1,-1,2
42260058,50,1,-1,-1,4
42258565,8,17,-1,-1,4
42253688,30,53,-1,-1,1
42260652,44,33,-1,-1,5
42254172,33,0,-1,-1,3
42260591,51,21,-1,-1,5
42259364,7,4,-1,-1,5
42259192,54,32,-1,-1,2
42260285,35,26,-1,-1,1
42256567,43,52,-1,-1,2
42257754,14,8,-1,-1,4
42258000,12,22,-1,-1,1
42261519,50,56,-1,-1,7
42262117,25,57,-1,-1,3
42262424,41,9,-1,-1,0
42253638,46,8,-1,-1,0
42261606,29,22,-1,-1,3
42262419,5,19,-1,-1,2
42262208,45,30,-1,-1,6
42262421,15,34,-1,-1,0
42261285,23,42,-1,-1,7
42243533,51,41,-1,-1,4
42260728,53,32,-1,-1,6
42252918,27,11,-1,-1,5
42256862,25,40,-1,-1,5
42262009,18,38,-1,-1,0
42260974,42,38,-1,-1,6
42256338,18,33,-1,-1,1
42250940,9,5,-1,-1,2
42261364,30,20,-1,-1,5
42262302,23,6,-1,-1,2
42260018,33,38,-1,-1,6
42259372,21,13,-1,-1,1
42254968,28,5,-1,-1,2
42259666,47,40,-1,-1,3
42247946,55,48,-1,-1,6
42260835,51,56,-1,-1,2
42261882,25,28,-1,-1,7
42260243,22,40,-1,-1,6
42259652,48,25,-1,-1,1
42253494,43,23,-1,-1,2
42261176,26,17,-1,-1,1
42254768,22,20,-1,-1,5
42257074,36,58,-1,-1,7
42260573,13,32,-1,-1,2
42259463,36,26,-1,-1,1
42261042,7,33,-1,-1,6
42253495,36,55,-1,-1,0
42252068,5,58,-1,-1,7
42262086,39,36,-1,-1,2
42260725,51,20,-1,-1,2
42255210,3,32,-1,-1,3
42261320,9,41,-1,-1,2
42253716,54,39,-1,-1,2
42256261,50,13,-1,-1,4
42261617,39,38,-1,-1,7
42261360,11,13,-1,-1,3
42249083,58,21,-1,-1,0
42260373,37,5,-1,-1,1
42256210,10,37,-1,-1,6
42261948,20,50,-1,-1,1
42258141,10,54,-1,-1,2
42261340,19,34,-1,-1,5
42262071,6,51,-1,-1,2
42261148,33,11,-1,-1,5
42262276,13,57,-1,-1,0
42261059,9,9,-1,-1,5
42259786,11,17,-1,-1,6
42260452,2,24,-1,-1,2
42256411,24,20,-1,-1,7
42260989,12,15,-1,-1,3
42257636,51,13,-1,-1,0
42260757,1,7,-1,-1,0
42261642,21,39,-1,-1,1
42260774,5,12,-1,-1,5
42262165,0,9,-1,-1,0
42262058,5,31,-1,-1,6
42262143,5,13,-1,-1,7
42254482,53,56,-1,-1,7
42259003,57,44,-1,-1,1
42261362,11,57,-1,-1,0
42258575,18,2,-1,-1,0
42259998,20,16,-1,-1,3
42258024,4,34,-1,-1,5
42257054,12,29,-1,-1,1
42260588,41,8,-1,-1,2
42259899,29,20,-1,-1,4
42253175,37,27,-1,-1,4
42259973,9,22,-1,-1,0
42254576,19,58,-1,-1,2
42260041,13,4,-1,-1,2
42259733,47,0,-1,-1,2
42260368,55,15,-1,-1,2
42262360,15,26,-1,-1,1
42258908,14,32,-1,-1,1
42260491,31,16,-1,-1,6
42262275,21,37,-1,-1,1
42260764,45,4,-1,-1,0
42260585,32,16,-1,-1,3
42257788,34,26,-1,-1,5
42255363,51,51,-1,-1,1
42261398,16,42,-1,-1,4
42261776,0,0,-1,-1,4
42258957,19,19,-1,-1,0
42260397,3,49,-1,-1,3
42260362,40,9,-1,-1,3
42259875,49,31,-1,-1,7
42257497,24,13,-1,-1,0
42262417,7,1,-1,-1,1
42260221,7,13,-1,-1,1
42255556,22,53,-1,-1,6
42260998,53,14,-1,-1,3
42260577,9,14,-1,-1,1
42260959,30,29,-1,-1,7
42260478,13,3,-1,-1,5
42260005,51,39,-1,-1,6
42262454,49,36,-1,-1,0
42258192,0,22,-1,-1,4
42262441,33,5,-1,-1,4
42258142,54,14,-1,-1,7
42262173,6,50,-1,-1,0
42262432,57,8,-1,-1,4
42262286,26,27,-1,-1,2
42260469,20,2,-1,-1,1
42260127,57,3,-1,-1,7
42261538,17,50,-1,-1,2
42254080,6,42,-1,-1,3
42258108,32,53,-1,-1,1
42261189,36,8,-1,-1,1
42258481,41,18,-1,-1,4
42262119,21,44,-1,-1,0
42262327,41,32,-1,-1,1
42261560,3,22,-1,-1,4
42257498,14,55,-1,-1,7
42260049,39,17,-1,-1,7
42262007,46,3,-1,-1,4
42258690,12,50,-1,-1,6
42261913,8,30,-1,-1,6
42261805,28,45,-1,-1,0
42254540,50,26,-1,-1,3
42258189,2,38,-1,-1,1
42260484,38,22,-1,-1,6
42260829,30,17,-1,-1,5
42260768,28,48,-1,-1,3
42258723,6,14,-1,-1,1
42258632,27,35,-1,-1,3
42261224,27,17,-1,-1,1
42262089,31,52,-1,-1,3
42248623,58,13,-1,-1,4
42257137,13,44,-1,-1,0
42256532,18,10,-1,-1,7
42260759,4,21,-1,-1,2
42257281,40,12,-1,-1,7
42254604,31,29,-1,-1,7
42261865,26,43,-1,-1,1
42260597,49,32,-1,-1,7
42261007,40,14,-1,-1,5
42259669,26,38,-1,-1,6
42260750,6,4,-1,-1,1
42258054,53,23,-1,-1,4
42243220,12,7,-1,-1,7
42255174,41,25,-1,-1,6
42261703,24,48,-1,-1,5
42260444,14,43,-1,-1,0
42258174,42,16,-1,-1,0
42260421,9,6,-1,-1,0
42251319,54,49,-1,-1,3
42261281,23,20,-1,-1,5
42259632,13,29,-1,-1,3
42260181,20,53,-1,-1,5
42254646,20,7,-1,-1,1
42259165,43,4,-1,-1,2
42252743,9,50,-1,-1,4
42262193,3,26,-1,-1,1
42260538,10,32,-1,-1,5
42257783,40,21,-1,-1,4
42261440,27,13,-1,-1,0
42259754,21,21,-1,-1,7
42252321,39,23,-1,-1,7
42255566,13,54,-1,-1,6
42255228,29,8,-1,-1,4
42258099,43,41,-1,-1,5
42259374,32,32,-1,-1,5
42255600,13,50,-1,-1,0
42260867,20,51,-1,-1,0
42251344,15,56,-1,-1,3
42261157,49,37,-1,-1,0
42262230,42,46,-1,-1,4
42260600,18,54,-1,-1,2
42258740,55,51,-1,-1,3
42251526,2,4,-1,-1,2
42260896,43,35,-1,-1,2
42259134,10,5,-1,-1,4
42259649,45,24,-1,-1,4
42254743,21,38,-1,-1,7
42261999,6,52,-1,-1,2
42240723,57,0,-1,-1,6
42251760,53,7,-1,-1,2
42259956,17,40,-1,-1,4
42262139,10,48,-1,-1,7
42257780,29,31,-1,-1,1
42261472,7,26,-1,-1,0
42260734,5,11,-1,-1,3
42256485,44,10,-1,-1,0
42259442,28,33,-1,-1,7
42261799,21,5,-1,-1,6
42258473,46,56,-1,-1,3
42261165,6,27,-1,-1,2
42258123,24,7,-1,-1,0
42258052,2,21,-1,-1,3
42261390,21,24,-1,-1,4
42258736,2,10,-1,-1,5
42258237,25,39,-1,-1,5
42255420,51,22,-1,-1,6
42260873,56,22,-1,-1,5
42259204,4,25,-1,-1,5
42260185,8,27,-1,-1,1
42259481,5,23,-1,-1,3
42261149,41,0,-1,-1,5
42261935,33,2,-1,-1,3
42259404,38,33,-1,-1,3
42262029,38,51,-1,-1,6
42260086,36,17,-1,-1,2
42258103,48,37,-1,-1,1
42262106,55,4,-1,-1,1
42258415,11,55,-1,-1,6
42261217,14,54,-1,-1,1
42261812,50,2,-1,-1,4
42259602,44,22,-1,-1,2
42261516,8,24,-1,-1,1
42256089,33,33,-1,-1,6
42239682,2,16,-1,-1,0
42261633,48,56,-1,-1,5
42247972,11,8,-1,-1,3
42249977,1,15,-1,-1,2
42248898,7,53,-1,-1,2
42256959,38,18,-1,-1,6
42251800,7,48,-1,-1,2
42261553,15,30,-1,-1,1
42260709,15,17,-1,-1,3
42256205,53,54,-1,-1,6
42239935,6,46,-1,-1,0
42260551,34,16,-1,-1,6
42260523,12,17,-1,-1,0
42260236,22,35,-1,-1,0
42262380,16,41,-1,-1,3
42260856,20,3,-1,-1,1
42257750,49,58,-1,-1,1
42238695,10,9,-1,-1,7
42254161,3,52,-1,-1,1
42257045,41,24,-1,-1,1
42260836,17,5,-1,-1,2
42261313,24,26,-1,-1,1
42261966,0,29,-1,-1,1
42262185,24,30,-1,-1,4
42260824,29,52,-1,-1,7
42261202,11,5,-1,-1,4
42260939,29,56,-1,-1,1
42261818,50,31,-1,-1,0
42256134,58,46,-1,-1,0
42262120,32,54,-1,-1,2
42261396,12,21,-1,-1,4
42255289,38,52,-1,-1,5
42262433,37,8,-1,-1,3
42262365,39,15,-1,-1,2
42261192,38,34,-1,-1,4
42248079,51,47,-1,-1,1
42262328,21,11,-1,-1,1
42260337,53,3,-1,-1,2
42259999,22,11,-1,-1,0
42254458,56,7,-1,-1,2
42248477,11,33,-1,-1,7
42252907,37,56,-1,-1,7
42261673,34,29,-1,-1,3
42261262,42,26,-1,-1,0
42261897,45,28,-1,-1,7
42262125,0,52,-1,-1,2
42255782,53,28,-1,-1,6
42261203,53,39,-1,-1,4
42262355,23,57,-1,-1,6
42258173,42,56,-1,-1,2
42259440,6,21,-1,-1,5
42253396,47,51,-1,-1,6
42262290,43,38,-1,-1,6
42261506,0,51,-1,-1,4
42260353,48,24,-1,-1,7
42254363,6,10,-1,-1,0
42259516,18,25,-1,-1,6
42262244,8,19,-1,-1,3
42258233,53,17,-1,-1,1
42260969,41,28,-1,-1,1
42260515,15,4,-1,-1,7
42261547,9,13,-1,-1,5
42252826,48,58,-1,-1,2
42260801,29,6,-1,-1,0
42259510,46,1,-1,-1,2
42260537,32,11,-1,-1,6
42261271,14,27,-1,-1,5
42261133,47,53,-1,-1,7
42246785,46,53,-1,-1,3
42257249,12,33,-1,-1,5
42259726,19,6,-1,-1,3
42246732,53,0,-1,-1,3
42251127,48,16,-1,-1,3
42261719,23,24,-1,-1,2
42259522,52,27,-1,-1,5
42261417,48,30,-1,-1,7
42261588,24,16,-1,-1,3
42248014,0,24,-1,-1,1
42259845,15,7,-1,-1,0
42261931,51,33,-1,-1,5
42252319,44,14,-1,-1,6
42258618,46,16,-1,-1,4
42252378,45,43,-1,-1,5
42262190,39,24,-1,-1,0
42260948,52,46,-1,-1,5
42252328,19,22,-1,-1,5
42255434,40,45,-1,-1,3
42254873,56,56,-1,-1,4
42260027,34,12,-1,-1,5
42262005,1,44,-1,-1,0
42260711,27,23,-1,-1,0
42262456,36,41,-1,-1,3
