67.1589 67.1589 67.1589 100 100 99.75 100 100 100 100 100 99.75 100 100 100 100 100 100 100 100 100 100 100 100 100 100 100 100 100 100 100 99.75 100 100 99.75 100 100 100 100 100 100 100 100 99.75 100 100 100 100 100 100 99.75 99.75 100 100 100 100 67.1589 67.1589 67.1589 
67.1589 67.1589 100 100 99.75 100 100 100 100 100 99.75 100 100 99.75 100 100 100 100 100 100 100 100 100 100 100 100 100 100 100 100 100 100 100 100 100 100 100 100 100 99.75 100 100 100 99.75 100 100 100 100 100 99.75 99.75 99.75 99.75 100 100 100 100 67.1589 67.1589 
67.1589 99.75 100 100 100 100 100 100 100 100 99.75 100 99.75 100 100 100 100 100 100 100 100 100 100 100 100 100 100 100 100 100 99.75 99.75 100 100 100 100 100 100 100 99.75 100 100 99.75 100 100 100 100 100 100 100 100 99.75 100 100 100 100 100 100 67.1589 
99.75 100 100 99.75 100 100 100 100 100 100 99.75 100 100 100 100 100 100 100 100 100 100 100 100 100 100 99.75 100 100 100 99.75 100 100 99.75 100 100 100 100 100 100 100 100 99.75 100 100 100 100 100 100 100 100 100 100 100 99.75 100 100 100 100 100 
100 100 100 100 99.75 100 100 100 100 100 100 100 100 100 100 100 100 100 100 100 100 99.75 100 100 100 100 99.75 100 100 100 100 100 100 100 100 100 99.75 99.75 99.75 100 100 100 100 99.75 100 100 100 100 100 100 100 100 99.75 100 100 100 100 100 99.75 
100 100 100 99.75 99.75 99.75 100 100 99.75 99.75 100 100 100 100 100 100 99.75 100 100 100 100 100 100 100 100 100 100 100 100 100 100 100 100 100 100 100 100 99.75 100 100 100 100 100 100 100 100 99.75 100 100 99.75 100 99.75 99.75 100 100 100 99.75 100 100 
100 100 100 100 99.75 100 100 100 100 100 100 100 100 100 100 100 100 100 100 100 100 100 100 100 100 100 100 100 100 100 100 100 100 100 100 99.75 100 99.75 100 100 100 100 100 100 100 100 99.75 100 99.75 100 100 100 100 100 100 100 100 100 100 
100 100 100 100 100 100 100 100 100 100 100 100 100 100 100 99.75 100 100 100 100 100 100 100 100 100 100 100 100 100 100 100 100 100 100 100 100 100 100 100 100 100 99.75 100 100 100 100 100 100 100 99.75 100 100 100 100 100 100 100 100 100 
100 99.75 99.75 99.75 100 100 100 100 100 100 100 100 100 100 100 100 100 100 100 100 100 100 100 100 100 100 100 100 100 100 100 100 100 100 100 100 100 100 99.75 99.75 100 100 100 100 100 100 100 100 100 100 100 100 100 100 100 100 100 100 100 
100 100 99.75 99.75 100 100 99.75 100 100 100 100 100 100 100 100 100 100 100 100 100 100 100 100 100 100 100 100 100 100 100 100 100 100 100 100 100 99.75 100 100 100 100 100 99.75 100 100 100 100 100 100 100 100 100 100 100 100 100 100 100 100 
100 100 100 99.75 100 100 100 100 100 100 100 100 100 100 100 100 100 100 100 100 100 100 100 100 100 100 100 100 100 100 100 100 100 100 100 100 100 100 100 100 100 100 100 100 100 100 100 100 100 100 100 99.75 100 100 100 100 100 100 100 
100 100 100 100 100 100 100 100 100 100 100 100 100 100 100 100 100 100 100 100 100 100 100 100 100 100 100 100 100 100 100 100 100 100 100 99.75 100 99.75 100 100 100 100 100 100 100 100 100 100 100 100 100 100 99.75 100 100 100 100 100 100 
100 100 100 100 100 100 100 100 100 100 100 100 100 100 100 100 100 100 100 100 100 100 100 100 100 100 100 100 100 100 100 100 100 100 100 100 100 100 99.75 100 100 100 100 100 100 100 100 100 100 100 100 100 100 100 100 100 100 100 100 
100 100 100 100 100 100 100 100 100 100 100 100 100 100 100 100 100 100 100 100 100 100 100 100 100 100 100 100 100 100 100 100 100 100 99.75 100 100 99.75 100 100 100 100 100 100 100 100 100 100 100 100 100 100 100 100 100 100 100 100 99.75 
100 100 100 99.75 99.75 100 100 100 99.75 100 100 100 100 100 100 100 100 100 100 100 100 100 100 100 100 100 100 100 100 100 100 100 100 100 99.75 99.75 100 100 100 100 100 100 100 100 100 100 100 100 100 100 100 100 100 99.75 99.75 100 100 99.75 100 
100 100 100 99.75 99.75 100 100 100 100 100 100 100 100 100 100 100 100 100 100 100 100 100 100 100 100 100 100 100 100 100 100 100 100 100 100 99.75 100 100 100 100 100 100 100 100 100 100 100 100 100 100 100 100 100 99.75 100 100 100 100 99.75 
100 100 100 100 99.75 100 100 100 100 100 100 100 100 100 100 100 100 100 100 100 100 100 100 100 100 100 100 100 100 100 100 100 100 100 100 100 100 100 100 100 100 100 100 100 100 100 100 100 100 100 100 100 99.75 100 99.75 100 100 100 99.75 
99.75 100 100 100 100 99.75 100 100 100 100 100 100 100 100 100 100 100 100 100 100 100 100 100 100 100 100 100 100 100 100 100 100 100 100 100 100 100 100 100 100 100 100 100 100 100 100 100 100 100 100 99.75 100 100 100 100 100 100 100 100 
99.75 100 100 100 100 100 100 99.75 100 100 100 100 100 100 100 100 100 100 100 100 100 100 100 100 100 100 100 100 100 100 100 100 100 100 100 100 100 100 100 100 100 100 100 100 100 100 100 100 100 100 100 99.75 100 100 100 100 100 100 100 
100 100 100 100 100 100 100 100 100 100 100 100 100 100 100 100 100 100 100 100 100 100 100 100 100 100 100 100 100 100 100 100 100 100 100 100 100 100 100 100 100 100 100 100 100 100 100 100 100 100 100 99.75 100 100 100 100 99.75 99.75 100 
100 100 100 100 100 100 100 100 100 100 100 100 100 100 100 100 100 100 100 100 100 100 100 100 100 100 100 100 100 100 100 100 100 100 100 100 100 100 100 100 100 100 100 100 100 100 100 100 100 100 100 99.75 100 100 100 100 100 99.75 100 
100 100 100 100 100 100 100 100 100 100 100 100 100 100 100 100 100 100 100 100 100 100 100 100 100 100 100 100 100 100 100 100 100 100 100 100 100 100 100 100 100 100 100 100 100 100 100 100 100 100 99.75 100 99.75 100 100 100 99.75 100 100 
100 100 100 100 100 100 100 100 100 100 100 100 100 100 100 100 100 100 100 100 100 100 100 100 100 100 100 100 100 100 100 100 100 100 100 100 100 100 100 100 100 100 100 100 100 100 100 100 100 100 100 100 100 100 100 100 100 100 100 
100 99.75 100 100 100 100 100 100 100 100 100 100 100 100 100 100 100 100 100 100 100 100 100 100 100 100 100 100 100 100 100 100 100 100 100 100 100 100 100 100 100 100 100 100 100 100 100 100 100 100 100 100 100 100 100 99.75 100 100 100 
99.75 100 100 100 100 100 100 100 100 100 100 100 100 100 100 100 100 100 100 100 100 100 100 100 100 100 100 100 100 100 100 100 100 100 100 100 100 100 100 100 100 100 100 100 100 100 100 100 100 100 100 100 100 100 100 100 99.75 100 100 
100 100 100 100 100 99.75 100 100 100 100 100 100 100 100 100 100 100 100 100 100 100 100 100 100 100 100 100 100 100 100 100 100 100 100 100 100 100 100 100 100 100 100 100 100 100 100 100 100 100 100 100 99.75 100 100 100 100 100 100 100 
100 100 100 100 100 100 100 99.75 100 100 100 100 100 100 100 100 100 100 100 100 100 100 100 100 100 100 100 100 100 100 100 100 100 100 100 100 100 100 100 100 100 100 100 100 100 100 100 100 100 100 100 100 100 100 100 100 100 100 99.75 
100 99.75 100 100 100 100 100 100 100 100 100 100 100 100 100 100 100 100 100 100 100 100 100 100 100 100 100 100 100 100 100 100 100 100 100 100 100 100 100 100 100 100 100 100 100 100 100 100 100 100 100 100 100 100 100 100 100 100 100 
100 100 99.75 100 100 100 99.75 100 99.75 100 100 100 100 100 100 100 100 100 100 100 100 100 100 100 100 100 100 100 100 100 100 100 100 100 100 100 100 100 100 100 100 100 100 100 100 100 100 100 100 100 100 100 100 100 100 100 100 100 100 
99.75 100 100 100 100 100 100 100 100 100 100 100 100 100 100 100 100 100 100 100 100 100 100 100 100 100 100 100 100 100 100 100 100 100 100 100 100 100 100 100 100 100 100 100 100 100 100 100 100 100 100 100 100 100 100 99.75 100 100 100 
100 100 100 100 99.75 100 100 100 100 100 100 100 100 100 100 100 100 100 100 100 100 100 100 100 100 100 100 100 100 100 100 100 100 100 100 100 100 100 100 100 100 100 100 100 100 100 100 100 100 100 100 100 100 99.75 100 100 99.75 100 100 
100 100 100 100 100 100 100 99.75 100 100 100 100 100 100 100 100 100 100 100 100 100 100 100 100 100 100 100 100 100 100 100 100 100 100 100 99.75 100 100 100 100 100 100 100 100 100 100 100 100 100 100 100 100 100 100 100 100 100 100 100 
100 100 100 99.75 100 100 100 99.75 100 100 100 100 100 100 100 100 100 100 100 100 100 100 100 100 100 100 100 100 100 100 100 100 100 100 100 99.75 99.75 100 100 100 100 100 100 100 100 100 100 100 100 100 100 100 100 100 100 100 100 100 100 
100 100 100 100 100 100 100 99.75 100 99.75 100 100 100 100 100 100 100 100 100 100 100 100 100 100 100 100 100 100 100 100 100 100 100 99.75 99.75 99.75 100 100 100 100 100 100 100 100 100 100 100 100 100 100 100 100 100 100 100 100 100 100 99.75 
100 100 100 99.75 100 100 100 99.75 100 100 100 100 100 100 100 100 100 100 100 100 100 100 100 100 100 100 100 100 100 100 100 100 100 99.75 100 99.75 99.75 100 100 100 100 100 100 100 100 100 100 100 100 100 100 100 100 100 100 100 100 100 100 
100 100 100 100 100 100 99.75 99.75 100 100 100 100 100 100 100 100 100 100 100 100 100 100 100 100 100 100 100 100 100 100 100 100 100 100 100 100 100 100 99.75 99.75 100 100 100 100 100 100 100 100 100 100 100 100 100 100 100 100 99.75 100 100 
100 99.75 100 100 100 100 99.75 100 100 100 100 100 100 100 100 100 100 100 100 100 100 100 100 100 100 100 100 100 100 100 100 100 99.75 100 100 100 100 100 100 100 100 100 100 100 100 100 100 100 100 100 100 100 100 100 100 100 100 100 100 
100 100 100 99.75 100 100 100 100 99.75 99.75 100 100 100 100 100 100 100 100 100 100 100 99.75 100 100 99.75 99.75 99.75 100 100 100 100 100 100 99.75 100 100 100 100 100 100 100 100 100 100 100 100 100 100 100 100 100 100 100 100 100 100 100 100 100 
100 100 99.75 99.75 100 100 100 100 100 99.75 100 100 100 100 100 100 100 100 100 100 100 100 100 99.75 99.75 100 100 100 99.75 100 100 100 100 100 100 100 100 100 100 100 100 100 100 100 100 100 100 100 100 100 100 100 100 100 100 100 100 100 100 
100 99.75 100 100 100 100 100 100 100 100 100 100 100 100 100 100 100 100 100 100 100 100 100 99.75 100 100 100 99.75 99.75 99.75 100 99.75 100 99.75 100 100 100 100 100 100 100 100 100 100 100 100 100 100 100 100 100 100 100 100 100 100 100 100 100 
100 100 100 100 100 100 100 100 100 100 100 100 100 100 100 100 100 100 100 100 100 100 100 100 100 100 100 100 100 100 99.75 99.75 100 99.75 100 100 100 100 100 100 100 100 100 100 100 100 100 100 100 100 100 100 100 100 100 100 100 100 100 
100 100 99.75 100 100 100 100 100 100 100 100 100 100 100 100 100 100 100 100 100 100 100 100 100 99.75 100 100 99.75 100 100 100 100 100 100 100 100 100 100 100 100 100 100 100 100 100 100 100 100 100 100 100 100 100 100 100 100 100 100 100 
100 100 100 100 100 100 100 99.75 100 100 100 100 100 100 100 100 100 100 100 100 100 100 100 100 100 99.75 99.75 99.75 100 100 100 100 100 100 100 100 100 100 100 100 100 100 100 100 100 100 100 100 100 100 100 100 100 100 100 100 100 100 100 
99.75 100 100 100 100 100 100 100 100 100 100 99.75 100 100 100 100 100 100 100 100 100 100 100 100 100 100 100 100 99.75 100 100 100 100 100 100 100 100 100 100 100 100 100 100 100 100 100 100 100 100 100 100 100 100 100 100 100 100 100 100 
100 100 100 100 100 100 99.75 99.75 100 100 100 100 99.75 100 100 100 100 100 100 100 100 100 100 100 100 99.75 100 100 100 100 100 100 100 100 100 100 100 100 100 100 100 100 100 100 100 100 100 100 100 100 100 100 100 100 100 100 100 100 100 
100 100 99.75 99.75 100 100 100 99.75 100 100 100 100 100 100 100 100 100 100 100 100 100 100 100 100 100 100 99.75 100 100 100 100 100 100 100 100 100 100 100 100 100 100 100 100 100 100 100 100 100 100 100 100 100 100 100 100 100 100 100 100 
100 100 100 99.75 99.75 99.75 100 99.75 99.75 100 99.75 100 100 100 99.75 100 100 100 100 100 100 100 100 100 100 100 100 100 100 100 100 99.75 100 100 100 100 100 100 100 100 100 100 100 100 100 100 100 100 100 100 100 100 100 100 100 100 100 100 99.75 
100 100 100 100 99.75 99.75 100 100 100 100 99.75 99.75 100 99.75 100 100 100 100 100 100 100 100 100 100 100 100 100 100 100 100 100 99.75 100 100 100 100 100 100 100 100 100 100 100 100 100 100 100 100 100 100 100 100 100 100 100 100 100 100 99.75 
100 100 99.75 100 100 100 100 100 100 100 100 100 99.75 100 99.75 100 99.75 100 100 100 100 100 100 100 100 100 100 100 100 100 100 99.75 100 100 100 100 100 100 100 100 100 100 100 100 100 100 100 100 100 100 100 100 100 100 100 100 99.75 99.75 100 
100 100 100 100 100 100 100 100 100 100 100 100 100 99.75 100 100 100 100 100 100 100 100 100 100 100 99.75 99.75 100 100 100 100 100 100 99.75 100 100 100 100 100 100 100 100 100 100 100 100 100 100 100 100 99.75 99.75 100 100 100 99.75 99.75 100 100 
100 100 100 100 100 99.75 100 99.75 100 100 100 100 100 100 99.75 100 100 100 100 100 100 100 100 100 100 99.75 100 99.75 100 99.75 100 99.75 99.75 100 100 100 100 100 100 100 100 100 100 100 100 100 100 100 100 100 100 100 100 100 100 100 99.75 100 100 
100 99.75 100 100 99.75 99.75 99.75 100 100 100 100 100 100 100 99.75 99.75 100 100 100 100 100 100 100 100 100 100 99.75 100 100 100 100 100 100 100 100 100 100 100 100 100 100 100 100 100 100 100 100 100 100 100 100 100 100 100 100 100 99.75 100 100 
100 99.75 100 100 100 100 100 100 100 99.75 100 100 100 100 99.75 99.75 100 100 100 100 100 100 100 100 100 100 100 100 100 100 100 100 100 100 100 100 100 100 100 100 100 100 100 100 100 100 100 100 100 100 100 100 100 100 100 100 100 100 100 
99.75 99.75 100 100 100 100 100 100 100 100 99.75 100 100 100 100 100 100 100 100 100 100 100 100 100 100 100 100 100 100 100 100 100 99.75 99.75 100 100 100 100 100 100 100 100 100 100 100 100 100 100 99.75 100 100 100 100 100 100 100 100 100 100 
99.75 100 100 100 100 100 100 100 100 100 100 100 100 100 100 100 99.75 100 100 100 100 100 100 100 100 100 100 100 100 100 100 100 100 100 100 100 100 100 100 100 100 100 100 100 100 100 100 100 100 100 100 100 100 100 100 100 100 100 100 
100 100 100 100 100 99.75 100 100 100 100 100 100 100 100 100 100 100 99.75 100 100 100 99.75 100 100 100 100 100 100 100 100 100 100 100 100 100 100 100 100 100 100 100 100 100 100 100 100 100 100 100 100 100 100 100 100 100 100 100 100 100 
67.1589 100 100 100 100 100 100 99.75 100 99.75 99.75 99.75 100 100 100 100 100 100 100 100 100 100 100 100 100 100 100 100 100 99.75 99.75 100 100 100 100 99.75 99.75 100 100 100 100 100 100 100 100 100 99.75 100 100 100 100 100 100 100 100 99.75 100 100 67.1589 
67.1589 67.1589 100 100 100 99.75 99.75 99.75 99.75 100 100 99.75 100 100 100 100 100 100 100 100 100 99.75 100 100 100 100 100 99.75 100 100 100 100 100 100 100 100 100 100 100 100 100 100 100 100 100 100 100 99.75 100 100 100 99.75 100 99.75 100 100 100 67.1589 67.1589 
67.1589 67.1589 67.1589 99.75 100 100 100 99.75 100 100 100 100 99.75 100 100 100 100 100 99.75 99.75 100 100 100 99.75 99.75 100 100 99.75 100 100 100 100 100 100 100 100 100 100 100 100 100 100 100 100 100 100 100 99.75 100 100 100 100 99.75 99.75 100 99.75 67.1589 67.1589 67.1589 
