130 130 130 130 128 2 2 1 1 152 0 152 89 144 89 153 89 89 17 0 89 1 89 89 89 89 89 89 89 89 89 89 89 89 89 89 89 89 89 89 89 89 81 89 89 9 9 0 0 9 9 9 9 9 89 89 9 89 89 
130 130 130 2 130 130 1 0 130 152 89 89 89 9 89 89 89 17 25 89 201 0 89 89 0 89 89 137 89 0 73 89 89 89 88 89 89 89 89 0 89 89 89 89 0 9 9 73 73 0 89 9 9 9 89 89 0 9 9 
130 130 130 130 2 130 130 130 130 89 89 0 89 89 153 89 89 25 89 73 201 9 89 89 89 25 89 89 89 89 73 89 89 25 89 89 89 89 0 0 73 89 89 89 89 89 9 9 73 88 0 89 0 89 89 89 89 9 9 
130 130 2 131 2 131 131 130 0 89 89 89 89 153 153 89 153 88 88 73 0 89 89 73 89 89 89 89 9 9 89 89 89 89 89 89 89 89 89 89 89 25 89 89 0 89 89 88 88 72 89 89 9 89 89 89 89 89 9 
131 131 131 2 131 145 2 131 130 130 89 89 153 153 153 153 89 9 25 25 89 89 97 89 89 0 73 0 89 89 0 89 89 89 89 89 89 89 25 89 0 89 89 89 89 89 89 89 89 89 89 89 89 0 1 73 89 89 9 
131 130 130 131 145 145 130 2 0 153 153 25 153 153 89 89 89 89 89 89 32 0 89 0 89 0 89 73 89 0 0 89 89 89 89 0 89 89 25 25 0 0 89 0 89 89 201 89 89 73 88 89 89 89 0 89 89 9 9 
131 130 130 130 131 145 130 145 145 153 130 153 25 153 153 153 89 89 89 89 89 89 89 89 88 73 72 73 89 89 89 89 89 89 89 89 73 73 89 89 0 89 89 89 89 89 0 89 1 201 9 89 89 89 0 8 8 73 73 
131 131 131 131 131 131 129 145 145 130 153 153 153 25 153 153 89 89 89 89 0 89 89 89 8 73 73 89 89 89 89 89 89 89 89 89 89 89 89 145 89 89 0 89 89 89 89 89 89 0 9 89 89 89 89 0 89 1 73 
144 144 144 144 131 130 144 153 145 153 153 145 0 153 145 153 153 89 89 89 89 89 89 89 89 89 89 89 89 89 89 8 153 89 89 89 89 89 89 89 145 89 89 89 1 0 0 0 89 89 9 89 89 0 89 89 89 73 1 
0 144 144 144 145 145 153 144 153 153 153 153 153 153 153 153 153 89 89 89 89 89 89 89 89 89 89 0 89 89 89 153 0 25 89 89 89 89 0 89 89 89 89 25 25 89 8 89 0 9 9 89 89 89 0 0 0 89 89 
144 130 144 144 144 0 153 0 153 153 137 153 153 153 153 0 89 89 89 89 89 89 0 0 89 89 89 89 89 89 0 89 89 89 89 89 89 89 89 89 89 89 89 89 89 25 89 89 89 9 89 89 89 89 89 89 89 89 0 
131 144 130 144 144 0 153 153 153 153 153 0 153 81 153 89 153 1 89 89 89 25 89 65 89 89 8 81 89 0 89 89 89 89 89 89 89 89 89 89 89 25 0 89 89 89 89 89 89 89 89 89 0 89 89 89 89 89 89 
131 0 130 130 153 144 153 153 145 145 153 153 0 153 89 25 89 153 89 89 89 89 0 89 32 89 89 0 89 89 89 89 89 0 89 89 1 0 89 89 89 89 89 89 89 89 89 0 65 89 32 89 89 89 89 89 0 89 89 
0 153 131 131 153 0 153 153 145 145 145 153 153 89 153 89 89 89 0 89 89 89 88 89 89 89 89 89 89 25 89 89 89 89 89 89 89 89 89 89 89 73 0 89 0 89 89 89 89 89 89 0 89 89 89 0 0 89 89 
131 131 131 137 153 1 153 153 153 2 153 145 153 153 137 89 89 153 0 89 0 89 89 89 89 25 89 9 89 89 0 0 73 89 89 89 89 89 129 89 89 89 89 0 89 89 0 89 89 0 89 89 89 89 89 89 89 1 81 
131 131 0 153 0 0 1 153 153 153 153 2 153 137 137 153 137 153 153 81 153 89 89 89 89 89 89 89 89 0 89 73 89 0 89 89 8 89 89 32 89 9 0 9 89 89 89 89 89 89 73 89 89 89 89 89 89 89 89 
25 0 153 153 137 153 153 153 153 1 0 0 153 153 137 0 153 0 89 153 1 89 89 89 89 89 89 89 89 89 0 0 89 89 9 89 89 64 89 89 89 89 89 89 89 0 89 89 89 89 89 32 89 1 89 89 0 89 89 
25 153 137 131 153 129 153 153 153 153 153 153 153 1 0 153 0 0 89 89 0 89 89 89 89 89 89 89 0 89 89 89 89 89 89 89 0 89 0 89 73 0 0 89 0 89 89 89 9 89 89 0 89 1 89 89 89 89 89 
153 25 137 0 153 153 0 0 153 0 153 153 1 24 72 89 89 89 89 89 89 89 89 89 0 89 89 89 89 89 89 89 89 89 89 89 89 89 0 89 89 89 89 89 89 89 89 73 89 89 89 89 89 89 89 0 89 89 89 
153 153 153 153 153 153 153 153 0 153 153 89 153 153 89 89 89 89 0 80 0 89 89 89 89 0 89 89 81 89 89 89 0 89 89 89 89 89 64 89 89 89 89 89 89 0 89 89 73 89 89 89 89 89 81 89 89 89 89 
153 153 153 153 153 129 153 153 153 153 89 153 89 89 89 89 89 89 89 89 0 89 89 89 8 89 81 89 25 73 89 89 89 89 0 89 89 89 89 89 89 0 89 89 0 89 89 89 89 81 9 89 89 89 89 73 89 88 89 
153 153 153 0 66 153 0 153 153 153 153 153 89 64 73 89 89 89 89 89 89 89 89 89 89 81 89 89 89 89 88 89 89 89 89 8 89 89 89 89 89 89 89 89 89 89 153 0 89 81 89 89 89 25 0 89 89 89 89 
153 1 153 153 153 153 153 153 0 153 153 89 153 89 89 89 73 89 89 89 73 25 25 73 89 89 89 89 89 89 0 89 89 89 89 89 89 89 89 81 89 89 89 89 89 89 89 89 89 89 89 89 89 1 89 0 89 89 89 
1 153 153 153 153 153 153 153 153 153 153 8 0 89 89 89 89 9 89 89 89 89 25 89 89 89 89 0 89 89 89 89 0 89 89 89 89 89 0 89 89 89 89 0 0 89 89 89 89 89 89 89 89 89 89 89 89 89 0 
153 153 153 153 8 64 153 153 153 153 73 89 89 153 9 0 0 89 89 89 89 89 89 89 89 89 89 89 89 0 89 73 89 73 89 89 89 89 89 89 89 89 89 89 89 89 89 89 89 89 89 89 89 89 0 89 73 89 89 
153 153 0 0 153 153 64 137 153 137 73 89 153 153 89 89 89 89 89 0 89 89 9 89 1 89 89 89 0 89 0 89 89 73 89 153 89 89 89 89 88 0 89 89 89 153 89 89 89 89 89 89 89 89 89 89 89 89 89 
153 153 8 153 137 153 153 153 153 153 153 145 89 89 0 89 89 89 89 89 0 89 89 89 89 0 25 89 89 153 0 89 89 89 88 89 153 89 9 81 89 89 89 0 89 89 89 89 89 89 89 89 89 0 0 89 89 89 89 
153 153 153 153 153 153 153 153 153 153 153 153 0 89 89 89 89 89 89 89 89 81 89 89 89 89 89 89 153 89 89 89 89 89 89 89 89 89 0 89 25 89 89 89 89 89 89 89 89 0 25 1 89 81 89 0 89 89 89 
153 153 153 153 153 153 153 153 153 153 153 153 153 89 0 81 89 89 89 89 89 89 89 89 89 89 89 89 0 89 89 89 89 89 89 89 89 1 89 89 89 89 89 89 89 73 89 89 89 25 89 89 89 89 89 89 89 89 89 
153 153 153 153 153 153 137 153 153 153 0 153 89 153 89 89 89 0 89 89 89 89 89 89 89 0 0 89 89 0 89 0 89 89 89 89 89 89 89 0 89 89 89 89 89 73 89 89 89 89 0 89 89 89 0 89 89 9 89 
153 153 153 153 153 137 137 153 153 153 153 89 89 89 89 73 89 89 25 89 89 89 0 89 88 0 89 89 89 89 89 89 89 89 89 89 89 89 89 89 81 89 89 89 0 89 89 89 89 89 89 89 0 89 73 0 89 89 89 
1 153 153 153 153 153 153 153 153 0 25 145 153 89 89 89 88 89 89 25 89 89 89 73 89 89 88 89 0 25 64 89 25 89 8 89 89 89 0 89 89 89 0 89 89 0 89 89 145 0 89 89 89 89 89 0 89 89 89 
153 153 0 153 153 153 153 153 153 153 0 153 145 153 89 89 88 89 89 89 89 89 0 81 89 88 89 64 89 89 89 89 89 8 89 89 89 0 89 89 89 0 89 89 73 89 89 0 89 89 89 89 89 89 89 89 89 89 89 
153 153 25 153 0 153 153 153 153 0 153 89 89 89 0 89 89 0 89 89 89 89 81 89 89 81 89 0 89 89 89 89 89 89 89 89 89 89 89 89 9 89 89 89 89 89 89 89 89 89 89 89 89 0 89 0 0 89 0 
153 64 153 25 153 0 153 153 153 153 0 89 25 89 89 89 89 89 89 89 89 89 73 89 89 0 89 89 0 0 89 0 89 89 89 0 89 89 89 0 89 89 89 25 89 89 89 89 89 0 89 89 89 89 89 89 89 89 89 
0 153 153 153 153 153 153 153 25 153 89 25 89 25 89 73 89 89 0 89 89 89 0 89 89 89 89 0 89 89 89 0 89 89 89 89 89 73 89 89 89 89 0 64 89 89 89 89 89 89 89 89 0 89 64 89 89 89 89 
153 153 0 153 153 153 153 153 153 153 153 89 89 137 129 153 89 0 0 0 9 88 89 25 89 89 89 89 89 89 89 89 89 89 89 89 89 89 89 89 89 89 89 89 89 89 0 137 89 89 89 89 89 89 89 89 89 89 81 
153 153 153 153 153 0 153 153 153 153 89 89 153 129 153 89 0 8 89 0 0 89 89 89 89 89 89 89 64 89 89 89 89 1 0 89 89 89 89 89 89 89 89 89 89 89 137 209 137 89 89 89 89 89 0 0 0 89 89 
153 153 153 153 153 153 153 153 153 153 153 153 89 89 137 0 89 89 89 89 89 0 89 89 89 89 89 89 89 0 89 89 89 89 89 0 73 89 89 89 89 89 89 0 88 89 0 0 0 89 89 89 89 0 89 89 0 89 89 
153 153 153 153 153 153 153 153 153 153 129 137 153 153 153 89 0 89 89 89 89 89 0 73 89 89 73 89 89 89 89 89 89 89 0 0 0 89 89 89 89 89 0 89 89 89 0 0 89 89 89 89 89 0 0 89 89 89 81 
153 153 153 0 153 153 153 153 153 153 0 153 153 0 153 0 89 89 89 89 89 0 73 89 89 1 89 73 89 89 73 89 89 0 89 89 89 89 89 0 9 89 89 73 89 89 89 89 89 89 89 0 89 0 81 89 0 89 81 
153 153 153 153 0 153 137 153 153 153 8 153 153 153 153 0 89 0 89 1 89 89 89 89 0 89 89 89 89 0 89 89 89 89 89 25 89 89 89 0 89 89 89 89 89 89 89 89 89 89 89 0 89 81 0 89 24 89 89 
0 153 153 9 153 153 0 153 153 0 153 153 153 153 153 153 153 0 89 89 89 89 89 89 89 89 89 0 89 8 0 89 0 89 89 0 89 89 89 89 0 88 89 89 89 89 89 0 89 89 89 89 0 89 88 24 0 88 89 
0 153 153 153 153 153 153 153 153 0 153 25 153 25 153 153 65 0 0 89 89 89 25 89 89 89 89 89 89 89 8 89 0 89 89 89 89 89 81 89 89 89 0 89 89 89 25 89 89 89 89 89 89 72 89 88 88 0 89 
153 153 1 153 153 25 153 153 153 0 153 153 153 153 153 153 153 153 89 153 0 89 89 89 89 89 89 89 89 89 89 89 89 89 89 89 89 89 89 89 89 89 89 8 89 89 89 89 89 89 89 88 88 89 88 88 88 88 89 
0 0 0 153 153 153 0 153 0 153 153 9 153 153 153 153 0 153 0 89 89 121 89 89 89 89 89 89 89 89 0 89 0 89 89 89 89 89 89 73 89 89 89 0 0 89 0 89 0 0 89 88 89 88 88 64 88 88 88 
153 153 0 0 153 153 25 153 153 153 153 9 153 0 0 153 0 153 89 153 89 121 89 121 121 89 89 89 89 89 89 89 89 0 89 0 0 89 8 89 89 89 89 0 89 89 89 0 0 89 89 89 88 88 64 88 88 80 80 
153 153 129 153 153 153 153 153 153 153 153 153 153 0 0 153 89 89 152 89 89 0 121 89 121 121 89 0 89 89 0 80 89 89 89 73 89 89 89 89 89 89 89 89 89 89 89 137 88 89 89 89 89 0 88 89 89 0 80 
153 0 153 153 153 153 153 137 153 153 153 153 153 153 153 153 152 152 152 1 121 0 121 121 121 89 89 89 89 89 0 73 89 89 89 0 89 89 89 0 89 89 89 89 89 0 89 89 89 89 89 89 0 89 88 0 88 88 88 
153 153 153 153 129 145 153 153 0 145 153 153 0 153 153 153 153 152 152 9 1 121 121 121 121 121 89 65 89 89 89 89 89 89 89 0 89 89 89 89 81 81 89 89 89 89 89 89 89 88 88 88 89 89 88 88 88 88 80 
153 153 137 2 153 153 153 153 153 153 153 153 153 153 153 153 153 152 152 153 0 89 121 113 121 89 89 89 89 89 1 89 89 89 89 89 89 89 89 0 89 89 89 201 89 89 89 64 0 89 88 89 0 88 80 88 88 88 80 
152 152 153 152 153 153 153 153 153 153 153 0 0 153 153 153 0 152 152 153 89 73 89 89 89 89 0 89 89 89 89 0 89 89 89 89 89 89 89 89 89 0 89 201 89 201 89 89 89 0 0 64 89 72 88 0 8 88 88 
152 66 152 153 153 153 153 137 153 153 0 0 153 153 153 153 153 89 153 153 0 89 73 25 89 89 153 89 89 89 89 89 89 89 64 89 1 89 89 25 89 89 89 201 89 0 89 0 89 89 1 0 64 88 88 88 88 88 88 
152 152 152 152 153 153 153 153 0 153 153 153 153 153 0 153 153 153 153 153 89 152 152 0 9 153 153 89 89 89 89 89 89 89 89 89 89 0 89 89 89 89 1 89 89 89 89 89 88 88 0 88 0 88 88 72 88 88 88 
153 152 152 153 152 153 153 0 153 0 0 0 64 137 153 153 153 0 153 89 152 0 152 152 153 153 0 89 89 89 89 0 89 0 89 89 89 89 89 0 88 88 89 89 89 88 89 89 89 89 8 88 88 88 88 88 72 0 136 
153 152 153 152 152 0 152 153 153 153 153 64 137 0 153 0 89 89 152 152 89 1 153 153 145 153 153 153 89 153 89 89 89 89 0 89 89 89 89 89 89 0 89 89 0 88 89 89 89 88 88 88 88 88 88 88 88 88 88 
153 153 152 152 152 152 137 137 152 153 153 153 152 152 0 89 89 89 0 1 89 152 152 153 145 153 0 89 0 89 89 89 89 89 89 89 89 89 89 89 89 89 89 89 89 0 89 89 89 88 0 88 88 88 88 88 88 24 24 
153 153 0 153 152 152 152 152 152 136 153 153 153 152 152 152 89 89 89 25 152 89 89 152 89 89 89 89 137 89 89 89 89 89 89 0 0 89 73 89 89 89 89 89 73 89 0 89 89 88 88 0 88 88 88 88 88 24 88 
153 153 0 153 153 152 152 136 136 8 8 153 153 64 152 152 24 24 0 152 152 89 89 152 152 89 153 89 153 153 89 0 89 89 152 152 152 73 73 73 89 89 89 25 0 89 89 89 89 89 88 88 88 0 88 88 88 88 0 
