# org_id,org_cellx,org_celly,org_forage_target,org_group_id,org_facing
53686646,58,51,-1,-1,0
53683995,53,8,-1,-1,3
53695446,2,14,-1,-1,4
53692081,42,45,-1,-1,2
53695524,21,36,-1,-1,5
53688376,56,55,-1,-1,3
53695483,32,31,-1,-1,5
53691690,18,20,-1,-1,3
53694787,58,56,-1,-1,6
53692585,23,10,-1,-1,3
53679135,28,0,-1,-1,4
53695461,35,0,-1,-1,2
53695980,20,29,-1,-1,0
53689513,19,10,-1,-1,6
53694390,56,52,-1,-1,4
53694213,7,19,-1,-1,7
53689787,20,50,-1,-1,6
53683445,4,0,-1,-1,4
53695925,33,1,-1,-1,6
53685936,3,24,-1,-1,2
53692892,53,34,-1,-1,3
53695238,18,31,-1,-1,3
53607202,0,47,-1,-1,2
53695250,33,17,-1,-1,4
53693616,54,20,-1,-1,0
53694364,17,28,-1,-1,3
53689382,49,51,-1,-1,2
53689605,58,42,-1,-1,4
53692706,27,12,-1,-1,4
53680267,2,40,-1,-1,3
53694771,44,45,-1,-1,0
53687691,49,31,-1,-1,1
53695669,24,41,-1,-1,6
53691920,28,16,-1,-1,0
53694898,13,40,-1,-1,2
53692013,12,33,-1,-1,2
53695479,57,8,-1,-1,3
53696026,24,27,-1,-1,6
53694953,58,23,-1,-1,7
53695914,1,29,-1,-1,4
53673873,53,7,-1,-1,3
53695175,42,19,-1,-1,3
53668724,51,2,-1,-1,1
53693682,24,4,-1,-1,5
53691996,31,9,-1,-1,1
53695304,10,35,-1,-1,7
53693557,14,52,-1,-1,3
53691908,21,18,-1,-1,7
53685570,55,48,-1,-1,3
53670004,51,48,-1,-1,3
53692590,12,57,-1,-1,2
53685485,38,4,-1,-1,4
53688793,52,36,-1,-1,5
53693342,50,23,-1,-1,0
53695906,14,11,-1,-1,1
53691783,43,43,-1,-1,2
53695977,35,25,-1,-1,3
53684746,9,19,-1,-1,3
53694632,37,55,-1,-1,5
53694104,44,39,-1,-1,2
53686085,36,13,-1,-1,2
53693983,25,34,-1,-1,5
53696019,34,47,-1,-1,5
53694264,46,10,-1,-1,2
53694536,43,32,-1,-1,3
53694265,19,28,-1,-1,6
53695157,21,8,-1,-1,4
53690968,41,4,-1,-1,4
53693118,43,15,-1,-1,1
53695942,42,48,-1,-1,4
53692166,47,8,-1,-1,3
53685970,2,54,-1,-1,0
53695644,56,37,-1,-1,1
53694906,45,44,-1,-1,0
53695013,24,23,-1,-1,0
53695579,13,13,-1,-1,2
53691234,15,22,-1,-1,5
53690774,16,55,-1,-1,5
53689675,54,13,-1,-1,3
53694708,1,12,-1,-1,2
53687430,37,8,-1,-1,7
53688795,54,16,-1,-1,4
53689534,36,5,-1,-1,3
53694837,14,3,-1,-1,0
53689805,54,47,-1,-1,4
53693927,24,15,-1,-1,6
53692442,13,37,-1,-1,2
53696058,8,47,-1,-1,2
53672595,52,49,-1,-1,6
53680515,57,55,-1,-1,1
53695887,34,24,-1,-1,4
53673592,2,17,-1,-1,5
53694291,28,15,-1,-1,5
53687881,37,46,-1,-1,5
53694887,9,36,-1,-1,2
53694282,40,21,-1,-1,1
53695813,12,18,-1,-1,3
53696072,14,38,-1,-1,2
53689953,54,31,-1,-1,6
53683224,48,11,-1,-1,0
53689367,22,35,-1,-1,1
53685983,49,37,-1,-1,4
53691396,54,24,-1,-1,7
53695776,45,36,-1,-1,1
53691786,12,22,-1,-1,5
53695970,36,50,-1,-1,0
53694899,31,22,-1,-1,4
53695855,20,22,-1,-1,7
53690349,6,17,-1,-1,4
53686014,22,5,-1,-1,2
53686916,1,19,-1,-1,1
53686652,54,48,-1,-1,1
53695339,55,40,-1,-1,1
53691237,9,30,-1,-1,7
53693508,21,15,-1,-1,2
53690758,41,20,-1,-1,7
53679500,43,58,-1,-1,6
53694876,33,16,-1,-1,1
53695922,50,5,-1,-1,2
53689075,1,37,-1,-1,7
53691111,10,48,-1,-1,2
53674297,8,50,-1,-1,7
53695863,43,10,-1,-1,4
53693756,44,16,-1,-1,2
53696049,50,31,-1,-1,6
53695444,36,22,-1,-1,7
53694034,5,8,-1,-1,6
53690905,16,46,-1,-1,2
53682843,2,18,-1,-1,3
53694326,22,8,-1,-1,7
53687408,14,5,-1,-1,6
53692726,45,35,-1,-1,5
53665771,43,53,-1,-1,0
53693575,20,52,-1,-1,6
53670367,7,43,-1,-1,1
53694504,54,9,-1,-1,1
53679400,18,13,-1,-1,3
53695125,39,24,-1,-1,5
53694949,30,13,-1,-1,4
53692197,37,54,-1,-1,0
53694933,29,39,-1,-1,2
53673631,26,3,-1,-1,6
53693783,35,44,-1,-1,2
53694429,42,22,-1,-1,3
53693082,55,42,-1,-1,0
53694656,43,45,-1,-1,0
53695827,0,50,-1,-1,3
53695390,16,37,-1,-1,0
53688746,49,46,-1,-1,6
53694981,23,47,-1,-1,7
53692190,17,13,-1,-1,0
53695999,27,33,-1,-1,5
53694174,20,20,-1,-1,3
53695741,27,45,-1,-1,1
53692568,33,44,-1,-1,0
53692082,15,6,-1,-1,7
53694154,44,27,-1,-1,4
53694698,24,36,-1,-1,0
53683420,1,3,-1,-1,7
53686611,25,55,-1,-1,4
53691452,10,21,-1,-1,6
53695519,45,15,-1,-1,2
53694046,5,16,-1,-1,3
53694520,49,24,-1,-1,6
53675860,58,12,-1,-1,4
53685964,57,2,-1,-1,3
53693685,53,46,-1,-1,6
53687972,15,11,-1,-1,3
53694177,43,21,-1,-1,7
53694866,56,54,-1,-1,7
53695169,50,38,-1,-1,3
53693307,18,6,-1,-1,5
53690280,17,55,-1,-1,4
53686186,10,0,-1,-1,2
53691989,7,56,-1,-1,1
53695121,40,48,-1,-1,6
53695739,40,11,-1,-1,2
53692248,37,16,-1,-1,1
53656882,18,55,-1,-1,6
53688305,52,56,-1,-1,0
53692019,33,8,-1,-1,1
53683880,57,35,-1,-1,4
53696029,11,42,-1,-1,6
53676716,52,4,-1,-1,5
53695611,24,20,-1,-1,1
53691185,38,21,-1,-1,6
53685326,11,2,-1,-1,7
53693372,53,32,-1,-1,4
53675707,51,5,-1,-1,0
53695057,49,32,-1,-1,7
53694645,48,14,-1,-1,3
53664123,1,10,-1,-1,6
53694327,22,6,-1,-1,0
53692904,11,38,-1,-1,2
53682508,14,47,-1,-1,5
53691535,35,32,-1,-1,3
53695460,51,29,-1,-1,7
53695736,32,40,-1,-1,5
53695599,10,38,-1,-1,2
53696046,23,5,-1,-1,7
53683576,1,49,-1,-1,1
53681970,13,57,-1,-1,4
53695150,15,3,-1,-1,4
53687706,47,47,-1,-1,7
53694468,23,29,-1,-1,4
53694977,8,35,-1,-1,6
53695501,38,39,-1,-1,4
53691292,17,0,-1,-1,4
53689484,32,24,-1,-1,3
53695198,46,29,-1,-1,7
53691852,7,35,-1,-1,5
53693276,8,25,-1,-1,1
53687394,4,56,-1,-1,3
53694828,15,40,-1,-1,5
53686338,43,18,-1,-1,7
53684949,51,45,-1,-1,4
53672706,9,51,-1,-1,3
53687072,43,1,-1,-1,4
53695682,55,33,-1,-1,6
53694752,19,44,-1,-1,0
53693199,20,19,-1,-1,3
53664023,56,57,-1,-1,4
53694808,38,35,-1,-1,5
53689610,17,17,-1,-1,0
53694475,20,23,-1,-1,5
53691538,57,12,-1,-1,3
53693357,33,35,-1,-1,1
53691044,55,56,-1,-1,7
53693048,18,47,-1,-1,0
53668916,48,9,-1,-1,6
53694746,42,26,-1,-1,3
53690223,48,0,-1,-1,4
53690155,45,53,-1,-1,7
53687817,0,17,-1,-1,1
53693198,46,14,-1,-1,1
53692218,10,37,-1,-1,2
53695516,16,14,-1,-1,6
53693836,3,53,-1,-1,0
53694863,37,57,-1,-1,3
53658527,46,47,-1,-1,2
53659503,1,58,-1,-1,6
53695302,14,17,-1,-1,0
53694204,4,41,-1,-1,1
53689947,3,45,-1,-1,7
53685245,47,35,-1,-1,2
53690396,14,35,-1,-1,2
53691581,55,0,-1,-1,4
53691477,4,58,-1,-1,6
53685742,52,37,-1,-1,2
53680654,25,6,-1,-1,5
53687393,8,3,-1,-1,5
53694756,47,44,-1,-1,2
53693733,27,41,-1,-1,1
53692511,7,2,-1,-1,2
53654830,54,2,-1,-1,3
53692370,10,57,-1,-1,1
53696048,22,27,-1,-1,3
53691266,8,0,-1,-1,4
53695199,25,29,-1,-1,7
53692584,3,30,-1,-1,0
53685229,31,50,-1,-1,2
53693513,31,55,-1,-1,1
53678048,54,0,-1,-1,5
53695598,32,33,-1,-1,3
53695764,39,22,-1,-1,3
53693390,7,1,-1,-1,4
53695790,47,28,-1,-1,1
53689896,42,4,-1,-1,2
53694123,38,31,-1,-1,7
53690309,47,46,-1,-1,5
53689885,22,7,-1,-1,1
53687376,20,49,-1,-1,0
53687123,52,6,-1,-1,4
53695332,20,42,-1,-1,7
53689141,2,1,-1,-1,6
53685868,46,52,-1,-1,6
53695456,54,35,-1,-1,0
53695755,32,51,-1,-1,0
53694521,2,37,-1,-1,6
53695148,33,53,-1,-1,2
53695457,43,20,-1,-1,2
53695976,28,35,-1,-1,3
53686704,12,0,-1,-1,5
53693354,43,33,-1,-1,0
53681134,6,15,-1,-1,6
53692072,8,54,-1,-1,1
53694309,55,32,-1,-1,7
53695623,42,50,-1,-1,2
53675119,0,29,-1,-1,0
53695131,55,21,-1,-1,0
53690113,54,29,-1,-1,4
53686174,43,47,-1,-1,0
53695798,30,2,-1,-1,3
53689976,42,8,-1,-1,0
53685003,22,48,-1,-1,2
53689888,4,45,-1,-1,3
53695326,53,40,-1,-1,1
53694093,48,45,-1,-1,6
53693914,19,35,-1,-1,1
53695015,15,13,-1,-1,5
53689233,57,33,-1,-1,2
53690797,4,46,-1,-1,4
53652601,3,50,-1,-1,1
53691671,11,9,-1,-1,4
53689649,46,50,-1,-1,6
53695329,46,40,-1,-1,7
53692312,3,2,-1,-1,3
53683279,43,4,-1,-1,0
53694714,56,22,-1,-1,4
53695413,26,39,-1,-1,7
53692142,41,38,-1,-1,2
53694781,30,22,-1,-1,7
53692876,38,45,-1,-1,5
53693325,29,25,-1,-1,7
53694579,27,13,-1,-1,4
53656655,57,1,-1,-1,3
53689615,51,15,-1,-1,5
53692645,25,47,-1,-1,5
53682479,1,2,-1,-1,5
53689357,10,34,-1,-1,3
53694485,24,30,-1,-1,6
53687899,18,54,-1,-1,7
53695127,40,20,-1,-1,2
53695998,29,30,-1,-1,5
53695044,31,2,-1,-1,6
53676235,24,13,-1,-1,0
53691691,49,58,-1,-1,2
53684544,19,4,-1,-1,4
53690058,44,12,-1,-1,5
53696009,25,36,-1,-1,6
53695756,28,26,-1,-1,5
53693350,12,13,-1,-1,1
53693961,23,51,-1,-1,1
53695983,29,29,-1,-1,1
53694440,23,45,-1,-1,4
53695865,48,50,-1,-1,3
53675256,36,7,-1,-1,3
53692210,14,28,-1,-1,0
53695334,41,23,-1,-1,1
53693584,55,14,-1,-1,3
53674902,4,24,-1,-1,7
53695117,46,37,-1,-1,0
53695581,12,51,-1,-1,3
53693099,16,57,-1,-1,5
53693133,55,20,-1,-1,0
53693179,2,33,-1,-1,2
53681283,45,3,-1,-1,0
53695799,30,7,-1,-1,4
53683744,3,16,-1,-1,1
53693297,50,45,-1,-1,6
53694063,10,31,-1,-1,7
53694345,40,16,-1,-1,6
53695287,27,36,-1,-1,5
53686256,1,48,-1,-1,1
53689176,36,53,-1,-1,4
53680480,58,44,-1,-1,0
53693304,2,28,-1,-1,0
53693823,23,41,-1,-1,7
53695277,23,28,-1,-1,5
53694946,13,39,-1,-1,3
53693910,25,57,-1,-1,3
53695765,21,45,-1,-1,2
53695109,28,45,-1,-1,2
53691003,29,18,-1,-1,7
53693693,23,57,-1,-1,0
53696030,28,30,-1,-1,3
53688125,49,43,-1,-1,0
53696038,15,37,-1,-1,3
53683282,4,7,-1,-1,0
53689473,25,19,-1,-1,4
53695816,36,16,-1,-1,2
53690929,56,33,-1,-1,6
53693885,23,38,-1,-1,5
53689362,21,14,-1,-1,3
53695762,6,12,-1,-1,0
53691235,1,28,-1,-1,4
53690584,41,21,-1,-1,3
53695412,55,38,-1,-1,6
53694445,55,27,-1,-1,6
53695269,34,52,-1,-1,6
53692905,5,14,-1,-1,0
53695323,40,33,-1,-1,4
53679739,40,55,-1,-1,7
53690439,21,44,-1,-1,0
53694743,29,19,-1,-1,4
53695981,37,25,-1,-1,4
53694875,34,43,-1,-1,2
53693532,16,51,-1,-1,1
53684043,19,54,-1,-1,3
53695729,40,40,-1,-1,4
53688564,45,23,-1,-1,5
53695837,27,29,-1,-1,5
53694227,15,46,-1,-1,4
53694272,53,33,-1,-1,1
53687544,53,56,-1,-1,3
53693986,35,16,-1,-1,3
53690955,23,18,-1,-1,6
53692642,26,43,-1,-1,7
53692718,5,44,-1,-1,7
53694412,34,14,-1,-1,5
53690591,21,16,-1,-1,5
53695934,25,42,-1,-1,5
53694089,58,27,-1,-1,0
53694776,37,29,-1,-1,4
53684877,8,17,-1,-1,4
53689917,57,14,-1,-1,2
53695830,38,27,-1,-1,2
53680750,26,10,-1,-1,0
53695014,52,26,-1,-1,0
53690518,7,24,-1,-1,1
53688221,28,11,-1,-1,4
53683184,28,2,-1,-1,6
53694224,40,47,-1,-1,6
53694361,18,50,-1,-1,3
53695181,16,42,-1,-1,2
53687463,30,10,-1,-1,3
53690606,21,49,-1,-1,1
53695007,34,35,-1,-1,1
53692384,6,48,-1,-1,1
53695840,23,16,-1,-1,1
53688998,20,8,-1,-1,6
53680865,58,19,-1,-1,7
53691778,52,11,-1,-1,5
53678956,5,27,-1,-1,4
53693103,57,22,-1,-1,7
53695496,39,26,-1,-1,6
53679531,41,49,-1,-1,0
53689041,58,18,-1,-1,5
53693071,42,21,-1,-1,7
53682311,8,56,-1,-1,5
53695628,24,25,-1,-1,2
53691572,18,46,-1,-1,0
53695881,19,34,-1,-1,2
53693799,15,48,-1,-1,4
53695365,43,26,-1,-1,2
53688545,22,1,-1,-1,5
53694342,6,31,-1,-1,6
53695730,18,36,-1,-1,3
53691471,43,28,-1,-1,6
53695989,41,44,-1,-1,1
53692036,1,50,-1,-1,6
53682213,0,35,-1,-1,3
53695606,43,24,-1,-1,5
53695781,34,12,-1,-1,5
53682279,2,39,-1,-1,3
53673083,0,52,-1,-1,3
53693243,52,32,-1,-1,4
53695802,19,43,-1,-1,5
53684666,31,53,-1,-1,0
53691659,4,19,-1,-1,5
53692269,20,11,-1,-1,4
53695078,29,48,-1,-1,3
53690238,15,49,-1,-1,1
53681581,6,22,-1,-1,3
53695553,48,54,-1,-1,7
53671738,6,9,-1,-1,2
53691243,2,2,-1,-1,1
53694592,42,33,-1,-1,0
53695560,22,25,-1,-1,0
53692813,12,50,-1,-1,6
53694749,36,37,-1,-1,4
53695160,18,41,-1,-1,6
53695702,36,35,-1,-1,2
53694427,23,17,-1,-1,2
53669580,41,8,-1,-1,3
53687968,50,17,-1,-1,0
53694248,13,36,-1,-1,5
53694118,29,45,-1,-1,0
53689809,57,25,-1,-1,2
53694397,7,20,-1,-1,3
53695597,28,58,-1,-1,2
53695913,26,19,-1,-1,5
53695466,15,16,-1,-1,1
53673832,38,6,-1,-1,3
53695324,23,2,-1,-1,5
53694128,41,19,-1,-1,2
53694234,5,37,-1,-1,5
53691647,5,33,-1,-1,3
53695020,12,56,-1,-1,5
53695717,3,56,-1,-1,1
53688532,5,40,-1,-1,2
53694802,43,8,-1,-1,3
53692781,52,31,-1,-1,7
53688260,2,55,-1,-1,2
53677995,19,5,-1,-1,2
53691586,46,23,-1,-1,0
53694983,25,35,-1,-1,5
53695951,21,23,-1,-1,4
53688043,48,8,-1,-1,7
53680540,10,20,-1,-1,6
53694201,15,2,-1,-1,6
53693173,17,36,-1,-1,2
53692674,30,49,-1,-1,0
53694308,24,42,-1,-1,0
53681327,46,43,-1,-1,5
53692452,39,9,-1,-1,2
53694918,14,42,-1,-1,6
53693813,55,1,-1,-1,7
53680002,2,38,-1,-1,3
53682254,46,53,-1,-1,7
53686093,0,28,-1,-1,3
53695462,33,15,-1,-1,5
53694350,46,48,-1,-1,1
53695903,14,23,-1,-1,7
53695889,49,29,-1,-1,0
53695825,22,33,-1,-1,1
53694515,35,54,-1,-1,1
53694175,58,26,-1,-1,6
53695593,30,34,-1,-1,2
53694068,0,18,-1,-1,2
53694780,30,35,-1,-1,1
53692640,5,54,-1,-1,3
53695573,34,33,-1,-1,0
53691054,40,50,-1,-1,7
53695247,53,38,-1,-1,1
53692521,22,47,-1,-1,7
53693166,35,1,-1,-1,6
53682470,51,55,-1,-1,7
53690680,10,25,-1,-1,5
53693514,13,6,-1,-1,6
53653223,51,49,-1,-1,6
53695301,51,26,-1,-1,4
53695213,34,36,-1,-1,7
53672634,57,53,-1,-1,2
53695625,33,33,-1,-1,3
53687794,26,53,-1,-1,4
53671869,4,55,-1,-1,0
53695815,32,36,-1,-1,2
53695024,27,39,-1,-1,3
53687719,5,17,-1,-1,1
53693725,20,38,-1,-1,4
53694791,40,23,-1,-1,3
53695995,45,50,-1,-1,2
53692987,30,46,-1,-1,7
53693389,46,56,-1,-1,2
53696076,43,57,-1,-1,0
53689974,26,56,-1,-1,5
53690354,44,44,-1,-1,6
53693846,49,45,-1,-1,4
53695476,38,30,-1,-1,2
53676994,42,47,-1,-1,5
53691816,45,41,-1,-1,2
53681111,19,1,-1,-1,6
53695076,36,21,-1,-1,4
53695047,44,34,-1,-1,2
53695632,16,13,-1,-1,1
53692578,46,32,-1,-1,0
53677998,57,41,-1,-1,3
53694582,12,15,-1,-1,3
53694254,28,52,-1,-1,0
53684940,38,9,-1,-1,6
53694056,37,33,-1,-1,2
53691997,8,34,-1,-1,7
53685559,7,33,-1,-1,3
53690572,27,14,-1,-1,0
53695901,25,44,-1,-1,6
53674240,7,57,-1,-1,7
53693909,53,14,-1,-1,5
53695292,48,28,-1,-1,3
53690066,4,9,-1,-1,2
53690329,18,53,-1,-1,1
53693123,50,43,-1,-1,0
53694998,45,40,-1,-1,5
53692448,18,29,-1,-1,3
53694533,45,37,-1,-1,7
53692873,46,46,-1,-1,0
53693832,2,34,-1,-1,7
53694469,7,53,-1,-1,0
53695820,40,25,-1,-1,7
53695629,8,23,-1,-1,6
53683463,53,16,-1,-1,3
53675591,20,0,-1,-1,2
53695871,36,0,-1,-1,2
53676477,2,57,-1,-1,3
53690225,12,52,-1,-1,3
53667080,54,43,-1,-1,1
53695107,11,39,-1,-1,2
53694586,37,51,-1,-1,6
53695410,39,39,-1,-1,4
53683452,13,1,-1,-1,3
53683191,10,45,-1,-1,1
53693993,39,30,-1,-1,1
53695042,18,58,-1,-1,7
53694668,23,52,-1,-1,3
53683905,0,10,-1,-1,1
53693692,36,40,-1,-1,0
53694216,5,38,-1,-1,5
53689371,51,23,-1,-1,7
53694686,53,37,-1,-1,0
53691167,22,16,-1,-1,5
53692944,42,42,-1,-1,5
53683380,16,16,-1,-1,5
53694840,34,32,-1,-1,5
53691244,9,7,-1,-1,4
53692128,10,39,-1,-1,6
53695209,15,25,-1,-1,4
53687052,52,57,-1,-1,4
53695506,53,2,-1,-1,3
53694661,34,37,-1,-1,4
53694747,8,29,-1,-1,4
53651135,5,57,-1,-1,7
53695499,43,29,-1,-1,2
53682975,57,48,-1,-1,1
53695959,43,34,-1,-1,4
53696027,35,15,-1,-1,4
53669872,9,53,-1,-1,3
53695926,32,26,-1,-1,5
53682935,11,24,-1,-1,2
53688932,24,3,-1,-1,5
53686120,5,56,-1,-1,6
53695662,26,26,-1,-1,7
53692392,50,9,-1,-1,7
53686413,28,49,-1,-1,0
53682524,8,51,-1,-1,0
53695895,3,10,-1,-1,1
53694343,53,30,-1,-1,4
53690060,12,55,-1,-1,1
53687954,5,21,-1,-1,1
53672502,21,53,-1,-1,5
53692732,51,37,-1,-1,2
53674912,50,53,-1,-1,5
53696010,49,22,-1,-1,5
53695677,7,26,-1,-1,3
53693473,56,43,-1,-1,0
53694719,37,38,-1,-1,2
53695484,29,26,-1,-1,4
53685999,38,0,-1,-1,5
53694672,21,40,-1,-1,7
53694370,20,47,-1,-1,4
53689305,47,53,-1,-1,4
53695683,28,32,-1,-1,4
53680524,58,39,-1,-1,7
53696032,22,22,-1,-1,6
53692140,38,7,-1,-1,5
53673970,58,9,-1,-1,6
53693758,24,52,-1,-1,1
53690241,41,10,-1,-1,0
53692216,7,10,-1,-1,3
53695928,18,22,-1,-1,7
53695299,36,46,-1,-1,4
53695668,37,58,-1,-1,1
53689552,27,50,-1,-1,5
53694406,25,33,-1,-1,5
53671623,51,52,-1,-1,3
53693622,14,30,-1,-1,5
53689880,44,21,-1,-1,3
53694957,35,33,-1,-1,4
53672672,0,8,-1,-1,4
53696018,22,17,-1,-1,4
53683906,56,3,-1,-1,5
53687644,56,6,-1,-1,6
53686196,56,50,-1,-1,6
53693424,19,8,-1,-1,5
53695386,32,32,-1,-1,7
53683324,20,54,-1,-1,7
53695818,23,44,-1,-1,6
53696044,30,36,-1,-1,3
53685952,44,5,-1,-1,2
53693434,30,21,-1,-1,0
53686503,56,15,-1,-1,2
53696006,56,10,-1,-1,2
53693891,57,40,-1,-1,1
53659557,5,6,-1,-1,6
53695800,9,20,-1,-1,1
53693040,56,23,-1,-1,6
53694648,28,6,-1,-1,2
53695589,29,20,-1,-1,1
53694059,41,42,-1,-1,1
53693061,1,21,-1,-1,0
53696047,22,13,-1,-1,5
53695124,8,45,-1,-1,2
53695874,54,14,-1,-1,5
53694721,29,32,-1,-1,4
53692939,24,12,-1,-1,5
53695382,28,17,-1,-1,3
53692026,24,1,-1,-1,4
53695189,27,6,-1,-1,7
53688871,47,42,-1,-1,3
53695578,25,11,-1,-1,7
53688123,30,44,-1,-1,5
53690022,30,12,-1,-1,3
53684571,48,46,-1,-1,6
53695362,26,32,-1,-1,1
53696016,22,42,-1,-1,3
53654880,53,52,-1,-1,7
53686322,54,19,-1,-1,7
53691399,16,19,-1,-1,3
53695210,21,26,-1,-1,0
53693273,40,14,-1,-1,3
53693824,41,26,-1,-1,3
53686810,18,4,-1,-1,1
53695657,23,4,-1,-1,0
53695822,48,35,-1,-1,6
53695313,48,10,-1,-1,7
53681565,1,24,-1,-1,0
53695293,29,46,-1,-1,6
53691378,14,39,-1,-1,1
53690593,47,50,-1,-1,4
53691376,12,36,-1,-1,6
53686706,34,13,-1,-1,3
53686754,3,29,-1,-1,1
53694349,1,40,-1,-1,1
53684430,50,0,-1,-1,2
53690501,46,24,-1,-1,6
53695119,28,19,-1,-1,4
53687953,25,21,-1,-1,4
53680667,24,10,-1,-1,1
53689677,49,41,-1,-1,3
53671880,12,4,-1,-1,6
53695515,52,54,-1,-1,5
53695858,26,20,-1,-1,2
53692755,52,35,-1,-1,5
53689409,9,57,-1,-1,0
53695743,30,24,-1,-1,3
53694356,47,24,-1,-1,1
53691371,38,54,-1,-1,1
53690631,12,1,-1,-1,1
53691957,54,54,-1,-1,7
53695617,17,24,-1,-1,1
53682092,53,50,-1,-1,1
53695441,31,31,-1,-1,5
53676031,31,1,-1,-1,4
53694904,12,16,-1,-1,3
53695557,14,25,-1,-1,1
53676859,9,8,-1,-1,6
53694286,6,4,-1,-1,0
53664819,50,58,-1,-1,7
53692438,11,14,-1,-1,1
53689790,3,8,-1,-1,4
53690192,23,56,-1,-1,2
53688555,17,6,-1,-1,5
53691085,4,38,-1,-1,4
53695870,28,22,-1,-1,7
53695468,25,41,-1,-1,1
53695930,14,9,-1,-1,2
53694744,29,38,-1,-1,1
53681253,18,0,-1,-1,5
53678142,7,40,-1,-1,3
53692833,0,9,-1,-1,4
53695939,48,53,-1,-1,5
53695353,16,7,-1,-1,4
53689015,3,12,-1,-1,7
53686957,56,25,-1,-1,3
53676519,10,46,-1,-1,2
53693310,46,12,-1,-1,2
53693939,31,44,-1,-1,7
53695320,28,9,-1,-1,1
53684158,10,56,-1,-1,0
53690565,12,3,-1,-1,0
53688496,32,10,-1,-1,1
53679001,35,11,-1,-1,5
53641128,58,7,-1,-1,0
53692659,13,51,-1,-1,1
53694958,33,39,-1,-1,4
53682029,49,57,-1,-1,2
53695715,49,14,-1,-1,0
53694793,58,21,-1,-1,7
53690451,8,46,-1,-1,2
53649124,45,2,-1,-1,6
53690837,41,12,-1,-1,5
53694711,46,26,-1,-1,7
53692102,53,54,-1,-1,1
53695660,53,17,-1,-1,6
53695952,29,15,-1,-1,6
53681696,49,54,-1,-1,1
53683938,4,47,-1,-1,0
53683792,11,20,-1,-1,1
53690687,58,11,-1,-1,4
53695857,16,32,-1,-1,2
53695161,31,40,-1,-1,5
53695803,32,37,-1,-1,2
53692962,52,18,-1,-1,5
53695885,33,38,-1,-1,7
53678345,8,9,-1,-1,2
53695829,53,13,-1,-1,0
53671252,11,58,-1,-1,1
53684038,12,39,-1,-1,4
53691546,8,42,-1,-1,3
53693979,45,17,-1,-1,6
53695817,5,7,-1,-1,2
53689169,25,8,-1,-1,3
53688252,21,9,-1,-1,6
53694626,20,36,-1,-1,0
53680284,11,7,-1,-1,4
53692964,16,38,-1,-1,3
53691555,50,1,-1,-1,0
53693580,46,49,-1,-1,5
53695318,38,25,-1,-1,5
53694380,7,5,-1,-1,0
53696053,42,51,-1,-1,6
53693925,13,19,-1,-1,4
53686908,54,40,-1,-1,7
53690566,9,48,-1,-1,7
53694549,37,28,-1,-1,3
53695349,48,7,-1,-1,1
53694148,11,22,-1,-1,3
53695008,35,27,-1,-1,6
53664187,55,30,-1,-1,7
53626766,26,0,-1,-1,5
53677913,0,58,-1,-1,2
53692896,52,42,-1,-1,0
53679831,16,12,-1,-1,1
53695921,16,22,-1,-1,2
53688993,8,44,-1,-1,6
53695087,5,50,-1,-1,0
53691631,40,44,-1,-1,2
53682666,16,48,-1,-1,1
53694081,26,2,-1,-1,0
53692397,34,46,-1,-1,2
53693833,35,22,-1,-1,6
53686999,6,2,-1,-1,0
53694748,11,8,-1,-1,7
53689507,54,36,-1,-1,0
53685363,13,28,-1,-1,4
53688711,34,0,-1,-1,3
53690446,57,26,-1,-1,7
53695330,37,36,-1,-1,3
53693480,33,18,-1,-1,5
53693569,47,14,-1,-1,5
53694799,52,23,-1,-1,6
53689297,10,17,-1,-1,5
53690733,54,5,-1,-1,0
53695032,26,35,-1,-1,5
53686691,57,13,-1,-1,4
53692831,51,40,-1,-1,3
53693987,37,50,-1,-1,2
53669668,52,50,-1,-1,1
53674278,34,9,-1,-1,1
53693343,55,22,-1,-1,2
53693874,11,36,-1,-1,2
53694732,19,7,-1,-1,2
53685646,58,36,-1,-1,5
53680256,22,56,-1,-1,3
53691721,10,10,-1,-1,5
53695590,44,38,-1,-1,7
53695132,2,29,-1,-1,7
53693688,32,28,-1,-1,0
53658366,58,53,-1,-1,6
53689270,17,3,-1,-1,5
53691319,13,18,-1,-1,3
53695883,52,40,-1,-1,6
53682356,3,58,-1,-1,2
53673883,13,55,-1,-1,0
53690921,31,7,-1,-1,1
53669344,37,10,-1,-1,1
53686164,36,9,-1,-1,4
53695846,18,34,-1,-1,3
53668430,41,58,-1,-1,2
53677452,14,2,-1,-1,0
53688962,47,19,-1,-1,3
53693845,25,56,-1,-1,1
53693919,47,7,-1,-1,3
53678841,41,5,-1,-1,1
53657976,58,5,-1,-1,5
53680690,45,56,-1,-1,3
53688367,23,58,-1,-1,2
53660735,3,41,-1,-1,4
53674907,41,3,-1,-1,5
53684524,8,11,-1,-1,4
53691184,36,55,-1,-1,7
53693415,50,4,-1,-1,6
53668094,14,0,-1,-1,5
53691400,1,5,-1,-1,5
53690479,25,5,-1,-1,5
53661094,52,47,-1,-1,5
53688798,10,12,-1,-1,5
53687588,12,11,-1,-1,6
53693296,4,6,-1,-1,3
53696039,34,15,-1,-1,7
53694807,45,33,-1,-1,1
53695146,42,20,-1,-1,4
53695230,15,7,-1,-1,2
53682905,12,25,-1,-1,1
53690424,16,24,-1,-1,3
53685859,34,11,-1,-1,4
53692273,8,16,-1,-1,7
53692994,30,43,-1,-1,4
53681097,53,6,-1,-1,5
53689407,23,13,-1,-1,2
53692683,54,17,-1,-1,2
53695763,23,46,-1,-1,1
53693510,32,0,-1,-1,2
53695713,38,37,-1,-1,1
53695582,20,35,-1,-1,4
53695542,49,36,-1,-1,1
53691705,51,28,-1,-1,6
53695447,30,17,-1,-1,6
53692923,16,41,-1,-1,5
53666637,9,12,-1,-1,2
53695780,21,39,-1,-1,4
53694283,30,50,-1,-1,5
53694296,55,50,-1,-1,3
53678505,30,5,-1,-1,3
53667704,0,54,-1,-1,3
53694211,18,37,-1,-1,5
53688455,56,0,-1,-1,3
53687946,53,35,-1,-1,3
53689600,57,10,-1,-1,0
53694090,33,14,-1,-1,3
53693920,36,15,-1,-1,4
53685131,17,53,-1,-1,0
53694338,36,41,-1,-1,1
53692632,50,54,-1,-1,4
53694219,43,16,-1,-1,6
53686316,9,22,-1,-1,7
53683257,57,44,-1,-1,7
53679520,45,47,-1,-1,3
53691906,41,50,-1,-1,7
53681993,29,8,-1,-1,0
53695259,25,22,-1,-1,7
53695393,11,44,-1,-1,7
53693318,33,7,-1,-1,5
53693834,51,13,-1,-1,4
53684231,54,46,-1,-1,1
53694605,22,29,-1,-1,3
53696036,19,31,-1,-1,3
53688616,30,8,-1,-1,6
53683448,3,13,-1,-1,4
53695689,38,34,-1,-1,2
53694384,14,15,-1,-1,2
53681044,41,2,-1,-1,4
53695850,57,28,-1,-1,2
53693171,48,12,-1,-1,5
53691494,6,56,-1,-1,3
53661278,5,47,-1,-1,0
53691977,47,21,-1,-1,5
53654396,7,44,-1,-1,1
53694100,19,33,-1,-1,4
53694913,30,19,-1,-1,7
53666028,5,26,-1,-1,6
53685801,44,52,-1,-1,1
53693370,13,22,-1,-1,3
53690458,52,2,-1,-1,0
53694607,12,32,-1,-1,4
53696001,29,40,-1,-1,2
53691397,5,41,-1,-1,4
53693373,21,50,-1,-1,4
53695719,32,39,-1,-1,2
53689100,43,9,-1,-1,0
53694620,5,36,-1,-1,0
53679389,8,55,-1,-1,4
53690906,20,48,-1,-1,4
53693918,29,43,-1,-1,6
53695768,52,30,-1,-1,0
53678323,47,38,-1,-1,4
53695695,36,11,-1,-1,4
53684113,38,53,-1,-1,6
53694950,31,25,-1,-1,0
53695167,37,56,-1,-1,3
53696059,15,15,-1,-1,3
53691427,44,18,-1,-1,4
53694651,49,19,-1,-1,2
53692768,45,7,-1,-1,4
53695551,36,42,-1,-1,0
53690836,11,52,-1,-1,3
53683546,0,41,-1,-1,2
53694002,46,34,-1,-1,6
53692461,55,24,-1,-1,2
53695492,23,20,-1,-1,5
53689802,2,16,-1,-1,3
53695692,35,30,-1,-1,1
53690942,33,50,-1,-1,3
53693952,12,14,-1,-1,2
53694530,11,33,-1,-1,6
53693734,51,42,-1,-1,7
53693771,13,32,-1,-1,0
53694908,37,52,-1,-1,2
53695558,24,24,-1,-1,1
53691142,31,5,-1,-1,0
53694956,7,31,-1,-1,6
53678803,32,12,-1,-1,7
53689835,19,12,-1,-1,4
53694501,16,20,-1,-1,3
53694914,22,15,-1,-1,6
53695974,37,31,-1,-1,6
53687512,2,23,-1,-1,5
53695202,42,18,-1,-1,0
53682581,28,56,-1,-1,4
53694766,46,44,-1,-1,6
53686423,7,23,-1,-1,2
53680816,46,54,-1,-1,6
53695868,19,46,-1,-1,0
53692329,55,3,-1,-1,7
53683575,8,12,-1,-1,6
53681688,31,57,-1,-1,0
53687558,57,54,-1,-1,3
53694739,30,29,-1,-1,2
53692505,50,32,-1,-1,4
53695363,28,34,-1,-1,5
53692355,30,58,-1,-1,0
53695145,29,35,-1,-1,6
53690916,17,41,-1,-1,0
53692176,57,27,-1,-1,2
53694045,36,31,-1,-1,7
53678039,12,6,-1,-1,7
53693566,10,13,-1,-1,4
53691374,28,48,-1,-1,5
53686333,55,46,-1,-1,7
53694443,34,45,-1,-1,4
53695310,32,38,-1,-1,7
53694916,17,32,-1,-1,3
53683035,5,46,-1,-1,0
53688116,47,11,-1,-1,6
53689429,3,40,-1,-1,4
53694047,56,9,-1,-1,0
53684464,16,9,-1,-1,6
53695045,37,18,-1,-1,7
53674576,6,50,-1,-1,3
53683361,0,19,-1,-1,1
53693955,14,57,-1,-1,1
53694421,26,21,-1,-1,0
53695115,36,14,-1,-1,5
53692981,55,6,-1,-1,6
53693727,43,40,-1,-1,4
53693815,21,13,-1,-1,0
53693644,29,55,-1,-1,7
53694809,53,44,-1,-1,6
53689930,35,8,-1,-1,0
53695219,54,27,-1,-1,7
53693896,55,31,-1,-1,5
53689966,13,41,-1,-1,3
53690053,13,56,-1,-1,0
53692891,39,40,-1,-1,4
53695395,36,32,-1,-1,0
53688615,32,56,-1,-1,1
53689282,3,57,-1,-1,0
53694535,20,37,-1,-1,4
53692739,56,30,-1,-1,4
53692489,58,25,-1,-1,7
53679126,57,52,-1,-1,6
53688504,56,46,-1,-1,3
53665330,2,11,-1,-1,5
53694700,44,22,-1,-1,6
53691677,54,26,-1,-1,6
53689863,12,10,-1,-1,3
53688991,57,42,-1,-1,6
53695748,31,15,-1,-1,1
53686840,55,39,-1,-1,6
53671194,0,25,-1,-1,0
53694735,43,25,-1,-1,5
53694351,6,8,-1,-1,2
53695605,56,17,-1,-1,6
53691365,55,16,-1,-1,2
53692989,44,47,-1,-1,6
53682071,18,9,-1,-1,6
53682472,37,6,-1,-1,0
53695847,17,40,-1,-1,6
53663307,49,40,-1,-1,4
53695179,27,46,-1,-1,5
53680939,8,52,-1,-1,1
53695038,54,25,-1,-1,3
53695536,24,29,-1,-1,2
53683129,15,58,-1,-1,6
53688820,39,8,-1,-1,7
53691832,6,57,-1,-1,5
53690924,2,51,-1,-1,7
53690489,29,47,-1,-1,2
53696045,29,23,-1,-1,1
53678359,53,9,-1,-1,5
53695680,34,22,-1,-1,2
53670923,58,58,-1,-1,0
53694208,18,23,-1,-1,5
53695733,17,20,-1,-1,7
53694011,31,28,-1,-1,7
53686871,3,18,-1,-1,3
53686605,30,0,-1,-1,2
53695539,57,21,-1,-1,3
53693063,3,5,-1,-1,0
53695950,5,58,-1,-1,7
53693075,40,42,-1,-1,7
53695422,21,55,-1,-1,1
53690178,30,6,-1,-1,0
53695383,7,41,-1,-1,2
53687814,47,43,-1,-1,4
53696070,37,39,-1,-1,5
53692493,54,30,-1,-1,2
53695354,1,20,-1,-1,6
53685359,48,52,-1,-1,5
53694092,28,36,-1,-1,3
53692884,7,16,-1,-1,6
53672974,9,55,-1,-1,4
53694270,53,57,-1,-1,5
53694707,22,23,-1,-1,1
53695918,19,20,-1,-1,5
53694339,22,30,-1,-1,3
53685711,32,2,-1,-1,1
53687504,26,47,-1,-1,6
53695664,24,17,-1,-1,6
53693054,44,3,-1,-1,1
53640703,0,51,-1,-1,0
53691096,41,1,-1,-1,1
53691152,51,43,-1,-1,6
53691950,9,16,-1,-1,5
53692535,49,11,-1,-1,5
53695482,17,30,-1,-1,5
53691674,25,38,-1,-1,0
53692394,40,39,-1,-1,3
53695766,25,27,-1,-1,2
53680744,41,6,-1,-1,2
53695891,42,17,-1,-1,1
53695407,50,26,-1,-1,4
53685237,4,14,-1,-1,5
53695215,10,40,-1,-1,0
53687868,34,58,-1,-1,6
53695155,31,27,-1,-1,3
53687070,5,4,-1,-1,6
53692420,52,0,-1,-1,6
53688657,57,45,-1,-1,4
53693869,35,17,-1,-1,1
53695784,18,25,-1,-1,2
53691541,46,19,-1,-1,7
53694464,27,10,-1,-1,5
53695477,35,2,-1,-1,5
53695203,51,34,-1,-1,5
53689964,11,54,-1,-1,7
53691513,12,41,-1,-1,7
53693313,55,58,-1,-1,0
53679439,55,12,-1,-1,5
53678051,45,0,-1,-1,2
53694129,14,27,-1,-1,4
53688982,33,13,-1,-1,7
53689320,3,3,-1,-1,6
53695041,32,49,-1,-1,5
53674699,54,55,-1,-1,0
53695920,15,21,-1,-1,3
53682730,43,54,-1,-1,4
53695208,3,37,-1,-1,5
53694785,34,34,-1,-1,7
53696068,10,42,-1,-1,3
53694664,20,57,-1,-1,3
53691943,15,9,-1,-1,0
53691380,22,20,-1,-1,6
53678878,6,6,-1,-1,1
53680147,9,47,-1,-1,4
53686359,27,16,-1,-1,6
53690407,9,0,-1,-1,5
53690166,15,24,-1,-1,3
53695372,15,34,-1,-1,3
53684413,0,45,-1,-1,2
53668247,0,37,-1,-1,0
53688911,5,5,-1,-1,6
53687039,34,50,-1,-1,7
53694932,43,48,-1,-1,7
53695738,34,18,-1,-1,0
53682673,18,2,-1,-1,5
53694377,17,37,-1,-1,0
53694948,32,19,-1,-1,2
53693161,44,51,-1,-1,3
53695062,26,44,-1,-1,5
53676403,54,50,-1,-1,6
53693462,31,21,-1,-1,0
53694495,45,48,-1,-1,1
53673011,25,2,-1,-1,5
53674969,4,48,-1,-1,3
53695216,37,19,-1,-1,6
53689701,6,51,-1,-1,0
53695812,34,5,-1,-1,1
53692122,19,16,-1,-1,0
53693028,40,57,-1,-1,4
53685134,49,21,-1,-1,6
53695613,30,32,-1,-1,3
53694315,24,33,-1,-1,7
53682613,11,49,-1,-1,0
53692440,33,45,-1,-1,4
53693808,38,38,-1,-1,7
53690969,47,29,-1,-1,1
53695982,34,31,-1,-1,6
53685959,7,42,-1,-1,4
53688887,0,26,-1,-1,3
53695090,42,35,-1,-1,5
53695932,25,23,-1,-1,0
53695745,12,34,-1,-1,3
53691349,54,23,-1,-1,3
53694371,35,19,-1,-1,3
53696015,25,17,-1,-1,0
53694432,53,23,-1,-1,0
53694127,41,57,-1,-1,3
53691442,36,51,-1,-1,3
53676823,7,14,-1,-1,6
53688582,6,11,-1,-1,6
53695661,47,12,-1,-1,2
53688287,20,7,-1,-1,2
53688958,55,54,-1,-1,4
53695636,21,48,-1,-1,3
53693732,30,15,-1,-1,1
53688120,7,7,-1,-1,1
53695006,42,40,-1,-1,2
53692623,14,14,-1,-1,3
53658833,2,46,-1,-1,2
53687962,56,38,-1,-1,0
53675765,10,14,-1,-1,4
53695645,20,3,-1,-1,3
53694311,58,41,-1,-1,4
53693996,39,31,-1,-1,5
53692300,57,36,-1,-1,5
53695877,18,30,-1,-1,2
53692150,38,52,-1,-1,7
53690030,46,11,-1,-1,0
53693628,41,46,-1,-1,1
53691072,50,24,-1,-1,6
53692927,36,44,-1,-1,1
53687970,8,32,-1,-1,4
53693696,40,28,-1,-1,0
53688142,4,39,-1,-1,3
53694628,17,14,-1,-1,3
53693708,17,46,-1,-1,5
53686230,40,1,-1,-1,1
53694491,17,52,-1,-1,2
53690250,35,21,-1,-1,4
53689998,9,44,-1,-1,3
53670281,9,6,-1,-1,1
53692281,13,23,-1,-1,1
53690716,39,48,-1,-1,1
53687543,34,6,-1,-1,5
53691527,0,2,-1,-1,4
53695758,51,56,-1,-1,1
53690970,18,48,-1,-1,3
53665230,4,53,-1,-1,0
53688528,50,7,-1,-1,7
53695118,41,35,-1,-1,6
53692801,11,46,-1,-1,5
53694551,3,0,-1,-1,6
53690208,39,57,-1,-1,1
53656354,45,9,-1,-1,0
53695839,55,15,-1,-1,1
53683025,47,41,-1,-1,6
53691476,36,49,-1,-1,1
53692187,46,16,-1,-1,4
53691839,7,12,-1,-1,2
53694094,51,57,-1,-1,0
53691337,10,8,-1,-1,2
53695753,21,7,-1,-1,2
53695744,30,57,-1,-1,4
53645240,42,7,-1,-1,4
53695358,28,31,-1,-1,0
53690996,44,41,-1,-1,6
53672828,2,3,-1,-1,4
53695290,36,18,-1,-1,5
53683728,57,47,-1,-1,7
53684709,5,31,-1,-1,7
53686025,6,44,-1,-1,4
53679860,11,13,-1,-1,5
53695101,41,40,-1,-1,6
53668280,29,2,-1,-1,1
53676657,3,46,-1,-1,5
53690252,46,58,-1,-1,2
53694236,44,29,-1,-1,7
53693098,45,54,-1,-1,2
53695931,37,17,-1,-1,4
53693058,45,49,-1,-1,4
53692669,8,18,-1,-1,1
53695525,17,23,-1,-1,3
53694111,15,30,-1,-1,7
53696055,30,18,-1,-1,0
53688295,14,50,-1,-1,3
53696028,44,28,-1,-1,7
53683497,28,3,-1,-1,3
53692680,46,8,-1,-1,0
53695254,46,41,-1,-1,2
53694097,49,2,-1,-1,3
53695534,35,26,-1,-1,0
53693907,7,39,-1,-1,0
53695674,35,49,-1,-1,1
53691990,47,49,-1,-1,7
53684878,10,49,-1,-1,6
53695836,22,32,-1,-1,3
53691842,18,45,-1,-1,7
53678787,2,41,-1,-1,6
53694543,38,26,-1,-1,1
53695106,12,24,-1,-1,3
53686793,50,2,-1,-1,3
53677049,18,1,-1,-1,5
53694954,22,34,-1,-1,3
53692821,50,44,-1,-1,2
53682504,6,42,-1,-1,0
53694868,19,39,-1,-1,4
53695860,27,49,-1,-1,6
53683896,15,55,-1,-1,6
53693377,14,12,-1,-1,2
53694243,32,4,-1,-1,1
53679143,5,48,-1,-1,3
53696060,23,24,-1,-1,0
53679983,44,11,-1,-1,5
53693152,28,55,-1,-1,7
53695421,58,49,-1,-1,0
53695470,7,25,-1,-1,4
53694585,37,40,-1,-1,0
53693868,30,31,-1,-1,6
53693888,50,29,-1,-1,4
53694597,30,42,-1,-1,1
53693963,0,7,-1,-1,4
53693934,31,38,-1,-1,7
53695112,47,15,-1,-1,4
53681420,21,12,-1,-1,3
53683343,0,20,-1,-1,2
53695711,44,37,-1,-1,3
53690807,3,19,-1,-1,2
53686780,47,37,-1,-1,6
53694712,16,23,-1,-1,7
53689557,48,38,-1,-1,1
53695656,47,33,-1,-1,4
53695805,21,28,-1,-1,5
53695621,38,55,-1,-1,7
53692263,22,57,-1,-1,7
53680845,48,13,-1,-1,7
53688423,47,39,-1,-1,0
53693744,57,37,-1,-1,4
53695835,14,43,-1,-1,7
53692776,44,0,-1,-1,2
53642710,19,0,-1,-1,3
53683883,22,53,-1,-1,5
53691984,12,9,-1,-1,1
53691345,35,4,-1,-1,0
53690992,52,53,-1,-1,1
53695869,5,24,-1,-1,2
53686836,54,6,-1,-1,0
53695535,57,18,-1,-1,6
53694459,17,51,-1,-1,4
53695263,3,25,-1,-1,5
53690595,52,44,-1,-1,5
53694851,12,37,-1,-1,4
53686855,16,1,-1,-1,1
53695343,39,53,-1,-1,1
53693178,4,1,-1,-1,1
53693504,34,27,-1,-1,1
53694931,6,34,-1,-1,1
53690959,49,15,-1,-1,4
53687778,16,2,-1,-1,3
53695351,5,18,-1,-1,3
53692141,42,53,-1,-1,0
53681779,46,6,-1,-1,2
53693024,22,50,-1,-1,6
53689652,23,14,-1,-1,1
53687203,26,13,-1,-1,5
53674927,58,6,-1,-1,5
53693669,33,20,-1,-1,0
53695286,45,16,-1,-1,2
53695152,17,4,-1,-1,0
53683366,53,1,-1,-1,5
53693872,20,41,-1,-1,7
53694442,56,24,-1,-1,4
53695565,18,43,-1,-1,0
53681262,19,50,-1,-1,0
53674211,2,49,-1,-1,0
53690922,6,30,-1,-1,1
53695884,41,39,-1,-1,2
53690159,43,0,-1,-1,2
53691928,32,52,-1,-1,5
53688841,29,44,-1,-1,0
53682226,8,22,-1,-1,3
53696052,51,12,-1,-1,5
53695120,27,20,-1,-1,6
53685802,48,43,-1,-1,2
53685840,9,10,-1,-1,2
53694614,53,28,-1,-1,7
53690651,13,17,-1,-1,6
53692099,9,52,-1,-1,4
53691646,15,5,-1,-1,3
53694382,35,29,-1,-1,4
53695191,23,33,-1,-1,6
53690398,57,19,-1,-1,4
53692814,49,25,-1,-1,2
53691360,26,48,-1,-1,3
53691069,26,5,-1,-1,1
53694164,35,40,-1,-1,6
53689202,10,29,-1,-1,6
53685356,50,11,-1,-1,2
53684387,46,1,-1,-1,0
53662818,48,40,-1,-1,7
53693911,6,49,-1,-1,3
53684268,21,58,-1,-1,2
53695757,4,22,-1,-1,1
53693875,30,23,-1,-1,4
53687321,26,12,-1,-1,0
53686101,39,12,-1,-1,1
53690099,37,49,-1,-1,7
53676623,25,51,-1,-1,2
53693414,47,32,-1,-1,2
53693718,13,35,-1,-1,2
53691321,54,7,-1,-1,2
53693908,2,7,-1,-1,6
53689490,45,52,-1,-1,0
53676890,22,2,-1,-1,4
53692550,8,37,-1,-1,3
53689011,1,57,-1,-1,6
53693262,56,48,-1,-1,7
53693912,17,58,-1,-1,2
53695574,33,27,-1,-1,1
53691362,6,28,-1,-1,2
53694200,38,12,-1,-1,6
53693119,24,55,-1,-1,6
53690338,54,58,-1,-1,7
53670462,2,10,-1,-1,0
53695833,4,51,-1,-1,0
53691642,15,28,-1,-1,4
53696054,28,18,-1,-1,3
53695727,36,30,-1,-1,1
53695576,13,44,-1,-1,5
53692369,14,51,-1,-1,2
53695017,55,47,-1,-1,1
53660958,29,5,-1,-1,5
53688534,47,25,-1,-1,7
53672522,35,58,-1,-1,2
53691098,48,58,-1,-1,2
53694733,10,24,-1,-1,0
53692002,39,54,-1,-1,7
53695438,48,44,-1,-1,7
53692170,40,15,-1,-1,6
53694848,39,45,-1,-1,6
53692018,20,58,-1,-1,0
53684813,39,13,-1,-1,2
53687417,7,0,-1,-1,6
53695556,49,12,-1,-1,5
53694434,36,23,-1,-1,5
53685948,58,20,-1,-1,6
53695570,34,42,-1,-1,6
53694727,28,13,-1,-1,1
53682492,51,8,-1,-1,0
53688141,27,56,-1,-1,3
53691782,17,43,-1,-1,2
53695430,47,13,-1,-1,4
53695665,58,37,-1,-1,4
53695308,17,54,-1,-1,2
53695966,32,17,-1,-1,7
53690145,53,25,-1,-1,5
53694853,32,34,-1,-1,2
53683483,32,48,-1,-1,5
53691304,51,50,-1,-1,4
53695258,27,2,-1,-1,4
53687979,55,45,-1,-1,5
53690755,32,46,-1,-1,4
53695165,21,24,-1,-1,3
53695948,12,49,-1,-1,3
53695779,17,19,-1,-1,3
53695218,27,21,-1,-1,6
53694405,23,32,-1,-1,1
53673660,5,11,-1,-1,4
53695975,20,12,-1,-1,0
53687608,46,15,-1,-1,7
53687840,7,27,-1,-1,7
53692260,0,31,-1,-1,3
53693463,24,49,-1,-1,6
53695876,50,27,-1,-1,6
53694865,43,12,-1,-1,1
53687874,32,42,-1,-1,5
53683199,55,17,-1,-1,5
53687762,54,37,-1,-1,3
53695187,53,27,-1,-1,5
53694452,25,18,-1,-1,3
53695563,52,43,-1,-1,5
53692583,15,10,-1,-1,2
53694471,14,46,-1,-1,4
53693027,0,46,-1,-1,0
53695627,7,32,-1,-1,7
53695567,47,18,-1,-1,2
53685140,46,45,-1,-1,0
53643133,0,13,-1,-1,4
53694396,6,43,-1,-1,2
53693801,32,58,-1,-1,0
53695149,50,14,-1,-1,3
53692960,32,47,-1,-1,6
53695486,44,40,-1,-1,0
53676482,33,3,-1,-1,5
53691437,38,50,-1,-1,0
53694373,37,53,-1,-1,3
53660416,27,0,-1,-1,5
53694843,39,17,-1,-1,2
53690029,57,15,-1,-1,6
53695769,28,41,-1,-1,5
53687815,51,11,-1,-1,7
53692597,13,53,-1,-1,5
53678300,44,10,-1,-1,4
53692049,37,11,-1,-1,5
53685504,36,47,-1,-1,1
53691921,47,54,-1,-1,5
53695890,29,6,-1,-1,5
53691828,8,30,-1,-1,4
53692136,53,43,-1,-1,2
53692522,13,25,-1,-1,7
53672975,1,16,-1,-1,6
53695828,1,33,-1,-1,2
53656498,49,44,-1,-1,2
53686550,38,57,-1,-1,1
53695691,33,28,-1,-1,2
53695348,43,2,-1,-1,1
53666612,9,46,-1,-1,7
53692265,45,51,-1,-1,2
53696017,22,26,-1,-1,1
53695279,33,58,-1,-1,2
53683137,57,39,-1,-1,5
53689844,38,1,-1,-1,7
53695943,31,33,-1,-1,1
53695312,21,11,-1,-1,1
53692661,33,11,-1,-1,2
53690933,14,1,-1,-1,1
53694616,0,40,-1,-1,1
53694433,44,19,-1,-1,0
53695467,20,30,-1,-1,4
53690811,27,52,-1,-1,1
53695969,30,27,-1,-1,1
53682529,12,54,-1,-1,2
53686371,50,39,-1,-1,0
53692057,24,0,-1,-1,2
53693560,1,54,-1,-1,1
53691448,3,39,-1,-1,7
53692237,14,40,-1,-1,1
53690478,15,23,-1,-1,7
53693853,17,39,-1,-1,4
53695397,36,17,-1,-1,5
53684854,7,13,-1,-1,3
53695749,40,36,-1,-1,6
53695987,19,32,-1,-1,7
53692898,49,39,-1,-1,6
53695503,16,5,-1,-1,3
53692482,25,10,-1,-1,1
53694156,19,48,-1,-1,3
53694608,26,11,-1,-1,3
53693520,35,18,-1,-1,7
53694888,12,26,-1,-1,0
53694251,16,27,-1,-1,6
53689489,58,45,-1,-1,4
53671714,24,2,-1,-1,0
53688980,0,33,-1,-1,3
53695957,9,17,-1,-1,6
53693326,30,26,-1,-1,6
53690150,48,29,-1,-1,6
53689302,55,35,-1,-1,4
53695979,37,45,-1,-1,1
53695103,53,20,-1,-1,2
53695824,24,26,-1,-1,2
53692052,7,28,-1,-1,3
53692604,5,29,-1,-1,0
53696040,54,56,-1,-1,4
53685019,56,41,-1,-1,0
53676501,49,47,-1,-1,4
53689594,42,3,-1,-1,0
53692008,48,36,-1,-1,7
53687477,42,5,-1,-1,5
53693704,47,17,-1,-1,3
53688977,12,58,-1,-1,1
53687367,29,54,-1,-1,1
53695770,36,34,-1,-1,3
53690459,37,35,-1,-1,0
53695471,52,7,-1,-1,3
53694144,41,15,-1,-1,1
53689423,25,52,-1,-1,2
53687030,32,13,-1,-1,2
53690239,47,0,-1,-1,5
53695726,33,21,-1,-1,2
53692693,30,52,-1,-1,1
53675182,46,3,-1,-1,6
53695655,23,36,-1,-1,3
53693466,39,49,-1,-1,6
53695392,23,23,-1,-1,0
53693867,3,15,-1,-1,4
53696078,20,43,-1,-1,7
53686869,39,46,-1,-1,1
53690189,52,9,-1,-1,4
53689144,6,21,-1,-1,2
53692514,31,11,-1,-1,1
53690939,43,14,-1,-1,7
53680086,45,10,-1,-1,1
53678704,4,15,-1,-1,0
53687488,52,45,-1,-1,4
53677496,40,2,-1,-1,5
53688523,49,27,-1,-1,4
53691745,8,57,-1,-1,5
53690076,52,21,-1,-1,5
53693975,37,47,-1,-1,7
53695053,25,32,-1,-1,2
53692220,29,9,-1,-1,0
53695360,49,23,-1,-1,2
53693724,33,57,-1,-1,7
53690248,12,5,-1,-1,0
53695281,53,29,-1,-1,1
53685011,27,15,-1,-1,3
53695378,56,28,-1,-1,0
53686460,54,15,-1,-1,5
53671589,6,3,-1,-1,7
53666446,6,5,-1,-1,2
53687904,8,48,-1,-1,5
53678951,14,6,-1,-1,4
53694669,26,23,-1,-1,4
53694630,44,43,-1,-1,1
53688415,47,10,-1,-1,0
53694665,14,55,-1,-1,1
53690191,24,8,-1,-1,3
53692515,41,0,-1,-1,6
53696064,50,30,-1,-1,0
53688136,11,57,-1,-1,5
53695401,32,6,-1,-1,4
53682455,14,56,-1,-1,3
53694334,28,50,-1,-1,6
53693366,44,46,-1,-1,3
53694554,26,15,-1,-1,0
53693399,27,18,-1,-1,0
53694646,8,49,-1,-1,6
53689902,13,45,-1,-1,6
53695608,1,36,-1,-1,1
53694249,26,6,-1,-1,7
53692985,15,0,-1,-1,6
53657172,4,43,-1,-1,4
53695402,43,22,-1,-1,4
53693450,9,11,-1,-1,3
53691648,28,51,-1,-1,2
53692249,34,16,-1,-1,4
53692068,9,50,-1,-1,1
53684826,53,41,-1,-1,3
53690143,11,47,-1,-1,5
53671912,34,4,-1,-1,7
53694816,40,41,-1,-1,1
53678683,55,51,-1,-1,0
53691260,26,28,-1,-1,0
53690096,12,31,-1,-1,4
53695480,26,33,-1,-1,5
53693006,32,25,-1,-1,4
53693971,9,58,-1,-1,6
53692459,54,33,-1,-1,4
53693893,56,26,-1,-1,1
53691577,1,9,-1,-1,6
53687482,21,47,-1,-1,7
53683838,3,6,-1,-1,1
53686059,19,53,-1,-1,3
53695844,21,42,-1,-1,5
53673257,6,40,-1,-1,4
53690961,16,40,-1,-1,0
53683430,0,14,-1,-1,4
53695522,8,5,-1,-1,4
53695686,32,27,-1,-1,3
53692941,21,21,-1,-1,4
53674503,12,53,-1,-1,0
53694731,56,19,-1,-1,2
53693807,57,5,-1,-1,5
53686283,31,10,-1,-1,0
53695866,34,38,-1,-1,1
53694784,27,19,-1,-1,0
53695775,34,29,-1,-1,2
53686242,5,52,-1,-1,6
53687717,16,49,-1,-1,0
53695282,50,34,-1,-1,6
53693449,21,17,-1,-1,7
53685084,29,52,-1,-1,3
53694996,11,16,-1,-1,3
53693001,31,58,-1,-1,7
53687723,44,56,-1,-1,7
53693023,11,6,-1,-1,7
53695243,33,22,-1,-1,7
53691681,27,17,-1,-1,4
53695801,19,37,-1,-1,0
53694402,25,26,-1,-1,7
53690091,58,14,-1,-1,7
53689268,25,49,-1,-1,1
53681084,48,25,-1,-1,4
53679026,42,57,-1,-1,7
53683682,0,24,-1,-1,3
53693267,48,22,-1,-1,0
53694021,43,37,-1,-1,2
53692015,10,2,-1,-1,2
53653082,2,56,-1,-1,0
53683466,49,7,-1,-1,7
53684283,49,49,-1,-1,3
53689230,2,13,-1,-1,6
53690552,2,35,-1,-1,3
53695643,31,18,-1,-1,2
53693417,0,55,-1,-1,3
53693251,44,26,-1,-1,6
53690643,51,46,-1,-1,7
53696004,31,36,-1,-1,5
53691282,4,40,-1,-1,2
53681204,6,47,-1,-1,2
53696066,36,29,-1,-1,2
53661011,55,7,-1,-1,2
53695795,29,24,-1,-1,1
53660582,38,58,-1,-1,1
53693135,53,21,-1,-1,4
53694724,46,33,-1,-1,6
53694678,28,14,-1,-1,2
53688181,10,54,-1,-1,5
53692173,34,53,-1,-1,7
53693240,55,49,-1,-1,3
53695056,24,11,-1,-1,6
53683998,20,46,-1,-1,2
53693067,21,19,-1,-1,6
53693769,17,25,-1,-1,6
53693111,18,57,-1,-1,0
53692340,52,27,-1,-1,4
53685473,1,7,-1,-1,1
53695958,25,20,-1,-1,5
53682990,10,30,-1,-1,3
53696031,41,33,-1,-1,3
53695575,42,1,-1,-1,4
53684901,25,0,-1,-1,6
53680707,55,41,-1,-1,7
53696020,20,18,-1,-1,3
53695879,33,25,-1,-1,0
53688368,43,31,-1,-1,6
53693757,28,57,-1,-1,0
53693356,5,19,-1,-1,3
53694775,35,42,-1,-1,2
53693206,20,15,-1,-1,1
53681290,48,23,-1,-1,3
53692880,28,46,-1,-1,3
53694167,49,28,-1,-1,6
53667505,44,1,-1,-1,4
53695963,40,35,-1,-1,2
53685067,51,14,-1,-1,0
53692484,24,44,-1,-1,0
53692759,2,48,-1,-1,4
53693552,29,22,-1,-1,0
53682988,40,56,-1,-1,1
53676351,41,11,-1,-1,2
53693249,5,25,-1,-1,4
53694428,20,16,-1,-1,4
53653804,45,57,-1,-1,1
53691840,3,22,-1,-1,7
53684014,34,57,-1,-1,7
53666916,7,52,-1,-1,0
53695909,17,38,-1,-1,6
53694947,5,51,-1,-1,4
53693500,26,41,-1,-1,0
53692647,19,36,-1,-1,4
53693299,51,30,-1,-1,4
53693857,7,6,-1,-1,3
53694195,35,5,-1,-1,6
53687274,3,38,-1,-1,0
53691580,32,7,-1,-1,5
53695897,33,29,-1,-1,7
53690963,18,16,-1,-1,7
53693004,14,18,-1,-1,4
53695944,22,41,-1,-1,3
53677528,0,21,-1,-1,3
53686089,34,20,-1,-1,1
53695546,18,33,-1,-1,0
53692097,55,2,-1,-1,1
53695894,7,49,-1,-1,5
53694600,49,30,-1,-1,3
53695245,30,37,-1,-1,1
53695080,54,49,-1,-1,4
53695996,1,32,-1,-1,1
53687047,45,8,-1,-1,1
53692063,23,9,-1,-1,3
53693100,45,29,-1,-1,4
53695021,39,37,-1,-1,1
53688740,31,20,-1,-1,2
53692509,19,45,-1,-1,2
53679309,10,52,-1,-1,2
53693689,46,38,-1,-1,4
53689671,16,17,-1,-1,5
53695992,37,41,-1,-1,1
53693538,30,4,-1,-1,5
53681831,49,0,-1,-1,6
53693937,5,22,-1,-1,2
53695511,18,3,-1,-1,4
53694741,56,36,-1,-1,1
53681628,52,46,-1,-1,7
53694675,37,15,-1,-1,4
53695463,31,23,-1,-1,0
53695419,31,42,-1,-1,2
53689762,14,58,-1,-1,6
53694189,37,42,-1,-1,1
53690085,57,17,-1,-1,4
53691829,22,10,-1,-1,7
53695955,21,46,-1,-1,6
53694819,11,25,-1,-1,3
53695416,15,12,-1,-1,3
53692991,23,53,-1,-1,4
53695272,16,35,-1,-1,6
53695004,3,31,-1,-1,3
53693195,55,43,-1,-1,0
53696002,33,23,-1,-1,5
53695771,32,9,-1,-1,1
53689329,3,51,-1,-1,6
53695888,10,23,-1,-1,1
53672744,57,11,-1,-1,3
53692848,50,51,-1,-1,4
53694194,33,32,-1,-1,0
53691323,16,50,-1,-1,3
53667742,11,50,-1,-1,6
53695037,34,21,-1,-1,3
53694895,35,45,-1,-1,1
53688239,7,38,-1,-1,7
53695026,7,37,-1,-1,2
53690736,3,49,-1,-1,1
53694292,25,25,-1,-1,2
53695929,39,16,-1,-1,4
53695174,55,23,-1,-1,6
53690752,51,3,-1,-1,0
53695494,32,23,-1,-1,0
53694333,37,43,-1,-1,6
53695615,25,45,-1,-1,5
53694425,15,19,-1,-1,7
53684639,9,18,-1,-1,5
53675781,53,58,-1,-1,2
53695163,33,54,-1,-1,7
53683549,40,6,-1,-1,5
53695602,41,32,-1,-1,2
53686532,10,47,-1,-1,5
53694335,39,3,-1,-1,1
53693159,21,41,-1,-1,7
53693998,35,56,-1,-1,7
53677146,2,44,-1,-1,3
53692074,31,19,-1,-1,3
53694209,13,31,-1,-1,0
53694610,34,48,-1,-1,1
53691097,53,36,-1,-1,3
53651833,1,1,-1,-1,3
53695089,13,14,-1,-1,4
53695256,31,30,-1,-1,7
53695059,20,6,-1,-1,6
53696007,20,34,-1,-1,1
53692364,57,51,-1,-1,0
53693421,40,3,-1,-1,2
53695842,42,32,-1,-1,2
53695872,16,4,-1,-1,3
53685898,57,16,-1,-1,2
53691752,2,47,-1,-1,1
53695873,26,24,-1,-1,0
53694815,0,38,-1,-1,0
53692129,13,16,-1,-1,1
53693368,24,35,-1,-1,3
53688035,14,34,-1,-1,1
53695364,42,38,-1,-1,6
53692557,10,26,-1,-1,6
53695978,27,23,-1,-1,2
53688008,4,30,-1,-1,1
53693661,11,45,-1,-1,0
53694307,35,37,-1,-1,6
53691220,19,51,-1,-1,5
53688625,47,1,-1,-1,4
53695474,31,16,-1,-1,3
53689204,12,40,-1,-1,4
53694989,38,23,-1,-1,0
53690747,27,42,-1,-1,1
53669537,2,58,-1,-1,0
53683410,21,2,-1,-1,5
53694973,34,2,-1,-1,2
53695377,41,7,-1,-1,2
53693088,35,7,-1,-1,2
53693362,49,42,-1,-1,0
53686680,49,8,-1,-1,4
53689914,56,35,-1,-1,2
53694137,37,26,-1,-1,2
53695783,15,44,-1,-1,2
53689829,9,2,-1,-1,0
53695554,37,37,-1,-1,6
53694670,14,37,-1,-1,3
53691278,4,21,-1,-1,4
53695709,24,34,-1,-1,0
53695520,31,39,-1,-1,6
53694061,20,55,-1,-1,1
53687731,8,38,-1,-1,3
53694519,42,43,-1,-1,0
53685950,47,6,-1,-1,6
53692427,6,45,-1,-1,0
53691926,21,43,-1,-1,1
53691668,39,29,-1,-1,3
53684251,44,54,-1,-1,4
53690657,2,32,-1,-1,1
53695143,16,54,-1,-1,5
53691512,17,31,-1,-1,7
53686284,5,43,-1,-1,2
53695009,40,19,-1,-1,5
53690926,56,13,-1,-1,7
53643608,0,5,-1,-1,1
53691790,19,40,-1,-1,2
53694911,22,24,-1,-1,4
53695380,28,40,-1,-1,3
53688975,50,41,-1,-1,2
53688589,17,47,-1,-1,3
53681230,44,2,-1,-1,0
53693716,15,52,-1,-1,5
53689849,48,49,-1,-1,6
53695583,51,22,-1,-1,0
53692177,27,26,-1,-1,3
53695916,36,20,-1,-1,6
53688476,51,27,-1,-1,3
53682552,47,57,-1,-1,4
53690727,43,52,-1,-1,0
53690331,49,52,-1,-1,7
53695100,21,27,-1,-1,7
53695060,21,57,-1,-1,5
53695104,52,51,-1,-1,5
53695580,37,27,-1,-1,6
53692536,33,19,-1,-1,4
53696057,16,30,-1,-1,6
53690828,31,32,-1,-1,5
53691687,55,9,-1,-1,7
53689264,18,56,-1,-1,2
53695751,54,38,-1,-1,1
53691475,51,32,-1,-1,0
53693563,22,31,-1,-1,0
53691508,22,12,-1,-1,1
53690296,17,56,-1,-1,3
53691593,43,19,-1,-1,7
53695018,39,47,-1,-1,1
53686640,7,36,-1,-1,2
53678026,13,50,-1,-1,4
53689559,40,54,-1,-1,0
53695465,51,44,-1,-1,4
53643726,8,10,-1,-1,6
53694644,50,37,-1,-1,5
53695649,22,46,-1,-1,1
53692365,8,40,-1,-1,6
53693594,34,30,-1,-1,1
53690681,39,5,-1,-1,6
53694659,16,31,-1,-1,4
53675749,55,4,-1,-1,1
53694877,15,17,-1,-1,3
53682547,5,55,-1,-1,2
53692206,33,4,-1,-1,7
53695772,28,25,-1,-1,5
53678797,5,42,-1,-1,5
53691498,56,58,-1,-1,2
53693639,8,53,-1,-1,2
53695201,11,31,-1,-1,7
53695448,14,44,-1,-1,5
53693539,44,15,-1,-1,1
53678931,58,17,-1,-1,6
53692849,47,27,-1,-1,7
53684211,9,27,-1,-1,6
53694133,31,34,-1,-1,2
53694084,16,43,-1,-1,6
53694699,41,31,-1,-1,3
53693892,30,1,-1,-1,6
53694831,32,21,-1,-1,7
53689064,34,55,-1,-1,1
53694456,38,48,-1,-1,7
53688117,24,54,-1,-1,1
53693033,32,50,-1,-1,6
53666820,6,54,-1,-1,0
53690176,9,33,-1,-1,0
53694539,24,5,-1,-1,4
53691945,20,21,-1,-1,5
53682277,12,48,-1,-1,2
53693564,21,52,-1,-1,3
53694534,9,31,-1,-1,6
53684508,9,3,-1,-1,3
53695859,43,42,-1,-1,1
53695694,23,35,-1,-1,0
53692531,17,9,-1,-1,6
53692199,57,49,-1,-1,6
53690083,2,25,-1,-1,1
53695545,35,38,-1,-1,7
53695433,19,13,-1,-1,7
53695936,24,38,-1,-1,4
53690346,8,21,-1,-1,6
53692641,47,36,-1,-1,4
53693951,44,35,-1,-1,5
53694818,43,13,-1,-1,6
53693230,9,15,-1,-1,5
53690386,3,48,-1,-1,2
53695737,39,15,-1,-1,5
53694314,22,39,-1,-1,6
53689910,28,5,-1,-1,2
53694642,19,24,-1,-1,0
53695843,23,30,-1,-1,2
53694537,19,22,-1,-1,2
53690626,45,55,-1,-1,7
53690977,26,49,-1,-1,5
53693739,18,32,-1,-1,4
53693387,15,35,-1,-1,4
53677959,11,4,-1,-1,2
53687653,52,20,-1,-1,6
53689029,6,32,-1,-1,3
53692421,24,9,-1,-1,3
53691913,0,23,-1,-1,4
53672440,55,52,-1,-1,7
53695355,57,34,-1,-1,2
53695861,17,11,-1,-1,7
53690628,4,26,-1,-1,7
53692938,11,34,-1,-1,2
53686877,39,1,-1,-1,1
53686518,1,41,-1,-1,1
53685924,13,34,-1,-1,1
53692682,11,21,-1,-1,7
53688215,53,47,-1,-1,0
53690011,14,8,-1,-1,4
53694634,57,31,-1,-1,7
53693743,6,29,-1,-1,3
53694960,21,29,-1,-1,4
53691948,13,9,-1,-1,0
53693877,23,6,-1,-1,6
53694902,22,40,-1,-1,1
53688674,48,34,-1,-1,5
53695710,24,37,-1,-1,1
53677728,5,15,-1,-1,4
53693501,58,50,-1,-1,0
53667829,29,0,-1,-1,6
53689935,8,13,-1,-1,6
53689566,42,52,-1,-1,5
53678833,16,6,-1,-1,1
53691624,20,2,-1,-1,3
53692882,26,29,-1,-1,7
53691202,39,58,-1,-1,0
53695306,31,51,-1,-1,5
53694222,10,11,-1,-1,3
53692047,35,9,-1,-1,3
53688637,56,8,-1,-1,6
53694553,18,44,-1,-1,3
53690605,22,49,-1,-1,1
53695896,28,37,-1,-1,5
53693184,42,12,-1,-1,3
53661150,2,9,-1,-1,2
53690519,1,42,-1,-1,7
53696043,40,38,-1,-1,3
53687944,50,52,-1,-1,4
53679710,13,11,-1,-1,7
53694860,13,20,-1,-1,4
53689120,34,3,-1,-1,3
53678150,2,27,-1,-1,2
53695321,28,44,-1,-1,2
53691825,43,56,-1,-1,0
53694909,27,22,-1,-1,2
53692574,33,40,-1,-1,4
53692313,58,2,-1,-1,5
53694529,49,18,-1,-1,0
53694737,26,25,-1,-1,1
53692721,17,5,-1,-1,3
53695940,24,18,-1,-1,1
53696005,36,38,-1,-1,3
53696037,47,26,-1,-1,4
53676169,17,10,-1,-1,6
53694638,7,29,-1,-1,3
53693124,39,23,-1,-1,4
53694720,56,45,-1,-1,2
53692395,38,17,-1,-1,0
53677600,37,12,-1,-1,2
53685989,8,27,-1,-1,4
53690551,49,1,-1,-1,5
53678547,38,11,-1,-1,6
53690898,11,28,-1,-1,6
53675114,53,0,-1,-1,4
53693290,37,30,-1,-1,2
53691788,50,35,-1,-1,7
53695704,36,36,-1,-1,4
53692106,42,56,-1,-1,2
53693855,10,22,-1,-1,2
53695366,51,39,-1,-1,1
53690670,16,11,-1,-1,5
53695207,23,19,-1,-1,2
53686163,10,41,-1,-1,2
53675244,0,0,-1,-1,2
53689890,48,5,-1,-1,4
53691172,52,15,-1,-1,7
53676154,0,36,-1,-1,1
53683760,56,1,-1,-1,7
53696025,16,36,-1,-1,5
53694728,22,18,-1,-1,4
53694420,10,28,-1,-1,5
53693643,58,15,-1,-1,6
53695434,45,26,-1,-1,5
53688597,54,34,-1,-1,2
53695635,51,21,-1,-1,1
53669797,36,1,-1,-1,5
53692131,54,4,-1,-1,2
53695723,35,34,-1,-1,5
53692827,1,22,-1,-1,3
53695787,42,31,-1,-1,0
53694901,7,50,-1,-1,4
53695424,47,31,-1,-1,3
53694976,32,43,-1,-1,5
53692775,49,17,-1,-1,7
53691694,9,29,-1,-1,5
53689415,25,4,-1,-1,2
53694480,15,39,-1,-1,3
53694399,30,28,-1,-1,5
53686756,0,22,-1,-1,1
53690633,20,13,-1,-1,1
53692570,11,30,-1,-1,6
53691970,10,51,-1,-1,2
53696022,28,27,-1,-1,5
53695529,38,24,-1,-1,3
53695687,48,32,-1,-1,3
53677918,56,2,-1,-1,6
53695309,33,31,-1,-1,6
53678381,7,8,-1,-1,5
53694423,38,41,-1,-1,4
53695158,26,30,-1,-1,6
53695257,51,54,-1,-1,2
53695261,38,19,-1,-1,3
53686134,8,58,-1,-1,1
53691797,35,47,-1,-1,6
53672765,11,10,-1,-1,0
53691483,45,1,-1,-1,1
53692988,0,34,-1,-1,3
53695708,41,55,-1,-1,3
53694322,32,16,-1,-1,5
53694753,18,5,-1,-1,2
53664956,47,56,-1,-1,3
53690467,6,33,-1,-1,1
53695322,46,39,-1,-1,6
53692296,10,3,-1,-1,6
53694930,9,54,-1,-1,2
53694633,48,20,-1,-1,1
53695048,11,41,-1,-1,1
53694454,58,35,-1,-1,4
53683918,26,4,-1,-1,1
53690778,54,39,-1,-1,3
53693147,15,1,-1,-1,3
53690078,53,26,-1,-1,0
53690433,57,6,-1,-1,3
53694629,53,19,-1,-1,7
53693838,25,50,-1,-1,2
53694461,40,43,-1,-1,4
53695851,25,30,-1,-1,0
53691726,1,53,-1,-1,5
53694206,44,25,-1,-1,4
53694113,9,35,-1,-1,1
53688559,2,22,-1,-1,3
53694352,1,26,-1,-1,1
53693591,30,56,-1,-1,3
53694595,58,55,-1,-1,7
53679591,54,32,-1,-1,3
53679482,0,48,-1,-1,2
53693065,57,23,-1,-1,3
53695688,30,48,-1,-1,7
53694690,56,20,-1,-1,6
53662603,1,44,-1,-1,5
53695170,36,39,-1,-1,7
53695469,38,29,-1,-1,6
53691209,12,35,-1,-1,2
53696003,27,32,-1,-1,6
53687698,12,29,-1,-1,1
53670417,46,0,-1,-1,6
53694673,4,32,-1,-1,0
53691632,17,22,-1,-1,5
53678148,58,30,-1,-1,6
53678016,6,0,-1,-1,4
53691776,36,54,-1,-1,0
53666728,27,58,-1,-1,6
53695564,21,51,-1,-1,3
53675931,55,10,-1,-1,5
53694017,38,36,-1,-1,1
53694152,24,50,-1,-1,1
53695791,17,29,-1,-1,2
53685608,58,33,-1,-1,5
53692862,13,43,-1,-1,3
53693632,45,14,-1,-1,1
53695526,15,32,-1,-1,5
53675652,2,6,-1,-1,6
53687491,1,51,-1,-1,4
53690686,17,27,-1,-1,3
53695880,42,28,-1,-1,0
53692257,45,5,-1,-1,4
53695610,32,44,-1,-1,0
53691071,16,3,-1,-1,1
53693228,9,41,-1,-1,3
53692362,47,55,-1,-1,3
53689891,53,12,-1,-1,0
53695571,35,43,-1,-1,3
53693112,1,6,-1,-1,7
53695083,42,9,-1,-1,3
53673041,49,50,-1,-1,0
53686500,22,54,-1,-1,1
53690689,48,26,-1,-1,4
53693946,41,53,-1,-1,3
53688517,46,4,-1,-1,0
53694927,9,42,-1,-1,5
53693974,49,33,-1,-1,5
53691662,51,41,-1,-1,3
53695700,15,53,-1,-1,5
53665145,34,8,-1,-1,6
53692532,11,1,-1,-1,0
53685443,21,10,-1,-1,6
53694355,19,25,-1,-1,2
53652865,52,1,-1,-1,1
53691716,25,48,-1,-1,4
53693826,34,17,-1,-1,7
53695211,58,52,-1,-1,4
53689717,13,52,-1,-1,2
53687532,3,54,-1,-1,3
53691814,22,3,-1,-1,4
53689227,6,16,-1,-1,4
53658252,52,58,-1,-1,6
53691200,20,44,-1,-1,2
53695274,54,41,-1,-1,5
53679431,49,9,-1,-1,1
53692051,54,52,-1,-1,1
53692201,12,21,-1,-1,7
53695369,21,25,-1,-1,3
53695673,44,17,-1,-1,0
53691531,13,21,-1,-1,2
53695809,34,39,-1,-1,0
53664154,50,55,-1,-1,3
53692323,41,27,-1,-1,0
53694694,20,45,-1,-1,7
53692518,55,36,-1,-1,4
53694852,38,32,-1,-1,2
53693200,33,49,-1,-1,2
53686571,27,54,-1,-1,0
53695488,54,8,-1,-1,5
53694490,25,58,-1,-1,2
53694506,51,31,-1,-1,2
53687163,11,35,-1,-1,7
53667881,51,51,-1,-1,5
53695417,35,14,-1,-1,7
53692971,54,45,-1,-1,0
53692353,30,53,-1,-1,6
53660938,7,54,-1,-1,4
53694134,1,23,-1,-1,4
53689866,38,8,-1,-1,1
53693062,27,1,-1,-1,1
53694212,18,24,-1,-1,4
53679633,46,51,-1,-1,2
53678311,49,56,-1,-1,6
53695867,19,21,-1,-1,0
53678587,43,55,-1,-1,6
53695415,45,28,-1,-1,6
53694391,3,52,-1,-1,3
53690345,46,42,-1,-1,6
53683513,42,2,-1,-1,7
53684910,3,47,-1,-1,0
53687329,25,12,-1,-1,0
53694455,44,31,-1,-1,0
53692451,28,7,-1,-1,6
53692819,33,52,-1,-1,5
53695176,29,28,-1,-1,2
53695875,44,33,-1,-1,1
53682722,52,33,-1,-1,5
53693060,40,52,-1,-1,2
53683699,7,46,-1,-1,0
53694794,56,44,-1,-1,5
53689394,15,26,-1,-1,2
53694470,49,16,-1,-1,6
53695705,49,48,-1,-1,5
53692753,30,45,-1,-1,4
53694734,9,43,-1,-1,5
53695543,23,21,-1,-1,6
53684732,21,6,-1,-1,1
53684539,29,4,-1,-1,3
53695720,4,17,-1,-1,4
53694609,25,16,-1,-1,4
53694854,46,21,-1,-1,3
53690185,1,39,-1,-1,2
53673538,24,58,-1,-1,6
53692681,42,11,-1,-1,5
53684841,56,42,-1,-1,7
53694162,29,56,-1,-1,5
53692251,35,48,-1,-1,4
53695260,27,34,-1,-1,6
53690115,50,28,-1,-1,1
53678417,4,42,-1,-1,3
53695453,34,23,-1,-1,6
53693573,13,29,-1,-1,0
53686494,26,1,-1,-1,0
53695510,27,31,-1,-1,3
53689397,13,38,-1,-1,5
53694030,49,5,-1,-1,2
53694990,34,26,-1,-1,2
53693478,12,2,-1,-1,5
53677006,38,10,-1,-1,1
53672318,10,43,-1,-1,2
53694580,43,36,-1,-1,5
53695538,40,24,-1,-1,4
53694124,1,18,-1,-1,4
53693597,13,33,-1,-1,5
53689244,56,5,-1,-1,1
53685061,25,1,-1,-1,6
53680054,56,51,-1,-1,1
53676608,35,53,-1,-1,6
53689978,35,46,-1,-1,2
53686610,28,12,-1,-1,3
53693324,33,6,-1,-1,2
53691658,52,24,-1,-1,0
53691571,9,4,-1,-1,4
53695137,5,53,-1,-1,2
53694935,29,27,-1,-1,0
53685240,27,9,-1,-1,6
53683559,9,5,-1,-1,0
53693655,20,25,-1,-1,2
53695899,33,26,-1,-1,4
53690590,37,44,-1,-1,2
53686074,17,2,-1,-1,6
53695222,10,16,-1,-1,6
53695675,35,41,-1,-1,6
53674646,53,3,-1,-1,0
53664954,49,6,-1,-1,0
53694662,8,28,-1,-1,6
53693533,53,24,-1,-1,5
53694481,47,5,-1,-1,7
53690688,27,53,-1,-1,0
53685474,4,20,-1,-1,1
53680186,16,8,-1,-1,6
53694018,39,0,-1,-1,3
53695284,53,18,-1,-1,3
53693114,9,39,-1,-1,1
53695962,0,11,-1,-1,1
53695740,32,55,-1,-1,0
53692586,36,26,-1,-1,1
53694083,48,27,-1,-1,5
53694894,6,14,-1,-1,1
53694900,35,24,-1,-1,5
53694505,45,19,-1,-1,3
53690749,20,51,-1,-1,6
53695405,33,9,-1,-1,6
53668004,1,46,-1,-1,0
53691493,53,42,-1,-1,4
53695619,43,46,-1,-1,4
53689292,0,1,-1,-1,0
53685949,54,1,-1,-1,0
53681639,44,58,-1,-1,0
53695718,40,31,-1,-1,5
53691065,17,57,-1,-1,7
53691946,39,52,-1,-1,6
53695200,9,38,-1,-1,2
53694483,57,46,-1,-1,4
53695500,37,9,-1,-1,4
53690343,53,5,-1,-1,7
53689775,19,18,-1,-1,6
53694768,18,18,-1,-1,6
53668743,5,9,-1,-1,3
53694921,33,51,-1,-1,1
53694340,27,25,-1,-1,2
53695699,36,27,-1,-1,4
53691144,27,57,-1,-1,1
53695956,33,43,-1,-1,6
53675073,14,54,-1,-1,6
53695917,42,24,-1,-1,6
53693358,33,41,-1,-1,0
53694332,11,27,-1,-1,0
53675982,54,57,-1,-1,3
53689538,51,4,-1,-1,4
53691358,16,34,-1,-1,0
53688567,7,55,-1,-1,7
53693982,30,25,-1,-1,1
53694829,50,18,-1,-1,2
53694165,40,34,-1,-1,0
53691894,44,30,-1,-1,1
53695289,16,45,-1,-1,6
53695601,47,2,-1,-1,5
53688314,47,30,-1,-1,5
53674846,56,4,-1,-1,7
53689252,15,57,-1,-1,5
53692935,3,7,-1,-1,5
53692305,17,18,-1,-1,0
53692692,50,16,-1,-1,7
53693922,46,27,-1,-1,6
53695156,28,1,-1,-1,1
53693607,19,11,-1,-1,7
53693005,47,4,-1,-1,5
53690671,18,17,-1,-1,2
53695841,45,30,-1,-1,5
53681269,3,9,-1,-1,4
53684920,48,56,-1,-1,7
53692868,45,45,-1,-1,4
53693719,26,27,-1,-1,5
53683133,12,46,-1,-1,0
53695911,32,15,-1,-1,7
53692743,33,34,-1,-1,0
53694163,50,3,-1,-1,0
53691618,38,46,-1,-1,7
53694232,42,16,-1,-1,3
53693995,46,36,-1,-1,6
53671588,58,16,-1,-1,7
53686914,10,1,-1,-1,5
53696056,22,28,-1,-1,4
53695423,48,16,-1,-1,5
53688334,15,8,-1,-1,2
53692059,11,37,-1,-1,3
53691387,6,58,-1,-1,6
53684769,47,51,-1,-1,7
53695767,21,20,-1,-1,4
53689583,15,56,-1,-1,5
53687684,51,17,-1,-1,3
53691877,24,40,-1,-1,4
53692861,8,26,-1,-1,6
53695838,8,41,-1,-1,7
53689082,48,39,-1,-1,1
53680092,0,44,-1,-1,1
53691271,3,23,-1,-1,0
53694014,53,49,-1,-1,1
53691975,55,11,-1,-1,3
53694826,14,22,-1,-1,0
53694893,31,54,-1,-1,7
53694517,21,1,-1,-1,6
53695902,39,38,-1,-1,3
53692374,58,22,-1,-1,7
53695819,18,28,-1,-1,3
53691372,39,4,-1,-1,6
53691757,22,51,-1,-1,2
53691309,39,19,-1,-1,5
53670686,8,1,-1,-1,1
53693889,14,7,-1,-1,0
53693722,43,6,-1,-1,4
53662578,48,2,-1,-1,4
53693748,6,46,-1,-1,5
53692357,2,5,-1,-1,4
53693649,36,8,-1,-1,3
53679398,38,5,-1,-1,7
53692982,57,29,-1,-1,3
53676754,48,3,-1,-1,0
53694682,33,24,-1,-1,1
53692888,48,41,-1,-1,4
53686654,52,14,-1,-1,3
53693022,0,15,-1,-1,3
53674821,6,53,-1,-1,4
53693844,52,29,-1,-1,6
53681679,4,5,-1,-1,3
53693437,7,21,-1,-1,3
53695973,19,26,-1,-1,5
53695513,24,53,-1,-1,5
53676306,3,32,-1,-1,1
53694140,35,31,-1,-1,4
53678929,32,5,-1,-1,4
53692804,57,4,-1,-1,0
53693672,32,18,-1,-1,6
53684680,33,2,-1,-1,5
53695294,23,25,-1,-1,3
53695698,28,38,-1,-1,4
53694042,27,30,-1,-1,6
53689598,58,48,-1,-1,0
53692271,10,19,-1,-1,2
53695237,18,27,-1,-1,2
53688508,30,14,-1,-1,7
53694039,19,56,-1,-1,1
53645181,2,53,-1,-1,1
53695019,38,33,-1,-1,5
53690504,48,51,-1,-1,1
53652628,46,57,-1,-1,3
53689463,11,12,-1,-1,5
53695732,19,41,-1,-1,2
53694615,25,15,-1,-1,7
53691968,35,57,-1,-1,5
53694869,12,38,-1,-1,5
53681823,14,16,-1,-1,1
53694685,9,37,-1,-1,2
53688812,45,25,-1,-1,5
53694738,8,15,-1,-1,7
53695759,22,43,-1,-1,0
53695473,30,30,-1,-1,2
53684952,13,12,-1,-1,7
53685244,47,3,-1,-1,5
53694991,34,28,-1,-1,2
53695991,20,17,-1,-1,2
53692513,58,28,-1,-1,6
53695994,44,50,-1,-1,7
53679692,6,19,-1,-1,4
53688094,2,20,-1,-1,6
53691657,43,50,-1,-1,7
53694202,53,39,-1,-1,4
53690372,46,17,-1,-1,3
53695549,15,29,-1,-1,5
53687730,52,5,-1,-1,3
53693992,20,5,-1,-1,5
53690861,4,44,-1,-1,1
53692262,30,16,-1,-1,0
53690878,51,7,-1,-1,5
53687096,21,0,-1,-1,5
53695587,41,14,-1,-1,4
53683671,52,10,-1,-1,7
53693469,27,55,-1,-1,4
53688132,0,4,-1,-1,2
53691831,13,49,-1,-1,6
53693268,55,44,-1,-1,3
53688369,23,12,-1,-1,5
53688379,31,45,-1,-1,0
53695086,25,13,-1,-1,0
53694498,45,22,-1,-1,3
53691489,4,31,-1,-1,2
53692761,29,3,-1,-1,2
53685628,13,10,-1,-1,4
53691565,38,51,-1,-1,0
53685477,20,10,-1,-1,6
53695986,27,37,-1,-1,6
53695396,20,32,-1,-1,3
53692230,46,22,-1,-1,6
53692959,8,8,-1,-1,7
53695092,40,29,-1,-1,3
53685942,18,7,-1,-1,6
53695760,38,42,-1,-1,6
53691346,39,10,-1,-1,7
53689670,53,15,-1,-1,4
53691462,26,18,-1,-1,0
53687226,20,56,-1,-1,2
53693574,17,26,-1,-1,6
53696067,17,21,-1,-1,6
53695336,17,34,-1,-1,7
53690517,37,2,-1,-1,3
53695953,42,36,-1,-1,6
53673923,1,55,-1,-1,0
53686244,33,0,-1,-1,2
53695622,40,30,-1,-1,5
53693950,0,3,-1,-1,2
53687581,19,3,-1,-1,7
53692707,57,24,-1,-1,7
53694035,33,42,-1,-1,0
53691521,8,4,-1,-1,2
53693132,52,13,-1,-1,4
53674462,1,14,-1,-1,3
53694688,22,45,-1,-1,0
53694057,3,35,-1,-1,1
53690397,36,57,-1,-1,1
53684930,56,14,-1,-1,1
53689858,17,45,-1,-1,2
53672862,58,54,-1,-1,0
53691329,6,10,-1,-1,7
53696042,4,18,-1,-1,4
53695162,24,31,-1,-1,2
53695063,33,36,-1,-1,7
53691980,12,47,-1,-1,4
53696014,24,51,-1,-1,1
53695153,42,34,-1,-1,7
53695796,38,16,-1,-1,4
53695196,33,37,-1,-1,4
53692842,51,58,-1,-1,0
53695459,3,33,-1,-1,7
53691262,35,10,-1,-1,1
53695651,54,12,-1,-1,4
53694091,28,4,-1,-1,4
53691720,57,58,-1,-1,6
53693003,20,33,-1,-1,2
53691826,36,56,-1,-1,5
53693894,38,40,-1,-1,7
53696062,56,32,-1,-1,0
53690690,15,14,-1,-1,1
53688912,27,47,-1,-1,3
53694813,22,37,-1,-1,7
53694231,4,54,-1,-1,0
53695331,17,35,-1,-1,4
53695634,41,37,-1,-1,2
53695226,46,31,-1,-1,0
53695773,21,30,-1,-1,3
53694625,56,40,-1,-1,3
53694252,24,39,-1,-1,3
53695561,31,48,-1,-1,1
53695528,53,31,-1,-1,1
53690333,42,30,-1,-1,7
53694321,50,15,-1,-1,4
53695650,16,39,-1,-1,6
53695049,37,24,-1,-1,7
53694736,32,29,-1,-1,2
53688078,7,51,-1,-1,4
53695054,11,56,-1,-1,1
53691717,1,30,-1,-1,3
53694245,19,58,-1,-1,6
53674791,3,1,-1,-1,1
53694773,3,20,-1,-1,0
53682596,58,4,-1,-1,5
53691352,12,27,-1,-1,2
53693627,31,47,-1,-1,3
53694718,54,21,-1,-1,6
53694348,14,45,-1,-1,5
53695572,41,18,-1,-1,1
53683902,5,45,-1,-1,1
53695280,30,40,-1,-1,6
53692243,9,34,-1,-1,4
53688628,24,16,-1,-1,3
53648416,32,3,-1,-1,4
53683109,36,10,-1,-1,5
53688050,51,35,-1,-1,7
53695862,56,16,-1,-1,2
53693007,30,11,-1,-1,1
53695630,29,33,-1,-1,2
53695609,15,41,-1,-1,2
53695154,42,44,-1,-1,4
53695588,10,36,-1,-1,3
53695594,31,46,-1,-1,7
53692845,8,20,-1,-1,6
53695507,29,37,-1,-1,4
53693375,40,32,-1,-1,2
53695262,9,40,-1,-1,4
53694730,15,20,-1,-1,7
53695774,36,24,-1,-1,0
53695233,51,53,-1,-1,6
53693678,39,25,-1,-1,1
53692864,13,4,-1,-1,0
53694403,4,25,-1,-1,7
53677640,5,13,-1,-1,1
53689253,6,35,-1,-1,7
53677271,0,43,-1,-1,1
53695183,52,22,-1,-1,5
53692556,10,55,-1,-1,2
53693000,40,49,-1,-1,7
53695384,41,17,-1,-1,6
53694062,30,3,-1,-1,7
53694516,24,21,-1,-1,5
53696051,13,24,-1,-1,7
53692048,38,13,-1,-1,1
53694022,15,45,-1,-1,1
53695893,28,20,-1,-1,6
53695337,18,38,-1,-1,4
53695239,25,31,-1,-1,0
53695385,45,21,-1,-1,3
53685382,35,3,-1,-1,5
53695445,55,57,-1,-1,2
53694462,25,54,-1,-1,4
53694142,14,31,-1,-1,4
53691601,6,26,-1,-1,7
53694409,23,43,-1,-1,3
53694360,12,12,-1,-1,1
53695319,25,39,-1,-1,2
53693713,19,27,-1,-1,1
53688468,16,29,-1,-1,2
53663066,58,3,-1,-1,6
53687084,34,1,-1,-1,1
53692325,7,45,-1,-1,6
53694619,7,48,-1,-1,3
53670428,48,57,-1,-1,0
53690786,26,57,-1,-1,1
53693611,52,34,-1,-1,7
53692996,29,13,-1,-1,7
53688212,31,3,-1,-1,3
53695340,12,7,-1,-1,3
53694513,25,43,-1,-1,1
53686109,52,52,-1,-1,3
53687779,48,24,-1,-1,0
53691122,38,56,-1,-1,7
53695350,26,42,-1,-1,0
53687858,5,30,-1,-1,2
53694817,23,42,-1,-1,5
53691869,2,50,-1,-1,7
53692930,47,22,-1,-1,2
53686487,1,35,-1,-1,2
53696079,39,42,-1,-1,3
53692684,5,34,-1,-1,4
53688216,40,4,-1,-1,1
53692020,4,36,-1,-1,7
53692112,29,11,-1,-1,3
53686000,1,25,-1,-1,4
53695375,44,24,-1,-1,4
53695073,17,50,-1,-1,1
53688996,39,50,-1,-1,5
53686688,13,7,-1,-1,7
53693436,10,44,-1,-1,1
53695227,39,33,-1,-1,2
53695495,32,20,-1,-1,6
53687887,56,18,-1,-1,4
53692215,30,9,-1,-1,0
53691491,56,27,-1,-1,2
53695701,35,28,-1,-1,7
53695552,26,51,-1,-1,3
53687014,3,44,-1,-1,5
53679041,56,49,-1,-1,6
53694466,16,56,-1,-1,1
53691000,21,5,-1,-1,0
53695521,29,17,-1,-1,3
53694654,29,34,-1,-1,6
53694053,1,0,-1,-1,2
53689527,20,53,-1,-1,0
53695915,31,24,-1,-1,5
53681209,52,55,-1,-1,3
53695035,45,27,-1,-1,7
53694029,17,48,-1,-1,1
53689192,1,4,-1,-1,2
53693856,45,24,-1,-1,7
53694925,46,28,-1,-1,0
53693707,38,22,-1,-1,2
53683807,41,48,-1,-1,4
53694413,29,41,-1,-1,4
53694074,45,13,-1,-1,6
53694499,19,55,-1,-1,3
53678685,14,53,-1,-1,5
53691496,10,53,-1,-1,0
53689632,6,52,-1,-1,4
53695712,47,34,-1,-1,1
53695315,27,40,-1,-1,4
53695346,24,19,-1,-1,4
53684997,56,29,-1,-1,3
53640976,55,37,-1,-1,5
53691709,45,39,-1,-1,6
53683085,47,58,-1,-1,7
53696073,39,43,-1,-1,3
53686385,29,51,-1,-1,2
53694687,31,37,-1,-1,0
53695724,14,19,-1,-1,7
53678950,8,6,-1,-1,6
53694715,32,14,-1,-1,4
53693444,40,58,-1,-1,2
53694939,14,21,-1,-1,2
53685816,8,7,-1,-1,5
53695030,41,34,-1,-1,2
53671529,51,9,-1,-1,4
53692473,13,48,-1,-1,3
53687077,55,53,-1,-1,2
53686891,4,28,-1,-1,2
53695778,27,43,-1,-1,6
53693789,5,23,-1,-1,4
53687284,27,4,-1,-1,7
53692785,29,42,-1,-1,0
53693881,6,37,-1,-1,5
53688562,58,29,-1,-1,7
53633923,1,45,-1,-1,4
53688119,14,20,-1,-1,0
53694789,23,1,-1,-1,0
53694680,53,48,-1,-1,0
53694924,55,18,-1,-1,6
53695283,49,3,-1,-1,6
53693645,41,16,-1,-1,7
53693176,23,7,-1,-1,2
53695854,57,38,-1,-1,2
53688810,2,12,-1,-1,3
53694952,35,52,-1,-1,4
53689687,36,2,-1,-1,4
53691766,3,28,-1,-1,0
53692710,57,32,-1,-1,4
53694879,56,21,-1,-1,4
53695097,27,38,-1,-1,4
53691611,47,16,-1,-1,7
53671895,56,34,-1,-1,0
53695398,31,8,-1,-1,5
53696065,31,43,-1,-1,1
53692709,40,0,-1,-1,6
53695947,26,36,-1,-1,2
53695012,10,32,-1,-1,1
53690642,31,6,-1,-1,1
53695892,30,41,-1,-1,7
53667372,4,3,-1,-1,4
53687272,46,5,-1,-1,5
53693654,36,6,-1,-1,5
53694723,58,57,-1,-1,0
53693406,19,15,-1,-1,5
53692127,36,12,-1,-1,6
53686641,17,49,-1,-1,4
53691403,5,35,-1,-1,7
53695068,34,19,-1,-1,4
53688409,34,51,-1,-1,1
53681245,48,4,-1,-1,4
53694193,38,43,-1,-1,1
53692537,41,9,-1,-1,6
53695311,31,26,-1,-1,5
53690943,15,47,-1,-1,5
53684243,9,9,-1,-1,2
53689386,23,54,-1,-1,6
53679225,3,55,-1,-1,2
53693598,46,30,-1,-1,3
53678353,29,12,-1,-1,2
53695142,9,28,-1,-1,0
53694635,41,45,-1,-1,7
53682838,58,46,-1,-1,0
53690882,50,33,-1,-1,6
53695342,21,3,-1,-1,7
53690935,10,9,-1,-1,6
53695082,20,28,-1,-1,7
53695905,26,31,-1,-1,6
53688630,24,7,-1,-1,3
53696050,29,16,-1,-1,2
53678680,50,22,-1,-1,1
53692961,50,25,-1,-1,7
53695685,37,48,-1,-1,4
53695746,31,35,-1,-1,2
53689875,31,52,-1,-1,7
53694293,13,54,-1,-1,4
53677999,40,9,-1,-1,4
53690294,49,55,-1,-1,6
53695234,31,17,-1,-1,0
53673248,56,11,-1,-1,6
53684465,40,53,-1,-1,2
53682194,18,49,-1,-1,0
53692906,16,15,-1,-1,3
53690563,44,32,-1,-1,5
53695295,22,19,-1,-1,4
53695325,22,38,-1,-1,4
53694864,46,20,-1,-1,3
53694347,36,19,-1,-1,5
53695241,43,35,-1,-1,6
53695443,25,24,-1,-1,7
53693904,42,6,-1,-1,5
53673696,44,4,-1,-1,2
53685899,7,18,-1,-1,7
53693453,7,47,-1,-1,6
53695912,25,37,-1,-1,0
53694655,36,25,-1,-1,4
53693213,13,26,-1,-1,4
53695961,54,42,-1,-1,5
53650465,9,49,-1,-1,0
53689734,14,29,-1,-1,6
53692012,46,13,-1,-1,5
53684640,14,48,-1,-1,4
53686185,52,12,-1,-1,4
53685847,11,48,-1,-1,3
53694257,43,7,-1,-1,2
53693331,33,12,-1,-1,2
53682595,16,47,-1,-1,5
53695672,35,35,-1,-1,0
53695997,50,49,-1,-1,6
53695371,32,45,-1,-1,1
53696011,20,31,-1,-1,0
53695826,53,55,-1,-1,4
53693608,22,0,-1,-1,4
53693050,16,58,-1,-1,7
53694080,7,9,-1,-1,7
53690510,3,43,-1,-1,5
53692655,13,5,-1,-1,3
53696034,39,51,-1,-1,6
53681774,38,2,-1,-1,6
53694836,48,37,-1,-1,7
53672071,37,4,-1,-1,7
53680016,27,11,-1,-1,0
53695140,19,42,-1,-1,2
53693235,18,35,-1,-1,2
53690762,56,47,-1,-1,7
53695752,37,23,-1,-1,4
53691960,56,39,-1,-1,7
53695248,40,46,-1,-1,0
53695849,18,40,-1,-1,2
53691730,50,56,-1,-1,0
53694500,51,33,-1,-1,6
53691420,39,6,-1,-1,3
53695194,39,28,-1,-1,0
53695690,20,40,-1,-1,4
53693348,45,43,-1,-1,5
53676932,22,4,-1,-1,3
53695050,30,51,-1,-1,3
53694919,16,53,-1,-1,0
53692869,39,27,-1,-1,2
53694631,29,7,-1,-1,2
53695984,39,36,-1,-1,0
53695907,27,35,-1,-1,1
53691779,22,21,-1,-1,3
53681689,51,47,-1,-1,5
53686659,43,23,-1,-1,2
53688185,58,40,-1,-1,6
53686806,50,20,-1,-1,5
53676190,44,9,-1,-1,4
53694260,19,47,-1,-1,5
53693765,19,29,-1,-1,6
53693143,3,36,-1,-1,3
53695722,33,30,-1,-1,3
53685340,29,49,-1,-1,4
53696061,26,50,-1,-1,6
53695684,54,53,-1,-1,3
53691436,30,54,-1,-1,5
53679517,7,17,-1,-1,0
53692630,42,49,-1,-1,4
53694180,4,13,-1,-1,6
53694858,20,27,-1,-1,5
53687313,29,58,-1,-1,6
53683075,1,34,-1,-1,3
53692671,48,19,-1,-1,4
53695472,24,47,-1,-1,4
53693641,49,53,-1,-1,7
53693425,41,51,-1,-1,6
53694494,49,26,-1,-1,0
53692344,9,13,-1,-1,0
53695159,3,4,-1,-1,1
53693843,24,57,-1,-1,2
53694920,8,24,-1,-1,0
53695618,40,27,-1,-1,3
53691944,5,1,-1,-1,6
53685175,50,48,-1,-1,3
53678057,13,8,-1,-1,0
53694618,35,50,-1,-1,4
53695954,28,33,-1,-1,5
53690871,13,46,-1,-1,3
53693138,31,4,-1,-1,6
53695924,40,37,-1,-1,6
53694374,41,13,-1,-1,6
53691287,1,8,-1,-1,1
53691698,45,42,-1,-1,6
53679742,7,4,-1,-1,6
53695941,15,43,-1,-1,0
53672928,58,13,-1,-1,5
53695659,34,40,-1,-1,5
53695186,4,37,-1,-1,0
53695271,37,22,-1,-1,0
53695596,28,24,-1,-1,3
53688487,16,28,-1,-1,0
53692889,11,11,-1,-1,6
53682829,36,58,-1,-1,1
53695270,23,27,-1,-1,0
53694239,30,33,-1,-1,2
53695123,5,20,-1,-1,5
53693746,40,51,-1,-1,0
53693796,41,30,-1,-1,3
53671182,17,8,-1,-1,0
53689575,40,12,-1,-1,3
53695217,34,54,-1,-1,1
53695126,48,30,-1,-1,0
53688614,50,36,-1,-1,2
53693122,19,57,-1,-1,4
53679580,35,13,-1,-1,5
53678237,4,57,-1,-1,2
53685984,47,52,-1,-1,5
53690854,44,20,-1,-1,5
53694684,43,38,-1,-1,6
53695205,19,30,-1,-1,2
53694980,57,56,-1,-1,7
53694532,39,18,-1,-1,2
53694683,41,28,-1,-1,7
53691590,33,55,-1,-1,2
53693960,32,30,-1,-1,2
53694878,32,22,-1,-1,1
53693673,41,24,-1,-1,2
53692253,27,8,-1,-1,7
53695333,39,14,-1,-1,2
53694763,49,20,-1,-1,7
53694926,6,36,-1,-1,0
53688203,22,11,-1,-1,2
53695793,28,21,-1,-1,0
53692593,4,49,-1,-1,5
53694190,10,6,-1,-1,3
53688727,4,10,-1,-1,4
53693139,55,26,-1,-1,0
53694320,17,42,-1,-1,7
53692203,22,14,-1,-1,4
53693806,31,12,-1,-1,3
53692090,31,13,-1,-1,5
53695886,45,11,-1,-1,4
53693242,25,14,-1,-1,7
53688083,16,52,-1,-1,2
53695637,12,42,-1,-1,3
53696000,31,0,-1,-1,6
53695531,2,19,-1,-1,4
53691364,7,34,-1,-1,3
53694304,44,42,-1,-1,0
53662294,57,7,-1,-1,4
53696077,28,43,-1,-1,5
53682358,3,26,-1,-1,7
53676476,12,45,-1,-1,1
53692341,15,33,-1,-1,2
53688668,44,57,-1,-1,5
53692001,1,13,-1,-1,7
53688341,56,31,-1,-1,7
53692155,3,42,-1,-1,2
53691923,49,35,-1,-1,1
53694009,26,37,-1,-1,5
53694622,39,35,-1,-1,0
53685704,57,0,-1,-1,2
53694810,35,12,-1,-1,1
53695626,24,32,-1,-1,5
53693427,26,38,-1,-1,4
53695518,2,21,-1,-1,2
53690337,7,3,-1,-1,0
53677235,23,50,-1,-1,1
53688380,44,7,-1,-1,7
53691102,14,4,-1,-1,7
53695569,44,49,-1,-1,0
53695010,31,41,-1,-1,7
53691620,2,43,-1,-1,0
53688867,43,44,-1,-1,6
53680191,20,1,-1,-1,4
53695252,37,20,-1,-1,6
53694796,52,16,-1,-1,5
53695404,45,20,-1,-1,7
53694319,50,46,-1,-1,7
53691902,11,26,-1,-1,0
53695904,26,9,-1,-1,7
53693476,28,8,-1,-1,4
53684934,11,51,-1,-1,5
53694777,3,27,-1,-1,1
53688561,26,14,-1,-1,2
53674883,37,0,-1,-1,5
53695437,38,47,-1,-1,7
53691761,12,23,-1,-1,7
53691038,28,54,-1,-1,5
53694971,35,20,-1,-1,6
53683098,38,3,-1,-1,1
53690965,52,19,-1,-1,3
53694584,4,4,-1,-1,2
53695389,44,14,-1,-1,4
53695679,26,7,-1,-1,3
53695327,9,14,-1,-1,7
53686166,46,9,-1,-1,7
53692030,9,32,-1,-1,0
53693108,18,39,-1,-1,7
53689899,4,12,-1,-1,7
53693320,22,9,-1,-1,5
53685566,4,23,-1,-1,5
53694070,10,15,-1,-1,2
53694604,5,32,-1,-1,4
53691959,53,53,-1,-1,7
53687621,22,58,-1,-1,6
53681471,35,55,-1,-1,0
53693309,21,31,-1,-1,0
53695898,49,34,-1,-1,6
53695305,35,39,-1,-1,3
53694657,25,28,-1,-1,4
53692310,13,15,-1,-1,3
53695788,45,18,-1,-1,1
53695406,17,44,-1,-1,7
53695600,6,1,-1,-1,4
53692025,13,30,-1,-1,5
53683802,2,52,-1,-1,5
53677717,5,3,-1,-1,4
53692481,26,8,-1,-1,3
53691740,19,6,-1,-1,3
53689374,22,52,-1,-1,0
53695750,39,2,-1,-1,6
53695853,22,55,-1,-1,5
53687872,11,43,-1,-1,4
53692376,1,11,-1,-1,4
53689027,44,55,-1,-1,1
53689196,17,15,-1,-1,6
53691195,18,51,-1,-1,0
53687596,25,3,-1,-1,2
53695555,52,3,-1,-1,5
53686024,43,51,-1,-1,5
53692186,45,31,-1,-1,6
53695971,6,39,-1,-1,0
53695919,40,13,-1,-1,2
53695937,45,58,-1,-1,1
53695451,39,11,-1,-1,1
53675385,49,4,-1,-1,6
53694067,19,52,-1,-1,7
53690640,32,53,-1,-1,5
53694184,42,29,-1,-1,4
53693579,40,18,-1,-1,1
53695946,17,7,-1,-1,7
53688920,40,10,-1,-1,3
53690231,26,17,-1,-1,4
53687219,45,46,-1,-1,7
53694431,16,44,-1,-1,1
53685610,10,5,-1,-1,0
53690314,13,47,-1,-1,1
53663774,51,0,-1,-1,5
53695214,35,6,-1,-1,1
53685829,46,55,-1,-1,0
53683860,30,55,-1,-1,1
53694301,42,25,-1,-1,3
53687215,29,50,-1,-1,1
53694559,35,23,-1,-1,5
53688689,16,10,-1,-1,4
53695707,28,47,-1,-1,4
53691414,42,15,-1,-1,6
53685774,11,55,-1,-1,1
53693397,13,58,-1,-1,1
53690093,49,38,-1,-1,3
53689592,32,57,-1,-1,3
53692838,49,13,-1,-1,6
53689436,50,13,-1,-1,6
53688248,6,24,-1,-1,3
53672547,23,0,-1,-1,5
53690328,5,28,-1,-1,4
53684217,53,11,-1,-1,5
53692247,1,27,-1,-1,5
53675518,0,56,-1,-1,2
53674498,4,2,-1,-1,0
53692729,46,25,-1,-1,2
53696069,26,46,-1,-1,0
53695192,27,5,-1,-1,0
53695022,26,45,-1,-1,1
53695639,40,17,-1,-1,1
53688425,57,30,-1,-1,1
53694116,39,44,-1,-1,4
53695728,23,31,-1,-1,7
53695792,23,22,-1,-1,2
53695316,39,21,-1,-1,2
53695128,44,53,-1,-1,0
53693030,38,28,-1,-1,4
53690206,43,11,-1,-1,1
53692160,54,28,-1,-1,3
53689661,51,1,-1,-1,2
53695429,29,21,-1,-1,3
53695512,20,39,-1,-1,0
53695882,26,22,-1,-1,0
53683797,46,2,-1,-1,7
53695043,15,38,-1,-1,1
53694823,11,32,-1,-1,0
53651612,50,57,-1,-1,6
53695193,34,56,-1,-1,3
53669535,57,3,-1,-1,2
53691154,21,4,-1,-1,7
53693551,6,55,-1,-1,5
53669688,54,11,-1,-1,6
53693107,28,23,-1,-1,5
53695667,18,26,-1,-1,0
53694437,56,53,-1,-1,1
53694889,39,34,-1,-1,7
53692615,13,2,-1,-1,3
53695296,34,10,-1,-1,7
53694751,21,33,-1,-1,7
53691388,2,30,-1,-1,0
53693503,37,14,-1,-1,3
53695761,40,45,-1,-1,7
53689989,26,55,-1,-1,1
53694552,27,7,-1,-1,1
53693866,1,31,-1,-1,5
53685087,11,15,-1,-1,3
53693457,46,18,-1,-1,4
53695264,19,19,-1,-1,2
53684095,48,55,-1,-1,2
53694800,41,54,-1,-1,7
53694479,12,20,-1,-1,0
53689944,15,54,-1,-1,1
53690812,16,21,-1,-1,5
53695988,19,23,-1,-1,0
53685287,50,8,-1,-1,0
53694082,23,26,-1,-1,5
53693300,18,8,-1,-1,3
53689422,51,38,-1,-1,5
53683013,57,9,-1,-1,7
53651812,45,12,-1,-1,5
53695016,10,27,-1,-1,7
53695432,39,41,-1,-1,3
53691037,51,10,-1,-1,0
53690279,48,33,-1,-1,4
53693525,11,17,-1,-1,3
53695357,21,38,-1,-1,4
53684601,11,18,-1,-1,5
53695927,29,10,-1,-1,0
53693605,52,28,-1,-1,7
53695642,18,42,-1,-1,5
53694008,48,6,-1,-1,1
53694323,32,35,-1,-1,4
53681672,6,27,-1,-1,3
53686823,43,41,-1,-1,2
53690952,4,29,-1,-1,3
53687255,15,50,-1,-1,3
53694318,16,33,-1,-1,4
53691191,37,3,-1,-1,4
53691117,47,23,-1,-1,4
53690287,6,38,-1,-1,4
53695964,0,57,-1,-1,4
53678513,18,52,-1,-1,7
53681836,5,49,-1,-1,2
53689167,41,43,-1,-1,6
53694548,20,4,-1,-1,3
53692463,19,2,-1,-1,4
53658535,10,7,-1,-1,2
53691947,5,2,-1,-1,5
53688418,23,3,-1,-1,7
53695236,47,20,-1,-1,7
53689000,4,50,-1,-1,1
53695794,23,11,-1,-1,0
53695023,21,22,-1,-1,4
53691281,43,49,-1,-1,6
53692123,39,56,-1,-1,5
53691023,34,7,-1,-1,4
53682046,46,7,-1,-1,6
53693083,29,53,-1,-1,4
53696024,55,29,-1,-1,4
53682978,47,9,-1,-1,5
53685236,42,54,-1,-1,6
53683200,36,3,-1,-1,2
53692807,0,27,-1,-1,0
53691086,53,51,-1,-1,4
53695949,20,26,-1,-1,0
53692901,15,31,-1,-1,0
53694450,11,40,-1,-1,4
53691175,22,44,-1,-1,7
53695374,52,25,-1,-1,1
53693546,8,33,-1,-1,7
53686852,10,4,-1,-1,0
53681933,48,42,-1,-1,5
53694341,39,20,-1,-1,6
53693164,12,43,-1,-1,0
53693706,32,41,-1,-1,5
53695291,41,22,-1,-1,3
53686886,58,32,-1,-1,5
53672439,2,31,-1,-1,0
53693549,24,45,-1,-1,2
53686776,26,58,-1,-1,7
53669584,43,3,-1,-1,4
53693269,7,15,-1,-1,2
53694663,56,56,-1,-1,2
53689576,34,44,-1,-1,7
53695352,55,34,-1,-1,1
53690535,52,48,-1,-1,6
53695993,15,27,-1,-1,5
53695039,45,4,-1,-1,0
53681352,36,4,-1,-1,5
53695244,19,38,-1,-1,6
53693055,49,10,-1,-1,6
53693509,3,17,-1,-1,5
53694474,37,21,-1,-1,4
53685074,0,32,-1,-1,0
53696033,28,42,-1,-1,3
53682628,4,16,-1,-1,4
53659852,32,1,-1,-1,2
53684318,40,7,-1,-1,5
53695807,55,28,-1,-1,4
53688915,19,9,-1,-1,0
53661550,6,13,-1,-1,2
53651484,1,47,-1,-1,5
53694199,11,23,-1,-1,1
53681528,52,39,-1,-1,7
53669887,2,15,-1,-1,1
53692899,37,5,-1,-1,7
53691539,9,56,-1,-1,3
53692999,51,24,-1,-1,6
53694940,23,34,-1,-1,0
53694945,51,20,-1,-1,0
53693345,45,32,-1,-1,3
53693087,4,11,-1,-1,1
53681648,47,45,-1,-1,7
53686144,58,24,-1,-1,4
53685440,5,0,-1,-1,4
53688274,12,19,-1,-1,3
53694294,41,36,-1,-1,1
53691055,8,39,-1,-1,6
53692825,1,15,-1,-1,0
53693556,24,46,-1,-1,7
53695900,19,17,-1,-1,4
53690509,54,10,-1,-1,6
53684219,27,51,-1,-1,0
53680253,4,8,-1,-1,2
53695658,27,3,-1,-1,1
53694710,51,25,-1,-1,7
53695703,9,26,-1,-1,1
53695577,16,18,-1,-1,6
53689664,1,17,-1,-1,5
53667369,55,55,-1,-1,6
53693615,19,49,-1,-1,3
53693346,33,48,-1,-1,0
53695834,6,23,-1,-1,4
53694266,15,42,-1,-1,2
53691273,44,6,-1,-1,1
53686513,24,6,-1,-1,2
53692878,36,48,-1,-1,3
53693095,21,37,-1,-1,6
53693636,14,33,-1,-1,0
53694153,48,15,-1,-1,1
53693811,21,35,-1,-1,7
53680987,11,53,-1,-1,4
53695671,23,15,-1,-1,4
53695114,2,24,-1,-1,1
53691239,39,7,-1,-1,3
53684462,8,2,-1,-1,7
53688542,58,38,-1,-1,6
53689070,54,18,-1,-1,7
53693555,0,39,-1,-1,3
53694538,23,37,-1,-1,7
53695387,34,41,-1,-1,1
53685551,6,20,-1,-1,2
53691312,43,17,-1,-1,4
53696041,43,27,-1,-1,6
53693880,27,48,-1,-1,6
53689982,48,48,-1,-1,0
53690823,33,5,-1,-1,1
53691274,10,58,-1,-1,2
53690246,29,14,-1,-1,0
53694376,14,10,-1,-1,6
53691412,55,13,-1,-1,0
53695431,29,36,-1,-1,2
53695376,41,47,-1,-1,0
53679729,44,48,-1,-1,2
53686598,25,9,-1,-1,1
53687440,42,58,-1,-1,6
53695938,57,20,-1,-1,1
53692627,35,36,-1,-1,2
53692847,50,40,-1,-1,7
53674385,16,0,-1,-1,5
53684016,53,10,-1,-1,0
53695166,43,39,-1,-1,3
53689586,33,10,-1,-1,4
53695965,51,36,-1,-1,6
53692885,18,14,-1,-1,2
53694325,14,49,-1,-1,0
53693890,5,10,-1,-1,1
53682469,18,15,-1,-1,4
53626557,7,11,-1,-1,7
53695990,42,13,-1,-1,2
53693253,57,50,-1,-1,1
53673366,18,11,-1,-1,1
53695568,14,26,-1,-1,6
53688957,4,52,-1,-1,3
53694331,36,28,-1,-1,5
53691267,51,18,-1,-1,0
53694790,42,14,-1,-1,3
53689695,6,25,-1,-1,7
53695967,28,28,-1,-1,4
53686068,18,10,-1,-1,3
53681462,32,11,-1,-1,5
53695164,33,46,-1,-1,0
53694907,50,47,-1,-1,6
53695523,37,13,-1,-1,4
53695025,27,27,-1,-1,0
53692751,2,45,-1,-1,6
53689623,44,8,-1,-1,7
53695188,25,46,-1,-1,4
53681379,0,12,-1,-1,3
53692894,4,33,-1,-1,0
53696023,38,18,-1,-1,1
53693026,42,46,-1,-1,7
53693592,38,15,-1,-1,1
53690445,50,6,-1,-1,5
53694937,54,22,-1,-1,2
53695714,28,39,-1,-1,2
53680955,3,11,-1,-1,6
53643860,0,53,-1,-1,0
53689124,54,3,-1,-1,6
53695646,27,24,-1,-1,2
53691409,36,52,-1,-1,0
53689482,50,19,-1,-1,3
53694400,53,45,-1,-1,3
53693660,51,16,-1,-1,2
53689037,29,57,-1,-1,2
53695647,30,20,-1,-1,1
53678097,1,43,-1,-1,0
53695945,48,47,-1,-1,0
53691940,52,38,-1,-1,5
53684965,33,56,-1,-1,7
53682866,3,21,-1,-1,0
53693895,52,17,-1,-1,3
53694220,8,43,-1,-1,0
53687099,12,17,-1,-1,4
53691836,48,18,-1,-1,7
53695033,36,43,-1,-1,3
53688469,54,44,-1,-1,1
53668955,52,8,-1,-1,5
53695409,55,25,-1,-1,5
53695747,24,28,-1,-1,5
53694305,15,18,-1,-1,3
53695172,20,14,-1,-1,6
53621839,2,0,-1,-1,4
53694226,14,32,-1,-1,2
53693053,42,10,-1,-1,0
53687783,42,55,-1,-1,6
53693587,8,14,-1,-1,2
53694205,44,13,-1,-1,7
53691300,7,22,-1,-1,4
53694458,18,21,-1,-1,1
53691013,50,10,-1,-1,6
53694984,45,34,-1,-1,6
53691289,37,1,-1,-1,1
53693930,46,35,-1,-1,2
53689408,42,23,-1,-1,0
53687236,51,19,-1,-1,3
53687826,11,3,-1,-1,7
53665812,0,49,-1,-1,0
53695031,41,25,-1,-1,4
53685812,11,29,-1,-1,3
53685737,21,56,-1,-1,5
53695856,28,53,-1,-1,2
53692797,58,43,-1,-1,5
53694745,26,40,-1,-1,0
53694782,45,38,-1,-1,7
53695811,36,33,-1,-1,3
53688988,9,21,-1,-1,2
53631820,2,8,-1,-1,7
53686445,24,56,-1,-1,3
53691750,47,48,-1,-1,5
53641857,58,0,-1,-1,5
53689842,54,51,-1,-1,4
53690872,6,41,-1,-1,4
53694587,24,14,-1,-1,5
53695742,42,37,-1,-1,0
53693798,8,36,-1,-1,6
53695548,38,14,-1,-1,4
53674967,45,6,-1,-1,5
53695001,53,22,-1,-1,3
53694172,40,26,-1,-1,3
53690827,9,24,-1,-1,3
53689066,23,55,-1,-1,5
53688721,10,50,-1,-1,5
53695985,56,7,-1,-1,1
53686716,29,1,-1,-1,7
53693131,17,12,-1,-1,5
53682176,6,18,-1,-1,0
53694997,47,40,-1,-1,5
53691043,50,12,-1,-1,0
53691203,48,21,-1,-1,4
53692746,57,43,-1,-1,3
53690072,9,45,-1,-1,1
53694573,12,30,-1,-1,4
53695782,44,36,-1,-1,0
53693201,43,5,-1,-1,6
53691724,38,49,-1,-1,5
53693188,15,51,-1,-1,2
53695562,21,34,-1,-1,4
53677790,53,4,-1,-1,1
53675978,1,56,-1,-1,5
53689747,40,5,-1,-1,4
53695168,50,50,-1,-1,1
53696075,25,40,-1,-1,1
53688640,13,42,-1,-1,2
53686590,2,26,-1,-1,2
53691310,31,14,-1,-1,4
53694043,5,39,-1,-1,5
53683825,32,54,-1,-1,3
53694577,39,55,-1,-1,4
53695442,24,43,-1,-1,2
53692957,58,31,-1,-1,7
53694820,3,14,-1,-1,3
53695786,16,26,-1,-1,3
53695255,34,25,-1,-1,7
53692352,16,25,-1,-1,4
53695098,21,32,-1,-1,0
53695373,41,29,-1,-1,5
53695640,24,48,-1,-1,6
53695527,17,33,-1,-1,7
53694139,9,23,-1,-1,0
53682235,0,42,-1,-1,4
53695408,48,17,-1,-1,7
53671734,0,6,-1,-1,4
53694511,21,54,-1,-1,0
53677394,55,8,-1,-1,3
53696012,30,38,-1,-1,6
53694970,20,24,-1,-1,2
53695864,24,22,-1,-1,1
53694424,11,5,-1,-1,7
53665681,7,58,-1,-1,6
53694114,18,12,-1,-1,4
53693467,20,9,-1,-1,5
53692853,38,44,-1,-1,4
53694541,39,32,-1,-1,2
53688454,11,19,-1,-1,5
53693266,41,52,-1,-1,0
53661475,25,7,-1,-1,2
53693236,11,0,-1,-1,5
53688789,6,7,-1,-1,5
53687199,32,8,-1,-1,6
53693590,27,44,-1,-1,5
53690612,31,56,-1,-1,2
53694444,35,51,-1,-1,5
53684662,14,36,-1,-1,1
53665438,2,4,-1,-1,2
53691285,7,30,-1,-1,1
53695414,4,34,-1,-1,2
53692837,42,0,-1,-1,3
53692156,41,41,-1,-1,0
53669410,58,1,-1,-1,0
53693329,23,40,-1,-1,1
53686308,13,3,-1,-1,4
53689062,52,41,-1,-1,2
53693728,5,12,-1,-1,2
53694560,36,45,-1,-1,5
53693618,13,0,-1,-1,6
53694015,29,31,-1,-1,7
53695184,38,20,-1,-1,3
53681616,17,1,-1,-1,5
53695544,0,16,-1,-1,2
53694563,8,31,-1,-1,2
53695370,42,41,-1,-1,6
53694075,30,47,-1,-1,0
53688227,1,38,-1,-1,0
53695232,28,29,-1,-1,2
53693754,55,19,-1,-1,0
53693717,28,10,-1,-1,2
53695268,17,16,-1,-1,4
53695586,37,7,-1,-1,0
53695734,4,35,-1,-1,5
53677254,58,47,-1,-1,5
53695666,48,31,-1,-1,5
53692148,10,18,-1,-1,4
53696074,15,36,-1,-1,0
53695670,26,52,-1,-1,1
53692400,8,19,-1,-1,3
53695716,22,36,-1,-1,4
53694689,26,34,-1,-1,3
53684354,25,53,-1,-1,2
53692865,14,13,-1,-1,3
53694979,9,25,-1,-1,3
53695908,31,29,-1,-1,2
53683842,12,8,-1,-1,6
53696071,19,14,-1,-1,4
53689183,56,12,-1,-1,5
53693333,37,34,-1,-1,1
53672491,40,8,-1,-1,5
53683342,13,27,-1,-1,2
53695399,4,27,-1,-1,4
53673903,48,1,-1,-1,7
53694028,42,39,-1,-1,5
53695069,10,33,-1,-1,6
53694964,26,16,-1,-1,3
53688441,42,27,-1,-1,3
53688470,18,19,-1,-1,6
53696063,30,39,-1,-1,3
53695253,3,34,-1,-1,1
53695614,50,21,-1,-1,6
53684724,15,4,-1,-1,5
53688664,51,6,-1,-1,0
53692152,23,39,-1,-1,0
53695804,23,49,-1,-1,5
53692093,9,1,-1,-1,1
53693878,12,28,-1,-1,4
53695000,31,49,-1,-1,0
53693750,14,41,-1,-1,1
53695878,37,32,-1,-1,3
53686864,58,10,-1,-1,4
53685790,2,42,-1,-1,4
53652193,58,8,-1,-1,7
53695972,58,34,-1,-1,0
53695777,41,56,-1,-1,3
53695612,33,47,-1,-1,1
53685636,26,54,-1,-1,4
53694040,0,30,-1,-1,0
53687941,57,57,-1,-1,3
53660103,50,42,-1,-1,6
53680900,55,5,-1,-1,6
53695935,34,49,-1,-1,7
53695347,27,28,-1,-1,3
53695910,43,30,-1,-1,7
53685378,12,44,-1,-1,1
53695246,1,52,-1,-1,3
53696080,14,24,-1,-1,1
53687230,23,48,-1,-1,5
53692634,44,23,-1,-1,6
53694000,23,8,-1,-1,2
53696081,2,36,-1,-1,3
