# org_id,org_cellx,org_celly,org_forage_target,org_group_id,org_facing
34912922,5,27,-1,-1,5
34907871,37,50,-1,-1,1
34913606,4,35,-1,-1,1
34914906,38,15,-1,-1,1
34914981,35,30,-1,-1,0
34914231,31,17,-1,-1,4
34914358,17,46,-1,-1,4
34912504,32,32,-1,-1,7
34913609,53,43,-1,-1,1
34907889,33,38,-1,-1,4
34907373,35,36,-1,-1,2
34914836,50,53,-1,-1,0
34914459,0,5,-1,-1,3
34914925,36,52,-1,-1,3
34913895,16,17,-1,-1,6
34913273,48,10,-1,-1,5
34912827,6,34,-1,-1,7
34906382,31,37,-1,-1,5
34914978,53,56,-1,-1,3
34909042,26,9,-1,-1,3
34907701,43,14,-1,-1,6
34914788,15,34,-1,-1,7
34908959,39,42,-1,-1,2
34913108,5,2,-1,-1,7
34914285,31,27,-1,-1,5
34911907,6,4,-1,-1,2
34913708,10,31,-1,-1,6
34913237,1,41,-1,-1,5
34914402,6,21,-1,-1,1
34911365,53,26,-1,-1,1
34914797,4,55,-1,-1,5
34908383,22,25,-1,-1,3
34914944,2,15,-1,-1,6
34911853,46,24,-1,-1,0
34908733,4,51,-1,-1,6
34914955,50,13,-1,-1,6
34900369,29,30,-1,-1,6
34913132,41,3,-1,-1,3
34914110,4,8,-1,-1,7
34914294,13,1,-1,-1,1
34912762,31,23,-1,-1,2
34912977,13,27,-1,-1,1
34914834,14,47,-1,-1,3
34914831,57,34,-1,-1,3
34911237,23,0,-1,-1,4
34913446,44,22,-1,-1,6
34913625,50,43,-1,-1,7
34910416,47,40,-1,-1,4
34914713,7,27,-1,-1,0
34909524,48,36,-1,-1,5
34914703,31,29,-1,-1,4
34907523,11,9,-1,-1,6
34911928,29,0,-1,-1,4
34909840,27,57,-1,-1,7
34913980,49,52,-1,-1,5
34901693,7,0,-1,-1,4
34911198,37,49,-1,-1,6
34900883,0,4,-1,-1,4
34913930,27,49,-1,-1,7
34914852,23,22,-1,-1,6
34914348,53,53,-1,-1,7
34912722,24,15,-1,-1,4
34912490,11,38,-1,-1,6
34914413,33,15,-1,-1,4
34911349,18,47,-1,-1,4
34910749,7,3,-1,-1,3
34901475,17,12,-1,-1,1
34905526,48,2,-1,-1,6
34911212,47,55,-1,-1,3
34912657,50,52,-1,-1,7
34914934,34,32,-1,-1,1
34914338,53,14,-1,-1,0
34912507,49,41,-1,-1,6
34904620,12,6,-1,-1,6
34913287,48,4,-1,-1,0
34914985,42,22,-1,-1,5
34914301,25,50,-1,-1,2
34902380,37,13,-1,-1,1
34911099,47,3,-1,-1,0
34900113,17,41,-1,-1,2
34910672,38,29,-1,-1,0
34911603,31,45,-1,-1,2
34910462,58,14,-1,-1,7
34897213,19,7,-1,-1,4
34911974,40,27,-1,-1,6
34914067,36,29,-1,-1,0
34913255,9,25,-1,-1,5
34900112,1,26,-1,-1,3
34911102,45,54,-1,-1,4
34913214,27,11,-1,-1,6
34911268,1,27,-1,-1,4
34914609,35,6,-1,-1,5
34909003,25,18,-1,-1,5
34913676,12,58,-1,-1,7
34912958,3,23,-1,-1,6
34913289,25,49,-1,-1,7
34914370,47,25,-1,-1,7
34905973,3,1,-1,-1,0
34913478,2,57,-1,-1,6
34912914,57,30,-1,-1,6
34911311,22,57,-1,-1,4
34914792,13,58,-1,-1,0
34913725,27,16,-1,-1,5
34905666,48,46,-1,-1,5
34913374,43,15,-1,-1,0
34913941,25,22,-1,-1,5
34914256,12,48,-1,-1,2
34914807,56,4,-1,-1,7
34912183,4,3,-1,-1,4
34909071,11,24,-1,-1,3
34906911,30,10,-1,-1,6
34909803,46,32,-1,-1,1
34910290,7,28,-1,-1,7
34914372,57,3,-1,-1,5
34914865,2,20,-1,-1,4
34914568,22,43,-1,-1,0
34902619,8,10,-1,-1,1
34912314,24,7,-1,-1,2
34912206,44,55,-1,-1,6
34912588,4,27,-1,-1,5
34905399,9,45,-1,-1,0
34911579,26,39,-1,-1,7
34912395,19,30,-1,-1,6
34910340,1,14,-1,-1,6
34913521,45,38,-1,-1,1
34914451,15,11,-1,-1,1
34913386,37,11,-1,-1,3
34914645,6,46,-1,-1,2
34912887,3,24,-1,-1,5
34909299,22,10,-1,-1,5
34913889,49,53,-1,-1,5
34914177,55,33,-1,-1,0
34903630,36,39,-1,-1,0
34910201,0,22,-1,-1,3
34910835,47,46,-1,-1,0
34912307,1,30,-1,-1,6
34913245,6,50,-1,-1,4
34909598,29,1,-1,-1,0
34914183,40,13,-1,-1,3
34914317,39,41,-1,-1,2
34912267,46,9,-1,-1,3
34909749,3,38,-1,-1,5
34914547,44,35,-1,-1,5
34913128,56,32,-1,-1,0
34914755,50,30,-1,-1,2
34913065,28,54,-1,-1,4
34912589,35,26,-1,-1,5
34914405,36,20,-1,-1,2
34904943,49,24,-1,-1,6
34912363,24,23,-1,-1,3
34914265,27,13,-1,-1,4
34912089,37,57,-1,-1,6
34913378,38,18,-1,-1,6
34914656,11,26,-1,-1,2
34913471,33,13,-1,-1,6
34914637,17,42,-1,-1,0
34908643,39,45,-1,-1,1
34914460,51,13,-1,-1,2
34914238,41,0,-1,-1,3
34914712,57,39,-1,-1,6
34909000,51,22,-1,-1,4
34913141,20,27,-1,-1,2
34910356,10,12,-1,-1,0
34912955,8,15,-1,-1,5
34910947,37,7,-1,-1,4
34903972,43,41,-1,-1,7
34913392,54,23,-1,-1,2
34913190,42,27,-1,-1,0
34913778,17,48,-1,-1,5
34913035,7,7,-1,-1,5
34908766,5,29,-1,-1,4
34908991,5,45,-1,-1,2
34913618,53,32,-1,-1,3
34914620,46,50,-1,-1,2
34914992,5,32,-1,-1,3
34901704,55,15,-1,-1,7
34911158,35,43,-1,-1,0
34914002,54,43,-1,-1,3
34909018,27,20,-1,-1,1
34914292,23,52,-1,-1,6
34914143,14,7,-1,-1,4
34908456,52,49,-1,-1,5
34914088,43,31,-1,-1,4
34912336,2,56,-1,-1,2
34914434,46,23,-1,-1,0
34908650,18,8,-1,-1,6
34913746,31,7,-1,-1,6
34914748,8,39,-1,-1,4
34907702,46,4,-1,-1,3
34914963,48,39,-1,-1,5
34906147,48,56,-1,-1,3
34912136,47,24,-1,-1,5
34914464,39,11,-1,-1,2
34914245,4,9,-1,-1,7
34913272,50,25,-1,-1,3
34914437,26,18,-1,-1,3
34913561,7,1,-1,-1,0
34912875,14,3,-1,-1,7
34903765,55,46,-1,-1,2
34912451,5,11,-1,-1,1
34913327,4,16,-1,-1,0
34914029,34,33,-1,-1,6
34912354,49,7,-1,-1,5
34912228,49,2,-1,-1,3
34914945,52,9,-1,-1,0
34914423,34,46,-1,-1,2
34908890,56,9,-1,-1,0
34912248,6,39,-1,-1,1
34913321,21,19,-1,-1,7
34914564,46,18,-1,-1,1
34904183,14,51,-1,-1,1
34912905,32,14,-1,-1,7
34907713,52,58,-1,-1,7
34913971,25,8,-1,-1,4
34903755,58,1,-1,-1,7
34914399,55,42,-1,-1,0
34913306,42,20,-1,-1,4
34914948,11,22,-1,-1,3
34912549,7,31,-1,-1,4
34909615,55,31,-1,-1,6
34900983,22,51,-1,-1,1
34912201,20,28,-1,-1,4
34911812,16,44,-1,-1,3
34911517,57,48,-1,-1,5
34914950,35,0,-1,-1,3
34912633,47,20,-1,-1,0
34909137,20,50,-1,-1,6
34912644,3,21,-1,-1,5
34914658,17,22,-1,-1,6
34913263,49,22,-1,-1,0
34914853,0,37,-1,-1,1
34910663,23,30,-1,-1,5
34914226,18,33,-1,-1,3
34912832,33,12,-1,-1,3
34914927,19,45,-1,-1,1
34913590,4,43,-1,-1,4
34913663,11,37,-1,-1,7
34911540,22,53,-1,-1,6
34911565,38,45,-1,-1,0
34914482,52,56,-1,-1,3
34912417,35,15,-1,-1,3
34915002,43,42,-1,-1,5
34914462,14,22,-1,-1,0
34914024,23,29,-1,-1,4
34913238,29,43,-1,-1,5
34892819,6,38,-1,-1,7
34914107,21,33,-1,-1,3
34912548,27,21,-1,-1,4
34913037,44,26,-1,-1,4
34912991,33,20,-1,-1,4
34910836,26,25,-1,-1,7
34905541,37,21,-1,-1,3
34914091,32,56,-1,-1,4
34913555,53,23,-1,-1,5
34911958,15,49,-1,-1,1
34912919,27,53,-1,-1,7
34912212,55,3,-1,-1,4
34911119,13,31,-1,-1,0
34913458,19,16,-1,-1,7
34912821,26,0,-1,-1,5
34914652,53,55,-1,-1,3
34912046,37,33,-1,-1,7
34908195,45,34,-1,-1,0
34910787,19,55,-1,-1,6
34906597,25,4,-1,-1,2
34913469,32,20,-1,-1,7
34909761,25,57,-1,-1,7
34913866,58,45,-1,-1,6
34908381,23,1,-1,-1,1
34914680,27,46,-1,-1,3
34910665,40,12,-1,-1,0
34913511,0,36,-1,-1,3
34912200,27,24,-1,-1,4
34911161,5,22,-1,-1,1
34912513,30,25,-1,-1,2
34914057,41,9,-1,-1,4
34913633,46,57,-1,-1,5
34910608,12,26,-1,-1,1
34914151,20,3,-1,-1,4
34913410,51,57,-1,-1,4
34908542,45,35,-1,-1,7
34905317,42,56,-1,-1,1
34914912,50,26,-1,-1,4
34910421,23,8,-1,-1,2
34913266,15,42,-1,-1,1
34908388,33,57,-1,-1,5
34911095,16,20,-1,-1,0
34914762,21,40,-1,-1,2
34914213,25,7,-1,-1,3
34911082,19,28,-1,-1,1
34912924,40,48,-1,-1,6
34910735,18,38,-1,-1,2
34902332,29,26,-1,-1,2
34914319,41,20,-1,-1,4
34914165,12,2,-1,-1,1
34906988,25,47,-1,-1,7
34912269,0,32,-1,-1,0
34914038,29,24,-1,-1,0
34910969,26,6,-1,-1,1
34914895,48,44,-1,-1,0
34914376,25,27,-1,-1,5
34914474,45,27,-1,-1,5
34912744,28,56,-1,-1,7
34913299,22,42,-1,-1,7
34913579,44,44,-1,-1,2
34912044,42,14,-1,-1,7
34909885,58,19,-1,-1,0
34913354,14,56,-1,-1,2
34914832,49,30,-1,-1,5
34913532,24,32,-1,-1,6
34914790,37,22,-1,-1,1
34905769,58,39,-1,-1,5
34904891,12,1,-1,-1,7
34908711,49,38,-1,-1,3
34913602,49,11,-1,-1,2
34909754,37,51,-1,-1,6
34913488,35,7,-1,-1,3
34913072,41,27,-1,-1,4
34911810,49,47,-1,-1,3
34912988,37,19,-1,-1,6
34913405,46,41,-1,-1,5
34913114,9,44,-1,-1,5
34913115,4,2,-1,-1,7
34908637,43,35,-1,-1,3
34914849,36,51,-1,-1,2
34909930,27,28,-1,-1,1
34911223,53,35,-1,-1,3
34904831,8,54,-1,-1,2
34911585,52,25,-1,-1,7
34906210,18,58,-1,-1,7
34909097,54,57,-1,-1,3
34914914,43,55,-1,-1,7
34913983,7,21,-1,-1,2
34914288,25,33,-1,-1,3
34906486,34,37,-1,-1,1
34907675,51,47,-1,-1,7
34903102,32,10,-1,-1,3
34908912,53,5,-1,-1,3
34914045,36,24,-1,-1,4
34914192,23,45,-1,-1,1
34912107,56,50,-1,-1,6
34911590,26,49,-1,-1,2
34909057,22,56,-1,-1,3
34914580,56,17,-1,-1,7
34909014,47,30,-1,-1,6
34914243,22,2,-1,-1,1
34913997,53,0,-1,-1,6
34912676,0,6,-1,-1,4
34911145,10,36,-1,-1,3
34911545,40,44,-1,-1,5
34914782,51,14,-1,-1,4
34912393,22,36,-1,-1,3
34914838,32,50,-1,-1,4
34911262,34,3,-1,-1,6
34914383,28,11,-1,-1,1
34914161,7,34,-1,-1,1
34909485,55,4,-1,-1,2
34913657,21,48,-1,-1,3
34912659,36,34,-1,-1,6
34912391,41,53,-1,-1,3
34914448,36,41,-1,-1,5
34904414,58,27,-1,-1,0
34902931,2,7,-1,-1,5
34898517,10,26,-1,-1,1
34909100,44,15,-1,-1,0
34912469,3,34,-1,-1,3
34913495,16,57,-1,-1,3
34913899,17,51,-1,-1,3
34903996,36,8,-1,-1,7
34910009,18,18,-1,-1,1
34913218,12,55,-1,-1,5
34912680,9,53,-1,-1,7
34913969,30,46,-1,-1,1
34906203,0,49,-1,-1,0
34908646,23,51,-1,-1,2
34912458,45,49,-1,-1,3
34914311,26,52,-1,-1,0
34906896,4,14,-1,-1,3
34912961,7,50,-1,-1,3
34913855,55,26,-1,-1,0
34913937,10,51,-1,-1,7
34914104,18,3,-1,-1,3
34909314,38,46,-1,-1,6
34912441,11,29,-1,-1,7
34913594,38,47,-1,-1,1
34909549,31,5,-1,-1,0
34913176,14,31,-1,-1,3
34911004,58,53,-1,-1,7
34907690,12,12,-1,-1,6
34910875,6,51,-1,-1,6
34911988,12,34,-1,-1,1
34911949,32,4,-1,-1,5
34900940,57,26,-1,-1,3
34914513,20,31,-1,-1,0
34901971,57,24,-1,-1,3
34912101,17,33,-1,-1,2
34911253,47,2,-1,-1,1
34909774,5,56,-1,-1,5
34911996,28,19,-1,-1,6
34910373,14,37,-1,-1,1
34912873,2,36,-1,-1,5
34914100,10,18,-1,-1,1
34913923,29,39,-1,-1,0
34910820,47,0,-1,-1,5
34905076,31,51,-1,-1,7
34912677,42,45,-1,-1,5
34914644,38,26,-1,-1,2
34911379,11,15,-1,-1,2
34908946,48,34,-1,-1,3
34908517,2,51,-1,-1,7
34906516,11,48,-1,-1,6
34914136,9,26,-1,-1,7
34908553,30,7,-1,-1,7
34914381,25,26,-1,-1,7
34910527,33,0,-1,-1,2
34914331,11,25,-1,-1,0
34912803,50,41,-1,-1,0
34914551,30,22,-1,-1,3
34913163,12,7,-1,-1,5
34914037,40,42,-1,-1,6
34914749,20,23,-1,-1,3
34912193,28,31,-1,-1,5
34907146,13,47,-1,-1,3
34909382,36,57,-1,-1,2
34911628,28,28,-1,-1,7
34914064,1,4,-1,-1,6
34914182,20,42,-1,-1,4
34914216,29,2,-1,-1,4
34911064,15,25,-1,-1,2
34910729,58,12,-1,-1,7
34914986,42,6,-1,-1,3
34911117,4,15,-1,-1,5
34910441,7,5,-1,-1,3
34914586,26,31,-1,-1,6
34913223,29,46,-1,-1,5
34914698,6,18,-1,-1,7
34913316,51,11,-1,-1,4
34912972,12,9,-1,-1,5
34911295,11,14,-1,-1,7
34912951,52,26,-1,-1,5
34907971,57,32,-1,-1,1
34910815,27,50,-1,-1,7
34911824,28,47,-1,-1,7
34910931,14,2,-1,-1,1
34912879,37,54,-1,-1,6
34912550,30,19,-1,-1,4
34911969,18,51,-1,-1,2
34913523,29,57,-1,-1,5
34914450,49,44,-1,-1,6
34909268,45,48,-1,-1,1
34910972,0,51,-1,-1,4
34908914,39,10,-1,-1,0
34913815,46,12,-1,-1,7
34914254,14,50,-1,-1,2
34909090,21,14,-1,-1,7
34914741,58,17,-1,-1,5
34903801,9,56,-1,-1,4
34913174,33,43,-1,-1,5
34913760,31,19,-1,-1,2
34901151,42,3,-1,-1,2
34913150,11,58,-1,-1,1
34914065,43,12,-1,-1,0
34908025,52,31,-1,-1,0
34913654,32,2,-1,-1,3
34913296,55,47,-1,-1,0
34910998,15,56,-1,-1,7
34911188,2,55,-1,-1,0
34911599,2,41,-1,-1,1
34911205,54,48,-1,-1,7
34905466,54,29,-1,-1,5
34912841,48,17,-1,-1,7
34908835,6,9,-1,-1,7
34914714,31,49,-1,-1,5
34914219,54,40,-1,-1,1
34904349,27,12,-1,-1,4
34905273,9,35,-1,-1,3
34912564,7,29,-1,-1,5
34910459,47,14,-1,-1,5
34909053,22,34,-1,-1,1
34913836,36,43,-1,-1,6
34913420,31,39,-1,-1,0
34913356,47,33,-1,-1,3
34905577,50,27,-1,-1,3
34910207,22,54,-1,-1,6
34914036,10,22,-1,-1,7
34909780,13,35,-1,-1,6
34913656,50,35,-1,-1,2
34912543,1,45,-1,-1,5
34914984,30,53,-1,-1,2
34910779,34,17,-1,-1,4
34913502,14,28,-1,-1,5
34914384,6,5,-1,-1,5
34905228,7,41,-1,-1,2
34914926,46,6,-1,-1,0
34911821,30,30,-1,-1,0
34912993,35,32,-1,-1,1
34912969,46,51,-1,-1,4
34914074,23,49,-1,-1,3
34909508,41,36,-1,-1,3
34910102,33,52,-1,-1,4
34910693,22,29,-1,-1,5
34914456,37,46,-1,-1,4
34912503,47,50,-1,-1,4
34914747,20,30,-1,-1,5
34914229,13,30,-1,-1,4
34909395,22,21,-1,-1,6
34906940,45,9,-1,-1,3
34914721,17,3,-1,-1,0
34912654,26,53,-1,-1,3
34912791,15,18,-1,-1,4
34914990,7,32,-1,-1,1
34908619,28,45,-1,-1,1
34911825,46,22,-1,-1,5
34914727,5,12,-1,-1,0
34910885,31,34,-1,-1,0
34913211,0,55,-1,-1,3
34913487,54,7,-1,-1,6
34913966,37,41,-1,-1,1
34909362,53,36,-1,-1,7
34912970,41,42,-1,-1,3
34914907,52,1,-1,-1,5
34906196,10,56,-1,-1,7
34914401,12,11,-1,-1,0
34909145,49,27,-1,-1,0
34914802,55,49,-1,-1,0
34914119,3,46,-1,-1,1
34910588,43,29,-1,-1,2
34910774,4,19,-1,-1,1
34910434,24,39,-1,-1,4
34913326,48,3,-1,-1,5
34914340,13,54,-1,-1,6
34905822,47,13,-1,-1,5
34914839,10,35,-1,-1,4
34913974,49,43,-1,-1,3
34904913,47,49,-1,-1,0
34914679,1,43,-1,-1,6
34907757,33,2,-1,-1,1
34906366,58,47,-1,-1,5
34913666,47,53,-1,-1,4
34911216,31,14,-1,-1,2
34912371,19,3,-1,-1,0
34913014,40,17,-1,-1,0
34911477,37,47,-1,-1,7
34911731,2,10,-1,-1,6
34913499,2,40,-1,-1,2
34904725,5,54,-1,-1,6
34913628,29,52,-1,-1,4
34909591,52,43,-1,-1,4
34914470,15,10,-1,-1,7
34914612,16,41,-1,-1,1
34912455,30,26,-1,-1,3
34914449,56,5,-1,-1,2
34914244,9,46,-1,-1,2
34910775,24,14,-1,-1,4
34914283,54,41,-1,-1,3
34913816,22,31,-1,-1,7
34913984,23,10,-1,-1,5
34913735,53,54,-1,-1,1
34910556,35,29,-1,-1,6
34912795,16,35,-1,-1,6
34912323,33,49,-1,-1,7
34896035,17,0,-1,-1,6
34914170,19,39,-1,-1,5
34913454,58,42,-1,-1,4
34914510,2,19,-1,-1,3
34912586,3,54,-1,-1,4
34910091,27,56,-1,-1,0
34904542,2,43,-1,-1,4
34913940,1,19,-1,-1,7
34912074,44,8,-1,-1,2
34909988,13,34,-1,-1,6
34912361,40,46,-1,-1,5
34914232,51,0,-1,-1,4
34911481,3,19,-1,-1,1
34912264,40,10,-1,-1,3
34914675,23,4,-1,-1,4
34913626,10,53,-1,-1,2
34906011,54,25,-1,-1,7
34912032,23,17,-1,-1,7
34910963,37,37,-1,-1,0
34910888,17,58,-1,-1,2
34913918,27,31,-1,-1,5
34914731,3,55,-1,-1,5
34912221,21,18,-1,-1,5
34913682,38,7,-1,-1,4
34912864,39,4,-1,-1,7
34911306,16,24,-1,-1,2
34912712,41,18,-1,-1,5
34914087,19,35,-1,-1,1
34914327,5,20,-1,-1,5
34908958,42,17,-1,-1,0
34910724,9,30,-1,-1,7
34908460,0,13,-1,-1,3
34914902,14,16,-1,-1,2
34905290,28,58,-1,-1,2
34911991,3,31,-1,-1,1
34911400,55,34,-1,-1,7
34912632,36,23,-1,-1,6
34914952,27,26,-1,-1,2
34914193,7,9,-1,-1,4
34906554,51,26,-1,-1,0
34910196,33,6,-1,-1,5
34909532,35,14,-1,-1,3
34909088,3,16,-1,-1,0
34913817,48,58,-1,-1,2
34907617,42,51,-1,-1,3
34913738,21,2,-1,-1,2
34909523,41,48,-1,-1,6
34913823,33,47,-1,-1,3
34893873,5,58,-1,-1,0
34911734,27,15,-1,-1,2
34908019,1,42,-1,-1,2
34909935,44,28,-1,-1,7
34914032,25,29,-1,-1,0
34912734,50,14,-1,-1,1
34911068,49,42,-1,-1,1
34913875,31,33,-1,-1,5
34907552,5,14,-1,-1,0
34914086,14,6,-1,-1,6
34909074,36,36,-1,-1,1
34903654,10,50,-1,-1,3
34914843,31,28,-1,-1,2
34913078,8,51,-1,-1,6
34914706,1,37,-1,-1,0
34914342,22,38,-1,-1,4
34914322,39,57,-1,-1,0
34911662,32,57,-1,-1,7
34907909,42,55,-1,-1,0
34914715,11,11,-1,-1,1
34907089,55,44,-1,-1,7
34914670,19,4,-1,-1,6
34912436,10,30,-1,-1,2
34902660,4,50,-1,-1,3
34913872,33,10,-1,-1,1
34912493,44,52,-1,-1,1
34911246,43,57,-1,-1,3
34913191,45,53,-1,-1,3
34907339,6,1,-1,-1,0
34914492,52,2,-1,-1,1
34909998,33,41,-1,-1,1
34912692,39,22,-1,-1,3
34914200,33,19,-1,-1,0
34913898,22,37,-1,-1,0
34911240,19,31,-1,-1,2
34910817,6,56,-1,-1,0
34913554,49,8,-1,-1,4
34908475,10,58,-1,-1,1
34914968,9,58,-1,-1,0
34913833,34,16,-1,-1,4
34911154,4,5,-1,-1,1
34914641,35,25,-1,-1,3
34913024,45,36,-1,-1,0
34912867,16,34,-1,-1,1
34910759,58,16,-1,-1,7
34914639,48,47,-1,-1,0
34912209,22,33,-1,-1,0
34913082,21,55,-1,-1,0
34913246,37,8,-1,-1,0
34913346,21,46,-1,-1,6
34909290,48,8,-1,-1,0
34913362,1,22,-1,-1,6
34914677,48,30,-1,-1,0
34914341,45,13,-1,-1,6
34914616,25,48,-1,-1,5
34914674,10,8,-1,-1,7
34911293,29,55,-1,-1,2
34907455,1,1,-1,-1,0
34911531,3,53,-1,-1,0
34913081,55,58,-1,-1,2
34911839,32,42,-1,-1,0
34914202,9,22,-1,-1,4
34914758,12,47,-1,-1,7
34907799,53,11,-1,-1,4
34913799,8,18,-1,-1,5
34914725,3,28,-1,-1,5
34903861,11,45,-1,-1,1
34908756,50,42,-1,-1,2
34914166,27,23,-1,-1,4
34911979,50,6,-1,-1,5
34909605,38,52,-1,-1,5
34909952,14,35,-1,-1,2
34913312,16,37,-1,-1,5
34914780,20,45,-1,-1,4
34913208,56,6,-1,-1,7
34913825,7,55,-1,-1,1
34911995,52,52,-1,-1,3
34913278,19,47,-1,-1,2
34913425,5,18,-1,-1,5
34913008,18,41,-1,-1,3
34913350,28,29,-1,-1,7
34914700,34,30,-1,-1,4
34913798,2,53,-1,-1,2
34914407,24,52,-1,-1,7
34912197,41,50,-1,-1,5
34912141,18,9,-1,-1,6
34905310,37,10,-1,-1,4
34903569,58,34,-1,-1,0
34914132,2,6,-1,-1,4
34908833,48,0,-1,-1,3
34914544,53,7,-1,-1,6
34913796,8,17,-1,-1,0
34911933,15,55,-1,-1,7
34912297,23,12,-1,-1,7
34902035,5,3,-1,-1,7
34914350,30,49,-1,-1,5
34910039,50,10,-1,-1,4
34914083,52,24,-1,-1,0
34901851,39,7,-1,-1,3
34911685,20,49,-1,-1,2
34914542,29,51,-1,-1,5
34913736,37,40,-1,-1,1
34913039,37,36,-1,-1,4
34911722,15,52,-1,-1,5
34904868,14,58,-1,-1,0
34914913,54,15,-1,-1,1
34911940,28,27,-1,-1,1
34914638,58,9,-1,-1,7
34914654,16,28,-1,-1,1
34911800,18,23,-1,-1,1
34912740,6,33,-1,-1,2
34912935,31,52,-1,-1,3
34914066,16,12,-1,-1,2
34912619,37,39,-1,-1,7
34911688,4,32,-1,-1,1
34911074,38,25,-1,-1,6
34914153,25,1,-1,-1,4
34905199,33,1,-1,-1,0
34913698,12,4,-1,-1,6
34912310,15,24,-1,-1,3
34908430,38,32,-1,-1,7
34907986,23,55,-1,-1,6
34904864,55,35,-1,-1,5
34910022,48,28,-1,-1,7
34910946,26,12,-1,-1,1
34913248,46,1,-1,-1,7
34913231,23,42,-1,-1,6
34910844,10,19,-1,-1,2
34911649,24,13,-1,-1,2
34909795,10,3,-1,-1,3
34907071,2,58,-1,-1,2
34912099,44,13,-1,-1,1
34914646,30,48,-1,-1,7
34914563,8,32,-1,-1,7
34914817,7,8,-1,-1,6
34913406,47,28,-1,-1,1
34914099,15,20,-1,-1,2
34914240,7,22,-1,-1,2
34914671,22,24,-1,-1,3
34911497,43,2,-1,-1,1
34910424,23,19,-1,-1,1
34909544,0,30,-1,-1,1
34911347,27,4,-1,-1,3
34913783,25,17,-1,-1,5
34890639,8,58,-1,-1,2
34913954,9,17,-1,-1,4
34913167,28,49,-1,-1,2
34914440,15,17,-1,-1,5
34907302,45,18,-1,-1,1
34908275,29,58,-1,-1,0
34911987,5,21,-1,-1,7
34914626,35,55,-1,-1,3
34906842,38,21,-1,-1,5
34914543,13,41,-1,-1,5
34911621,11,49,-1,-1,2
34913879,53,16,-1,-1,6
34914966,47,11,-1,-1,5
34911321,43,4,-1,-1,5
34913373,6,10,-1,-1,6
34909937,15,32,-1,-1,0
34907276,54,53,-1,-1,6
34913417,37,6,-1,-1,2
34912182,33,54,-1,-1,5
34914699,26,5,-1,-1,7
34907157,39,37,-1,-1,3
34910483,27,35,-1,-1,2
34909959,57,56,-1,-1,6
34901639,26,56,-1,-1,3
34912125,22,49,-1,-1,4
34913269,31,53,-1,-1,5
34911283,24,57,-1,-1,6
34912904,44,31,-1,-1,1
34911639,53,1,-1,-1,7
34907202,19,2,-1,-1,0
34914521,31,40,-1,-1,6
34908029,47,39,-1,-1,0
34909429,41,21,-1,-1,6
34904657,51,51,-1,-1,6
34914682,6,3,-1,-1,4
34910956,45,29,-1,-1,5
34914224,53,17,-1,-1,4
34912203,4,18,-1,-1,7
34914625,14,11,-1,-1,3
34914260,26,13,-1,-1,1
34912288,6,7,-1,-1,7
34913913,11,1,-1,-1,1
34913483,39,13,-1,-1,0
34912848,28,9,-1,-1,0
34900398,45,23,-1,-1,4
34907156,43,39,-1,-1,5
34914728,46,27,-1,-1,1
34907549,16,50,-1,-1,2
34912612,57,0,-1,-1,6
34913885,16,49,-1,-1,2
34911355,49,1,-1,-1,0
34904641,15,35,-1,-1,3
34905416,36,53,-1,-1,1
34914457,19,46,-1,-1,3
34910084,10,21,-1,-1,7
34914559,33,5,-1,-1,0
34910944,24,22,-1,-1,4
34899439,10,2,-1,-1,4
34912906,24,25,-1,-1,4
34914607,35,35,-1,-1,1
34914733,9,55,-1,-1,0
34912337,46,13,-1,-1,5
34908973,2,3,-1,-1,2
34913927,9,11,-1,-1,2
34914823,17,28,-1,-1,3
34914504,25,20,-1,-1,7
34908832,32,37,-1,-1,3
34912413,15,39,-1,-1,5
34912512,6,48,-1,-1,1
34914573,44,9,-1,-1,3
34910954,19,34,-1,-1,6
34910419,52,37,-1,-1,3
34914052,8,1,-1,-1,0
34914337,51,18,-1,-1,5
34912696,47,27,-1,-1,3
34913953,53,42,-1,-1,5
34914305,29,17,-1,-1,1
34911900,43,27,-1,-1,3
34913989,4,44,-1,-1,6
34914089,32,22,-1,-1,2
34913935,6,44,-1,-1,6
34913439,6,13,-1,-1,7
34914601,19,5,-1,-1,6
34914717,55,45,-1,-1,5
34914964,22,27,-1,-1,0
34910699,27,25,-1,-1,6
34909286,27,2,-1,-1,5
34914742,18,54,-1,-1,2
34914962,29,23,-1,-1,3
34908721,53,24,-1,-1,3
34910570,37,4,-1,-1,4
34914892,21,26,-1,-1,5
34914332,20,19,-1,-1,3
34911265,31,44,-1,-1,6
34912418,26,30,-1,-1,0
34905582,28,40,-1,-1,4
34914702,34,35,-1,-1,7
34908537,14,9,-1,-1,1
34914949,31,21,-1,-1,1
34913948,9,9,-1,-1,5
34913884,28,48,-1,-1,2
34913226,37,26,-1,-1,2
34912077,56,18,-1,-1,2
34914896,18,17,-1,-1,1
34907710,18,16,-1,-1,5
34910592,47,43,-1,-1,6
34913877,10,15,-1,-1,3
34901757,20,16,-1,-1,2
34912668,7,45,-1,-1,5
34914082,27,29,-1,-1,5
34912769,40,22,-1,-1,1
34909293,1,10,-1,-1,6
34914304,7,14,-1,-1,4
34914357,9,2,-1,-1,3
34907853,6,35,-1,-1,1
34911436,21,43,-1,-1,1
34913878,21,34,-1,-1,5
34914420,45,24,-1,-1,0
34912846,31,57,-1,-1,1
34909975,34,12,-1,-1,0
34914870,11,23,-1,-1,0
34914328,12,36,-1,-1,6
34914918,23,16,-1,-1,5
34914810,41,58,-1,-1,7
34912607,16,27,-1,-1,0
34910928,44,30,-1,-1,3
34914467,4,21,-1,-1,2
34909182,1,8,-1,-1,7
34912994,25,19,-1,-1,6
34912023,49,20,-1,-1,0
34907435,34,24,-1,-1,7
34911398,41,44,-1,-1,6
34913131,14,48,-1,-1,1
34909880,11,52,-1,-1,5
34904162,58,41,-1,-1,0
34914191,57,4,-1,-1,3
34907759,45,2,-1,-1,2
34908842,4,57,-1,-1,3
34912981,42,7,-1,-1,0
34914841,55,38,-1,-1,3
34910731,16,33,-1,-1,1
34913758,46,7,-1,-1,4
34902045,12,19,-1,-1,5
34910880,32,23,-1,-1,2
34911815,3,58,-1,-1,7
34910472,26,7,-1,-1,5
34912405,46,25,-1,-1,2
34912808,53,40,-1,-1,2
34905260,45,12,-1,-1,0
34912984,6,58,-1,-1,0
34911487,32,18,-1,-1,1
34911083,6,43,-1,-1,5
34914277,8,56,-1,-1,2
34914784,9,29,-1,-1,4
34910501,29,49,-1,-1,6
34913932,2,4,-1,-1,0
34905097,51,35,-1,-1,4
34913546,42,29,-1,-1,6
34913137,34,51,-1,-1,2
34905684,38,0,-1,-1,6
34914011,6,29,-1,-1,7
34913267,6,27,-1,-1,3
34912636,33,31,-1,-1,2
34913501,28,14,-1,-1,5
34913610,53,48,-1,-1,0
34912192,39,51,-1,-1,1
34913585,36,44,-1,-1,3
34912770,34,41,-1,-1,5
34909269,25,24,-1,-1,1
34912306,24,29,-1,-1,5
34912809,35,53,-1,-1,2
34913942,40,35,-1,-1,1
34911583,7,44,-1,-1,6
34911279,34,48,-1,-1,0
34909776,57,16,-1,-1,4
34911935,20,14,-1,-1,5
34913559,37,9,-1,-1,6
34912728,32,26,-1,-1,3
34914416,39,56,-1,-1,1
34914022,16,8,-1,-1,2
34904603,52,7,-1,-1,6
34912932,12,10,-1,-1,5
34914122,58,13,-1,-1,5
34908134,13,14,-1,-1,1
34913427,14,13,-1,-1,7
34914389,31,1,-1,-1,7
34911107,27,5,-1,-1,7
34912525,25,39,-1,-1,3
34914408,53,41,-1,-1,7
34911101,22,45,-1,-1,4
34911422,10,47,-1,-1,3
34910980,58,50,-1,-1,0
34914746,12,28,-1,-1,7
34907622,36,3,-1,-1,1
34905569,0,42,-1,-1,1
34911196,23,44,-1,-1,1
34913655,0,16,-1,-1,3
34912966,51,16,-1,-1,5
34902229,26,15,-1,-1,4
34911864,24,28,-1,-1,7
34897095,24,36,-1,-1,4
34912552,50,45,-1,-1,7
34913519,41,13,-1,-1,7
34913800,53,31,-1,-1,3
34910080,48,52,-1,-1,1
34907131,13,43,-1,-1,5
34910685,15,47,-1,-1,2
34898128,11,53,-1,-1,4
34913445,57,28,-1,-1,7
34893820,16,58,-1,-1,0
34914096,51,54,-1,-1,3
34906564,55,21,-1,-1,4
34914326,37,45,-1,-1,2
34908110,23,47,-1,-1,5
34913432,11,3,-1,-1,0
34909233,29,27,-1,-1,3
34902916,14,29,-1,-1,4
34912859,11,0,-1,-1,4
34913979,37,5,-1,-1,0
34902817,37,24,-1,-1,2
34910641,45,19,-1,-1,5
34912438,25,38,-1,-1,6
34913470,16,26,-1,-1,0
34914770,25,53,-1,-1,6
34914894,11,19,-1,-1,6
34914622,50,29,-1,-1,1
34913334,44,18,-1,-1,3
34911130,1,13,-1,-1,3
34914596,2,44,-1,-1,7
34907130,1,24,-1,-1,2
34912097,34,44,-1,-1,0
34905368,5,52,-1,-1,2
34905635,29,42,-1,-1,6
34914290,9,14,-1,-1,4
34913517,26,27,-1,-1,1
34914583,18,22,-1,-1,3
34911002,22,39,-1,-1,1
34912973,4,41,-1,-1,0
34914359,52,23,-1,-1,7
34911717,43,1,-1,-1,6
34912369,2,16,-1,-1,1
34913963,56,53,-1,-1,6
34914920,42,21,-1,-1,2
34907732,50,46,-1,-1,0
34914744,17,26,-1,-1,6
34909251,3,44,-1,-1,6
34910197,45,11,-1,-1,1
34913830,44,46,-1,-1,0
34914084,8,12,-1,-1,6
34911485,5,34,-1,-1,1
34910850,47,7,-1,-1,3
34911499,23,24,-1,-1,2
34912343,18,13,-1,-1,2
34913079,38,54,-1,-1,4
34912353,56,46,-1,-1,4
34914512,33,35,-1,-1,6
34913125,4,33,-1,-1,1
34912592,18,49,-1,-1,1
34913468,16,23,-1,-1,0
34912149,48,22,-1,-1,5
34913083,33,55,-1,-1,4
34914489,30,11,-1,-1,0
34909272,15,40,-1,-1,1
34914536,57,46,-1,-1,6
34912937,7,30,-1,-1,5
34912510,52,22,-1,-1,4
34908103,22,16,-1,-1,1
34913818,10,20,-1,-1,2
34912780,35,31,-1,-1,7
34908083,43,53,-1,-1,2
34911376,40,18,-1,-1,6
34908659,36,42,-1,-1,6
34914929,13,56,-1,-1,6
34914488,44,47,-1,-1,4
34914959,23,28,-1,-1,7
34914778,39,6,-1,-1,7
34914250,28,24,-1,-1,6
34913067,28,51,-1,-1,1
34910449,36,54,-1,-1,3
34913862,34,25,-1,-1,7
34907768,24,55,-1,-1,7
34914314,51,17,-1,-1,4
34914055,2,9,-1,-1,3
34913220,56,35,-1,-1,5
34911755,49,9,-1,-1,2
34913673,7,36,-1,-1,7
34911570,50,34,-1,-1,4
34910083,50,11,-1,-1,6
34913317,7,4,-1,-1,2
34914772,24,53,-1,-1,3
34913917,25,46,-1,-1,6
34910486,31,47,-1,-1,2
34911353,57,2,-1,-1,1
34912890,26,16,-1,-1,5
34912511,21,11,-1,-1,7
34914957,0,25,-1,-1,2
34907023,58,38,-1,-1,6
34910841,41,39,-1,-1,2
34903162,50,7,-1,-1,3
34911142,43,38,-1,-1,1
34914631,43,49,-1,-1,1
34903402,48,31,-1,-1,2
34913550,39,55,-1,-1,1
34914208,3,32,-1,-1,2
34911162,42,37,-1,-1,2
34913461,54,45,-1,-1,3
34914541,37,30,-1,-1,2
34913809,22,35,-1,-1,7
34914225,28,55,-1,-1,2
34902127,27,39,-1,-1,6
34911875,46,36,-1,-1,3
34911788,17,49,-1,-1,5
34907264,44,38,-1,-1,3
34909600,14,20,-1,-1,7
34913040,2,26,-1,-1,7
34914506,40,51,-1,-1,3
34914592,1,33,-1,-1,4
34913759,27,43,-1,-1,0
34914899,35,58,-1,-1,7
34912605,23,41,-1,-1,7
34914053,43,6,-1,-1,2
34912571,2,49,-1,-1,3
34913101,23,53,-1,-1,0
34899003,40,2,-1,-1,0
34914776,16,43,-1,-1,3
34914800,44,33,-1,-1,3
34905280,29,56,-1,-1,1
34911390,4,25,-1,-1,0
34909981,49,13,-1,-1,1
34913547,48,1,-1,-1,0
34912918,2,48,-1,-1,3
34914525,28,0,-1,-1,3
34911633,58,5,-1,-1,7
34909221,52,30,-1,-1,5
34912861,8,25,-1,-1,1
34914531,30,15,-1,-1,3
34914444,20,12,-1,-1,0
34912796,42,9,-1,-1,3
34908953,16,36,-1,-1,4
34914916,10,9,-1,-1,4
34906383,14,46,-1,-1,0
34913752,24,8,-1,-1,5
34914720,38,41,-1,-1,0
34910439,15,54,-1,-1,3
34914129,22,14,-1,-1,3
34913792,43,16,-1,-1,7
34913533,5,57,-1,-1,4
34907328,21,27,-1,-1,4
34910330,41,49,-1,-1,6
34908855,14,0,-1,-1,6
34912536,16,13,-1,-1,0
34912358,11,21,-1,-1,7
34914079,22,58,-1,-1,0
34913092,50,15,-1,-1,1
34910251,14,1,-1,-1,3
34909929,56,47,-1,-1,6
34911043,55,5,-1,-1,4
34910520,58,52,-1,-1,0
34911553,30,17,-1,-1,5
34914611,4,56,-1,-1,2
34909287,31,36,-1,-1,2
34914888,29,25,-1,-1,5
34914042,47,12,-1,-1,5
34912980,44,49,-1,-1,5
34912604,7,10,-1,-1,1
34908963,46,8,-1,-1,4
34912406,29,54,-1,-1,1
34910541,34,39,-1,-1,2
34912923,28,39,-1,-1,4
34913276,15,7,-1,-1,0
34904594,37,53,-1,-1,7
34911674,10,45,-1,-1,7
34909991,48,38,-1,-1,3
34914933,29,12,-1,-1,0
34914495,17,10,-1,-1,6
34914445,6,31,-1,-1,6
34912299,40,7,-1,-1,3
34911209,52,14,-1,-1,6
34913515,47,34,-1,-1,6
34910805,26,44,-1,-1,7
34913754,39,27,-1,-1,0
34907823,24,48,-1,-1,6
34914829,5,9,-1,-1,0
34912290,16,42,-1,-1,2
34907496,54,50,-1,-1,3
34913560,52,41,-1,-1,5
34914313,4,23,-1,-1,7
34894175,44,6,-1,-1,7
34911793,12,15,-1,-1,2
34914320,35,23,-1,-1,5
34913180,53,29,-1,-1,6
34912316,12,35,-1,-1,2
34911835,55,53,-1,-1,6
34906258,35,46,-1,-1,5
34914116,52,35,-1,-1,4
34913440,26,21,-1,-1,6
34909962,51,28,-1,-1,7
34913558,30,43,-1,-1,3
34914979,56,11,-1,-1,2
34914653,47,32,-1,-1,3
34912888,36,26,-1,-1,5
34911977,48,53,-1,-1,6
34912447,0,20,-1,-1,4
34913100,13,36,-1,-1,3
34912852,1,5,-1,-1,1
34911351,57,14,-1,-1,5
34911956,23,27,-1,-1,4
34914006,12,16,-1,-1,0
34914537,5,51,-1,-1,7
34914735,0,44,-1,-1,4
34913716,40,8,-1,-1,2
34912454,27,47,-1,-1,5
34914156,51,43,-1,-1,1
34913908,22,40,-1,-1,4
34909606,40,30,-1,-1,6
34902132,2,12,-1,-1,0
34907461,4,40,-1,-1,4
34910217,9,34,-1,-1,1
34913133,33,39,-1,-1,4
34899426,54,33,-1,-1,4
34904343,33,11,-1,-1,6
34907231,36,15,-1,-1,7
34913197,24,45,-1,-1,1
34912790,33,16,-1,-1,4
34912215,43,21,-1,-1,5
34914309,34,26,-1,-1,4
34912685,13,3,-1,-1,6
34911786,29,33,-1,-1,3
34904902,57,36,-1,-1,1
34913612,53,47,-1,-1,3
34912927,52,6,-1,-1,0
34913990,12,27,-1,-1,5
34914604,56,51,-1,-1,7
34910531,40,47,-1,-1,2
34914375,18,11,-1,-1,6
34912835,5,53,-1,-1,4
34914585,37,1,-1,-1,7
34912112,24,35,-1,-1,7
34914414,25,14,-1,-1,3
34908418,3,39,-1,-1,7
34910352,45,40,-1,-1,6
34912433,47,48,-1,-1,4
34901838,58,55,-1,-1,0
34910139,36,19,-1,-1,2
34911903,36,37,-1,-1,7
34912719,56,25,-1,-1,0
34914230,30,34,-1,-1,7
34912524,51,30,-1,-1,3
34914891,25,28,-1,-1,2
34914785,30,9,-1,-1,2
34914701,4,7,-1,-1,3
34908282,21,41,-1,-1,5
34914751,11,44,-1,-1,6
34911413,52,50,-1,-1,5
34911845,40,40,-1,-1,7
34912575,41,52,-1,-1,3
34914729,3,33,-1,-1,5
34914134,33,45,-1,-1,0
34907955,46,53,-1,-1,6
34914956,41,1,-1,-1,6
34911947,6,25,-1,-1,5
34913216,13,0,-1,-1,5
34912826,44,58,-1,-1,6
34914427,20,54,-1,-1,1
34913187,19,27,-1,-1,0
34913527,29,40,-1,-1,4
34912430,46,5,-1,-1,7
34911412,27,54,-1,-1,7
34910467,44,21,-1,-1,6
34911506,56,38,-1,-1,3
34909342,7,25,-1,-1,0
34901291,42,23,-1,-1,1
34914883,55,22,-1,-1,7
34914071,0,27,-1,-1,0
34914142,55,8,-1,-1,4
34905312,12,57,-1,-1,0
34907493,18,32,-1,-1,1
34913199,36,12,-1,-1,7
34905360,0,19,-1,-1,1
34913034,32,11,-1,-1,6
34905051,32,44,-1,-1,2
34914502,15,1,-1,-1,0
34909347,52,0,-1,-1,6
34914783,25,16,-1,-1,7
34913861,28,16,-1,-1,1
34914497,49,55,-1,-1,1
34911680,10,46,-1,-1,1
34914595,2,11,-1,-1,2
34912621,47,44,-1,-1,1
34913768,22,18,-1,-1,6
34912313,44,10,-1,-1,4
34910272,45,46,-1,-1,7
34913448,16,6,-1,-1,3
34914124,19,50,-1,-1,4
34908675,3,8,-1,-1,5
34909205,18,5,-1,-1,2
34906220,55,28,-1,-1,4
34910937,2,52,-1,-1,2
34912798,3,27,-1,-1,7
34914388,0,11,-1,-1,1
34912303,28,5,-1,-1,5
34913958,42,10,-1,-1,7
34910103,35,50,-1,-1,7
34913742,45,14,-1,-1,5
34909066,30,40,-1,-1,4
34901138,21,15,-1,-1,7
34913938,48,12,-1,-1,5
34914909,18,45,-1,-1,2
34913407,46,45,-1,-1,5
34913737,16,3,-1,-1,4
34913351,46,10,-1,-1,1
34906634,14,52,-1,-1,0
34908552,15,5,-1,-1,2
34913196,55,19,-1,-1,2
34904080,45,43,-1,-1,0
34909483,56,34,-1,-1,1
34912705,48,57,-1,-1,2
34913820,23,11,-1,-1,4
34906070,26,40,-1,-1,7
34914791,23,48,-1,-1,2
34914707,20,1,-1,-1,1
34914811,27,9,-1,-1,3
34899071,40,16,-1,-1,7
34908774,47,54,-1,-1,4
34912579,13,38,-1,-1,4
34909015,46,55,-1,-1,5
34910767,31,38,-1,-1,0
34913460,25,54,-1,-1,7
34906696,40,15,-1,-1,3
34911526,24,16,-1,-1,3
34913459,34,8,-1,-1,1
34913719,49,56,-1,-1,3
34911746,57,21,-1,-1,2
34909667,47,47,-1,-1,3
34914818,13,52,-1,-1,1
34907972,50,2,-1,-1,1
34905109,34,40,-1,-1,5
34912743,9,8,-1,-1,4
34911019,19,44,-1,-1,6
34911902,24,40,-1,-1,3
34913572,8,41,-1,-1,4
34909821,28,20,-1,-1,4
34908357,1,40,-1,-1,4
34898683,47,57,-1,-1,3
34913265,54,24,-1,-1,5
34914743,49,10,-1,-1,2
34914403,4,13,-1,-1,5
34914353,22,15,-1,-1,2
34912144,51,48,-1,-1,5
34913868,18,26,-1,-1,4
34913857,42,12,-1,-1,0
34914824,26,34,-1,-1,2
34914397,45,56,-1,-1,2
34910436,27,7,-1,-1,6
34909844,27,14,-1,-1,2
34908541,41,56,-1,-1,0
34908485,9,41,-1,-1,4
34914439,49,39,-1,-1,7
34914007,43,30,-1,-1,6
34914017,31,11,-1,-1,5
34912893,48,43,-1,-1,0
34911369,21,24,-1,-1,0
34913148,40,4,-1,-1,2
34909785,50,20,-1,-1,1
34913160,42,46,-1,-1,5
34907226,7,42,-1,-1,4
34903773,42,1,-1,-1,7
34914939,8,49,-1,-1,6
34914972,42,44,-1,-1,2
34907965,33,48,-1,-1,6
34910213,20,26,-1,-1,3
34914211,58,18,-1,-1,5
34913571,1,53,-1,-1,7
34914603,51,21,-1,-1,5
34912930,2,45,-1,-1,5
34913773,18,44,-1,-1,2
34914355,38,24,-1,-1,6
34914826,58,8,-1,-1,7
34910609,13,20,-1,-1,7
34912707,47,51,-1,-1,6
34913947,24,6,-1,-1,4
34908332,38,33,-1,-1,1
34912008,26,20,-1,-1,7
34913912,47,8,-1,-1,2
34908203,3,0,-1,-1,4
34912799,2,30,-1,-1,1
34911559,11,51,-1,-1,0
34914051,58,32,-1,-1,4
34913408,28,34,-1,-1,5
34914930,46,19,-1,-1,3
34904546,18,1,-1,-1,2
34910491,46,20,-1,-1,1
34912030,15,12,-1,-1,5
34914694,9,6,-1,-1,6
34913451,8,52,-1,-1,2
34912367,2,34,-1,-1,7
34914003,35,44,-1,-1,5
34912158,55,14,-1,-1,4
34914643,37,44,-1,-1,0
34910503,42,13,-1,-1,5
34912811,19,36,-1,-1,0
34912959,13,45,-1,-1,3
34914255,16,2,-1,-1,1
34914251,17,39,-1,-1,7
34911373,5,1,-1,-1,4
34903829,55,29,-1,-1,5
34914923,21,56,-1,-1,2
34909021,21,58,-1,-1,1
34914766,34,43,-1,-1,4
34912059,8,29,-1,-1,4
34912529,14,40,-1,-1,4
34913009,34,29,-1,-1,3
34913965,46,14,-1,-1,4
34905747,35,42,-1,-1,0
34911971,20,35,-1,-1,3
34914218,56,56,-1,-1,2
34913831,8,48,-1,-1,3
34913669,34,4,-1,-1,2
34907515,2,21,-1,-1,3
34914640,12,13,-1,-1,3
34913320,50,21,-1,-1,5
34903461,21,10,-1,-1,0
34913691,14,23,-1,-1,2
34913944,43,26,-1,-1,7
34913540,22,6,-1,-1,4
34914494,17,37,-1,-1,1
34908760,55,11,-1,-1,2
34914664,19,0,-1,-1,4
34913031,39,17,-1,-1,3
34911659,52,36,-1,-1,6
34914315,45,5,-1,-1,4
34914911,31,54,-1,-1,2
34913828,56,37,-1,-1,4
34914031,1,9,-1,-1,3
34903450,11,4,-1,-1,2
34908699,55,13,-1,-1,3
34909365,20,47,-1,-1,4
34913431,20,37,-1,-1,6
34908323,46,11,-1,-1,7
34913730,42,34,-1,-1,1
34914336,11,13,-1,-1,5
34914793,39,24,-1,-1,3
34911687,12,43,-1,-1,4
34911892,24,2,-1,-1,2
34913447,47,45,-1,-1,4
34911284,0,18,-1,-1,0
34914461,5,23,-1,-1,1
34913623,22,47,-1,-1,5
34910988,22,30,-1,-1,1
34913634,36,22,-1,-1,3
34913270,4,24,-1,-1,3
34913811,18,39,-1,-1,0
34910505,56,33,-1,-1,4
34906982,13,17,-1,-1,0
34914879,5,47,-1,-1,3
34914804,10,37,-1,-1,4
34910238,13,6,-1,-1,2
34913489,0,56,-1,-1,2
34906181,50,38,-1,-1,2
34912800,8,5,-1,-1,4
34912104,52,8,-1,-1,0
34912301,34,18,-1,-1,1
34905619,34,42,-1,-1,6
34909118,20,34,-1,-1,3
34914711,53,39,-1,-1,2
34914610,7,53,-1,-1,3
34913977,53,33,-1,-1,6
34914533,24,42,-1,-1,7
34907572,41,11,-1,-1,5
34912385,0,43,-1,-1,4
34913038,6,22,-1,-1,5
34912053,47,37,-1,-1,2
34913045,26,37,-1,-1,2
34902524,0,38,-1,-1,4
34904091,35,56,-1,-1,0
34911156,49,28,-1,-1,1
34909672,55,50,-1,-1,7
34914329,23,36,-1,-1,2
34913717,37,28,-1,-1,4
34913433,12,14,-1,-1,1
34912664,50,33,-1,-1,5
34912889,39,54,-1,-1,5
34912902,45,47,-1,-1,6
34914160,16,18,-1,-1,6
34911461,39,5,-1,-1,1
34906018,42,38,-1,-1,6
34910860,56,29,-1,-1,6
34913721,44,5,-1,-1,5
34912129,33,33,-1,-1,3
34913402,26,28,-1,-1,1
34911882,30,50,-1,-1,5
34914072,3,51,-1,-1,6
34910240,7,47,-1,-1,7
34911980,36,1,-1,-1,2
34913785,54,10,-1,-1,7
34913111,13,18,-1,-1,5
34911512,8,21,-1,-1,1
34904976,32,55,-1,-1,0
34912379,13,5,-1,-1,4
34913139,50,9,-1,-1,0
34914932,7,15,-1,-1,4
34910769,29,32,-1,-1,2
34914321,20,51,-1,-1,2
34911443,6,6,-1,-1,3
34914998,58,30,-1,-1,6
34905217,57,19,-1,-1,1
34898859,23,13,-1,-1,0
34914306,20,48,-1,-1,3
34914048,55,1,-1,-1,7
34914141,30,37,-1,-1,1
34914509,28,50,-1,-1,1
34909067,27,30,-1,-1,4
34914431,49,51,-1,-1,5
34914845,27,18,-1,-1,2
34910413,45,20,-1,-1,7
34914863,7,40,-1,-1,7
34910245,48,9,-1,-1,5
34913105,21,7,-1,-1,7
34912498,2,2,-1,-1,2
34908476,53,37,-1,-1,6
34912219,9,20,-1,-1,1
34909828,33,36,-1,-1,2
34912963,38,1,-1,-1,4
34912742,1,12,-1,-1,4
34902160,42,39,-1,-1,0
34913603,52,51,-1,-1,7
34910395,24,0,-1,-1,2
34914473,24,46,-1,-1,0
34911333,22,17,-1,-1,4
34907750,9,36,-1,-1,5
34913304,38,38,-1,-1,1
34912551,21,38,-1,-1,4
34914223,54,2,-1,-1,0
34913343,50,24,-1,-1,1
34913154,44,24,-1,-1,7
34912718,9,5,-1,-1,0
34913591,30,33,-1,-1,0
34913727,56,23,-1,-1,5
34914097,36,7,-1,-1,0
34914534,3,42,-1,-1,0
34907917,5,10,-1,-1,4
34910770,39,35,-1,-1,3
34906834,48,42,-1,-1,0
34907045,33,56,-1,-1,4
34914550,47,29,-1,-1,3
34913456,54,47,-1,-1,7
34913229,46,35,-1,-1,1
34912662,8,57,-1,-1,3
34911065,3,7,-1,-1,6
34914367,35,1,-1,-1,2
34914062,7,57,-1,-1,5
34910263,46,33,-1,-1,6
34913513,26,43,-1,-1,4
34911228,4,58,-1,-1,2
34906730,23,56,-1,-1,4
34912786,12,3,-1,-1,0
34914858,24,17,-1,-1,1
34912259,2,29,-1,-1,5
34903397,57,40,-1,-1,6
34914942,32,51,-1,-1,1
34912047,1,15,-1,-1,3
34909954,33,51,-1,-1,3
34909385,20,8,-1,-1,7
34904958,7,58,-1,-1,0
34910488,0,53,-1,-1,3
34911897,5,4,-1,-1,3
34910512,9,33,-1,-1,3
34911513,35,47,-1,-1,0
34914750,34,11,-1,-1,5
34901199,46,0,-1,-1,5
34914039,11,54,-1,-1,1
34912775,25,42,-1,-1,6
34912328,31,6,-1,-1,1
34914692,36,2,-1,-1,0
34913232,2,1,-1,-1,6
34914516,49,46,-1,-1,7
34913539,17,23,-1,-1,5
34911827,9,15,-1,-1,1
34906751,6,32,-1,-1,1
34913734,23,58,-1,-1,6
34913477,16,16,-1,-1,2
34911905,32,54,-1,-1,3
34914716,6,41,-1,-1,1
34913134,1,35,-1,-1,2
34909113,8,0,-1,-1,3
34913622,32,12,-1,-1,1
34906463,20,56,-1,-1,6
34907642,27,33,-1,-1,7
34907497,46,39,-1,-1,5
34913713,41,38,-1,-1,0
34914988,25,58,-1,-1,2
34909474,35,27,-1,-1,3
34911615,39,43,-1,-1,1
34913381,6,42,-1,-1,4
34912541,57,11,-1,-1,2
34912670,9,43,-1,-1,5
34903144,56,31,-1,-1,6
34914114,20,17,-1,-1,3
34912731,14,27,-1,-1,3
34906589,16,9,-1,-1,3
34909938,46,29,-1,-1,7
34914286,8,47,-1,-1,5
34909869,5,40,-1,-1,2
34910617,29,41,-1,-1,7
34911494,19,26,-1,-1,0
34910447,35,17,-1,-1,0
34910727,0,40,-1,-1,3
34906430,41,41,-1,-1,7
34911708,31,10,-1,-1,5
34910339,11,7,-1,-1,5
34904629,26,54,-1,-1,0
34914174,53,34,-1,-1,2
34906661,6,30,-1,-1,1
34913909,54,26,-1,-1,0
34914954,46,47,-1,-1,3
34906302,41,35,-1,-1,5
34914969,21,28,-1,-1,0
34900501,6,47,-1,-1,3
34914095,36,46,-1,-1,5
34914999,45,50,-1,-1,1
34910479,13,2,-1,-1,7
34913485,39,19,-1,-1,3
34910925,13,9,-1,-1,4
34913093,19,58,-1,-1,1
34914428,17,24,-1,-1,2
34914298,53,4,-1,-1,6
34913685,15,4,-1,-1,3
34909027,8,8,-1,-1,6
34914869,42,47,-1,-1,1
34913429,17,52,-1,-1,6
34913957,56,0,-1,-1,4
34913183,13,32,-1,-1,2
34912202,5,55,-1,-1,3
34914167,43,28,-1,-1,6
34901942,15,33,-1,-1,0
34910897,11,10,-1,-1,4
34914412,21,12,-1,-1,7
34899295,35,51,-1,-1,4
34911561,7,23,-1,-1,3
34908240,13,28,-1,-1,4
34906873,17,7,-1,-1,2
34908623,21,32,-1,-1,1
34906174,37,42,-1,-1,0
34911420,50,44,-1,-1,2
34912403,19,40,-1,-1,7
34911578,0,3,-1,-1,4
34914745,14,57,-1,-1,4
34898113,43,0,-1,-1,4
34892259,42,58,-1,-1,1
34911338,40,38,-1,-1,7
34913136,24,1,-1,-1,7
34912974,12,37,-1,-1,4
34914722,5,41,-1,-1,1
34911322,25,34,-1,-1,5
34913694,56,52,-1,-1,1
34911381,24,50,-1,-1,5
34914705,8,46,-1,-1,5
34914454,16,39,-1,-1,4
34912152,4,53,-1,-1,0
34912697,57,7,-1,-1,0
34912847,25,31,-1,-1,6
34913464,18,34,-1,-1,0
34906871,41,25,-1,-1,5
34911783,19,1,-1,-1,2
34909337,54,54,-1,-1,3
34914178,49,12,-1,-1,5
34910156,35,33,-1,-1,2
34910763,30,58,-1,-1,2
34914695,7,38,-1,-1,6
34904619,3,49,-1,-1,7
34909420,50,36,-1,-1,2
34914672,51,31,-1,-1,2
34914808,19,6,-1,-1,4
34914349,34,58,-1,-1,2
34909020,29,10,-1,-1,6
34903437,35,8,-1,-1,3
34914270,31,46,-1,-1,1
34911781,21,17,-1,-1,6
34911466,25,30,-1,-1,7
34911757,16,38,-1,-1,5
34914025,22,32,-1,-1,7
34913422,14,49,-1,-1,5
34913995,51,5,-1,-1,1
34911254,35,37,-1,-1,5
34913281,55,36,-1,-1,0
34901594,5,44,-1,-1,4
34900909,7,16,-1,-1,7
34913480,33,30,-1,-1,0
34911281,3,48,-1,-1,3
34912079,27,3,-1,-1,0
34911378,19,19,-1,-1,1
34914126,14,26,-1,-1,3
34914835,18,14,-1,-1,6
34913960,25,6,-1,-1,1
34904959,26,2,-1,-1,3
34903201,50,3,-1,-1,3
34911192,56,58,-1,-1,0
34913718,8,19,-1,-1,7
34913924,37,14,-1,-1,7
34912251,55,48,-1,-1,2
34910480,47,38,-1,-1,3
34914618,30,47,-1,-1,7
34914633,36,31,-1,-1,7
34914732,17,53,-1,-1,5
34908813,16,1,-1,-1,7
34914103,7,6,-1,-1,7
34913088,17,50,-1,-1,2
34914935,6,23,-1,-1,5
34911250,38,31,-1,-1,7
34910124,54,44,-1,-1,4
34910901,52,12,-1,-1,1
34908731,48,14,-1,-1,2
34915001,40,52,-1,-1,6
34912735,17,55,-1,-1,1
34911396,0,26,-1,-1,0
34914535,27,1,-1,-1,4
34913651,22,3,-1,-1,1
34911174,51,42,-1,-1,4
34910160,18,30,-1,-1,7
34913328,20,52,-1,-1,5
34909907,32,35,-1,-1,7
34914333,26,47,-1,-1,6
34914659,48,16,-1,-1,4
34909326,10,14,-1,-1,3
34912380,32,38,-1,-1,6
34910195,35,13,-1,-1,0
34910060,43,25,-1,-1,5
34907037,46,15,-1,-1,5
34914575,33,24,-1,-1,7
34911312,7,2,-1,-1,3
34911729,54,32,-1,-1,3
34910674,51,27,-1,-1,2
34912425,15,51,-1,-1,2
34910722,33,18,-1,-1,4
34908844,30,16,-1,-1,7
34913473,18,55,-1,-1,5
34913645,11,42,-1,-1,3
34914678,44,11,-1,-1,7
34912620,26,17,-1,-1,3
34912690,40,53,-1,-1,3
34914983,15,26,-1,-1,0
34910994,51,50,-1,-1,1
34909614,38,48,-1,-1,1
34912567,26,57,-1,-1,4
34914809,38,19,-1,-1,6
34910601,38,6,-1,-1,6
34910562,10,17,-1,-1,1
34914642,15,22,-1,-1,4
34907039,34,52,-1,-1,1
34912746,18,37,-1,-1,7
34913041,57,9,-1,-1,5
34913915,31,42,-1,-1,2
34909831,10,28,-1,-1,4
34908197,16,29,-1,-1,1
34910393,6,57,-1,-1,1
34902949,16,5,-1,-1,4
34908640,16,30,-1,-1,7
34912706,52,13,-1,-1,4
34905425,13,44,-1,-1,2
34910509,9,51,-1,-1,5
34913475,3,50,-1,-1,4
34914284,39,39,-1,-1,3
34914092,2,38,-1,-1,3
34897647,53,51,-1,-1,2
34909504,18,52,-1,-1,0
34913077,10,32,-1,-1,2
34904790,1,21,-1,-1,2
34910742,43,23,-1,-1,4
34911491,51,45,-1,-1,0
34911006,41,57,-1,-1,0
34908049,4,10,-1,-1,1
34912284,54,17,-1,-1,2
34914523,13,53,-1,-1,2
34912198,32,33,-1,-1,4
34912132,18,4,-1,-1,7
34912595,43,40,-1,-1,0
34904117,13,33,-1,-1,4
34910307,8,40,-1,-1,1
34912831,9,19,-1,-1,0
34912752,33,32,-1,-1,3
34914723,45,51,-1,-1,2
34914264,23,23,-1,-1,1
34914378,29,50,-1,-1,5
34906644,54,6,-1,-1,1
34913336,0,14,-1,-1,4
34912597,26,58,-1,-1,2
34897387,41,33,-1,-1,2
34913068,2,50,-1,-1,5
34914109,54,14,-1,-1,7
34914765,49,40,-1,-1,3
34910406,49,57,-1,-1,1
34914994,2,24,-1,-1,5
34909664,4,12,-1,-1,4
34914522,38,58,-1,-1,6
34901570,24,3,-1,-1,0
34912572,23,43,-1,-1,6
34906613,1,32,-1,-1,1
34907212,43,17,-1,-1,1
34913586,36,33,-1,-1,1
34911992,52,39,-1,-1,7
34913430,2,39,-1,-1,0
34908649,11,33,-1,-1,5
34914253,28,17,-1,-1,6
34909736,31,16,-1,-1,4
34890228,0,1,-1,-1,1
34903215,6,15,-1,-1,1
34912400,11,55,-1,-1,7
34914709,54,16,-1,-1,3
34906722,13,49,-1,-1,2
34910893,17,15,-1,-1,4
34907969,29,5,-1,-1,7
34910129,12,56,-1,-1,2
34912851,43,8,-1,-1,3
34914553,43,9,-1,-1,6
34912508,58,23,-1,-1,4
34907189,17,6,-1,-1,0
34908288,16,56,-1,-1,2
34908913,40,31,-1,-1,3
34914118,9,40,-1,-1,0
34914365,39,25,-1,-1,1
34912502,36,49,-1,-1,5
34912275,16,21,-1,-1,4
34910274,40,1,-1,-1,3
34897543,1,11,-1,-1,1
34914172,56,22,-1,-1,2
34908587,30,54,-1,-1,7
34906404,58,44,-1,-1,0
34904537,52,53,-1,-1,4
34914210,47,9,-1,-1,4
34910898,41,47,-1,-1,2
34904107,26,45,-1,-1,4
34912056,37,43,-1,-1,4
34908292,39,36,-1,-1,5
34913726,19,42,-1,-1,1
34913888,22,8,-1,-1,2
34913450,34,15,-1,-1,4
34913544,29,34,-1,-1,3
34910938,58,35,-1,-1,4
34914145,54,11,-1,-1,5
34910822,8,42,-1,-1,2
34912590,38,49,-1,-1,4
34912793,3,30,-1,-1,1
34911146,58,54,-1,-1,7
34914237,17,4,-1,-1,3
34914426,51,44,-1,-1,7
34910075,9,23,-1,-1,1
34914180,25,40,-1,-1,5
34911899,52,16,-1,-1,2
34910259,44,14,-1,-1,6
34909276,4,45,-1,-1,0
34913314,23,54,-1,-1,1
34902560,41,12,-1,-1,0
34913607,58,2,-1,-1,0
34913840,47,42,-1,-1,5
34912319,50,12,-1,-1,4
34914483,53,58,-1,-1,7
34913998,9,27,-1,-1,2
34913864,37,16,-1,-1,3
34913650,44,7,-1,-1,2
34913073,14,34,-1,-1,1
34913956,42,11,-1,-1,0
34913667,39,58,-1,-1,7
34912823,42,8,-1,-1,7
34913472,43,56,-1,-1,2
34912999,4,49,-1,-1,1
34913794,34,56,-1,-1,5
34909124,57,55,-1,-1,2
34913578,28,30,-1,-1,5
34913793,30,6,-1,-1,4
34913684,53,49,-1,-1,5
34913962,17,54,-1,-1,7
34913525,44,32,-1,-1,7
34910169,37,2,-1,-1,5
34910713,7,43,-1,-1,1
34914814,35,19,-1,-1,4
34912033,19,52,-1,-1,0
34913891,21,35,-1,-1,1
34911504,44,36,-1,-1,3
34910915,53,44,-1,-1,3
34913640,19,20,-1,-1,1
34910155,54,37,-1,-1,3
34914615,22,52,-1,-1,5
34913240,52,44,-1,-1,2
34914417,45,55,-1,-1,2
34913286,32,29,-1,-1,0
34914203,54,30,-1,-1,3
34902267,9,18,-1,-1,2
34906587,40,5,-1,-1,2
34914893,10,27,-1,-1,0
34910346,4,54,-1,-1,2
34912968,36,55,-1,-1,3
34914995,21,53,-1,-1,3
34914325,14,54,-1,-1,6
34908967,44,57,-1,-1,3
34914628,19,57,-1,-1,1
34913210,24,12,-1,-1,1
34914668,0,23,-1,-1,3
34911569,16,46,-1,-1,4
34914227,49,26,-1,-1,6
34910059,39,1,-1,-1,5
34914718,16,32,-1,-1,0
34913631,53,25,-1,-1,4
34914581,26,55,-1,-1,7
34915005,20,36,-1,-1,5
34910493,26,22,-1,-1,1
34903459,40,58,-1,-1,6
34910016,3,37,-1,-1,6
34912138,34,7,-1,-1,5
34912196,7,49,-1,-1,1
34913188,42,42,-1,-1,3
34908129,13,26,-1,-1,0
34908364,20,57,-1,-1,5
34914681,56,44,-1,-1,5
34912878,8,53,-1,-1,7
34912083,47,15,-1,-1,7
34914157,18,43,-1,-1,2
34912788,11,6,-1,-1,5
34913193,40,23,-1,-1,5
34914684,44,48,-1,-1,2
34912140,13,7,-1,-1,3
34914737,2,23,-1,-1,6
34914425,22,20,-1,-1,0
34899507,10,40,-1,-1,2
34912131,36,56,-1,-1,5
34914539,21,13,-1,-1,6
34913643,35,48,-1,-1,7
34909516,30,3,-1,-1,1
34909597,7,18,-1,-1,5
34913397,2,5,-1,-1,2
34909298,8,38,-1,-1,7
34911287,36,40,-1,-1,0
34913894,28,32,-1,-1,5
34906014,31,0,-1,-1,5
34914487,35,24,-1,-1,1
34905359,6,54,-1,-1,3
34911858,56,40,-1,-1,6
34914623,43,52,-1,-1,2
34912289,28,35,-1,-1,3
34914820,52,47,-1,-1,6
34914881,20,38,-1,-1,6
34913426,33,58,-1,-1,6
34908206,37,55,-1,-1,4
34913893,33,26,-1,-1,2
34911069,49,18,-1,-1,7
34914013,52,27,-1,-1,7
34914112,4,42,-1,-1,5
34913901,45,0,-1,-1,2
34913428,11,8,-1,-1,5
34913529,28,42,-1,-1,0
34910932,46,52,-1,-1,7
34914614,45,7,-1,-1,1
34904955,6,40,-1,-1,1
34914624,23,39,-1,-1,3
34903096,32,45,-1,-1,3
34914222,36,21,-1,-1,5
34912741,34,49,-1,-1,1
34914967,27,58,-1,-1,0
34914584,22,41,-1,-1,6
34913812,6,45,-1,-1,7
34905074,13,15,-1,-1,7
34911733,17,2,-1,-1,7
34911852,12,53,-1,-1,4
34914484,30,14,-1,-1,3
34914830,54,1,-1,-1,3
34905499,55,9,-1,-1,6
34914206,56,3,-1,-1,0
34905471,50,56,-1,-1,6
34914347,30,32,-1,-1,0
34914953,57,33,-1,-1,0
34914169,9,39,-1,-1,6
34909481,16,40,-1,-1,7
34912975,0,41,-1,-1,1
34911468,19,56,-1,-1,3
34912640,28,57,-1,-1,6
34910295,32,24,-1,-1,5
34913600,19,29,-1,-1,0
34913506,29,13,-1,-1,6
34912531,10,52,-1,-1,5
34906549,57,45,-1,-1,2
34905633,9,16,-1,-1,1
34914856,21,45,-1,-1,2
34914248,53,10,-1,-1,3
34914730,17,29,-1,-1,4
34910852,56,43,-1,-1,1
34911695,8,16,-1,-1,5
34909198,10,49,-1,-1,1
34912618,19,21,-1,-1,2
34896984,9,0,-1,-1,2
34901623,38,2,-1,-1,1
34914897,26,38,-1,-1,4
34912061,41,32,-1,-1,4
34909610,17,30,-1,-1,1
34913153,43,47,-1,-1,1
34908483,51,6,-1,-1,1
34911620,53,22,-1,-1,3
34911303,4,31,-1,-1,5
34909826,34,9,-1,-1,7
34904636,33,42,-1,-1,3
34911027,21,20,-1,-1,0
34913876,21,21,-1,-1,6
34914882,8,34,-1,-1,7
34914574,24,18,-1,-1,3
34908750,1,6,-1,-1,7
34911741,51,12,-1,-1,6
34913679,30,35,-1,-1,6
34907185,55,41,-1,-1,4
34911916,15,14,-1,-1,2
34913149,8,50,-1,-1,3
34911809,25,21,-1,-1,1
34913182,55,27,-1,-1,3
34914386,54,27,-1,-1,5
34914987,49,16,-1,-1,3
34914247,10,48,-1,-1,4
34910824,40,29,-1,-1,2
34908391,36,48,-1,-1,2
34906571,19,13,-1,-1,0
34913331,15,23,-1,-1,0
34914555,0,31,-1,-1,2
34909876,26,41,-1,-1,4
34900418,30,52,-1,-1,3
34914661,37,18,-1,-1,3
34903678,0,57,-1,-1,0
34914181,20,39,-1,-1,1
34914220,58,46,-1,-1,7
34910041,3,15,-1,-1,5
34911973,18,29,-1,-1,5
34911921,52,4,-1,-1,0
34913972,24,51,-1,-1,0
34913844,57,53,-1,-1,5
34913845,28,38,-1,-1,5
34908440,58,29,-1,-1,7
34902032,13,42,-1,-1,5
34902719,40,55,-1,-1,5
34914887,6,55,-1,-1,1
34914970,51,24,-1,-1,5
34911298,40,34,-1,-1,7
34914951,50,8,-1,-1,0
34914629,56,10,-1,-1,2
34914034,13,19,-1,-1,3
34912010,24,34,-1,-1,6
34913563,53,8,-1,-1,5
34905678,39,53,-1,-1,2
34906847,50,58,-1,-1,2
34913681,31,58,-1,-1,6
34907706,43,5,-1,-1,0
34909243,5,37,-1,-1,3
34911005,49,35,-1,-1,0
34906412,4,20,-1,-1,4
34910099,2,28,-1,-1,3
34911195,51,23,-1,-1,7
34910007,5,35,-1,-1,4
34914073,40,45,-1,-1,6
34903242,9,47,-1,-1,0
34913819,44,56,-1,-1,4
34910064,11,46,-1,-1,2
34914108,17,45,-1,-1,0
34908214,5,28,-1,-1,0
34912026,37,23,-1,-1,3
34910993,50,50,-1,-1,6
34913204,21,1,-1,-1,7
34911000,35,10,-1,-1,6
34914054,23,21,-1,-1,6
34906718,8,27,-1,-1,3
34914195,21,3,-1,-1,5
34908216,57,52,-1,-1,1
34909541,53,19,-1,-1,0
34908789,35,45,-1,-1,4
34913993,20,29,-1,-1,0
34914465,56,14,-1,-1,7
34914356,52,46,-1,-1,7
34910320,25,37,-1,-1,1
34911850,46,46,-1,-1,4
34913766,21,44,-1,-1,0
34913928,27,6,-1,-1,2
34913950,35,41,-1,-1,2
34908347,44,29,-1,-1,2
34912167,21,37,-1,-1,3
34903251,5,0,-1,-1,2
34909948,15,9,-1,-1,5
34912283,51,46,-1,-1,1
34914866,42,40,-1,-1,5
34914060,8,36,-1,-1,5
34913916,7,11,-1,-1,5
34913202,39,26,-1,-1,3
34907111,55,39,-1,-1,2
34912231,57,18,-1,-1,2
34908549,3,10,-1,-1,6
34910179,10,38,-1,-1,2
34910849,7,52,-1,-1,3
34914991,57,5,-1,-1,4
34914567,31,31,-1,-1,3
34911701,18,42,-1,-1,7
34908286,42,4,-1,-1,6
34912729,17,47,-1,-1,2
34911771,28,37,-1,-1,4
34913096,18,27,-1,-1,7
34907474,33,8,-1,-1,5
34914476,28,3,-1,-1,4
34912491,48,45,-1,-1,4
34911794,22,26,-1,-1,4
34914075,23,14,-1,-1,6
34909397,51,32,-1,-1,0
34914971,48,18,-1,-1,3
34913770,20,10,-1,-1,0
34914070,6,2,-1,-1,7
34914047,29,44,-1,-1,4
34913396,51,9,-1,-1,7
34910402,45,1,-1,-1,5
34914233,56,20,-1,-1,3
34913465,56,26,-1,-1,3
34914806,21,25,-1,-1,5
34914344,42,48,-1,-1,6
34914390,30,27,-1,-1,6
34912347,21,47,-1,-1,0
34913481,49,29,-1,-1,0
34912652,9,10,-1,-1,2
34913264,15,31,-1,-1,7
34911417,46,17,-1,-1,0
34913070,8,30,-1,-1,1
34911644,4,11,-1,-1,7
34910571,32,15,-1,-1,2
34913295,16,7,-1,-1,4
34903425,20,24,-1,-1,3
34913700,9,28,-1,-1,2
34908702,21,8,-1,-1,0
34906633,22,22,-1,-1,1
34911948,5,24,-1,-1,4
34911966,44,40,-1,-1,3
34914076,19,37,-1,-1,3
34909862,34,14,-1,-1,6
34913061,34,54,-1,-1,7
34914946,12,8,-1,-1,0
34909002,45,31,-1,-1,4
34911249,56,13,-1,-1,5
34910297,0,7,-1,-1,2
34912492,48,11,-1,-1,5
34914507,51,49,-1,-1,6
34912806,35,22,-1,-1,0
34913907,55,56,-1,-1,1
34906580,34,31,-1,-1,1
34913790,24,33,-1,-1,4
34912777,32,52,-1,-1,1
34908349,42,19,-1,-1,4
34902572,33,53,-1,-1,5
34907000,58,33,-1,-1,0
34913262,32,9,-1,-1,4
34914919,28,33,-1,-1,3
34912610,41,2,-1,-1,7
34913227,10,13,-1,-1,5
34912802,8,22,-1,-1,3
34912737,39,20,-1,-1,3
34914185,18,10,-1,-1,7
34914519,31,32,-1,-1,3
34914975,39,21,-1,-1,1
34913033,45,17,-1,-1,2
34912060,33,4,-1,-1,3
34908525,11,30,-1,-1,7
34908856,4,22,-1,-1,1
34909264,52,15,-1,-1,3
34910203,57,8,-1,-1,3
34909401,39,23,-1,-1,5
34904045,4,28,-1,-1,4
34911998,12,39,-1,-1,1
34911239,56,28,-1,-1,0
34912836,1,38,-1,-1,5
34912360,17,38,-1,-1,5
34913580,0,28,-1,-1,1
34910771,43,3,-1,-1,5
34912869,43,54,-1,-1,0
34914155,15,38,-1,-1,5
34908285,14,30,-1,-1,6
34914647,54,5,-1,-1,1
34911323,58,57,-1,-1,0
34911391,12,0,-1,-1,2
34912591,29,45,-1,-1,5
34908151,37,0,-1,-1,4
34892378,31,50,-1,-1,3
34899987,25,9,-1,-1,0
34914710,38,50,-1,-1,6
34902077,44,37,-1,-1,5
34905418,22,4,-1,-1,3
34914605,56,57,-1,-1,5
34907270,42,41,-1,-1,4
34914479,51,52,-1,-1,3
34913615,51,37,-1,-1,7
34910654,1,16,-1,-1,4
34914374,1,17,-1,-1,3
34909372,47,5,-1,-1,1
34914432,15,50,-1,-1,2
34913463,20,55,-1,-1,6
34898432,36,6,-1,-1,7
34911700,31,30,-1,-1,0
34913006,53,15,-1,-1,7
34911888,16,47,-1,-1,1
34908641,11,20,-1,-1,5
34906844,30,42,-1,-1,7
34903416,19,54,-1,-1,2
34910465,39,12,-1,-1,1
34910628,8,35,-1,-1,0
34905718,14,55,-1,-1,6
34914239,46,37,-1,-1,0
34911713,23,7,-1,-1,6
34909489,24,9,-1,-1,5
34914786,34,27,-1,-1,4
34909973,51,8,-1,-1,4
34910904,49,48,-1,-1,1
34913497,38,10,-1,-1,0
34912812,1,52,-1,-1,5
34914044,38,20,-1,-1,5
34913494,10,25,-1,-1,5
34897262,31,43,-1,-1,5
34914688,36,16,-1,-1,0
34914081,22,48,-1,-1,2
34913398,0,15,-1,-1,1
34907785,36,0,-1,-1,6
34907976,32,47,-1,-1,0
34901170,41,5,-1,-1,1
34907257,30,2,-1,-1,3
34913087,33,21,-1,-1,1
34914281,12,5,-1,-1,2
34913168,40,56,-1,-1,2
34911169,40,24,-1,-1,4
34913564,10,23,-1,-1,1
34913551,17,44,-1,-1,3
34913095,48,48,-1,-1,2
34914228,18,20,-1,-1,5
34908935,42,30,-1,-1,2
34906631,29,19,-1,-1,5
34910234,8,24,-1,-1,2
34914965,46,3,-1,-1,7
34913921,30,51,-1,-1,2
34912971,23,25,-1,-1,0
34913466,57,50,-1,-1,0
34914736,32,53,-1,-1,3
34913526,33,28,-1,-1,7
34912334,30,8,-1,-1,7
34914812,47,10,-1,-1,2
34906145,40,43,-1,-1,0
34907297,20,4,-1,-1,4
34909437,25,25,-1,-1,5
34910150,39,8,-1,-1,0
34913537,43,13,-1,-1,0
34911492,37,12,-1,-1,4
34909357,56,54,-1,-1,2
34908256,54,8,-1,-1,3
34912948,15,8,-1,-1,4
34914433,28,43,-1,-1,5
34911989,20,46,-1,-1,4
34911326,8,13,-1,-1,3
34914562,47,36,-1,-1,3
34913113,38,40,-1,-1,6
34914263,58,24,-1,-1,4
34911021,27,42,-1,-1,3
34913348,34,5,-1,-1,6
34910879,1,2,-1,-1,2
34912912,34,50,-1,-1,6
34913827,1,0,-1,-1,6
34908802,49,58,-1,-1,0
34909758,30,23,-1,-1,0
34908093,52,54,-1,-1,3
34911464,56,12,-1,-1,5
34913565,30,20,-1,-1,4
34912964,28,23,-1,-1,1
34909463,16,54,-1,-1,1
34913394,23,57,-1,-1,2
34913904,9,48,-1,-1,1
34914579,25,43,-1,-1,1
34912715,54,21,-1,-1,1
34911551,30,28,-1,-1,3
34911906,41,37,-1,-1,0
34914660,27,10,-1,-1,1
34912532,6,16,-1,-1,4
34913642,19,49,-1,-1,3
34913772,30,5,-1,-1,7
34910631,51,15,-1,-1,4
34913964,13,23,-1,-1,0
34906426,57,41,-1,-1,4
34911609,9,50,-1,-1,0
34913936,44,51,-1,-1,0
34910134,34,55,-1,-1,7
34909476,5,30,-1,-1,6
34906799,5,31,-1,-1,5
34913152,38,36,-1,-1,4
34913808,4,47,-1,-1,4
34907647,48,37,-1,-1,3
34913624,21,57,-1,-1,4
34913164,35,20,-1,-1,5
34914819,49,34,-1,-1,5
34911769,37,58,-1,-1,6
34914690,12,17,-1,-1,2
34909378,13,25,-1,-1,5
34911566,38,42,-1,-1,2
34912863,48,19,-1,-1,1
34914139,15,28,-1,-1,1
34913330,39,30,-1,-1,4
34913906,16,15,-1,-1,1
34912535,57,57,-1,-1,4
34913143,33,7,-1,-1,1
34904595,38,57,-1,-1,4
34909261,54,52,-1,-1,3
34906942,44,23,-1,-1,2
34913712,45,8,-1,-1,4
34914049,18,21,-1,-1,6
34914922,32,30,-1,-1,2
34912820,15,43,-1,-1,2
34910477,55,20,-1,-1,0
34912651,52,38,-1,-1,3
34913510,15,13,-1,-1,7
34913536,0,58,-1,-1,0
34907221,0,34,-1,-1,0
34914889,47,41,-1,-1,0
34912227,20,9,-1,-1,5
34914928,14,33,-1,-1,0
34906545,23,5,-1,-1,4
34913213,0,9,-1,-1,0
34911048,0,54,-1,-1,1
34912287,36,30,-1,-1,5
34914691,19,51,-1,-1,6
34912407,17,31,-1,-1,2
34911003,9,7,-1,-1,5
34907861,14,12,-1,-1,0
34914205,14,17,-1,-1,4
34913200,32,16,-1,-1,0
34909360,39,40,-1,-1,0
34914164,27,52,-1,-1,7
34914602,0,8,-1,-1,2
34912992,1,28,-1,-1,1
34910412,38,3,-1,-1,1
34912638,39,52,-1,-1,2
34907036,32,3,-1,-1,7
34911438,3,3,-1,-1,6
34912410,50,28,-1,-1,0
34914133,18,57,-1,-1,1
34911285,47,31,-1,-1,4
34913678,53,52,-1,-1,2
34914272,41,17,-1,-1,1
34909148,8,7,-1,-1,2
34911263,18,7,-1,-1,2
34914630,26,11,-1,-1,5
34910117,51,29,-1,-1,1
34909455,41,15,-1,-1,4
34914481,53,13,-1,-1,6
34912256,38,27,-1,-1,7
34908067,11,36,-1,-1,3
34912881,12,31,-1,-1,3
34908701,40,14,-1,-1,1
34907596,15,30,-1,-1,7
34911914,42,26,-1,-1,7
34913358,39,34,-1,-1,2
34910921,56,7,-1,-1,4
34904301,27,55,-1,-1,2
34914756,28,21,-1,-1,7
34914587,45,42,-1,-1,2
34914787,16,22,-1,-1,4
34911896,4,38,-1,-1,3
34908559,58,49,-1,-1,6
34909924,0,21,-1,-1,2
34912857,54,46,-1,-1,7
34913641,9,57,-1,-1,3
34915000,18,2,-1,-1,2
34913313,40,33,-1,-1,6
34913382,39,44,-1,-1,1
34914395,38,51,-1,-1,2
34913353,39,3,-1,-1,1
34913959,7,35,-1,-1,5
34911580,12,52,-1,-1,0
34914796,10,34,-1,-1,4
34914361,22,11,-1,-1,6
34914781,39,49,-1,-1,3
34914878,57,54,-1,-1,2
34913593,9,12,-1,-1,6
34913416,13,55,-1,-1,2
34914708,44,53,-1,-1,1
34914019,8,23,-1,-1,3
34911218,24,41,-1,-1,5
34912941,43,37,-1,-1,3
34912239,28,41,-1,-1,5
34913577,20,44,-1,-1,2
34913599,50,51,-1,-1,2
34905762,43,43,-1,-1,6
34910191,0,47,-1,-1,0
34910612,15,46,-1,-1,6
34914046,40,32,-1,-1,3
34913171,30,38,-1,-1,1
34912672,56,15,-1,-1,0
34911029,8,31,-1,-1,6
34911361,21,42,-1,-1,3
34909994,29,37,-1,-1,4
34910093,46,56,-1,-1,0
34914135,11,35,-1,-1,1
34914009,12,20,-1,-1,3
34912779,6,53,-1,-1,3
34901163,9,31,-1,-1,6
34912819,34,53,-1,-1,0
34911414,18,19,-1,-1,1
34911806,29,31,-1,-1,1
34914396,53,38,-1,-1,7
34914249,15,19,-1,-1,6
34910804,43,10,-1,-1,1
34907029,13,46,-1,-1,6
34910457,3,6,-1,-1,0
34913352,56,8,-1,-1,0
34914266,13,37,-1,-1,3
34911859,52,34,-1,-1,0
34909611,42,32,-1,-1,0
34912073,5,19,-1,-1,4
34906596,45,25,-1,-1,4
34914469,9,37,-1,-1,5
34899417,46,28,-1,-1,4
34914867,7,26,-1,-1,3
34913562,44,39,-1,-1,7
34912929,5,13,-1,-1,6
34911529,55,32,-1,-1,6
34913279,1,48,-1,-1,5
34908610,0,50,-1,-1,0
34913835,11,50,-1,-1,4
34902951,55,17,-1,-1,2
34907895,21,4,-1,-1,4
34909070,32,0,-1,-1,5
34914455,52,48,-1,-1,6
34904692,32,13,-1,-1,3
34911078,38,56,-1,-1,4
34913874,31,22,-1,-1,6
34904461,36,13,-1,-1,0
34914777,37,15,-1,-1,2
34910264,57,31,-1,-1,6
34914875,11,28,-1,-1,5
34913205,5,36,-1,-1,0
34905285,58,21,-1,-1,5
34913553,0,2,-1,-1,2
34905375,34,1,-1,-1,1
34908565,2,14,-1,-1,7
34912865,16,45,-1,-1,7
34912748,31,3,-1,-1,5
34913834,31,20,-1,-1,3
34910710,17,19,-1,-1,5
34906715,49,19,-1,-1,5
34911015,27,22,-1,-1,5
34911792,15,36,-1,-1,2
34901991,5,16,-1,-1,2
34913444,47,21,-1,-1,1
34908945,58,7,-1,-1,6
34913653,4,46,-1,-1,7
34911273,42,33,-1,-1,1
34908080,58,58,-1,-1,7
34911301,11,43,-1,-1,2
34907851,35,52,-1,-1,3
34911704,13,16,-1,-1,1
34904523,31,18,-1,-1,3
34913225,47,56,-1,-1,0
34913943,19,8,-1,-1,5
34914300,54,49,-1,-1,4
34910872,34,6,-1,-1,7
34911524,14,38,-1,-1,7
34901698,44,34,-1,-1,2
34911984,22,5,-1,-1,2
34913985,26,46,-1,-1,3
34913028,2,42,-1,-1,6
34913236,51,36,-1,-1,7
34911444,56,45,-1,-1,0
34909899,32,5,-1,-1,0
34912673,24,5,-1,-1,5
34914840,20,18,-1,-1,3
34914394,35,16,-1,-1,1
34914176,25,15,-1,-1,7
34913119,49,3,-1,-1,7
34913085,26,1,-1,-1,0
34910813,32,58,-1,-1,1
34912298,52,10,-1,-1,5
34907679,27,0,-1,-1,3
34913955,49,33,-1,-1,3
34913821,29,36,-1,-1,4
34905509,34,13,-1,-1,1
34913178,41,46,-1,-1,7
34907738,11,56,-1,-1,0
34913467,35,5,-1,-1,4
34907509,39,48,-1,-1,4
34914540,41,51,-1,-1,2
34903030,36,5,-1,-1,3
34907873,22,7,-1,-1,4
34912733,34,38,-1,-1,6
34913297,15,15,-1,-1,4
34914517,58,37,-1,-1,6
34914257,10,1,-1,-1,4
34910627,57,23,-1,-1,6
34907934,0,24,-1,-1,2
34913789,6,14,-1,-1,6
34913849,49,5,-1,-1,3
34913221,18,50,-1,-1,4
34910859,20,0,-1,-1,4
34913361,4,52,-1,-1,1
34914093,35,38,-1,-1,1
34913357,45,28,-1,-1,4
34912936,27,34,-1,-1,7
34913293,22,23,-1,-1,0
34913508,43,7,-1,-1,3
34913614,57,44,-1,-1,5
34912470,24,56,-1,-1,5
34910791,40,54,-1,-1,3
34906185,23,37,-1,-1,0
34895940,14,53,-1,-1,7
34914163,31,25,-1,-1,6
34913680,17,57,-1,-1,3
34913978,24,11,-1,-1,1
34914726,36,10,-1,-1,2
34914090,16,19,-1,-1,5
34913457,11,27,-1,-1,7
34911525,47,6,-1,-1,2
34899977,6,12,-1,-1,1
34911423,3,43,-1,-1,3
34912416,20,41,-1,-1,3
34907697,36,38,-1,-1,6
34911925,27,45,-1,-1,4
34913933,2,31,-1,-1,6
34910808,39,46,-1,-1,1
34914803,13,48,-1,-1,5
34914242,23,6,-1,-1,1
34907246,14,42,-1,-1,0
34913720,58,56,-1,-1,4
34912352,26,8,-1,-1,4
34911013,12,23,-1,-1,7
34914936,2,13,-1,-1,0
34912265,1,44,-1,-1,5
34914258,44,54,-1,-1,4
34913587,45,21,-1,-1,2
34912745,45,10,-1,-1,5
34913570,35,4,-1,-1,2
34914273,7,13,-1,-1,6
34911952,28,18,-1,-1,0
34914234,48,7,-1,-1,2
34914127,9,38,-1,-1,1
34908882,38,44,-1,-1,6
34909823,49,36,-1,-1,5
34910325,42,43,-1,-1,2
34910475,31,13,-1,-1,0
34911088,16,52,-1,-1,4
34910660,38,37,-1,-1,5
34914147,14,8,-1,-1,6
34914779,37,56,-1,-1,0
34914837,22,12,-1,-1,4
34914931,3,40,-1,-1,3
34912090,26,42,-1,-1,6
34899610,28,25,-1,-1,5
34914773,49,4,-1,-1,1
34913482,41,26,-1,-1,5
34914754,53,28,-1,-1,3
34912497,13,21,-1,-1,4
34911194,7,56,-1,-1,1
34914415,21,31,-1,-1,5
34912995,28,10,-1,-1,4
34914649,39,28,-1,-1,6
34911638,45,16,-1,-1,4
34904843,42,16,-1,-1,2
34901770,31,41,-1,-1,0
34906232,17,32,-1,-1,5
34914115,1,47,-1,-1,5
34912067,12,46,-1,-1,6
34913175,28,46,-1,-1,3
34914687,44,17,-1,-1,1
34914683,42,15,-1,-1,6
34910202,7,54,-1,-1,6
34912448,29,22,-1,-1,0
34903936,56,55,-1,-1,1
34902499,32,7,-1,-1,6
34908064,50,40,-1,-1,1
34912645,48,50,-1,-1,1
34911131,46,31,-1,-1,5
34913741,1,18,-1,-1,7
34914184,24,20,-1,-1,6
34910751,54,31,-1,-1,3
34914556,48,15,-1,-1,0
34913584,46,2,-1,-1,2
34913638,54,36,-1,-1,7
34914917,10,5,-1,-1,5
34914480,41,19,-1,-1,1
34905570,52,40,-1,-1,6
34914267,15,53,-1,-1,0
34910974,44,45,-1,-1,7
34909497,29,7,-1,-1,0
34911763,40,0,-1,-1,3
34913802,58,43,-1,-1,5
34912736,10,57,-1,-1,6
34910652,9,4,-1,-1,5
34912181,1,34,-1,-1,7
34914094,35,40,-1,-1,4
34914385,21,23,-1,-1,0
34908482,8,3,-1,-1,1
34907383,28,13,-1,-1,6
34913251,53,50,-1,-1,7
34914363,52,29,-1,-1,0
34913822,45,44,-1,-1,0
34911663,31,15,-1,-1,3
34913338,41,4,-1,-1,4
34913155,39,38,-1,-1,1
34907786,38,55,-1,-1,2
34909531,11,12,-1,-1,3
34914704,15,37,-1,-1,1
34908874,2,46,-1,-1,0
34914275,36,32,-1,-1,3
34913436,44,42,-1,-1,0
34911787,41,34,-1,-1,7
34909528,34,22,-1,-1,1
34905754,58,31,-1,-1,6
34909236,20,15,-1,-1,3
34915003,56,21,-1,-1,7
34911008,2,27,-1,-1,5
34913621,37,48,-1,-1,4
34912765,50,5,-1,-1,2
34913005,39,15,-1,-1,4
34904076,5,7,-1,-1,1
34913315,22,13,-1,-1,5
34914924,38,30,-1,-1,1
34913404,24,21,-1,-1,0
34914377,17,14,-1,-1,1
34914472,35,28,-1,-1,5
34914259,40,21,-1,-1,5
34907186,25,2,-1,-1,5
34912834,14,44,-1,-1,3
34905374,0,17,-1,-1,2
34914154,25,41,-1,-1,1
34908601,39,32,-1,-1,5
34912345,46,42,-1,-1,2
34894793,38,53,-1,-1,5
34914466,43,48,-1,-1,5
34912828,45,45,-1,-1,2
34909790,17,5,-1,-1,4
34910955,29,8,-1,-1,5
34913632,23,18,-1,-1,7
34912635,34,57,-1,-1,4
34914689,31,24,-1,-1,7
34913271,35,9,-1,-1,0
34913604,36,35,-1,-1,4
34910889,58,3,-1,-1,7
34903294,33,50,-1,-1,1
34913243,11,34,-1,-1,0
34911808,44,50,-1,-1,5
34906955,57,25,-1,-1,2
34908717,35,3,-1,-1,5
34913709,49,32,-1,-1,4
34912830,28,4,-1,-1,3
34913761,23,3,-1,-1,3
34914739,13,29,-1,-1,2
34914307,47,4,-1,-1,7
34914724,24,43,-1,-1,7
34914117,52,17,-1,-1,2
34911041,20,6,-1,-1,6
34908446,17,11,-1,-1,5
34913310,18,12,-1,-1,5
34910704,56,19,-1,-1,4
34912095,51,39,-1,-1,6
34910193,43,45,-1,-1,7
34913582,27,27,-1,-1,2
34906905,45,41,-1,-1,3
34911753,25,10,-1,-1,5
34914366,52,45,-1,-1,5
34914578,15,21,-1,-1,4
34905863,6,36,-1,-1,3
34902977,5,5,-1,-1,7
34913017,48,32,-1,-1,5
34914977,41,28,-1,-1,7
34913290,33,14,-1,-1,2
34903736,2,0,-1,-1,2
34914938,57,13,-1,-1,3
34912917,6,52,-1,-1,6
34913744,37,3,-1,-1,5
34914862,40,25,-1,-1,4
34904964,3,56,-1,-1,0
34914763,4,17,-1,-1,4
34913260,46,30,-1,-1,2
34912725,37,52,-1,-1,2
34914430,33,22,-1,-1,6
34914833,14,15,-1,-1,7
34912671,38,5,-1,-1,1
34905417,38,16,-1,-1,5
34908395,0,52,-1,-1,0
34909208,52,18,-1,-1,0
34914398,41,45,-1,-1,2
34914400,40,36,-1,-1,1
34914794,50,19,-1,-1,2
34900485,41,54,-1,-1,0
34905913,27,40,-1,-1,4
34914799,48,51,-1,-1,0
34913098,55,30,-1,-1,5
34895911,0,46,-1,-1,0
34913750,11,31,-1,-1,0
34914961,40,49,-1,-1,3
34902896,10,42,-1,-1,0
34913740,4,6,-1,-1,0
34912175,28,6,-1,-1,5
34914187,1,39,-1,-1,7
34909402,29,35,-1,-1,6
34913664,16,0,-1,-1,2
34908692,38,22,-1,-1,7
34913733,3,35,-1,-1,4
34914511,53,18,-1,-1,6
34914518,51,58,-1,-1,2
34910567,10,10,-1,-1,2
34906015,43,36,-1,-1,2
34914738,5,17,-1,-1,6
34912792,6,17,-1,-1,6
34913791,26,33,-1,-1,1
34910299,57,10,-1,-1,3
34912814,27,48,-1,-1,5
34912574,14,24,-1,-1,6
34914268,23,50,-1,-1,0
34913596,15,2,-1,-1,6
34909684,39,14,-1,-1,4
34914289,21,50,-1,-1,5
34913575,27,37,-1,-1,1
34913303,5,46,-1,-1,1
34905041,12,29,-1,-1,0
34905530,32,46,-1,-1,2
34914606,39,50,-1,-1,1
34914144,9,32,-1,-1,6
34914310,38,43,-1,-1,0
34898725,16,53,-1,-1,3
34912631,32,27,-1,-1,7
34912684,25,23,-1,-1,2
34913385,45,37,-1,-1,6
34910605,18,46,-1,-1,1
34913601,50,16,-1,-1,5
34906887,30,57,-1,-1,7
34912004,28,15,-1,-1,7
34914960,22,0,-1,-1,4
34910827,40,37,-1,-1,7
34913302,27,38,-1,-1,1
34907411,33,34,-1,-1,5
34897424,46,34,-1,-1,2
34913856,32,34,-1,-1,6
34910332,12,41,-1,-1,1
34912557,36,14,-1,-1,7
34905940,53,3,-1,-1,5
34903682,12,49,-1,-1,7
34905114,46,21,-1,-1,7
34912772,4,34,-1,-1,0
34913573,21,16,-1,-1,7
34911181,10,33,-1,-1,2
34913514,43,58,-1,-1,0
34910962,15,16,-1,-1,3
34911705,18,15,-1,-1,1
34912838,51,53,-1,-1,3
34902877,5,33,-1,-1,4
34913059,8,28,-1,-1,1
34914463,21,30,-1,-1,5
34914343,5,25,-1,-1,7
34912022,12,30,-1,-1,7
34912063,28,52,-1,-1,7
34911934,1,23,-1,-1,3
34912050,0,12,-1,-1,0
34911817,34,10,-1,-1,0
34911556,54,55,-1,-1,0
34911555,36,45,-1,-1,0
34914209,48,23,-1,-1,7
34909763,35,34,-1,-1,4
34913999,22,9,-1,-1,1
34914921,35,54,-1,-1,5
34905153,7,20,-1,-1,2
34911172,50,57,-1,-1,5
34914648,56,48,-1,-1,0
34908479,1,58,-1,-1,7
34913860,30,41,-1,-1,5
34913867,44,12,-1,-1,2
34912222,34,36,-1,-1,1
34914278,42,28,-1,-1,1
34910387,50,17,-1,-1,3
34911335,6,19,-1,-1,3
34913858,57,27,-1,-1,1
34913019,17,8,-1,-1,4
34911238,10,6,-1,-1,0
34913616,26,10,-1,-1,4
34910023,34,2,-1,-1,0
34913693,54,20,-1,-1,3
34912341,17,43,-1,-1,3
34912626,40,57,-1,-1,3
34908769,53,6,-1,-1,7
34910161,24,54,-1,-1,6
34906476,56,27,-1,-1,3
34909987,45,52,-1,-1,6
34913702,39,31,-1,-1,5
34902432,5,48,-1,-1,2
34911020,48,20,-1,-1,3
34914478,38,39,-1,-1,6
34913887,21,29,-1,-1,3
34914204,39,0,-1,-1,6
34912766,6,0,-1,-1,3
34911791,46,44,-1,-1,5
34912034,34,28,-1,-1,3
34911567,40,11,-1,-1,7
34914876,43,44,-1,-1,6
34911343,33,37,-1,-1,6
34913172,15,45,-1,-1,1
34913824,30,1,-1,-1,3
34905269,40,26,-1,-1,5
34909863,42,54,-1,-1,3
34914125,3,20,-1,-1,0
34912443,20,5,-1,-1,3
34913929,48,27,-1,-1,2
34910490,13,12,-1,-1,7
34912849,25,12,-1,-1,2
34913522,55,18,-1,-1,2
34908828,9,52,-1,-1,5
34913043,49,50,-1,-1,7
34914673,15,3,-1,-1,4
34914269,47,23,-1,-1,6
34913127,4,1,-1,-1,0
34914113,8,45,-1,-1,4
34900279,18,0,-1,-1,4
34913922,38,23,-1,-1,4
34910750,45,22,-1,-1,1
34912321,7,19,-1,-1,5
34913787,15,29,-1,-1,2
34914387,10,7,-1,-1,2
34913051,21,51,-1,-1,5
34912515,11,39,-1,-1,4
34914621,58,0,-1,-1,6
34911528,25,45,-1,-1,2
34914496,18,40,-1,-1,3
34909399,53,2,-1,-1,3
34908955,51,7,-1,-1,3
34902055,44,2,-1,-1,4
34913619,55,10,-1,-1,4
34912523,32,17,-1,-1,3
34913592,13,24,-1,-1,7
34912052,48,21,-1,-1,5
34911220,17,1,-1,-1,7
34909334,5,49,-1,-1,6
34910018,10,39,-1,-1,3
34913869,52,32,-1,-1,6
34910280,28,12,-1,-1,1
34914632,17,18,-1,-1,3
34913479,13,50,-1,-1,5
34914873,49,17,-1,-1,0
34911761,30,39,-1,-1,4
34914815,16,31,-1,-1,3
34914458,38,35,-1,-1,0
34914576,36,27,-1,-1,6
34913438,3,47,-1,-1,0
34912094,54,39,-1,-1,5
34901213,38,8,-1,-1,6
34914627,10,11,-1,-1,7
34909263,4,48,-1,-1,7
34908531,47,1,-1,-1,2
34909169,21,0,-1,-1,3
34912177,27,51,-1,-1,1
34904987,21,54,-1,-1,3
34912997,44,3,-1,-1,0
34902630,55,37,-1,-1,7
34914753,35,21,-1,-1,5
34913294,42,5,-1,-1,2
34912698,39,9,-1,-1,1
34909949,5,15,-1,-1,4
34914915,29,38,-1,-1,7
34913686,45,33,-1,-1,1
34913084,12,21,-1,-1,1
34912240,9,54,-1,-1,1
34914545,58,28,-1,-1,0
34913934,35,18,-1,-1,6
34914769,37,31,-1,-1,7
34913568,58,51,-1,-1,5
34912153,27,17,-1,-1,0
34914330,19,17,-1,-1,4
34914908,2,54,-1,-1,2
34914872,33,29,-1,-1,2
34901285,13,11,-1,-1,6
34909398,42,35,-1,-1,1
34914857,12,25,-1,-1,2
34913203,4,26,-1,-1,7
34911206,30,12,-1,-1,0
34911086,34,45,-1,-1,6
34912279,53,27,-1,-1,4
34910625,31,8,-1,-1,0
34913120,44,0,-1,-1,6
34909711,17,9,-1,-1,1
34903317,51,55,-1,-1,0
34913652,17,20,-1,-1,7
34911742,56,2,-1,-1,4
34904055,31,56,-1,-1,6
34912218,48,13,-1,-1,6
34912356,50,4,-1,-1,6
34914040,34,23,-1,-1,2
34909028,18,35,-1,-1,6
34914666,54,18,-1,-1,0
34914422,57,42,-1,-1,0
34906800,40,50,-1,-1,4
34904313,58,22,-1,-1,7
34912882,49,49,-1,-1,3
34912322,7,46,-1,-1,5
34911911,3,12,-1,-1,4
34904683,57,38,-1,-1,1
34914020,30,55,-1,-1,3
34914859,54,38,-1,-1,7
34910927,44,4,-1,-1,6
34914173,34,19,-1,-1,6
34914980,50,39,-1,-1,7
34914828,12,24,-1,-1,1
34914379,29,16,-1,-1,7
34912110,1,49,-1,-1,1
34907959,24,26,-1,-1,1
34912573,41,55,-1,-1,5
34912601,23,20,-1,-1,4
34914199,24,58,-1,-1,6
34912534,48,33,-1,-1,0
34908406,16,4,-1,-1,5
34896896,36,4,-1,-1,0
34911546,56,1,-1,-1,0
34912440,41,10,-1,-1,0
34915004,19,23,-1,-1,0
34908059,56,16,-1,-1,5
34911157,38,9,-1,-1,0
34913099,14,21,-1,-1,2
34904119,14,4,-1,-1,3
34911985,26,3,-1,-1,5
34913715,43,34,-1,-1,7
34914982,29,48,-1,-1,6
34911834,28,2,-1,-1,2
34902703,17,16,-1,-1,6
34914308,37,29,-1,-1,1
34896473,45,58,-1,-1,0
34910694,36,47,-1,-1,3
34914500,28,1,-1,-1,1
34913055,39,47,-1,-1,6
34914499,32,8,-1,-1,2
34913516,2,8,-1,-1,3
34910498,2,35,-1,-1,4
34910953,6,20,-1,-1,3
34912899,56,41,-1,-1,3
34903890,54,0,-1,-1,5
34914217,0,33,-1,-1,1
34911080,11,57,-1,-1,5
34914468,12,45,-1,-1,6
34908428,7,51,-1,-1,7
34912842,14,5,-1,-1,1
34911782,7,48,-1,-1,3
34914453,20,25,-1,-1,0
34910697,17,35,-1,-1,2
34910890,44,41,-1,-1,5
34914599,23,2,-1,-1,3
34911954,54,35,-1,-1,1
34912108,7,39,-1,-1,7
34906512,41,23,-1,-1,0
34914276,20,58,-1,-1,0
34907724,9,13,-1,-1,5
34910390,11,18,-1,-1,5
34908772,2,17,-1,-1,2
34914302,53,9,-1,-1,1
34903306,16,51,-1,-1,1
34912114,6,28,-1,-1,3
34904275,45,57,-1,-1,4
34906818,52,33,-1,-1,3
34909956,56,39,-1,-1,4
34909341,30,45,-1,-1,7
34912496,32,21,-1,-1,3
34914368,27,8,-1,-1,7
34911986,23,9,-1,-1,1
34912913,57,6,-1,-1,2
34903513,40,39,-1,-1,4
34914821,26,4,-1,-1,0
34911978,51,1,-1,-1,2
34911024,11,16,-1,-1,6
34905268,35,11,-1,-1,6
34911857,28,36,-1,-1,7
34913280,32,39,-1,-1,5
34913801,25,3,-1,-1,1
34913490,35,57,-1,-1,0
34912172,26,32,-1,-1,1
34912173,38,34,-1,-1,2
34913268,50,48,-1,-1,3
34911930,22,28,-1,-1,7
34910154,36,9,-1,-1,0
34910903,29,4,-1,-1,5
34909566,15,58,-1,-1,7
34914734,57,22,-1,-1,3
34914392,41,31,-1,-1,0
34913838,49,23,-1,-1,2
34914655,37,34,-1,-1,4
34914000,42,0,-1,-1,3
34906939,3,29,-1,-1,1
34911113,10,0,-1,-1,2
34909109,21,5,-1,-1,6
34914566,43,11,-1,-1,0
34912272,31,35,-1,-1,2
34910187,1,46,-1,-1,7
34913588,4,29,-1,-1,3
34907927,48,41,-1,-1,5
34912903,44,43,-1,-1,3
34914844,1,31,-1,-1,5
34914362,24,27,-1,-1,0
34912949,19,18,-1,-1,5
34901831,16,11,-1,-1,7
34904519,43,33,-1,-1,4
34912092,52,57,-1,-1,7
34910115,32,19,-1,-1,6
34914822,3,11,-1,-1,3
34914280,29,18,-1,-1,1
34913027,50,31,-1,-1,0
34909740,55,51,-1,-1,7
34913837,41,8,-1,-1,7
34907527,10,54,-1,-1,6
34910288,37,20,-1,-1,3
34911297,22,19,-1,-1,0
34912699,4,30,-1,-1,6
34892108,44,19,-1,-1,7
34901180,54,13,-1,-1,7
34912870,32,43,-1,-1,6
34914825,6,24,-1,-1,0
34909704,1,25,-1,-1,5
34913939,7,17,-1,-1,4
34907430,47,22,-1,-1,7
34904430,14,41,-1,-1,2
34914976,42,50,-1,-1,2
34906483,14,14,-1,-1,3
34912582,35,49,-1,-1,3
34914557,1,50,-1,-1,0
34910644,6,8,-1,-1,4
34914901,38,17,-1,-1,4
34909558,41,6,-1,-1,2
34911122,46,54,-1,-1,2
34910391,23,46,-1,-1,3
34911962,23,32,-1,-1,4
34911726,58,26,-1,-1,0
34909084,33,44,-1,-1,3
34913900,2,25,-1,-1,5
34914827,1,20,-1,-1,7
34911682,17,40,-1,-1,6
34914552,3,18,-1,-1,7
34912148,30,31,-1,-1,3
34911052,42,31,-1,-1,2
34913548,43,24,-1,-1,2
34913486,29,6,-1,-1,1
34910351,30,4,-1,-1,5
34913112,52,5,-1,-1,2
34914558,26,36,-1,-1,4
34913870,22,50,-1,-1,2
34911764,41,30,-1,-1,1
34913782,7,24,-1,-1,6
34912135,42,49,-1,-1,7
34913395,50,37,-1,-1,2
34913968,9,1,-1,-1,1
34906488,56,36,-1,-1,6
34910279,28,53,-1,-1,7
34911990,4,39,-1,-1,1
34914864,27,36,-1,-1,1
34907885,6,11,-1,-1,0
34906666,48,54,-1,-1,3
34912816,14,36,-1,-1,0
34911233,25,11,-1,-1,4
34911507,6,37,-1,-1,6
34914146,30,21,-1,-1,6
34912217,25,36,-1,-1,4
34910597,51,3,-1,-1,7
34913375,3,26,-1,-1,2
34906066,57,1,-1,-1,2
34914582,12,50,-1,-1,7
34905392,50,49,-1,-1,1
34913110,11,5,-1,-1,6
34901938,29,15,-1,-1,6
34910411,10,24,-1,-1,4
34910126,46,49,-1,-1,2
34912768,42,24,-1,-1,3
34913853,20,22,-1,-1,0
34912031,29,3,-1,-1,2
34912150,34,34,-1,-1,6
34913192,3,5,-1,-1,5
34911173,25,51,-1,-1,4
34914532,51,56,-1,-1,0
34906920,5,8,-1,-1,1
34910508,40,3,-1,-1,3
34914597,30,44,-1,-1,7
34912018,3,14,-1,-1,2
34914364,45,26,-1,-1,2
34913323,26,19,-1,-1,3
34913644,58,48,-1,-1,4
34914424,17,34,-1,-1,4
34914910,8,6,-1,-1,0
34914105,19,9,-1,-1,4
34908041,15,6,-1,-1,2
34913569,16,55,-1,-1,1
34910754,27,32,-1,-1,4
34911470,19,15,-1,-1,6
34914030,26,23,-1,-1,6
34910392,56,24,-1,-1,7
34913896,31,12,-1,-1,7
34912982,26,50,-1,-1,1
34914221,12,18,-1,-1,6
34909094,40,41,-1,-1,2
34911709,13,13,-1,-1,1
34914598,5,50,-1,-1,6
34908051,7,12,-1,-1,6
34913981,22,44,-1,-1,2
34911719,8,11,-1,-1,5
34906984,7,37,-1,-1,5
34907437,6,26,-1,-1,1
34908028,48,49,-1,-1,5
34911320,44,27,-1,-1,7
34913903,50,32,-1,-1,1
34914905,46,26,-1,-1,0
34901821,45,30,-1,-1,6
34914393,24,24,-1,-1,3
34914635,8,9,-1,-1,1
34911505,5,43,-1,-1,7
34912580,40,20,-1,-1,1
34912540,37,25,-1,-1,2
34912530,45,3,-1,-1,0
34914801,35,2,-1,-1,7
34914477,5,38,-1,-1,5
34910895,49,25,-1,-1,6
34914274,32,28,-1,-1,1
34914406,15,57,-1,-1,4
34909576,54,34,-1,-1,4
34913728,21,6,-1,-1,3
34914554,34,21,-1,-1,6
34914996,23,38,-1,-1,3
34904383,19,43,-1,-1,1
34901535,15,44,-1,-1,1
34911756,52,42,-1,-1,3
34908394,43,50,-1,-1,3
34913109,30,0,-1,-1,2
34911125,21,39,-1,-1,3
34911832,19,38,-1,-1,4
34907169,46,48,-1,-1,6
34914789,37,17,-1,-1,5
34907764,44,25,-1,-1,5
34914130,28,22,-1,-1,7
34914798,49,45,-1,-1,2
34913015,46,38,-1,-1,4
34908078,39,2,-1,-1,3
34908116,55,7,-1,-1,6
34912943,58,11,-1,-1,4
34911796,8,37,-1,-1,4
34914197,25,44,-1,-1,4
34914676,33,23,-1,-1,1
34912783,30,13,-1,-1,1
34907684,16,48,-1,-1,0
34914886,3,13,-1,-1,3
34914973,53,45,-1,-1,3
34912324,37,35,-1,-1,7
34910952,55,57,-1,-1,5
34914993,51,10,-1,-1,4
34909282,20,21,-1,-1,4
34911612,30,24,-1,-1,1
34909646,18,36,-1,-1,1
34914446,8,55,-1,-1,3
34912185,42,18,-1,-1,0
34914452,41,16,-1,-1,2
34914334,11,17,-1,-1,2
34914805,21,49,-1,-1,2
34905694,3,9,-1,-1,5
34911132,1,57,-1,-1,6
34899019,50,0,-1,-1,6
34911672,50,54,-1,-1,3
34914410,33,3,-1,-1,5
34912782,30,56,-1,-1,1
34913367,29,9,-1,-1,0
34911397,46,43,-1,-1,0
34913545,14,25,-1,-1,6
34913026,57,17,-1,-1,1
34908127,56,30,-1,-1,0
34914767,23,15,-1,-1,3
34910845,45,4,-1,-1,3
34907860,19,53,-1,-1,7
34914662,37,27,-1,-1,0
34914795,52,11,-1,-1,5
34903477,8,14,-1,-1,2
34912724,14,10,-1,-1,7
34913873,20,13,-1,-1,5
34914339,30,18,-1,-1,4
34912562,54,3,-1,-1,1
34913839,23,31,-1,-1,5
34913219,57,35,-1,-1,6
34914947,5,6,-1,-1,4
34913567,32,25,-1,-1,0
34908965,52,55,-1,-1,6
34909388,10,43,-1,-1,4
34911799,24,47,-1,-1,4
34914874,51,40,-1,-1,7
34914634,27,19,-1,-1,2
34913179,17,17,-1,-1,5
34910353,21,9,-1,-1,6
34910679,8,2,-1,-1,5
34911451,54,42,-1,-1,6
34913843,20,33,-1,-1,2
34908401,8,26,-1,-1,0
34913259,57,58,-1,-1,2
34910623,10,55,-1,-1,2
34910261,33,40,-1,-1,7
34905906,38,14,-1,-1,6
34914696,25,13,-1,-1,7
34909676,30,36,-1,-1,0
34910572,32,49,-1,-1,3
34914345,5,39,-1,-1,0
34914324,12,22,-1,-1,5
34912157,52,19,-1,-1,1
34914657,17,25,-1,-1,7
34913994,8,4,-1,-1,7
34911070,29,53,-1,-1,3
34914291,25,32,-1,-1,1
34914026,26,26,-1,-1,1
34910335,31,55,-1,-1,1
34908075,9,42,-1,-1,2
34900989,53,46,-1,-1,2
34906282,33,27,-1,-1,2
34905976,26,35,-1,-1,3
34911139,58,4,-1,-1,7
34912238,14,39,-1,-1,5
34907239,39,16,-1,-1,2
34912892,13,4,-1,-1,6
34914101,5,26,-1,-1,7
34906654,3,4,-1,-1,4
34907505,48,24,-1,-1,7
34908611,14,32,-1,-1,6
34907279,32,41,-1,-1,2
34914974,20,2,-1,-1,5
34911623,3,36,-1,-1,1
34911563,51,41,-1,-1,1
34910152,4,37,-1,-1,4
34914004,9,49,-1,-1,6
34911941,19,33,-1,-1,0
34914198,19,48,-1,-1,7
34914937,42,53,-1,-1,0
34914131,9,21,-1,-1,2
34908605,34,47,-1,-1,7
34914316,45,39,-1,-1,5
34911439,38,28,-1,-1,2
34907855,44,20,-1,-1,2
34909805,1,29,-1,-1,7
34914903,2,47,-1,-1,5
34912054,51,20,-1,-1,6
34903526,15,41,-1,-1,1
34913723,28,44,-1,-1,4
34913399,43,20,-1,-1,2
34914775,35,39,-1,-1,1
34913054,3,22,-1,-1,3
34914323,18,28,-1,-1,5
34913806,57,47,-1,-1,5
34910165,54,56,-1,-1,0
34913660,23,35,-1,-1,2
34909345,25,35,-1,-1,5
34911105,3,45,-1,-1,3
34913512,39,33,-1,-1,1
34913388,58,20,-1,-1,5
34914515,3,57,-1,-1,4
34908173,38,4,-1,-1,6
34914354,52,20,-1,-1,0
34912244,18,24,-1,-1,1
34914351,20,40,-1,-1,1
34909580,29,20,-1,-1,4
34911128,17,36,-1,-1,2
34913418,41,40,-1,-1,0
34908125,56,42,-1,-1,3
34912764,15,27,-1,-1,7
34914077,25,52,-1,-1,2
34909412,37,38,-1,-1,3
34910709,6,49,-1,-1,7
34912907,58,15,-1,-1,0
34910922,24,37,-1,-1,6
34907197,13,22,-1,-1,7
34914860,46,40,-1,-1,5
34914861,50,47,-1,-1,2
34909037,48,35,-1,-1,7
34913058,0,35,-1,-1,2
34913751,28,8,-1,-1,7
34911409,57,51,-1,-1,7
34911725,12,33,-1,-1,5
34907060,25,56,-1,-1,0
34913688,38,12,-1,-1,6
34913389,2,33,-1,-1,2
34909172,53,20,-1,-1,5
34910633,4,0,-1,-1,5
34913961,22,46,-1,-1,5
34912020,52,21,-1,-1,6
34914296,19,12,-1,-1,2
34914940,10,16,-1,-1,5
34914436,54,28,-1,-1,7
34911362,17,13,-1,-1,0
34900852,43,46,-1,-1,6
34911178,55,23,-1,-1,4
34912516,18,25,-1,-1,4
34914035,55,55,-1,-1,3
34911895,41,14,-1,-1,4
34914900,11,41,-1,-1,0
34913372,25,0,-1,-1,6
34906294,8,44,-1,-1,2
34914419,2,32,-1,-1,1
34913795,18,48,-1,-1,4
34912460,53,12,-1,-1,7
34911784,24,4,-1,-1,4
34914158,18,56,-1,-1,5
34914868,3,25,-1,-1,7
34914617,20,20,-1,-1,7
34908567,53,21,-1,-1,0
34914774,24,19,-1,-1,7
34912910,45,6,-1,-1,2
34912950,31,48,-1,-1,3
34914997,55,43,-1,-1,1
34914438,24,30,-1,-1,2
34911508,34,20,-1,-1,4
34911419,14,19,-1,-1,2
34909390,0,48,-1,-1,0
34902958,15,0,-1,-1,5
34913627,57,12,-1,-1,3
34914958,32,36,-1,-1,2
34908284,17,27,-1,-1,7
34910668,18,31,-1,-1,2
34912711,14,43,-1,-1,7
34910626,40,19,-1,-1,3
34914651,29,29,-1,-1,2
34914880,49,21,-1,-1,0
34914943,4,4,-1,-1,2
34909242,9,24,-1,-1,0
34912702,18,53,-1,-1,6
34913121,55,12,-1,-1,1
34908604,51,19,-1,-1,6
34898159,11,32,-1,-1,2
34912368,13,8,-1,-1,3
34911675,26,51,-1,-1,3
34914560,27,44,-1,-1,5
34909960,48,29,-1,-1,3
34911094,3,52,-1,-1,0
34913147,38,13,-1,-1,4
34912072,53,57,-1,-1,4
34912622,3,41,-1,-1,1
34901608,58,36,-1,-1,5
34913880,17,56,-1,-1,3
34912554,26,14,-1,-1,1
34907204,50,1,-1,-1,4
34908324,32,1,-1,-1,4
34908533,36,18,-1,-1,7
34901622,25,5,-1,-1,5
34914752,36,58,-1,-1,1
34913498,41,24,-1,-1,4
34908690,19,22,-1,-1,4
34904511,20,11,-1,-1,6
34908841,55,16,-1,-1,1
34914236,49,6,-1,-1,3
34914813,13,39,-1,-1,3
34913706,56,49,-1,-1,6
34901409,0,29,-1,-1,0
34913620,20,53,-1,-1,7
34913491,51,33,-1,-1,7
34914591,12,40,-1,-1,1
34908994,12,51,-1,-1,6
34914262,26,24,-1,-1,4
34911981,8,33,-1,-1,5
34910964,51,34,-1,-1,3
34914171,58,25,-1,-1,0
34904887,55,52,-1,-1,4
34911816,50,22,-1,-1,5
34914162,53,30,-1,-1,2
34907447,2,37,-1,-1,5
34913097,57,43,-1,-1,6
34910211,55,2,-1,-1,4
34912708,13,57,-1,-1,7
34909725,26,48,-1,-1,6
34912817,51,4,-1,-1,4
34913023,13,51,-1,-1,4
34913762,23,40,-1,-1,1
34914503,49,0,-1,-1,3
34909098,12,42,-1,-1,1
34914005,47,16,-1,-1,0
34911467,39,18,-1,-1,5
34902736,41,29,-1,-1,4
34914989,46,16,-1,-1,6
34907787,5,42,-1,-1,2
34909882,14,18,-1,-1,3
34913062,51,2,-1,-1,6
34914150,31,26,-1,-1,2
34914546,33,17,-1,-1,5
34914475,4,36,-1,-1,3
34913123,24,49,-1,-1,3
34910659,12,38,-1,-1,3
34906579,1,3,-1,-1,5
34910518,7,33,-1,-1,2
34911668,28,26,-1,-1,4
34911732,19,25,-1,-1,3
34912998,43,19,-1,-1,2
34913914,55,0,-1,-1,2
34912262,1,36,-1,-1,5
34912483,52,28,-1,-1,6
34909874,38,11,-1,-1,7
34903421,29,21,-1,-1,5
34911510,0,10,-1,-1,1
34914063,8,20,-1,-1,1
34911472,29,28,-1,-1,0
34912666,10,29,-1,-1,5
34914885,1,51,-1,-1,4
34914297,12,44,-1,-1,4
34914719,31,2,-1,-1,5
34912128,49,54,-1,-1,3
34911735,43,32,-1,-1,1
34908053,47,52,-1,-1,0
34914443,48,5,-1,-1,0
34913779,54,22,-1,-1,6
34914435,19,14,-1,-1,0
34913661,3,17,-1,-1,0
34914186,24,38,-1,-1,3
34913258,42,57,-1,-1,0
34906537,22,1,-1,-1,6
34912499,13,40,-1,-1,4
34914890,55,24,-1,-1,2
34912628,20,32,-1,-1,0
34912634,24,44,-1,-1,6
34908124,57,15,-1,-1,1
34913729,10,41,-1,-1,4
34910396,29,14,-1,-1,7
34914854,8,43,-1,-1,7
34905009,43,18,-1,-1,3
34914884,58,40,-1,-1,6
34913970,48,6,-1,-1,7
34911344,54,12,-1,-1,5
34914665,21,52,-1,-1,1
34914188,52,3,-1,-1,7
34914159,49,15,-1,-1,1
34912065,19,10,-1,-1,6
34913505,54,9,-1,-1,1
34913988,44,1,-1,-1,5
34914299,20,7,-1,-1,3
34913851,40,9,-1,-1,5
34913117,33,46,-1,-1,6
34913345,42,36,-1,-1,0
34904323,47,18,-1,-1,2
34914697,35,12,-1,-1,6
34912431,33,9,-1,-1,6
34911611,10,4,-1,-1,0
34910785,43,22,-1,-1,7
34913639,37,32,-1,-1,1
34913337,1,55,-1,-1,2
34912036,45,15,-1,-1,1
34914768,31,4,-1,-1,0
34910982,36,25,-1,-1,1
34910427,23,33,-1,-1,4
34909352,21,36,-1,-1,7
34908351,1,56,-1,-1,7
34909878,32,48,-1,-1,3
34904739,55,40,-1,-1,6
34912432,34,0,-1,-1,5
34914295,50,55,-1,-1,7
34911370,55,25,-1,-1,2
34905644,11,47,-1,-1,0
34913714,50,18,-1,-1,1
34914252,24,31,-1,-1,2
34913036,47,35,-1,-1,4
34911683,16,10,-1,-1,2
34902402,50,23,-1,-1,7
34903515,3,2,-1,-1,5
34912940,18,6,-1,-1,6
34913749,55,6,-1,-1,6
34911752,2,18,-1,-1,2
34910753,29,47,-1,-1,0
34911878,48,26,-1,-1,6
34907824,0,45,-1,-1,4
34913528,1,54,-1,-1,2
34914085,12,32,-1,-1,4
34911679,19,41,-1,-1,7
34912954,32,31,-1,-1,0
34911696,29,11,-1,-1,1
34912623,58,10,-1,-1,6
34914941,20,43,-1,-1,1
34912505,33,25,-1,-1,1
34913786,40,6,-1,-1,7
34914636,44,16,-1,-1,3
34913181,47,58,-1,-1,1
34913056,14,45,-1,-1,0
34914121,36,11,-1,-1,1
34912389,36,28,-1,-1,2
34913776,51,25,-1,-1,0
34909895,54,19,-1,-1,7
34913159,57,37,-1,-1,1
34912990,43,51,-1,-1,5
34911276,24,10,-1,-1,2
34913883,23,34,-1,-1,7
34911575,49,14,-1,-1,6
34913124,16,14,-1,-1,3
34913951,55,54,-1,-1,6
34909023,57,49,-1,-1,5
34913003,27,41,-1,-1,3
34914898,57,29,-1,-1,3
34913659,48,55,-1,-1,4
34914505,26,29,-1,-1,3
34914847,16,25,-1,-1,5
34910858,28,7,-1,-1,4
34906016,54,58,-1,-1,6
34913926,46,58,-1,-1,6
34914080,32,40,-1,-1,4
34914851,13,10,-1,-1,7
34907099,11,2,-1,-1,5
34907164,11,40,-1,-1,3
34914549,48,25,-1,-1,7
34909191,30,29,-1,-1,2
34914530,47,19,-1,-1,0
34912043,10,44,-1,-1,1
34914391,49,37,-1,-1,5
34912824,25,55,-1,-1,0
34912921,22,55,-1,-1,2
34911395,0,0,-1,-1,2
34912561,23,26,-1,-1,1
34906110,41,7,-1,-1,4
34914360,41,22,-1,-1,6
34911893,36,17,-1,-1,4
34914771,32,6,-1,-1,0
34907826,42,52,-1,-1,5
34914189,54,51,-1,-1,3
34906698,40,28,-1,-1,0
34914904,36,50,-1,-1,0
34914842,47,17,-1,-1,6
34912257,19,24,-1,-1,4
34899655,39,29,-1,-1,7
34912576,17,21,-1,-1,7
34911328,1,7,-1,-1,3
34899767,45,32,-1,-1,0
34914669,12,54,-1,-1,5
34912952,15,48,-1,-1,4
34912102,49,31,-1,-1,4
34912656,21,22,-1,-1,7
34912584,31,9,-1,-1,6
34911539,42,25,-1,-1,0
34913340,42,2,-1,-1,3
34910943,54,4,-1,-1,5
34910120,2,22,-1,-1,0
34908952,41,43,-1,-1,0
34912894,0,39,-1,-1,3
34914855,48,40,-1,-1,7
34913032,19,11,-1,-1,6
34905353,58,6,-1,-1,7
34913890,57,20,-1,-1,3
34913975,9,3,-1,-1,6
34914850,51,38,-1,-1,6
34914149,19,32,-1,-1,7
34915006,47,26,-1,-1,4
