# org_id,org_cellx,org_celly,org_forage_target,org_group_id,org_facing
1151376,10,46,-1,-1,2
1152810,19,2,-1,-1,7
1146826,7,52,-1,-1,1
1150162,0,32,-1,-1,2
1150466,2,15,-1,-1,6
1145631,19,20,-1,-1,5
1151315,23,44,-1,-1,1
1152664,23,33,-1,-1,7
1147895,38,43,-1,-1,7
1151981,2,28,-1,-1,7
1149373,6,20,-1,-1,1
1152421,21,19,-1,-1,6
1150700,35,43,-1,-1,1
1151506,5,11,-1,-1,3
1151746,38,13,-1,-1,6
1152231,33,3,-1,-1,6
1143696,55,57,-1,-1,5
1149774,47,14,-1,-1,6
1149832,36,17,-1,-1,7
1146546,7,56,-1,-1,0
1152670,20,44,-1,-1,7
1149590,28,53,-1,-1,3
1146395,59,33,-1,-1,6
1146047,48,22,-1,-1,7
1151010,42,3,-1,-1,3
1152624,27,55,-1,-1,7
1149569,49,26,-1,-1,2
1152460,37,48,-1,-1,6
1149363,24,36,-1,-1,4
1150703,3,38,-1,-1,3
1145287,29,21,-1,-1,2
1146911,57,17,-1,-1,6
1152838,28,48,-1,-1,3
1152002,21,52,-1,-1,6
1144446,46,16,-1,-1,2
1150577,38,2,-1,-1,4
1147898,37,50,-1,-1,1
1152753,60,37,-1,-1,1
1152769,16,61,-1,-1,4
1150647,32,1,-1,-1,1
1150306,60,24,-1,-1,1
1152739,61,32,-1,-1,2
1152038,58,2,-1,-1,6
1152788,31,3,-1,-1,3
1148583,31,45,-1,-1,1
1147894,8,43,-1,-1,3
1150547,55,8,-1,-1,0
1141820,1,8,-1,-1,5
1132495,48,17,-1,-1,7
1151757,24,56,-1,-1,0
1149548,38,5,-1,-1,1
1148468,8,7,-1,-1,5
1145760,40,52,-1,-1,5
1149752,35,50,-1,-1,3
1152282,20,23,-1,-1,1
1143023,59,31,-1,-1,5
1151866,13,31,-1,-1,1
1150009,47,3,-1,-1,1
1152300,15,28,-1,-1,4
1150554,2,20,-1,-1,6
1137472,40,15,-1,-1,2
1149987,59,46,-1,-1,1
1151991,43,27,-1,-1,1
1151681,5,8,-1,-1,3
1151611,1,49,-1,-1,6
1152257,41,28,-1,-1,7
1151247,49,3,-1,-1,6
1149398,54,37,-1,-1,6
1144614,13,1,-1,-1,2
1152685,42,21,-1,-1,2
1150087,54,9,-1,-1,3
1141163,60,39,-1,-1,5
1146494,43,16,-1,-1,5
1145321,61,11,-1,-1,7
1151222,23,55,-1,-1,0
1148833,21,27,-1,-1,5
1146446,5,10,-1,-1,4
1151747,42,6,-1,-1,4
1143295,26,23,-1,-1,2
1148413,11,55,-1,-1,0
1151830,51,31,-1,-1,2
1148859,9,5,-1,-1,7
1152049,61,19,-1,-1,7
1149652,56,17,-1,-1,2
1150985,16,28,-1,-1,4
1141739,52,36,-1,-1,2
1146133,52,37,-1,-1,4
1151861,43,10,-1,-1,4
1141806,33,58,-1,-1,4
1147762,32,22,-1,-1,7
1150036,29,19,-1,-1,6
1152636,50,39,-1,-1,7
1151772,52,26,-1,-1,5
1149816,33,14,-1,-1,4
1152431,9,53,-1,-1,3
1150526,41,56,-1,-1,1
1151488,61,46,-1,-1,6
1149962,16,36,-1,-1,2
1152525,20,43,-1,-1,2
1151377,1,11,-1,-1,2
1149607,22,56,-1,-1,4
1149194,33,33,-1,-1,2
1149341,56,29,-1,-1,3
1152302,15,12,-1,-1,7
1152364,40,40,-1,-1,3
1142827,17,7,-1,-1,6
1145971,42,57,-1,-1,6
1149052,41,36,-1,-1,1
1151041,15,16,-1,-1,2
1151672,16,38,-1,-1,7
1149184,48,26,-1,-1,6
1148453,21,26,-1,-1,5
1141437,17,41,-1,-1,2
1152692,22,45,-1,-1,7
1152434,22,8,-1,-1,7
1152512,53,43,-1,-1,5
1150950,6,33,-1,-1,7
1143975,3,33,-1,-1,5
1152772,54,36,-1,-1,3
1147584,15,9,-1,-1,1
1151673,44,15,-1,-1,1
1152729,6,26,-1,-1,2
1150149,6,27,-1,-1,1
1151252,31,25,-1,-1,4
1150679,6,28,-1,-1,1
1149501,10,15,-1,-1,6
1148742,55,26,-1,-1,3
1152349,55,32,-1,-1,7
1144760,58,22,-1,-1,0
1147815,29,39,-1,-1,7
1144555,6,2,-1,-1,7
1151075,15,49,-1,-1,2
1151743,34,49,-1,-1,4
1151950,47,27,-1,-1,7
1150974,11,57,-1,-1,4
1152497,43,28,-1,-1,5
1147242,37,0,-1,-1,3
1149986,38,41,-1,-1,5
1152712,2,53,-1,-1,1
1152809,23,36,-1,-1,0
1147571,10,14,-1,-1,4
1145505,12,38,-1,-1,3
1148085,44,33,-1,-1,0
1145521,59,59,-1,-1,5
1148604,59,29,-1,-1,1
1150860,58,38,-1,-1,2
1152529,23,15,-1,-1,7
1151002,6,59,-1,-1,2
1149217,17,1,-1,-1,1
1150927,5,55,-1,-1,2
1149654,35,1,-1,-1,1
1140892,4,47,-1,-1,5
1151766,32,47,-1,-1,2
1150219,14,41,-1,-1,2
1151227,30,57,-1,-1,1
1150382,52,55,-1,-1,4
1151631,55,41,-1,-1,0
1146672,4,8,-1,-1,3
1136511,30,58,-1,-1,5
1152603,48,11,-1,-1,3
1151602,5,59,-1,-1,3
1149801,28,19,-1,-1,4
1151618,54,46,-1,-1,1
1151111,31,57,-1,-1,5
1152390,52,48,-1,-1,6
1145087,53,15,-1,-1,3
1151873,37,44,-1,-1,0
1152228,24,19,-1,-1,0
1147049,26,29,-1,-1,7
1149002,31,14,-1,-1,0
1152708,9,31,-1,-1,1
1150709,40,20,-1,-1,6
1152357,35,30,-1,-1,2
1147469,36,30,-1,-1,5
1152011,15,20,-1,-1,3
1151957,40,7,-1,-1,6
1148960,42,32,-1,-1,0
1147722,20,19,-1,-1,3
1152111,44,50,-1,-1,0
1143652,4,17,-1,-1,3
1144940,38,48,-1,-1,1
1149406,33,47,-1,-1,3
1151848,14,56,-1,-1,6
1151788,51,2,-1,-1,6
1152733,8,13,-1,-1,6
1152053,61,12,-1,-1,5
1150623,16,4,-1,-1,5
1149863,34,40,-1,-1,5
1149773,56,6,-1,-1,0
1152367,22,17,-1,-1,1
1148937,42,19,-1,-1,7
1143061,31,34,-1,-1,0
1144550,42,51,-1,-1,5
1151943,36,1,-1,-1,7
1152564,17,8,-1,-1,0
1138868,5,21,-1,-1,0
1151862,24,28,-1,-1,3
1150866,25,49,-1,-1,4
1147577,22,32,-1,-1,5
1152672,39,51,-1,-1,3
1149525,47,13,-1,-1,4
1151813,22,33,-1,-1,5
1150857,39,23,-1,-1,6
1151624,48,33,-1,-1,4
1149261,26,10,-1,-1,7
1152444,23,9,-1,-1,3
1143758,38,35,-1,-1,2
1151935,16,52,-1,-1,0
1151455,48,42,-1,-1,0
1151684,10,5,-1,-1,4
1151785,49,27,-1,-1,6
1151340,13,16,-1,-1,1
1151992,55,19,-1,-1,5
1143424,14,25,-1,-1,5
1152785,40,14,-1,-1,4
1149337,24,18,-1,-1,6
1151519,56,37,-1,-1,0
1147773,32,17,-1,-1,3
1144747,3,36,-1,-1,2
1151004,26,7,-1,-1,6
1151769,59,45,-1,-1,1
1152099,4,19,-1,-1,1
1145016,31,7,-1,-1,3
1150873,7,61,-1,-1,4
1152439,21,9,-1,-1,0
1152239,60,33,-1,-1,2
1145733,8,16,-1,-1,4
1151715,19,24,-1,-1,7
1152800,5,3,-1,-1,0
1145352,2,27,-1,-1,1
1151353,47,44,-1,-1,7
1147592,31,6,-1,-1,4
1143747,1,12,-1,-1,3
1139950,20,46,-1,-1,5
1148897,57,43,-1,-1,0
1148848,42,13,-1,-1,3
1149712,34,42,-1,-1,6
1151984,14,13,-1,-1,2
1151321,1,61,-1,-1,3
1151946,44,23,-1,-1,3
1150338,25,18,-1,-1,3
1152648,41,59,-1,-1,4
1152146,27,9,-1,-1,4
1144450,45,20,-1,-1,7
1149433,43,43,-1,-1,6
1151951,9,52,-1,-1,0
1152142,33,55,-1,-1,5
1142161,15,48,-1,-1,0
1151278,22,2,-1,-1,4
1144407,49,28,-1,-1,6
1149185,18,23,-1,-1,4
1152422,51,9,-1,-1,6
1146625,37,49,-1,-1,3
1151463,48,13,-1,-1,4
1147600,16,31,-1,-1,5
1144335,24,21,-1,-1,7
1152308,56,10,-1,-1,2
1151614,16,2,-1,-1,1
1150490,28,13,-1,-1,5
1150431,11,44,-1,-1,1
1148111,61,28,-1,-1,0
1144607,55,24,-1,-1,7
1148717,58,36,-1,-1,2
1150543,50,7,-1,-1,2
1149642,51,41,-1,-1,7
1151023,35,6,-1,-1,6
1151665,37,27,-1,-1,3
1151878,12,59,-1,-1,5
1145853,15,58,-1,-1,1
1148456,33,51,-1,-1,4
1151777,41,22,-1,-1,4
1142589,10,0,-1,-1,3
1151956,56,51,-1,-1,2
1152831,20,17,-1,-1,7
1151567,58,35,-1,-1,5
1152023,18,34,-1,-1,7
1150457,45,31,-1,-1,5
1152813,13,49,-1,-1,5
1151126,38,51,-1,-1,2
1151198,17,59,-1,-1,4
1152830,54,56,-1,-1,2
1149407,44,35,-1,-1,4
1152806,5,24,-1,-1,4
1147463,12,0,-1,-1,6
1148305,13,15,-1,-1,5
1151988,6,37,-1,-1,6
1133993,36,2,-1,-1,5
1152743,36,59,-1,-1,2
1151531,27,36,-1,-1,6
1151565,34,28,-1,-1,6
1150595,19,19,-1,-1,6
1150690,59,34,-1,-1,0
1152467,32,36,-1,-1,6
1152707,44,46,-1,-1,7
1149639,34,57,-1,-1,0
1147152,14,48,-1,-1,6
1151132,25,27,-1,-1,7
1152616,43,0,-1,-1,0
1152627,41,52,-1,-1,0
1147061,19,47,-1,-1,3
1152791,35,12,-1,-1,2
1145581,25,16,-1,-1,1
1143905,59,55,-1,-1,3
1150278,2,14,-1,-1,2
1151193,58,34,-1,-1,5
1150359,28,5,-1,-1,7
1152858,35,44,-1,-1,0
1150488,12,50,-1,-1,7
1151396,44,28,-1,-1,6
1151422,10,37,-1,-1,3
1152698,39,56,-1,-1,0
1143774,1,22,-1,-1,1
1150973,14,50,-1,-1,3
1151087,36,31,-1,-1,2
1150361,1,44,-1,-1,7
1152387,54,53,-1,-1,0
1142779,50,42,-1,-1,3
1151642,19,13,-1,-1,7
1146782,24,8,-1,-1,5
1152130,40,25,-1,-1,5
1151521,56,8,-1,-1,4
1144841,26,25,-1,-1,0
1138867,7,21,-1,-1,5
1151686,50,61,-1,-1,3
1151523,12,10,-1,-1,3
1151500,15,4,-1,-1,3
1151018,14,18,-1,-1,5
1152176,17,39,-1,-1,6
1148596,30,59,-1,-1,7
1150902,9,46,-1,-1,3
1152090,50,41,-1,-1,2
1149767,16,56,-1,-1,7
1151187,40,54,-1,-1,7
1152549,13,32,-1,-1,2
1147302,47,33,-1,-1,0
1144384,45,44,-1,-1,7
1152765,20,36,-1,-1,6
1147686,13,0,-1,-1,1
1145571,43,49,-1,-1,3
1151025,22,59,-1,-1,6
1150310,5,28,-1,-1,0
1150045,20,49,-1,-1,7
1151655,0,26,-1,-1,2
1145382,7,7,-1,-1,1
1152418,10,52,-1,-1,1
1149205,15,21,-1,-1,3
1152840,18,36,-1,-1,3
1149626,26,45,-1,-1,1
1147813,55,9,-1,-1,7
1152516,7,15,-1,-1,6
1151600,49,41,-1,-1,2
1152201,12,1,-1,-1,3
1149089,7,57,-1,-1,0
1146391,37,3,-1,-1,5
1151875,54,44,-1,-1,1
1149411,3,17,-1,-1,7
1146039,15,31,-1,-1,2
1150260,57,26,-1,-1,3
1152766,40,43,-1,-1,2
1150398,31,19,-1,-1,4
1152720,1,47,-1,-1,4
1151784,55,28,-1,-1,3
1150774,60,54,-1,-1,2
1149648,59,37,-1,-1,5
1151815,41,6,-1,-1,4
1152604,37,41,-1,-1,2
1152749,13,25,-1,-1,4
1144616,33,41,-1,-1,3
1152489,38,18,-1,-1,4
1144774,33,9,-1,-1,6
1151360,56,21,-1,-1,1
1152612,9,24,-1,-1,5
1152705,58,47,-1,-1,4
1145192,60,49,-1,-1,0
1150368,34,1,-1,-1,6
1146840,26,3,-1,-1,0
1149676,33,2,-1,-1,5
1152188,5,0,-1,-1,6
1150112,10,29,-1,-1,4
1144993,21,35,-1,-1,3
1151501,59,16,-1,-1,4
1152037,17,35,-1,-1,7
1149595,37,14,-1,-1,5
1152232,6,34,-1,-1,7
1132639,48,57,-1,-1,7
1152101,36,60,-1,-1,5
1147427,18,22,-1,-1,4
1149441,16,51,-1,-1,2
1149133,32,14,-1,-1,2
1147234,49,11,-1,-1,3
1150904,19,45,-1,-1,4
1151985,0,13,-1,-1,7
1140711,44,27,-1,-1,2
1149747,21,34,-1,-1,0
1149876,14,11,-1,-1,0
1145687,26,13,-1,-1,5
1146126,43,9,-1,-1,2
1151407,12,20,-1,-1,6
1150496,24,31,-1,-1,5
1152170,0,42,-1,-1,3
1148112,5,45,-1,-1,3
1148837,42,1,-1,-1,7
1152171,11,3,-1,-1,1
1146398,18,12,-1,-1,4
1148802,14,27,-1,-1,7
1149629,2,48,-1,-1,1
1142085,27,8,-1,-1,7
1142499,52,34,-1,-1,4
1147613,26,53,-1,-1,5
1148151,50,36,-1,-1,5
1150963,30,16,-1,-1,4
1150966,50,30,-1,-1,3
1146621,13,60,-1,-1,2
1151121,49,14,-1,-1,3
1150226,22,14,-1,-1,4
1151432,2,2,-1,-1,0
1151897,45,2,-1,-1,2
1151846,43,41,-1,-1,0
1151585,40,12,-1,-1,1
1152614,48,8,-1,-1,7
1152326,40,10,-1,-1,7
1149104,12,8,-1,-1,5
1152223,52,33,-1,-1,6
1149594,40,28,-1,-1,5
1151444,52,49,-1,-1,0
1152440,14,52,-1,-1,2
1152068,23,29,-1,-1,6
1150189,18,31,-1,-1,2
1150753,6,41,-1,-1,7
1150114,1,37,-1,-1,2
1151236,29,23,-1,-1,5
1152446,36,25,-1,-1,0
1146600,7,6,-1,-1,5
1151656,44,44,-1,-1,1
1151962,52,18,-1,-1,0
1151063,57,54,-1,-1,1
1148345,46,23,-1,-1,2
1143181,19,26,-1,-1,6
1145464,1,9,-1,-1,3
1145533,27,30,-1,-1,2
1152687,48,51,-1,-1,2
1151971,39,58,-1,-1,6
1150786,19,4,-1,-1,0
1149220,15,44,-1,-1,5
1147281,50,40,-1,-1,3
1146799,46,52,-1,-1,0
1151288,10,11,-1,-1,1
1148409,28,29,-1,-1,4
1151906,28,34,-1,-1,3
1151215,3,29,-1,-1,4
1150893,33,18,-1,-1,6
1150282,18,17,-1,-1,6
1151277,14,47,-1,-1,3
1152185,58,11,-1,-1,1
1145678,9,59,-1,-1,7
1152706,20,9,-1,-1,3
1148471,8,6,-1,-1,5
1151406,12,16,-1,-1,7
1151997,38,3,-1,-1,3
1150102,30,43,-1,-1,4
1148175,16,49,-1,-1,4
1151702,25,59,-1,-1,0
1148205,57,14,-1,-1,7
1148165,50,27,-1,-1,3
1144870,16,12,-1,-1,4
1146597,56,47,-1,-1,0
1145624,1,33,-1,-1,6
1152499,26,52,-1,-1,3
1151544,57,12,-1,-1,0
1150527,4,25,-1,-1,4
1146752,23,19,-1,-1,1
1150069,13,3,-1,-1,0
1152768,37,38,-1,-1,1
1148121,14,3,-1,-1,4
1146654,2,31,-1,-1,3
1151851,24,16,-1,-1,4
1148117,61,57,-1,-1,5
1151408,12,37,-1,-1,3
1150566,38,60,-1,-1,5
1148080,2,38,-1,-1,4
1150266,3,23,-1,-1,2
1152804,38,58,-1,-1,0
1149552,52,45,-1,-1,5
1152162,48,36,-1,-1,0
1151242,11,58,-1,-1,1
1145616,7,12,-1,-1,1
1143927,13,22,-1,-1,5
1151380,59,50,-1,-1,0
1151429,61,59,-1,-1,4
1151748,7,30,-1,-1,1
1149714,34,61,-1,-1,2
1144536,8,50,-1,-1,3
1151836,47,57,-1,-1,5
1147941,8,25,-1,-1,3
1150990,35,23,-1,-1,6
1144291,54,57,-1,-1,5
1147852,36,5,-1,-1,1
1150553,21,25,-1,-1,0
1146115,25,50,-1,-1,5
1151434,15,57,-1,-1,0
1151693,54,16,-1,-1,5
1152197,35,49,-1,-1,7
1149397,3,60,-1,-1,0
1150367,3,25,-1,-1,0
1146337,54,45,-1,-1,5
1151172,61,55,-1,-1,2
1147675,19,48,-1,-1,5
1152204,14,54,-1,-1,1
1146906,50,31,-1,-1,2
1149707,52,47,-1,-1,5
1149505,60,1,-1,-1,0
1152378,26,24,-1,-1,3
1148394,55,12,-1,-1,0
1150513,23,11,-1,-1,7
1150179,44,57,-1,-1,2
1149751,10,8,-1,-1,4
1150729,61,27,-1,-1,2
1150236,56,24,-1,-1,1
1147703,5,29,-1,-1,0
1142299,24,58,-1,-1,3
1145955,50,3,-1,-1,5
1150216,55,15,-1,-1,7
1150877,42,52,-1,-1,4
1148952,10,38,-1,-1,0
1149243,55,22,-1,-1,7
1151617,61,37,-1,-1,4
1146795,13,55,-1,-1,5
1151146,49,9,-1,-1,7
1150467,11,52,-1,-1,1
1150996,20,30,-1,-1,7
1152820,1,52,-1,-1,6
1147559,6,17,-1,-1,4
1151350,4,1,-1,-1,6
1152160,18,53,-1,-1,5
1151495,40,48,-1,-1,4
1148513,8,26,-1,-1,1
1146801,51,58,-1,-1,6
1148333,29,42,-1,-1,6
1149365,20,10,-1,-1,3
1149390,59,47,-1,-1,4
1151740,41,39,-1,-1,7
1146235,17,52,-1,-1,6
1151881,10,50,-1,-1,4
1151579,29,17,-1,-1,7
1150362,9,2,-1,-1,6
1151685,17,11,-1,-1,3
1151169,55,42,-1,-1,2
1151270,34,36,-1,-1,7
1151528,24,59,-1,-1,7
1148558,32,12,-1,-1,7
1152756,24,47,-1,-1,3
1151749,11,47,-1,-1,2
1147199,23,20,-1,-1,4
1150213,28,40,-1,-1,5
1143643,51,28,-1,-1,3
1152416,57,57,-1,-1,1
1151967,38,34,-1,-1,1
1148659,0,40,-1,-1,0
1150358,50,29,-1,-1,5
1148814,27,2,-1,-1,5
1149781,44,26,-1,-1,5
1149677,51,42,-1,-1,5
1151927,57,44,-1,-1,3
1150837,35,55,-1,-1,7
1149705,10,44,-1,-1,2
1148761,32,5,-1,-1,2
1141897,35,35,-1,-1,1
1150297,21,42,-1,-1,4
1134125,10,10,-1,-1,6
1149998,36,16,-1,-1,1
1150881,8,17,-1,-1,0
1141115,49,39,-1,-1,4
1145999,13,28,-1,-1,0
1149549,60,41,-1,-1,4
1146172,27,61,-1,-1,6
1147439,22,11,-1,-1,2
1152472,7,58,-1,-1,2
1151964,14,31,-1,-1,7
1147027,24,55,-1,-1,4
1151116,12,43,-1,-1,2
1151649,51,39,-1,-1,6
1150370,39,15,-1,-1,7
1142816,46,18,-1,-1,3
1149808,30,7,-1,-1,7
1150954,9,26,-1,-1,6
1146372,47,41,-1,-1,6
1149528,44,19,-1,-1,0
1141488,23,40,-1,-1,3
1149844,28,61,-1,-1,7
1152857,10,19,-1,-1,5
1150516,38,31,-1,-1,3
1150405,61,50,-1,-1,5
1151361,48,48,-1,-1,1
1150660,57,3,-1,-1,5
1152289,51,25,-1,-1,7
1133518,20,59,-1,-1,0
1147065,48,40,-1,-1,3
1150630,60,29,-1,-1,6
1151424,2,54,-1,-1,3
1149657,14,39,-1,-1,2
1150352,19,16,-1,-1,4
1150581,58,60,-1,-1,6
1152184,47,16,-1,-1,2
1150977,24,46,-1,-1,4
1150878,44,3,-1,-1,3
1151903,17,51,-1,-1,1
1152209,51,57,-1,-1,5
1152545,6,25,-1,-1,7
1149660,61,33,-1,-1,7
1150855,23,28,-1,-1,2
1146673,51,10,-1,-1,1
1150721,37,61,-1,-1,6
1152307,20,51,-1,-1,7
1152808,43,36,-1,-1,1
1151801,32,57,-1,-1,5
1147672,22,35,-1,-1,4
1151233,39,53,-1,-1,0
1147779,9,4,-1,-1,1
1151480,41,24,-1,-1,5
1152730,22,58,-1,-1,6
1147343,28,20,-1,-1,2
1152392,8,18,-1,-1,3
1147684,61,23,-1,-1,4
1152538,61,17,-1,-1,6
1149344,26,51,-1,-1,2
1142338,1,34,-1,-1,3
1150879,8,31,-1,-1,1
1140798,25,47,-1,-1,5
1146444,60,7,-1,-1,1
1145278,22,15,-1,-1,2
1150186,24,4,-1,-1,2
1150103,26,30,-1,-1,4
1148811,53,42,-1,-1,1
1151884,60,42,-1,-1,0
1147934,8,15,-1,-1,1
1152400,30,1,-1,-1,3
1148723,22,44,-1,-1,2
1152637,29,31,-1,-1,6
1151379,34,4,-1,-1,4
1143914,48,14,-1,-1,3
1150428,10,20,-1,-1,7
1148870,41,25,-1,-1,7
1147429,4,41,-1,-1,5
1142445,35,41,-1,-1,7
1149812,35,48,-1,-1,4
1150227,41,53,-1,-1,1
1151469,19,23,-1,-1,3
1152517,26,12,-1,-1,7
1144871,10,9,-1,-1,2
1150074,52,24,-1,-1,4
1148275,27,50,-1,-1,1
1152847,11,48,-1,-1,6
1152717,14,51,-1,-1,6
1151223,23,2,-1,-1,4
1152572,56,36,-1,-1,3
1144685,16,3,-1,-1,5
1147954,21,16,-1,-1,1
1151856,44,25,-1,-1,2
1146385,3,45,-1,-1,6
1151317,59,42,-1,-1,6
1150558,11,18,-1,-1,4
1150434,24,33,-1,-1,4
1152611,25,52,-1,-1,0
1152237,61,51,-1,-1,7
1143980,46,42,-1,-1,6
1145279,13,21,-1,-1,5
1150521,56,57,-1,-1,7
1145661,19,11,-1,-1,1
1150492,48,39,-1,-1,5
1150535,49,23,-1,-1,6
1147544,5,27,-1,-1,5
1150948,47,18,-1,-1,1
1151675,60,20,-1,-1,7
1152448,23,21,-1,-1,5
1151466,33,13,-1,-1,3
1151804,61,1,-1,-1,7
1152056,43,38,-1,-1,2
1151923,50,34,-1,-1,0
1151582,4,57,-1,-1,5
1152256,13,37,-1,-1,0
1150417,19,33,-1,-1,4
1151056,40,8,-1,-1,3
1141714,12,32,-1,-1,1
1151462,50,20,-1,-1,2
1139667,19,6,-1,-1,5
1148061,38,61,-1,-1,6
1150409,59,58,-1,-1,4
1152774,1,3,-1,-1,3
1152067,4,51,-1,-1,2
1150021,15,29,-1,-1,6
1148919,44,13,-1,-1,5
1146164,19,3,-1,-1,3
1152559,52,30,-1,-1,3
1149926,21,22,-1,-1,0
1149795,26,9,-1,-1,2
1150710,12,53,-1,-1,1
1152361,37,43,-1,-1,0
1150456,2,19,-1,-1,6
1148997,7,44,-1,-1,2
1148896,47,54,-1,-1,1
1142303,38,20,-1,-1,0
1151496,55,23,-1,-1,5
1152492,38,32,-1,-1,6
1147720,33,16,-1,-1,5
1152750,21,41,-1,-1,6
1131728,55,48,-1,-1,6
1150105,20,11,-1,-1,1
1151338,46,1,-1,-1,2
1150343,37,23,-1,-1,1
1151659,30,47,-1,-1,7
1152260,22,20,-1,-1,5
1151491,41,5,-1,-1,6
1137606,2,3,-1,-1,6
1150791,17,47,-1,-1,5
1152792,25,61,-1,-1,2
1150293,18,7,-1,-1,2
1149181,60,56,-1,-1,7
1152165,58,4,-1,-1,4
1145224,34,58,-1,-1,0
1149919,7,36,-1,-1,3
1147186,14,33,-1,-1,2
1143268,55,3,-1,-1,3
1144466,54,30,-1,-1,0
1150393,59,14,-1,-1,6
1152508,24,42,-1,-1,2
1145771,0,31,-1,-1,4
1144241,38,25,-1,-1,5
1147676,46,2,-1,-1,4
1148984,0,36,-1,-1,5
1142487,53,12,-1,-1,0
1147848,56,50,-1,-1,5
1149417,57,45,-1,-1,7
1147012,58,5,-1,-1,3
1151900,49,6,-1,-1,5
1150053,53,55,-1,-1,6
1152780,38,15,-1,-1,2
1152118,61,2,-1,-1,2
1132591,18,35,-1,-1,7
1151577,60,4,-1,-1,6
1151419,1,6,-1,-1,6
1152610,45,36,-1,-1,1
1152354,44,55,-1,-1,7
1147246,50,25,-1,-1,4
1151487,23,13,-1,-1,6
1149045,6,53,-1,-1,4
1150229,32,29,-1,-1,7
1141274,22,0,-1,-1,5
1146800,19,29,-1,-1,2
1152243,54,34,-1,-1,2
1151566,18,55,-1,-1,1
1150706,49,51,-1,-1,3
1152026,40,17,-1,-1,3
1146643,61,39,-1,-1,6
1149018,0,45,-1,-1,6
1150291,5,33,-1,-1,3
1148959,0,5,-1,-1,4
1151235,44,52,-1,-1,6
1152312,9,13,-1,-1,3
1152396,27,24,-1,-1,7
1149376,41,18,-1,-1,6
1151184,12,18,-1,-1,4
1152019,45,18,-1,-1,5
1148432,36,54,-1,-1,2
1151916,2,61,-1,-1,1
1152318,61,0,-1,-1,0
1151335,7,55,-1,-1,4
1146217,8,9,-1,-1,5
1145179,0,27,-1,-1,5
1151798,26,38,-1,-1,5
1150704,42,11,-1,-1,5
1143077,33,24,-1,-1,6
1149189,14,28,-1,-1,5
1147557,7,26,-1,-1,7
1151347,39,50,-1,-1,3
1144253,46,51,-1,-1,7
1145728,53,20,-1,-1,1
1146620,21,24,-1,-1,2
1142806,22,37,-1,-1,0
1147652,22,46,-1,-1,2
1152410,12,4,-1,-1,1
1148694,39,16,-1,-1,3
1151412,23,46,-1,-1,5
1150670,4,43,-1,-1,1
1148981,49,32,-1,-1,7
1142410,14,9,-1,-1,4
1147816,27,15,-1,-1,1
1152322,36,13,-1,-1,1
1150276,29,3,-1,-1,7
1147597,51,44,-1,-1,2
1150305,47,45,-1,-1,6
1151485,34,12,-1,-1,4
1152397,15,14,-1,-1,1
1146009,2,24,-1,-1,7
1149709,17,54,-1,-1,0
1149592,38,6,-1,-1,2
1151299,42,31,-1,-1,4
1149786,27,21,-1,-1,7
1152196,16,57,-1,-1,4
1149818,48,7,-1,-1,7
1152432,11,13,-1,-1,1
1148739,7,43,-1,-1,3
1141783,46,44,-1,-1,1
1150113,44,36,-1,-1,2
1151670,41,17,-1,-1,5
1152412,15,2,-1,-1,6
1150268,46,61,-1,-1,4
1151889,43,14,-1,-1,0
1150471,5,12,-1,-1,1
1150121,19,43,-1,-1,1
1151113,51,43,-1,-1,2
1151837,41,15,-1,-1,3
1149321,7,50,-1,-1,2
1149630,48,34,-1,-1,7
1147177,37,15,-1,-1,2
1149436,13,56,-1,-1,2
1149391,17,49,-1,-1,1
1152433,51,51,-1,-1,6
1152262,16,60,-1,-1,5
1148106,1,51,-1,-1,3
1151503,43,5,-1,-1,1
1151650,10,22,-1,-1,3
1151750,50,47,-1,-1,7
1146688,57,51,-1,-1,7
1151207,58,18,-1,-1,4
1149911,16,9,-1,-1,0
1152591,13,30,-1,-1,1
1152519,0,23,-1,-1,6
1152457,54,40,-1,-1,6
1145784,46,49,-1,-1,7
1151908,55,33,-1,-1,5
1152569,10,43,-1,-1,3
1152495,47,34,-1,-1,3
1152061,13,41,-1,-1,0
1151391,13,19,-1,-1,4
1150776,42,2,-1,-1,2
1151203,58,46,-1,-1,5
1149124,46,33,-1,-1,3
1151904,24,27,-1,-1,6
1150884,14,26,-1,-1,3
1151509,0,4,-1,-1,4
1151263,60,2,-1,-1,4
1152471,20,39,-1,-1,4
1144547,17,18,-1,-1,4
1152654,55,18,-1,-1,0
1148195,20,37,-1,-1,4
1149601,51,60,-1,-1,6
1150976,50,5,-1,-1,4
1152350,61,43,-1,-1,4
1152853,11,53,-1,-1,2
1150205,10,30,-1,-1,1
1150859,36,43,-1,-1,4
1152298,28,22,-1,-1,6
1151843,9,12,-1,-1,2
1152641,5,26,-1,-1,4
1152721,18,39,-1,-1,2
1151460,22,27,-1,-1,7
1148269,6,0,-1,-1,5
1149202,35,10,-1,-1,7
1149216,6,10,-1,-1,5
1151398,1,1,-1,-1,0
1150722,32,60,-1,-1,0
1151704,10,61,-1,-1,4
1151141,51,38,-1,-1,1
1149440,34,45,-1,-1,7
1149516,57,8,-1,-1,1
1151148,23,61,-1,-1,2
1152833,42,34,-1,-1,6
1151498,6,51,-1,-1,5
1140733,51,20,-1,-1,3
1150263,41,51,-1,-1,5
1152821,51,11,-1,-1,0
1150222,54,33,-1,-1,6
1151694,21,50,-1,-1,6
1144224,28,45,-1,-1,4
1148074,35,3,-1,-1,0
1152722,25,22,-1,-1,1
1146573,11,10,-1,-1,6
1151917,5,40,-1,-1,5
1148556,45,32,-1,-1,0
1151977,7,27,-1,-1,4
1149852,27,12,-1,-1,6
1152277,43,31,-1,-1,7
1151800,57,47,-1,-1,5
1152490,35,18,-1,-1,2
1148809,34,6,-1,-1,0
1151219,54,43,-1,-1,7
1144212,16,5,-1,-1,1
1152437,45,4,-1,-1,1
1152574,42,37,-1,-1,1
1144912,59,51,-1,-1,2
1141808,35,53,-1,-1,6
1152366,39,18,-1,-1,3
1145654,60,35,-1,-1,2
1151814,29,46,-1,-1,7
1143586,46,39,-1,-1,6
1149640,35,54,-1,-1,1
1150805,56,25,-1,-1,5
1151449,42,27,-1,-1,5
1148727,8,21,-1,-1,7
1152693,30,22,-1,-1,1
1151808,57,27,-1,-1,1
1144324,35,15,-1,-1,7
1151330,46,59,-1,-1,5
1147955,57,37,-1,-1,0
1150144,51,32,-1,-1,3
1148501,33,20,-1,-1,4
1144927,25,39,-1,-1,7
1151371,34,44,-1,-1,3
1146814,36,34,-1,-1,4
1150388,21,29,-1,-1,3
1151322,16,32,-1,-1,6
1151206,10,33,-1,-1,6
1150919,39,13,-1,-1,6
1145295,2,58,-1,-1,5
1149955,1,48,-1,-1,0
1149049,25,33,-1,-1,6
1147626,22,7,-1,-1,2
1151106,0,18,-1,-1,5
1147444,16,40,-1,-1,7
1152078,24,26,-1,-1,1
1151709,2,50,-1,-1,6
1152014,22,36,-1,-1,4
1144249,9,17,-1,-1,5
1147046,27,59,-1,-1,6
1146770,23,51,-1,-1,3
1144147,35,36,-1,-1,1
1152242,34,15,-1,-1,7
1149822,36,7,-1,-1,7
1144003,37,46,-1,-1,1
1150658,13,17,-1,-1,0
1142342,23,34,-1,-1,0
1150937,29,12,-1,-1,4
1145850,7,9,-1,-1,0
1151556,8,42,-1,-1,2
1147002,30,34,-1,-1,3
1151031,18,28,-1,-1,4
1137863,55,1,-1,-1,7
1151825,36,44,-1,-1,6
1151089,40,31,-1,-1,4
1152602,30,38,-1,-1,6
1151166,12,24,-1,-1,1
1151921,31,54,-1,-1,4
1149113,3,1,-1,-1,5
1145833,30,17,-1,-1,4
1152132,27,28,-1,-1,5
1147936,37,40,-1,-1,3
1147198,1,60,-1,-1,1
1152310,20,16,-1,-1,3
1145588,2,29,-1,-1,1
1148835,46,46,-1,-1,4
1150485,48,37,-1,-1,5
1146689,45,10,-1,-1,3
1145984,3,34,-1,-1,1
1152527,8,3,-1,-1,3
1148885,28,7,-1,-1,5
1151958,35,34,-1,-1,6
1142026,41,38,-1,-1,6
1149149,43,23,-1,-1,2
1148307,15,11,-1,-1,5
1148754,31,47,-1,-1,0
1146815,48,30,-1,-1,4
1146528,61,18,-1,-1,2
1148000,25,37,-1,-1,4
1150167,42,25,-1,-1,1
1143596,22,12,-1,-1,6
1145572,1,41,-1,-1,5
1133751,5,51,-1,-1,7
1150498,48,61,-1,-1,3
1151160,55,61,-1,-1,2
1150407,53,26,-1,-1,0
1150801,58,50,-1,-1,4
1145350,53,25,-1,-1,6
1150130,21,2,-1,-1,4
1152121,48,29,-1,-1,6
1150913,58,52,-1,-1,2
1145933,58,53,-1,-1,1
1152510,20,3,-1,-1,7
1147114,43,60,-1,-1,7
1142383,50,50,-1,-1,3
1152034,44,61,-1,-1,5
1152488,16,45,-1,-1,4
1152426,11,22,-1,-1,5
1152702,54,27,-1,-1,7
1152596,13,46,-1,-1,7
1147504,24,20,-1,-1,5
1148858,17,40,-1,-1,1
1147713,37,56,-1,-1,1
1137639,12,60,-1,-1,6
1148738,29,50,-1,-1,1
1152125,44,17,-1,-1,4
1150962,54,28,-1,-1,2
1152216,40,41,-1,-1,0
1152348,3,6,-1,-1,2
1151199,19,1,-1,-1,3
1152415,10,18,-1,-1,6
1149992,54,39,-1,-1,5
1151792,39,12,-1,-1,3
1152594,2,25,-1,-1,2
1152662,46,19,-1,-1,6
1135292,25,30,-1,-1,0
1149970,39,57,-1,-1,7
1151527,52,61,-1,-1,0
1151999,19,7,-1,-1,1
1148601,8,47,-1,-1,2
1145425,21,10,-1,-1,5
1149394,3,58,-1,-1,5
1152288,43,48,-1,-1,2
1148804,21,13,-1,-1,1
1150624,44,31,-1,-1,0
1148830,24,22,-1,-1,0
1148650,11,15,-1,-1,1
1150520,45,35,-1,-1,1
1146081,61,47,-1,-1,2
1151186,28,1,-1,-1,3
1152062,47,0,-1,-1,0
1147999,26,0,-1,-1,2
1150777,29,37,-1,-1,7
1150100,27,38,-1,-1,3
1150890,1,57,-1,-1,5
1148427,37,58,-1,-1,2
1150504,28,4,-1,-1,5
1150115,53,56,-1,-1,4
1148759,28,38,-1,-1,2
1151291,18,9,-1,-1,7
1150551,5,2,-1,-1,3
1150914,56,27,-1,-1,6
1152535,7,51,-1,-1,2
1150745,0,50,-1,-1,3
1148225,1,15,-1,-1,6
1151806,30,54,-1,-1,1
1152773,7,24,-1,-1,2
1148224,57,53,-1,-1,1
1149329,34,11,-1,-1,4
1152653,20,21,-1,-1,7
1147901,53,45,-1,-1,3
1150489,51,27,-1,-1,6
1147846,32,28,-1,-1,7
1149840,28,8,-1,-1,7
1152684,14,5,-1,-1,1
1152218,11,54,-1,-1,2
1151374,48,31,-1,-1,7
1150537,14,46,-1,-1,7
1150830,38,53,-1,-1,4
1151137,15,15,-1,-1,3
1151355,47,55,-1,-1,3
1146939,44,34,-1,-1,1
1139132,33,37,-1,-1,4
1148834,22,3,-1,-1,7
1151081,37,52,-1,-1,0
1143598,40,24,-1,-1,0
1150196,46,56,-1,-1,6
1151926,16,41,-1,-1,0
1144201,41,16,-1,-1,5
1133453,55,50,-1,-1,7
1147241,21,54,-1,-1,2
1152436,61,44,-1,-1,2
1150613,16,22,-1,-1,3
1152154,4,16,-1,-1,2
1150452,47,53,-1,-1,6
1150215,2,4,-1,-1,1
1150076,39,1,-1,-1,4
1148614,28,59,-1,-1,2
1146423,35,45,-1,-1,5
1149931,42,23,-1,-1,1
1149732,49,42,-1,-1,2
1152826,28,47,-1,-1,3
1149717,20,6,-1,-1,7
1145600,53,5,-1,-1,1
1147094,9,50,-1,-1,2
1151809,18,15,-1,-1,0
1151524,59,39,-1,-1,2
1137367,40,19,-1,-1,0
1151536,12,25,-1,-1,7
1149978,4,28,-1,-1,5
1140674,50,13,-1,-1,3
1150203,50,44,-1,-1,3
1151109,25,4,-1,-1,2
1152852,49,13,-1,-1,6
1152566,2,36,-1,-1,5
1148850,60,57,-1,-1,0
1151863,7,33,-1,-1,1
1150593,31,22,-1,-1,3
1150906,24,3,-1,-1,1
1143428,51,49,-1,-1,7
1146297,33,59,-1,-1,3
1140692,30,60,-1,-1,3
1150718,19,59,-1,-1,1
1150635,4,53,-1,-1,6
1152224,46,38,-1,-1,0
1152633,27,5,-1,-1,1
1151550,33,17,-1,-1,1
1150823,27,32,-1,-1,2
1149575,18,50,-1,-1,0
1152475,20,50,-1,-1,7
1152770,47,46,-1,-1,0
1152631,49,7,-1,-1,4
1150287,47,42,-1,-1,4
1149286,40,30,-1,-1,0
1152258,57,4,-1,-1,1
1148991,30,29,-1,-1,3
1149452,45,6,-1,-1,3
1146326,46,28,-1,-1,4
1143479,37,1,-1,-1,1
1146492,43,45,-1,-1,4
1146901,16,30,-1,-1,6
1151542,55,49,-1,-1,7
1149904,27,37,-1,-1,2
1149579,6,15,-1,-1,5
1152825,31,26,-1,-1,1
1148884,29,30,-1,-1,1
1150602,24,51,-1,-1,5
1140512,37,4,-1,-1,6
1151123,5,47,-1,-1,6
1146268,49,17,-1,-1,6
1151386,32,34,-1,-1,4
1144523,24,9,-1,-1,3
1150739,58,16,-1,-1,0
1149338,33,45,-1,-1,1
1152119,2,39,-1,-1,2
1149555,33,31,-1,-1,4
1151599,56,46,-1,-1,1
1141843,11,20,-1,-1,2
1152738,53,18,-1,-1,2
1148972,4,52,-1,-1,4
1141780,18,38,-1,-1,4
1151605,46,8,-1,-1,7
1151481,7,41,-1,-1,1
1152748,51,33,-1,-1,0
1147950,57,22,-1,-1,4
1147507,9,51,-1,-1,5
1149238,7,11,-1,-1,5
1144990,13,35,-1,-1,4
1152634,47,29,-1,-1,1
1150638,25,51,-1,-1,7
1149064,39,36,-1,-1,7
1148571,35,22,-1,-1,1
1147601,60,15,-1,-1,2
1146721,57,18,-1,-1,2
1147262,12,52,-1,-1,6
1146802,10,58,-1,-1,2
1148376,39,54,-1,-1,7
1150594,48,43,-1,-1,4
1150060,53,1,-1,-1,3
1151759,57,32,-1,-1,3
1147889,58,61,-1,-1,1
1151699,49,33,-1,-1,4
1151508,6,3,-1,-1,0
1147859,31,50,-1,-1,2
1150949,21,6,-1,-1,1
1150390,48,38,-1,-1,4
1152578,54,10,-1,-1,2
1146100,44,6,-1,-1,0
1152676,52,32,-1,-1,6
1143013,16,20,-1,-1,3
1152651,54,2,-1,-1,7
1152696,55,25,-1,-1,1
1148641,13,18,-1,-1,6
1148177,30,13,-1,-1,6
1151303,12,14,-1,-1,7
1148886,10,32,-1,-1,2
1145432,22,26,-1,-1,6
1147487,25,21,-1,-1,2
1149195,46,54,-1,-1,5
1152755,1,43,-1,-1,2
1149277,45,14,-1,-1,3
1146387,3,8,-1,-1,5
1149096,9,39,-1,-1,0
1151428,6,45,-1,-1,1
1143842,56,61,-1,-1,5
1140851,18,57,-1,-1,2
1152539,11,30,-1,-1,7
1151735,14,21,-1,-1,0
1143745,37,16,-1,-1,3
1146049,39,32,-1,-1,7
1151378,33,29,-1,-1,1
1148822,4,46,-1,-1,4
1152234,21,55,-1,-1,4
1151281,31,46,-1,-1,4
1151006,18,24,-1,-1,4
1151316,27,34,-1,-1,0
1150617,8,0,-1,-1,4
1152486,60,45,-1,-1,7
1151304,9,42,-1,-1,5
1145456,46,3,-1,-1,4
1152156,29,53,-1,-1,5
1152135,27,31,-1,-1,5
1152301,32,40,-1,-1,7
1150970,45,37,-1,-1,6
1152533,15,5,-1,-1,4
1152028,34,20,-1,-1,1
1149418,49,56,-1,-1,7
1152359,17,9,-1,-1,6
1151899,61,4,-1,-1,5
1147875,58,59,-1,-1,6
1150965,23,22,-1,-1,4
1148253,23,35,-1,-1,7
1143803,41,0,-1,-1,3
1148963,9,28,-1,-1,6
1152485,26,8,-1,-1,4
1150017,36,4,-1,-1,3
1150057,11,45,-1,-1,3
1151560,18,10,-1,-1,1
1151689,19,25,-1,-1,5
1149649,37,18,-1,-1,7
1151307,25,35,-1,-1,4
1150748,31,11,-1,-1,3
1152395,57,0,-1,-1,5
1147939,9,23,-1,-1,3
1149826,21,60,-1,-1,6
1151778,20,33,-1,-1,1
1152745,26,2,-1,-1,7
1151535,21,30,-1,-1,5
1152613,20,57,-1,-1,7
1151225,48,16,-1,-1,4
1150755,43,44,-1,-1,3
1152167,16,37,-1,-1,2
1144091,41,47,-1,-1,5
1152206,14,37,-1,-1,3
1150994,31,13,-1,-1,3
1144713,58,20,-1,-1,6
1151764,44,9,-1,-1,4
1148367,42,24,-1,-1,4
1152178,4,45,-1,-1,1
1151914,46,58,-1,-1,5
1152799,60,27,-1,-1,3
1150935,38,8,-1,-1,2
1146817,9,16,-1,-1,4
1150574,57,60,-1,-1,0
1149309,41,40,-1,-1,3
1150350,32,24,-1,-1,5
1132899,1,5,-1,-1,2
1146990,51,5,-1,-1,3
1149292,2,56,-1,-1,0
1149062,41,48,-1,-1,5
1151512,13,10,-1,-1,5
1152336,42,41,-1,-1,4
1151652,25,14,-1,-1,0
1151403,39,11,-1,-1,0
1145304,32,42,-1,-1,5
1144980,59,56,-1,-1,6
1150345,41,21,-1,-1,4
1152423,54,8,-1,-1,6
1145538,31,39,-1,-1,6
1138644,20,24,-1,-1,6
1146113,18,42,-1,-1,6
1148282,7,23,-1,-1,5
1148563,27,3,-1,-1,2
1149858,52,57,-1,-1,7
1144437,6,6,-1,-1,5
1145513,6,19,-1,-1,1
1151894,4,5,-1,-1,3
1152341,35,17,-1,-1,1
1147689,8,20,-1,-1,2
1149434,11,56,-1,-1,4
1151870,33,34,-1,-1,3
1149824,28,54,-1,-1,3
1150956,12,48,-1,-1,4
1152470,7,49,-1,-1,6
1143644,39,45,-1,-1,4
1147548,15,42,-1,-1,6
1146410,7,20,-1,-1,6
1152671,33,0,-1,-1,4
1149439,31,40,-1,-1,4
1152115,30,19,-1,-1,5
1152187,49,1,-1,-1,5
1152537,31,24,-1,-1,6
1151003,26,16,-1,-1,0
1150030,27,52,-1,-1,6
1149593,59,6,-1,-1,7
1147925,3,28,-1,-1,5
1149608,2,55,-1,-1,6
1152365,2,49,-1,-1,2
1150192,21,36,-1,-1,0
1150024,4,27,-1,-1,3
1145841,40,32,-1,-1,7
1149455,45,34,-1,-1,6
1151345,58,0,-1,-1,7
1150824,57,19,-1,-1,1
1140839,39,2,-1,-1,6
1151238,9,41,-1,-1,2
1142659,9,30,-1,-1,5
1148594,0,17,-1,-1,0
1150450,6,40,-1,-1,4
1151797,20,15,-1,-1,4
1130187,6,31,-1,-1,1
1145744,55,31,-1,-1,6
1151327,23,26,-1,-1,1
1149342,45,59,-1,-1,5
1149059,34,46,-1,-1,2
1147221,30,33,-1,-1,7
1152355,14,40,-1,-1,1
1150397,42,26,-1,-1,2
1149215,39,34,-1,-1,6
1150426,9,55,-1,-1,5
1151367,12,39,-1,-1,6
1152229,38,14,-1,-1,6
1152363,9,44,-1,-1,2
1152235,2,1,-1,-1,1
1151858,59,36,-1,-1,4
1150085,31,31,-1,-1,5
1150380,2,43,-1,-1,6
1152020,17,21,-1,-1,3
1149437,8,10,-1,-1,2
1148891,36,26,-1,-1,7
1150124,42,42,-1,-1,7
1145944,39,10,-1,-1,2
1150465,13,27,-1,-1,1
1151061,23,48,-1,-1,3
1152085,11,6,-1,-1,0
1152402,5,49,-1,-1,7
1142167,54,5,-1,-1,3
1146712,47,26,-1,-1,2
1149345,41,61,-1,-1,6
1143698,29,10,-1,-1,6
1151791,46,34,-1,-1,6
1152815,23,53,-1,-1,7
1150313,19,55,-1,-1,7
1146872,28,41,-1,-1,0
1148514,6,18,-1,-1,1
1151576,1,55,-1,-1,5
1148917,10,41,-1,-1,5
1147220,47,7,-1,-1,3
1147877,19,31,-1,-1,7
1139437,31,36,-1,-1,4
1151570,24,38,-1,-1,0
1146034,5,1,-1,-1,1
1151333,34,29,-1,-1,7
1150817,23,45,-1,-1,1
1142573,44,39,-1,-1,3
1150202,9,18,-1,-1,2
1145246,48,46,-1,-1,3
1151829,48,23,-1,-1,1
1152254,56,55,-1,-1,4
1150864,9,15,-1,-1,6
1151165,57,28,-1,-1,2
1151259,4,30,-1,-1,5
1142877,24,45,-1,-1,6
1148714,0,58,-1,-1,5
1150705,16,10,-1,-1,2
1147849,6,39,-1,-1,6
1145822,60,58,-1,-1,7
1148934,59,43,-1,-1,0
1148050,25,10,-1,-1,4
1152377,26,48,-1,-1,4
1144932,55,56,-1,-1,3
1152420,17,36,-1,-1,2
1150477,34,19,-1,-1,3
1142536,26,56,-1,-1,2
1146277,32,25,-1,-1,3
1149635,48,50,-1,-1,4
1151819,28,27,-1,-1,7
1148673,17,24,-1,-1,6
1152658,51,48,-1,-1,5
1146771,10,7,-1,-1,6
1150995,54,17,-1,-1,6
1148699,53,17,-1,-1,7
1150889,36,12,-1,-1,1
1151099,4,7,-1,-1,5
1151737,36,53,-1,-1,3
1152465,50,60,-1,-1,6
1152220,40,36,-1,-1,2
1149702,9,22,-1,-1,0
1150663,19,41,-1,-1,5
1152435,20,34,-1,-1,4
1147738,37,5,-1,-1,1
1151295,10,24,-1,-1,4
1152250,35,47,-1,-1,6
1152337,37,9,-1,-1,3
1151682,30,14,-1,-1,2
1148434,1,21,-1,-1,4
1151738,3,9,-1,-1,3
1151382,46,32,-1,-1,0
1147232,17,53,-1,-1,6
1152012,47,28,-1,-1,7
1152189,10,13,-1,-1,1
1150806,13,50,-1,-1,1
1149021,57,61,-1,-1,4
1140739,44,42,-1,-1,7
1151337,52,12,-1,-1,7
1147639,33,27,-1,-1,2
1148097,18,44,-1,-1,0
1148687,36,11,-1,-1,2
1148357,36,6,-1,-1,3
1152689,50,49,-1,-1,2
1148940,26,4,-1,-1,4
1141685,27,42,-1,-1,0
1151070,0,10,-1,-1,1
1143906,34,21,-1,-1,0
1147753,37,17,-1,-1,1
1148533,20,61,-1,-1,6
1150666,32,45,-1,-1,7
1146938,49,52,-1,-1,3
1151168,4,61,-1,-1,2
1149764,52,27,-1,-1,0
1150392,7,42,-1,-1,3
1150642,7,46,-1,-1,5
1137939,58,33,-1,-1,4
1151401,26,26,-1,-1,1
1152352,52,60,-1,-1,2
1152625,50,46,-1,-1,1
1151907,12,6,-1,-1,3
1151776,3,12,-1,-1,1
1151515,8,30,-1,-1,3
1149460,12,11,-1,-1,2
1151275,31,49,-1,-1,1
1147968,20,29,-1,-1,1
1152595,22,16,-1,-1,3
1146776,24,41,-1,-1,5
1148119,10,4,-1,-1,7
1151265,8,46,-1,-1,3
1145103,51,45,-1,-1,2
1147741,30,39,-1,-1,2
1142464,34,50,-1,-1,2
1147314,40,0,-1,-1,6
1146809,5,14,-1,-1,0
1145345,3,7,-1,-1,4
1150218,34,27,-1,-1,1
1144111,5,34,-1,-1,2
1151197,51,23,-1,-1,6
1148148,12,31,-1,-1,6
1133028,34,51,-1,-1,5
1151879,4,35,-1,-1,5
1149082,38,38,-1,-1,3
1148914,3,20,-1,-1,7
1145373,9,11,-1,-1,5
1148157,8,19,-1,-1,7
1151221,6,7,-1,-1,0
1152276,61,49,-1,-1,6
1150241,57,24,-1,-1,2
1150932,4,12,-1,-1,7
1151474,8,1,-1,-1,4
1146459,11,23,-1,-1,2
1143114,32,10,-1,-1,1
1147210,49,20,-1,-1,7
1149894,49,60,-1,-1,1
1149829,15,38,-1,-1,2
1140597,35,0,-1,-1,2
1148288,52,35,-1,-1,1
1145690,59,60,-1,-1,7
1149806,52,15,-1,-1,3
1147607,53,14,-1,-1,2
1149930,2,26,-1,-1,7
1148460,34,16,-1,-1,0
1150506,20,54,-1,-1,0
1147576,17,15,-1,-1,4
1150851,25,45,-1,-1,0
1148017,24,32,-1,-1,7
1151176,30,9,-1,-1,2
1149379,11,11,-1,-1,2
1152678,2,32,-1,-1,4
1145053,50,8,-1,-1,4
1140965,28,10,-1,-1,3
1149728,21,31,-1,-1,4
1152406,13,42,-1,-1,3
1148143,42,30,-1,-1,0
1151939,15,51,-1,-1,5
1150561,33,25,-1,-1,6
1152557,53,10,-1,-1,1
1145997,51,12,-1,-1,1
1144587,54,22,-1,-1,2
1145454,23,32,-1,-1,0
1152383,21,33,-1,-1,5
1145418,40,2,-1,-1,2
1150195,5,4,-1,-1,6
1151298,11,40,-1,-1,7
1148660,40,35,-1,-1,4
1152500,23,8,-1,-1,7
1147540,8,37,-1,-1,7
1151351,35,25,-1,-1,3
1151473,60,55,-1,-1,6
1151029,1,39,-1,-1,5
1152186,18,58,-1,-1,2
1149578,12,13,-1,-1,5
1147496,52,51,-1,-1,2
1149508,28,26,-1,-1,3
1149289,59,11,-1,-1,6
1150136,37,24,-1,-1,4
1145660,26,28,-1,-1,1
1140114,15,22,-1,-1,7
1152665,19,34,-1,-1,0
1150677,52,1,-1,-1,1
1152394,13,4,-1,-1,2
1151832,12,41,-1,-1,6
1149899,23,6,-1,-1,5
1150730,25,23,-1,-1,0
1144029,18,27,-1,-1,7
1146676,12,17,-1,-1,3
1141140,32,26,-1,-1,3
1152060,17,45,-1,-1,6
1150822,12,44,-1,-1,2
1150896,42,38,-1,-1,7
1146503,46,30,-1,-1,3
1151136,35,59,-1,-1,1
1146830,3,31,-1,-1,3
1139821,36,15,-1,-1,2
1144352,14,45,-1,-1,3
1146476,16,26,-1,-1,5
1133729,38,47,-1,-1,3
1152369,30,0,-1,-1,5
1151305,24,1,-1,-1,0
1144813,7,54,-1,-1,3
1148098,11,27,-1,-1,0
1150672,38,37,-1,-1,6
1150320,7,19,-1,-1,3
1152751,15,32,-1,-1,3
1143335,7,31,-1,-1,5
1152608,43,46,-1,-1,6
1150728,55,38,-1,-1,3
1150654,40,53,-1,-1,5
1149927,59,5,-1,-1,1
1146216,27,1,-1,-1,2
1150790,28,14,-1,-1,2
1151663,16,55,-1,-1,3
1140890,49,12,-1,-1,1
1152150,33,8,-1,-1,1
1149790,23,0,-1,-1,0
1132793,24,44,-1,-1,5
1146119,51,22,-1,-1,1
1150131,42,29,-1,-1,0
1150634,1,23,-1,-1,7
1138916,5,56,-1,-1,1
1147678,22,50,-1,-1,5
1143763,18,2,-1,-1,3
1150294,38,21,-1,-1,5
1151890,61,6,-1,-1,0
1147731,4,38,-1,-1,6
1152255,28,18,-1,-1,4
1148132,18,5,-1,-1,6
1152834,50,26,-1,-1,7
1152199,31,60,-1,-1,6
1146282,53,7,-1,-1,0
1144814,32,31,-1,-1,6
1152675,22,34,-1,-1,5
1152096,45,50,-1,-1,2
1152605,3,19,-1,-1,6
1151966,2,59,-1,-1,0
1146396,52,23,-1,-1,7
1152513,46,15,-1,-1,1
1146702,2,9,-1,-1,7
1149999,46,50,-1,-1,0
1152238,9,57,-1,-1,0
1148805,47,15,-1,-1,3
1152668,13,53,-1,-1,0
1150848,13,58,-1,-1,6
1141707,51,3,-1,-1,7
1147752,60,23,-1,-1,4
1149312,23,39,-1,-1,5
1151415,6,35,-1,-1,6
1151088,9,32,-1,-1,5
1152283,17,3,-1,-1,3
1149347,1,27,-1,-1,0
1146932,2,11,-1,-1,6
1146857,23,17,-1,-1,4
1149167,57,36,-1,-1,3
1150673,6,1,-1,-1,6
1148905,13,20,-1,-1,5
1148440,58,15,-1,-1,1
1151972,58,10,-1,-1,7
1148626,19,61,-1,-1,7
1150235,41,4,-1,-1,7
1149487,7,28,-1,-1,6
1149634,60,50,-1,-1,0
1150508,8,5,-1,-1,0
1150575,51,1,-1,-1,4
1149568,10,21,-1,-1,4
1147034,36,47,-1,-1,4
1145091,16,8,-1,-1,5
1147943,13,2,-1,-1,7
1150740,14,53,-1,-1,1
1146888,58,12,-1,-1,7
1149651,29,56,-1,-1,1
1152314,58,45,-1,-1,3
1139026,49,21,-1,-1,5
1148247,45,27,-1,-1,7
1149961,49,48,-1,-1,3
1145188,3,4,-1,-1,3
1152747,10,54,-1,-1,1
1145745,38,12,-1,-1,5
1147342,36,57,-1,-1,1
1146401,58,19,-1,-1,2
1150151,35,7,-1,-1,3
1149473,45,25,-1,-1,4
1144673,60,5,-1,-1,1
1151017,31,4,-1,-1,3
1146821,3,59,-1,-1,7
1137083,36,21,-1,-1,7
1152550,21,38,-1,-1,6
1150931,33,21,-1,-1,6
1150874,56,20,-1,-1,5
1149965,37,8,-1,-1,5
1152520,40,21,-1,-1,1
1145942,31,20,-1,-1,2
1151646,1,54,-1,-1,6
1152149,5,20,-1,-1,2
1139701,29,27,-1,-1,5
1150769,60,43,-1,-1,2
1151243,60,40,-1,-1,6
1152449,50,53,-1,-1,4
1152554,45,46,-1,-1,5
1145548,12,26,-1,-1,7
1148420,31,43,-1,-1,4
1149906,34,48,-1,-1,0
1151214,46,10,-1,-1,4
1151072,36,38,-1,-1,0
1150803,19,44,-1,-1,7
1152261,47,38,-1,-1,0
1149105,56,45,-1,-1,6
1145165,56,58,-1,-1,2
1147735,7,4,-1,-1,5
1147441,13,47,-1,-1,6
1150164,32,9,-1,-1,0
1149589,32,41,-1,-1,4
1149491,26,32,-1,-1,4
1147076,45,55,-1,-1,0
1152618,22,41,-1,-1,4
1149599,50,32,-1,-1,3
1150967,30,49,-1,-1,5
1152814,55,54,-1,-1,6
1150387,36,23,-1,-1,0
1152701,39,42,-1,-1,5
1151812,4,10,-1,-1,6
1152072,14,34,-1,-1,5
1141374,47,35,-1,-1,5
1152342,53,40,-1,-1,1
1152092,21,0,-1,-1,3
1144743,9,40,-1,-1,2
1151811,17,16,-1,-1,4
1152212,53,33,-1,-1,5
1151323,12,33,-1,-1,6
1150694,19,0,-1,-1,1
1150269,0,39,-1,-1,3
1151073,56,44,-1,-1,2
1144190,2,16,-1,-1,1
1148338,59,32,-1,-1,4
1147926,26,18,-1,-1,4
1147705,52,56,-1,-1,3
1149472,47,23,-1,-1,5
1152144,38,16,-1,-1,3
1152694,57,29,-1,-1,7
1149116,50,6,-1,-1,6
1151552,55,55,-1,-1,0
1150983,16,35,-1,-1,1
1151729,11,43,-1,-1,3
1133125,56,26,-1,-1,7
1152356,35,13,-1,-1,3
1152581,33,48,-1,-1,5
1152584,29,18,-1,-1,4
1152097,19,18,-1,-1,2
1150481,5,35,-1,-1,5
1150737,0,35,-1,-1,6
1151996,45,8,-1,-1,1
1147935,49,30,-1,-1,7
1151005,41,34,-1,-1,6
1151596,5,50,-1,-1,2
1149075,9,43,-1,-1,3
1151546,18,13,-1,-1,3
1149758,25,13,-1,-1,5
1148475,1,31,-1,-1,5
1151755,10,39,-1,-1,4
1150538,19,52,-1,-1,1
1152531,14,1,-1,-1,7
1142790,7,59,-1,-1,5
1151638,7,2,-1,-1,4
1151537,32,6,-1,-1,3
1138828,8,51,-1,-1,4
1146596,7,29,-1,-1,2
1151733,39,27,-1,-1,1
1150106,20,8,-1,-1,5
1143258,22,42,-1,-1,4
1152764,2,33,-1,-1,3
1149582,27,26,-1,-1,3
1151237,38,17,-1,-1,1
1152058,47,17,-1,-1,3
1147385,14,10,-1,-1,0
1149623,36,48,-1,-1,4
1151919,48,21,-1,-1,1
1152183,4,49,-1,-1,1
1151229,41,46,-1,-1,4
1144999,60,36,-1,-1,4
1150897,44,54,-1,-1,0
1151739,7,3,-1,-1,2
1145860,15,0,-1,-1,2
1148055,38,52,-1,-1,6
1152688,38,23,-1,-1,7
1148743,7,34,-1,-1,1
1152597,0,30,-1,-1,0
1147561,61,36,-1,-1,2
1142654,55,10,-1,-1,2
1146778,41,2,-1,-1,0
1149597,44,43,-1,-1,0
1151102,40,9,-1,-1,4
1151929,45,15,-1,-1,3
1149117,24,25,-1,-1,1
1152561,52,38,-1,-1,1
1140773,38,46,-1,-1,5
1152577,55,11,-1,-1,4
1150197,47,11,-1,-1,4
1147641,58,24,-1,-1,6
1151188,1,59,-1,-1,0
1152384,43,57,-1,-1,0
1152783,46,24,-1,-1,7
1152719,46,48,-1,-1,5
1147786,17,20,-1,-1,7
1147933,46,57,-1,-1,3
1135964,11,26,-1,-1,4
1150580,3,52,-1,-1,0
1144632,18,18,-1,-1,0
1150738,37,21,-1,-1,6
1147989,35,60,-1,-1,3
1145925,49,25,-1,-1,0
1151446,50,38,-1,-1,5
1152330,24,37,-1,-1,2
1152102,53,22,-1,-1,1
1151000,39,35,-1,-1,2
1150986,38,10,-1,-1,0
1148442,44,11,-1,-1,0
1151525,42,40,-1,-1,6
1147451,10,60,-1,-1,0
1152695,1,28,-1,-1,6
1151790,53,16,-1,-1,2
1150842,47,5,-1,-1,7
1151824,59,23,-1,-1,6
1152854,27,47,-1,-1,0
1152523,5,37,-1,-1,5
1150068,23,41,-1,-1,0
1147865,49,35,-1,-1,3
1150267,0,25,-1,-1,7
1151517,49,18,-1,-1,1
1147336,33,7,-1,-1,5
1148036,19,42,-1,-1,7
1151905,10,1,-1,-1,2
1150952,28,42,-1,-1,6
1152511,46,45,-1,-1,6
1151232,39,33,-1,-1,4
1151782,15,33,-1,-1,7
1143410,24,10,-1,-1,0
1146096,11,51,-1,-1,1
1152456,45,57,-1,-1,4
1151692,16,54,-1,-1,1
1136689,32,48,-1,-1,2
1149374,44,10,-1,-1,5
1151731,42,17,-1,-1,7
1152271,0,2,-1,-1,2
1150415,48,58,-1,-1,0
1150978,42,53,-1,-1,4
1151453,15,45,-1,-1,6
1151409,17,43,-1,-1,0
1152731,24,39,-1,-1,4
1149689,20,31,-1,-1,4
1146925,19,8,-1,-1,5
1144177,4,9,-1,-1,2
1151194,40,11,-1,-1,6
1149788,50,24,-1,-1,4
1141268,30,37,-1,-1,0
1150025,58,43,-1,-1,3
1148134,0,52,-1,-1,3
1147201,38,44,-1,-1,1
1142535,10,23,-1,-1,5
1137178,14,58,-1,-1,5
1148261,36,42,-1,-1,0
1152263,52,14,-1,-1,4
1151982,39,7,-1,-1,7
1151845,43,59,-1,-1,7
1142047,13,43,-1,-1,6
1151581,50,52,-1,-1,6
1150758,6,36,-1,-1,7
1151038,59,9,-1,-1,7
1149212,53,23,-1,-1,0
1152657,42,22,-1,-1,7
1150611,41,10,-1,-1,5
1150012,61,45,-1,-1,0
1144199,32,4,-1,-1,7
1150834,27,57,-1,-1,3
1151949,45,12,-1,-1,2
1147213,13,11,-1,-1,6
1150628,4,29,-1,-1,4
1152143,8,27,-1,-1,2
1146082,16,23,-1,-1,0
1151664,25,32,-1,-1,4
1144026,56,38,-1,-1,6
1152371,52,58,-1,-1,0
1150571,0,34,-1,-1,0
1151127,9,8,-1,-1,7
1151062,52,19,-1,-1,2
1152094,1,26,-1,-1,2
1151948,1,56,-1,-1,1
1147519,42,60,-1,-1,3
1149056,32,54,-1,-1,0
1150519,38,49,-1,-1,5
1152039,31,35,-1,-1,7
1144200,56,41,-1,-1,4
1151458,55,36,-1,-1,5
1147013,21,47,-1,-1,1
1149890,26,21,-1,-1,1
1137753,1,53,-1,-1,2
1143015,49,58,-1,-1,0
1152265,40,56,-1,-1,6
1152381,31,41,-1,-1,0
1150340,21,44,-1,-1,5
1149148,4,21,-1,-1,1
1150549,55,37,-1,-1,5
1151091,38,45,-1,-1,3
1149453,28,51,-1,-1,4
1151961,30,46,-1,-1,7
1150211,54,31,-1,-1,6
1151479,53,52,-1,-1,1
1150517,7,48,-1,-1,6
1147791,51,21,-1,-1,4
1144784,56,11,-1,-1,7
1137813,59,19,-1,-1,3
1148344,8,8,-1,-1,4
1149367,22,49,-1,-1,7
1148034,24,40,-1,-1,3
1152546,45,11,-1,-1,6
1151152,9,48,-1,-1,7
1152827,0,47,-1,-1,3
1152709,53,35,-1,-1,5
1150347,54,13,-1,-1,5
1152477,20,48,-1,-1,4
1151910,4,55,-1,-1,4
1151178,4,59,-1,-1,5
1142844,17,33,-1,-1,5
1149957,45,51,-1,-1,7
1138861,33,60,-1,-1,4
1137108,52,39,-1,-1,4
1150001,0,44,-1,-1,2
1149306,30,4,-1,-1,2
1151046,27,35,-1,-1,3
1149942,34,56,-1,-1,1
1144581,13,40,-1,-1,2
1152166,15,10,-1,-1,7
1152040,57,38,-1,-1,1
1151887,15,60,-1,-1,1
1152521,54,1,-1,-1,2
1152850,52,13,-1,-1,7
1151711,45,54,-1,-1,3
1148496,57,5,-1,-1,4
1144764,60,6,-1,-1,5
1148871,41,37,-1,-1,1
1152615,53,3,-1,-1,1
1152644,40,4,-1,-1,0
1152134,41,42,-1,-1,3
1152309,4,36,-1,-1,2
1147711,18,52,-1,-1,1
1144065,39,22,-1,-1,5
1150075,53,34,-1,-1,6
1152335,11,8,-1,-1,5
1149703,16,21,-1,-1,4
1150782,59,28,-1,-1,1
1148631,60,25,-1,-1,6
1145387,0,55,-1,-1,3
1152677,26,31,-1,-1,0
1152796,37,25,-1,-1,0
1152556,54,0,-1,-1,3
1143617,25,26,-1,-1,4
1151410,46,25,-1,-1,3
1146223,11,49,-1,-1,7
1147706,41,60,-1,-1,0
1151332,22,54,-1,-1,5
1146786,22,29,-1,-1,7
1138556,0,53,-1,-1,5
1152246,59,1,-1,-1,4
1151181,42,45,-1,-1,7
1152077,33,19,-1,-1,5
1152443,45,0,-1,-1,2
1151451,41,31,-1,-1,7
1151874,35,28,-1,-1,1
1146259,39,41,-1,-1,5
1149572,34,52,-1,-1,2
1151318,22,25,-1,-1,0
1148887,49,10,-1,-1,7
1149915,3,0,-1,-1,2
1148715,36,32,-1,-1,1
1152526,42,20,-1,-1,2
1148187,56,4,-1,-1,5
1152353,35,14,-1,-1,3
1149285,49,40,-1,-1,6
1150515,27,46,-1,-1,5
1152161,36,46,-1,-1,1
1152466,45,28,-1,-1,7
1151071,49,53,-1,-1,5
1152404,28,30,-1,-1,6
1150419,54,32,-1,-1,2
1151426,3,22,-1,-1,1
1150180,37,59,-1,-1,3
1148666,59,53,-1,-1,0
1151009,5,17,-1,-1,3
1145120,23,59,-1,-1,3
1150441,16,59,-1,-1,2
1146043,3,21,-1,-1,6
1151687,44,59,-1,-1,0
1152194,15,7,-1,-1,3
1152248,32,51,-1,-1,0
1142453,50,0,-1,-1,1
1149161,17,60,-1,-1,3
1145646,55,43,-1,-1,5
1150585,45,47,-1,-1,6
1150883,33,46,-1,-1,5
1140144,48,20,-1,-1,7
1148270,20,1,-1,-1,6
1138219,60,30,-1,-1,6
1152114,53,54,-1,-1,4
1148559,42,46,-1,-1,7
1149078,23,4,-1,-1,1
1148882,5,31,-1,-1,5
1151390,44,14,-1,-1,0
1143702,47,21,-1,-1,4
1150412,18,37,-1,-1,1
1147258,59,12,-1,-1,2
1149821,4,60,-1,-1,4
1145002,25,15,-1,-1,7
1150059,36,24,-1,-1,1
1151589,42,15,-1,-1,1
1151671,17,32,-1,-1,7
1148454,25,24,-1,-1,0
1151710,6,11,-1,-1,7
1151033,18,8,-1,-1,2
1149359,4,32,-1,-1,0
1152763,50,57,-1,-1,5
1150680,15,30,-1,-1,4
1150079,29,38,-1,-1,4
1152382,54,50,-1,-1,6
1147445,35,61,-1,-1,4
1150375,21,58,-1,-1,7
1149069,0,54,-1,-1,5
1145876,15,52,-1,-1,3
1144772,38,24,-1,-1,3
1148758,32,35,-1,-1,7
1150899,6,29,-1,-1,6
1150299,37,60,-1,-1,5
1148967,49,22,-1,-1,1
1145213,44,2,-1,-1,7
1152112,55,47,-1,-1,0
1146409,42,16,-1,-1,3
1152552,27,39,-1,-1,4
1152269,47,48,-1,-1,4
1146805,6,12,-1,-1,1
1152315,59,27,-1,-1,3
1152737,26,57,-1,-1,3
1152113,42,35,-1,-1,1
1151952,2,46,-1,-1,3
1149222,31,53,-1,-1,7
1147403,40,46,-1,-1,2
1149310,37,30,-1,-1,1
1150798,19,5,-1,-1,4
1146466,57,42,-1,-1,0
1152001,51,6,-1,-1,0
1151661,11,7,-1,-1,3
1151108,48,54,-1,-1,6
1151015,52,16,-1,-1,6
1149198,35,42,-1,-1,6
1146921,2,51,-1,-1,5
1151210,25,19,-1,-1,0
1150169,12,27,-1,-1,5
1148549,28,24,-1,-1,0
1150689,0,57,-1,-1,6
1150438,8,12,-1,-1,1
1148443,40,22,-1,-1,7
1151279,48,60,-1,-1,6
1144311,39,52,-1,-1,7
1151680,20,25,-1,-1,2
1143857,57,6,-1,-1,4
1151584,38,39,-1,-1,0
1151352,5,46,-1,-1,6
1145989,58,51,-1,-1,1
1147452,21,56,-1,-1,5
1151246,43,18,-1,-1,0
1152069,42,61,-1,-1,1
1150120,50,51,-1,-1,0
1144411,58,40,-1,-1,3
1134177,23,27,-1,-1,5
1151156,54,41,-1,-1,3
1151953,55,35,-1,-1,6
1149861,0,41,-1,-1,2
1152202,31,37,-1,-1,7
1152593,18,11,-1,-1,7
1151357,36,39,-1,-1,5
1152210,33,38,-1,-1,6
1152846,55,7,-1,-1,4
1151968,23,43,-1,-1,1
1149068,20,55,-1,-1,6
1149253,52,52,-1,-1,7
1152305,32,19,-1,-1,1
1140770,42,54,-1,-1,5
1141910,43,29,-1,-1,7
1149672,21,14,-1,-1,4
1147204,4,56,-1,-1,3
1152177,53,29,-1,-1,0
1150440,37,42,-1,-1,5
1150565,25,40,-1,-1,6
1151690,8,22,-1,-1,2
1147767,43,51,-1,-1,1
1148807,33,35,-1,-1,5
1150856,33,6,-1,-1,0
1151817,1,50,-1,-1,1
1152478,32,2,-1,-1,2
1149095,41,44,-1,-1,0
1150563,50,59,-1,-1,7
1151261,6,32,-1,-1,0
1149666,46,35,-1,-1,5
1152018,37,19,-1,-1,0
1152082,11,39,-1,-1,3
1152630,47,40,-1,-1,7
1150687,60,12,-1,-1,5
1152787,45,30,-1,-1,4
1146655,9,1,-1,-1,6
1152207,2,5,-1,-1,6
1149869,20,52,-1,-1,1
1144289,56,31,-1,-1,5
1151970,3,40,-1,-1,6
1150633,39,31,-1,-1,4
1148693,52,21,-1,-1,5
1142965,44,37,-1,-1,3
1149259,16,27,-1,-1,5
1148363,57,1,-1,-1,3
1151414,37,55,-1,-1,7
1148902,58,49,-1,-1,0
1151212,59,21,-1,-1,2
1152296,27,54,-1,-1,3
1150934,44,51,-1,-1,4
1152784,25,17,-1,-1,0
1148600,45,52,-1,-1,5
1150945,40,60,-1,-1,7
1148364,55,16,-1,-1,5
1142180,14,14,-1,-1,7
1146365,38,7,-1,-1,3
1148995,3,30,-1,-1,0
1150540,20,28,-1,-1,2
1139042,17,5,-1,-1,6
1151336,60,60,-1,-1,0
1152105,60,47,-1,-1,6
1141637,61,10,-1,-1,6
1145579,0,21,-1,-1,6
1150093,17,30,-1,-1,2
1144935,50,11,-1,-1,7
1150101,37,32,-1,-1,3
1148894,61,38,-1,-1,6
1150013,53,44,-1,-1,2
1149103,61,9,-1,-1,3
1151328,5,7,-1,-1,1
1152057,58,23,-1,-1,0
1151918,29,0,-1,-1,7
1151941,1,32,-1,-1,1
1152442,29,32,-1,-1,7
1150953,49,4,-1,-1,3
1143236,37,37,-1,-1,6
1146504,13,23,-1,-1,0
1150780,6,30,-1,-1,6
1152724,3,5,-1,-1,1
1151511,50,4,-1,-1,3
1138976,43,6,-1,-1,5
1150825,37,29,-1,-1,5
1150221,14,7,-1,-1,0
1146634,8,32,-1,-1,2
1150454,16,0,-1,-1,6
1149307,45,53,-1,-1,4
1140727,11,36,-1,-1,2
1138587,53,47,-1,-1,2
1151155,50,21,-1,-1,3
1138382,28,23,-1,-1,6
1147273,15,46,-1,-1,1
1152691,19,49,-1,-1,0
1143555,4,33,-1,-1,5
1152221,4,23,-1,-1,1
1149266,52,29,-1,-1,4
1150063,45,49,-1,-1,0
1151580,55,0,-1,-1,7
1151885,18,61,-1,-1,6
1152182,24,15,-1,-1,7
1150035,34,7,-1,-1,7
1152393,55,52,-1,-1,0
1150653,13,33,-1,-1,3
1151895,48,56,-1,-1,0
1149769,41,14,-1,-1,4
1147044,58,30,-1,-1,6
1151107,29,9,-1,-1,4
1151820,15,27,-1,-1,2
1144648,41,57,-1,-1,7
1150395,34,24,-1,-1,6
1145811,15,54,-1,-1,7
1152728,22,24,-1,-1,3
1151713,54,24,-1,-1,7
1148942,60,11,-1,-1,3
1152140,16,11,-1,-1,5
1148346,26,15,-1,-1,4
1145764,10,25,-1,-1,0
1149006,56,9,-1,-1,0
1151555,19,28,-1,-1,7
1152136,60,46,-1,-1,0
1150327,16,53,-1,-1,1
1146220,31,61,-1,-1,6
1139609,47,9,-1,-1,6
1146974,6,9,-1,-1,7
1149529,61,20,-1,-1,0
1150071,8,53,-1,-1,0
1139529,22,40,-1,-1,6
1134855,58,25,-1,-1,5
1147375,45,41,-1,-1,5
1147987,55,30,-1,-1,4
1139094,37,47,-1,-1,7
1148930,23,58,-1,-1,2
1140347,15,13,-1,-1,3
1149757,39,26,-1,-1,3
1150998,57,56,-1,-1,0
1149070,33,53,-1,-1,2
1151963,51,61,-1,-1,7
1150081,59,3,-1,-1,5
1143247,32,18,-1,-1,2
1150541,41,33,-1,-1,3
1152793,41,30,-1,-1,2
1151435,39,48,-1,-1,0
1149766,19,30,-1,-1,5
1147388,39,4,-1,-1,5
1147545,43,37,-1,-1,3
1137320,0,1,-1,-1,6
1151965,22,18,-1,-1,1
1146895,45,43,-1,-1,7
1147473,29,11,-1,-1,1
1144272,49,8,-1,-1,6
1149137,1,17,-1,-1,5
1151828,5,32,-1,-1,6
1148944,50,23,-1,-1,2
1151807,8,59,-1,-1,1
1146121,19,17,-1,-1,0
1147546,8,23,-1,-1,6
1151120,3,46,-1,-1,0
1151669,53,30,-1,-1,7
1152680,2,45,-1,-1,5
1147599,4,39,-1,-1,3
1151216,15,25,-1,-1,2
1148632,13,24,-1,-1,7
1147253,48,2,-1,-1,3
1151760,31,33,-1,-1,1
1146470,18,0,-1,-1,6
1150584,55,20,-1,-1,7
1151180,17,12,-1,-1,1
1152109,9,54,-1,-1,0
1149830,50,9,-1,-1,6
1152005,13,5,-1,-1,3
1151902,43,35,-1,-1,6
1152032,31,9,-1,-1,7
1152504,36,37,-1,-1,6
1151420,35,9,-1,-1,5
1150129,6,24,-1,-1,4
1152524,29,7,-1,-1,5
1152313,59,38,-1,-1,1
1145476,2,52,-1,-1,5
1151674,33,12,-1,-1,1
1150336,59,61,-1,-1,0
1144617,48,6,-1,-1,3
1151598,57,50,-1,-1,4
1152022,14,44,-1,-1,1
1151196,13,54,-1,-1,0
1148012,20,53,-1,-1,0
1152459,60,3,-1,-1,6
1148481,7,25,-1,-1,0
1151308,52,31,-1,-1,7
1149687,5,6,-1,-1,0
1150464,28,49,-1,-1,5
1151714,36,36,-1,-1,6
1151891,11,14,-1,-1,7
1151114,11,34,-1,-1,3
1152266,43,22,-1,-1,4
1152287,47,22,-1,-1,4
1149771,29,57,-1,-1,7
1152532,12,5,-1,-1,3
1152476,45,61,-1,-1,2
1150865,38,55,-1,-1,7
1152837,27,18,-1,-1,7
1151177,41,50,-1,-1,0
1138067,43,26,-1,-1,3
1152819,36,41,-1,-1,3
1141544,7,0,-1,-1,4
1152586,20,22,-1,-1,0
1138269,35,20,-1,-1,5
1150497,36,20,-1,-1,5
1152548,57,23,-1,-1,0
1134332,48,3,-1,-1,3
1151979,28,58,-1,-1,1
1151383,17,57,-1,-1,2
1144576,5,9,-1,-1,7
1151306,4,44,-1,-1,5
1151354,22,5,-1,-1,2
1140437,28,12,-1,-1,0
1147386,9,19,-1,-1,1
1141172,3,18,-1,-1,6
1146884,16,14,-1,-1,3
1151860,3,61,-1,-1,2
1143315,43,7,-1,-1,4
1152024,49,31,-1,-1,2
1149262,14,20,-1,-1,3
1148480,30,26,-1,-1,4
1149968,60,18,-1,-1,6
1152048,61,56,-1,-1,6
1149014,3,32,-1,-1,0
1151741,14,12,-1,-1,4
1152496,37,33,-1,-1,6
1150564,13,26,-1,-1,0
1141636,46,55,-1,-1,3
1151149,57,39,-1,-1,2
1146111,3,14,-1,-1,2
1143110,34,22,-1,-1,0
1148888,21,4,-1,-1,6
1149118,4,18,-1,-1,0
1152841,54,15,-1,-1,2
1149527,18,49,-1,-1,7
1147817,61,24,-1,-1,2
1152025,11,17,-1,-1,2
1151289,58,41,-1,-1,0
1152458,49,44,-1,-1,1
1150691,51,8,-1,-1,6
1151724,10,2,-1,-1,7
1147266,30,8,-1,-1,5
1152542,49,55,-1,-1,3
1151483,50,22,-1,-1,7
1150627,16,50,-1,-1,0
1151122,15,8,-1,-1,6
1148216,43,2,-1,-1,7
1149284,10,36,-1,-1,2
1151065,41,12,-1,-1,6
1147437,40,45,-1,-1,3
1152083,8,38,-1,-1,0
1150765,20,41,-1,-1,0
1150587,18,20,-1,-1,2
1152452,16,19,-1,-1,2
1152427,47,50,-1,-1,7
1152474,30,31,-1,-1,2
1151936,57,35,-1,-1,6
1145990,56,34,-1,-1,0
1150650,4,15,-1,-1,0
1148484,52,4,-1,-1,6
1151821,2,60,-1,-1,6
1143793,44,30,-1,-1,1
1151571,11,0,-1,-1,1
1148494,46,41,-1,-1,3
1150351,5,38,-1,-1,1
1150614,55,13,-1,-1,0
1146870,36,28,-1,-1,7
1145738,56,22,-1,-1,0
1152588,24,7,-1,-1,6
1151974,44,0,-1,-1,5
1150468,56,15,-1,-1,2
1152655,47,19,-1,-1,7
1139555,38,9,-1,-1,3
1151055,32,44,-1,-1,1
1142431,35,52,-1,-1,3
1150006,28,43,-1,-1,6
1143347,13,7,-1,-1,3
1148786,39,46,-1,-1,7
1149524,51,13,-1,-1,7
1151543,34,9,-1,-1,3
1141436,46,9,-1,-1,1
1152241,20,13,-1,-1,7
1148648,59,40,-1,-1,0
1139803,26,54,-1,-1,2
1147438,29,55,-1,-1,6
1143502,28,36,-1,-1,2
1152179,54,21,-1,-1,3
1138729,52,42,-1,-1,3
1152818,32,16,-1,-1,4
1152425,9,47,-1,-1,5
1152401,56,7,-1,-1,0
1152158,30,21,-1,-1,0
1152682,20,42,-1,-1,0
1150736,45,23,-1,-1,2
1148922,19,40,-1,-1,7
1145607,60,51,-1,-1,7
1152568,0,16,-1,-1,7
1150671,10,16,-1,-1,3
1142151,37,12,-1,-1,6
1139391,34,14,-1,-1,0
1151641,43,42,-1,-1,3
1145377,36,45,-1,-1,1
1146961,17,25,-1,-1,4
1149293,51,47,-1,-1,7
1151208,16,29,-1,-1,7
1152081,25,9,-1,-1,6
1151677,28,60,-1,-1,7
1150354,29,25,-1,-1,1
1145288,49,37,-1,-1,4
1152573,40,39,-1,-1,5
1148223,47,10,-1,-1,7
1143449,5,23,-1,-1,2
1147800,53,13,-1,-1,6
1150301,44,56,-1,-1,0
1151300,40,33,-1,-1,5
1149584,29,35,-1,-1,3
1139068,24,48,-1,-1,7
1150854,39,44,-1,-1,4
1148354,5,57,-1,-1,0
1133285,27,16,-1,-1,0
1147113,21,61,-1,-1,0
1152272,30,12,-1,-1,0
1143677,33,26,-1,-1,6
1145379,15,6,-1,-1,3
1147649,22,39,-1,-1,3
1151796,18,40,-1,-1,2
1149539,57,30,-1,-1,2
1150840,28,3,-1,-1,7
1150470,33,15,-1,-1,4
1152316,13,38,-1,-1,6
1151834,45,33,-1,-1,5
1148590,9,25,-1,-1,2
1152240,54,25,-1,-1,1
1150333,1,13,-1,-1,4
1152205,59,52,-1,-1,0
1149172,40,51,-1,-1,6
1150206,54,11,-1,-1,2
1152716,59,30,-1,-1,4
1152344,20,7,-1,-1,4
1149778,5,43,-1,-1,4
1152781,14,35,-1,-1,3
1150252,18,1,-1,-1,2
1147190,3,54,-1,-1,4
1152855,47,59,-1,-1,0
1148299,21,53,-1,-1,1
1149726,2,41,-1,-1,0
1151730,9,10,-1,-1,0
1152379,56,30,-1,-1,2
1149192,45,24,-1,-1,0
1152127,61,40,-1,-1,0
1150742,41,26,-1,-1,0
1149653,53,50,-1,-1,6
1151942,27,33,-1,-1,6
1149450,25,29,-1,-1,3
1152173,25,46,-1,-1,1
1152555,43,50,-1,-1,4
1150898,58,32,-1,-1,6
1141994,3,42,-1,-1,4
1141025,29,41,-1,-1,5
1145380,60,31,-1,-1,6
1149151,8,39,-1,-1,4
1149901,50,54,-1,-1,3
1152346,40,1,-1,-1,5
1152468,39,0,-1,-1,5
1147541,43,55,-1,-1,0
1151756,27,51,-1,-1,6
1142627,3,26,-1,-1,7
1152571,8,28,-1,-1,0
1149744,25,55,-1,-1,7
1148045,12,51,-1,-1,0
1149258,22,47,-1,-1,6
1152544,26,20,-1,-1,6
1146929,40,50,-1,-1,5
1149336,25,58,-1,-1,2
1145307,44,48,-1,-1,6
1151909,0,12,-1,-1,0
1151389,45,42,-1,-1,6
1152438,4,14,-1,-1,5
1151384,43,12,-1,-1,5
1145863,54,49,-1,-1,5
1141657,21,39,-1,-1,4
1152802,1,20,-1,-1,2
1152450,23,30,-1,-1,5
1149393,60,44,-1,-1,5
1147270,30,35,-1,-1,3
1151758,8,41,-1,-1,1
1149428,29,45,-1,-1,3
1148683,17,26,-1,-1,2
1152703,24,29,-1,-1,4
1149937,59,54,-1,-1,1
1150007,48,35,-1,-1,4
1148925,54,51,-1,-1,5
1150882,28,11,-1,-1,0
1152304,50,45,-1,-1,0
1146424,25,44,-1,-1,6
1151489,61,26,-1,-1,7
1150478,52,28,-1,-1,6
1151012,59,48,-1,-1,4
1151404,40,29,-1,-1,3
1141965,30,30,-1,-1,7
1152829,58,58,-1,-1,3
1152540,35,21,-1,-1,7
1150176,51,54,-1,-1,2
1148084,29,49,-1,-1,5
1148018,48,15,-1,-1,1
1146685,6,50,-1,-1,5
1138267,31,21,-1,-1,1
1152479,36,9,-1,-1,4
1150449,31,10,-1,-1,3
1150946,12,56,-1,-1,1
1149152,44,29,-1,-1,7
1149872,54,20,-1,-1,7
1149879,7,22,-1,-1,3
1150061,19,39,-1,-1,1
1150381,10,31,-1,-1,1
1151167,51,36,-1,-1,0
1151568,16,24,-1,-1,0
1147616,32,56,-1,-1,3
1151312,49,15,-1,-1,5
1151514,14,61,-1,-1,7
1151213,54,7,-1,-1,6
1148609,61,42,-1,-1,4
1144962,12,45,-1,-1,0
1148578,26,22,-1,-1,6
1147644,20,38,-1,-1,5
1150418,12,29,-1,-1,7
1151368,33,54,-1,-1,6
1152667,26,14,-1,-1,3
1150029,26,61,-1,-1,7
1139703,48,52,-1,-1,0
1147476,18,33,-1,-1,7
1152043,47,31,-1,-1,3
1151574,24,57,-1,-1,3
1148598,5,39,-1,-1,5
1150844,49,43,-1,-1,4
1148526,41,8,-1,-1,1
1150807,35,29,-1,-1,5
1149980,39,25,-1,-1,7
1152264,39,28,-1,-1,2
1152175,1,25,-1,-1,2
1148294,32,58,-1,-1,2
1151547,2,17,-1,-1,0
1152075,26,11,-1,-1,3
1148478,27,6,-1,-1,0
1150511,5,41,-1,-1,3
1150510,55,58,-1,-1,3
1152093,42,58,-1,-1,6
1144569,18,59,-1,-1,1
1151280,48,53,-1,-1,2
1148358,56,39,-1,-1,1
1152147,13,12,-1,-1,5
1148142,48,4,-1,-1,4
1148735,59,41,-1,-1,5
1151427,57,34,-1,-1,6
1145803,39,20,-1,-1,5
1152746,12,36,-1,-1,6
1148503,44,47,-1,-1,2
1152640,56,14,-1,-1,0
1149847,31,55,-1,-1,3
1151990,39,3,-1,-1,5
1140431,23,23,-1,-1,4
1147126,14,60,-1,-1,7
1151170,29,33,-1,-1,0
1146450,12,42,-1,-1,4
1144423,35,27,-1,-1,2
1151492,4,24,-1,-1,1
1138695,46,31,-1,-1,0
1147893,47,12,-1,-1,2
1144753,16,16,-1,-1,1
1151712,22,57,-1,-1,0
1152070,58,57,-1,-1,0
1151765,17,13,-1,-1,4
1149681,58,37,-1,-1,4
1151363,24,23,-1,-1,0
1150941,9,6,-1,-1,0
1151309,6,56,-1,-1,1
1151697,23,60,-1,-1,0
1151647,17,31,-1,-1,3
1150123,7,60,-1,-1,4
1147394,30,44,-1,-1,2
1152715,8,45,-1,-1,3
1151250,60,53,-1,-1,1
1143662,55,46,-1,-1,2
1146447,29,60,-1,-1,7
1151362,44,22,-1,-1,2
1152003,9,7,-1,-1,1
1151944,5,42,-1,-1,6
1149318,49,46,-1,-1,0
1149836,34,0,-1,-1,2
1151284,60,26,-1,-1,7
1146562,47,60,-1,-1,3
1147972,19,36,-1,-1,6
1151486,52,0,-1,-1,0
1144155,14,19,-1,-1,7
1149182,19,15,-1,-1,1
1151986,38,36,-1,-1,0
1151954,32,32,-1,-1,2
1151484,39,43,-1,-1,1
1139098,41,9,-1,-1,3
1147200,0,49,-1,-1,3
1150858,36,55,-1,-1,2
1148277,30,18,-1,-1,1
1147203,3,56,-1,-1,6
1151050,42,12,-1,-1,5
1147324,56,2,-1,-1,7
1149282,40,38,-1,-1,0
1151911,7,5,-1,-1,4
1149562,10,12,-1,-1,2
1137877,40,42,-1,-1,2
1152669,50,56,-1,-1,2
1152553,30,6,-1,-1,2
1149553,10,6,-1,-1,5
1146588,16,44,-1,-1,2
1130784,29,48,-1,-1,0
1147927,2,42,-1,-1,6
1148798,31,56,-1,-1,1
1150049,23,47,-1,-1,0
1151703,15,47,-1,-1,0
1151395,48,10,-1,-1,7
1146105,25,2,-1,-1,1
1150279,43,61,-1,-1,5
1151678,29,51,-1,-1,5
1150971,44,20,-1,-1,3
1141773,54,38,-1,-1,5
1148572,20,2,-1,-1,5
1148293,31,8,-1,-1,1
1152244,23,14,-1,-1,2
1144294,48,59,-1,-1,4
1149190,15,37,-1,-1,7
1149891,24,60,-1,-1,0
1147887,61,35,-1,-1,3
1140902,42,50,-1,-1,7
1152295,11,4,-1,-1,0
1149698,0,19,-1,-1,4
1148838,18,46,-1,-1,2
1148252,60,14,-1,-1,5
1149288,28,16,-1,-1,2
1148035,55,17,-1,-1,5
1149945,21,18,-1,-1,4
1151593,6,4,-1,-1,4
1151869,35,4,-1,-1,1
1134153,14,49,-1,-1,1
1151826,32,43,-1,-1,7
1147470,48,19,-1,-1,7
1152507,10,56,-1,-1,6
1150719,58,21,-1,-1,5
1149720,15,34,-1,-1,0
1151030,11,32,-1,-1,2
1143917,38,33,-1,-1,4
1151594,17,55,-1,-1,0
1146310,56,0,-1,-1,2
1152214,57,33,-1,-1,6
1148027,8,48,-1,-1,2
1146570,55,29,-1,-1,2
1150503,22,6,-1,-1,6
1151823,5,30,-1,-1,5
1140239,15,17,-1,-1,6
1147737,41,41,-1,-1,1
1150455,56,19,-1,-1,6
1142329,34,47,-1,-1,7
1145314,31,23,-1,-1,4
1149940,44,49,-1,-1,1
1152343,0,48,-1,-1,6
1151163,34,26,-1,-1,1
1151625,23,31,-1,-1,3
1151554,33,52,-1,-1,5
1142569,40,13,-1,-1,2
1145437,10,28,-1,-1,1
1150667,45,3,-1,-1,7
1142872,14,24,-1,-1,3
1146909,43,15,-1,-1,3
1151626,56,49,-1,-1,7
1150271,19,35,-1,-1,3
1145652,28,17,-1,-1,6
1151028,31,38,-1,-1,6
1146114,51,15,-1,-1,1
1152828,19,54,-1,-1,1
1150924,37,36,-1,-1,1
1151613,37,10,-1,-1,1
1151708,35,5,-1,-1,0
1150665,7,40,-1,-1,3
1140610,35,33,-1,-1,0
1152076,22,48,-1,-1,1
1152543,21,15,-1,-1,2
1151934,61,58,-1,-1,5
1149882,32,38,-1,-1,5
1151245,16,25,-1,-1,1
1152767,36,56,-1,-1,0
1135528,28,52,-1,-1,0
1150389,52,8,-1,-1,0
1151365,27,7,-1,-1,4
1148968,4,13,-1,-1,3
1144469,34,38,-1,-1,1
1150247,56,60,-1,-1,6
1148351,19,60,-1,-1,1
1149959,41,58,-1,-1,3
1152124,0,33,-1,-1,3
1151400,7,17,-1,-1,3
1149789,21,17,-1,-1,5
1150158,53,61,-1,-1,3
1150603,18,3,-1,-1,7
1152141,28,2,-1,-1,1
1143495,14,16,-1,-1,6
1152832,53,6,-1,-1,5
1140660,48,45,-1,-1,6
1152704,53,51,-1,-1,6
1149967,23,10,-1,-1,6
1150172,29,28,-1,-1,2
1151880,14,55,-1,-1,2
1151423,42,48,-1,-1,2
1144717,48,18,-1,-1,7
1139876,25,31,-1,-1,4
1150178,36,33,-1,-1,7
1151763,20,47,-1,-1,2
1152845,11,19,-1,-1,7
1141300,56,5,-1,-1,1
1152592,1,40,-1,-1,7
1147462,57,48,-1,-1,1
1150655,29,58,-1,-1,3
1152169,52,43,-1,-1,3
1149977,56,56,-1,-1,2
1148772,22,13,-1,-1,0
1150166,46,37,-1,-1,6
1144633,56,52,-1,-1,1
1150528,2,13,-1,-1,7
1146374,1,0,-1,-1,1
1138804,38,30,-1,-1,3
1151302,7,38,-1,-1,4
1143099,8,60,-1,-1,0
1150152,4,42,-1,-1,6
1149768,57,13,-1,-1,5
1144783,12,3,-1,-1,2
1140718,19,53,-1,-1,7
1149281,35,40,-1,-1,6
1151093,45,21,-1,-1,6
1146218,13,45,-1,-1,3
1152044,27,53,-1,-1,2
1151421,9,37,-1,-1,2
1144757,24,17,-1,-1,7
1149941,55,51,-1,-1,5
1152042,45,7,-1,-1,0
1150895,5,15,-1,-1,3
1152575,53,48,-1,-1,7
1150942,31,18,-1,-1,6
1147975,50,58,-1,-1,1
1152131,34,41,-1,-1,6
1149739,16,34,-1,-1,1
1151324,2,21,-1,-1,4
1146973,57,31,-1,-1,1
1151683,29,52,-1,-1,6
1150661,32,13,-1,-1,1
1146957,46,14,-1,-1,2
1150781,39,39,-1,-1,4
1144206,44,53,-1,-1,3
1148400,52,5,-1,-1,1
1152530,26,5,-1,-1,2
1150676,38,40,-1,-1,5
1149837,30,56,-1,-1,3
1144460,36,3,-1,-1,6
1152795,53,57,-1,-1,7
1145792,22,60,-1,-1,5
1151342,0,24,-1,-1,0
1151847,12,22,-1,-1,2
1152514,33,57,-1,-1,3
1148464,24,50,-1,-1,6
1148174,56,12,-1,-1,3
1152506,15,19,-1,-1,2
1152198,47,51,-1,-1,1
1141816,18,48,-1,-1,0
1145462,21,28,-1,-1,7
1148108,56,28,-1,-1,1
1149387,5,52,-1,-1,0
1150819,3,37,-1,-1,2
1149591,58,3,-1,-1,1
1149741,58,44,-1,-1,4
1148700,12,19,-1,-1,5
1149422,47,61,-1,-1,1
1150597,51,40,-1,-1,1
1147946,16,33,-1,-1,5
1140128,45,17,-1,-1,6
1151773,11,60,-1,-1,7
1150533,33,22,-1,-1,4
1150759,33,11,-1,-1,7
1148932,61,3,-1,-1,7
1150979,25,57,-1,-1,0
1142011,54,6,-1,-1,5
1147914,26,47,-1,-1,2
1151425,33,50,-1,-1,1
1145497,42,39,-1,-1,2
1151781,40,55,-1,-1,4
1150664,10,49,-1,-1,7
1147825,28,31,-1,-1,1
1151761,51,0,-1,-1,0
1148509,12,7,-1,-1,5
1152515,13,59,-1,-1,2
1151024,10,34,-1,-1,5
1141903,41,45,-1,-1,1
1147525,23,16,-1,-1,6
1146864,40,57,-1,-1,4
1149874,22,31,-1,-1,2
1151182,11,2,-1,-1,3
1152645,53,41,-1,-1,7
1152323,3,27,-1,-1,0
1141802,8,29,-1,-1,2
1148380,14,29,-1,-1,6
1151262,24,6,-1,-1,2
1152451,30,10,-1,-1,3
1144399,8,61,-1,-1,3
1150484,21,46,-1,-1,1
1152632,59,15,-1,-1,4
1150259,35,2,-1,-1,4
1151973,32,39,-1,-1,3
1151418,29,6,-1,-1,5
1147604,8,24,-1,-1,5
1150275,33,4,-1,-1,2
1151477,4,58,-1,-1,5
1148655,46,43,-1,-1,4
1137280,24,49,-1,-1,6
1147784,23,49,-1,-1,7
1150183,22,21,-1,-1,7
1150988,13,61,-1,-1,7
1150649,34,25,-1,-1,5
1148392,32,15,-1,-1,7
1150752,42,9,-1,-1,7
1152372,9,27,-1,-1,3
1143465,37,54,-1,-1,4
1151668,47,32,-1,-1,0
1151995,47,25,-1,-1,7
1148704,56,48,-1,-1,6
1150640,9,45,-1,-1,0
1152299,34,55,-1,-1,5
1152683,38,29,-1,-1,2
1151745,16,7,-1,-1,0
1152494,20,60,-1,-1,2
1147714,60,9,-1,-1,0
1150590,37,7,-1,-1,7
1152088,9,0,-1,-1,6
1152360,61,31,-1,-1,4
1140520,29,13,-1,-1,0
1149800,26,49,-1,-1,1
1144220,7,32,-1,-1,2
1152565,25,12,-1,-1,6
1152290,24,5,-1,-1,5
1150555,43,20,-1,-1,0
1137699,52,44,-1,-1,3
1151720,40,18,-1,-1,3
1147202,12,12,-1,-1,6
1146714,24,0,-1,-1,3
1149392,17,37,-1,-1,6
1150262,23,25,-1,-1,5
1152822,25,3,-1,-1,0
1150735,19,27,-1,-1,2
1145227,21,57,-1,-1,2
1145554,37,57,-1,-1,1
1151701,28,35,-1,-1,3
1150157,46,40,-1,-1,6
1148982,8,36,-1,-1,1
1145685,22,52,-1,-1,2
1146238,55,4,-1,-1,1
1152777,59,13,-1,-1,4
1148841,37,28,-1,-1,7
1149610,34,37,-1,-1,3
1151200,34,23,-1,-1,3
1148664,6,38,-1,-1,3
1150572,43,47,-1,-1,7
1149914,39,60,-1,-1,1
1147740,15,61,-1,-1,4
1152164,44,38,-1,-1,2
1130019,39,29,-1,-1,5
1144300,40,58,-1,-1,3
1151497,49,0,-1,-1,3
1150846,23,24,-1,-1,2
1146257,39,49,-1,-1,1
1145798,54,18,-1,-1,0
1145243,35,19,-1,-1,2
1150885,47,20,-1,-1,4
1139584,20,26,-1,-1,0
1149500,52,17,-1,-1,7
1151844,4,54,-1,-1,4
1151752,23,18,-1,-1,0
1150812,35,46,-1,-1,4
1142865,23,5,-1,-1,6
1151768,17,17,-1,-1,3
1146867,17,61,-1,-1,2
1152148,23,1,-1,-1,0
1150951,11,31,-1,-1,5
1146945,46,29,-1,-1,1
1151805,9,60,-1,-1,5
1146366,38,19,-1,-1,6
1148529,36,29,-1,-1,2
1145709,30,27,-1,-1,0
1148560,33,30,-1,-1,2
1148678,25,0,-1,-1,4
1146824,41,23,-1,-1,3
1150312,9,49,-1,-1,3
1146534,12,58,-1,-1,1
1138969,14,4,-1,-1,3
1151644,17,0,-1,-1,2
1142129,15,56,-1,-1,6
1146726,37,11,-1,-1,0
1147562,51,46,-1,-1,0
1150461,42,4,-1,-1,1
1145270,61,54,-1,-1,6
1152713,9,21,-1,-1,7
1150339,13,6,-1,-1,1
1142308,53,36,-1,-1,1
1150256,32,49,-1,-1,3
1142263,19,46,-1,-1,4
1146605,53,2,-1,-1,3
1146498,31,52,-1,-1,6
1146613,54,59,-1,-1,7
1151224,29,34,-1,-1,7
1146947,17,34,-1,-1,7
1149763,51,18,-1,-1,3
1148332,55,21,-1,-1,3
1152098,51,26,-1,-1,3
1149127,11,41,-1,-1,2
1151610,42,47,-1,-1,5
1149884,51,37,-1,-1,1
1152116,32,33,-1,-1,7
1147749,2,35,-1,-1,4
1140277,53,32,-1,-1,3
1147981,54,54,-1,-1,5
1151013,28,15,-1,-1,5
1152484,5,13,-1,-1,0
1149598,34,13,-1,-1,6
1150357,1,46,-1,-1,6
1142773,33,36,-1,-1,5
1146284,38,27,-1,-1,2
1146287,31,5,-1,-1,1
1152339,39,8,-1,-1,7
1147506,24,34,-1,-1,7
1149047,0,56,-1,-1,2
1150097,53,37,-1,-1,5
1152071,39,61,-1,-1,0
1151226,46,47,-1,-1,0
1152663,8,55,-1,-1,0
1145658,47,58,-1,-1,1
1147916,41,55,-1,-1,6
1150606,26,17,-1,-1,0
1151662,54,3,-1,-1,7
1147197,0,11,-1,-1,1
1152710,5,18,-1,-1,1
1151786,46,5,-1,-1,1
1152835,49,5,-1,-1,0
1148237,58,29,-1,-1,7
1141399,6,14,-1,-1,6
1147528,43,53,-1,-1,3
1150403,57,49,-1,-1,0
1150552,46,20,-1,-1,0
1145934,48,5,-1,-1,3
1151736,34,8,-1,-1,7
1141002,60,59,-1,-1,6
1151392,17,48,-1,-1,7
1147135,33,32,-1,-1,3
1143787,25,56,-1,-1,4
1145761,32,37,-1,-1,5
1147424,42,59,-1,-1,7
1151616,53,58,-1,-1,1
1147037,44,18,-1,-1,4
1150886,58,55,-1,-1,3
1143303,50,55,-1,-1,1
1150188,39,38,-1,-1,0
1150546,29,47,-1,-1,3
1151117,15,3,-1,-1,2
1151346,26,58,-1,-1,4
1148291,2,18,-1,-1,2
1152582,33,28,-1,-1,1
1149994,41,1,-1,-1,7
1150727,54,29,-1,-1,1
1150199,19,37,-1,-1,7
1147408,0,46,-1,-1,3
1147039,32,3,-1,-1,2
1150743,23,42,-1,-1,4
1146695,48,55,-1,-1,1
1151209,23,54,-1,-1,5
1147947,45,40,-1,-1,1
1152331,42,55,-1,-1,2
1145136,56,40,-1,-1,6
1150723,38,56,-1,-1,1
1151035,32,0,-1,-1,0
1151464,46,27,-1,-1,4
1147305,46,7,-1,-1,0
1143370,3,35,-1,-1,4
1149631,47,49,-1,-1,3
1150342,5,25,-1,-1,4
1147121,41,19,-1,-1,5
1144367,56,32,-1,-1,6
1152673,52,6,-1,-1,1
1149389,39,9,-1,-1,1
1152718,32,7,-1,-1,6
1150901,47,52,-1,-1,0
1147363,11,5,-1,-1,0
1146318,40,34,-1,-1,3
1151135,29,59,-1,-1,6
1146953,9,34,-1,-1,3
1152650,14,36,-1,-1,0
1152761,42,10,-1,-1,6
1152666,30,61,-1,-1,2
1152621,49,36,-1,-1,5
1151842,10,27,-1,-1,5
1150501,14,32,-1,-1,1
1150040,21,8,-1,-1,4
1143710,59,25,-1,-1,7
1150373,21,51,-1,-1,3
1151045,33,49,-1,-1,0
1148620,59,35,-1,-1,0
1152732,32,50,-1,-1,6
1152358,14,43,-1,-1,0
1147510,47,37,-1,-1,1
1152320,37,45,-1,-1,6
1152735,27,41,-1,-1,1
1151592,60,10,-1,-1,5
1151575,32,53,-1,-1,7
1147655,61,29,-1,-1,6
1149922,50,43,-1,-1,3
1149900,53,27,-1,-1,4
1144815,41,29,-1,-1,3
1148602,51,24,-1,-1,0
1149227,12,35,-1,-1,1
1146866,52,3,-1,-1,7
1152617,38,0,-1,-1,5
1148037,30,25,-1,-1,1
1150908,6,8,-1,-1,1
1151370,39,30,-1,-1,1
1152534,55,6,-1,-1,1
1152493,43,24,-1,-1,7
1151465,51,30,-1,-1,2
1150698,28,56,-1,-1,5
1151138,41,13,-1,-1,3
1151802,39,19,-1,-1,5
1149162,27,60,-1,-1,7
1150525,61,15,-1,-1,7
1151530,27,49,-1,-1,5
1152849,13,8,-1,-1,1
1149833,61,41,-1,-1,3
1146308,54,48,-1,-1,2
1152385,12,28,-1,-1,5
1146978,40,49,-1,-1,7
1152734,55,14,-1,-1,0
1137253,2,10,-1,-1,2
1152270,30,5,-1,-1,3
1148730,52,20,-1,-1,6
1151344,9,38,-1,-1,5
1132283,60,19,-1,-1,5
1152174,18,32,-1,-1,1
1149271,8,2,-1,-1,1
1152000,40,44,-1,-1,4
1145306,26,46,-1,-1,6
1149898,13,36,-1,-1,6
1139463,12,49,-1,-1,4
1149958,24,2,-1,-1,7
1145338,43,19,-1,-1,3
1152046,25,28,-1,-1,2
1152389,22,19,-1,-1,6
1142508,48,32,-1,-1,6
1147160,40,27,-1,-1,5
1152291,1,38,-1,-1,1
1147730,16,18,-1,-1,1
1152017,24,11,-1,-1,3
1151588,2,57,-1,-1,0
1149187,26,35,-1,-1,6
1152836,57,58,-1,-1,4
1151287,4,40,-1,-1,1
1152391,26,19,-1,-1,3
1150724,49,57,-1,-1,2
1149612,4,2,-1,-1,4
1145260,22,28,-1,-1,0
1150482,11,25,-1,-1,5
1148536,7,47,-1,-1,2
1148262,46,4,-1,-1,6
1148488,41,32,-1,-1,6
1146499,10,47,-1,-1,1
1148990,50,15,-1,-1,6
1150559,58,1,-1,-1,6
1143840,34,10,-1,-1,1
1150379,45,45,-1,-1,0
1145266,27,22,-1,-1,0
1152779,51,50,-1,-1,6
1152711,21,11,-1,-1,6
1150747,17,4,-1,-1,3
1149883,45,1,-1,-1,4
1144271,43,8,-1,-1,6
1151154,13,34,-1,-1,7
1151718,58,31,-1,-1,5
1133236,22,1,-1,-1,0
1145467,49,49,-1,-1,6
1152776,37,39,-1,-1,4
1146943,30,36,-1,-1,7
1147581,21,43,-1,-1,3
1145739,57,15,-1,-1,1
1152839,10,55,-1,-1,6
1152697,1,14,-1,-1,0
1148057,48,25,-1,-1,3
1151551,24,35,-1,-1,4
1137221,32,21,-1,-1,3
1151151,40,59,-1,-1,7
1151789,16,43,-1,-1,5
1149430,10,40,-1,-1,6
1147832,2,40,-1,-1,7
1148048,20,58,-1,-1,4
1150992,60,8,-1,-1,0
1151505,14,15,-1,-1,7
1152646,8,35,-1,-1,5
1152419,36,14,-1,-1,3
1152095,26,44,-1,-1,0
1146908,58,26,-1,-1,3
1151522,45,60,-1,-1,5
1150529,1,35,-1,-1,3
1149722,30,20,-1,-1,6
1148417,24,61,-1,-1,6
1149576,45,13,-1,-1,2
1149706,54,35,-1,-1,0
1151799,28,50,-1,-1,4
1142185,4,31,-1,-1,5
1151201,32,27,-1,-1,0
1152725,37,53,-1,-1,2
1151827,24,53,-1,-1,4
1151325,29,24,-1,-1,3
1150775,14,23,-1,-1,5
1140095,35,31,-1,-1,2
1148215,1,19,-1,-1,1
1147754,7,1,-1,-1,3
1152778,42,7,-1,-1,1
1146616,27,58,-1,-1,6
1149905,19,51,-1,-1,0
1145594,4,37,-1,-1,4
1152200,43,40,-1,-1,3
1151119,53,53,-1,-1,4
1151020,31,27,-1,-1,7
1151257,1,36,-1,-1,6
1150917,51,4,-1,-1,2
1152757,32,20,-1,-1,6
1150912,5,19,-1,-1,2
1139289,2,0,-1,-1,4
1144129,37,51,-1,-1,6
1148855,2,7,-1,-1,3
1150445,56,16,-1,-1,5
1152659,18,56,-1,-1,0
1151140,3,51,-1,-1,7
1152797,27,25,-1,-1,2
1147866,40,3,-1,-1,0
1151413,5,53,-1,-1,3
1149109,9,9,-1,-1,3
1152638,17,19,-1,-1,3
1149447,26,60,-1,-1,1
1146668,19,32,-1,-1,4
1149886,8,58,-1,-1,1
1151104,29,8,-1,-1,5
1152100,22,53,-1,-1,2
1150104,10,53,-1,-1,4
1146649,13,14,-1,-1,0
1150225,58,48,-1,-1,0
1149196,40,6,-1,-1,1
1146880,50,17,-1,-1,3
1151868,26,34,-1,-1,4
1150845,1,16,-1,-1,6
1149924,26,27,-1,-1,4
1145857,43,33,-1,-1,6
1152285,52,41,-1,-1,1
1150814,32,59,-1,-1,2
1141055,56,18,-1,-1,6
1148701,39,21,-1,-1,0
1152190,58,14,-1,-1,7
1150785,22,61,-1,-1,0
1149971,38,1,-1,-1,1
1148777,49,34,-1,-1,1
1149511,19,21,-1,-1,5
1152754,36,35,-1,-1,2
1150143,23,7,-1,-1,4
1152110,2,6,-1,-1,3
1148819,61,60,-1,-1,6
1149921,14,6,-1,-1,3
1152775,60,61,-1,-1,6
1148860,15,24,-1,-1,3
1138273,38,59,-1,-1,3
1151090,54,4,-1,-1,1
1150717,49,2,-1,-1,3
1148994,46,22,-1,-1,6
1147942,57,59,-1,-1,6
1148002,41,35,-1,-1,1
1151803,8,52,-1,-1,1
1149386,61,5,-1,-1,4
1151557,2,44,-1,-1,1
1151721,32,61,-1,-1,5
1150920,52,54,-1,-1,0
1148928,10,35,-1,-1,7
1152801,49,61,-1,-1,4
1150309,59,0,-1,-1,7
1152180,34,53,-1,-1,3
1150495,53,21,-1,-1,4
1143200,42,33,-1,-1,6
1151440,14,0,-1,-1,5
1152842,16,6,-1,-1,1
1149090,53,46,-1,-1,4
1140044,52,2,-1,-1,0
1151601,25,38,-1,-1,5
1147899,56,1,-1,-1,2
1150615,25,1,-1,-1,5
1149000,59,17,-1,-1,7
1152498,3,55,-1,-1,4
1151651,42,56,-1,-1,3
1148586,13,52,-1,-1,0
1151431,4,20,-1,-1,2
1151882,25,8,-1,-1,4
1152480,41,3,-1,-1,3
1150695,27,14,-1,-1,4
1149577,43,1,-1,-1,0
1144103,57,7,-1,-1,4
1151162,23,12,-1,-1,4
1152351,28,28,-1,-1,2
1151044,23,56,-1,-1,4
1144978,18,4,-1,-1,3
1145781,61,52,-1,-1,3
1148235,28,9,-1,-1,4
1140795,49,38,-1,-1,4
1151562,45,16,-1,-1,5
1152487,9,3,-1,-1,0
1150109,3,44,-1,-1,2
1151144,44,16,-1,-1,6
1147694,55,60,-1,-1,6
1151264,18,21,-1,-1,5
1148176,39,37,-1,-1,4
1152660,14,30,-1,-1,2
1152700,15,39,-1,-1,7
1151066,23,52,-1,-1,0
1150826,28,0,-1,-1,5
1151609,32,46,-1,-1,1
1152461,30,28,-1,-1,2
1151667,34,43,-1,-1,1
1149650,14,38,-1,-1,0
1151254,3,11,-1,-1,1
1151143,57,25,-1,-1,2
1150714,38,50,-1,-1,1
1152619,18,29,-1,-1,4
1150596,60,32,-1,-1,0
1152051,59,7,-1,-1,0
1151442,20,4,-1,-1,2
1152137,4,26,-1,-1,4
1149327,31,32,-1,-1,4
1150693,51,34,-1,-1,3
1146914,39,5,-1,-1,1
1151375,49,29,-1,-1,0
1150816,53,11,-1,-1,6
1149302,58,7,-1,-1,6
1149878,14,17,-1,-1,6
1152123,29,20,-1,-1,4
1151080,1,4,-1,-1,6
1151085,21,37,-1,-1,6
1152811,47,43,-1,-1,3
1150126,0,60,-1,-1,1
1151633,40,5,-1,-1,4
1146882,30,52,-1,-1,4
1144778,2,47,-1,-1,2
1151443,12,15,-1,-1,2
1145662,35,57,-1,-1,4
1148324,42,5,-1,-1,3
1151583,56,42,-1,-1,7
1147766,6,21,-1,-1,4
1151274,29,22,-1,-1,5
1151131,25,7,-1,-1,5
1144150,43,4,-1,-1,3
1130612,53,31,-1,-1,1
1152333,6,43,-1,-1,6
1150609,12,23,-1,-1,7
1152528,20,20,-1,-1,4
1144000,54,58,-1,-1,0
1148611,1,18,-1,-1,3
1152008,48,12,-1,-1,5
1150841,13,48,-1,-1,3
1137115,11,16,-1,-1,4
1145576,12,55,-1,-1,1
1146544,51,53,-1,-1,1
1152324,26,55,-1,-1,2
1151125,10,26,-1,-1,7
1142766,34,30,-1,-1,3
1146514,59,22,-1,-1,1
1149457,17,56,-1,-1,0
1135767,27,20,-1,-1,0
1150828,3,43,-1,-1,7
1150400,43,30,-1,-1,3
1141255,6,54,-1,-1,2
1147915,32,23,-1,-1,2
1143192,12,30,-1,-1,2
1151728,33,44,-1,-1,3
1150683,0,20,-1,-1,5
1151094,25,5,-1,-1,3
1149502,3,49,-1,-1,1
1151260,14,22,-1,-1,1
1151394,17,23,-1,-1,0
1149471,58,27,-1,-1,0
1152570,48,47,-1,-1,3
1152031,54,14,-1,-1,7
1149944,0,3,-1,-1,1
1150608,59,57,-1,-1,6
1150436,25,54,-1,-1,2
1142776,26,43,-1,-1,5
1142801,21,21,-1,-1,4
1150621,50,37,-1,-1,6
1152848,29,5,-1,-1,0
1152030,46,53,-1,-1,0
1147838,4,6,-1,-1,5
1152217,9,14,-1,-1,3
1152723,47,36,-1,-1,0
1151657,38,26,-1,-1,0
1151445,27,45,-1,-1,3
1152120,13,39,-1,-1,2
1147970,3,15,-1,-1,0
1149128,41,11,-1,-1,5
1141598,45,22,-1,-1,7
1151572,58,13,-1,-1,0
1147300,42,44,-1,-1,0
1147227,54,52,-1,-1,0
1150475,18,30,-1,-1,5
1149041,12,47,-1,-1,6
1146176,13,51,-1,-1,4
1146977,57,40,-1,-1,2
1148138,35,39,-1,-1,2
1151039,45,26,-1,-1,7
1148349,37,22,-1,-1,3
1151920,27,43,-1,-1,5
1152589,45,56,-1,-1,2
1151268,10,17,-1,-1,6
1148438,29,15,-1,-1,0
1152856,45,9,-1,-1,2
1149008,57,11,-1,-1,3
1146644,37,35,-1,-1,2
1149170,48,27,-1,-1,0
1146753,8,14,-1,-1,7
1152803,18,43,-1,-1,4
1152518,17,6,-1,-1,2
1150033,36,10,-1,-1,1
1148677,51,35,-1,-1,7
1148255,25,48,-1,-1,2
1150832,41,7,-1,-1,1
1152760,1,29,-1,-1,2
1148729,53,19,-1,-1,5
1152844,27,0,-1,-1,2
1151366,3,57,-1,-1,6
1151925,31,42,-1,-1,2
1150699,54,47,-1,-1,2
1152338,28,21,-1,-1,0
1152317,48,41,-1,-1,3
1145367,0,14,-1,-1,5
1150198,43,21,-1,-1,7
1151190,56,53,-1,-1,7
1152590,61,30,-1,-1,7
1150734,15,1,-1,-1,2
1150930,56,23,-1,-1,0
1151855,12,9,-1,-1,2
1145507,33,1,-1,-1,5
1145619,14,59,-1,-1,2
1147697,59,18,-1,-1,2
1150230,25,41,-1,-1,6
1152600,47,6,-1,-1,6
1149656,33,40,-1,-1,7
1147651,14,2,-1,-1,1
1151937,22,55,-1,-1,4
1149834,48,28,-1,-1,5
1149245,4,11,-1,-1,3
1149679,10,59,-1,-1,7
1149700,16,46,-1,-1,0
1152623,38,54,-1,-1,4
1150872,12,21,-1,-1,4
1152388,6,23,-1,-1,4
1150008,19,12,-1,-1,0
1142372,24,13,-1,-1,6
1148951,40,47,-1,-1,2
1151876,3,2,-1,-1,3
1152215,59,4,-1,-1,4
1151850,17,50,-1,-1,1
1145823,8,57,-1,-1,5
1152063,59,26,-1,-1,5
1147842,52,40,-1,-1,3
1151241,29,61,-1,-1,0
1147073,25,36,-1,-1,5
1149208,31,0,-1,-1,2
1150372,24,12,-1,-1,1
1148316,29,4,-1,-1,2
1140064,43,3,-1,-1,6
1151248,42,36,-1,-1,3
1140150,21,23,-1,-1,3
1150377,44,45,-1,-1,5
1150080,57,9,-1,-1,5
1146560,55,45,-1,-1,4
1151717,50,12,-1,-1,3
1149949,15,43,-1,-1,7
1147820,55,2,-1,-1,1
1148799,8,33,-1,-1,4
1152649,3,13,-1,-1,4
1146999,53,28,-1,-1,4
1144504,28,33,-1,-1,0
1148244,26,39,-1,-1,4
1151893,33,42,-1,-1,7
1139886,43,54,-1,-1,2
1137999,32,8,-1,-1,3
1151239,6,44,-1,-1,1
1150251,28,25,-1,-1,6
1151310,57,41,-1,-1,6
1139458,4,3,-1,-1,6
1134712,3,47,-1,-1,0
1151676,44,60,-1,-1,4
1150562,29,40,-1,-1,4
1148752,54,23,-1,-1,2
1150850,10,42,-1,-1,2
1151142,27,4,-1,-1,7
1152742,23,50,-1,-1,2
1149467,36,49,-1,-1,6
1152690,36,19,-1,-1,4
1151762,39,47,-1,-1,1
1149106,44,58,-1,-1,7
1146141,39,55,-1,-1,7
1152482,12,46,-1,-1,2
1146464,41,43,-1,-1,7
1142817,9,58,-1,-1,7
1151779,11,59,-1,-1,5
1152413,17,46,-1,-1,1
1151604,50,14,-1,-1,2
1151016,4,34,-1,-1,0
1151534,31,15,-1,-1,1
1152151,22,9,-1,-1,3
1149662,26,36,-1,-1,3
1149324,3,10,-1,-1,0
1152213,15,18,-1,-1,7
1148184,51,7,-1,-1,0
1141966,11,12,-1,-1,7
1136454,17,22,-1,-1,0
1151938,19,9,-1,-1,3
1150626,0,15,-1,-1,0
1151688,11,61,-1,-1,3
1150384,4,22,-1,-1,2
1150598,46,17,-1,-1,4
1145973,25,11,-1,-1,7
1152454,54,60,-1,-1,5
1150659,20,32,-1,-1,3
1151632,21,7,-1,-1,6
1151696,17,27,-1,-1,4
1151654,58,6,-1,-1,7
1151771,42,0,-1,-1,4
1150589,38,57,-1,-1,5
1152145,35,8,-1,-1,1
1147339,31,59,-1,-1,0
1151722,25,53,-1,-1,0
1149073,12,61,-1,-1,1
1152375,30,45,-1,-1,0
1150579,21,40,-1,-1,1
1152501,21,1,-1,-1,4
1149730,12,40,-1,-1,2
1146671,28,46,-1,-1,0
1152823,29,14,-1,-1,7
1146422,43,34,-1,-1,5
1152399,42,28,-1,-1,5
1152074,36,52,-1,-1,0
1147579,7,53,-1,-1,2
1150656,0,9,-1,-1,0
1138951,45,48,-1,-1,0
1152445,53,24,-1,-1,5
1146732,40,16,-1,-1,2
1149275,60,13,-1,-1,5
1143613,10,48,-1,-1,3
1151871,57,52,-1,-1,6
1152303,60,21,-1,-1,1
1149469,7,16,-1,-1,3
1144526,2,37,-1,-1,4
1152294,23,38,-1,-1,0
1152386,47,39,-1,-1,5
1151533,40,61,-1,-1,3
1149512,51,17,-1,-1,4
1151606,31,51,-1,-1,5
1150369,0,37,-1,-1,7
1149249,18,14,-1,-1,1
1151955,29,54,-1,-1,0
1148737,17,42,-1,-1,6
1152455,35,51,-1,-1,0
1149885,24,14,-1,-1,6
1151987,2,30,-1,-1,7
1152015,11,21,-1,-1,6
1149183,46,26,-1,-1,3
1149308,50,33,-1,-1,0
1144449,12,57,-1,-1,1
1149853,4,48,-1,-1,6
1146028,2,22,-1,-1,1
1152580,61,25,-1,-1,2
1148864,29,2,-1,-1,0
1149166,52,59,-1,-1,5
1146086,21,12,-1,-1,2
1151301,7,45,-1,-1,2
1143484,6,46,-1,-1,6
1152741,15,26,-1,-1,6
1146163,9,33,-1,-1,3
1151726,3,16,-1,-1,4
1152661,34,18,-1,-1,0
1143955,10,45,-1,-1,2
1146598,54,42,-1,-1,2
1150137,31,1,-1,-1,5
1150668,7,8,-1,-1,3
1136038,55,40,-1,-1,1
1150028,3,39,-1,-1,1
1146376,7,37,-1,-1,2
1149803,55,44,-1,-1,0
1147668,33,39,-1,-1,5
1146093,41,49,-1,-1,2
1146750,53,39,-1,-1,0
1152247,10,51,-1,-1,1
1147446,18,6,-1,-1,4
1152727,31,44,-1,-1,3
1151540,39,59,-1,-1,1
1149925,12,2,-1,-1,3
1152027,0,0,-1,-1,6
1151634,18,47,-1,-1,4
1152635,59,44,-1,-1,7
1150315,6,49,-1,-1,2
1149442,56,33,-1,-1,7
1140840,55,53,-1,-1,3
1152699,26,50,-1,-1,2
1150787,59,20,-1,-1,4
1152080,33,61,-1,-1,3
1146603,39,40,-1,-1,6
1149481,51,14,-1,-1,6
1148200,38,11,-1,-1,4
1150108,46,6,-1,-1,1
1147516,15,36,-1,-1,0
1150792,0,28,-1,-1,4
1144149,14,8,-1,-1,5
1152817,48,49,-1,-1,7
1147350,28,39,-1,-1,6
1151700,13,13,-1,-1,6
1150303,49,54,-1,-1,3
1151595,26,41,-1,-1,1
1149807,12,54,-1,-1,2
1149851,25,25,-1,-1,2
1152824,1,2,-1,-1,5
1146855,4,50,-1,-1,0
1152447,26,40,-1,-1,0
1151744,38,28,-1,-1,4
1150862,61,7,-1,-1,4
1140162,4,0,-1,-1,3
1150200,45,19,-1,-1,5
1145729,36,27,-1,-1,2
1151787,52,10,-1,-1,2
1147932,4,4,-1,-1,4
1146860,51,52,-1,-1,6
1148202,17,2,-1,-1,3
1147980,19,10,-1,-1,2
1149928,57,2,-1,-1,7
1145975,16,58,-1,-1,3
1149560,37,2,-1,-1,5
1149534,53,49,-1,-1,4
1152643,16,1,-1,-1,7
1146283,6,61,-1,-1,6
1144559,26,59,-1,-1,0
1151098,25,20,-1,-1,5
1151204,0,38,-1,-1,2
1146707,34,17,-1,-1,3
1149419,27,40,-1,-1,3
1148179,25,43,-1,-1,3
1147563,53,60,-1,-1,4
1151719,8,11,-1,-1,0
1147609,44,1,-1,-1,4
1145826,11,33,-1,-1,0
1151532,0,8,-1,-1,5
1152609,34,59,-1,-1,7
1152106,19,22,-1,-1,3
1145893,48,1,-1,-1,6
1149111,27,27,-1,-1,3
1142744,37,20,-1,-1,3
1150641,10,3,-1,-1,1
1150625,36,18,-1,-1,1
1129905,34,5,-1,-1,4
1151627,18,60,-1,-1,0
1145511,17,10,-1,-1,3
1147524,20,5,-1,-1,1
1144823,52,22,-1,-1,3
1150771,29,16,-1,-1,0
1151470,50,16,-1,-1,6
1140219,32,55,-1,-1,5
1151833,47,30,-1,-1,2
1146408,18,25,-1,-1,0
1149010,54,61,-1,-1,3
1151019,11,37,-1,-1,5
1149423,49,47,-1,-1,7
1152851,27,13,-1,-1,4
1150961,6,47,-1,-1,0
1152560,34,31,-1,-1,3
1141738,22,4,-1,-1,0
1150383,30,23,-1,-1,3
1151008,56,43,-1,-1,2
1151456,16,42,-1,-1,1
1152157,58,54,-1,-1,2
1149031,6,5,-1,-1,2
1149048,0,7,-1,-1,3
1151615,58,8,-1,-1,7
1145042,9,36,-1,-1,1
1150868,27,48,-1,-1,0
1148973,18,26,-1,-1,2
1152782,15,40,-1,-1,5
1149740,50,10,-1,-1,0
1147391,52,9,-1,-1,3
1147693,47,8,-1,-1,5
1148794,5,61,-1,-1,0
1137268,53,8,-1,-1,6
1149683,16,39,-1,-1,4
1144415,34,34,-1,-1,0
1152129,34,2,-1,-1,1
1149518,56,35,-1,-1,6
1149260,43,17,-1,-1,7
1152652,23,3,-1,-1,3
1150274,61,13,-1,-1,1
1151559,1,45,-1,-1,2
1147028,9,56,-1,-1,7
1141339,57,10,-1,-1,0
1152759,2,23,-1,-1,2
1142635,45,58,-1,-1,4
1152155,35,26,-1,-1,4
1150697,54,12,-1,-1,6
1147922,30,2,-1,-1,5
1148266,6,55,-1,-1,4
1137949,28,32,-1,-1,0
1150779,47,24,-1,-1,5
1152059,50,28,-1,-1,1
1145240,9,20,-1,-1,5
1149025,11,24,-1,-1,0
1149264,16,47,-1,-1,3
1150005,19,14,-1,-1,1
1151189,60,38,-1,-1,1
1142576,20,18,-1,-1,3
1147797,51,55,-1,-1,6
1152714,46,11,-1,-1,2
1149131,50,2,-1,-1,2
1148707,36,58,-1,-1,4
1152041,36,0,-1,-1,7
1152790,37,26,-1,-1,3
1150909,7,10,-1,-1,0
1144866,31,58,-1,-1,4
1152464,59,24,-1,-1,1
1152153,3,50,-1,-1,5
1149240,57,20,-1,-1,4
1151629,29,26,-1,-1,5
1149614,37,13,-1,-1,0
1152065,30,32,-1,-1,4
1146989,24,30,-1,-1,1
1150938,32,52,-1,-1,1
1145422,36,51,-1,-1,3
1147370,5,44,-1,-1,4
1151082,35,11,-1,-1,2
1152398,41,54,-1,-1,0
1151476,15,23,-1,-1,4
1145151,46,0,-1,-1,7
1152087,3,48,-1,-1,6
1150629,60,52,-1,-1,3
1150928,6,48,-1,-1,5
1147538,35,37,-1,-1,4
1147075,50,48,-1,-1,2
1151078,56,54,-1,-1,4
1144907,5,16,-1,-1,4
1150991,44,40,-1,-1,3
1152585,55,59,-1,-1,4
1148669,6,57,-1,-1,2
1145831,25,6,-1,-1,6
1145047,29,44,-1,-1,0
1146662,31,48,-1,-1,7
1146078,20,27,-1,-1,7
1148016,20,40,-1,-1,0
1143509,48,44,-1,-1,3
1146916,60,22,-1,-1,4
1146437,52,11,-1,-1,7
1151959,24,54,-1,-1,3
1146818,1,58,-1,-1,1
1150888,49,19,-1,-1,1
1150716,13,57,-1,-1,7
1152607,34,39,-1,-1,1
1143546,18,51,-1,-1,3
1149574,29,36,-1,-1,1
1138082,21,20,-1,-1,7
1138108,47,1,-1,-1,4
1148642,21,5,-1,-1,0
1152762,55,39,-1,-1,7
1146485,1,7,-1,-1,3
1150923,35,38,-1,-1,6
1152740,52,50,-1,-1,6
1151359,44,5,-1,-1,2
1152558,20,14,-1,-1,6
1151405,11,35,-1,-1,5
1148630,50,18,-1,-1,1
1150861,22,43,-1,-1,3
1148633,26,1,-1,-1,5
1145858,57,55,-1,-1,1
1150768,42,8,-1,-1,3
1151385,55,27,-1,-1,7
1152284,35,58,-1,-1,0
1139199,49,16,-1,-1,5
1147882,22,10,-1,-1,6
1152583,36,22,-1,-1,1
1147488,9,61,-1,-1,5
1148612,52,53,-1,-1,3
1152073,44,24,-1,-1,2
1149237,30,53,-1,-1,1
1150815,49,24,-1,-1,4
1149563,13,29,-1,-1,3
1152473,36,8,-1,-1,2
1152108,3,3,-1,-1,1
1152297,11,50,-1,-1,4
1148240,61,21,-1,-1,1
1145546,44,8,-1,-1,6
1151976,27,23,-1,-1,4
1152843,33,5,-1,-1,2
1144016,37,31,-1,-1,3
1148965,34,35,-1,-1,7
1147973,48,24,-1,-1,0
1138860,5,48,-1,-1,0
1147923,35,32,-1,-1,3
1150944,43,25,-1,-1,7
1152227,16,17,-1,-1,4
1151526,0,6,-1,-1,4
1151068,19,56,-1,-1,1
1148072,46,36,-1,-1,7
1152752,6,42,-1,-1,7
1152430,8,34,-1,-1,5
1146341,19,38,-1,-1,5
1147891,1,24,-1,-1,1
1151698,8,44,-1,-1,1
1145582,13,44,-1,-1,1
1141602,58,42,-1,-1,4
1148497,32,11,-1,-1,7
1149480,59,10,-1,-1,7
1151867,31,29,-1,-1,6
1151912,23,57,-1,-1,5
1150981,18,54,-1,-1,1
1151504,8,49,-1,-1,4
1146812,18,16,-1,-1,4
1152794,36,40,-1,-1,2
1150607,26,42,-1,-1,5
1152551,2,34,-1,-1,5
1152620,41,20,-1,-1,7
1152368,20,0,-1,-1,4
1152374,3,24,-1,-1,4
1151541,17,44,-1,-1,6
1151034,51,19,-1,-1,3
1150871,42,49,-1,-1,2
1151079,45,29,-1,-1,1
1147565,61,61,-1,-1,6
1150064,7,35,-1,-1,2
1148760,0,29,-1,-1,0
1152233,22,30,-1,-1,5
1145928,16,15,-1,-1,5
1151276,2,8,-1,-1,0
1150793,60,48,-1,-1,1
1152172,3,41,-1,-1,6
1150479,27,11,-1,-1,1
1152211,38,42,-1,-1,1
1150410,5,22,-1,-1,1
1152807,37,6,-1,-1,6
1152681,6,22,-1,-1,0
1148706,6,52,-1,-1,2
1151931,9,29,-1,-1,6
1152152,42,14,-1,-1,6
1143417,11,1,-1,-1,5
1152013,1,42,-1,-1,0
1151057,61,14,-1,-1,1
1149746,28,55,-1,-1,0
1148099,0,22,-1,-1,3
1149235,17,14,-1,-1,7
1148243,18,19,-1,-1,3
1152103,20,56,-1,-1,5
1152245,60,0,-1,-1,5
1148498,24,24,-1,-1,5
1149953,26,37,-1,-1,3
1145845,55,5,-1,-1,0
1152045,36,61,-1,-1,0
1143859,44,21,-1,-1,3
1151520,58,9,-1,-1,7
1146112,56,13,-1,-1,7
1150285,46,60,-1,-1,1
1146803,39,6,-1,-1,2
1152219,58,17,-1,-1,3
1149375,22,38,-1,-1,2
1151157,0,61,-1,-1,2
1152483,30,3,-1,-1,6
1143799,6,13,-1,-1,5
1151892,5,5,-1,-1,1
1143951,8,40,-1,-1,5
1152606,14,42,-1,-1,1
1150182,49,59,-1,-1,1
1152462,58,28,-1,-1,3
1152281,33,23,-1,-1,1
1152541,40,26,-1,-1,7
1152679,44,4,-1,-1,7
1149875,23,37,-1,-1,7
1151872,31,30,-1,-1,2
1150794,50,19,-1,-1,2
1146987,8,4,-1,-1,0
1152441,61,53,-1,-1,2
1151516,10,57,-1,-1,1
1152006,48,9,-1,-1,7
1144138,24,43,-1,-1,4
1147734,27,17,-1,-1,4
1152138,33,10,-1,-1,0
1144903,61,48,-1,-1,7
1152771,60,17,-1,-1,0
1150894,27,56,-1,-1,3
1146675,44,7,-1,-1,1
1152193,61,16,-1,-1,7
1149784,5,36,-1,-1,4
1152016,30,55,-1,-1,4
1140679,27,19,-1,-1,4
1151249,1,10,-1,-1,2
1148541,6,16,-1,-1,2
1152816,20,45,-1,-1,3
1144944,58,56,-1,-1,4
1148779,35,24,-1,-1,0
1139867,6,60,-1,-1,1
1152736,17,58,-1,-1,5
1149431,32,30,-1,-1,1
1142398,61,8,-1,-1,1
1151202,26,6,-1,-1,0
1152052,15,55,-1,-1,3
1151947,50,1,-1,-1,0
1150783,53,4,-1,-1,5
1152567,22,51,-1,-1,6
1144489,26,33,-1,-1,4
1147116,21,48,-1,-1,7
1151510,31,16,-1,-1,1
1149444,39,14,-1,-1,1
1147908,15,53,-1,-1,4
1152805,34,60,-1,-1,7
1149396,43,56,-1,-1,6
1151037,25,34,-1,-1,2
1148873,47,4,-1,-1,1
1152126,59,8,-1,-1,7
1150907,6,58,-1,-1,7
1150918,21,3,-1,-1,3
1150325,15,41,-1,-1,2
1150493,31,28,-1,-1,4
1144895,9,35,-1,-1,0
1150960,11,9,-1,-1,0
1146919,55,34,-1,-1,1
1152328,30,51,-1,-1,0
1152628,0,43,-1,-1,2
1151286,17,38,-1,-1,4
1149515,43,13,-1,-1,3
1152629,56,59,-1,-1,4
1147611,31,2,-1,-1,7
1143385,54,19,-1,-1,1
1143918,15,50,-1,-1,6
1145775,60,16,-1,-1,0
1121597,59,49,-1,-1,4
1149156,11,46,-1,-1,0
1147596,16,13,-1,-1,6
1151619,40,37,-1,-1,7
1152195,43,58,-1,-1,5
1149988,19,57,-1,-1,7
1150686,45,39,-1,-1,2
1152035,49,45,-1,-1,3
1152370,52,46,-1,-1,0
1148935,0,59,-1,-1,1
1149012,51,16,-1,-1,5
1152562,35,16,-1,-1,3
1149920,42,43,-1,-1,7
1151356,51,59,-1,-1,4
1152503,47,2,-1,-1,4
1149799,19,50,-1,-1,0
1151978,28,57,-1,-1,1
1151077,56,3,-1,-1,5
1147000,5,58,-1,-1,4
1151691,42,18,-1,-1,0
1150264,8,54,-1,-1,7
1150139,46,21,-1,-1,0
1149602,48,0,-1,-1,2
1148229,30,24,-1,-1,5
1146425,54,26,-1,-1,3
1146229,18,41,-1,-1,0
1152453,15,59,-1,-1,0
1150459,7,13,-1,-1,0
1152007,27,44,-1,-1,5
1148477,43,32,-1,-1,4
1152744,30,48,-1,-1,7
1152319,43,11,-1,-1,3
1151493,30,15,-1,-1,1
1150032,29,1,-1,-1,2
1146186,25,42,-1,-1,2
1146050,11,29,-1,-1,2
1147911,41,27,-1,-1,7
1151112,5,60,-1,-1,3
1150570,7,18,-1,-1,3
1151864,30,42,-1,-1,1
1151457,5,54,-1,-1,1
1148041,49,50,-1,-1,0
1148651,36,50,-1,-1,3
1151218,40,23,-1,-1,5
1151679,33,43,-1,-1,0
1150095,44,12,-1,-1,1
1152522,21,45,-1,-1,6
1149791,18,45,-1,-1,7
1150712,12,34,-1,-1,3
1149498,7,14,-1,-1,5
1152622,57,16,-1,-1,4
1147619,51,56,-1,-1,7
1152509,37,34,-1,-1,4
1148199,22,22,-1,-1,2
1151643,61,22,-1,-1,6
1150065,30,50,-1,-1,7
1139334,53,38,-1,-1,5
1145864,16,48,-1,-1,4
1151026,60,34,-1,-1,5
1152054,21,49,-1,-1,3
1152249,20,12,-1,-1,7
1145788,31,17,-1,-1,3
1147588,39,17,-1,-1,4
1147252,46,12,-1,-1,3
1152798,38,22,-1,-1,2
1151258,29,29,-1,-1,5
1151545,22,23,-1,-1,6
1151251,17,29,-1,-1,0
1149588,54,55,-1,-1,2
1151341,39,24,-1,-1,2
1145829,53,0,-1,-1,7
1150818,31,12,-1,-1,5
1149908,33,56,-1,-1,4
1149849,45,38,-1,-1,1
1152598,30,40,-1,-1,7
1142800,11,28,-1,-1,0
1152009,53,9,-1,-1,3
1148437,43,52,-1,-1,1
1146548,53,59,-1,-1,4
1148405,2,12,-1,-1,3
1152642,46,13,-1,-1,1
1150933,28,37,-1,-1,4
1149855,19,58,-1,-1,0
1151319,34,3,-1,-1,0
1146677,11,38,-1,-1,6
1151839,30,41,-1,-1,4
1148790,11,42,-1,-1,2
1151993,50,35,-1,-1,6
1150016,15,35,-1,-1,2
1151780,57,46,-1,-1,7
1150242,47,47,-1,-1,3
1152373,35,56,-1,-1,6
1147812,44,41,-1,-1,6
1151835,28,6,-1,-1,1
1152789,8,56,-1,-1,4
1149637,38,4,-1,-1,2
1132380,59,2,-1,-1,4
1147956,52,7,-1,-1,3
1146535,51,29,-1,-1,7
1152230,29,43,-1,-1,6
1144570,14,57,-1,-1,5
1148587,0,51,-1,-1,5
1148317,58,39,-1,-1,1
1144588,45,5,-1,-1,7
1149756,47,56,-1,-1,6
1151297,1,30,-1,-1,2
1146322,7,39,-1,-1,4
1149777,20,35,-1,-1,3
1151118,34,33,-1,-1,0
1152428,13,9,-1,-1,3
1143490,21,59,-1,-1,7
1152253,27,29,-1,-1,4
1151857,34,32,-1,-1,0
1151877,57,21,-1,-1,1
1151343,43,39,-1,-1,2
1152252,27,10,-1,-1,3
1152587,25,60,-1,-1,6
1148755,17,28,-1,-1,2
1149655,60,28,-1,-1,7
1149753,21,32,-1,-1,3
1147035,28,44,-1,-1,3
1152362,30,11,-1,-1,0
1152686,3,53,-1,-1,3
1152536,61,34,-1,-1,2
1151058,44,32,-1,-1,5
1152786,24,52,-1,-1,0
1152812,34,54,-1,-1,1
1152859,52,25,-1,-1,2
