# org_id,org_cellx,org_celly,org_forage_target,org_group_id,org_facing
8599232,51,34,-1,-1,7
8599265,45,21,-1,-1,5
8575111,54,34,-1,-1,4
8596244,1,39,-1,-1,2
8590708,33,18,-1,-1,3
8595546,24,15,-1,-1,2
8595867,18,40,-1,-1,7
8598958,40,34,-1,-1,5
8599248,33,33,-1,-1,6
8592910,17,16,-1,-1,7
8599052,33,10,-1,-1,1
8597900,0,12,-1,-1,4
8597181,58,46,-1,-1,5
8599215,7,46,-1,-1,4
8594413,44,44,-1,-1,5
8598166,42,24,-1,-1,6
8598367,22,33,-1,-1,1
8597749,17,15,-1,-1,4
8591241,22,8,-1,-1,2
8598298,13,20,-1,-1,0
8598962,25,8,-1,-1,7
8596214,47,36,-1,-1,2
8598492,22,0,-1,-1,2
8598203,12,8,-1,-1,5
8598104,51,15,-1,-1,4
8598797,13,29,-1,-1,5
8598341,40,43,-1,-1,3
8596130,45,40,-1,-1,3
8597373,4,13,-1,-1,0
8585098,26,43,-1,-1,4
8598149,4,22,-1,-1,3
8597460,14,38,-1,-1,3
8595699,1,53,-1,-1,1
8595941,43,45,-1,-1,2
8597403,0,47,-1,-1,4
8595974,50,26,-1,-1,5
8599679,10,39,-1,-1,5
8598160,49,22,-1,-1,6
8598436,18,45,-1,-1,1
8596156,51,20,-1,-1,7
8599182,33,3,-1,-1,0
8598146,50,34,-1,-1,1
8597553,32,3,-1,-1,3
8592118,33,16,-1,-1,7
8596067,25,45,-1,-1,1
8594708,55,37,-1,-1,1
8591810,42,47,-1,-1,2
8578685,4,14,-1,-1,7
8598037,42,40,-1,-1,2
8599462,15,7,-1,-1,3
8599631,16,44,-1,-1,7
8597115,1,24,-1,-1,0
8596359,43,2,-1,-1,4
8591003,5,27,-1,-1,7
8597094,17,54,-1,-1,1
8597747,47,55,-1,-1,0
8598509,53,51,-1,-1,0
8594960,47,41,-1,-1,7
8598013,10,41,-1,-1,2
8592048,36,39,-1,-1,6
8599296,21,37,-1,-1,7
8596881,4,50,-1,-1,7
8598678,37,40,-1,-1,3
8579140,49,37,-1,-1,3
8596250,3,12,-1,-1,1
8596202,20,34,-1,-1,4
8596808,19,42,-1,-1,7
8592145,29,39,-1,-1,3
8596775,45,52,-1,-1,1
8599514,36,20,-1,-1,6
8584125,40,8,-1,-1,1
8598327,6,34,-1,-1,0
8597937,9,29,-1,-1,3
8595554,13,56,-1,-1,4
8597131,34,52,-1,-1,6
8599646,34,45,-1,-1,0
8591908,22,37,-1,-1,4
8590670,26,17,-1,-1,4
8597870,0,15,-1,-1,2
8597413,10,23,-1,-1,6
8599171,40,47,-1,-1,6
8598761,52,11,-1,-1,0
8587868,35,40,-1,-1,7
8590740,57,21,-1,-1,7
8597672,19,15,-1,-1,5
8597781,20,33,-1,-1,1
8597563,37,45,-1,-1,6
8598589,15,18,-1,-1,2
8594523,48,33,-1,-1,5
8599243,56,28,-1,-1,5
8589371,35,3,-1,-1,0
8599103,53,25,-1,-1,5
8598297,54,47,-1,-1,1
8598634,11,43,-1,-1,0
8596996,12,33,-1,-1,6
8597579,9,32,-1,-1,4
8598346,37,25,-1,-1,4
8598953,28,55,-1,-1,7
8598661,31,10,-1,-1,7
8598471,11,2,-1,-1,2
8596393,52,51,-1,-1,7
8599309,31,26,-1,-1,1
8598322,8,45,-1,-1,0
8594365,36,16,-1,-1,4
8597956,27,12,-1,-1,4
8597787,58,9,-1,-1,4
8599097,48,9,-1,-1,5
8598687,52,50,-1,-1,3
8599035,14,52,-1,-1,4
8596273,3,1,-1,-1,2
8594495,45,16,-1,-1,2
8596982,45,34,-1,-1,0
8597656,53,3,-1,-1,5
8599125,23,51,-1,-1,7
8597392,40,52,-1,-1,3
8598670,37,21,-1,-1,7
8598802,38,4,-1,-1,0
8589834,1,1,-1,-1,6
8588125,52,49,-1,-1,2
8598357,54,24,-1,-1,3
8595420,1,16,-1,-1,7
8599286,34,1,-1,-1,6
8597466,7,32,-1,-1,6
8598062,45,0,-1,-1,5
8598309,12,18,-1,-1,0
8593373,23,8,-1,-1,4
8598246,56,24,-1,-1,7
8599223,30,56,-1,-1,5
8598345,34,15,-1,-1,3
8588112,34,5,-1,-1,4
8591313,17,23,-1,-1,3
8598818,37,34,-1,-1,6
8596581,15,17,-1,-1,5
8596055,46,8,-1,-1,0
8597993,57,25,-1,-1,6
8599330,30,7,-1,-1,0
8597431,18,14,-1,-1,0
8587654,15,1,-1,-1,0
8593879,12,40,-1,-1,2
8588182,41,57,-1,-1,1
8596553,37,58,-1,-1,0
8599626,0,28,-1,-1,4
8599581,44,38,-1,-1,5
8596841,13,39,-1,-1,7
8595221,54,54,-1,-1,6
8598002,20,25,-1,-1,5
8595352,53,21,-1,-1,4
8594990,26,37,-1,-1,4
8597986,37,57,-1,-1,3
8598810,25,20,-1,-1,1
8594763,1,49,-1,-1,2
8599206,50,53,-1,-1,6
8596833,27,37,-1,-1,6
8587908,13,35,-1,-1,0
8598231,39,11,-1,-1,0
8598757,50,9,-1,-1,1
8594051,9,24,-1,-1,1
8593463,1,44,-1,-1,7
8596964,16,24,-1,-1,3
8592780,5,3,-1,-1,1
8598725,15,34,-1,-1,1
8597852,3,51,-1,-1,2
8594887,24,46,-1,-1,3
8593494,23,52,-1,-1,5
8588662,14,15,-1,-1,3
8596257,50,20,-1,-1,3
8598052,9,26,-1,-1,5
8598515,24,28,-1,-1,1
8597632,30,33,-1,-1,5
8599433,32,30,-1,-1,6
8592928,41,53,-1,-1,2
8599652,22,16,-1,-1,0
8589341,44,12,-1,-1,3
8598529,27,36,-1,-1,5
8599623,36,45,-1,-1,4
8594024,27,24,-1,-1,3
8597604,6,22,-1,-1,4
8598140,15,21,-1,-1,5
8597967,44,52,-1,-1,3
8591905,15,35,-1,-1,5
8597649,6,3,-1,-1,1
8594405,8,58,-1,-1,0
8592729,31,55,-1,-1,4
8599532,27,1,-1,-1,0
8596495,38,35,-1,-1,7
8597827,39,51,-1,-1,5
8597231,10,11,-1,-1,7
8598700,26,5,-1,-1,4
8598822,23,34,-1,-1,1
8595348,2,12,-1,-1,3
8597096,0,1,-1,-1,4
8599476,55,10,-1,-1,1
8596215,13,10,-1,-1,0
8599319,10,54,-1,-1,1
8597591,53,54,-1,-1,1
8597421,52,55,-1,-1,7
8599157,22,36,-1,-1,3
8598175,6,5,-1,-1,5
8588184,2,49,-1,-1,0
8599322,11,18,-1,-1,6
8599278,44,40,-1,-1,0
8595849,11,8,-1,-1,1
8594421,6,48,-1,-1,1
8598511,41,30,-1,-1,0
8599382,57,27,-1,-1,6
8596636,44,23,-1,-1,0
8597260,9,47,-1,-1,1
8591402,25,18,-1,-1,0
8598784,5,18,-1,-1,0
8597702,24,13,-1,-1,4
8596445,7,10,-1,-1,7
8599663,39,25,-1,-1,2
8594295,9,40,-1,-1,1
8592302,35,21,-1,-1,2
8588741,8,44,-1,-1,7
8595978,42,18,-1,-1,1
8596360,7,45,-1,-1,3
8599563,39,10,-1,-1,7
8592158,52,19,-1,-1,2
8595301,39,43,-1,-1,6
8596392,46,51,-1,-1,6
8597196,30,6,-1,-1,1
8596687,58,6,-1,-1,4
8596026,45,56,-1,-1,5
8599441,3,2,-1,-1,2
8599335,18,52,-1,-1,5
8598841,15,22,-1,-1,7
8598701,45,46,-1,-1,2
8599636,23,29,-1,-1,0
8598287,15,41,-1,-1,0
8596956,9,50,-1,-1,4
8597734,0,3,-1,-1,4
8594005,33,46,-1,-1,6
8598494,19,45,-1,-1,2
8597577,41,13,-1,-1,2
8582212,45,53,-1,-1,0
8597616,11,28,-1,-1,5
8597137,13,57,-1,-1,2
8599459,5,4,-1,-1,0
8598927,47,14,-1,-1,4
8597767,41,18,-1,-1,3
8596745,54,19,-1,-1,5
8599323,27,45,-1,-1,2
8598928,49,51,-1,-1,1
8598702,4,10,-1,-1,0
8593171,9,58,-1,-1,2
8596967,39,46,-1,-1,3
8598946,27,3,-1,-1,7
8599116,39,28,-1,-1,6
8597048,39,30,-1,-1,6
8596472,2,9,-1,-1,6
8593079,29,25,-1,-1,4
8590554,33,43,-1,-1,5
8594831,45,33,-1,-1,3
8599528,48,30,-1,-1,3
8593855,57,3,-1,-1,7
8592881,31,51,-1,-1,7
8590415,56,19,-1,-1,2
8596569,38,50,-1,-1,3
8594755,28,51,-1,-1,6
8597607,38,15,-1,-1,7
8594215,9,1,-1,-1,7
8581697,58,30,-1,-1,4
8596654,32,34,-1,-1,6
8599306,43,16,-1,-1,3
8589323,38,2,-1,-1,0
8596844,36,6,-1,-1,7
8594565,15,52,-1,-1,6
8595293,11,35,-1,-1,2
8597491,28,22,-1,-1,2
8598626,28,6,-1,-1,6
8594849,4,49,-1,-1,7
8597354,34,58,-1,-1,1
8595901,37,53,-1,-1,0
8597393,17,37,-1,-1,7
8598560,45,30,-1,-1,4
8594996,3,34,-1,-1,5
8598606,38,5,-1,-1,4
8599352,57,44,-1,-1,7
8595275,10,49,-1,-1,6
8592122,40,14,-1,-1,3
8592841,47,20,-1,-1,0
8595816,7,15,-1,-1,0
8598333,51,42,-1,-1,3
8597603,17,8,-1,-1,5
8593325,48,5,-1,-1,5
8598913,37,26,-1,-1,1
8593012,40,42,-1,-1,4
8597035,21,48,-1,-1,3
8596297,22,43,-1,-1,0
8594032,45,57,-1,-1,4
8598890,51,41,-1,-1,2
8596094,8,5,-1,-1,3
8590594,52,54,-1,-1,7
8596637,8,2,-1,-1,1
8598829,29,29,-1,-1,1
8599038,42,25,-1,-1,0
8597420,0,24,-1,-1,3
8592475,17,1,-1,-1,4
8596915,41,1,-1,-1,2
8597863,9,51,-1,-1,4
8597501,39,54,-1,-1,0
8595737,0,17,-1,-1,0
8597512,17,55,-1,-1,3
8597291,0,22,-1,-1,3
8598704,31,13,-1,-1,0
8595399,47,48,-1,-1,3
8598926,58,47,-1,-1,7
8598081,45,37,-1,-1,1
8595792,46,53,-1,-1,5
8598209,38,17,-1,-1,7
8599325,8,36,-1,-1,1
8599449,9,54,-1,-1,6
8599154,46,33,-1,-1,5
8598911,42,33,-1,-1,2
8599633,4,32,-1,-1,5
8599499,39,50,-1,-1,0
8595651,29,54,-1,-1,4
8594521,16,38,-1,-1,7
8598791,45,55,-1,-1,3
8597527,29,48,-1,-1,5
8598968,39,3,-1,-1,2
8598611,3,52,-1,-1,4
8595290,37,1,-1,-1,4
8599451,40,16,-1,-1,3
8598763,49,44,-1,-1,5
8598522,1,0,-1,-1,4
8599318,29,45,-1,-1,7
8587497,16,33,-1,-1,2
8581583,12,15,-1,-1,5
8597206,4,56,-1,-1,2
8592751,54,12,-1,-1,5
8598925,47,23,-1,-1,5
8592522,37,47,-1,-1,1
8595719,53,39,-1,-1,3
8598806,26,49,-1,-1,7
8590980,54,9,-1,-1,1
8596483,9,4,-1,-1,6
8592349,38,19,-1,-1,7
8587245,45,18,-1,-1,6
8598750,51,45,-1,-1,0
8597328,57,35,-1,-1,0
8587656,43,28,-1,-1,7
8596910,22,38,-1,-1,6
8599481,9,9,-1,-1,5
8598402,13,36,-1,-1,0
8599020,55,43,-1,-1,1
8596312,49,28,-1,-1,3
8597114,39,1,-1,-1,4
8598465,35,26,-1,-1,3
8598888,18,5,-1,-1,0
8593036,18,26,-1,-1,0
8597440,30,14,-1,-1,0
8598865,32,49,-1,-1,1
8598311,50,49,-1,-1,2
8596085,28,8,-1,-1,7
8594967,46,17,-1,-1,4
8599519,31,18,-1,-1,0
8597281,43,48,-1,-1,2
8599698,13,53,-1,-1,4
8595531,6,40,-1,-1,4
8597794,31,58,-1,-1,6
8598495,15,26,-1,-1,4
8596504,38,34,-1,-1,1
8598061,58,17,-1,-1,0
8594176,53,37,-1,-1,0
8599615,44,19,-1,-1,1
8599549,21,3,-1,-1,5
8599452,43,50,-1,-1,1
8599490,37,56,-1,-1,0
8595018,20,38,-1,-1,5
8598934,50,13,-1,-1,5
8598428,25,0,-1,-1,5
8597447,33,23,-1,-1,6
8597665,48,10,-1,-1,1
8585574,40,38,-1,-1,0
8593249,6,54,-1,-1,1
8599478,38,24,-1,-1,3
8595871,57,57,-1,-1,3
8595442,37,52,-1,-1,5
8588589,24,25,-1,-1,0
8596502,19,57,-1,-1,6
8598776,4,40,-1,-1,4
8599128,32,41,-1,-1,6
8598754,51,10,-1,-1,4
8599656,51,53,-1,-1,4
8596374,31,15,-1,-1,7
8598029,46,9,-1,-1,0
8588522,28,57,-1,-1,5
8599521,43,23,-1,-1,0
8598193,4,3,-1,-1,6
8597769,39,48,-1,-1,2
8596090,21,45,-1,-1,4
8569789,54,21,-1,-1,6
8599506,1,14,-1,-1,7
8590878,32,9,-1,-1,4
8599558,34,12,-1,-1,2
8594653,19,43,-1,-1,1
8599031,24,8,-1,-1,4
8596958,21,34,-1,-1,4
8598464,46,32,-1,-1,0
8598873,22,57,-1,-1,4
8599195,23,4,-1,-1,5
8596931,35,25,-1,-1,6
8598759,24,24,-1,-1,1
8595688,19,25,-1,-1,4
8595504,6,28,-1,-1,6
8599327,48,26,-1,-1,1
8596847,24,49,-1,-1,0
8597165,29,42,-1,-1,7
8599355,38,31,-1,-1,0
8594917,45,3,-1,-1,4
8592916,29,32,-1,-1,1
8595326,56,25,-1,-1,6
8599692,10,40,-1,-1,4
8595863,16,34,-1,-1,5
8599425,19,35,-1,-1,4
8599651,7,57,-1,-1,0
8597340,58,38,-1,-1,7
8589117,36,34,-1,-1,7
8596233,20,53,-1,-1,5
8598668,30,45,-1,-1,1
8590444,24,44,-1,-1,7
8597182,13,21,-1,-1,1
8596144,35,56,-1,-1,5
8597982,16,39,-1,-1,1
8596366,24,1,-1,-1,7
8596674,13,26,-1,-1,0
8597191,25,31,-1,-1,1
8596108,18,27,-1,-1,4
8594333,2,30,-1,-1,3
8597482,17,10,-1,-1,5
8599610,0,51,-1,-1,2
8598280,39,16,-1,-1,3
8599583,34,22,-1,-1,0
8599399,47,2,-1,-1,7
8598679,17,22,-1,-1,7
8595623,8,38,-1,-1,4
8596519,50,15,-1,-1,2
8595038,10,46,-1,-1,2
8599629,41,9,-1,-1,0
8597776,30,25,-1,-1,6
8598119,7,42,-1,-1,0
8599505,21,19,-1,-1,6
8594449,9,42,-1,-1,6
8599273,42,13,-1,-1,6
8598637,51,28,-1,-1,0
8599677,56,4,-1,-1,7
8598318,24,16,-1,-1,5
8599092,54,36,-1,-1,2
8598798,56,6,-1,-1,0
8598691,21,42,-1,-1,3
8595995,36,22,-1,-1,0
8597750,51,37,-1,-1,5
8598755,51,56,-1,-1,6
8596539,24,5,-1,-1,3
8598186,51,25,-1,-1,5
8599221,14,37,-1,-1,6
8599688,55,52,-1,-1,4
8596216,10,52,-1,-1,1
8599466,45,6,-1,-1,4
8595102,5,40,-1,-1,3
8597117,24,56,-1,-1,7
8598615,5,16,-1,-1,1
8599711,21,43,-1,-1,2
8595838,14,39,-1,-1,5
8590718,38,7,-1,-1,0
8598188,28,36,-1,-1,4
8599324,47,39,-1,-1,1
8599246,50,12,-1,-1,7
8598830,53,7,-1,-1,3
8598859,9,22,-1,-1,2
8595374,16,45,-1,-1,7
8592256,37,13,-1,-1,6
8596742,43,34,-1,-1,6
8599469,10,32,-1,-1,5
8592358,26,11,-1,-1,7
8598092,37,20,-1,-1,7
8595645,55,24,-1,-1,6
8596477,7,53,-1,-1,6
8597170,51,46,-1,-1,3
8595214,28,32,-1,-1,5
8597560,16,19,-1,-1,7
8599665,39,0,-1,-1,2
8593060,13,44,-1,-1,4
8598210,43,54,-1,-1,0
8586133,21,15,-1,-1,1
8592728,52,4,-1,-1,7
8592128,35,51,-1,-1,1
8596335,32,50,-1,-1,3
8599668,53,23,-1,-1,1
8599374,37,46,-1,-1,4
8598277,21,35,-1,-1,0
8599300,35,14,-1,-1,3
8598250,40,10,-1,-1,4
8595803,41,40,-1,-1,0
8596871,8,24,-1,-1,6
8599484,9,27,-1,-1,1
8597142,53,9,-1,-1,2
8599161,45,8,-1,-1,5
8591240,46,36,-1,-1,0
8598655,15,40,-1,-1,3
8599548,47,42,-1,-1,2
8592570,23,33,-1,-1,1
8595907,23,26,-1,-1,1
8598552,8,43,-1,-1,1
8599387,8,53,-1,-1,0
8598353,15,50,-1,-1,0
8599142,29,40,-1,-1,5
8598963,28,11,-1,-1,4
8599414,48,36,-1,-1,4
8596789,46,3,-1,-1,3
8598196,55,41,-1,-1,6
8599513,45,24,-1,-1,6
8594314,35,16,-1,-1,2
8594966,16,28,-1,-1,6
8598988,47,28,-1,-1,0
8598656,6,7,-1,-1,4
8599428,56,15,-1,-1,5
8599495,1,23,-1,-1,0
8598053,42,49,-1,-1,6
8592469,17,47,-1,-1,7
8599159,11,11,-1,-1,5
8599620,27,9,-1,-1,0
8591232,5,12,-1,-1,6
8599423,24,10,-1,-1,3
8587391,50,48,-1,-1,2
8598677,42,35,-1,-1,0
8597255,1,47,-1,-1,4
8595075,14,24,-1,-1,4
8598645,10,6,-1,-1,7
8596901,26,3,-1,-1,2
8598959,33,52,-1,-1,6
8598608,58,33,-1,-1,4
8597711,29,2,-1,-1,0
8592855,35,57,-1,-1,4
8599611,31,56,-1,-1,3
8599578,46,37,-1,-1,4
8596405,48,45,-1,-1,2
8596433,48,35,-1,-1,1
8599074,19,11,-1,-1,1
8598427,18,16,-1,-1,5
8598113,1,40,-1,-1,7
8598144,0,16,-1,-1,4
8597633,11,46,-1,-1,7
8596697,52,5,-1,-1,2
8598073,53,44,-1,-1,0
8596709,5,21,-1,-1,0
8591165,55,40,-1,-1,4
8598738,42,10,-1,-1,3
8597545,2,29,-1,-1,2
8594120,6,24,-1,-1,0
8594999,0,29,-1,-1,2
8598388,22,23,-1,-1,2
8593986,49,18,-1,-1,7
8598539,44,27,-1,-1,4
8593970,22,53,-1,-1,6
8599671,29,7,-1,-1,6
8595517,46,48,-1,-1,1
8595510,47,49,-1,-1,1
8597830,49,40,-1,-1,3
8598917,28,19,-1,-1,1
8594858,38,16,-1,-1,7
8596780,27,40,-1,-1,5
8596283,16,50,-1,-1,7
8596677,49,15,-1,-1,3
8598392,5,52,-1,-1,1
8599213,6,10,-1,-1,1
8596621,4,9,-1,-1,3
8597411,18,46,-1,-1,5
8592715,55,53,-1,-1,0
8594908,56,31,-1,-1,6
8597727,43,8,-1,-1,5
8599378,38,27,-1,-1,0
8597085,51,48,-1,-1,2
8598070,26,22,-1,-1,1
8597496,26,1,-1,-1,6
8598056,56,11,-1,-1,3
8588195,31,57,-1,-1,0
8598591,20,58,-1,-1,1
8595272,41,42,-1,-1,5
8597921,30,26,-1,-1,5
8593258,47,54,-1,-1,3
8595447,48,11,-1,-1,3
8598558,47,30,-1,-1,0
8597226,12,47,-1,-1,7
8598833,23,1,-1,-1,3
8598249,0,39,-1,-1,0
8598851,47,52,-1,-1,2
8598937,4,54,-1,-1,5
8598849,25,52,-1,-1,4
8592844,51,54,-1,-1,0
8594497,12,23,-1,-1,7
8598832,19,9,-1,-1,5
8594513,9,41,-1,-1,6
8597152,35,49,-1,-1,5
8596587,41,32,-1,-1,4
8598271,19,18,-1,-1,4
8595843,37,50,-1,-1,7
8596189,50,32,-1,-1,2
8598698,41,19,-1,-1,5
8576286,37,49,-1,-1,0
8595239,27,56,-1,-1,6
8598164,43,14,-1,-1,2
8591486,34,36,-1,-1,6
8597659,19,17,-1,-1,7
8598219,15,6,-1,-1,1
8595535,11,25,-1,-1,2
8596819,17,20,-1,-1,3
8596011,22,31,-1,-1,3
8599370,36,57,-1,-1,6
8599643,52,18,-1,-1,4
8593362,10,10,-1,-1,7
8598916,1,30,-1,-1,2
8598633,52,6,-1,-1,5
8598842,20,6,-1,-1,7
8598648,25,37,-1,-1,4
8597593,9,19,-1,-1,3
8597596,23,2,-1,-1,3
8595900,0,33,-1,-1,4
8595411,13,28,-1,-1,1
8595138,40,1,-1,-1,2
8596906,2,28,-1,-1,7
8597549,9,35,-1,-1,1
8588979,17,17,-1,-1,4
8590539,33,27,-1,-1,6
8599489,29,22,-1,-1,3
8595011,30,38,-1,-1,2
8597502,35,7,-1,-1,7
8597341,39,45,-1,-1,5
8597525,36,9,-1,-1,2
8598856,33,34,-1,-1,5
8599584,32,51,-1,-1,6
8597930,48,47,-1,-1,3
8596859,32,0,-1,-1,6
8598651,57,45,-1,-1,0
8599497,12,4,-1,-1,7
8595317,37,55,-1,-1,0
8599010,22,10,-1,-1,4
8594172,58,43,-1,-1,5
8594499,19,51,-1,-1,6
8598114,57,10,-1,-1,2
8597533,57,24,-1,-1,3
8599690,8,33,-1,-1,1
8595866,36,35,-1,-1,5
8596166,46,50,-1,-1,7
8584296,54,43,-1,-1,3
8596232,10,17,-1,-1,4
8594984,16,13,-1,-1,1
8592955,42,46,-1,-1,6
8596669,42,42,-1,-1,3
8592648,20,8,-1,-1,4
8593731,2,39,-1,-1,1
8597661,47,26,-1,-1,2
8597571,13,6,-1,-1,4
8596268,37,54,-1,-1,3
8595942,2,7,-1,-1,0
8598902,51,27,-1,-1,0
8599186,56,39,-1,-1,7
8598245,47,44,-1,-1,5
8597546,53,4,-1,-1,5
8598401,27,11,-1,-1,2
8597053,50,11,-1,-1,4
8599483,56,33,-1,-1,7
8597158,57,26,-1,-1,3
8598954,10,4,-1,-1,2
8598616,6,42,-1,-1,5
8596631,55,48,-1,-1,7
8598844,53,27,-1,-1,3
8598642,5,19,-1,-1,4
8596447,29,0,-1,-1,3
8598094,40,9,-1,-1,2
8589156,14,16,-1,-1,3
8599543,25,14,-1,-1,1
8592399,18,0,-1,-1,3
8598350,13,18,-1,-1,3
8592971,28,40,-1,-1,5
8597352,7,55,-1,-1,1
8592094,17,57,-1,-1,7
8598507,4,0,-1,-1,2
8599493,2,34,-1,-1,0
8593953,8,15,-1,-1,3
8598966,54,27,-1,-1,3
8595387,52,31,-1,-1,7
8597428,17,28,-1,-1,0
8598475,26,28,-1,-1,0
8598199,21,30,-1,-1,5
8593103,33,54,-1,-1,5
8598197,7,23,-1,-1,2
8592696,28,46,-1,-1,6
8596662,46,34,-1,-1,2
8597683,10,42,-1,-1,4
8598969,38,36,-1,-1,6
8594254,47,29,-1,-1,0
8598195,10,50,-1,-1,3
8593141,0,19,-1,-1,0
8596675,47,27,-1,-1,0
8594596,23,31,-1,-1,5
8599224,58,25,-1,-1,0
8597987,15,44,-1,-1,3
8598261,37,19,-1,-1,4
8598009,50,57,-1,-1,3
8599588,17,58,-1,-1,2
8592776,14,58,-1,-1,2
8599525,52,2,-1,-1,3
8594589,37,4,-1,-1,0
8596878,22,50,-1,-1,1
8592897,40,46,-1,-1,5
8599470,38,51,-1,-1,0
8599689,15,13,-1,-1,1
8596943,55,30,-1,-1,7
8597025,31,32,-1,-1,0
8596044,6,58,-1,-1,7
8597474,43,36,-1,-1,7
8594810,36,10,-1,-1,1
8598205,35,44,-1,-1,1
8597859,24,43,-1,-1,4
8595658,55,17,-1,-1,7
8599226,24,18,-1,-1,6
8598909,27,27,-1,-1,6
8588355,17,53,-1,-1,3
8590336,6,1,-1,-1,0
8597615,45,7,-1,-1,7
8598038,0,32,-1,-1,0
8597430,21,4,-1,-1,2
8597631,3,42,-1,-1,6
8595055,55,22,-1,-1,2
8599380,10,1,-1,-1,0
8596123,50,43,-1,-1,7
8599682,3,33,-1,-1,2
8598393,46,45,-1,-1,3
8596946,22,17,-1,-1,6
8598884,34,43,-1,-1,0
8598328,43,0,-1,-1,4
8598025,43,46,-1,-1,3
8594163,32,25,-1,-1,5
8595078,41,16,-1,-1,0
8595303,2,54,-1,-1,4
8595599,27,18,-1,-1,3
8595809,40,55,-1,-1,4
8599460,23,13,-1,-1,7
8592592,38,57,-1,-1,0
8597187,31,11,-1,-1,0
8591035,35,28,-1,-1,5
8595153,44,31,-1,-1,4
8596479,24,27,-1,-1,1
8599198,29,52,-1,-1,5
8599545,23,46,-1,-1,3
8599034,43,13,-1,-1,1
8599635,20,16,-1,-1,6
8597464,32,40,-1,-1,4
8597122,51,57,-1,-1,3
8598012,5,54,-1,-1,2
8597145,49,46,-1,-1,2
8592224,8,52,-1,-1,0
8596004,53,52,-1,-1,5
8594522,7,52,-1,-1,0
8597401,6,30,-1,-1,1
8594085,41,10,-1,-1,4
8597946,50,55,-1,-1,6
8599568,35,5,-1,-1,5
8598083,4,29,-1,-1,7
8599448,28,47,-1,-1,5
8594165,13,0,-1,-1,6
8599402,48,12,-1,-1,6
8595342,39,2,-1,-1,2
8598739,25,28,-1,-1,7
8598284,41,43,-1,-1,3
8598867,39,38,-1,-1,2
8598694,14,20,-1,-1,2
8595332,13,19,-1,-1,6
8598952,41,25,-1,-1,4
8599150,8,18,-1,-1,1
8587822,54,18,-1,-1,2
8597797,42,55,-1,-1,1
8599464,21,18,-1,-1,3
8598010,49,47,-1,-1,2
8598659,7,27,-1,-1,4
8597443,18,34,-1,-1,0
8594660,42,1,-1,-1,2
8597743,17,51,-1,-1,5
8596139,40,19,-1,-1,7
8599003,41,31,-1,-1,5
8597538,53,46,-1,-1,0
8591744,26,13,-1,-1,5
8598110,7,58,-1,-1,7
8596431,17,35,-1,-1,0
8599169,41,51,-1,-1,0
8597102,24,7,-1,-1,4
8588962,13,54,-1,-1,2
8595864,7,41,-1,-1,0
8597119,28,34,-1,-1,5
8586046,9,2,-1,-1,5
8593492,34,25,-1,-1,4
8597240,25,58,-1,-1,2
8599029,1,57,-1,-1,2
8589009,0,9,-1,-1,0
8598128,13,47,-1,-1,5
8598179,38,42,-1,-1,2
8583226,57,5,-1,-1,1
8595312,12,16,-1,-1,5
8598753,57,4,-1,-1,0
8597037,19,53,-1,-1,0
8596174,21,36,-1,-1,4
8598006,37,17,-1,-1,2
8599057,47,18,-1,-1,0
8595982,38,22,-1,-1,7
8599482,39,29,-1,-1,4
8598664,7,14,-1,-1,1
8594023,46,0,-1,-1,2
8599282,5,57,-1,-1,6
8595043,4,37,-1,-1,3
8594719,32,45,-1,-1,0
8591766,23,47,-1,-1,6
8597259,47,10,-1,-1,3
8593143,42,43,-1,-1,7
8599119,43,33,-1,-1,7
8598100,35,18,-1,-1,2
8594923,2,32,-1,-1,0
8595231,15,38,-1,-1,0
8598760,34,0,-1,-1,4
8598294,11,13,-1,-1,4
8599567,31,39,-1,-1,0
8597303,25,7,-1,-1,4
8598957,31,19,-1,-1,7
8592862,17,9,-1,-1,5
8598226,13,3,-1,-1,7
8597692,41,8,-1,-1,6
8586830,48,54,-1,-1,1
8597018,56,12,-1,-1,5
8598693,42,4,-1,-1,0
8597732,37,12,-1,-1,3
8595427,28,13,-1,-1,7
8599512,35,46,-1,-1,1
8590679,30,20,-1,-1,4
8595318,12,26,-1,-1,6
8599227,28,52,-1,-1,0
8598260,7,6,-1,-1,5
8591511,21,0,-1,-1,2
8595981,33,31,-1,-1,1
8593992,43,4,-1,-1,4
8596161,15,25,-1,-1,3
8598736,11,24,-1,-1,6
8599176,45,28,-1,-1,3
8584036,29,56,-1,-1,6
8598046,4,7,-1,-1,2
8593483,14,43,-1,-1,0
8588380,6,46,-1,-1,0
8594554,58,41,-1,-1,5
8598254,41,38,-1,-1,3
8596971,22,11,-1,-1,1
8594877,34,20,-1,-1,0
8597745,23,15,-1,-1,6
8598262,16,9,-1,-1,6
8597887,37,15,-1,-1,7
8595593,5,37,-1,-1,1
8598989,21,33,-1,-1,3
8597266,32,29,-1,-1,4
8596020,17,19,-1,-1,1
8596803,51,35,-1,-1,2
8599574,36,43,-1,-1,2
8594425,4,47,-1,-1,4
8598021,9,57,-1,-1,4
8598286,37,23,-1,-1,7
8592670,45,48,-1,-1,0
8598896,44,15,-1,-1,5
8597498,27,43,-1,-1,7
8599088,22,7,-1,-1,2
8598211,20,23,-1,-1,4
8599131,46,22,-1,-1,5
8598518,4,18,-1,-1,0
8596337,48,15,-1,-1,2
8599292,48,57,-1,-1,7
8597752,55,0,-1,-1,3
8598864,14,27,-1,-1,7
8589424,11,1,-1,-1,6
8594774,58,22,-1,-1,5
8591917,46,16,-1,-1,0
8597891,0,30,-1,-1,4
8591549,4,34,-1,-1,4
8598683,51,39,-1,-1,5
8599657,53,22,-1,-1,1
8597609,56,20,-1,-1,3
8592502,49,16,-1,-1,3
8592401,7,39,-1,-1,7
8599421,6,32,-1,-1,0
8599280,25,2,-1,-1,3
8591803,57,23,-1,-1,6
8597710,1,37,-1,-1,6
8598079,16,10,-1,-1,0
8598650,34,41,-1,-1,0
8594417,21,57,-1,-1,3
8598899,10,22,-1,-1,1
8599625,32,23,-1,-1,5
8591461,18,12,-1,-1,7
8597724,29,6,-1,-1,1
8598418,12,50,-1,-1,3
8598439,28,14,-1,-1,1
8594741,47,40,-1,-1,7
8592698,57,43,-1,-1,3
8595606,16,22,-1,-1,4
8599397,12,11,-1,-1,3
8599101,7,21,-1,-1,4
8599477,38,12,-1,-1,7
8597409,51,4,-1,-1,1
8596663,2,57,-1,-1,3
8598874,41,49,-1,-1,6
8597657,20,56,-1,-1,1
8596323,23,48,-1,-1,0
8593815,34,21,-1,-1,1
8599258,55,19,-1,-1,1
8583932,19,47,-1,-1,7
8587164,39,41,-1,-1,1
8598729,40,24,-1,-1,5
8580535,14,7,-1,-1,5
8599307,18,33,-1,-1,6
8592236,19,20,-1,-1,3
8595591,43,40,-1,-1,0
8589110,0,31,-1,-1,0
8598015,52,13,-1,-1,3
8593710,33,24,-1,-1,7
8585365,17,4,-1,-1,4
8596162,55,7,-1,-1,5
8599427,45,4,-1,-1,6
8597455,46,6,-1,-1,3
8599694,3,46,-1,-1,5
8596611,52,41,-1,-1,4
8599095,52,12,-1,-1,7
8591075,4,45,-1,-1,1
8598191,21,38,-1,-1,6
8597395,4,53,-1,-1,7
8596724,18,17,-1,-1,2
8596983,1,26,-1,-1,3
8597619,22,3,-1,-1,2
8596487,47,0,-1,-1,5
8595983,11,38,-1,-1,7
8596424,42,56,-1,-1,5
8597783,23,35,-1,-1,1
8596994,27,20,-1,-1,0
8599272,6,8,-1,-1,4
8598344,20,1,-1,-1,1
8599591,25,10,-1,-1,0
8596410,17,32,-1,-1,1
8592593,58,8,-1,-1,5
8595256,43,30,-1,-1,7
8599361,38,30,-1,-1,3
8597638,26,23,-1,-1,7
8598122,14,50,-1,-1,7
8599539,53,55,-1,-1,0
8598455,6,4,-1,-1,3
8598326,5,8,-1,-1,4
8597601,10,44,-1,-1,5
8598915,38,58,-1,-1,2
8589292,46,46,-1,-1,3
8594890,53,5,-1,-1,5
8599183,20,43,-1,-1,7
8599377,10,45,-1,-1,4
8598416,33,41,-1,-1,3
8596302,57,13,-1,-1,2
8598843,1,8,-1,-1,5
8599279,48,1,-1,-1,2
8599049,43,24,-1,-1,3
8597164,1,3,-1,-1,4
8595631,33,26,-1,-1,3
8599178,11,51,-1,-1,3
8598836,4,11,-1,-1,1
8596966,58,35,-1,-1,5
8584637,28,20,-1,-1,0
8595512,10,53,-1,-1,6
8597884,12,57,-1,-1,1
8596902,51,6,-1,-1,5
8595248,20,20,-1,-1,1
8597754,1,52,-1,-1,6
8596476,26,6,-1,-1,5
8599614,2,46,-1,-1,5
8590860,10,16,-1,-1,4
8599437,43,49,-1,-1,1
8592190,8,10,-1,-1,6
8598257,22,40,-1,-1,5
8599446,39,39,-1,-1,6
8599298,49,6,-1,-1,2
8598039,26,16,-1,-1,1
8598368,42,36,-1,-1,0
8598823,23,32,-1,-1,2
8587419,40,3,-1,-1,7
8599666,28,9,-1,-1,5
8596336,21,51,-1,-1,0
8596874,39,37,-1,-1,0
8596115,19,44,-1,-1,3
8597931,5,30,-1,-1,3
8599508,13,32,-1,-1,3
8594557,43,39,-1,-1,2
8593628,0,53,-1,-1,4
8587352,46,43,-1,-1,4
8599536,57,48,-1,-1,7
8589113,34,7,-1,-1,7
8595263,18,19,-1,-1,4
8595213,13,43,-1,-1,4
8596276,12,37,-1,-1,6
8598064,10,30,-1,-1,6
8593534,6,47,-1,-1,4
8597235,46,10,-1,-1,0
8595608,58,55,-1,-1,0
8597772,30,51,-1,-1,5
8597666,1,28,-1,-1,7
8594479,49,17,-1,-1,0
8597903,18,37,-1,-1,7
8593675,48,22,-1,-1,5
8597461,4,5,-1,-1,0
8585879,1,36,-1,-1,7
8599000,26,29,-1,-1,1
8597368,21,55,-1,-1,3
8587319,52,35,-1,-1,6
8591413,53,30,-1,-1,2
8599561,11,39,-1,-1,3
8595227,14,45,-1,-1,0
8596649,13,1,-1,-1,7
8591483,16,40,-1,-1,6
8598380,9,10,-1,-1,5
8595977,34,53,-1,-1,1
8598244,27,58,-1,-1,7
8596796,8,17,-1,-1,7
8591615,2,52,-1,-1,2
8594802,43,22,-1,-1,5
8599347,1,19,-1,-1,0
8597650,39,8,-1,-1,7
8598747,0,45,-1,-1,0
8598579,25,41,-1,-1,0
8589353,26,19,-1,-1,4
8598316,17,41,-1,-1,7
8589279,21,25,-1,-1,3
8597687,37,48,-1,-1,7
8599337,32,54,-1,-1,0
8595425,27,57,-1,-1,3
8598936,50,14,-1,-1,7
8594784,54,13,-1,-1,5
8594913,18,31,-1,-1,3
8598263,6,13,-1,-1,3
8596197,4,21,-1,-1,7
8599429,19,0,-1,-1,6
8594197,55,57,-1,-1,5
8597846,40,50,-1,-1,7
8595381,47,12,-1,-1,2
8598116,58,56,-1,-1,5
8599353,11,12,-1,-1,7
8599167,24,20,-1,-1,1
8593038,5,28,-1,-1,4
8590012,47,53,-1,-1,2
8594142,4,42,-1,-1,2
8596774,10,35,-1,-1,6
8596119,43,1,-1,-1,0
8598387,50,1,-1,-1,2
8598180,36,5,-1,-1,2
8598710,45,51,-1,-1,4
8598939,24,57,-1,-1,2
8596148,34,40,-1,-1,5
8597718,26,10,-1,-1,4
8597229,46,29,-1,-1,6
8598337,13,8,-1,-1,5
8599438,18,38,-1,-1,0
8597556,22,2,-1,-1,7
8595702,57,52,-1,-1,6
8590877,55,4,-1,-1,0
8599621,36,21,-1,-1,5
8597311,9,48,-1,-1,4
8592830,48,14,-1,-1,5
8595292,33,5,-1,-1,6
8593658,35,37,-1,-1,6
8598187,36,48,-1,-1,4
8599017,24,32,-1,-1,3
8596794,52,25,-1,-1,3
8596380,46,30,-1,-1,5
8595674,27,35,-1,-1,7
8597582,2,13,-1,-1,0
8597313,36,46,-1,-1,1
8597624,39,22,-1,-1,3
8591985,4,25,-1,-1,0
8591508,45,58,-1,-1,7
8597763,20,31,-1,-1,2
8599471,18,32,-1,-1,2
8588584,12,48,-1,-1,4
8596870,17,2,-1,-1,1
8596970,50,10,-1,-1,4
8591239,49,57,-1,-1,2
8593516,47,24,-1,-1,0
8595914,1,45,-1,-1,1
8595835,19,7,-1,-1,5
8598162,51,0,-1,-1,6
8599683,6,41,-1,-1,0
8593802,57,14,-1,-1,6
8599061,32,46,-1,-1,7
8598397,51,13,-1,-1,5
8594744,52,26,-1,-1,6
8599067,50,40,-1,-1,5
8595933,49,8,-1,-1,3
8597813,26,7,-1,-1,4
8599139,55,31,-1,-1,1
8599517,4,24,-1,-1,6
8599714,15,39,-1,-1,7
8599333,54,33,-1,-1,6
8589089,22,25,-1,-1,0
8595534,39,52,-1,-1,4
8596222,40,39,-1,-1,5
8595712,10,58,-1,-1,2
8597485,17,7,-1,-1,0
8597888,2,16,-1,-1,6
8599579,22,27,-1,-1,5
8598102,38,18,-1,-1,3
8594284,3,7,-1,-1,5
8596862,7,47,-1,-1,2
8594383,9,45,-1,-1,1
8596093,34,33,-1,-1,2
8597444,35,36,-1,-1,6
8599205,48,20,-1,-1,5
8599002,45,26,-1,-1,0
8599271,56,29,-1,-1,5
8592951,40,54,-1,-1,4
8598578,27,19,-1,-1,5
8590815,48,42,-1,-1,1
8597600,54,4,-1,-1,7
8589954,39,23,-1,-1,2
8597369,16,16,-1,-1,4
8595778,42,51,-1,-1,0
8598572,1,6,-1,-1,2
8598521,46,18,-1,-1,1
8597071,56,26,-1,-1,1
8592553,40,49,-1,-1,5
8597907,8,30,-1,-1,1
8595538,42,19,-1,-1,0
8599475,17,25,-1,-1,6
8598979,58,21,-1,-1,4
8598686,0,8,-1,-1,3
8597741,35,45,-1,-1,0
8595718,26,33,-1,-1,6
8596112,51,1,-1,-1,4
8582652,32,43,-1,-1,3
8597730,7,13,-1,-1,0
8597205,10,13,-1,-1,7
8598567,14,4,-1,-1,2
8596068,6,33,-1,-1,3
8598528,48,16,-1,-1,1
8597134,15,58,-1,-1,1
8595877,5,44,-1,-1,5
8599526,34,35,-1,-1,0
8591573,16,6,-1,-1,4
8599249,31,35,-1,-1,3
8589871,7,51,-1,-1,0
8597012,49,11,-1,-1,7
8597027,42,27,-1,-1,7
8597968,11,7,-1,-1,3
8598444,0,52,-1,-1,4
8598308,52,27,-1,-1,5
8599523,2,26,-1,-1,1
8599509,48,7,-1,-1,4
8596253,36,56,-1,-1,4
8599065,8,23,-1,-1,2
8599018,6,52,-1,-1,1
8594510,54,10,-1,-1,5
8597844,10,12,-1,-1,7
8598680,30,5,-1,-1,2
8598646,43,44,-1,-1,2
8599283,42,57,-1,-1,7
8594863,15,12,-1,-1,5
8598971,16,2,-1,-1,5
8597587,41,7,-1,-1,4
8599442,34,46,-1,-1,3
8588180,33,44,-1,-1,6
8598889,37,3,-1,-1,6
8597120,1,51,-1,-1,1
8594102,36,23,-1,-1,0
8586663,37,27,-1,-1,0
8596175,30,41,-1,-1,1
8598227,1,46,-1,-1,1
8599673,29,38,-1,-1,7
8598117,4,36,-1,-1,0
8598813,12,32,-1,-1,6
8598096,55,8,-1,-1,4
8598332,32,7,-1,-1,3
8597339,15,32,-1,-1,1
8597898,16,25,-1,-1,5
8597524,14,54,-1,-1,3
8598893,20,24,-1,-1,1
8594994,9,12,-1,-1,7
8597809,39,18,-1,-1,6
8598296,50,45,-1,-1,6
8596342,3,6,-1,-1,2
8598737,25,29,-1,-1,3
8589942,4,48,-1,-1,3
8598536,41,52,-1,-1,3
8593329,43,7,-1,-1,2
8599343,31,37,-1,-1,6
8596579,44,43,-1,-1,0
8594743,10,26,-1,-1,0
8596721,41,35,-1,-1,7
8594668,56,34,-1,-1,7
8598740,35,50,-1,-1,3
8597576,56,17,-1,-1,2
8588978,44,10,-1,-1,5
8597927,12,31,-1,-1,4
8597416,2,19,-1,-1,6
8597943,14,41,-1,-1,2
8599208,50,19,-1,-1,0
8598060,9,7,-1,-1,6
8592287,38,28,-1,-1,0
8594722,21,1,-1,-1,3
8595705,32,22,-1,-1,4
8594754,11,55,-1,-1,2
8596309,36,40,-1,-1,0
8595496,36,14,-1,-1,2
8597198,44,24,-1,-1,2
8595159,23,7,-1,-1,3
8597914,28,17,-1,-1,7
8597758,13,40,-1,-1,1
8599612,38,3,-1,-1,1
8598571,22,30,-1,-1,2
8595752,8,9,-1,-1,1
8591063,40,17,-1,-1,7
8595814,24,14,-1,-1,1
8598320,10,48,-1,-1,0
8590506,44,29,-1,-1,5
8589449,26,25,-1,-1,7
8599256,17,33,-1,-1,4
8598834,31,9,-1,-1,6
8597894,2,4,-1,-1,1
8594944,56,27,-1,-1,5
8595889,13,14,-1,-1,3
8599135,50,16,-1,-1,3
8587437,31,36,-1,-1,0
8599100,55,13,-1,-1,0
8594732,18,50,-1,-1,6
8598950,18,56,-1,-1,3
8592096,52,17,-1,-1,7
8596279,44,14,-1,-1,7
8591638,47,1,-1,-1,7
8594612,41,26,-1,-1,1
8599367,50,3,-1,-1,6
8594656,31,1,-1,-1,0
8597962,57,18,-1,-1,2
8598270,56,49,-1,-1,4
8599165,11,26,-1,-1,0
8590229,2,51,-1,-1,2
8599552,11,47,-1,-1,2
8597200,53,57,-1,-1,6
8596194,14,26,-1,-1,3
8598532,47,45,-1,-1,3
8599684,37,24,-1,-1,0
8589248,32,33,-1,-1,7
8599044,31,52,-1,-1,1
8596584,45,43,-1,-1,5
8594750,37,35,-1,-1,1
8599371,2,35,-1,-1,0
8592198,38,33,-1,-1,1
8599332,33,50,-1,-1,1
8591570,5,7,-1,-1,7
8596157,46,13,-1,-1,7
8597486,1,20,-1,-1,0
8599121,45,42,-1,-1,2
8597063,24,33,-1,-1,0
8598007,9,53,-1,-1,2
8599384,49,12,-1,-1,7
8599174,23,49,-1,-1,2
8598976,53,24,-1,-1,5
8595030,23,3,-1,-1,0
8596096,35,22,-1,-1,3
8596460,52,9,-1,-1,3
8591614,40,36,-1,-1,7
8596311,56,42,-1,-1,7
8596208,49,0,-1,-1,5
8594650,29,17,-1,-1,3
8596267,12,1,-1,-1,6
8598303,30,46,-1,-1,0
8596151,26,14,-1,-1,3
8595691,20,18,-1,-1,2
8596744,36,37,-1,-1,5
8593733,13,24,-1,-1,1
8594874,35,43,-1,-1,6
8595642,54,32,-1,-1,2
8598272,19,3,-1,-1,4
8596735,11,21,-1,-1,1
8597620,12,55,-1,-1,0
8581883,58,7,-1,-1,5
8590247,55,45,-1,-1,7
8597964,55,49,-1,-1,2
8596500,31,5,-1,-1,7
8597528,26,39,-1,-1,2
8590806,3,16,-1,-1,5
8592149,7,34,-1,-1,5
8595054,56,8,-1,-1,2
8589015,42,0,-1,-1,6
8596298,43,11,-1,-1,6
8595282,2,24,-1,-1,3
8595168,35,47,-1,-1,2
8580686,43,26,-1,-1,7
8599158,28,0,-1,-1,5
8594591,57,9,-1,-1,6
8595446,34,26,-1,-1,0
8596172,3,19,-1,-1,1
8591739,19,39,-1,-1,2
8599163,30,28,-1,-1,1
8599245,21,8,-1,-1,3
8599153,5,50,-1,-1,4
8594291,29,46,-1,-1,4
8596590,3,17,-1,-1,4
8593870,4,17,-1,-1,3
8596882,21,49,-1,-1,5
8597299,14,11,-1,-1,0
8595777,40,48,-1,-1,1
8596463,23,23,-1,-1,5
8598477,39,26,-1,-1,2
8597742,11,15,-1,-1,6
8598490,34,19,-1,-1,0
8595960,41,11,-1,-1,0
8593993,41,58,-1,-1,1
8599076,55,46,-1,-1,1
8597236,11,45,-1,-1,7
8594661,28,44,-1,-1,7
8592504,30,10,-1,-1,3
8588959,8,0,-1,-1,6
8599217,40,45,-1,-1,5
8596894,33,49,-1,-1,7
8596076,40,11,-1,-1,7
8597258,23,20,-1,-1,0
8592305,9,46,-1,-1,4
8597775,39,5,-1,-1,1
8595146,0,0,-1,-1,2
8595357,1,34,-1,-1,2
8599138,26,8,-1,-1,7
8596658,4,38,-1,-1,0
8598948,15,36,-1,-1,6
8593955,1,9,-1,-1,6
8599577,33,4,-1,-1,4
8597955,47,8,-1,-1,1
8593661,14,14,-1,-1,1
8599364,19,8,-1,-1,2
8598165,39,55,-1,-1,2
8598118,48,53,-1,-1,4
8582936,26,58,-1,-1,0
8592179,2,22,-1,-1,7
8592999,40,7,-1,-1,6
8596639,13,37,-1,-1,1
8594567,24,23,-1,-1,0
8590188,29,19,-1,-1,1
8589333,34,42,-1,-1,5
8598835,53,42,-1,-1,0
8590284,22,46,-1,-1,5
8595410,13,7,-1,-1,1
8599596,7,31,-1,-1,1
8598266,43,31,-1,-1,6
8597738,36,44,-1,-1,1
8598879,41,33,-1,-1,0
8591204,34,11,-1,-1,5
8596776,38,25,-1,-1,4
8597245,18,3,-1,-1,5
8596781,0,6,-1,-1,2
8598383,11,27,-1,-1,5
8598635,9,25,-1,-1,5
8597415,39,40,-1,-1,6
8599557,35,27,-1,-1,7
8591644,15,8,-1,-1,3
8598469,13,4,-1,-1,7
8594648,54,25,-1,-1,6
8598336,14,23,-1,-1,2
8599192,1,38,-1,-1,2
8596529,34,9,-1,-1,0
8599105,33,22,-1,-1,6
8597780,3,48,-1,-1,6
8599669,40,0,-1,-1,5
8589638,58,14,-1,-1,4
8599456,1,13,-1,-1,6
8597934,41,12,-1,-1,0
8598783,15,49,-1,-1,1
8587958,12,44,-1,-1,0
8595837,25,33,-1,-1,4
8598300,0,57,-1,-1,4
8597348,15,14,-1,-1,2
8595019,48,31,-1,-1,3
8597086,12,12,-1,-1,4
8597689,40,13,-1,-1,0
8592341,32,52,-1,-1,0
8597810,10,5,-1,-1,0
8598628,19,37,-1,-1,2
8584435,12,9,-1,-1,4
8598127,48,27,-1,-1,3
8595398,4,39,-1,-1,4
8598314,2,41,-1,-1,0
8591379,46,56,-1,-1,4
8597895,52,22,-1,-1,1
8598839,32,58,-1,-1,1
8597433,57,55,-1,-1,1
8597449,20,36,-1,-1,1
8587956,49,58,-1,-1,6
8592029,50,18,-1,-1,6
8598903,39,12,-1,-1,4
8589452,40,30,-1,-1,4
8593800,24,19,-1,-1,1
8598041,55,18,-1,-1,0
8595782,11,58,-1,-1,2
8599340,19,34,-1,-1,1
8596095,5,9,-1,-1,5
8598817,38,6,-1,-1,6
8597646,14,5,-1,-1,4
8596117,44,5,-1,-1,7
8599618,28,2,-1,-1,2
8595484,35,2,-1,-1,6
8597941,37,18,-1,-1,3
8595049,20,41,-1,-1,2
8595811,48,58,-1,-1,7
8597585,48,55,-1,-1,1
8588862,0,18,-1,-1,0
8598330,17,18,-1,-1,4
8599166,4,30,-1,-1,7
8598470,56,14,-1,-1,1
8598370,20,3,-1,-1,1
8594865,33,2,-1,-1,5
8597261,14,49,-1,-1,7
8598816,45,1,-1,-1,2
8597432,56,37,-1,-1,6
8596576,23,57,-1,-1,5
8598947,12,25,-1,-1,0
8599305,54,35,-1,-1,5
8599188,18,8,-1,-1,6
8596840,36,31,-1,-1,5
8593989,16,41,-1,-1,0
8596320,9,5,-1,-1,4
8595825,11,14,-1,-1,3
8597419,29,58,-1,-1,1
8591005,58,57,-1,-1,7
8591466,11,6,-1,-1,0
8598223,34,39,-1,-1,0
8598505,27,31,-1,-1,4
8590290,41,29,-1,-1,3
8596889,58,1,-1,-1,6
8597178,22,44,-1,-1,4
8598982,54,26,-1,-1,6
8597036,48,13,-1,-1,1
8598454,8,25,-1,-1,0
8599389,30,21,-1,-1,5
8586352,47,46,-1,-1,6
8597605,55,21,-1,-1,7
8598908,49,54,-1,-1,1
8589657,18,4,-1,-1,7
8597318,15,43,-1,-1,2
8588985,0,38,-1,-1,2
8598548,44,58,-1,-1,2
8598448,11,19,-1,-1,5
8597805,41,5,-1,-1,4
8593509,9,33,-1,-1,2
8595904,52,37,-1,-1,3
8593539,2,55,-1,-1,1
8598058,48,24,-1,-1,6
8597729,32,26,-1,-1,0
8596829,16,20,-1,-1,4
8598214,51,36,-1,-1,7
8591172,46,42,-1,-1,3
8597334,55,6,-1,-1,2
8595855,23,50,-1,-1,3
8599533,0,23,-1,-1,1
8593246,1,42,-1,-1,3
8595426,50,0,-1,-1,6
8592620,45,5,-1,-1,6
8591713,52,42,-1,-1,6
8592868,29,8,-1,-1,5
8596186,14,35,-1,-1,1
8597639,8,8,-1,-1,4
8596456,6,0,-1,-1,6
8599411,20,40,-1,-1,2
8594257,14,36,-1,-1,6
8594888,36,26,-1,-1,1
8597629,3,20,-1,-1,1
8599511,16,48,-1,-1,7
8590509,19,58,-1,-1,7
8599527,39,15,-1,-1,5
8598751,30,35,-1,-1,1
8599079,30,53,-1,-1,6
8598858,7,37,-1,-1,1
8599609,23,42,-1,-1,0
8594939,45,29,-1,-1,6
8596614,40,53,-1,-1,5
8599500,15,48,-1,-1,5
8598513,56,13,-1,-1,3
8596118,51,44,-1,-1,1
8599155,26,40,-1,-1,0
8598374,9,30,-1,-1,4
8599085,39,13,-1,-1,4
8597280,18,41,-1,-1,7
8596909,18,6,-1,-1,4
8599379,45,12,-1,-1,4
8599264,24,34,-1,-1,7
8599244,24,42,-1,-1,2
8591650,2,2,-1,-1,5
8598914,20,9,-1,-1,2
8598824,14,29,-1,-1,4
8596913,27,50,-1,-1,1
8597992,47,57,-1,-1,5
8594292,36,1,-1,-1,1
8599045,34,17,-1,-1,5
8599107,13,38,-1,-1,5
8591828,23,41,-1,-1,5
8592185,24,50,-1,-1,7
8599316,17,5,-1,-1,0
8596288,27,5,-1,-1,5
8597818,46,57,-1,-1,4
8596265,42,3,-1,-1,4
8594029,56,46,-1,-1,4
8594566,50,17,-1,-1,0
8596187,10,25,-1,-1,5
8599228,24,36,-1,-1,7
8597279,30,50,-1,-1,3
8596950,48,37,-1,-1,4
8595820,15,9,-1,-1,7
8599641,35,12,-1,-1,7
8596416,3,31,-1,-1,1
8598101,0,40,-1,-1,4
8597077,25,19,-1,-1,7
8596795,44,55,-1,-1,4
8596104,42,31,-1,-1,0
8589350,36,49,-1,-1,4
8598550,20,45,-1,-1,2
8593756,3,53,-1,-1,5
8598713,12,49,-1,-1,3
8592672,7,3,-1,-1,0
8599277,55,33,-1,-1,3
8597824,56,41,-1,-1,4
8594031,37,22,-1,-1,2
8595660,56,23,-1,-1,6
8595597,42,6,-1,-1,7
8597214,56,48,-1,-1,0
8596866,56,22,-1,-1,2
8594235,37,51,-1,-1,7
8598491,14,17,-1,-1,0
8590460,55,34,-1,-1,7
8597669,49,56,-1,-1,4
8596080,5,13,-1,-1,4
8593829,10,29,-1,-1,4
8599187,41,22,-1,-1,1
8597080,16,23,-1,-1,1
8594628,40,32,-1,-1,7
8595569,38,39,-1,-1,7
8595648,16,15,-1,-1,5
8597166,20,12,-1,-1,5
8598716,19,26,-1,-1,2
8595748,6,31,-1,-1,4
8595456,26,18,-1,-1,5
8596467,57,31,-1,-1,3
8597568,56,55,-1,-1,4
8585025,30,34,-1,-1,4
8594985,1,22,-1,-1,6
8599602,39,53,-1,-1,6
8599255,42,22,-1,-1,5
8598838,10,33,-1,-1,3
8595555,20,46,-1,-1,7
8595711,35,38,-1,-1,6
8597539,48,56,-1,-1,6
8596132,36,29,-1,-1,6
8593261,35,11,-1,-1,4
8591407,0,46,-1,-1,0
8599030,7,30,-1,-1,7
8593872,49,27,-1,-1,1
8598004,55,1,-1,-1,6
8592899,0,27,-1,-1,4
8598433,11,31,-1,-1,5
8598135,31,14,-1,-1,0
8592791,28,18,-1,-1,3
8591267,53,2,-1,-1,3
8592365,37,9,-1,-1,2
8598557,23,38,-1,-1,3
8596181,57,28,-1,-1,0
8599616,40,23,-1,-1,7
8596207,38,45,-1,-1,6
8596274,34,47,-1,-1,3
8589103,16,47,-1,-1,4
8598486,33,38,-1,-1,4
8591840,31,20,-1,-1,0
8599113,3,26,-1,-1,5
8599201,20,37,-1,-1,2
8595936,0,54,-1,-1,0
8593200,55,54,-1,-1,4
8596514,3,45,-1,-1,4
8595267,14,48,-1,-1,7
8594076,7,8,-1,-1,6
8596154,26,27,-1,-1,5
8595637,53,15,-1,-1,1
8598852,37,36,-1,-1,5
8585274,49,35,-1,-1,5
8592839,51,8,-1,-1,1
8596430,8,48,-1,-1,4
8591637,50,44,-1,-1,0
8595133,42,21,-1,-1,6
8599033,38,8,-1,-1,1
8595064,18,29,-1,-1,2
8595080,54,52,-1,-1,5
8595132,51,55,-1,-1,0
8599599,39,32,-1,-1,5
8590282,48,3,-1,-1,0
8597970,26,0,-1,-1,4
8593157,38,47,-1,-1,1
8599310,53,19,-1,-1,4
8596097,51,58,-1,-1,0
8595035,22,4,-1,-1,0
8598106,5,45,-1,-1,2
8599349,20,15,-1,-1,2
8580835,32,47,-1,-1,6
8596517,1,41,-1,-1,2
8599529,30,52,-1,-1,7
8595191,55,5,-1,-1,5
8595948,6,57,-1,-1,3
8597662,23,55,-1,-1,2
8594001,50,21,-1,-1,4
8596734,47,51,-1,-1,3
8596686,32,35,-1,-1,4
8598639,7,18,-1,-1,5
8599607,42,41,-1,-1,5
8597272,55,32,-1,-1,5
8596968,24,37,-1,-1,3
8597849,40,6,-1,-1,4
8597574,37,8,-1,-1,0
8599590,29,35,-1,-1,6
8598403,54,16,-1,-1,0
8599001,43,25,-1,-1,4
8597002,49,1,-1,-1,2
8599302,2,8,-1,-1,2
8599707,22,20,-1,-1,0
8592045,55,36,-1,-1,0
8599501,22,48,-1,-1,6
8597696,46,55,-1,-1,7
8599360,38,20,-1,-1,4
8598213,55,15,-1,-1,7
8595584,26,15,-1,-1,0
8595060,32,55,-1,-1,5
8599534,36,18,-1,-1,2
8599487,51,30,-1,-1,0
8594766,32,38,-1,-1,7
8589031,25,27,-1,-1,7
8595993,50,35,-1,-1,6
8598051,58,11,-1,-1,4
8596229,57,54,-1,-1,4
8599422,25,49,-1,-1,4
8591546,35,1,-1,-1,0
8591509,35,52,-1,-1,4
8596420,47,22,-1,-1,4
8598782,3,10,-1,-1,3
8598674,27,48,-1,-1,6
8597831,14,55,-1,-1,7
8592290,9,13,-1,-1,1
8596391,39,7,-1,-1,5
8596838,11,4,-1,-1,0
8592996,46,52,-1,-1,1
8589619,35,34,-1,-1,3
8598758,52,57,-1,-1,3
8599564,26,21,-1,-1,5
8590907,54,6,-1,-1,7
8599082,7,54,-1,-1,7
8599664,53,0,-1,-1,6
8599262,4,51,-1,-1,0
8599401,12,34,-1,-1,1
8599613,26,12,-1,-1,6
8599661,50,39,-1,-1,0
8597699,23,53,-1,-1,3
8597833,52,16,-1,-1,3
8594688,15,46,-1,-1,7
8598563,27,15,-1,-1,2
8599715,16,14,-1,-1,4
8598476,7,43,-1,-1,7
8596304,31,4,-1,-1,0
8597116,53,20,-1,-1,6
8598252,57,33,-1,-1,1
8592438,33,20,-1,-1,5
8599156,37,5,-1,-1,5
8593598,23,30,-1,-1,6
8596176,6,36,-1,-1,4
8598422,1,50,-1,-1,6
8590658,10,31,-1,-1,0
8587938,46,23,-1,-1,5
8597358,54,23,-1,-1,1
8594669,12,51,-1,-1,4
8587988,5,56,-1,-1,7
8597688,32,12,-1,-1,2
8599420,14,46,-1,-1,2
8594403,36,7,-1,-1,2
8593860,10,7,-1,-1,1
8599680,28,48,-1,-1,5
8598516,51,18,-1,-1,5
8599042,5,55,-1,-1,2
8592180,4,41,-1,-1,4
8594060,11,56,-1,-1,1
8591058,10,43,-1,-1,4
8598764,4,46,-1,-1,7
8598732,58,40,-1,-1,4
8595621,48,4,-1,-1,6
8584386,2,40,-1,-1,7
8598360,36,28,-1,-1,3
8597353,48,48,-1,-1,4
8597487,16,56,-1,-1,2
8599572,0,55,-1,-1,3
8597899,8,55,-1,-1,7
8595742,29,27,-1,-1,1
8599649,44,7,-1,-1,0
8598419,5,58,-1,-1,2
8591139,15,31,-1,-1,5
8598068,40,5,-1,-1,3
8593110,27,13,-1,-1,0
8599251,51,9,-1,-1,7
8595758,25,24,-1,-1,3
8598787,54,46,-1,-1,1
8585275,38,10,-1,-1,7
8597865,42,11,-1,-1,7
8592146,32,36,-1,-1,5
8593847,50,47,-1,-1,4
8598157,6,49,-1,-1,1
8598752,5,35,-1,-1,3
8594827,46,19,-1,-1,7
8598141,34,29,-1,-1,4
8592375,35,32,-1,-1,0
8596475,41,27,-1,-1,7
8598796,43,32,-1,-1,5
8597771,48,23,-1,-1,2
8598980,35,30,-1,-1,4
8596665,47,34,-1,-1,1
8593718,48,29,-1,-1,2
8599486,29,55,-1,-1,3
8596868,57,41,-1,-1,4
8590463,58,18,-1,-1,7
8597008,57,8,-1,-1,5
8599115,54,49,-1,-1,7
8594469,26,51,-1,-1,5
8596365,50,29,-1,-1,4
8597995,8,40,-1,-1,2
8599290,43,42,-1,-1,4
8590707,26,54,-1,-1,1
8597067,15,47,-1,-1,0
8598599,44,11,-1,-1,7
8597975,10,9,-1,-1,1
8599130,7,16,-1,-1,4
8596275,54,38,-1,-1,7
8598590,17,0,-1,-1,6
8597958,30,44,-1,-1,0
8599426,6,25,-1,-1,7
8594555,43,38,-1,-1,2
8597739,52,44,-1,-1,7
8581900,58,27,-1,-1,4
8596024,49,38,-1,-1,2
8596098,5,15,-1,-1,2
8599149,16,54,-1,-1,7
8591475,36,8,-1,-1,4
8599381,3,5,-1,-1,2
8594723,17,31,-1,-1,7
8594332,9,28,-1,-1,2
8594309,24,11,-1,-1,3
8599600,10,47,-1,-1,6
8591338,25,56,-1,-1,5
8589063,33,11,-1,-1,0
8594878,38,14,-1,-1,1
8599503,32,8,-1,-1,6
8596372,58,15,-1,-1,0
8592451,52,47,-1,-1,3
8598772,28,25,-1,-1,6
8582919,26,48,-1,-1,5
8596280,48,46,-1,-1,0
8599598,47,5,-1,-1,2
8598788,19,29,-1,-1,4
8590043,32,48,-1,-1,2
8595522,22,9,-1,-1,1
8598493,24,38,-1,-1,3
8599515,40,41,-1,-1,0
8595127,7,2,-1,-1,6
8597640,11,44,-1,-1,0
8598561,17,43,-1,-1,2
8584871,7,12,-1,-1,6
8593627,57,12,-1,-1,2
8595515,8,39,-1,-1,1
8596696,48,18,-1,-1,4
8597952,5,34,-1,-1,6
8596850,42,29,-1,-1,1
8595208,38,40,-1,-1,1
8591557,49,42,-1,-1,5
8596805,30,48,-1,-1,3
8597029,21,9,-1,-1,4
8594511,3,8,-1,-1,3
8598232,57,56,-1,-1,1
8599530,55,9,-1,-1,5
8598918,7,49,-1,-1,2
8598148,15,45,-1,-1,5
8598216,18,21,-1,-1,7
8597104,7,11,-1,-1,1
8598624,27,32,-1,-1,4
8592181,14,51,-1,-1,4
8598525,3,43,-1,-1,5
8598544,30,27,-1,-1,5
8597788,32,42,-1,-1,0
8598803,48,21,-1,-1,5
8598600,52,33,-1,-1,7
8599408,22,45,-1,-1,0
8599415,18,39,-1,-1,5
8593948,49,45,-1,-1,7
8594266,36,3,-1,-1,4
8597469,6,18,-1,-1,0
8596582,27,44,-1,-1,2
8589181,53,16,-1,-1,2
8598234,19,1,-1,-1,1
8592944,17,21,-1,-1,5
8592662,19,30,-1,-1,1
8598027,53,17,-1,-1,2
8596292,22,52,-1,-1,0
8591160,24,47,-1,-1,2
8597045,13,13,-1,-1,1
8599592,23,37,-1,-1,6
8590101,17,50,-1,-1,3
8595595,57,58,-1,-1,1
8598570,55,58,-1,-1,6
8585396,24,21,-1,-1,3
8599407,21,5,-1,-1,1
8597693,12,46,-1,-1,5
8597988,36,25,-1,-1,7
8596032,38,29,-1,-1,6
8593587,25,40,-1,-1,3
8597515,11,54,-1,-1,3
8593625,27,33,-1,-1,7
8596087,12,41,-1,-1,5
8597479,27,42,-1,-1,0
8597282,48,32,-1,-1,2
8597879,23,24,-1,-1,4
8596029,33,0,-1,-1,3
8599457,42,17,-1,-1,3
8598907,22,18,-1,-1,7
8588367,14,10,-1,-1,3
8599084,0,26,-1,-1,3
8595281,6,17,-1,-1,3
8596684,45,23,-1,-1,1
8599376,28,43,-1,-1,1
8588401,37,14,-1,-1,0
8599516,33,56,-1,-1,6
8594524,33,1,-1,-1,6
8590039,17,3,-1,-1,1
8598411,22,1,-1,-1,0
8599284,11,29,-1,-1,0
8599062,0,37,-1,-1,1
8593518,52,43,-1,-1,2
8595640,55,11,-1,-1,1
8598241,3,44,-1,-1,1
8592595,27,10,-1,-1,3
8594962,3,32,-1,-1,5
8596272,19,2,-1,-1,2
8599164,27,46,-1,-1,1
8596759,46,7,-1,-1,5
8599546,45,32,-1,-1,7
8591921,26,9,-1,-1,3
8599314,0,41,-1,-1,4
8599555,6,37,-1,-1,1
8597786,40,2,-1,-1,3
8599266,55,20,-1,-1,5
8598366,45,11,-1,-1,4
8599109,43,56,-1,-1,0
8596334,32,15,-1,-1,4
8596764,27,53,-1,-1,3
8593767,5,32,-1,-1,3
8598997,3,49,-1,-1,1
8593634,45,20,-1,-1,0
8598484,34,4,-1,-1,7
8595440,47,38,-1,-1,0
8596727,58,28,-1,-1,4
8598016,6,27,-1,-1,2
8595232,0,13,-1,-1,0
8597820,13,41,-1,-1,4
8598990,40,29,-1,-1,6
8599703,25,12,-1,-1,1
8587811,29,53,-1,-1,3
8590232,12,58,-1,-1,6
8596016,7,5,-1,-1,3
8596987,43,3,-1,-1,3
8597034,8,34,-1,-1,5
8590608,30,1,-1,-1,7
8597298,41,37,-1,-1,1
8596414,33,45,-1,-1,5
8598685,50,42,-1,-1,4
8598665,6,11,-1,-1,5
8598527,23,25,-1,-1,7
8597985,39,24,-1,-1,3
8596261,38,37,-1,-1,2
8599014,50,27,-1,-1,4
8595199,30,57,-1,-1,7
8594595,17,44,-1,-1,2
8598253,42,5,-1,-1,2
8599560,25,15,-1,-1,7
8596317,33,36,-1,-1,0
8594136,14,34,-1,-1,6
8594841,19,36,-1,-1,5
8595046,40,40,-1,-1,2
8598910,16,17,-1,-1,6
8598814,10,3,-1,-1,0
8599580,5,33,-1,-1,0
8599576,42,52,-1,-1,5
8584793,27,21,-1,-1,4
8594097,5,51,-1,-1,3
8595184,24,4,-1,-1,3
8594926,27,55,-1,-1,3
8597049,35,29,-1,-1,4
8599479,49,55,-1,-1,5
8597712,1,55,-1,-1,1
8596321,38,0,-1,-1,6
8599203,55,12,-1,-1,2
8599461,41,17,-1,-1,0
8598321,24,58,-1,-1,6
8598846,28,54,-1,-1,1
8593511,13,11,-1,-1,0
8596820,3,56,-1,-1,4
8599366,51,47,-1,-1,2
8589618,29,44,-1,-1,3
8595526,24,51,-1,-1,2
8598379,22,54,-1,-1,0
8595753,42,8,-1,-1,3
8596241,28,3,-1,-1,0
8599225,17,29,-1,-1,3
8593615,15,30,-1,-1,5
8589756,54,48,-1,-1,2
8599450,44,33,-1,-1,1
8589030,34,34,-1,-1,6
8599336,31,12,-1,-1,0
8592546,54,20,-1,-1,2
8596747,2,1,-1,-1,7
8597832,11,10,-1,-1,6
8588877,13,16,-1,-1,3
8599710,29,9,-1,-1,4
8597010,52,52,-1,-1,5
8596413,18,43,-1,-1,1
8590669,15,42,-1,-1,6
8598904,52,36,-1,-1,7
8597774,30,4,-1,-1,7
8599639,16,58,-1,-1,2
8596798,13,17,-1,-1,5
8596440,54,15,-1,-1,3
8598703,31,7,-1,-1,1
8599009,37,33,-1,-1,7
8597655,41,15,-1,-1,2
8591660,25,26,-1,-1,1
8597905,56,16,-1,-1,1
8597703,35,8,-1,-1,7
8593760,8,31,-1,-1,3
8595093,54,55,-1,-1,7
8590536,14,6,-1,-1,0
8591782,24,40,-1,-1,2
8585922,41,3,-1,-1,6
8599447,25,13,-1,-1,6
8598404,0,7,-1,-1,2
8597782,33,29,-1,-1,4
8591823,43,43,-1,-1,5
8585724,18,42,-1,-1,6
8598533,50,31,-1,-1,0
8599419,34,48,-1,-1,3
8595316,12,20,-1,-1,0
8594658,8,29,-1,-1,0
8598242,26,26,-1,-1,0
8599655,45,47,-1,-1,4
8598734,57,49,-1,-1,4
8594821,23,19,-1,-1,6
8596086,29,49,-1,-1,1
8593002,57,37,-1,-1,0
8599416,54,7,-1,-1,1
8594673,31,34,-1,-1,0
8591870,37,6,-1,-1,6
8598647,55,44,-1,-1,5
8596641,30,30,-1,-1,6
8598800,11,0,-1,-1,3
8589519,44,2,-1,-1,1
8596422,35,15,-1,-1,6
8594583,41,48,-1,-1,5
8594343,48,52,-1,-1,0
8598504,36,33,-1,-1,2
8591734,2,23,-1,-1,7
8595678,56,44,-1,-1,1
8589114,27,41,-1,-1,7
8596640,41,23,-1,-1,3
8598036,19,49,-1,-1,4
8591925,58,52,-1,-1,0
8598163,44,46,-1,-1,1
8596737,49,53,-1,-1,2
8599066,10,34,-1,-1,6
8597497,38,9,-1,-1,5
8598302,22,35,-1,-1,4
8599648,20,30,-1,-1,2
8595666,2,11,-1,-1,5
8598304,41,41,-1,-1,0
8592706,11,32,-1,-1,1
8580996,44,6,-1,-1,7
8599259,8,56,-1,-1,2
8595860,9,21,-1,-1,2
8599102,53,34,-1,-1,2
8597101,21,14,-1,-1,5
8597476,31,23,-1,-1,4
8597994,35,41,-1,-1,1
8599363,57,29,-1,-1,4
8598574,34,55,-1,-1,4
8599241,0,21,-1,-1,4
8599468,7,33,-1,-1,0
8598414,48,28,-1,-1,4
8594213,8,13,-1,-1,7
8596260,45,45,-1,-1,3
8592867,3,15,-1,-1,4
8599078,40,57,-1,-1,7
8592441,12,6,-1,-1,0
8595878,6,20,-1,-1,2
8597562,14,33,-1,-1,7
8599110,26,47,-1,-1,0
8589215,6,6,-1,-1,4
8599315,31,54,-1,-1,0
8597500,47,19,-1,-1,6
8598718,52,53,-1,-1,7
8598657,22,26,-1,-1,0
8597390,49,31,-1,-1,6
8594649,20,44,-1,-1,6
8597273,20,19,-1,-1,4
8588844,51,22,-1,-1,7
8598364,2,31,-1,-1,2
8598000,15,28,-1,-1,3
8590419,3,41,-1,-1,2
8598192,49,21,-1,-1,7
8595071,13,48,-1,-1,5
8598866,25,17,-1,-1,4
8593367,37,38,-1,-1,6
8595544,53,56,-1,-1,2
8595655,0,4,-1,-1,0
8595823,4,35,-1,-1,0
8595874,31,24,-1,-1,3
8598935,28,28,-1,-1,5
8599048,20,7,-1,-1,2
8599608,25,5,-1,-1,7
8596888,47,13,-1,-1,3
8590759,23,16,-1,-1,7
8599230,58,48,-1,-1,7
8594609,27,47,-1,-1,3
8597384,1,56,-1,-1,4
8599199,16,35,-1,-1,0
8598201,32,10,-1,-1,1
8587876,44,4,-1,-1,4
8597613,1,48,-1,-1,6
8596568,58,45,-1,-1,6
8593247,4,31,-1,-1,1
8599642,51,23,-1,-1,2
8595124,1,25,-1,-1,3
8599211,36,32,-1,-1,6
8598097,25,25,-1,-1,0
8599104,41,28,-1,-1,4
8597611,47,47,-1,-1,4
8598991,42,26,-1,-1,1
8599357,41,21,-1,-1,6
8597304,28,7,-1,-1,5
8599098,47,43,-1,-1,2
8596919,26,46,-1,-1,4
8592587,0,48,-1,-1,0
8597247,51,19,-1,-1,2
8592945,33,13,-1,-1,7
8596652,56,0,-1,-1,3
8598720,33,17,-1,-1,7
8597586,9,49,-1,-1,2
8596330,56,5,-1,-1,1
8593076,21,54,-1,-1,5
8598382,0,11,-1,-1,0
8595196,18,25,-1,-1,5
8598885,3,18,-1,-1,0
8593223,4,28,-1,-1,1
8598130,13,22,-1,-1,6
8597315,31,21,-1,-1,3
8599200,52,58,-1,-1,1
8593777,33,7,-1,-1,7
8599037,50,54,-1,-1,1
8599672,33,25,-1,-1,5
8599260,43,29,-1,-1,6
8599675,35,19,-1,-1,4
8596751,3,21,-1,-1,5
8595250,5,11,-1,-1,5
8597908,11,49,-1,-1,2
8591733,58,49,-1,-1,6
8594885,31,53,-1,-1,6
8590482,53,33,-1,-1,7
8598789,12,28,-1,-1,2
8597981,35,0,-1,-1,2
8597989,7,35,-1,-1,2
8597872,44,32,-1,-1,7
8598785,19,21,-1,-1,3
8589256,20,10,-1,-1,5
8599184,47,6,-1,-1,5
8599120,2,0,-1,-1,4
8596023,35,24,-1,-1,0
8586124,58,39,-1,-1,4
8599069,51,50,-1,-1,3
8592813,8,51,-1,-1,2
8596886,41,20,-1,-1,3
8587505,28,30,-1,-1,7
8590724,29,14,-1,-1,7
8596404,53,50,-1,-1,6
8597726,52,32,-1,-1,0
8598568,40,37,-1,-1,1
8595128,49,3,-1,-1,2
8591255,45,19,-1,-1,2
8599622,51,40,-1,-1,5
8599191,8,35,-1,-1,3
8595276,25,4,-1,-1,4
8598981,38,23,-1,-1,2
8596854,27,28,-1,-1,3
8595839,17,45,-1,-1,0
8599465,14,40,-1,-1,0
8592217,21,47,-1,-1,3
8591709,21,41,-1,-1,7
8592748,46,38,-1,-1,3
8599073,20,35,-1,-1,3
8597761,56,54,-1,-1,6
8598500,39,44,-1,-1,3
8594889,32,57,-1,-1,6
8596600,49,7,-1,-1,6
8593962,25,55,-1,-1,7
8599365,39,21,-1,-1,2
8595432,26,30,-1,-1,7
8595390,56,56,-1,-1,3
8599210,20,2,-1,-1,3
8596973,35,35,-1,-1,3
8597519,20,28,-1,-1,7
8599413,26,57,-1,-1,5
8598535,54,37,-1,-1,5
8598767,36,50,-1,-1,5
8583727,50,58,-1,-1,7
8599544,54,8,-1,-1,5
8595882,47,50,-1,-1,2
8597506,31,31,-1,-1,2
8590050,58,50,-1,-1,0
8598076,53,14,-1,-1,6
8599362,12,5,-1,-1,6
8591448,21,58,-1,-1,1
8596807,41,34,-1,-1,7
8597920,31,40,-1,-1,0
8599041,3,40,-1,-1,7
8590373,3,13,-1,-1,3
8594429,46,14,-1,-1,4
8599435,37,31,-1,-1,2
8599126,5,47,-1,-1,3
8599189,27,51,-1,-1,0
8598643,20,54,-1,-1,0
8599417,3,58,-1,-1,0
8596303,37,39,-1,-1,1
8595986,36,41,-1,-1,4
8599036,22,41,-1,-1,4
8597902,50,52,-1,-1,2
8594696,17,36,-1,-1,4
8597765,29,24,-1,-1,0
8597567,8,22,-1,-1,0
8599344,6,2,-1,-1,6
8594611,34,31,-1,-1,6
8598174,11,57,-1,-1,4
8599537,55,56,-1,-1,3
8599589,37,10,-1,-1,6
8587293,6,21,-1,-1,7
8592233,22,58,-1,-1,7
8593594,2,45,-1,-1,0
8597548,25,53,-1,-1,4
8596883,48,41,-1,-1,6
8598251,35,54,-1,-1,7
8596453,53,47,-1,-1,2
8599473,17,49,-1,-1,3
8595518,38,53,-1,-1,0
8599111,18,35,-1,-1,2
8597892,45,38,-1,-1,1
8598602,51,29,-1,-1,2
8593896,41,39,-1,-1,1
8595989,28,24,-1,-1,5
8594390,20,50,-1,-1,3
8587370,0,44,-1,-1,1
8597682,17,46,-1,-1,0
8596071,39,19,-1,-1,2
8593278,1,31,-1,-1,6
8595612,30,42,-1,-1,2
8596903,52,0,-1,-1,6
8599145,22,13,-1,-1,5
8599083,14,2,-1,-1,0
8599392,4,15,-1,-1,4
8596535,53,32,-1,-1,5
8588776,53,43,-1,-1,6
8592471,5,24,-1,-1,2
8597356,26,32,-1,-1,5
8598258,31,25,-1,-1,7
8599063,46,12,-1,-1,3
8598026,44,50,-1,-1,7
8598598,15,29,-1,-1,6
8589813,4,1,-1,-1,0
8599606,48,49,-1,-1,0
8597814,30,16,-1,-1,5
8598748,0,43,-1,-1,4
8597792,55,39,-1,-1,4
8598919,22,47,-1,-1,4
8599390,15,27,-1,-1,7
8593942,4,52,-1,-1,6
8597066,34,3,-1,-1,7
8599454,13,52,-1,-1,7
8594305,29,47,-1,-1,4
8599317,28,39,-1,-1,6
8592857,30,9,-1,-1,6
8594321,56,58,-1,-1,6
8598617,31,49,-1,-1,3
8597039,31,2,-1,-1,0
8590862,19,50,-1,-1,3
8597246,25,43,-1,-1,1
8587996,47,31,-1,-1,5
8589531,34,28,-1,-1,0
8598857,6,50,-1,-1,3
8579619,11,37,-1,-1,7
8598585,49,19,-1,-1,6
8599480,31,30,-1,-1,1
8593851,13,46,-1,-1,3
8598487,56,32,-1,-1,0
8598334,40,56,-1,-1,4
8598472,49,48,-1,-1,2
8597928,34,37,-1,-1,3
8594090,6,43,-1,-1,2
8591316,14,47,-1,-1,6
8593863,43,53,-1,-1,5
8597042,28,10,-1,-1,0
8580530,25,44,-1,-1,2
8598292,29,23,-1,-1,6
8597429,3,14,-1,-1,0
8598449,26,41,-1,-1,1
8597647,2,17,-1,-1,0
8595525,35,13,-1,-1,1
8597284,56,43,-1,-1,5
8599080,25,6,-1,-1,7
8598442,48,39,-1,-1,1
8598170,17,39,-1,-1,3
8596426,21,23,-1,-1,4
8584548,33,42,-1,-1,1
8599106,50,56,-1,-1,3
8597873,16,12,-1,-1,2
8597595,4,33,-1,-1,1
8599028,32,28,-1,-1,5
8590397,28,1,-1,-1,6
8598423,16,3,-1,-1,0
8598922,22,24,-1,-1,6
8599086,57,22,-1,-1,6
8596555,28,31,-1,-1,2
8599670,0,2,-1,-1,0
8598299,33,53,-1,-1,3
8599676,30,13,-1,-1,5
8599022,8,21,-1,-1,4
8588540,55,28,-1,-1,3
8598717,23,27,-1,-1,6
8596499,23,40,-1,-1,2
8596685,48,2,-1,-1,5
8599467,53,35,-1,-1,7
8592210,13,12,-1,-1,0
8598430,42,39,-1,-1,0
8597454,6,23,-1,-1,1
8597241,2,47,-1,-1,0
8599424,7,17,-1,-1,5
8599162,9,20,-1,-1,0
8598877,57,15,-1,-1,2
8596934,2,38,-1,-1,0
8598933,58,5,-1,-1,6
8598929,45,44,-1,-1,0
8598108,19,40,-1,-1,2
8596703,14,1,-1,-1,2
8598259,58,29,-1,-1,7
8598099,10,15,-1,-1,4
8584970,52,34,-1,-1,3
8599304,47,4,-1,-1,3
8598831,49,10,-1,-1,3
8588096,21,52,-1,-1,2
8597825,51,24,-1,-1,4
8597531,58,58,-1,-1,0
8595967,34,27,-1,-1,2
8598461,16,7,-1,-1,5
8598438,42,14,-1,-1,6
8592607,3,24,-1,-1,2
8598424,13,42,-1,-1,3
8592079,6,55,-1,-1,2
8598709,16,37,-1,-1,7
8589658,2,10,-1,-1,1
8599204,26,52,-1,-1,3
8594214,45,22,-1,-1,2
8598584,35,39,-1,-1,2
8599659,43,19,-1,-1,1
8598805,29,30,-1,-1,2
8599701,25,11,-1,-1,1
8593656,35,42,-1,-1,4
8598325,37,2,-1,-1,7
8596843,14,30,-1,-1,1
8597386,40,21,-1,-1,5
8598235,30,2,-1,-1,1
8599012,51,21,-1,-1,4
8596990,2,14,-1,-1,2
8592518,55,25,-1,-1,5
8592716,21,28,-1,-1,0
8594974,29,51,-1,-1,1
8597951,40,27,-1,-1,5
8597679,29,41,-1,-1,3
8597803,1,12,-1,-1,4
8596353,28,35,-1,-1,3
8599112,48,51,-1,-1,6
8597983,14,31,-1,-1,2
8596243,39,35,-1,-1,3
8598489,27,30,-1,-1,3
8599695,29,20,-1,-1,0
8599146,16,30,-1,-1,2
8597623,25,51,-1,-1,6
8594903,12,39,-1,-1,5
8592933,13,5,-1,-1,7
8597003,1,18,-1,-1,1
8596409,53,58,-1,-1,2
8599520,7,1,-1,-1,0
8595821,22,22,-1,-1,2
8598071,19,48,-1,-1,3
8598183,48,34,-1,-1,2
8598463,13,9,-1,-1,4
8599339,44,3,-1,-1,3
8599207,0,25,-1,-1,4
8594853,49,20,-1,-1,2
8598407,31,22,-1,-1,7
8595266,19,38,-1,-1,0
8598819,26,31,-1,-1,6
8596918,28,53,-1,-1,2
8592970,25,47,-1,-1,5
8599354,48,6,-1,-1,7
8596494,2,56,-1,-1,1
8597436,10,24,-1,-1,3
8590371,33,40,-1,-1,5
8599240,20,5,-1,-1,0
8597909,7,25,-1,-1,2
8593613,35,53,-1,-1,1
8599216,8,42,-1,-1,0
8599134,1,32,-1,-1,2
8596530,4,16,-1,-1,0
8596655,40,51,-1,-1,2
8596619,24,17,-1,-1,6
8598765,39,20,-1,-1,2
8594388,36,30,-1,-1,0
8598577,39,33,-1,-1,5
8594503,29,11,-1,-1,5
8596816,39,57,-1,-1,0
8597427,25,30,-1,-1,3
8597808,7,56,-1,-1,3
8595922,28,56,-1,-1,0
8599485,15,33,-1,-1,7
8599252,32,32,-1,-1,6
8599518,1,11,-1,-1,1
8599436,29,16,-1,-1,4
8596524,16,29,-1,-1,7
8596158,44,57,-1,-1,2
8597912,26,56,-1,-1,3
8597628,43,35,-1,-1,2
8597822,16,26,-1,-1,7
8599507,42,58,-1,-1,2
8599358,42,20,-1,-1,3
8595558,25,36,-1,-1,5
8596129,49,29,-1,-1,4
8599540,0,42,-1,-1,4
8596670,30,12,-1,-1,7
8593786,43,47,-1,-1,0
8589963,11,48,-1,-1,4
8598965,38,48,-1,-1,0
8597685,9,38,-1,-1,4
8596313,56,30,-1,-1,6
8599412,24,3,-1,-1,3
8599356,42,2,-1,-1,0
8596396,37,41,-1,-1,0
8598663,38,44,-1,-1,3
8598142,20,17,-1,-1,5
8599587,20,51,-1,-1,5
8599016,58,26,-1,-1,7
8596804,44,34,-1,-1,0
8596007,33,8,-1,-1,4
8597244,25,50,-1,-1,0
8598580,43,37,-1,-1,2
8593644,40,35,-1,-1,4
8599294,32,19,-1,-1,0
8598378,27,38,-1,-1,0
8597913,10,56,-1,-1,5
8599185,8,20,-1,-1,6
8595099,3,39,-1,-1,2
8598973,30,36,-1,-1,6
8596179,36,19,-1,-1,6
8587302,21,50,-1,-1,7
8596116,6,12,-1,-1,6
8590957,54,44,-1,-1,6
8597204,18,57,-1,-1,5
8592630,19,55,-1,-1,6
8598483,21,27,-1,-1,3
8598945,18,53,-1,-1,2
8585142,55,27,-1,-1,2
8598804,9,0,-1,-1,4
8597107,46,5,-1,-1,7
8595801,54,14,-1,-1,2
8598641,30,55,-1,-1,2
8593954,25,38,-1,-1,4
8598377,18,47,-1,-1,5
8597406,41,46,-1,-1,6
8596630,17,26,-1,-1,5
8595448,26,35,-1,-1,1
8597621,5,41,-1,-1,1
8593781,14,28,-1,-1,0
8591704,35,55,-1,-1,7
8596634,54,45,-1,-1,2
8598790,29,37,-1,-1,4
8598090,33,15,-1,-1,5
8595679,16,1,-1,-1,7
8598727,15,51,-1,-1,1
8585885,43,41,-1,-1,0
8598458,34,51,-1,-1,4
8592973,32,5,-1,-1,1
8595784,23,14,-1,-1,1
8599551,20,42,-1,-1,5
8599060,44,9,-1,-1,2
8598706,8,11,-1,-1,7
8599409,6,16,-1,-1,3
8590068,54,57,-1,-1,1
8594061,5,43,-1,-1,6
8596345,46,27,-1,-1,3
8598409,3,0,-1,-1,2
8598134,44,45,-1,-1,7
8599697,1,21,-1,-1,7
8592462,31,38,-1,-1,4
8594825,45,25,-1,-1,0
8596653,28,37,-1,-1,3
8599005,9,14,-1,-1,0
8598356,33,37,-1,-1,6
8594323,5,10,-1,-1,3
8595570,30,3,-1,-1,0
8595483,9,23,-1,-1,3
8598699,35,9,-1,-1,1
8597103,9,56,-1,-1,3
8598084,39,34,-1,-1,3
8596779,51,26,-1,-1,2
8596061,37,29,-1,-1,7
8590690,27,16,-1,-1,1
8596618,24,41,-1,-1,6
8595734,11,9,-1,-1,1
8599686,24,45,-1,-1,4
8598204,9,6,-1,-1,7
8597889,30,22,-1,-1,7
8599269,52,46,-1,-1,6
8594353,29,28,-1,-1,0
8596899,19,33,-1,-1,7
8598069,19,46,-1,-1,2
8597230,44,39,-1,-1,7
8595683,9,11,-1,-1,6
8598538,44,21,-1,-1,3
8598343,26,38,-1,-1,7
8598224,13,25,-1,-1,2
8599194,41,36,-1,-1,3
8599177,18,1,-1,-1,6
8599148,34,24,-1,-1,0
8599025,46,24,-1,-1,0
8591306,43,15,-1,-1,2
8592331,57,30,-1,-1,4
8585567,5,20,-1,-1,4
8599220,25,35,-1,-1,7
8598712,39,36,-1,-1,7
8596743,44,49,-1,-1,2
8596111,47,16,-1,-1,3
8598862,18,18,-1,-1,0
8594407,35,17,-1,-1,6
8594617,52,7,-1,-1,6
8594393,47,56,-1,-1,7
8599275,43,6,-1,-1,3
8595550,58,20,-1,-1,6
8597627,52,23,-1,-1,2
8598011,57,32,-1,-1,1
8595739,20,0,-1,-1,6
8596998,28,16,-1,-1,3
8598603,45,31,-1,-1,1
8598812,12,38,-1,-1,3
8593738,13,51,-1,-1,1
8590183,3,29,-1,-1,0
8592345,2,48,-1,-1,3
8598621,40,28,-1,-1,1
8598562,20,48,-1,-1,1
8599439,7,26,-1,-1,0
8596045,1,54,-1,-1,7
8597146,44,16,-1,-1,7
8591569,8,49,-1,-1,7
8597816,5,38,-1,-1,0
8596141,49,52,-1,-1,4
8596481,41,24,-1,-1,6
8591004,5,22,-1,-1,5
8599321,11,41,-1,-1,1
8578345,20,27,-1,-1,3
8594915,34,57,-1,-1,3
8599660,42,48,-1,-1,6
8596271,12,53,-1,-1,5
8597288,7,0,-1,-1,5
8599019,24,26,-1,-1,2
8597232,20,4,-1,-1,5
8596057,19,19,-1,-1,0
8598534,7,50,-1,-1,0
8595358,51,38,-1,-1,2
8599338,15,57,-1,-1,4
8599444,51,5,-1,-1,6
8595320,33,58,-1,-1,6
8599410,36,36,-1,-1,3
8598425,36,54,-1,-1,2
8598208,43,52,-1,-1,0
8596450,13,50,-1,-1,3
8599181,38,56,-1,-1,3
8580552,2,15,-1,-1,4
8594726,42,37,-1,-1,0
8599081,53,13,-1,-1,7
8598331,21,31,-1,-1,2
8594327,26,2,-1,-1,5
8597337,3,25,-1,-1,7
8594767,1,29,-1,-1,0
8592234,8,54,-1,-1,1
8599359,58,54,-1,-1,5
8593557,46,25,-1,-1,4
8582026,25,23,-1,-1,2
8596083,17,48,-1,-1,7
8597438,25,3,-1,-1,0
8599443,53,8,-1,-1,6
8594105,32,16,-1,-1,2
8593301,50,7,-1,-1,7
8599705,8,3,-1,-1,6
8597543,55,42,-1,-1,4
8598376,47,37,-1,-1,0
8598811,31,0,-1,-1,5
8587689,42,45,-1,-1,1
8596770,23,22,-1,-1,1
8597817,36,13,-1,-1,0
8596343,36,27,-1,-1,3
8591503,3,3,-1,-1,0
8598987,28,49,-1,-1,0
8594680,55,29,-1,-1,1
8596351,50,28,-1,-1,1
8596977,56,18,-1,-1,3
8596806,8,26,-1,-1,5
8598542,36,52,-1,-1,1
8592184,31,6,-1,-1,3
8595109,17,56,-1,-1,2
8588796,3,27,-1,-1,3
8595672,7,36,-1,-1,7
8596887,22,28,-1,-1,2
8599239,7,22,-1,-1,6
8595339,34,6,-1,-1,4
8598229,0,49,-1,-1,3
8583887,14,3,-1,-1,6
8599114,51,52,-1,-1,2
8598145,1,17,-1,-1,6
8597919,20,39,-1,-1,3
8588040,0,35,-1,-1,0
8599015,43,27,-1,-1,6
8598022,9,15,-1,-1,6
8598587,45,54,-1,-1,5
8594381,45,27,-1,-1,6
8596168,29,43,-1,-1,7
8599706,31,44,-1,-1,3
8596470,20,22,-1,-1,2
8597176,46,39,-1,-1,7
8597785,36,2,-1,-1,6
8598519,33,19,-1,-1,1
8597858,21,22,-1,-1,2
8594116,10,51,-1,-1,7
8594659,11,3,-1,-1,0
8598264,55,14,-1,-1,2
8599406,17,6,-1,-1,7
8593388,15,4,-1,-1,7
8598605,23,11,-1,-1,2
8598136,13,55,-1,-1,5
8598779,58,44,-1,-1,7
8596230,58,4,-1,-1,0
8598085,23,28,-1,-1,5
8596247,41,44,-1,-1,5
8599289,8,47,-1,-1,0
8591484,43,17,-1,-1,1
8597855,42,30,-1,-1,2
8599524,18,54,-1,-1,0
8595418,32,11,-1,-1,4
8594211,45,35,-1,-1,5
8599704,15,56,-1,-1,7
8596666,26,24,-1,-1,7
8596656,44,25,-1,-1,5
8597843,28,4,-1,-1,6
8597875,29,4,-1,-1,6
8594050,58,13,-1,-1,4
8589727,10,36,-1,-1,2
8597778,33,32,-1,-1,2
8599542,6,53,-1,-1,1
8587923,54,39,-1,-1,2
8597648,35,33,-1,-1,5
8597275,22,42,-1,-1,5
8588286,27,49,-1,-1,0
8596291,24,53,-1,-1,5
8590281,58,36,-1,-1,7
8595824,43,12,-1,-1,5
8597597,17,34,-1,-1,5
8598619,46,2,-1,-1,6
8599270,24,30,-1,-1,5
8595088,36,15,-1,-1,0
8596988,31,29,-1,-1,4
8591292,50,38,-1,-1,6
8595656,8,57,-1,-1,3
8597570,34,2,-1,-1,1
8594259,57,0,-1,-1,6
8598554,25,32,-1,-1,0
8599202,38,38,-1,-1,1
8599571,8,27,-1,-1,3
8599064,22,21,-1,-1,3
8597999,0,36,-1,-1,0
8597707,36,24,-1,-1,0
8598850,4,27,-1,-1,1
8598630,38,1,-1,-1,4
8595466,3,50,-1,-1,3
8595800,5,25,-1,-1,7
8591400,44,13,-1,-1,5
8594610,7,9,-1,-1,3
8593386,52,38,-1,-1,2
8591830,43,5,-1,-1,5
8595720,10,19,-1,-1,7
8599681,49,30,-1,-1,5
8596797,39,47,-1,-1,4
8596925,3,37,-1,-1,7
8598221,24,0,-1,-1,5
8598848,48,0,-1,-1,6
8596551,10,20,-1,-1,3
8590215,2,58,-1,-1,6
8595219,38,46,-1,-1,1
8599709,11,53,-1,-1,3
8591893,3,55,-1,-1,3
8590498,25,1,-1,-1,2
8593812,19,4,-1,-1,0
8596204,46,31,-1,-1,7
8599267,46,35,-1,-1,1
8599474,12,42,-1,-1,3
8598613,27,22,-1,-1,1
8593219,21,6,-1,-1,3
8594900,5,2,-1,-1,4
8589680,39,56,-1,-1,4
8597220,46,1,-1,-1,2
8596861,17,52,-1,-1,4
8598481,34,54,-1,-1,4
8599285,18,30,-1,-1,0
8598198,50,24,-1,-1,6
8593758,23,54,-1,-1,6
8597351,14,42,-1,-1,5
8597678,6,44,-1,-1,6
8592573,29,1,-1,-1,0
8596941,4,2,-1,-1,1
8597173,44,17,-1,-1,2
8590098,58,19,-1,-1,0
8581996,58,2,-1,-1,4
8597367,54,22,-1,-1,0
8598900,25,21,-1,-1,2
8597371,46,47,-1,-1,6
8598125,43,9,-1,-1,5
8598059,54,11,-1,-1,2
8597667,19,14,-1,-1,2
8597984,44,42,-1,-1,6
8598301,12,21,-1,-1,0
8597676,34,14,-1,-1,7
8599388,1,58,-1,-1,2
8598275,10,57,-1,-1,3
8596066,8,6,-1,-1,4
8593105,18,49,-1,-1,3
8597380,38,13,-1,-1,6
8597829,53,45,-1,-1,6
8597686,2,36,-1,-1,1
8598640,51,33,-1,-1,7
8599570,17,14,-1,-1,6
8598019,42,50,-1,-1,2
8595338,31,17,-1,-1,3
8592638,2,33,-1,-1,2
8597150,53,36,-1,-1,6
8595065,50,33,-1,-1,3
8599235,2,21,-1,-1,4
8597935,21,26,-1,-1,0
8598283,19,27,-1,-1,6
8598514,33,9,-1,-1,4
8594434,3,22,-1,-1,6
8598961,57,36,-1,-1,2
8599123,54,51,-1,-1,0
8597375,56,57,-1,-1,7
8598690,3,9,-1,-1,6
8596933,28,33,-1,-1,5
8596444,51,16,-1,-1,5
8594805,39,58,-1,-1,7
8597654,7,4,-1,-1,5
8596940,17,11,-1,-1,3
8599403,19,56,-1,-1,0
8599144,42,15,-1,-1,2
8595170,31,16,-1,-1,7
8593221,50,41,-1,-1,4
8595340,16,52,-1,-1,2
8599328,38,32,-1,-1,2
8597222,43,57,-1,-1,6
8597881,51,12,-1,-1,5
8597841,52,45,-1,-1,1
8599445,19,6,-1,-1,6
8593813,13,30,-1,-1,2
8594367,41,56,-1,-1,4
8593796,50,5,-1,-1,7
8592026,24,2,-1,-1,4
8594362,52,29,-1,-1,1
8598228,10,8,-1,-1,0
8596520,26,53,-1,-1,7
8599070,35,6,-1,-1,3
8598892,19,23,-1,-1,7
8599132,35,48,-1,-1,4
8599053,30,43,-1,-1,1
8598093,1,10,-1,-1,3
8597505,56,38,-1,-1,1
8596525,57,20,-1,-1,5
8599504,55,23,-1,-1,0
8598977,51,7,-1,-1,0
8598042,23,18,-1,-1,6
8597446,50,4,-1,-1,6
8598595,34,50,-1,-1,2
8599341,4,4,-1,-1,5
8595667,54,41,-1,-1,4
8599691,32,31,-1,-1,6
8596664,8,28,-1,-1,1
8598066,52,15,-1,-1,7
8594216,23,43,-1,-1,7
8598726,32,17,-1,-1,1
8591412,48,25,-1,-1,3
8598870,45,39,-1,-1,7
8589145,5,6,-1,-1,6
8598048,14,44,-1,-1,5
8597059,11,40,-1,-1,6
8592531,57,47,-1,-1,1
8586625,12,14,-1,-1,3
8597636,51,3,-1,-1,7
8598583,22,49,-1,-1,5
8593928,34,38,-1,-1,0
8598825,4,12,-1,-1,6
8587097,38,52,-1,-1,7
8598660,11,50,-1,-1,2
8593207,18,10,-1,-1,5
8598887,30,11,-1,-1,6
8594400,42,32,-1,-1,5
8598543,12,56,-1,-1,6
8597110,1,35,-1,-1,4
8598669,18,55,-1,-1,7
8599496,26,55,-1,-1,0
8591600,42,38,-1,-1,6
8597716,19,22,-1,-1,3
8597690,32,44,-1,-1,1
8599222,26,42,-1,-1,5
8599276,9,34,-1,-1,3
8599418,16,11,-1,-1,5
8599308,23,44,-1,-1,6
8596451,50,50,-1,-1,4
8599175,27,52,-1,-1,7
8599604,5,26,-1,-1,0
8595045,58,24,-1,-1,0
8597795,55,3,-1,-1,6
8595921,16,5,-1,-1,7
8598065,8,4,-1,-1,4
8599644,18,51,-1,-1,5
8599624,57,38,-1,-1,2
8595485,49,23,-1,-1,2
8598269,53,1,-1,-1,0
8595638,34,32,-1,-1,6
8599550,48,50,-1,-1,0
8596340,58,34,-1,-1,7
8595908,43,51,-1,-1,7
8598156,11,23,-1,-1,2
8597292,52,21,-1,-1,1
8589414,0,50,-1,-1,4
8598278,36,53,-1,-1,2
8595795,22,6,-1,-1,6
8596617,30,39,-1,-1,6
8599601,34,23,-1,-1,6
8591890,49,34,-1,-1,0
8597575,15,16,-1,-1,1
8594843,21,46,-1,-1,6
8597779,49,4,-1,-1,6
8597789,31,33,-1,-1,1
8595280,25,54,-1,-1,6
8598653,18,9,-1,-1,2
8599180,33,57,-1,-1,3
8599565,14,25,-1,-1,0
8597127,12,30,-1,-1,1
8598924,6,51,-1,-1,7
8599393,24,54,-1,-1,2
8598400,44,56,-1,-1,3
8599147,20,47,-1,-1,1
8598974,5,23,-1,-1,3
8598607,10,14,-1,-1,6
8597713,29,5,-1,-1,2
8597978,2,37,-1,-1,3
8596435,11,42,-1,-1,2
8598923,55,50,-1,-1,4
8598362,42,16,-1,-1,3
8598719,5,42,-1,-1,7
8594129,46,44,-1,-1,7
8597075,32,18,-1,-1,7
8598478,45,14,-1,-1,3
8592604,1,27,-1,-1,0
8598445,17,38,-1,-1,6
8598181,43,20,-1,-1,0
8597876,10,18,-1,-1,0
8597028,31,43,-1,-1,3
8599190,56,36,-1,-1,0
8594635,47,9,-1,-1,2
8599229,53,11,-1,-1,3
8599510,8,32,-1,-1,3
8590489,14,0,-1,-1,5
8591021,44,53,-1,-1,7
8595029,14,22,-1,-1,0
8597658,1,4,-1,-1,4
8597680,45,36,-1,-1,4
8596124,10,55,-1,-1,3
8595848,11,36,-1,-1,6
8597493,56,21,-1,-1,0
8599575,18,7,-1,-1,6
8598882,48,40,-1,-1,4
8598384,35,23,-1,-1,5
8593445,7,44,-1,-1,2
8597357,8,37,-1,-1,1
8597554,26,50,-1,-1,1
8594855,52,1,-1,-1,4
8592411,23,12,-1,-1,6
8598766,17,12,-1,-1,1
8598658,44,26,-1,-1,3
8596706,15,23,-1,-1,0
8592555,22,19,-1,-1,2
8597265,35,10,-1,-1,5
8595766,54,3,-1,-1,1
8599702,37,7,-1,-1,4
8598662,7,28,-1,-1,6
8594279,46,21,-1,-1,7
8594409,37,28,-1,-1,3
8598644,53,29,-1,-1,1
8598714,23,0,-1,-1,4
8592261,37,37,-1,-1,4
8599238,36,12,-1,-1,0
8598282,4,19,-1,-1,0
8594694,46,15,-1,-1,2
8595963,50,25,-1,-1,7
8593260,51,31,-1,-1,0
8597625,20,55,-1,-1,5
8593154,4,44,-1,-1,1
8598049,12,36,-1,-1,5
8597886,15,2,-1,-1,1
8595603,17,42,-1,-1,2
8594943,28,41,-1,-1,5
8594066,32,37,-1,-1,2
8599253,35,58,-1,-1,7
8598406,49,43,-1,-1,3
8599603,56,35,-1,-1,6
8595909,2,20,-1,-1,3
8591051,49,39,-1,-1,0
8599385,55,47,-1,-1,3
8599334,16,55,-1,-1,4
8599160,23,21,-1,-1,2
8598636,45,50,-1,-1,2
8593821,20,26,-1,-1,1
8599569,47,7,-1,-1,7
8590764,41,54,-1,-1,5
8597569,7,20,-1,-1,3
8598132,5,14,-1,-1,0
8592690,2,27,-1,-1,5
8598151,49,49,-1,-1,5
8597971,57,53,-1,-1,4
8596917,40,20,-1,-1,3
8597278,14,32,-1,-1,6
8599687,49,33,-1,-1,7
8598285,54,2,-1,-1,6
8591238,2,43,-1,-1,1
8598623,10,27,-1,-1,1
8599662,43,18,-1,-1,5
8594892,33,39,-1,-1,3
8597098,38,26,-1,-1,2
8594206,7,40,-1,-1,7
8596632,36,51,-1,-1,7
8594289,12,2,-1,-1,1
8595604,26,45,-1,-1,7
8598109,23,5,-1,-1,4
8598837,29,3,-1,-1,6
8591845,52,10,-1,-1,3
8599254,56,40,-1,-1,3
8597031,6,35,-1,-1,0
8595958,38,41,-1,-1,6
8599566,54,56,-1,-1,0
8598985,37,42,-1,-1,0
8598705,21,53,-1,-1,1
8597868,52,56,-1,-1,2
8593500,56,51,-1,-1,2
8599430,12,13,-1,-1,2
8598020,5,29,-1,-1,0
8598898,57,42,-1,-1,3
8597465,18,58,-1,-1,2
8594912,29,31,-1,-1,5
8592815,34,18,-1,-1,6
8598601,14,18,-1,-1,5
8598273,49,50,-1,-1,4
8595807,42,44,-1,-1,2
8594482,28,5,-1,-1,1
8598986,48,19,-1,-1,0
8598868,54,29,-1,-1,7
8596122,32,13,-1,-1,2
8597939,57,16,-1,-1,0
8578814,48,38,-1,-1,4
8599582,29,13,-1,-1,3
8597961,45,41,-1,-1,0
8598596,24,35,-1,-1,5
8598369,9,3,-1,-1,2
8598951,6,19,-1,-1,2
8598667,28,29,-1,-1,3
8598395,25,16,-1,-1,5
8593383,39,49,-1,-1,3
8596457,12,22,-1,-1,4
8598023,50,2,-1,-1,6
8599431,32,2,-1,-1,7
8599373,2,3,-1,-1,6
8595069,16,53,-1,-1,2
8594901,18,22,-1,-1,6
8596474,21,24,-1,-1,3
8595840,24,12,-1,-1,7
8596429,4,55,-1,-1,2
8592822,14,57,-1,-1,0
8596446,6,56,-1,-1,1
8597860,50,36,-1,-1,7
8599693,44,47,-1,-1,5
8597184,21,10,-1,-1,6
8596550,16,18,-1,-1,1
8590213,54,17,-1,-1,6
8598389,48,44,-1,-1,1
8595680,22,15,-1,-1,1
8597377,30,18,-1,-1,5
8599008,32,27,-1,-1,3
8598499,46,28,-1,-1,0
8596898,52,24,-1,-1,3
8589821,10,0,-1,-1,6
8593655,33,30,-1,-1,4
8598032,46,26,-1,-1,1
8598770,9,52,-1,-1,2
8597210,15,11,-1,-1,3
8592852,49,32,-1,-1,5
8599287,34,8,-1,-1,5
8598845,6,39,-1,-1,1
8597614,37,44,-1,-1,1
8597705,22,12,-1,-1,1
8596609,9,31,-1,-1,3
8591010,39,17,-1,-1,1
8595890,36,0,-1,-1,2
8598652,17,24,-1,-1,6
8598576,11,16,-1,-1,4
8595791,54,42,-1,-1,4
8596538,28,21,-1,-1,4
8597111,30,17,-1,-1,7
8593850,51,32,-1,-1,3
8596726,55,35,-1,-1,2
8599434,5,17,-1,-1,0
8592779,36,47,-1,-1,6
8599386,16,31,-1,-1,2
8598847,3,23,-1,-1,6
8598503,24,48,-1,-1,7
8592746,28,38,-1,-1,7
8597947,6,14,-1,-1,5
8598541,30,47,-1,-1,7
8598324,56,52,-1,-1,3
8598459,36,17,-1,-1,7
8587964,37,43,-1,-1,6
8586983,7,38,-1,-1,3
8599299,22,32,-1,-1,6
8598715,5,1,-1,-1,1
8591028,53,53,-1,-1,3
8597168,37,11,-1,-1,6
8594493,30,24,-1,-1,2
8591515,27,6,-1,-1,3
8596791,15,19,-1,-1,2
8598886,46,54,-1,-1,0
8599696,34,10,-1,-1,5
8598530,53,10,-1,-1,7
8598620,32,14,-1,-1,5
8598840,7,24,-1,-1,6
8599463,17,27,-1,-1,7
8597675,5,31,-1,-1,7
8596509,12,27,-1,-1,2
8593456,27,26,-1,-1,6
8592615,13,34,-1,-1,3
8598310,18,23,-1,-1,6
8599553,44,28,-1,-1,3
8591386,11,33,-1,-1,2
8594219,4,8,-1,-1,3
8598446,46,49,-1,-1,3
8597557,30,23,-1,-1,5
8596286,27,25,-1,-1,5
8597471,24,31,-1,-1,0
8593165,8,16,-1,-1,0
8598488,37,30,-1,-1,7
8596676,55,51,-1,-1,0
8590835,21,17,-1,-1,4
8598150,5,39,-1,-1,1
8590769,17,40,-1,-1,3
8599585,54,53,-1,-1,0
8597319,54,30,-1,-1,3
8599395,37,16,-1,-1,1
8596992,17,30,-1,-1,6
8598689,3,30,-1,-1,6
8597287,28,58,-1,-1,1
8597320,19,31,-1,-1,7
8583137,44,0,-1,-1,6
8596091,55,2,-1,-1,2
8598474,16,46,-1,-1,4
8597180,48,43,-1,-1,0
8598385,12,7,-1,-1,7
8598057,3,47,-1,-1,1
8599122,47,3,-1,-1,0
8599237,9,36,-1,-1,5
8599637,16,51,-1,-1,5
8598688,58,37,-1,-1,0
8595463,23,36,-1,-1,6
8598212,13,23,-1,-1,6
8597677,32,4,-1,-1,4
8592421,19,12,-1,-1,0
8591447,0,14,-1,-1,4
8595475,56,1,-1,-1,6
8598233,8,14,-1,-1,5
8593649,12,24,-1,-1,2
8584330,19,54,-1,-1,0
8588269,18,15,-1,-1,6
8597016,33,47,-1,-1,4
8590945,40,4,-1,-1,1
8598030,33,21,-1,-1,4
8596522,31,42,-1,-1,0
8598746,36,55,-1,-1,4
8598375,16,8,-1,-1,0
8597425,29,36,-1,-1,1
8597697,20,57,-1,-1,3
8597199,21,29,-1,-1,6
8593513,13,45,-1,-1,3
8593889,13,15,-1,-1,7
8597594,5,53,-1,-1,3
8595224,21,56,-1,-1,2
8597084,44,20,-1,-1,5
8593950,27,2,-1,-1,2
8596879,33,51,-1,-1,6
8598508,29,34,-1,-1,4
8594664,23,17,-1,-1,0
8591055,0,58,-1,-1,2
8598649,49,36,-1,-1,6
8598024,57,51,-1,-1,4
8596869,6,9,-1,-1,2
8599303,56,45,-1,-1,0
8596965,23,45,-1,-1,5
8599586,15,24,-1,-1,4
8594065,31,41,-1,-1,6
8598930,46,40,-1,-1,3
8595559,20,49,-1,-1,5
8597897,25,46,-1,-1,7
8594433,33,35,-1,-1,6
8595582,19,10,-1,-1,7
8590619,22,34,-1,-1,5
8597760,12,45,-1,-1,1
8596864,27,54,-1,-1,2
8599152,30,49,-1,-1,4
8594706,41,14,-1,-1,7
8599170,18,2,-1,-1,6
8599699,38,49,-1,-1,6
8598998,37,32,-1,-1,7
8597877,54,40,-1,-1,7
8597213,57,11,-1,-1,2
8598480,11,20,-1,-1,1
8599678,40,44,-1,-1,6
8598795,16,57,-1,-1,2
8599396,26,4,-1,-1,5
8596237,34,56,-1,-1,0
8588691,7,48,-1,-1,7
8593776,28,23,-1,-1,6
8594547,19,5,-1,-1,6
8596566,24,6,-1,-1,7
8599281,9,17,-1,-1,6
8598340,28,27,-1,-1,7
8596565,53,28,-1,-1,4
8597923,3,4,-1,-1,1
8593670,50,23,-1,-1,3
8597518,1,43,-1,-1,0
8587573,54,50,-1,-1,5
8596015,42,54,-1,-1,4
8596647,47,15,-1,-1,5
8599562,57,7,-1,-1,4
8599559,41,0,-1,-1,5
8599369,28,50,-1,-1,2
8596089,56,10,-1,-1,4
8598992,17,13,-1,-1,6
8589650,10,2,-1,-1,3
8598540,56,7,-1,-1,6
8594765,49,14,-1,-1,3
8599075,20,52,-1,-1,7
8596948,10,28,-1,-1,3
8599498,41,6,-1,-1,3
8598390,54,31,-1,-1,5
8597835,5,36,-1,-1,6
8598883,29,33,-1,-1,1
8594857,29,10,-1,-1,7
8598381,56,3,-1,-1,0
8596580,51,17,-1,-1,5
8597445,47,11,-1,-1,4
8599094,28,12,-1,-1,4
8599605,55,55,-1,-1,7
8598972,38,55,-1,-1,4
8598949,20,14,-1,-1,7
8593541,49,26,-1,-1,1
8598588,20,29,-1,-1,2
8599632,46,11,-1,-1,0
8599342,15,20,-1,-1,1
8598067,24,9,-1,-1,4
8598547,50,30,-1,-1,0
8596739,4,57,-1,-1,7
8597154,49,25,-1,-1,7
8598426,18,36,-1,-1,7
8594622,51,11,-1,-1,5
8585647,58,10,-1,-1,0
8595979,10,38,-1,-1,5
8598432,57,40,-1,-1,2
8597925,12,10,-1,-1,3
8592061,31,47,-1,-1,5
8595289,15,54,-1,-1,4
8597622,34,13,-1,-1,2
8592611,39,6,-1,-1,0
8594494,22,5,-1,-1,6
8583759,32,24,-1,-1,3
8599627,19,13,-1,-1,6
8596857,34,49,-1,-1,0
8599375,29,26,-1,-1,6
8597224,30,32,-1,-1,5
8595328,1,33,-1,-1,0
8596896,8,19,-1,-1,7
8599538,8,12,-1,-1,2
8598158,22,29,-1,-1,3
8586827,31,45,-1,-1,2
8591875,44,36,-1,-1,3
8590204,35,31,-1,-1,2
8597081,8,41,-1,-1,5
8598815,8,7,-1,-1,6
8598176,1,5,-1,-1,2
8598365,48,17,-1,-1,2
8599440,13,49,-1,-1,0
8596544,29,18,-1,-1,2
8597383,22,55,-1,-1,5
8592577,15,10,-1,-1,5
8599090,40,15,-1,-1,0
8599011,15,55,-1,-1,1
8594182,28,15,-1,-1,5
8595647,2,42,-1,-1,4
8596054,54,1,-1,-1,5
8598575,57,46,-1,-1,1
8593975,18,28,-1,-1,5
8599502,43,10,-1,-1,7
8595412,32,21,-1,-1,6
8588983,6,15,-1,-1,3
8598290,27,34,-1,-1,1
8593936,27,7,-1,-1,0
8597948,38,11,-1,-1,4
8595437,58,16,-1,-1,6
8599654,26,20,-1,-1,2
8589435,56,2,-1,-1,3
8587390,54,58,-1,-1,0
8593782,41,47,-1,-1,6
8598631,20,11,-1,-1,6
8592528,16,4,-1,-1,2
8598581,58,3,-1,-1,4
8599197,0,34,-1,-1,3
8589247,21,2,-1,-1,0
8599320,27,4,-1,-1,3
8599628,10,37,-1,-1,5
8595818,1,15,-1,-1,7
8575090,58,32,-1,-1,7
8598769,36,42,-1,-1,1
8597861,29,15,-1,-1,0
8595724,46,58,-1,-1,0
8598482,40,18,-1,-1,7
8587698,24,22,-1,-1,2
8597069,6,29,-1,-1,3
8595491,12,54,-1,-1,2
8599214,8,1,-1,-1,4
8595571,2,5,-1,-1,6
8599494,52,20,-1,-1,7
8599329,34,30,-1,-1,1
8597508,41,4,-1,-1,5
8592396,58,23,-1,-1,0
8598999,33,48,-1,-1,4
8598086,29,12,-1,-1,6
8584709,4,43,-1,-1,4
8596705,58,0,-1,-1,4
8595850,23,58,-1,-1,1
8599348,21,32,-1,-1,7
8595754,47,35,-1,-1,1
8596741,4,58,-1,-1,1
8596209,51,49,-1,-1,6
8597651,15,0,-1,-1,6
8595539,49,2,-1,-1,5
8574664,56,9,-1,-1,6
8598728,31,46,-1,-1,3
8599007,4,20,-1,-1,5
8595407,33,14,-1,-1,0
8598944,31,48,-1,-1,2
8594771,25,42,-1,-1,2
8596981,14,53,-1,-1,4
8597239,8,46,-1,-1,3
8586894,13,31,-1,-1,6
8597221,28,26,-1,-1,4
8599313,52,39,-1,-1,4
8597076,12,29,-1,-1,4
8597090,21,7,-1,-1,5
8598672,12,3,-1,-1,1
8598638,44,51,-1,-1,1
8596757,14,19,-1,-1,7
8598202,36,38,-1,-1,3
8599531,57,1,-1,-1,2
8591989,15,3,-1,-1,1
8589125,16,49,-1,-1,7
8594989,18,48,-1,-1,7
8597212,34,44,-1,-1,6
8599043,42,23,-1,-1,3
8596836,33,55,-1,-1,5
8599455,53,48,-1,-1,6
8598339,16,21,-1,-1,0
8594418,54,28,-1,-1,5
8596056,13,2,-1,-1,4
8598359,40,58,-1,-1,1
8594897,43,58,-1,-1,2
8596695,25,39,-1,-1,2
8591595,21,44,-1,-1,1
8599250,44,41,-1,-1,1
8592853,30,54,-1,-1,2
8594582,53,31,-1,-1,6
8595486,3,38,-1,-1,0
8598255,44,1,-1,-1,4
8598537,50,22,-1,-1,3
8599674,42,7,-1,-1,3
8598912,44,35,-1,-1,2
8598673,3,11,-1,-1,0
8595764,47,25,-1,-1,0
8596305,12,43,-1,-1,5
8592781,38,43,-1,-1,3
8598792,33,6,-1,-1,4
8591883,10,21,-1,-1,6
8590986,52,40,-1,-1,7
8595362,39,9,-1,-1,0
8599141,58,12,-1,-1,4
8591677,1,7,-1,-1,5
8597174,58,53,-1,-1,6
8593397,21,21,-1,-1,3
8599405,35,4,-1,-1,0
8599089,32,1,-1,-1,0
8599488,49,9,-1,-1,5
8588699,35,20,-1,-1,5
8596995,47,21,-1,-1,2
8595872,23,6,-1,-1,5
8597412,18,24,-1,-1,4
8599712,30,31,-1,-1,5
8599263,44,30,-1,-1,0
8588482,47,33,-1,-1,0
8596407,45,2,-1,-1,3
8593873,2,18,-1,-1,7
8587001,36,58,-1,-1,7
8595330,49,41,-1,-1,5
8596633,12,17,-1,-1,7
8596926,52,8,-1,-1,6
8596949,32,53,-1,-1,6
8599713,13,27,-1,-1,6
8596851,44,8,-1,-1,4
8595455,21,39,-1,-1,5
8598352,53,6,-1,-1,3
8598768,2,6,-1,-1,2
8598139,3,28,-1,-1,0
8598781,42,34,-1,-1,5
8592017,5,0,-1,-1,6
8598405,20,32,-1,-1,7
8595876,27,39,-1,-1,1
8598171,50,51,-1,-1,5
8596592,30,37,-1,-1,0
8598735,47,32,-1,-1,5
8594964,19,52,-1,-1,6
8597333,29,50,-1,-1,6
8597617,15,5,-1,-1,1
8596624,57,6,-1,-1,0
8594905,44,48,-1,-1,2
8581280,39,31,-1,-1,2
8597215,9,44,-1,-1,7
8599056,11,34,-1,-1,0
8596643,45,13,-1,-1,7
8596160,45,15,-1,-1,7
8589073,53,40,-1,-1,4
8597552,27,17,-1,-1,5
8598742,9,55,-1,-1,2
8589438,47,58,-1,-1,1
8597857,9,37,-1,-1,5
8598460,26,44,-1,-1,5
8597441,46,4,-1,-1,7
8594526,39,14,-1,-1,3
8599653,29,57,-1,-1,0
8593128,42,9,-1,-1,7
8595716,7,19,-1,-1,2
8593696,33,28,-1,-1,7
8591669,39,42,-1,-1,5
8591433,51,2,-1,-1,1
8594940,0,5,-1,-1,1
8599143,32,20,-1,-1,5
8599209,54,5,-1,-1,6
8599492,2,50,-1,-1,7
8598745,12,35,-1,-1,6
8593191,2,44,-1,-1,5
8595858,31,27,-1,-1,7
8598001,2,53,-1,-1,6
8598632,12,0,-1,-1,2
8597959,51,43,-1,-1,0
8591811,28,42,-1,-1,2
8597269,40,22,-1,-1,7
8593590,42,12,-1,-1,0
8599117,21,11,-1,-1,5
8598355,26,34,-1,-1,1
8595360,23,56,-1,-1,1
8599291,50,46,-1,-1,6
8595369,27,8,-1,-1,6
8599667,21,40,-1,-1,7
8597924,53,12,-1,-1,5
8598556,18,20,-1,-1,2
8598618,58,31,-1,-1,6
8598762,37,0,-1,-1,2
8598523,15,15,-1,-1,5
8598126,9,39,-1,-1,2
8598625,9,8,-1,-1,4
8599050,40,33,-1,-1,3
8596464,46,41,-1,-1,3
8599234,18,11,-1,-1,7
8599093,53,41,-1,-1,5
8592702,19,16,-1,-1,6
8598778,25,34,-1,-1,1
8598047,27,14,-1,-1,6
8599055,4,23,-1,-1,7
8593585,38,21,-1,-1,3
8599619,14,21,-1,-1,5
8599346,31,3,-1,-1,0
8590502,32,56,-1,-1,4
8593281,31,28,-1,-1,3
8595401,21,13,-1,-1,6
8595439,3,35,-1,-1,3
8599708,34,16,-1,-1,3
8598154,5,46,-1,-1,3
8597807,54,0,-1,-1,3
8597974,57,2,-1,-1,5
8599522,25,57,-1,-1,7
8599218,23,9,-1,-1,0
8593609,6,26,-1,-1,7
8586389,30,58,-1,-1,7
8597893,52,30,-1,-1,2
8590706,24,52,-1,-1,0
8590103,53,26,-1,-1,5
8596327,53,38,-1,-1,0
8594705,40,31,-1,-1,3
8597422,49,5,-1,-1,6
8597376,2,25,-1,-1,4
8596731,55,38,-1,-1,2
8598050,19,24,-1,-1,4
8597736,41,2,-1,-1,6
8599556,52,3,-1,-1,3
8597733,41,45,-1,-1,3
8597660,45,10,-1,-1,2
8598861,30,29,-1,-1,2
8596294,53,49,-1,-1,3
8598592,57,39,-1,-1,2
8593965,16,42,-1,-1,7
8599118,55,26,-1,-1,7
8598206,9,16,-1,-1,6
8594545,40,26,-1,-1,1
8593434,30,0,-1,-1,4
8595140,51,51,-1,-1,2
8597047,31,8,-1,-1,4
8599231,11,30,-1,-1,1
8597681,56,53,-1,-1,7
8599168,29,21,-1,-1,5
8599137,49,13,-1,-1,5
8591444,55,16,-1,-1,6
8599640,14,8,-1,-1,7
8592654,58,42,-1,-1,0
8595244,0,56,-1,-1,4
8599368,57,34,-1,-1,4
8596722,41,50,-1,-1,7
8594145,43,55,-1,-1,4
8598453,45,49,-1,-1,4
8596378,44,37,-1,-1,6
8597673,13,33,-1,-1,6
8589296,44,54,-1,-1,2
8599458,19,28,-1,-1,1
8595552,39,27,-1,-1,5
8597457,0,20,-1,-1,4
8599400,20,13,-1,-1,5
8596782,50,6,-1,-1,3
8585050,51,14,-1,-1,1
8595084,57,17,-1,-1,4
8599700,57,50,-1,-1,5
8592248,52,14,-1,-1,6
8597088,14,13,-1,-1,7
8592635,30,8,-1,-1,2
8599398,14,56,-1,-1,4
8598863,16,0,-1,-1,5
8599541,16,32,-1,-1,6
8596828,27,29,-1,-1,4
8599247,13,58,-1,-1,6
8597006,30,40,-1,-1,5
8597630,57,19,-1,-1,1
8598794,21,16,-1,-1,3
8597499,3,54,-1,-1,5
8599597,11,17,-1,-1,6
8598371,15,37,-1,-1,0
8596036,9,43,-1,-1,5
8587727,40,12,-1,-1,5
8595984,39,4,-1,-1,6
8596830,8,50,-1,-1,7
8597366,1,2,-1,-1,3
8599091,28,45,-1,-1,0
8597310,5,48,-1,-1,4
8595353,33,12,-1,-1,2
8596875,12,52,-1,-1,5
8597472,53,18,-1,-1,2
8598305,7,29,-1,-1,1
8597979,24,55,-1,-1,3
8597663,22,51,-1,-1,2
8598594,30,19,-1,-1,1
8596462,21,20,-1,-1,3
8598520,3,57,-1,-1,7
8598319,58,51,-1,-1,0
8592731,9,18,-1,-1,2
8598711,4,6,-1,-1,5
8586585,25,9,-1,-1,2
8597608,50,37,-1,-1,0
8593745,41,55,-1,-1,2
8592783,22,56,-1,-1,1
8595805,5,5,-1,-1,4
8598479,27,23,-1,-1,3
8586812,16,27,-1,-1,3
8597540,30,15,-1,-1,0
8597394,27,0,-1,-1,2
8596496,36,4,-1,-1,3
8598524,11,52,-1,-1,7
8593940,47,17,-1,-1,4
8599301,45,17,-1,-1,0
8596167,6,38,-1,-1,4
8598855,6,45,-1,-1,2
8598502,26,36,-1,-1,1
8598970,11,22,-1,-1,5
8599685,32,39,-1,-1,3
8594835,14,12,-1,-1,2
8598281,23,39,-1,-1,3
8593569,0,10,-1,-1,0
8596929,24,39,-1,-1,7
8588395,19,41,-1,-1,0
8599288,16,36,-1,-1,2
8598265,52,28,-1,-1,5
8598466,23,10,-1,-1,6
8595574,25,22,-1,-1,3
8598692,45,9,-1,-1,5
8599054,24,29,-1,-1,3
8584347,32,6,-1,-1,5
8599630,48,8,-1,-1,6
8599236,21,12,-1,-1,5
8599573,19,32,-1,-1,7
8598983,42,28,-1,-1,2
8595100,16,43,-1,-1,2
8594870,52,48,-1,-1,3
8595009,50,8,-1,-1,0
8596009,56,50,-1,-1,4
8596916,18,44,-1,-1,7
8599312,15,53,-1,-1,6
8599547,36,11,-1,-1,7
8599650,18,13,-1,-1,4
8597674,3,36,-1,-1,2
8590678,12,19,-1,-1,5
8597588,22,39,-1,-1,6
8599295,22,14,-1,-1,7
8591742,7,7,-1,-1,4
8590760,40,25,-1,-1,7
8585622,38,54,-1,-1,3
8589932,44,18,-1,-1,2
8597480,14,9,-1,-1,3
8594725,43,21,-1,-1,5
8597854,20,21,-1,-1,1
8599006,11,5,-1,-1,3
8594647,44,22,-1,-1,0
8599658,49,24,-1,-1,3
8598593,42,53,-1,-1,4
8597338,5,49,-1,-1,2
8598222,56,47,-1,-1,6
8594498,31,50,-1,-1,3
8599645,4,26,-1,-1,3
8599634,46,20,-1,-1,1
8599716,25,48,-1,-1,0
