281 281 8 265 265 261 409 281 281 0 281 24 0 281 281 281 409 261 0 0 4 0 285 285 285 285 285 285 29 29 12 12 0 286 286 286 286 270 12 0 4 270 270 0 270 270 4 270 268 0 262 262 262 128 128 262 262 0 4 
281 281 265 8 0 261 409 409 281 281 281 281 281 281 281 261 261 261 0 261 0 285 285 285 285 228 285 285 285 285 286 286 286 286 286 128 270 12 0 270 270 270 24 0 270 0 4 268 6 262 262 6 0 262 262 0 262 270 0 
281 281 281 281 0 24 261 152 409 128 281 281 281 281 281 281 261 261 261 261 261 148 285 285 285 285 285 285 285 285 116 286 286 286 286 270 0 270 270 286 270 270 0 286 286 270 270 262 262 262 0 270 262 262 0 0 270 14 270 
281 281 281 281 0 409 409 261 409 409 128 281 281 281 0 261 261 261 152 0 285 285 285 28 0 285 285 0 285 29 286 286 12 12 270 286 270 270 270 14 286 286 286 270 286 270 270 6 406 0 262 12 262 268 270 270 268 4 270 
281 281 393 393 265 409 0 4 409 281 0 281 281 265 281 281 409 409 410 0 0 0 285 285 285 281 285 285 285 285 285 270 286 270 270 270 270 270 14 270 286 286 0 286 286 0 270 404 12 406 12 270 262 262 270 270 268 270 270 
393 281 393 265 409 409 409 409 401 409 281 281 281 0 281 409 281 410 409 285 285 285 285 281 281 285 285 285 285 286 30 286 270 270 270 270 270 270 270 270 24 286 286 286 0 14 270 14 14 0 406 262 262 270 270 270 24 0 0 
0 393 265 265 393 0 0 409 409 409 281 281 0 281 281 281 281 0 0 409 285 285 285 281 281 285 285 0 285 286 285 286 0 270 268 270 270 14 270 270 270 270 286 286 286 286 286 406 0 0 262 406 262 270 270 262 286 270 0 
409 409 0 265 409 265 265 409 409 281 281 281 0 0 265 0 24 0 0 409 128 285 285 285 285 285 285 285 285 286 285 285 285 0 270 0 270 286 286 286 270 286 270 0 286 286 406 286 0 406 262 406 0 262 128 270 270 286 270 
281 409 409 409 136 265 0 0 265 0 281 281 281 281 280 24 281 0 409 285 285 285 285 0 285 285 285 132 285 0 285 286 0 286 286 286 20 0 286 270 286 390 24 286 286 0 286 406 406 406 406 406 406 0 286 0 270 128 270 
281 281 281 265 265 136 264 265 0 265 281 281 0 8 0 280 281 285 285 285 285 285 285 0 285 285 28 285 285 285 285 138 286 286 286 286 286 30 270 406 144 406 406 406 286 286 286 406 406 406 278 406 24 286 286 284 262 270 128 
24 0 281 281 0 393 281 264 281 265 281 281 281 0 8 281 281 281 281 285 0 285 285 285 285 285 285 285 285 285 285 286 286 286 286 286 286 286 0 12 406 406 406 0 406 150 406 406 286 278 406 286 406 286 286 284 284 270 270 
281 24 281 281 393 393 281 281 281 0 281 0 281 281 281 281 285 285 285 281 285 24 285 285 285 28 285 285 28 285 128 286 286 0 244 30 286 286 406 150 0 0 406 390 150 406 406 0 278 286 406 286 286 286 286 286 406 278 278 
281 280 0 280 281 281 281 281 281 281 281 281 144 0 28 0 285 285 285 281 28 30 285 285 285 285 285 285 285 285 285 286 286 286 0 0 128 0 406 270 406 406 406 406 406 406 0 286 286 286 406 286 286 20 286 286 0 286 406 
280 10 281 281 281 24 281 281 281 0 0 144 281 281 28 285 285 285 12 281 285 285 285 285 285 285 285 0 285 285 285 286 286 286 285 286 406 286 286 406 406 406 406 406 406 406 244 244 286 286 278 286 286 286 286 28 28 286 286 
281 281 281 160 281 0 281 0 285 281 128 285 285 281 285 285 132 285 285 285 0 0 285 0 285 8 285 285 285 285 285 24 24 285 0 30 286 406 406 406 406 406 406 286 406 406 0 286 286 0 0 286 0 286 0 286 276 286 286 
0 281 281 281 281 281 281 285 285 281 29 285 128 281 281 0 24 269 285 285 8 28 285 285 8 269 285 285 285 285 285 285 285 285 30 406 285 285 286 406 96 406 286 278 148 286 286 286 286 286 286 20 286 286 286 286 286 286 286 
152 281 281 281 281 281 281 281 285 285 285 285 285 285 24 285 285 269 269 285 285 0 285 285 285 285 285 0 285 285 285 285 285 286 285 285 285 286 285 286 286 0 0 0 0 286 286 286 406 406 30 286 286 286 0 286 286 286 286 
285 285 0 0 273 281 281 0 281 285 285 0 285 285 285 0 285 0 285 0 285 285 285 28 28 285 285 285 0 285 285 285 285 128 160 285 286 0 0 285 286 270 286 30 286 286 0 286 286 0 406 406 286 0 286 286 286 284 284 
285 0 0 281 8 281 0 281 285 0 281 285 285 28 285 285 0 285 285 285 285 285 285 285 285 285 285 285 285 285 285 285 285 160 128 285 284 285 285 286 285 285 285 30 286 0 286 286 148 286 286 286 286 286 282 286 284 284 284 
28 281 281 281 281 284 0 285 285 285 281 30 28 28 132 285 0 285 268 285 285 285 285 285 28 285 285 285 285 0 285 285 285 286 286 286 29 148 286 285 285 286 0 0 286 286 286 0 286 286 0 0 286 286 286 0 286 286 286 
281 281 160 281 265 281 284 285 285 285 30 281 285 285 284 132 285 285 284 285 285 285 0 224 30 285 285 285 285 285 228 285 30 0 286 286 286 270 0 285 286 285 0 0 286 286 284 286 270 286 270 286 286 286 286 286 286 128 286 
281 281 285 0 281 265 281 25 285 285 281 281 285 285 285 285 285 284 285 285 281 281 0 30 285 286 0 285 285 0 269 269 30 285 286 286 286 0 286 286 286 286 286 224 284 284 286 284 286 270 156 286 286 286 286 286 0 224 0 
8 401 281 281 281 281 281 285 25 285 285 0 285 277 284 285 285 285 285 281 0 286 286 286 286 286 285 148 285 285 285 285 285 284 286 286 286 286 148 286 286 286 286 286 0 286 286 286 0 286 286 286 286 286 286 286 286 29 0 
282 8 26 281 0 281 25 285 285 0 29 285 29 285 285 285 30 285 285 285 286 286 286 286 286 286 286 0 285 0 285 285 285 284 286 20 20 0 286 286 152 286 284 286 286 286 286 286 286 270 286 0 286 286 30 286 286 228 228 
282 286 0 24 286 281 281 269 285 0 285 29 285 285 0 0 285 148 285 285 8 0 286 0 286 286 286 30 0 285 285 285 286 286 286 286 286 286 286 0 412 0 284 26 286 30 286 286 286 0 270 148 286 286 270 148 286 228 228 
0 286 128 0 286 286 0 285 285 285 285 285 285 285 285 285 285 285 285 285 285 0 286 286 286 286 30 30 30 286 0 270 284 30 286 140 286 284 286 286 286 26 286 286 286 0 30 286 286 286 284 270 252 286 148 148 286 286 228 
286 26 286 286 24 286 0 286 285 285 285 24 285 285 285 285 0 285 285 29 285 0 285 286 286 286 286 96 0 286 0 270 286 284 140 286 0 0 286 286 286 286 286 270 286 244 244 24 0 284 270 286 286 252 148 0 286 286 128 
286 282 282 282 286 286 286 30 286 281 132 0 285 285 285 285 285 285 285 285 285 285 285 286 286 286 286 286 96 286 286 286 286 284 286 286 286 96 286 286 286 286 286 286 286 208 286 286 406 244 0 286 248 244 252 188 100 100 100 
0 286 282 0 284 284 0 285 285 285 285 0 285 285 29 286 285 0 285 0 0 0 286 286 0 286 286 286 0 286 286 286 286 0 286 286 286 286 286 286 286 286 286 286 0 244 244 0 252 252 220 220 180 244 252 0 0 244 100 
0 394 286 128 30 285 286 0 285 285 148 285 285 28 286 285 0 285 285 286 286 286 286 286 286 128 286 286 148 286 286 0 0 286 286 286 286 0 286 286 0 30 30 286 286 116 240 0 252 244 252 220 220 0 252 228 244 228 228 
394 394 286 286 285 286 0 286 285 286 286 148 44 286 285 286 285 285 286 286 0 24 286 0 286 28 0 286 286 286 252 0 286 252 286 286 0 286 286 286 0 0 286 240 160 286 244 32 244 244 244 220 244 244 244 228 228 228 228 
394 394 266 286 286 286 286 128 285 286 286 286 30 0 20 286 286 286 286 286 286 286 286 286 286 0 286 30 28 0 24 252 252 252 286 286 0 286 286 286 244 252 140 0 0 244 244 252 176 244 0 252 244 244 212 244 228 228 228 
0 394 394 394 286 286 286 140 286 390 286 0 286 286 286 286 286 286 286 286 286 286 0 286 286 0 286 286 286 286 252 252 252 220 286 252 0 252 252 252 252 0 252 236 244 216 252 244 252 252 252 252 244 244 244 244 252 0 228 
394 394 394 394 128 286 286 286 286 286 286 30 286 286 286 286 286 286 286 286 286 0 286 20 286 0 286 286 286 0 24 252 220 0 0 252 252 252 252 0 252 252 252 248 0 0 244 0 236 252 252 244 252 244 240 252 252 228 252 
394 394 394 394 394 266 0 286 0 0 30 286 286 24 286 286 286 30 286 286 286 286 20 286 286 286 286 286 286 286 286 252 252 252 180 252 252 252 252 252 252 252 188 0 252 0 236 0 252 252 0 244 248 0 252 188 0 224 244 
0 394 392 394 394 394 394 136 138 286 30 286 286 0 286 286 0 286 286 286 30 286 286 286 286 286 30 0 286 286 286 160 252 252 252 252 252 0 160 252 252 252 252 244 252 252 0 236 252 0 184 248 0 116 112 240 240 244 244 
394 394 394 392 136 394 394 394 0 138 30 286 286 30 0 286 286 286 286 286 286 286 286 0 286 0 0 286 286 286 160 252 252 252 0 188 252 252 252 0 252 252 244 252 252 252 252 252 252 252 184 244 244 244 116 244 240 244 244 
394 394 394 394 394 394 394 394 394 394 286 286 30 286 12 282 282 286 286 0 10 30 286 286 286 286 0 284 30 286 286 286 252 236 140 252 244 0 252 252 252 252 236 252 252 252 252 252 252 252 244 128 244 244 160 0 240 244 244 
394 394 0 394 394 0 394 394 394 0 0 286 394 286 270 284 282 286 286 286 0 10 30 286 286 286 286 28 30 116 286 252 0 0 252 252 252 252 252 236 252 252 252 236 252 252 252 156 252 252 252 244 116 244 252 0 0 240 244 
394 394 0 394 394 394 392 394 394 0 286 284 394 286 0 0 286 0 286 286 286 286 286 286 286 286 284 284 286 286 286 160 248 252 0 252 252 252 236 0 252 252 252 252 116 252 0 252 252 252 240 0 116 252 184 252 244 244 244 
0 138 0 138 398 394 398 0 392 392 394 394 286 286 286 284 286 286 286 286 286 286 284 286 0 286 0 24 252 252 286 286 0 0 0 252 32 252 0 252 252 252 252 252 172 172 252 252 156 240 240 252 252 116 252 244 244 0 244 
394 0 138 394 394 398 398 398 394 394 392 26 394 286 284 394 286 28 286 286 0 0 286 22 286 286 286 286 252 286 252 286 0 60 252 248 252 252 252 252 252 252 252 252 252 0 252 188 240 244 240 252 244 220 164 244 228 0 0 
394 394 138 10 0 394 0 0 398 138 394 26 394 286 394 286 286 14 286 0 0 286 286 286 0 0 286 286 20 286 286 252 252 252 252 248 252 184 0 252 252 252 252 0 0 252 0 240 240 0 0 252 244 244 116 116 228 244 244 
394 394 149 394 398 0 0 398 398 398 270 26 286 0 0 286 286 22 286 148 0 286 286 286 286 30 286 286 286 286 0 286 252 248 252 248 248 252 0 220 252 0 0 236 248 176 188 240 0 244 244 244 180 0 116 228 244 388 244 
0 394 142 142 398 398 398 0 398 398 398 398 398 0 394 286 0 10 0 0 286 286 0 286 286 286 286 160 286 232 286 248 248 248 252 252 252 252 220 252 252 0 0 0 236 240 240 240 252 240 244 244 244 0 244 244 388 0 388 
394 394 394 394 394 152 398 398 398 128 138 394 394 394 394 128 394 0 128 286 286 286 286 286 286 286 286 286 286 286 286 248 248 152 252 252 252 252 252 252 244 244 248 248 240 240 240 240 216 252 244 244 244 244 244 116 388 388 0 
394 394 136 394 394 394 398 398 0 398 398 394 394 136 394 394 394 394 394 136 128 14 286 286 30 286 24 286 164 0 286 248 152 248 248 0 252 252 252 252 252 252 128 248 240 0 212 216 160 400 0 400 244 244 244 388 388 388 388 
394 394 394 136 142 0 142 398 398 398 394 394 394 394 394 394 394 394 394 394 286 286 286 286 30 30 188 32 32 0 248 248 248 240 248 252 252 252 184 0 212 0 244 0 172 220 212 212 160 400 400 400 0 244 388 388 388 388 388 
394 394 394 0 394 142 398 398 0 398 398 398 394 394 0 394 394 394 394 286 394 0 286 30 30 30 0 252 252 252 152 188 252 36 248 248 252 252 252 248 248 244 244 0 252 252 252 220 160 212 212 400 400 400 244 400 208 388 128 
128 0 0 0 394 394 128 0 53 398 10 270 394 394 0 138 394 394 128 10 394 0 286 152 0 286 188 188 252 152 252 252 252 248 248 248 232 252 252 252 180 0 160 252 252 252 252 252 252 252 212 0 0 244 244 208 0 136 388 
10 394 394 394 394 394 394 128 398 0 180 394 394 138 394 394 138 138 392 286 394 394 286 30 30 286 252 252 252 252 252 252 248 248 248 244 252 116 116 164 244 244 252 252 252 252 252 252 252 212 212 212 400 400 208 208 128 136 136 
394 10 394 394 394 394 394 398 394 398 180 398 266 394 394 398 398 394 394 394 394 286 286 286 252 216 216 0 252 220 252 248 248 248 248 248 0 180 252 248 248 244 244 252 160 252 252 252 252 212 212 212 400 400 400 144 388 0 0 
394 394 394 394 394 142 138 394 0 394 394 394 0 266 398 398 398 394 394 394 286 394 286 0 216 252 252 216 252 0 252 252 248 60 252 248 248 244 248 248 244 248 244 184 244 252 252 252 400 212 212 212 144 400 144 144 388 0 0 
394 394 394 394 394 394 394 394 394 392 394 394 394 398 398 398 394 394 394 0 136 394 216 216 180 252 252 252 216 252 252 252 104 252 248 252 252 252 244 248 248 244 244 244 168 248 252 164 144 240 240 240 212 144 400 384 400 388 400 
394 394 394 394 394 394 394 394 392 136 394 394 398 398 398 398 398 394 398 398 398 141 216 270 216 252 248 252 152 0 252 252 152 104 252 136 248 244 244 244 244 244 388 0 136 400 252 400 240 240 240 388 400 400 384 384 400 388 400 
394 394 394 394 394 392 0 0 136 392 394 0 394 398 398 398 14 14 14 252 252 32 32 252 172 188 252 244 244 60 252 216 144 216 216 252 248 244 244 244 244 244 388 128 0 0 388 240 240 240 388 400 400 388 0 384 400 192 400 
394 394 394 394 394 394 394 132 396 0 394 0 0 398 398 398 398 14 398 398 252 0 270 252 200 188 228 244 244 216 216 216 216 252 216 0 0 252 244 244 244 388 388 128 388 388 0 240 240 388 0 128 0 388 384 388 388 0 0 
394 398 394 394 394 394 398 132 396 396 396 394 394 96 398 398 0 394 394 14 236 252 252 236 252 252 188 188 244 216 216 152 188 252 252 252 116 252 244 252 388 388 388 132 0 400 400 144 130 388 388 128 388 384 388 0 388 388 132 
398 398 398 394 394 394 398 398 396 396 396 394 394 398 0 140 394 394 0 0 252 252 252 236 236 236 188 188 188 188 176 176 152 188 160 252 0 116 252 252 252 388 132 132 132 400 400 144 388 388 388 0 388 132 12 388 128 388 388 
