263 0 261 261 263 0 0 263 39 263 263 263 263 263 263 263 263 0 3 263 0 0 263 263 2 263 263 263 263 0 263 263 263 263 263 7 263 263 263 263 263 263 0 263 0 270 270 270 10 270 270 270 270 270 270 270 270 270 270 
263 263 263 263 261 261 261 263 39 263 263 263 0 263 263 263 263 263 263 263 263 0 263 262 263 263 263 263 263 263 263 263 263 7 263 263 263 263 263 0 263 263 263 263 263 270 270 270 270 270 270 270 14 270 270 270 270 270 0 
261 0 5 0 263 263 261 263 131 0 3 0 263 263 7 7 263 263 263 263 262 263 263 263 0 263 263 263 263 263 263 263 263 263 263 0 263 263 263 263 263 263 263 263 263 0 270 270 270 270 270 270 270 270 270 270 270 270 270 
261 263 263 263 261 263 263 192 131 263 263 0 263 263 3 263 0 263 0 263 263 0 263 263 263 263 263 0 263 262 263 73 263 263 263 263 263 263 263 263 0 35 263 263 32 2 0 270 270 14 270 270 270 0 270 270 270 270 270 
263 263 263 263 2 263 263 263 263 0 263 263 0 263 263 263 263 263 263 0 263 109 263 0 263 263 263 263 263 263 263 73 263 109 263 263 1 3 263 263 263 263 263 263 263 2 266 270 14 270 270 270 270 270 270 270 270 270 270 
7 263 263 263 263 263 263 263 263 128 263 263 263 263 263 109 263 192 263 263 109 109 109 262 263 263 72 263 263 0 109 109 263 7 109 263 3 263 263 263 263 263 263 263 263 270 270 270 270 270 270 0 0 270 270 270 0 270 270 
263 0 0 263 263 263 263 263 263 263 263 263 0 263 263 263 109 64 192 0 109 109 109 109 0 77 192 263 263 109 109 263 109 109 263 263 263 263 0 109 263 263 65 263 263 270 270 270 270 270 270 270 270 128 0 270 270 270 270 
0 0 64 263 263 263 263 263 263 263 263 66 263 263 263 109 109 109 0 109 109 0 109 109 109 109 0 109 72 109 263 0 45 65 263 263 263 263 263 263 35 263 263 0 263 270 0 270 0 270 0 270 270 0 0 270 270 270 262 
263 263 263 64 263 263 263 263 263 263 261 2 263 263 263 109 109 0 109 109 109 109 109 109 109 109 109 109 0 109 109 77 45 109 109 263 263 3 263 109 263 35 263 109 270 270 270 270 270 64 270 270 270 64 270 270 270 262 270 
0 263 263 263 263 0 263 263 263 7 263 263 263 263 0 0 109 109 77 109 109 109 109 109 109 109 0 109 109 109 109 109 109 45 0 0 263 0 109 3 109 109 109 263 263 7 270 14 270 270 0 270 270 0 270 270 270 0 270 
263 263 263 263 263 263 263 263 263 0 263 263 109 109 263 109 72 109 77 109 109 109 109 109 109 109 109 109 109 109 109 37 69 109 109 109 109 109 109 3 3 263 263 262 109 270 270 270 270 0 270 270 270 270 270 270 270 202 270 
263 263 263 0 263 263 263 263 263 263 263 64 109 263 109 7 0 0 109 0 109 109 0 109 0 109 109 109 109 64 109 109 109 109 109 197 109 109 109 0 109 109 263 109 109 109 270 2 2 0 270 270 14 270 64 270 262 270 270 
263 263 0 261 0 263 263 263 263 263 263 109 109 109 109 109 0 0 0 109 65 109 109 109 109 109 109 109 109 109 109 109 109 109 192 109 197 197 109 109 109 109 109 108 109 109 270 0 270 270 270 270 270 270 270 0 0 270 270 
263 0 263 2 7 7 3 263 263 263 263 109 263 45 109 109 109 0 109 109 109 109 109 109 109 0 109 109 109 0 109 109 109 109 201 109 109 109 109 109 72 0 109 109 109 109 270 270 270 270 270 270 270 270 270 270 270 270 0 
263 263 263 263 7 0 0 263 66 263 263 263 45 45 0 73 109 73 73 109 109 109 109 109 109 109 109 0 0 109 77 77 109 109 201 73 77 0 109 0 109 109 0 109 0 0 109 270 270 270 270 270 270 270 270 270 270 270 10 
263 263 263 0 32 263 263 263 263 263 0 0 45 109 0 77 109 0 0 109 109 109 109 109 109 109 109 72 109 0 109 109 233 0 109 105 0 109 77 109 109 109 109 109 109 0 77 270 270 270 270 270 270 270 270 270 270 270 270 
263 263 263 263 263 263 66 66 263 263 263 3 72 109 109 45 109 109 0 109 109 109 109 109 109 109 109 109 0 0 109 109 109 109 109 109 109 109 109 109 109 109 73 73 109 0 109 270 270 270 270 270 270 2 270 270 0 270 270 
263 0 263 263 263 263 0 263 263 3 263 0 109 263 0 109 109 109 0 109 109 0 109 109 109 0 109 109 0 109 109 109 109 109 0 109 109 109 109 72 109 109 109 109 109 109 270 270 0 270 270 46 270 2 270 270 270 270 270 
0 263 263 263 263 263 263 263 263 263 263 263 263 263 109 109 109 109 72 77 109 109 109 109 0 109 0 109 0 109 0 109 64 109 109 109 109 109 109 109 0 0 109 109 109 270 270 270 270 270 270 270 270 270 270 270 270 0 270 
7 263 263 263 263 263 263 263 263 192 0 263 263 263 0 109 109 72 0 0 201 109 109 0 109 109 109 0 108 109 109 109 109 109 109 109 109 109 109 0 109 109 109 109 109 108 270 270 270 270 270 270 0 270 270 0 270 270 270 
263 263 263 263 262 263 0 263 0 263 263 109 109 109 0 109 109 109 109 0 109 109 109 109 109 109 0 109 64 109 109 109 0 109 109 0 109 109 109 109 109 0 109 109 109 109 270 270 270 270 0 270 270 270 270 270 270 270 270 
263 263 263 263 263 0 263 263 0 263 263 263 109 109 109 73 109 109 109 109 0 109 0 109 0 0 109 109 0 109 109 109 0 109 109 109 109 109 109 109 109 109 109 109 270 0 270 270 270 270 270 270 270 270 270 270 270 270 270 
263 263 263 263 263 263 263 263 263 263 263 263 263 262 0 109 109 109 0 109 109 109 109 109 109 109 108 108 109 109 109 109 109 0 109 109 105 109 109 109 109 197 109 109 109 270 270 270 270 270 0 270 14 270 270 14 270 270 64 
263 0 263 263 263 263 263 0 263 263 263 109 109 262 109 109 109 0 0 109 109 45 109 109 109 109 109 77 109 109 0 109 201 109 109 109 109 109 109 109 108 109 109 109 0 109 270 270 270 0 270 270 270 270 270 270 270 270 0 
263 263 263 263 263 263 263 263 263 263 109 2 0 109 109 109 109 109 109 109 109 109 109 109 109 0 109 0 77 109 109 109 73 72 109 109 109 109 109 0 72 109 109 109 109 0 270 270 270 270 270 270 270 270 270 64 270 270 0 
0 262 263 263 263 263 263 263 109 109 263 109 0 109 72 72 0 109 109 109 109 0 109 109 0 201 109 109 109 77 77 109 109 109 109 109 0 109 109 0 109 109 109 0 109 261 270 0 270 270 270 270 270 270 270 0 64 270 270 
263 263 263 263 263 263 263 109 109 7 109 72 263 0 109 109 0 109 109 0 45 109 0 0 109 109 109 109 109 109 0 109 109 109 109 109 109 77 0 109 109 109 109 109 0 270 270 0 270 270 0 270 14 2 270 270 270 270 270 
263 263 263 263 263 263 263 263 263 109 263 109 263 109 109 109 109 0 109 109 0 109 0 109 0 109 77 109 109 109 109 0 108 0 73 109 77 109 77 0 109 109 109 109 109 109 270 270 10 0 270 0 270 0 0 270 270 270 10 
263 263 263 263 261 0 64 263 263 263 109 109 109 109 109 109 109 109 109 109 72 109 109 108 109 109 109 109 109 109 76 109 109 0 0 77 77 109 109 109 109 109 109 0 0 109 270 0 0 262 270 270 270 270 270 270 270 270 270 
263 263 263 263 263 0 0 263 263 263 109 263 109 109 109 109 109 0 77 109 109 77 109 109 109 109 109 109 109 64 109 109 109 109 77 109 109 77 109 109 0 109 109 109 109 109 64 270 270 10 270 270 270 0 270 270 270 0 270 
263 263 0 263 109 263 105 263 0 109 263 109 263 0 109 109 109 0 109 109 109 109 109 109 109 109 109 109 109 64 0 109 109 109 109 109 109 109 109 109 0 109 0 0 270 64 0 270 270 270 0 270 270 270 270 270 270 270 270 
0 3 263 263 263 109 109 109 109 109 109 109 109 109 109 109 109 109 109 109 109 109 109 109 65 109 109 0 109 109 109 109 109 109 109 109 109 109 0 109 0 109 109 270 270 10 270 270 270 270 270 270 270 270 270 270 270 0 128 
263 263 263 0 0 263 197 65 109 109 109 109 109 109 109 109 109 109 109 109 109 109 0 0 109 109 109 109 109 109 109 109 109 109 109 109 109 109 109 161 109 109 0 2 270 109 270 270 270 270 0 262 270 270 262 270 270 270 270 
263 7 0 263 263 109 77 109 109 109 0 109 109 0 109 0 0 109 109 109 109 109 109 109 0 109 109 109 64 109 109 109 45 109 109 0 0 105 109 0 109 109 109 0 109 109 270 0 270 270 270 270 10 270 0 270 270 270 270 
387 386 263 263 263 109 109 0 109 77 109 109 109 109 109 109 109 109 109 109 109 109 109 109 109 109 109 109 109 109 109 109 109 109 0 77 105 109 109 109 109 109 109 270 270 270 270 270 270 0 270 270 270 270 0 270 270 270 270 
387 386 263 263 109 64 64 0 72 109 65 0 109 109 109 109 109 109 109 109 205 205 109 109 0 201 109 109 109 109 0 109 109 109 192 0 109 109 109 109 109 109 109 10 10 270 270 0 0 270 0 270 270 270 0 0 0 270 64 
0 263 3 109 0 109 263 109 109 72 73 0 109 109 109 109 109 0 109 109 109 77 109 0 109 109 109 109 109 109 0 105 109 109 0 109 109 0 109 0 109 109 109 270 270 270 270 270 270 270 270 0 0 270 270 0 268 0 270 
387 387 109 263 263 387 109 109 109 109 109 109 109 109 0 72 0 109 109 109 109 0 109 109 109 0 109 109 0 109 109 109 109 109 109 109 64 109 109 109 0 109 109 270 270 270 270 14 270 270 0 270 0 270 270 270 270 270 270 
387 0 131 109 0 0 109 387 109 109 109 109 0 109 109 109 109 0 0 109 0 109 109 109 109 105 109 109 109 109 109 109 0 109 109 109 109 109 109 109 109 109 109 14 262 270 270 0 0 270 270 0 270 270 270 270 268 270 270 
0 387 387 0 2 109 387 109 109 109 109 45 109 109 109 64 109 109 0 108 0 109 109 109 109 201 109 109 105 109 109 109 109 109 109 45 109 109 109 109 77 72 109 0 270 270 270 270 270 0 270 270 270 270 270 0 270 270 270 
387 0 387 387 0 109 72 387 109 109 0 109 0 109 109 0 0 109 109 109 109 109 109 109 109 109 109 109 0 109 109 105 109 109 109 45 45 109 109 109 109 77 40 0 270 270 270 270 270 0 270 270 270 270 270 270 270 270 270 
387 34 387 387 109 109 0 387 109 109 109 0 0 109 109 109 77 109 109 109 109 109 0 109 0 109 109 109 109 109 109 109 109 109 109 109 109 109 0 72 109 0 270 270 270 270 270 268 270 270 270 270 14 270 270 270 270 0 270 
387 387 387 109 109 387 3 109 109 109 72 109 109 201 109 77 109 109 109 109 109 109 109 109 0 0 73 109 109 0 109 109 109 109 109 109 109 109 45 108 201 270 270 2 270 270 0 270 270 270 270 0 270 270 270 0 270 270 262 
3 387 387 387 0 387 387 0 109 109 0 109 109 201 109 109 108 109 109 0 109 109 109 109 109 109 109 109 109 109 109 65 0 109 109 109 109 45 109 0 65 270 270 2 270 0 270 270 0 0 270 270 14 270 270 0 270 262 270 
3 0 387 387 387 131 387 387 109 109 0 109 109 225 109 109 109 109 109 45 109 109 0 109 109 109 73 109 0 109 109 109 109 73 109 109 72 109 109 109 0 270 270 270 270 270 270 270 0 14 64 270 2 14 0 270 270 270 270 
387 0 387 387 387 387 109 109 77 109 109 108 109 109 0 109 109 109 109 45 109 109 109 109 109 109 109 109 0 109 109 201 0 105 0 109 0 109 109 109 109 109 270 270 270 270 270 270 270 270 270 270 270 270 0 0 0 270 0 
387 0 387 387 387 387 109 386 0 109 109 69 0 109 109 0 0 109 109 101 109 109 0 109 0 109 109 109 77 0 109 109 192 108 109 109 105 109 109 109 109 109 270 270 0 270 270 270 270 270 270 270 0 270 270 270 0 0 10 
387 387 387 131 131 387 387 387 387 387 109 200 0 394 109 109 109 0 0 109 109 109 0 64 109 65 109 77 109 109 109 109 192 0 0 109 109 109 0 394 0 109 45 394 270 394 270 270 0 270 270 270 270 270 270 270 270 270 270 
387 387 387 0 0 387 387 387 387 387 109 109 394 109 109 0 109 109 109 109 109 109 109 109 109 0 109 109 109 72 109 197 109 109 109 109 109 0 394 394 64 0 0 394 394 394 0 2 394 270 14 270 270 270 270 270 270 270 0 
0 387 387 394 387 387 138 387 394 394 109 394 109 0 0 108 109 109 109 109 109 109 109 109 109 0 109 0 109 109 109 109 109 0 109 109 394 109 196 394 109 394 108 270 270 270 0 394 0 270 10 14 270 0 270 10 270 270 270 
387 387 387 0 387 0 394 387 394 394 394 109 201 201 109 109 108 108 108 109 109 0 109 72 109 109 45 109 109 109 101 0 109 109 109 109 109 394 0 109 0 394 108 108 394 394 394 394 270 270 270 270 0 270 270 270 270 270 0 
131 387 387 394 387 131 394 394 0 138 394 394 201 394 0 109 108 109 109 109 109 109 109 109 109 0 0 0 72 109 109 101 0 109 109 0 386 0 394 394 394 394 394 386 394 394 394 394 270 270 270 270 270 394 394 394 394 394 270 
394 387 394 387 387 387 394 394 0 394 138 394 394 109 394 109 108 109 109 109 109 109 77 65 109 109 109 109 0 109 109 0 0 394 0 394 386 138 394 394 394 394 394 136 130 394 386 394 270 270 270 270 270 394 394 394 394 394 394 
394 394 3 0 0 0 394 394 394 394 138 130 394 394 394 0 109 109 109 0 64 109 65 394 109 0 64 109 109 72 109 109 394 394 394 394 394 138 394 394 394 394 394 392 394 386 394 394 394 270 270 270 263 394 394 394 394 394 394 
10 394 0 0 387 0 394 394 387 394 0 394 394 394 130 10 394 394 109 109 109 77 109 394 109 109 109 394 0 394 109 394 109 0 0 0 394 394 394 0 394 394 394 394 394 394 0 394 2 270 270 270 394 394 394 394 394 394 394 
10 387 394 387 2 394 394 394 131 394 394 394 0 130 2 138 394 394 394 109 72 0 77 394 0 109 109 0 394 0 0 0 0 109 109 394 394 138 394 394 394 394 394 394 394 394 10 394 394 394 270 270 270 394 2 386 394 394 394 
394 138 0 394 0 0 394 0 0 394 394 394 138 0 394 394 394 109 394 72 394 394 394 394 394 394 394 394 109 0 0 394 136 136 394 394 0 138 0 0 394 394 394 394 394 394 0 0 394 394 394 270 394 270 0 394 394 394 394 
138 394 394 394 0 0 394 394 0 394 394 394 0 394 394 386 0 392 109 394 394 394 394 394 394 394 394 394 109 394 394 394 394 394 394 394 0 2 394 394 394 394 394 394 138 394 394 394 394 394 0 394 394 0 394 394 394 394 394 
394 394 394 394 394 394 0 394 394 0 0 394 394 394 394 394 0 392 0 394 394 0 0 394 394 394 394 394 394 394 386 386 394 394 394 394 394 394 138 138 0 0 0 394 0 394 0 394 386 394 394 394 394 394 394 394 394 394 394 
