31 31 0 159 159 137 143 136 159 159 159 0 29 29 27 0 159 159 159 159 159 159 0 136 159 143 159 31 31 31 31 0 159 159 79 79 79 79 79 79 79 79 79 79 77 78 79 79 8 78 78 78 78 78 76 78 8 8 140 
0 31 27 159 27 159 135 159 159 159 159 159 159 159 136 159 159 0 0 159 159 0 159 128 159 159 159 31 31 31 31 159 159 159 159 0 0 79 79 79 79 142 158 79 79 0 79 79 79 78 0 78 78 78 78 8 0 76 140 
26 26 159 27 159 159 159 136 159 159 159 159 159 159 159 159 159 159 0 159 31 0 159 159 159 159 159 8 31 159 159 159 159 79 79 79 0 79 79 79 142 79 79 79 78 79 79 15 78 78 78 78 78 78 8 137 78 76 12 
26 159 27 27 27 27 27 159 136 159 159 159 159 159 0 158 159 159 159 159 31 159 31 31 31 159 159 31 156 159 31 159 0 159 79 0 0 0 8 79 79 79 79 79 79 0 15 79 79 0 78 78 78 78 76 76 76 8 8 
159 0 27 27 27 27 0 31 25 159 159 128 31 31 158 31 5 27 31 31 31 31 31 31 31 159 159 31 31 159 159 159 79 79 79 0 79 79 79 79 79 78 0 142 8 78 0 79 79 79 78 8 78 78 76 76 143 143 8 
159 159 152 27 27 0 31 0 157 31 159 31 31 31 31 31 31 31 27 31 31 31 31 31 31 31 31 140 31 31 159 136 79 159 79 79 73 79 79 79 79 78 78 140 78 8 0 79 79 79 78 78 78 78 78 76 207 207 207 
159 159 159 31 15 31 31 31 31 159 31 31 31 159 159 159 31 0 159 31 157 159 0 31 31 31 31 31 31 31 31 159 159 79 79 79 79 79 79 78 79 0 0 206 8 8 79 78 78 79 79 79 78 78 207 207 207 79 207 
29 31 31 31 31 31 31 31 0 31 31 153 31 0 159 159 159 159 136 159 27 159 31 159 8 0 136 159 0 31 0 31 31 159 31 31 78 79 79 78 0 206 76 79 206 79 204 206 78 79 79 79 79 79 79 207 79 79 207 
31 31 28 28 31 31 31 0 29 159 159 134 136 159 159 159 159 159 159 27 159 159 159 0 31 159 159 136 31 31 31 31 31 31 31 31 31 12 79 76 79 79 0 79 206 76 206 78 79 79 15 79 79 0 207 207 79 207 207 
31 31 31 31 8 159 159 0 159 29 159 136 159 159 159 159 31 8 0 159 159 31 31 0 159 31 159 31 1 28 31 0 31 31 31 31 31 159 14 159 79 79 206 14 206 78 78 75 79 79 79 0 206 0 207 207 207 207 207 
143 8 31 159 159 159 159 159 159 159 159 159 159 159 0 0 31 159 31 159 5 135 0 159 159 159 129 159 31 31 29 29 31 31 31 31 31 15 31 31 79 79 206 206 142 136 78 78 79 77 79 79 206 8 79 0 204 204 0 
31 31 31 31 159 159 159 159 159 159 159 159 159 128 159 31 29 31 31 31 159 0 159 159 31 31 159 31 8 140 15 15 0 159 12 12 31 0 159 159 159 0 206 206 0 0 79 79 78 0 79 79 0 206 8 79 0 204 140 
27 27 0 128 159 159 159 159 159 159 159 159 159 25 159 157 31 31 31 24 31 31 159 159 31 159 0 159 159 27 31 31 27 159 79 29 159 159 159 159 159 0 206 206 206 79 79 78 0 79 79 79 79 79 79 204 204 204 0 
31 31 31 128 159 159 0 152 159 159 159 159 25 0 31 31 157 31 0 31 31 31 143 143 31 31 31 0 31 31 31 159 159 31 159 136 159 0 159 159 206 206 206 206 206 206 79 0 79 79 79 0 79 79 79 204 204 204 207 
11 25 25 159 159 159 159 159 159 159 159 31 159 159 31 31 31 140 31 31 31 31 152 136 0 31 135 159 31 31 31 31 31 0 159 27 0 159 0 159 206 206 206 206 206 206 206 0 148 79 0 79 207 79 143 79 207 207 75 
0 159 0 159 159 29 159 159 159 159 159 159 159 31 31 31 31 31 31 31 159 159 159 159 31 31 31 31 0 31 31 31 31 31 159 159 136 0 159 78 31 78 0 206 206 0 79 77 148 148 79 79 0 207 75 207 207 207 207 
159 159 159 159 159 159 0 159 159 0 0 159 159 31 31 31 31 143 29 159 0 159 159 159 31 159 31 0 0 5 31 31 31 0 159 0 159 159 0 31 31 78 74 206 0 79 156 0 79 79 79 79 77 79 207 140 0 207 207 
0 136 156 31 159 31 159 159 136 159 159 159 159 31 31 28 31 31 29 159 159 31 31 31 156 159 31 159 159 159 159 159 159 159 159 31 31 136 0 31 136 74 0 206 206 206 206 74 0 79 79 79 79 79 148 207 207 207 79 
0 156 8 136 31 31 159 136 159 159 159 159 159 159 143 0 159 159 159 159 159 136 159 159 159 0 159 159 159 159 159 159 159 159 159 0 159 0 140 31 0 159 159 74 206 206 0 74 12 207 207 207 0 79 79 207 0 79 79 
159 0 159 159 31 159 159 159 159 0 159 159 159 135 143 159 159 0 136 159 136 0 159 159 159 0 159 159 159 159 159 159 159 159 31 31 31 143 159 132 31 159 159 143 142 206 206 206 76 206 207 207 207 0 207 207 207 0 207 
159 159 159 159 159 159 159 159 159 159 159 159 159 159 0 159 159 159 159 158 159 159 159 159 0 159 159 159 159 143 0 31 159 140 0 159 0 159 159 159 159 159 134 159 142 0 206 76 79 207 79 207 79 207 207 207 136 207 207 
159 159 159 0 0 159 157 159 159 159 159 159 159 159 159 136 159 159 159 159 159 159 159 159 31 159 155 159 159 143 153 31 143 31 159 159 31 0 158 159 159 159 136 207 207 206 206 206 207 79 79 79 79 79 136 207 207 207 0 
159 159 159 159 159 159 157 159 159 159 159 143 159 159 159 159 159 159 159 159 159 159 159 159 159 159 136 133 159 159 159 159 159 159 140 31 31 31 0 0 159 159 159 136 207 206 206 136 0 0 79 207 79 206 207 207 207 206 207 
159 159 159 0 159 136 136 153 159 128 159 159 136 159 159 159 159 159 159 159 159 159 159 159 159 159 159 159 159 159 0 159 159 159 143 31 31 8 159 159 159 159 159 31 128 207 206 0 207 207 207 207 206 207 207 0 206 0 207 
159 159 159 159 159 159 159 159 159 128 0 159 159 159 159 159 159 159 159 159 159 159 29 159 0 159 159 159 159 159 159 159 159 0 159 31 31 31 159 159 0 29 159 31 128 207 207 207 207 0 207 206 158 207 207 79 207 207 207 
159 0 136 136 159 159 156 0 31 159 159 159 159 159 159 159 159 159 159 159 159 159 159 0 159 159 159 159 159 159 27 159 0 27 28 31 31 159 159 159 159 136 129 31 207 159 207 207 207 140 206 207 136 207 158 79 207 207 207 
159 159 159 136 159 159 140 159 159 135 159 159 159 159 159 133 159 159 159 159 159 159 159 159 159 159 159 159 159 159 27 159 159 159 159 159 159 28 31 0 159 0 136 0 159 159 204 0 207 0 207 207 206 207 207 207 207 0 207 
159 159 159 159 159 159 136 159 159 159 159 159 159 0 159 159 0 159 159 159 128 159 159 159 159 31 29 159 159 159 0 159 128 159 159 159 159 136 31 7 159 0 159 159 207 207 159 207 206 206 206 206 206 207 139 207 207 0 207 
159 159 159 159 159 159 159 159 159 159 159 159 159 143 159 159 0 159 29 159 143 159 159 159 159 159 31 159 25 159 159 159 159 0 159 159 159 159 159 7 159 159 159 203 207 0 159 206 206 206 207 206 207 207 207 207 207 204 207 
0 159 159 159 159 159 159 159 159 159 136 159 159 159 159 159 159 157 159 159 159 143 159 159 159 159 159 31 0 159 159 0 159 159 159 159 159 0 159 0 159 159 159 159 203 159 207 207 207 207 207 204 0 207 0 0 207 207 207 
159 136 159 159 0 159 159 159 159 159 159 0 159 0 159 159 159 0 0 159 0 159 159 159 129 152 159 159 143 159 135 159 159 159 159 159 159 159 128 136 159 159 159 203 0 143 207 205 207 0 0 207 0 207 207 207 207 0 207 
29 159 143 159 31 31 159 159 159 159 159 159 159 159 136 0 159 159 136 159 0 159 136 159 159 159 0 159 0 159 135 159 159 159 159 159 155 0 159 159 159 159 159 203 207 207 207 207 0 143 203 133 0 207 0 133 0 217 143 
151 136 159 159 159 31 159 159 159 159 159 159 159 159 159 159 159 159 159 159 159 159 159 159 159 159 159 159 159 143 159 159 159 0 159 143 136 0 0 159 159 159 31 207 203 207 207 207 207 203 0 136 207 207 0 207 0 207 0 
0 151 159 151 151 19 31 31 0 136 156 159 159 0 159 159 159 159 159 159 159 135 159 159 159 0 159 159 159 159 159 159 159 31 159 159 159 159 159 159 159 159 207 207 207 207 207 207 207 207 136 207 207 204 207 207 207 207 0 
0 130 151 159 31 31 31 31 159 159 159 159 159 0 159 159 159 159 159 159 159 159 159 159 159 159 159 159 159 159 159 140 136 159 159 159 159 0 159 207 159 159 207 135 207 207 207 207 207 207 207 159 136 0 204 207 74 0 128 
151 143 159 159 31 31 31 31 31 159 159 159 159 159 159 159 159 159 31 0 159 159 159 159 159 159 159 159 156 159 159 159 159 159 159 159 159 157 0 207 207 207 0 207 207 132 207 207 207 207 207 0 207 143 202 202 202 202 202 
0 159 136 159 159 31 159 159 31 143 159 159 159 159 159 159 29 159 159 159 159 159 159 159 159 159 159 155 159 159 159 143 159 159 159 153 159 159 159 4 140 207 207 0 207 0 207 0 0 207 207 207 204 207 202 202 202 202 128 
148 135 159 27 0 159 159 0 159 159 136 159 159 159 159 0 159 159 159 159 159 159 159 159 159 29 0 136 0 159 159 159 140 159 159 159 159 0 159 159 207 143 143 207 207 0 207 207 207 0 136 143 0 207 207 202 207 207 140 
159 143 0 159 27 159 159 159 159 159 159 159 0 159 159 159 159 159 159 159 159 159 159 159 29 159 159 159 159 159 159 159 159 159 159 159 159 159 159 143 207 207 207 207 0 207 207 207 207 136 207 143 207 207 202 207 202 207 207 
159 143 0 0 135 159 159 159 159 159 159 159 159 159 159 159 159 159 29 159 159 159 159 159 136 159 159 159 159 159 159 0 159 159 136 159 159 79 79 159 207 140 143 207 207 207 207 207 207 207 207 207 207 202 207 79 202 0 0 
159 159 159 159 159 159 159 159 159 153 159 159 143 155 159 159 159 159 159 159 159 159 159 0 136 159 0 159 159 159 159 159 159 159 159 159 159 159 0 207 207 0 0 207 200 207 207 206 207 207 207 207 0 202 202 136 202 207 136 
159 0 159 159 159 159 159 159 155 159 156 159 159 143 159 0 159 159 0 159 159 159 0 159 159 159 0 159 159 159 159 159 128 27 159 0 159 207 207 207 0 143 207 207 0 0 207 207 136 79 207 207 207 0 0 202 202 136 207 
0 0 28 159 159 159 159 155 159 159 159 156 159 159 159 159 0 159 159 159 159 159 159 159 159 159 159 159 159 159 159 159 0 159 159 153 159 159 207 159 207 207 0 136 207 207 205 135 207 79 207 207 207 207 202 202 202 206 0 
159 28 7 159 0 0 143 0 159 159 0 135 159 159 159 159 159 159 159 159 159 0 159 159 159 159 0 159 140 159 159 159 159 159 159 159 159 159 0 136 159 207 0 207 0 207 207 0 143 207 207 207 207 207 0 204 206 207 0 
159 31 159 0 135 159 159 159 159 31 0 159 159 159 159 159 159 0 159 159 159 159 159 159 159 159 159 159 159 159 159 159 0 159 0 159 159 133 207 207 203 0 79 201 207 207 140 207 207 207 207 207 207 207 136 0 206 0 204 
31 31 159 159 159 159 159 159 159 159 159 143 0 159 159 159 159 159 159 159 159 0 159 136 159 159 159 159 159 133 159 159 159 0 207 0 207 159 207 207 203 203 203 0 207 207 207 207 136 204 207 0 207 136 207 206 206 0 204 
31 159 159 159 159 159 159 143 152 159 0 159 152 159 159 159 159 159 159 159 159 159 155 136 159 159 159 159 159 159 133 159 159 207 0 207 207 207 207 207 0 203 203 207 207 0 207 0 0 136 207 207 207 207 207 138 138 206 206 
0 31 159 159 159 143 159 159 159 159 159 155 159 159 133 159 159 159 159 159 159 157 159 159 159 159 159 159 159 159 159 135 207 203 207 207 207 207 207 207 203 77 203 159 159 207 207 207 0 207 207 0 207 207 207 202 142 0 206 
0 159 159 159 159 159 159 159 136 159 0 155 159 159 159 159 159 159 0 159 159 159 159 159 159 159 31 159 159 159 203 207 207 204 204 73 207 207 207 207 207 0 159 159 159 207 207 207 207 0 207 0 202 207 0 207 142 0 202 
0 159 0 159 159 159 159 159 159 159 159 159 159 0 0 156 159 159 159 159 159 156 159 159 128 0 159 159 207 207 207 207 0 207 207 73 203 207 207 207 207 203 159 159 159 159 207 207 207 207 207 207 140 207 207 207 202 0 0 
159 159 159 159 159 159 159 159 159 159 0 159 159 159 159 140 140 136 159 159 136 159 159 159 0 159 136 159 207 0 207 0 207 207 207 72 207 203 207 0 203 159 73 159 159 159 159 207 0 79 0 207 207 207 202 202 202 142 142 
159 31 159 159 159 0 159 159 159 159 159 155 156 159 143 159 159 159 159 143 159 159 159 0 159 159 159 159 207 159 156 159 207 136 207 207 139 0 207 204 0 203 159 159 207 207 159 207 207 207 207 207 207 79 79 142 142 142 142 
159 159 159 0 159 159 31 159 159 155 159 159 159 159 143 134 159 136 159 159 159 159 159 0 159 159 0 159 159 159 159 159 159 207 207 159 203 207 0 207 159 159 159 159 207 159 207 207 207 207 0 207 207 202 79 207 72 202 142 
0 159 159 159 159 136 159 153 0 136 159 159 159 143 159 159 159 159 143 159 159 159 159 159 159 159 135 159 159 159 159 159 159 159 207 159 159 31 159 159 31 159 159 159 207 207 207 207 207 207 0 207 207 0 0 152 202 72 202 
159 159 8 159 159 31 136 31 155 136 159 159 159 159 159 159 136 159 159 0 159 159 159 159 159 0 0 159 0 159 159 159 159 159 159 159 159 159 0 143 0 31 159 0 200 207 207 79 79 207 207 207 207 207 207 0 207 0 202 
0 8 159 0 31 153 143 159 159 159 159 159 143 153 159 159 159 159 159 159 159 159 159 159 159 0 159 159 159 159 159 159 128 159 159 0 159 136 143 159 159 159 0 0 0 207 207 0 135 207 207 207 207 8 0 207 207 207 206 
159 159 0 159 153 0 0 159 159 159 159 159 140 0 159 159 159 143 159 159 159 0 159 159 136 159 159 159 31 159 159 159 159 159 159 159 159 157 0 159 135 143 207 0 207 141 77 207 135 207 207 207 207 136 140 207 148 206 207 
159 159 159 159 159 136 159 159 159 159 159 159 159 0 159 159 159 159 136 159 159 159 159 159 159 159 159 159 159 140 159 159 0 159 159 159 159 159 159 159 207 207 207 136 136 204 141 207 135 207 136 207 207 207 204 140 148 207 206 
136 0 159 153 0 159 159 159 159 159 159 159 159 153 159 159 136 136 159 0 159 159 159 31 31 159 143 159 159 159 159 159 159 0 159 135 135 135 159 143 136 136 207 207 207 204 0 207 207 0 0 136 207 207 207 207 207 0 0 
