3 3 3 3 3 2 0 2 2 3 3 3 1 3 3 3 8 3 3 3 3 3 3 3 3 3 2 3 3 3 3 0 0 3 3 0 3 33 2 0 0 3 3 2 2 2 2 2 2 2 2 137 2 2 2 3 2 3 32 
3 3 0 3 0 0 2 2 3 3 3 1 3 3 128 0 3 0 0 3 3 0 3 3 2 8 3 3 3 0 3 3 0 137 3 0 3 33 2 2 0 0 3 3 0 2 2 2 2 2 2 2 2 2 136 161 2 32 32 
3 3 3 0 3 0 3 2 3 3 3 3 0 3 128 3 3 3 3 0 3 3 3 3 3 3 3 3 3 3 3 3 8 3 3 3 33 3 2 3 0 3 2 0 3 0 2 2 2 2 2 2 2 0 2 32 161 32 32 
137 3 3 0 3 0 3 3 3 3 3 0 3 3 0 3 3 3 3 3 10 3 0 3 3 3 3 1 3 3 2 8 3 3 3 3 3 33 33 33 3 0 0 0 33 3 3 2 2 2 2 129 2 2 2 32 0 32 32 
3 0 3 3 3 3 0 3 3 3 3 0 2 3 0 3 3 3 3 3 2 2 3 3 161 0 3 161 3 3 3 3 3 3 3 3 3 2 2 129 161 0 2 3 3 33 0 2 2 0 2 161 128 32 161 32 32 161 1 
3 3 3 3 0 3 3 3 2 3 3 2 3 3 129 128 0 3 3 0 2 3 3 0 3 161 3 161 161 161 161 0 3 0 0 129 2 3 0 0 129 161 0 0 3 1 0 2 2 2 161 2 2 161 32 32 161 161 161 
3 3 3 3 3 3 3 3 3 3 3 2 3 0 3 3 3 0 3 3 3 3 3 3 3 161 3 3 3 161 0 3 161 161 161 161 3 161 161 0 161 3 3 0 136 3 3 0 161 3 161 2 161 0 161 161 161 161 161 
3 0 3 3 3 3 0 0 3 3 3 0 3 3 8 3 161 3 3 0 3 10 3 3 3 3 161 3 0 3 0 161 161 161 161 161 161 161 161 3 161 161 161 161 161 161 161 161 161 161 3 3 3 128 161 161 161 161 128 
3 3 3 3 3 3 3 3 1 3 3 3 3 3 2 0 0 161 3 3 3 0 3 0 161 161 161 3 3 3 161 0 128 161 0 160 161 161 161 160 3 3 161 161 161 40 161 161 161 3 3 3 129 0 161 161 161 128 161 
3 0 3 3 3 3 3 10 3 0 0 3 3 10 3 3 3 10 3 161 161 0 161 136 161 161 161 3 161 161 161 161 161 129 161 0 161 161 161 161 161 161 129 161 161 161 200 161 161 161 161 3 161 161 161 0 145 161 161 
3 3 3 3 0 0 3 3 8 8 10 2 3 3 3 3 3 8 3 128 161 161 161 161 136 161 161 161 161 0 0 161 161 136 136 161 0 161 161 161 161 136 0 161 161 161 161 136 33 161 64 161 161 0 161 0 161 161 161 
3 3 3 3 3 0 3 3 0 10 10 10 10 10 3 161 10 3 161 161 161 161 161 161 161 0 161 161 0 192 161 161 161 161 161 161 0 161 161 161 161 161 161 160 136 0 161 0 128 33 33 161 128 161 161 160 161 128 161 
0 3 2 0 0 0 0 10 0 10 10 10 10 10 10 161 161 161 161 161 0 161 0 161 161 136 161 161 161 161 161 161 160 161 160 161 161 161 161 161 161 136 128 160 136 160 33 33 33 33 33 161 161 161 160 160 160 161 161 
8 3 3 3 137 3 3 0 10 10 3 136 3 10 161 161 0 161 161 161 161 161 161 161 0 136 136 161 161 0 161 161 161 161 33 161 192 161 161 161 0 161 160 161 161 161 161 33 0 161 33 161 161 161 161 161 0 161 161 
0 3 3 8 3 137 10 1 3 0 3 3 0 0 161 128 161 161 161 161 161 161 161 161 0 136 161 161 32 161 161 161 161 161 0 192 161 161 161 161 161 161 161 161 161 161 161 161 161 161 161 0 161 161 0 161 160 137 160 
0 0 200 3 10 10 0 10 1 3 0 161 161 3 161 161 161 161 161 161 161 136 161 161 161 161 161 161 161 161 161 161 161 161 161 161 161 161 161 161 161 161 161 161 161 161 161 0 0 161 161 160 161 0 161 160 160 160 160 
0 0 200 3 3 10 3 10 3 3 3 0 0 161 161 128 128 161 161 161 161 136 161 161 161 161 128 161 0 161 161 161 161 161 161 161 161 161 161 161 161 161 161 161 161 161 161 161 161 161 161 161 160 161 161 160 128 160 32 
200 0 3 200 10 10 200 3 161 3 3 3 3 161 161 161 161 161 161 161 161 161 161 161 0 0 161 161 161 161 161 161 161 0 161 0 161 161 161 161 161 161 161 161 0 161 161 161 161 161 161 161 161 32 136 160 160 160 160 
136 200 200 200 3 0 3 3 161 3 161 3 161 161 161 0 161 161 161 1 161 0 161 161 161 161 161 33 161 161 161 161 161 161 161 0 161 161 161 161 161 161 161 161 160 161 161 161 161 33 161 160 160 160 160 161 160 160 192 
136 200 200 10 200 0 10 161 161 161 161 0 161 161 161 161 161 161 161 161 161 161 33 161 0 161 161 161 33 161 161 161 161 161 161 161 161 128 161 161 129 128 161 161 161 161 161 161 161 160 161 161 160 161 161 160 160 160 160 
136 192 136 0 200 200 200 161 161 0 161 0 161 161 161 161 161 0 161 161 161 161 161 161 161 0 0 161 129 161 161 161 128 0 33 0 161 161 161 161 128 0 160 161 161 161 136 161 161 161 161 161 161 33 160 161 160 161 160 
200 200 200 0 200 200 8 0 161 161 161 161 161 161 161 161 161 161 0 161 161 161 161 161 161 161 161 161 128 161 161 161 161 136 161 128 161 161 0 161 161 161 0 161 161 161 161 161 161 161 128 161 161 161 161 160 161 160 160 
0 0 136 200 200 0 161 161 161 161 161 161 161 161 161 161 161 161 161 161 161 161 161 161 161 161 161 161 161 161 0 128 161 161 161 128 161 161 161 161 161 161 161 161 161 161 161 161 161 33 161 161 161 161 161 161 160 161 160 
200 136 200 192 200 161 0 161 161 161 161 161 1 33 161 161 129 161 161 161 0 161 161 161 161 161 161 161 161 161 161 161 161 161 161 161 161 137 161 161 161 161 161 161 161 33 0 33 0 161 33 161 0 161 161 161 161 160 161 
0 0 0 200 192 192 161 161 161 161 0 33 33 161 161 161 161 161 161 161 161 161 161 161 161 161 161 161 0 161 161 161 161 161 33 161 136 161 161 161 161 1 161 161 161 161 33 160 161 161 161 161 161 0 161 161 161 160 1 
200 0 8 200 200 161 161 161 161 33 33 136 161 161 161 161 161 161 161 161 161 161 161 161 128 0 161 161 161 128 128 161 161 161 129 161 161 161 161 161 161 161 161 161 161 161 0 33 160 161 161 161 161 161 161 161 128 0 1 
200 200 200 200 200 200 200 145 128 161 136 33 161 161 161 161 161 161 161 161 161 161 0 161 161 161 161 161 161 128 160 160 161 161 0 161 161 192 161 161 161 161 0 129 161 161 161 0 161 161 161 128 161 0 161 145 128 161 160 
200 200 200 200 200 200 128 0 161 161 161 161 33 161 161 161 33 161 161 0 0 161 160 161 161 161 161 161 161 161 161 161 161 161 161 161 160 161 161 161 161 161 192 136 161 161 161 161 161 161 161 33 128 161 145 161 161 161 160 
0 72 200 200 0 200 161 161 161 161 161 161 161 161 161 161 161 161 161 161 161 161 160 160 0 161 161 0 161 161 161 161 161 161 0 33 161 161 161 161 161 0 161 161 161 161 161 161 161 161 161 40 161 161 161 161 161 0 161 
72 200 33 200 161 200 161 161 161 161 33 0 161 161 161 161 161 161 161 161 161 161 161 161 161 0 161 129 161 161 0 161 161 161 161 161 33 200 161 161 161 161 0 0 161 161 161 161 0 161 161 161 161 161 0 161 161 161 161 
200 0 33 200 0 161 161 161 161 33 0 161 161 161 161 128 136 161 161 161 128 0 161 161 161 161 161 160 128 161 161 161 0 161 33 161 161 200 161 161 161 0 161 161 161 161 161 161 129 161 161 161 128 161 33 136 128 161 161 
200 200 200 200 200 161 161 0 0 161 129 161 161 0 161 161 161 161 161 161 161 161 161 161 136 161 161 161 161 161 161 161 161 161 33 32 161 200 136 128 161 161 161 0 161 128 161 129 161 161 161 0 161 161 161 128 128 161 161 
200 200 200 200 200 161 161 40 161 161 161 161 161 161 161 200 161 161 161 161 161 161 161 161 161 0 161 129 129 136 0 129 136 0 0 161 136 161 161 128 161 0 161 161 128 161 161 161 161 161 33 161 33 33 161 161 161 161 136 
200 200 200 200 200 200 0 161 161 161 161 161 161 161 161 161 161 161 161 161 161 161 161 0 161 161 161 161 161 161 129 161 161 161 0 161 161 161 161 161 161 161 0 0 161 161 161 161 161 161 161 33 161 161 161 161 161 161 161 
200 200 200 200 200 200 0 161 161 161 161 0 0 161 161 161 0 161 161 161 161 0 0 161 161 161 161 161 161 161 0 161 161 0 161 129 161 33 145 0 0 128 0 161 0 136 161 161 161 161 161 161 161 161 161 161 161 161 161 
200 200 200 200 200 200 0 161 161 161 161 161 161 161 0 161 161 161 0 161 161 128 161 161 161 161 128 144 161 161 161 161 161 136 0 161 33 33 33 161 161 161 161 40 161 161 161 161 161 161 161 0 161 161 161 161 161 161 161 
200 200 200 200 161 200 161 161 161 161 161 161 161 161 161 33 161 161 161 161 161 161 161 161 161 161 161 161 161 0 161 161 161 0 161 161 32 33 161 161 32 161 161 161 161 161 0 161 161 161 161 161 161 161 161 161 161 161 161 
200 200 192 161 200 200 200 161 161 161 161 161 161 161 161 161 33 0 33 161 161 161 161 161 161 161 161 161 161 161 161 161 161 161 161 0 161 161 161 161 32 161 32 161 161 161 161 161 161 161 161 161 161 161 161 161 161 128 161 
200 200 200 192 192 161 161 161 161 161 161 161 161 136 161 33 161 33 136 161 161 161 161 0 161 161 161 161 161 0 145 32 161 161 161 161 0 1 0 161 161 32 128 161 161 128 161 128 161 161 161 161 161 0 161 161 161 0 161 
136 200 200 200 0 72 8 161 161 161 160 161 161 161 161 33 33 33 33 161 161 161 161 161 161 161 161 161 129 0 136 0 161 161 0 161 161 161 161 161 161 129 0 128 0 161 161 161 161 161 161 161 161 161 161 161 161 161 161 
200 200 200 200 200 200 200 200 161 161 160 161 0 161 161 129 161 161 161 161 161 161 33 161 161 161 161 161 33 161 161 161 161 0 161 0 128 161 161 161 161 0 161 161 161 161 161 161 161 161 0 161 161 161 161 161 128 128 0 
200 200 200 200 200 200 200 200 161 161 0 161 161 161 161 161 161 161 161 161 161 161 161 0 161 161 161 161 161 161 161 161 161 161 1 33 161 161 161 161 161 160 161 161 161 161 0 161 161 161 161 161 161 161 161 0 128 161 161 
200 0 200 200 200 200 0 161 161 161 161 161 161 161 161 128 128 161 161 129 192 192 161 161 161 161 0 161 161 128 161 161 161 161 1 129 161 161 161 161 161 0 160 161 161 161 161 161 161 161 161 161 161 161 0 0 161 161 0 
200 200 200 200 200 200 0 161 161 161 192 161 161 161 161 161 161 0 161 161 192 161 161 128 161 0 161 161 161 161 161 161 161 161 128 161 161 161 161 161 161 161 161 161 161 161 161 161 161 161 161 161 161 161 0 145 161 161 161 
200 200 200 200 136 200 0 161 161 200 0 0 161 161 161 0 161 161 161 161 161 161 161 161 161 161 129 0 161 161 161 161 33 161 161 161 0 161 161 161 128 33 160 161 0 192 129 161 0 161 161 161 161 128 161 0 161 192 161 
200 200 200 0 0 200 200 200 200 161 161 192 161 161 161 161 161 161 1 0 161 161 33 161 161 0 161 161 161 161 161 161 161 0 161 161 161 161 161 161 161 161 136 161 161 161 128 128 32 161 161 161 161 128 128 161 161 161 161 
200 200 0 200 200 200 200 200 200 161 161 161 128 1 161 161 128 161 161 161 161 161 161 0 161 161 161 161 161 161 161 161 161 161 33 161 0 161 161 161 161 161 161 161 161 161 161 32 161 161 1 161 128 0 160 0 0 161 161 
0 200 200 200 0 200 161 200 161 128 129 0 161 161 1 161 161 161 161 128 32 161 161 200 128 161 161 129 161 161 161 161 161 161 0 161 161 161 161 161 161 161 161 161 161 161 0 161 161 161 161 161 0 161 161 160 161 161 161 
72 136 200 0 200 8 200 161 161 161 129 161 161 161 161 161 161 161 200 200 32 161 200 161 161 33 1 161 161 161 161 128 161 161 161 161 161 0 161 128 161 128 0 161 161 161 161 0 33 0 0 161 161 161 192 160 161 161 161 
0 0 0 72 200 200 8 200 0 0 161 161 0 161 161 161 161 161 200 200 161 161 161 161 33 161 161 161 161 161 161 161 161 161 161 161 161 144 161 161 128 161 129 161 0 161 161 128 161 161 161 0 161 161 161 160 161 0 161 
200 200 72 200 0 0 0 200 200 200 161 161 0 161 161 161 161 161 200 200 161 161 161 0 161 161 161 161 161 161 161 161 161 161 161 0 160 33 33 161 0 129 161 161 161 161 128 161 161 161 161 161 161 161 161 161 136 161 0 
200 136 200 0 200 200 200 200 200 0 0 161 128 33 33 200 161 72 200 161 200 0 200 200 161 33 0 136 136 161 161 129 161 161 161 161 161 161 161 0 33 0 161 161 161 161 1 161 161 161 129 129 161 161 161 161 161 161 161 
136 136 200 200 200 200 200 200 200 128 0 0 161 161 161 161 72 72 161 0 200 200 200 33 161 161 33 33 161 160 160 161 161 161 0 33 161 161 161 161 161 33 161 161 161 161 161 161 161 161 161 161 161 161 161 161 161 161 161 
200 0 0 200 200 200 0 200 128 200 161 0 128 200 0 161 72 72 200 200 200 0 128 200 33 161 161 161 161 200 161 0 161 161 161 161 0 161 161 161 161 33 33 161 161 192 0 0 161 161 161 161 161 161 0 161 200 0 161 
200 0 200 200 200 200 0 200 200 200 200 200 200 200 200 200 136 200 200 200 200 200 200 161 161 161 161 0 200 0 0 0 161 161 161 161 161 0 161 0 161 161 0 161 161 161 161 161 161 161 161 161 136 161 0 161 161 200 8 
0 200 0 200 200 0 200 200 200 200 0 200 200 200 200 161 200 161 200 128 0 200 200 128 161 200 200 200 200 161 161 128 161 129 128 161 33 161 128 144 161 32 32 160 161 161 161 161 161 0 161 161 161 161 161 33 161 8 200 
9 200 200 200 200 200 0 200 200 200 200 200 200 200 40 161 161 161 161 161 161 200 200 0 0 200 200 0 200 1 161 200 161 161 0 161 161 0 161 160 0 161 0 161 128 161 161 161 161 161 161 161 161 161 129 136 200 200 200 
0 0 0 0 200 0 200 200 0 200 72 200 200 0 200 129 200 129 200 200 200 200 200 200 200 200 200 200 136 0 129 0 161 161 161 0 161 161 161 161 0 161 161 161 161 161 161 161 161 161 0 161 161 161 161 200 200 200 200 
8 8 8 0 200 0 0 200 200 200 200 72 72 200 0 200 129 200 129 72 136 200 200 200 0 200 200 200 200 200 200 200 161 161 161 161 161 161 161 161 161 161 161 0 128 161 161 161 161 0 161 0 161 161 161 161 200 0 136 
