# org_id,org_cellx,org_celly,org_forage_target,org_group_id,org_facing
5884795,7,16,-1,-1,2
5885273,44,35,-1,-1,6
5882576,54,52,-1,-1,2
5885220,4,4,-1,-1,0
5884194,9,12,-1,-1,5
5885508,12,47,-1,-1,7
5886444,39,42,-1,-1,3
5886232,30,33,-1,-1,6
5882314,23,10,-1,-1,3
5883870,21,60,-1,-1,3
5883472,16,57,-1,-1,0
5886274,8,32,-1,-1,6
5886353,43,31,-1,-1,5
5886498,44,50,-1,-1,1
5886641,10,36,-1,-1,3
5886183,31,51,-1,-1,7
5885232,39,35,-1,-1,5
5877318,2,7,-1,-1,7
5877122,20,33,-1,-1,2
5870329,1,3,-1,-1,1
5880967,15,11,-1,-1,5
5883729,29,20,-1,-1,1
5885223,9,39,-1,-1,7
5885647,28,16,-1,-1,1
5886475,38,45,-1,-1,2
5884417,60,46,-1,-1,5
5884099,45,17,-1,-1,3
5885157,4,44,-1,-1,4
5883685,32,53,-1,-1,4
5884584,37,18,-1,-1,0
5883675,18,28,-1,-1,4
5883995,47,47,-1,-1,3
5881573,7,37,-1,-1,5
5886378,17,43,-1,-1,7
5882622,22,4,-1,-1,7
5886280,54,32,-1,-1,4
5885086,32,52,-1,-1,1
5885129,16,33,-1,-1,7
5884607,13,29,-1,-1,7
5885703,46,40,-1,-1,5
5884697,22,8,-1,-1,2
5878804,9,38,-1,-1,0
5885245,27,48,-1,-1,7
5880104,37,38,-1,-1,0
5885199,1,33,-1,-1,1
5886573,39,25,-1,-1,6
5880546,7,22,-1,-1,3
5883686,2,38,-1,-1,1
5886095,31,19,-1,-1,6
5886058,19,37,-1,-1,6
5871412,19,23,-1,-1,6
5881565,48,30,-1,-1,6
5886279,54,58,-1,-1,0
5885285,21,24,-1,-1,2
5880951,27,59,-1,-1,4
5885319,34,0,-1,-1,7
5883545,58,55,-1,-1,4
5870743,18,58,-1,-1,6
5884239,52,57,-1,-1,5
5884852,56,21,-1,-1,0
5883763,4,15,-1,-1,0
5885230,8,25,-1,-1,0
5882403,43,14,-1,-1,3
5882523,53,10,-1,-1,0
5886506,55,60,-1,-1,3
5884590,48,52,-1,-1,2
5881182,37,53,-1,-1,5
5883392,24,35,-1,-1,0
5886324,25,22,-1,-1,7
5886052,11,4,-1,-1,0
5882581,27,56,-1,-1,1
5886191,50,46,-1,-1,0
5885139,14,61,-1,-1,5
5876414,9,16,-1,-1,1
5884685,51,10,-1,-1,7
5886580,31,7,-1,-1,1
5882349,0,45,-1,-1,0
5883964,38,50,-1,-1,0
5879734,0,5,-1,-1,3
5885753,21,11,-1,-1,3
5879882,38,22,-1,-1,4
5886275,44,43,-1,-1,7
5884547,36,20,-1,-1,3
5879076,21,26,-1,-1,7
5886257,15,15,-1,-1,5
5884221,34,31,-1,-1,0
5885496,20,23,-1,-1,4
5886544,51,14,-1,-1,2
5885733,15,16,-1,-1,4
5876806,44,11,-1,-1,4
5878243,10,57,-1,-1,7
5885209,61,9,-1,-1,4
5885899,56,40,-1,-1,2
5877941,35,56,-1,-1,4
5885976,42,54,-1,-1,1
5886415,53,26,-1,-1,7
5879164,39,50,-1,-1,0
5879041,8,31,-1,-1,7
5885555,6,0,-1,-1,3
5879194,17,2,-1,-1,2
5885099,42,44,-1,-1,2
5885717,18,16,-1,-1,5
5882045,58,29,-1,-1,0
5884170,53,17,-1,-1,4
5878141,18,40,-1,-1,4
5881768,17,32,-1,-1,5
5883022,56,45,-1,-1,5
5886401,20,31,-1,-1,5
5885990,15,32,-1,-1,0
5886157,14,38,-1,-1,6
5883605,56,9,-1,-1,6
5886145,32,36,-1,-1,0
5886206,15,47,-1,-1,5
5886053,12,18,-1,-1,0
5879182,31,41,-1,-1,4
5876041,19,3,-1,-1,4
5878892,21,53,-1,-1,3
5886612,16,38,-1,-1,4
5885115,58,5,-1,-1,5
5880823,45,46,-1,-1,6
5885941,11,50,-1,-1,7
5881056,50,17,-1,-1,0
5884627,10,52,-1,-1,7
5883274,24,27,-1,-1,5
5883634,23,55,-1,-1,4
5883434,52,33,-1,-1,0
5882892,20,3,-1,-1,4
5872828,46,21,-1,-1,7
5884167,52,50,-1,-1,3
5881378,29,42,-1,-1,7
5886320,14,28,-1,-1,2
5885032,17,44,-1,-1,6
5885318,61,58,-1,-1,7
5881826,51,1,-1,-1,5
5885687,23,4,-1,-1,5
5879216,51,24,-1,-1,5
5886443,23,2,-1,-1,5
5886118,23,22,-1,-1,4
5886185,18,21,-1,-1,3
5885087,10,10,-1,-1,6
5884821,48,44,-1,-1,1
5883564,44,19,-1,-1,1
5884636,18,14,-1,-1,4
5884036,52,13,-1,-1,0
5884161,19,51,-1,-1,0
5881782,45,49,-1,-1,1
5884673,11,18,-1,-1,5
5886441,11,20,-1,-1,0
5886414,10,22,-1,-1,2
5884842,11,5,-1,-1,1
5879595,2,8,-1,-1,5
5883556,17,40,-1,-1,0
5882591,19,31,-1,-1,7
5880610,47,11,-1,-1,3
5883736,8,30,-1,-1,2
5886601,38,42,-1,-1,6
5884539,45,26,-1,-1,1
5885440,20,39,-1,-1,6
5885694,3,34,-1,-1,6
5882027,43,37,-1,-1,5
5882228,1,41,-1,-1,4
5884001,33,39,-1,-1,7
5879738,57,15,-1,-1,2
5885325,37,8,-1,-1,3
5880742,6,43,-1,-1,3
5883204,11,40,-1,-1,4
5881338,56,55,-1,-1,6
5877726,24,8,-1,-1,6
5885475,30,46,-1,-1,2
5883140,36,18,-1,-1,3
5881373,44,10,-1,-1,7
5877317,19,15,-1,-1,3
5877619,20,35,-1,-1,6
5886207,55,42,-1,-1,1
5885825,38,59,-1,-1,3
5885945,16,2,-1,-1,1
5882382,41,34,-1,-1,7
5885968,24,17,-1,-1,1
5883071,54,46,-1,-1,7
5880719,24,2,-1,-1,7
5879336,7,8,-1,-1,5
5877229,17,35,-1,-1,0
5886501,5,34,-1,-1,7
5883808,18,37,-1,-1,7
5886297,17,6,-1,-1,3
5884836,7,54,-1,-1,6
5882386,12,4,-1,-1,5
5884179,31,26,-1,-1,3
5884299,61,15,-1,-1,0
5883751,16,34,-1,-1,5
5886089,12,11,-1,-1,0
5882054,57,36,-1,-1,5
5885194,61,4,-1,-1,6
5881314,16,18,-1,-1,7
5886287,11,30,-1,-1,6
5877673,42,41,-1,-1,1
5885772,45,40,-1,-1,3
5882863,44,37,-1,-1,0
5884979,58,9,-1,-1,0
5883585,56,52,-1,-1,5
5878784,50,47,-1,-1,7
5878001,32,46,-1,-1,1
5883294,52,17,-1,-1,1
5884115,35,23,-1,-1,7
5883489,52,58,-1,-1,5
5884757,1,13,-1,-1,3
5882218,0,37,-1,-1,1
5885915,1,11,-1,-1,6
5886390,48,31,-1,-1,2
5885872,54,49,-1,-1,0
5880860,12,30,-1,-1,0
5882452,37,26,-1,-1,0
5884162,13,52,-1,-1,1
5884535,1,2,-1,-1,2
5885014,54,43,-1,-1,2
5884923,2,54,-1,-1,7
5876339,44,23,-1,-1,7
5872358,43,41,-1,-1,6
5885128,36,59,-1,-1,7
5880633,10,39,-1,-1,3
5883861,0,7,-1,-1,3
5864166,18,47,-1,-1,0
5879624,40,35,-1,-1,2
5885887,37,23,-1,-1,1
5883817,26,16,-1,-1,5
5885616,6,56,-1,-1,7
5874322,4,18,-1,-1,5
5883431,21,30,-1,-1,0
5885275,16,58,-1,-1,3
5882637,43,2,-1,-1,0
5878755,51,26,-1,-1,4
5882233,12,35,-1,-1,4
5883428,34,9,-1,-1,0
5886219,34,38,-1,-1,4
5876969,11,22,-1,-1,7
5885728,46,31,-1,-1,7
5885476,15,40,-1,-1,4
5886074,28,54,-1,-1,1
5877138,36,16,-1,-1,3
5883513,7,1,-1,-1,4
5878899,24,18,-1,-1,5
5884731,1,34,-1,-1,4
5881317,7,13,-1,-1,7
5884904,47,14,-1,-1,6
5874862,44,48,-1,-1,2
5885612,7,3,-1,-1,0
5882815,17,15,-1,-1,5
5883025,24,53,-1,-1,2
5884568,11,35,-1,-1,7
5885125,60,38,-1,-1,0
5886496,26,15,-1,-1,1
5880324,57,20,-1,-1,1
5881700,55,47,-1,-1,2
5882440,2,14,-1,-1,5
5884034,12,49,-1,-1,6
5877948,9,47,-1,-1,6
5883501,39,53,-1,-1,5
5868793,61,26,-1,-1,5
5885436,27,30,-1,-1,5
5882003,20,55,-1,-1,7
5885879,13,16,-1,-1,1
5886044,58,16,-1,-1,7
5875063,13,60,-1,-1,0
5884380,1,39,-1,-1,4
5875202,2,32,-1,-1,7
5884451,38,47,-1,-1,5
5881149,24,57,-1,-1,6
5886229,29,50,-1,-1,6
5882921,36,29,-1,-1,0
5885863,16,51,-1,-1,6
5880959,31,24,-1,-1,1
5886326,17,7,-1,-1,6
5884029,59,41,-1,-1,1
5883914,52,25,-1,-1,0
5877886,53,27,-1,-1,3
5883467,49,35,-1,-1,1
5884823,40,33,-1,-1,3
5886138,8,33,-1,-1,4
5884628,60,28,-1,-1,4
5886314,6,7,-1,-1,6
5883297,1,52,-1,-1,3
5883317,35,0,-1,-1,7
5882923,58,25,-1,-1,7
5876729,24,32,-1,-1,0
5886556,12,50,-1,-1,4
5877587,39,39,-1,-1,3
5886347,38,7,-1,-1,2
5885846,44,40,-1,-1,6
5886373,25,42,-1,-1,3
5880629,46,12,-1,-1,5
5886075,5,47,-1,-1,7
5886004,6,11,-1,-1,2
5885266,7,51,-1,-1,7
5883543,53,57,-1,-1,0
5882439,40,2,-1,-1,7
5885065,54,11,-1,-1,7
5882767,22,47,-1,-1,3
5883893,25,12,-1,-1,3
5886412,1,7,-1,-1,1
5886238,32,8,-1,-1,1
5884329,53,39,-1,-1,1
5884204,35,21,-1,-1,6
5872928,30,56,-1,-1,2
5879748,1,19,-1,-1,4
5882961,49,44,-1,-1,2
5886014,15,50,-1,-1,4
5886261,32,58,-1,-1,1
5868653,45,34,-1,-1,2
5885601,0,24,-1,-1,4
5886136,52,40,-1,-1,6
5883618,2,1,-1,-1,5
5883947,54,61,-1,-1,1
5880928,7,44,-1,-1,1
5885545,6,55,-1,-1,5
5882147,27,15,-1,-1,1
5884412,37,29,-1,-1,2
5883713,33,23,-1,-1,7
5885870,52,49,-1,-1,5
5885962,52,24,-1,-1,1
5882950,36,33,-1,-1,5
5885686,22,10,-1,-1,3
5885675,14,9,-1,-1,1
5886456,42,42,-1,-1,3
5880516,32,40,-1,-1,7
5885346,38,52,-1,-1,2
5883102,8,57,-1,-1,0
5884397,8,51,-1,-1,1
5882256,21,48,-1,-1,6
5881417,30,51,-1,-1,0
5884133,32,10,-1,-1,6
5874997,41,4,-1,-1,2
5883986,38,26,-1,-1,0
5885609,12,14,-1,-1,4
5886264,56,38,-1,-1,0
5876849,39,56,-1,-1,3
5881458,39,18,-1,-1,1
5880362,57,28,-1,-1,6
5883414,55,54,-1,-1,4
5882191,17,38,-1,-1,6
5881677,32,15,-1,-1,7
5883541,49,22,-1,-1,0
5885785,40,17,-1,-1,0
5881728,51,61,-1,-1,5
5886070,33,17,-1,-1,4
5884263,60,58,-1,-1,2
5882683,26,47,-1,-1,1
5885906,57,54,-1,-1,6
5882918,35,48,-1,-1,1
5885736,17,19,-1,-1,7
5885671,49,39,-1,-1,4
5878726,7,49,-1,-1,7
5879741,43,43,-1,-1,5
5883507,42,32,-1,-1,2
5874485,56,2,-1,-1,6
5883272,20,24,-1,-1,7
5886352,2,0,-1,-1,0
5882811,25,8,-1,-1,5
5885197,55,41,-1,-1,3
5885946,57,21,-1,-1,2
5883385,19,46,-1,-1,2
5883926,55,3,-1,-1,5
5883787,34,11,-1,-1,7
5884439,61,57,-1,-1,0
5880991,1,58,-1,-1,7
5877087,36,45,-1,-1,2
5884554,40,0,-1,-1,4
5883849,33,11,-1,-1,1
5881225,9,52,-1,-1,5
5869441,17,47,-1,-1,0
5878099,17,41,-1,-1,6
5884983,58,15,-1,-1,5
5884301,16,0,-1,-1,7
5884393,36,34,-1,-1,1
5883192,17,54,-1,-1,7
5873235,12,10,-1,-1,3
5883347,35,10,-1,-1,0
5883981,50,48,-1,-1,5
5886121,5,21,-1,-1,0
5885646,25,54,-1,-1,5
5882507,29,19,-1,-1,0
5882985,61,16,-1,-1,6
5883997,55,28,-1,-1,4
5882595,49,43,-1,-1,0
5886306,23,58,-1,-1,0
5885151,27,34,-1,-1,7
5885596,11,61,-1,-1,4
5879150,51,59,-1,-1,3
5875691,16,37,-1,-1,6
5886245,50,56,-1,-1,7
5877651,20,48,-1,-1,0
5878148,58,11,-1,-1,4
5885898,58,3,-1,-1,7
5878781,48,8,-1,-1,3
5884906,34,52,-1,-1,1
5879116,0,50,-1,-1,3
5875388,37,41,-1,-1,3
5880124,53,36,-1,-1,2
5875974,25,45,-1,-1,6
5881770,15,46,-1,-1,0
5885426,3,54,-1,-1,4
5885389,53,47,-1,-1,4
5885873,35,54,-1,-1,2
5878602,9,36,-1,-1,0
5886541,37,32,-1,-1,2
5876482,36,28,-1,-1,0
5883551,13,25,-1,-1,3
5885242,56,44,-1,-1,4
5885786,61,22,-1,-1,5
5885506,41,55,-1,-1,6
5886144,11,58,-1,-1,3
5880761,34,57,-1,-1,2
5884770,50,7,-1,-1,2
5882141,41,13,-1,-1,7
5884645,44,32,-1,-1,7
5882295,14,2,-1,-1,1
5877753,49,24,-1,-1,6
5885250,49,54,-1,-1,1
5872676,41,33,-1,-1,4
5885632,7,24,-1,-1,1
5879585,46,19,-1,-1,5
5879177,54,60,-1,-1,7
5884330,35,32,-1,-1,1
5883219,7,4,-1,-1,3
5884778,55,0,-1,-1,4
5886430,49,41,-1,-1,1
5885307,48,23,-1,-1,5
5883370,57,13,-1,-1,3
5885761,45,61,-1,-1,2
5886286,39,17,-1,-1,7
5883435,13,5,-1,-1,1
5884746,32,4,-1,-1,0
5886380,12,43,-1,-1,3
5882475,59,38,-1,-1,7
5885530,13,30,-1,-1,7
5885828,50,12,-1,-1,0
5880092,37,44,-1,-1,5
5877421,18,60,-1,-1,2
5883440,25,55,-1,-1,5
5880821,51,6,-1,-1,1
5883767,20,8,-1,-1,2
5885707,33,47,-1,-1,7
5885752,17,52,-1,-1,6
5883520,3,48,-1,-1,3
5884988,33,46,-1,-1,5
5879218,48,48,-1,-1,3
5884833,48,29,-1,-1,0
5878573,8,29,-1,-1,3
5886631,36,32,-1,-1,0
5886629,43,40,-1,-1,4
5875991,60,15,-1,-1,1
5882888,4,51,-1,-1,3
5885927,59,18,-1,-1,2
5886163,43,24,-1,-1,4
5885122,19,30,-1,-1,6
5885210,9,25,-1,-1,4
5885765,53,20,-1,-1,5
5884218,39,11,-1,-1,6
5881259,20,34,-1,-1,1
5884370,9,28,-1,-1,0
5885344,29,49,-1,-1,7
5882002,48,57,-1,-1,2
5885461,43,49,-1,-1,2
5882391,59,31,-1,-1,3
5885001,21,2,-1,-1,2
5879609,43,23,-1,-1,1
5876055,57,27,-1,-1,0
5883235,6,32,-1,-1,7
5885155,23,38,-1,-1,7
5880453,57,34,-1,-1,6
5878716,3,38,-1,-1,6
5876685,48,7,-1,-1,4
5885862,20,46,-1,-1,6
5878386,11,59,-1,-1,1
5880586,32,0,-1,-1,1
5886303,24,36,-1,-1,4
5885072,61,19,-1,-1,6
5886307,54,5,-1,-1,3
5880545,52,0,-1,-1,3
5884999,9,57,-1,-1,2
5885043,31,6,-1,-1,3
5880106,32,56,-1,-1,7
5884966,48,59,-1,-1,4
5886449,38,13,-1,-1,4
5881376,51,54,-1,-1,4
5883633,21,27,-1,-1,0
5881261,26,0,-1,-1,1
5875580,51,52,-1,-1,0
5885333,32,57,-1,-1,3
5882337,59,47,-1,-1,0
5881925,18,35,-1,-1,1
5884680,3,36,-1,-1,6
5879413,61,29,-1,-1,0
5886405,47,27,-1,-1,0
5884402,42,24,-1,-1,0
5885896,34,43,-1,-1,4
5885757,55,25,-1,-1,2
5881448,18,2,-1,-1,5
5885512,40,42,-1,-1,2
5883892,40,40,-1,-1,4
5884471,49,57,-1,-1,0
5885635,59,13,-1,-1,2
5885670,60,19,-1,-1,5
5877913,24,4,-1,-1,6
5881852,55,15,-1,-1,1
5880047,36,52,-1,-1,7
5877502,15,33,-1,-1,2
5884331,34,54,-1,-1,4
5884013,11,3,-1,-1,1
5881898,21,19,-1,-1,2
5881095,9,56,-1,-1,7
5886048,16,20,-1,-1,2
5880948,25,23,-1,-1,5
5880222,31,16,-1,-1,1
5871215,27,23,-1,-1,1
5886056,47,2,-1,-1,4
5885794,33,55,-1,-1,4
5881191,14,7,-1,-1,2
5884291,44,15,-1,-1,7
5884009,7,32,-1,-1,0
5885100,29,16,-1,-1,7
5884337,45,57,-1,-1,6
5885264,46,42,-1,-1,4
5886331,23,50,-1,-1,7
5885059,41,48,-1,-1,6
5877236,10,32,-1,-1,2
5886194,19,58,-1,-1,6
5885474,43,60,-1,-1,5
5885579,3,29,-1,-1,1
5883388,46,57,-1,-1,0
5886291,27,40,-1,-1,4
5870648,40,11,-1,-1,2
5885897,26,5,-1,-1,6
5881456,26,50,-1,-1,5
5884328,26,9,-1,-1,4
5884506,36,4,-1,-1,7
5886215,55,1,-1,-1,1
5886025,8,60,-1,-1,3
5884700,17,27,-1,-1,2
5886423,6,48,-1,-1,1
5886582,12,6,-1,-1,0
5884300,1,14,-1,-1,1
5886153,52,34,-1,-1,5
5884386,0,29,-1,-1,5
5885228,6,18,-1,-1,2
5885415,1,48,-1,-1,0
5885664,23,36,-1,-1,1
5877468,56,23,-1,-1,7
5876322,8,58,-1,-1,7
5881901,15,28,-1,-1,3
5881250,38,2,-1,-1,4
5884587,29,38,-1,-1,2
5875220,41,16,-1,-1,3
5882414,9,3,-1,-1,0
5883268,26,29,-1,-1,3
5882509,10,3,-1,-1,0
5886448,10,54,-1,-1,5
5882634,43,33,-1,-1,1
5878044,33,58,-1,-1,5
5884701,29,55,-1,-1,7
5880085,40,37,-1,-1,6
5880879,59,8,-1,-1,7
5885851,38,10,-1,-1,7
5883155,23,11,-1,-1,7
5885780,56,11,-1,-1,7
5883613,57,33,-1,-1,6
5882198,29,39,-1,-1,7
5883563,57,26,-1,-1,6
5881950,5,35,-1,-1,2
5885613,54,39,-1,-1,0
5884151,38,17,-1,-1,0
5883710,35,28,-1,-1,5
5876893,33,7,-1,-1,0
5885123,38,4,-1,-1,2
5882301,55,50,-1,-1,3
5882459,29,59,-1,-1,7
5882419,40,47,-1,-1,0
5886416,27,24,-1,-1,3
5885940,48,11,-1,-1,1
5880075,40,3,-1,-1,3
5885531,35,47,-1,-1,4
5883807,60,30,-1,-1,4
5886358,27,41,-1,-1,7
5886205,28,41,-1,-1,7
5886561,38,44,-1,-1,1
5883438,14,15,-1,-1,3
5881249,55,26,-1,-1,3
5881613,29,33,-1,-1,0
5880308,9,41,-1,-1,3
5882236,13,46,-1,-1,0
5886608,5,42,-1,-1,1
5881702,24,14,-1,-1,5
5880632,38,57,-1,-1,2
5884658,43,61,-1,-1,3
5874046,0,54,-1,-1,0
5880504,36,30,-1,-1,0
5884044,8,43,-1,-1,3
5884123,2,49,-1,-1,7
5886510,40,13,-1,-1,4
5873252,29,37,-1,-1,6
5886292,51,38,-1,-1,2
5886492,15,13,-1,-1,7
5884449,20,19,-1,-1,2
5882323,31,60,-1,-1,0
5883783,45,48,-1,-1,5
5877327,0,11,-1,-1,0
5880772,35,7,-1,-1,1
5872195,55,33,-1,-1,2
5886546,61,46,-1,-1,6
5881600,20,17,-1,-1,3
5877581,49,59,-1,-1,5
5886032,35,51,-1,-1,6
5876361,60,33,-1,-1,4
5876469,30,29,-1,-1,0
5885185,33,15,-1,-1,5
5884844,54,10,-1,-1,7
5885328,32,5,-1,-1,2
5886526,21,36,-1,-1,7
5881480,27,25,-1,-1,3
5884617,14,33,-1,-1,4
5874804,16,59,-1,-1,6
5882261,45,38,-1,-1,2
5885054,59,37,-1,-1,3
5874352,10,44,-1,-1,0
5885891,12,9,-1,-1,1
5885507,59,45,-1,-1,0
5881801,54,17,-1,-1,2
5885463,59,22,-1,-1,4
5883949,4,46,-1,-1,5
5883121,53,21,-1,-1,0
5885364,40,50,-1,-1,4
5886366,10,8,-1,-1,1
5884859,52,37,-1,-1,2
5883436,5,39,-1,-1,0
5884629,45,9,-1,-1,2
5881018,20,61,-1,-1,7
5884015,14,18,-1,-1,4
5885570,8,36,-1,-1,0
5886335,8,54,-1,-1,2
5885926,33,36,-1,-1,0
5882593,40,1,-1,-1,2
5883687,32,48,-1,-1,4
5882400,36,39,-1,-1,1
5873518,19,32,-1,-1,3
5886591,30,49,-1,-1,7
5884885,50,38,-1,-1,5
5886278,3,25,-1,-1,2
5886239,16,4,-1,-1,4
5883801,1,44,-1,-1,3
5882099,2,15,-1,-1,4
5885171,23,8,-1,-1,3
5877709,29,6,-1,-1,6
5885149,7,41,-1,-1,1
5879542,58,50,-1,-1,1
5884129,30,0,-1,-1,6
5885361,19,61,-1,-1,1
5885393,10,56,-1,-1,6
5886098,59,0,-1,-1,0
5883705,39,61,-1,-1,5
5886321,61,31,-1,-1,7
5886379,17,9,-1,-1,1
5886240,7,46,-1,-1,6
5885168,45,36,-1,-1,6
5886553,57,60,-1,-1,2
5885539,41,3,-1,-1,4
5884849,6,24,-1,-1,0
5883034,25,19,-1,-1,5
5886094,17,49,-1,-1,7
5885731,8,20,-1,-1,2
5884374,32,17,-1,-1,2
5885623,7,42,-1,-1,6
5884614,0,52,-1,-1,5
5884081,40,24,-1,-1,2
5880455,43,38,-1,-1,0
5884254,58,30,-1,-1,3
5886454,49,3,-1,-1,2
5873975,9,30,-1,-1,5
5883617,51,35,-1,-1,2
5885198,0,39,-1,-1,7
5885502,45,28,-1,-1,7
5885052,10,21,-1,-1,5
5886470,13,18,-1,-1,2
5881349,32,11,-1,-1,4
5884056,8,5,-1,-1,0
5880887,34,61,-1,-1,2
5885274,53,1,-1,-1,7
5886019,25,29,-1,-1,5
5881411,41,30,-1,-1,2
5886305,3,23,-1,-1,6
5884813,55,8,-1,-1,0
5883664,39,37,-1,-1,1
5884737,3,10,-1,-1,6
5886030,16,21,-1,-1,7
5879129,33,49,-1,-1,6
5883048,12,24,-1,-1,4
5883708,47,4,-1,-1,0
5883674,42,26,-1,-1,5
5883778,37,9,-1,-1,3
5884100,49,48,-1,-1,1
5883880,7,48,-1,-1,6
5885865,3,61,-1,-1,5
5884829,30,22,-1,-1,4
5886244,51,23,-1,-1,4
5877109,26,38,-1,-1,5
5877982,21,35,-1,-1,5
5882253,46,9,-1,-1,6
5886168,59,21,-1,-1,7
5878061,8,35,-1,-1,4
5886371,33,25,-1,-1,7
5886637,59,27,-1,-1,1
5881858,40,22,-1,-1,4
5882092,35,43,-1,-1,0
5886329,28,44,-1,-1,4
5886597,31,2,-1,-1,2
5886209,57,30,-1,-1,6
5876774,32,13,-1,-1,2
5876725,39,49,-1,-1,1
5885885,11,43,-1,-1,1
5886265,9,61,-1,-1,5
5884385,13,58,-1,-1,4
5885784,59,44,-1,-1,1
5885276,9,1,-1,-1,4
5885835,56,58,-1,-1,3
5886460,7,10,-1,-1,2
5881652,4,2,-1,-1,7
5886170,50,0,-1,-1,3
5885638,52,18,-1,-1,7
5884466,24,46,-1,-1,6
5881774,0,47,-1,-1,3
5885029,11,48,-1,-1,0
5884925,24,61,-1,-1,3
5885345,34,4,-1,-1,3
5879783,22,15,-1,-1,7
5886299,17,55,-1,-1,3
5886270,1,8,-1,-1,2
5885796,57,52,-1,-1,4
5886061,11,0,-1,-1,5
5884851,23,39,-1,-1,2
5883933,35,49,-1,-1,5
5884530,34,21,-1,-1,1
5884783,42,59,-1,-1,2
5883282,47,48,-1,-1,5
5886595,11,13,-1,-1,2
5885949,16,36,-1,-1,1
5885446,8,39,-1,-1,0
5885547,46,29,-1,-1,5
5886230,5,37,-1,-1,7
5885586,37,46,-1,-1,5
5886005,37,59,-1,-1,6
5882353,47,12,-1,-1,6
5884967,54,36,-1,-1,0
5876678,22,16,-1,-1,0
5882902,40,15,-1,-1,7
5874538,55,59,-1,-1,5
5884962,46,44,-1,-1,2
5885705,35,29,-1,-1,1
5884948,23,40,-1,-1,6
5886016,39,48,-1,-1,5
5882753,25,59,-1,-1,2
5883993,24,15,-1,-1,7
5886290,44,57,-1,-1,3
5882934,3,16,-1,-1,1
5881739,45,32,-1,-1,3
5886585,27,32,-1,-1,6
5885924,45,21,-1,-1,0
5886083,6,9,-1,-1,4
5886540,38,20,-1,-1,4
5883324,31,33,-1,-1,4
5881091,22,1,-1,-1,1
5873512,15,5,-1,-1,1
5884777,22,36,-1,-1,7
5878759,5,20,-1,-1,4
5881654,47,15,-1,-1,2
5884946,24,5,-1,-1,3
5881445,45,50,-1,-1,7
5885762,26,34,-1,-1,5
5885018,60,17,-1,-1,5
5886517,45,43,-1,-1,6
5884109,16,55,-1,-1,3
5882417,32,25,-1,-1,0
5885546,19,57,-1,-1,5
5879692,51,41,-1,-1,2
5886110,5,18,-1,-1,0
5882051,40,59,-1,-1,4
5882118,44,47,-1,-1,7
5879650,11,51,-1,-1,6
5880891,24,25,-1,-1,2
5878544,31,40,-1,-1,5
5886266,4,8,-1,-1,6
5884091,5,16,-1,-1,6
5884733,31,47,-1,-1,7
5881085,53,53,-1,-1,1
5880927,46,16,-1,-1,5
5886262,22,55,-1,-1,5
5884806,1,59,-1,-1,1
5885472,34,48,-1,-1,1
5884558,40,14,-1,-1,1
5875477,10,59,-1,-1,5
5883527,4,41,-1,-1,4
5881470,18,22,-1,-1,2
5881896,25,51,-1,-1,2
5885967,26,45,-1,-1,5
5885975,3,47,-1,-1,0
5884206,37,42,-1,-1,1
5886172,31,53,-1,-1,3
5885038,48,58,-1,-1,2
5874043,3,18,-1,-1,2
5886370,19,41,-1,-1,2
5879187,25,17,-1,-1,6
5882332,43,30,-1,-1,0
5874852,28,43,-1,-1,6
5884694,43,29,-1,-1,2
5876745,51,48,-1,-1,7
5883700,24,19,-1,-1,4
5883118,57,25,-1,-1,4
5883711,56,57,-1,-1,5
5884274,11,45,-1,-1,7
5884050,5,59,-1,-1,0
5885936,52,10,-1,-1,7
5886054,44,51,-1,-1,1
5885886,35,25,-1,-1,7
5878733,22,57,-1,-1,2
5885805,9,6,-1,-1,3
5884141,24,40,-1,-1,4
5883339,44,22,-1,-1,1
5879226,45,37,-1,-1,5
5886120,21,32,-1,-1,0
5885611,5,6,-1,-1,6
5881034,52,32,-1,-1,7
5885892,59,57,-1,-1,5
5886181,31,21,-1,-1,6
5886082,26,13,-1,-1,7
5886562,0,9,-1,-1,0
5880943,2,52,-1,-1,2
5885348,41,8,-1,-1,3
5885406,26,30,-1,-1,6
5885595,3,11,-1,-1,5
5874826,6,42,-1,-1,6
5882949,55,34,-1,-1,6
5885511,20,42,-1,-1,5
5884043,15,4,-1,-1,3
5885433,27,42,-1,-1,7
5886147,48,13,-1,-1,3
5885751,55,55,-1,-1,4
5881061,4,43,-1,-1,2
5886372,22,33,-1,-1,5
5875558,36,47,-1,-1,1
5879802,52,43,-1,-1,3
5884495,20,20,-1,-1,2
5885312,3,2,-1,-1,5
5881081,37,31,-1,-1,1
5873819,47,28,-1,-1,7
5883644,47,61,-1,-1,6
5886228,16,46,-1,-1,4
5881730,15,53,-1,-1,4
5883600,5,44,-1,-1,4
5884030,27,14,-1,-1,1
5884894,11,38,-1,-1,7
5886537,41,23,-1,-1,4
5873696,26,8,-1,-1,5
5886063,38,53,-1,-1,2
5885900,40,49,-1,-1,2
5881375,21,25,-1,-1,0
5881401,17,57,-1,-1,7
5878851,26,22,-1,-1,3
5875115,1,18,-1,-1,7
5873034,55,20,-1,-1,5
5881190,52,21,-1,-1,7
5884824,37,51,-1,-1,5
5885860,38,15,-1,-1,6
5885010,42,50,-1,-1,1
5881856,35,31,-1,-1,2
5886119,18,9,-1,-1,2
5868052,19,7,-1,-1,1
5883951,3,26,-1,-1,1
5885580,28,21,-1,-1,5
5886402,21,51,-1,-1,6
5884159,6,8,-1,-1,7
5880423,61,43,-1,-1,7
5886535,34,18,-1,-1,3
5878132,61,44,-1,-1,5
5886583,50,24,-1,-1,3
5882771,10,35,-1,-1,5
5884747,0,18,-1,-1,4
5885698,48,17,-1,-1,4
5884657,0,13,-1,-1,7
5882772,33,43,-1,-1,5
5886621,28,7,-1,-1,6
5883561,47,17,-1,-1,3
5884504,36,19,-1,-1,3
5884240,6,41,-1,-1,2
5882698,47,42,-1,-1,7
5886225,31,14,-1,-1,4
5885672,12,25,-1,-1,2
5883212,37,50,-1,-1,4
5886189,21,0,-1,-1,3
5885395,48,1,-1,-1,7
5881359,46,18,-1,-1,3
5884463,21,14,-1,-1,4
5880422,37,35,-1,-1,2
5879742,34,12,-1,-1,6
5885380,57,8,-1,-1,0
5884753,36,49,-1,-1,0
5882465,51,15,-1,-1,4
5885259,22,23,-1,-1,3
5885400,26,1,-1,-1,3
5877699,49,42,-1,-1,4
5885725,51,31,-1,-1,5
5884103,25,32,-1,-1,0
5882244,4,7,-1,-1,1
5884414,59,53,-1,-1,3
5882862,4,38,-1,-1,1
5884303,40,28,-1,-1,6
5882421,43,0,-1,-1,3
5885874,9,34,-1,-1,3
5882168,29,23,-1,-1,1
5884696,6,1,-1,-1,4
5882259,24,13,-1,-1,3
5882640,61,60,-1,-1,5
5883248,13,11,-1,-1,7
5885260,57,45,-1,-1,6
5882931,15,37,-1,-1,1
5885237,53,30,-1,-1,5
5880526,53,15,-1,-1,7
5880777,19,39,-1,-1,3
5863941,41,45,-1,-1,7
5878066,0,48,-1,-1,1
5885494,2,33,-1,-1,7
5873722,7,47,-1,-1,2
5885615,44,56,-1,-1,2
5884860,57,50,-1,-1,2
5886247,39,60,-1,-1,3
5883345,55,13,-1,-1,1
5879834,11,47,-1,-1,7
5885604,5,41,-1,-1,6
5882587,18,26,-1,-1,3
5885253,46,13,-1,-1,6
5885238,34,47,-1,-1,1
5876942,27,54,-1,-1,1
5885090,15,38,-1,-1,6
5881486,49,8,-1,-1,7
5885413,17,53,-1,-1,6
5883646,33,29,-1,-1,4
5885674,12,44,-1,-1,0
5873292,29,47,-1,-1,3
5884120,43,12,-1,-1,6
5884817,28,23,-1,-1,1
5885890,23,45,-1,-1,7
5883221,41,54,-1,-1,5
5885603,45,54,-1,-1,5
5886393,43,11,-1,-1,3
5883854,37,56,-1,-1,2
5883495,17,18,-1,-1,6
5885489,49,50,-1,-1,1
5885066,48,10,-1,-1,0
5880697,3,5,-1,-1,0
5880512,9,14,-1,-1,1
5885537,25,28,-1,-1,3
5882893,44,5,-1,-1,5
5881526,35,61,-1,-1,2
5871029,54,29,-1,-1,4
5870453,21,49,-1,-1,6
5886392,21,16,-1,-1,5
5881324,51,51,-1,-1,2
5885300,43,52,-1,-1,3
5885317,35,59,-1,-1,2
5885998,16,41,-1,-1,1
5872870,32,9,-1,-1,1
5886213,1,32,-1,-1,1
5886149,16,54,-1,-1,5
5886594,23,42,-1,-1,3
5884901,12,38,-1,-1,0
5880917,34,33,-1,-1,4
5870628,22,46,-1,-1,1
5885988,28,53,-1,-1,0
5883797,61,11,-1,-1,3
5882081,4,58,-1,-1,4
5884195,51,56,-1,-1,5
5884308,19,11,-1,-1,4
5877387,20,50,-1,-1,7
5879311,53,51,-1,-1,5
5884555,24,41,-1,-1,6
5882976,61,37,-1,-1,7
5886224,4,9,-1,-1,2
5882411,3,56,-1,-1,3
5885057,33,32,-1,-1,5
5884404,55,19,-1,-1,7
5879505,26,19,-1,-1,4
5885695,59,55,-1,-1,6
5885928,50,35,-1,-1,4
5883479,3,19,-1,-1,7
5883574,57,56,-1,-1,7
5885585,7,59,-1,-1,3
5886557,54,7,-1,-1,4
5886400,35,9,-1,-1,7
5882752,46,3,-1,-1,5
5886042,59,29,-1,-1,5
5879866,20,4,-1,-1,3
5886105,30,15,-1,-1,0
5885544,4,35,-1,-1,7
5885721,11,17,-1,-1,1
5878183,29,25,-1,-1,2
5885748,16,40,-1,-1,4
5881756,41,7,-1,-1,2
5882720,46,47,-1,-1,6
5886384,15,14,-1,-1,6
5881330,45,8,-1,-1,2
5880411,0,35,-1,-1,7
5878476,37,25,-1,-1,5
5886365,46,20,-1,-1,3
5883756,52,53,-1,-1,5
5886598,41,51,-1,-1,2
5886374,54,37,-1,-1,1
5880647,29,1,-1,-1,4
5883643,35,24,-1,-1,5
5881853,55,6,-1,-1,0
5886223,0,15,-1,-1,4
5879883,49,13,-1,-1,5
5884128,45,18,-1,-1,3
5882395,30,3,-1,-1,2
5885280,6,58,-1,-1,1
5886558,17,28,-1,-1,5
5886357,54,53,-1,-1,7
5885470,0,26,-1,-1,3
5886614,4,31,-1,-1,1
5882223,22,3,-1,-1,2
5885181,20,16,-1,-1,7
5879810,22,39,-1,-1,5
5886581,30,24,-1,-1,7
5884083,54,47,-1,-1,2
5884602,55,38,-1,-1,5
5874156,57,10,-1,-1,6
5885500,36,9,-1,-1,5
5885432,25,49,-1,-1,2
5884424,32,38,-1,-1,7
5884481,37,36,-1,-1,4
5886536,31,9,-1,-1,6
5884317,20,51,-1,-1,1
5885908,40,41,-1,-1,7
5884589,23,41,-1,-1,5
5883996,42,7,-1,-1,6
5884147,18,20,-1,-1,2
5883244,12,0,-1,-1,4
5882204,3,40,-1,-1,5
5879274,5,54,-1,-1,2
5885692,22,48,-1,-1,2
5886619,1,6,-1,-1,5
5877959,24,21,-1,-1,3
5881170,23,6,-1,-1,6
5879835,46,38,-1,-1,4
5886109,48,5,-1,-1,7
5883410,45,55,-1,-1,1
5876480,53,11,-1,-1,3
5885313,46,35,-1,-1,3
5882627,22,59,-1,-1,4
5885756,35,57,-1,-1,6
5886171,22,28,-1,-1,7
5886038,30,17,-1,-1,1
5884816,0,38,-1,-1,0
5881690,14,23,-1,-1,1
5882114,24,12,-1,-1,3
5884534,19,52,-1,-1,6
5883628,46,49,-1,-1,5
5886021,17,13,-1,-1,1
5878953,21,18,-1,-1,2
5884459,41,61,-1,-1,3
5882130,55,56,-1,-1,7
5882213,59,4,-1,-1,6
5880562,6,53,-1,-1,7
5884464,31,28,-1,-1,6
5882802,0,53,-1,-1,1
5881718,12,52,-1,-1,5
5883958,42,11,-1,-1,0
5886613,9,29,-1,-1,0
5883217,53,55,-1,-1,1
5885678,22,2,-1,-1,7
5882342,13,51,-1,-1,0
5886269,23,60,-1,-1,5
5880493,51,53,-1,-1,5
5886575,4,24,-1,-1,0
5883673,18,56,-1,-1,1
5882564,20,6,-1,-1,3
5882978,5,60,-1,-1,0
5886164,36,43,-1,-1,1
5886060,50,21,-1,-1,5
5879529,38,60,-1,-1,7
5881945,5,7,-1,-1,3
5886455,10,38,-1,-1,4
5886603,32,39,-1,-1,2
5880437,24,49,-1,-1,2
5885974,54,26,-1,-1,2
5885366,8,2,-1,-1,4
5880447,41,0,-1,-1,3
5884803,25,31,-1,-1,1
5876614,18,44,-1,-1,7
5885452,16,27,-1,-1,0
5879399,4,36,-1,-1,2
5881953,39,51,-1,-1,0
5885610,46,22,-1,-1,0
5884569,3,4,-1,-1,5
5881216,33,38,-1,-1,7
5880681,18,34,-1,-1,7
5885438,37,61,-1,-1,7
5884475,14,1,-1,-1,2
5884457,10,6,-1,-1,1
5882318,54,12,-1,-1,4
5884820,58,37,-1,-1,2
5886124,54,3,-1,-1,2
5886134,45,24,-1,-1,4
5885249,27,43,-1,-1,3
5884835,41,12,-1,-1,2
5884873,11,53,-1,-1,1
5885562,60,0,-1,-1,3
5881878,37,47,-1,-1,7
5886344,6,3,-1,-1,4
5884613,13,7,-1,-1,3
5874280,26,56,-1,-1,7
5881239,41,31,-1,-1,7
5885832,21,58,-1,-1,4
5884136,18,48,-1,-1,7
5884604,15,25,-1,-1,1
5883226,33,56,-1,-1,3
5885605,43,18,-1,-1,7
5884705,29,7,-1,-1,2
5886059,53,48,-1,-1,4
5886586,56,17,-1,-1,6
5886431,59,2,-1,-1,4
5879045,48,46,-1,-1,5
5879812,31,46,-1,-1,0
5886494,19,17,-1,-1,4
5872466,11,6,-1,-1,5
5882687,1,12,-1,-1,1
5884503,29,28,-1,-1,0
5886091,15,26,-1,-1,6
5886524,12,1,-1,-1,3
5886555,58,35,-1,-1,2
5875137,61,10,-1,-1,0
5885372,39,8,-1,-1,6
5885330,6,16,-1,-1,1
5885467,51,28,-1,-1,7
5880969,51,33,-1,-1,7
5880506,24,26,-1,-1,2
5884102,51,2,-1,-1,5
5885265,8,28,-1,-1,4
5886323,0,17,-1,-1,4
5884095,28,45,-1,-1,3
5886624,16,5,-1,-1,1
5885352,16,17,-1,-1,2
5883775,14,31,-1,-1,7
5881678,51,8,-1,-1,5
5884886,1,42,-1,-1,1
5886410,14,26,-1,-1,3
5884318,14,51,-1,-1,1
5882552,6,47,-1,-1,6
5878730,59,3,-1,-1,0
5884428,40,31,-1,-1,3
5878446,31,4,-1,-1,6
5869226,48,55,-1,-1,7
5884276,59,25,-1,-1,3
5883768,14,13,-1,-1,0
5883380,24,28,-1,-1,4
5885750,33,48,-1,-1,4
5885882,19,55,-1,-1,4
5884869,26,12,-1,-1,7
5882275,47,40,-1,-1,0
5885963,45,31,-1,-1,4
5882250,36,48,-1,-1,6
5884846,29,21,-1,-1,1
5878834,31,22,-1,-1,4
5880141,61,35,-1,-1,7
5880299,18,57,-1,-1,7
5884952,55,22,-1,-1,7
5873667,38,32,-1,-1,7
5886417,10,31,-1,-1,7
5877702,23,32,-1,-1,3
5884702,27,37,-1,-1,0
5885234,2,46,-1,-1,4
5882262,51,43,-1,-1,6
5879581,55,18,-1,-1,0
5885690,4,0,-1,-1,6
5879405,12,46,-1,-1,1
5880770,37,10,-1,-1,1
5880002,45,35,-1,-1,5
5884917,23,15,-1,-1,3
5885439,42,22,-1,-1,6
5883134,29,18,-1,-1,7
5871198,34,58,-1,-1,4
5882031,21,21,-1,-1,1
5885905,17,33,-1,-1,5
5880901,22,58,-1,-1,5
5885745,55,58,-1,-1,4
5886391,34,20,-1,-1,6
5883047,16,26,-1,-1,1
5881749,2,48,-1,-1,1
5885258,60,10,-1,-1,7
5878039,36,58,-1,-1,0
5880457,42,60,-1,-1,2
5883903,58,32,-1,-1,7
5885591,47,18,-1,-1,0
5884536,14,57,-1,-1,1
5880138,58,43,-1,-1,7
5882394,10,2,-1,-1,7
5885824,22,31,-1,-1,5
5884087,55,36,-1,-1,3
5883326,25,5,-1,-1,5
5883851,24,54,-1,-1,1
5880764,35,14,-1,-1,1
5886160,5,48,-1,-1,3
5879642,47,60,-1,-1,4
5886495,7,14,-1,-1,0
5875908,40,58,-1,-1,1
5883718,61,2,-1,-1,3
5885006,5,3,-1,-1,3
5884302,58,1,-1,-1,2
5884261,43,22,-1,-1,6
5884098,30,44,-1,-1,6
5886480,34,29,-1,-1,6
5886639,24,43,-1,-1,0
5885471,52,45,-1,-1,0
5882608,15,45,-1,-1,1
5885912,18,59,-1,-1,3
5886560,19,1,-1,-1,2
5885701,28,28,-1,-1,6
5884992,32,18,-1,-1,4
5879997,55,29,-1,-1,5
5885354,7,23,-1,-1,1
5881825,4,47,-1,-1,1
5886369,53,59,-1,-1,0
5883126,44,4,-1,-1,5
5879478,22,20,-1,-1,0
5872853,33,4,-1,-1,0
5883992,12,12,-1,-1,7
5878497,21,33,-1,-1,3
5885950,2,29,-1,-1,0
5884989,42,2,-1,-1,1
5878560,5,56,-1,-1,1
5885526,0,46,-1,-1,1
5878949,6,38,-1,-1,2
5883827,4,54,-1,-1,1
5884211,9,17,-1,-1,0
5877053,40,16,-1,-1,2
5881243,14,36,-1,-1,4
5886549,5,36,-1,-1,0
5875645,1,10,-1,-1,3
5884874,2,55,-1,-1,5
5883953,32,14,-1,-1,5
5886246,18,25,-1,-1,2
5886035,22,56,-1,-1,1
5880568,10,48,-1,-1,6
5866460,31,48,-1,-1,2
5868046,16,50,-1,-1,6
5886634,4,23,-1,-1,5
5877025,5,24,-1,-1,4
5884674,44,16,-1,-1,6
5884911,50,22,-1,-1,3
5883570,7,45,-1,-1,3
5882143,59,6,-1,-1,1
5885434,30,6,-1,-1,3
5886531,0,6,-1,-1,2
5886336,6,19,-1,-1,6
5881899,56,39,-1,-1,3
5881168,20,52,-1,-1,1
5880253,23,52,-1,-1,1
5868661,14,58,-1,-1,6
5884290,14,5,-1,-1,2
5880794,46,53,-1,-1,7
5886376,16,43,-1,-1,0
5882363,57,17,-1,-1,0
5885454,20,45,-1,-1,7
5880380,4,55,-1,-1,2
5883595,28,8,-1,-1,0
5886512,0,51,-1,-1,5
5882583,38,6,-1,-1,1
5884748,46,33,-1,-1,3
5881926,23,27,-1,-1,0
5885699,50,50,-1,-1,1
5882869,9,42,-1,-1,0
5884197,58,4,-1,-1,6
5880565,3,41,-1,-1,7
5886142,43,55,-1,-1,0
5885458,14,8,-1,-1,4
5884681,40,46,-1,-1,3
5885498,46,8,-1,-1,2
5886099,18,17,-1,-1,1
5886477,31,31,-1,-1,0
5879619,35,2,-1,-1,0
5882188,35,35,-1,-1,2
5884863,15,42,-1,-1,4
5885110,9,43,-1,-1,0
5881332,32,37,-1,-1,7
5885938,49,49,-1,-1,3
5878847,57,46,-1,-1,6
5880350,31,30,-1,-1,4
5885024,16,23,-1,-1,0
5885246,1,16,-1,-1,7
5884619,14,37,-1,-1,3
5886628,57,2,-1,-1,4
5883895,51,50,-1,-1,2
5884361,3,3,-1,-1,1
5884491,28,9,-1,-1,5
5885353,16,31,-1,-1,7
5886242,59,15,-1,-1,0
5885442,6,12,-1,-1,2
5882351,23,29,-1,-1,1
5885033,15,21,-1,-1,7
5885169,26,4,-1,-1,1
5885634,39,24,-1,-1,3
5882265,42,23,-1,-1,5
5886312,10,29,-1,-1,2
5885740,17,34,-1,-1,5
5875964,52,23,-1,-1,4
5883580,8,48,-1,-1,6
5885637,44,30,-1,-1,2
5885367,43,34,-1,-1,1
5879633,11,16,-1,-1,5
5884135,8,41,-1,-1,5
5877220,44,38,-1,-1,6
5875775,53,24,-1,-1,5
5886325,16,22,-1,-1,5
5882807,15,34,-1,-1,5
5872779,50,6,-1,-1,7
5885802,55,49,-1,-1,0
5881808,1,22,-1,-1,6
5884982,2,16,-1,-1,3
5882267,32,30,-1,-1,3
5883227,10,40,-1,-1,0
5881883,49,56,-1,-1,0
5886479,36,2,-1,-1,5
5886226,27,16,-1,-1,6
5881838,41,39,-1,-1,2
5882537,11,28,-1,-1,0
5883400,41,49,-1,-1,5
5885563,33,14,-1,-1,3
5883602,24,45,-1,-1,6
5886570,47,1,-1,-1,5
5885818,30,31,-1,-1,7
5878671,19,22,-1,-1,4
5885855,18,43,-1,-1,7
5878361,9,22,-1,-1,7
5886398,6,14,-1,-1,2
5881352,14,56,-1,-1,5
5877513,33,31,-1,-1,2
5886015,11,41,-1,-1,0
5878918,23,19,-1,-1,5
5886081,51,60,-1,-1,6
5879511,28,0,-1,-1,1
5883387,9,8,-1,-1,1
5874578,57,49,-1,-1,6
5884893,34,36,-1,-1,3
5884359,37,58,-1,-1,7
5886330,35,8,-1,-1,7
5885279,52,16,-1,-1,0
5885204,56,43,-1,-1,4
5885225,56,49,-1,-1,5
5885561,39,1,-1,-1,6
5879757,2,41,-1,-1,7
5884581,42,30,-1,-1,2
5884611,14,39,-1,-1,1
5885190,2,20,-1,-1,7
5882642,33,60,-1,-1,6
5884976,24,59,-1,-1,3
5885620,13,39,-1,-1,4
5885965,52,54,-1,-1,4
5877466,40,61,-1,-1,7
5884741,45,27,-1,-1,5
5880880,19,43,-1,-1,2
5879427,54,57,-1,-1,3
5885278,25,0,-1,-1,4
5883975,31,34,-1,-1,3
5882156,0,19,-1,-1,2
5880164,39,54,-1,-1,1
5883399,51,27,-1,-1,4
5872138,52,55,-1,-1,6
5885525,25,60,-1,-1,6
5886288,11,32,-1,-1,2
5885808,22,34,-1,-1,3
5884327,31,0,-1,-1,0
5882291,32,41,-1,-1,6
5884995,26,7,-1,-1,4
5885108,11,2,-1,-1,5
5886640,27,51,-1,-1,6
5883940,39,43,-1,-1,0
5885719,13,15,-1,-1,0
5886565,56,33,-1,-1,2
5886515,50,43,-1,-1,2
5885382,34,60,-1,-1,4
5880105,45,47,-1,-1,1
5882774,54,31,-1,-1,4
5886466,31,50,-1,-1,5
5882937,60,22,-1,-1,2
5881205,58,14,-1,-1,2
5881356,29,4,-1,-1,6
5882745,49,58,-1,-1,5
5885417,60,45,-1,-1,3
5884985,25,48,-1,-1,2
5877567,18,49,-1,-1,1
5870820,26,49,-1,-1,7
5882032,38,19,-1,-1,4
5885834,13,22,-1,-1,2
5885063,15,36,-1,-1,4
5886072,32,23,-1,-1,7
5884515,0,42,-1,-1,1
5885360,6,2,-1,-1,7
5886435,43,7,-1,-1,6
5884306,8,55,-1,-1,6
5886404,25,52,-1,-1,0
5885550,42,19,-1,-1,6
5881071,22,61,-1,-1,4
5883299,8,0,-1,-1,7
5878197,34,7,-1,-1,2
5886249,57,58,-1,-1,1
5885051,28,51,-1,-1,7
5885884,19,49,-1,-1,2
5885540,46,23,-1,-1,5
5883493,50,52,-1,-1,1
5883959,51,13,-1,-1,4
5886473,60,2,-1,-1,2
5882048,47,53,-1,-1,3
5886033,3,55,-1,-1,1
5885598,11,54,-1,-1,6
5883588,14,25,-1,-1,4
5882857,2,39,-1,-1,4
5886285,61,48,-1,-1,1
5885431,22,0,-1,-1,6
5885667,40,20,-1,-1,0
5884650,13,61,-1,-1,7
5886434,18,52,-1,-1,1
5885729,44,8,-1,-1,2
5885166,3,37,-1,-1,3
5885109,1,15,-1,-1,1
5872844,59,11,-1,-1,2
5882069,2,44,-1,-1,7
5881465,7,21,-1,-1,5
5886469,31,11,-1,-1,0
5884649,32,59,-1,-1,2
5885644,8,46,-1,-1,7
5886590,24,31,-1,-1,4
5885082,57,9,-1,-1,2
5884242,24,33,-1,-1,0
5883696,17,21,-1,-1,3
5882066,30,36,-1,-1,4
5883745,25,36,-1,-1,6
5884157,4,49,-1,-1,5
5882049,61,13,-1,-1,4
5883811,25,10,-1,-1,0
5872465,2,25,-1,-1,4
5884659,57,23,-1,-1,6
5879044,11,29,-1,-1,4
5881788,31,15,-1,-1,1
5873260,38,35,-1,-1,0
5882679,13,48,-1,-1,0
5882488,43,16,-1,-1,2
5884006,24,37,-1,-1,1
5879421,20,53,-1,-1,5
5879400,46,27,-1,-1,7
5885137,49,23,-1,-1,5
5884802,56,15,-1,-1,0
5884916,19,13,-1,-1,6
5885347,21,45,-1,-1,7
5884122,30,27,-1,-1,2
5883765,16,48,-1,-1,0
5884769,58,12,-1,-1,2
5884822,17,39,-1,-1,0
5885079,58,48,-1,-1,4
5884574,30,30,-1,-1,2
5881539,10,60,-1,-1,3
5885490,58,24,-1,-1,0
5885693,22,5,-1,-1,3
5879099,10,49,-1,-1,5
5881769,61,6,-1,-1,6
5877617,12,2,-1,-1,4
5886114,6,60,-1,-1,7
5885357,38,51,-1,-1,7
5885689,10,55,-1,-1,5
5871124,23,44,-1,-1,3
5879545,19,54,-1,-1,5
5882977,2,34,-1,-1,2
5884993,1,40,-1,-1,1
5884677,18,38,-1,-1,2
5876160,33,61,-1,-1,0
5882958,1,53,-1,-1,5
5880581,1,60,-1,-1,0
5880482,61,45,-1,-1,2
5885925,33,2,-1,-1,1
5881579,49,28,-1,-1,3
5885192,19,5,-1,-1,7
5886020,18,36,-1,-1,3
5885519,5,28,-1,-1,5
5885716,19,14,-1,-1,3
5886500,13,6,-1,-1,6
5886140,55,30,-1,-1,0
5884200,9,32,-1,-1,2
5883740,59,20,-1,-1,6
5875183,3,27,-1,-1,6
5884877,37,57,-1,-1,5
5880224,28,19,-1,-1,1
5874828,58,61,-1,-1,3
5885241,28,5,-1,-1,6
5885597,17,23,-1,-1,0
5886633,5,49,-1,-1,6
5884398,46,28,-1,-1,2
5883979,47,19,-1,-1,4
5886317,21,55,-1,-1,1
5886217,60,40,-1,-1,5
5885652,11,9,-1,-1,4
5882427,40,39,-1,-1,0
5883611,9,19,-1,-1,1
5882922,46,58,-1,-1,3
5884580,40,45,-1,-1,7
5884214,60,21,-1,-1,5
5886237,0,22,-1,-1,3
5882273,30,60,-1,-1,3
5883481,40,19,-1,-1,3
5881713,11,11,-1,-1,3
5884177,52,14,-1,-1,6
5885503,51,20,-1,-1,7
5885724,25,43,-1,-1,4
5879577,36,31,-1,-1,7
5872279,40,44,-1,-1,6
5885651,58,45,-1,-1,5
5881478,30,12,-1,-1,2
5885124,2,19,-1,-1,4
5886406,3,8,-1,-1,5
5886066,49,30,-1,-1,2
5886176,1,0,-1,-1,3
5885365,14,41,-1,-1,7
5882770,35,36,-1,-1,7
5880749,57,12,-1,-1,6
5885867,11,24,-1,-1,4
5875868,24,44,-1,-1,6
5885581,16,13,-1,-1,6
5882596,9,35,-1,-1,5
5883373,43,50,-1,-1,3
5879884,32,2,-1,-1,3
5880459,51,42,-1,-1,2
5880881,41,26,-1,-1,2
5883426,56,48,-1,-1,2
5881195,16,15,-1,-1,5
5883627,30,2,-1,-1,2
5885208,41,15,-1,-1,0
5883122,42,49,-1,-1,4
5883552,2,57,-1,-1,2
5878962,8,3,-1,-1,7
5878876,38,56,-1,-1,1
5885375,17,59,-1,-1,6
5885654,13,32,-1,-1,1
5886602,30,14,-1,-1,6
5886298,50,2,-1,-1,5
5883812,6,13,-1,-1,2
5875374,57,39,-1,-1,6
5886202,30,38,-1,-1,2
5882376,1,20,-1,-1,6
5882649,26,61,-1,-1,5
5884432,50,26,-1,-1,6
5884883,26,54,-1,-1,0
5883572,29,10,-1,-1,2
5886360,46,50,-1,-1,5
5882993,9,21,-1,-1,2
5884041,60,6,-1,-1,2
5881393,59,40,-1,-1,5
5884727,38,46,-1,-1,2
5885120,33,6,-1,-1,1
5879659,57,6,-1,-1,1
5884210,1,46,-1,-1,7
5886173,34,2,-1,-1,4
5884711,33,10,-1,-1,7
5886253,18,3,-1,-1,7
5884018,23,54,-1,-1,7
5879319,47,21,-1,-1,7
5885479,10,34,-1,-1,2
5886490,4,53,-1,-1,7
5884577,35,13,-1,-1,0
5872250,17,56,-1,-1,0
5884864,29,56,-1,-1,1
5880743,15,60,-1,-1,6
5876431,56,27,-1,-1,4
5884529,15,29,-1,-1,1
5877221,38,49,-1,-1,5
5885958,39,41,-1,-1,1
5872877,21,10,-1,-1,5
5884667,23,9,-1,-1,1
5879365,15,20,-1,-1,6
5885513,44,17,-1,-1,4
5886632,37,34,-1,-1,6
5879161,5,58,-1,-1,6
5880990,61,3,-1,-1,4
5877190,33,57,-1,-1,0
5885592,40,54,-1,-1,1
5882912,61,1,-1,-1,6
5881653,49,40,-1,-1,3
5882146,8,10,-1,-1,4
5884774,4,42,-1,-1,3
5885607,2,27,-1,-1,1
5886605,51,55,-1,-1,3
5885480,8,38,-1,-1,2
5885533,48,51,-1,-1,6
5879566,41,32,-1,-1,7
5882406,45,45,-1,-1,3
5882555,61,33,-1,-1,1
5879293,51,37,-1,-1,3
5881705,38,21,-1,-1,7
5886302,24,1,-1,-1,5
5886504,60,16,-1,-1,1
5878924,3,1,-1,-1,7
5885211,46,34,-1,-1,6
5882865,30,18,-1,-1,7
5883214,42,56,-1,-1,4
5879266,42,21,-1,-1,4
5877449,27,50,-1,-1,5
5886243,54,38,-1,-1,5
5880294,50,15,-1,-1,3
5880215,38,14,-1,-1,0
5885633,18,46,-1,-1,0
5882472,52,4,-1,-1,2
5884154,61,28,-1,-1,4
5883517,11,37,-1,-1,2
5877503,38,12,-1,-1,2
5886101,52,35,-1,-1,5
5880026,19,0,-1,-1,0
5875768,51,11,-1,-1,6
5879480,33,53,-1,-1,3
5883300,43,32,-1,-1,7
5883983,52,56,-1,-1,6
5886339,47,38,-1,-1,3
5882505,26,14,-1,-1,1
5885755,36,24,-1,-1,5
5861612,8,4,-1,-1,3
5875813,42,35,-1,-1,3
5884519,50,5,-1,-1,4
5881715,53,18,-1,-1,2
5885921,39,14,-1,-1,1
5885008,19,28,-1,-1,2
5886116,29,27,-1,-1,7
5879972,32,7,-1,-1,5
5886175,3,9,-1,-1,3
5885590,1,56,-1,-1,3
5886538,55,2,-1,-1,1
5882810,13,0,-1,-1,1
5868733,7,60,-1,-1,1
5884616,39,38,-1,-1,3
5883078,46,37,-1,-1,3
5884076,50,41,-1,-1,5
5883728,15,54,-1,-1,0
5885981,30,20,-1,-1,6
5877731,23,48,-1,-1,6
5885741,38,41,-1,-1,3
5884880,60,20,-1,-1,2
5882076,39,29,-1,-1,3
5886197,6,10,-1,-1,2
5884126,52,8,-1,-1,6
5885262,48,32,-1,-1,7
5882910,59,17,-1,-1,7
5881916,50,59,-1,-1,5
5886318,11,36,-1,-1,2
5885574,39,20,-1,-1,3
5884021,53,50,-1,-1,7
5882473,33,45,-1,-1,6
5886419,15,58,-1,-1,0
5885943,52,52,-1,-1,6
5879086,26,3,-1,-1,7
5886459,54,8,-1,-1,4
5886440,29,32,-1,-1,6
5885074,32,21,-1,-1,3
5886092,13,53,-1,-1,6
5886523,58,41,-1,-1,2
5883278,27,61,-1,-1,6
5882500,48,22,-1,-1,4
5883610,22,44,-1,-1,2
5884776,58,34,-1,-1,5
5873303,13,40,-1,-1,1
5884131,48,21,-1,-1,6
5881269,46,61,-1,-1,4
5886301,18,0,-1,-1,4
5886023,5,52,-1,-1,6
5885447,49,37,-1,-1,7
5886551,53,44,-1,-1,3
5884754,36,27,-1,-1,1
5885288,28,40,-1,-1,1
5885902,0,0,-1,-1,6
5882633,25,39,-1,-1,6
5881181,55,9,-1,-1,0
5875481,12,33,-1,-1,4
5883042,0,25,-1,-1,2
5885629,41,35,-1,-1,2
5875866,23,5,-1,-1,1
5885340,33,44,-1,-1,0
5876841,48,39,-1,-1,5
5872397,14,24,-1,-1,5
5882758,46,17,-1,-1,6
5877799,59,1,-1,-1,7
5886135,7,5,-1,-1,4
5886080,12,58,-1,-1,4
5885306,2,51,-1,-1,4
5877833,19,36,-1,-1,4
5874190,14,0,-1,-1,6
5880366,52,3,-1,-1,5
5873464,36,50,-1,-1,0
5883471,29,58,-1,-1,2
5881371,18,54,-1,-1,1
5884588,25,53,-1,-1,1
5884593,57,19,-1,-1,6
5884138,43,42,-1,-1,0
5885881,43,4,-1,-1,1
5883535,20,13,-1,-1,1
5885645,28,38,-1,-1,6
5886024,33,16,-1,-1,7
5884889,26,20,-1,-1,0
5886310,41,18,-1,-1,6
5883354,34,26,-1,-1,1
5881098,12,5,-1,-1,1
5883632,23,1,-1,-1,2
5883036,55,40,-1,-1,5
5881238,52,15,-1,-1,1
5882569,10,47,-1,-1,5
5881602,27,12,-1,-1,7
5884173,17,20,-1,-1,7
5885482,6,22,-1,-1,2
5883558,27,47,-1,-1,7
5881015,14,52,-1,-1,4
5881564,61,40,-1,-1,6
5883363,40,53,-1,-1,7
5866475,59,46,-1,-1,0
5883404,49,34,-1,-1,2
5884347,49,2,-1,-1,5
5886093,49,15,-1,-1,4
5883816,6,46,-1,-1,2
5877694,30,52,-1,-1,3
5872599,60,5,-1,-1,5
5885677,39,32,-1,-1,7
5880500,13,56,-1,-1,6
5883208,32,20,-1,-1,6
5880799,5,15,-1,-1,6
5885878,45,5,-1,-1,3
5881846,39,45,-1,-1,0
5886408,8,37,-1,-1,5
5883369,23,35,-1,-1,4
5872818,21,28,-1,-1,7
5884718,36,35,-1,-1,6
5885504,24,3,-1,-1,1
5885964,33,54,-1,-1,7
5885152,35,33,-1,-1,1
5884489,36,44,-1,-1,0
5880875,3,49,-1,-1,5
5876606,0,14,-1,-1,2
5879186,39,44,-1,-1,7
5886472,7,31,-1,-1,3
5883695,41,19,-1,-1,2
5884879,54,55,-1,-1,0
5886437,53,28,-1,-1,0
5873203,21,34,-1,-1,4
5882578,0,30,-1,-1,2
5885044,25,38,-1,-1,2
5879878,49,55,-1,-1,4
5885162,40,48,-1,-1,0
5886211,12,57,-1,-1,0
5877915,45,59,-1,-1,2
5877465,3,46,-1,-1,1
5883810,60,50,-1,-1,3
5884368,39,47,-1,-1,6
5884787,39,15,-1,-1,7
5883165,3,0,-1,-1,5
5881045,11,57,-1,-1,0
5879356,29,44,-1,-1,3
5879777,23,12,-1,-1,3
5881849,20,11,-1,-1,0
5886381,4,28,-1,-1,1
5886040,56,10,-1,-1,7
5885143,34,34,-1,-1,4
5885435,48,42,-1,-1,6
5886600,21,20,-1,-1,4
5886522,53,45,-1,-1,1
5886046,10,7,-1,-1,3
5878021,43,57,-1,-1,3
5885416,34,35,-1,-1,5
5881050,39,26,-1,-1,2
5885746,0,36,-1,-1,3
5885402,60,24,-1,-1,6
5876812,0,20,-1,-1,4
5880769,30,41,-1,-1,7
5884919,13,4,-1,-1,0
5880054,56,37,-1,-1,6
5883794,23,26,-1,-1,5
5881877,23,33,-1,-1,5
5882930,19,6,-1,-1,1
5885119,37,55,-1,-1,6
5882343,58,54,-1,-1,0
5881844,55,11,-1,-1,6
5883485,48,47,-1,-1,4
5882827,46,24,-1,-1,5
5882897,3,31,-1,-1,0
5879881,54,4,-1,-1,0
5880351,20,12,-1,-1,1
5879075,12,42,-1,-1,4
5883302,38,31,-1,-1,6
5883537,60,13,-1,-1,5
5879924,18,10,-1,-1,4
5883844,35,60,-1,-1,3
5885329,1,24,-1,-1,2
5886201,20,54,-1,-1,7
5878516,0,41,-1,-1,4
5886609,30,26,-1,-1,5
5882624,5,50,-1,-1,2
5885759,42,55,-1,-1,4
5885147,27,0,-1,-1,5
5885571,2,56,-1,-1,3
5885281,7,18,-1,-1,7
5885826,4,13,-1,-1,3
5884000,42,12,-1,-1,7
5883508,28,30,-1,-1,4
5886425,5,27,-1,-1,0
5886203,5,13,-1,-1,2
5879390,35,42,-1,-1,6
5880978,17,17,-1,-1,4
5885138,40,38,-1,-1,5
5883927,18,1,-1,-1,5
5884520,13,13,-1,-1,0
5883784,56,25,-1,-1,5
5880111,36,36,-1,-1,1
5882830,58,8,-1,-1,7
5882831,9,10,-1,-1,2
5885718,31,44,-1,-1,4
5885575,29,54,-1,-1,5
5880261,14,46,-1,-1,5
5884594,29,34,-1,-1,3
5882646,44,26,-1,-1,2
5886064,43,51,-1,-1,0
5881082,41,42,-1,-1,7
5885931,19,29,-1,-1,7
5884437,15,44,-1,-1,6
5877782,34,27,-1,-1,3
5885573,50,57,-1,-1,4
5886137,49,52,-1,-1,4
5884945,55,31,-1,-1,6
5886179,48,34,-1,-1,3
5882446,18,13,-1,-1,6
5880405,33,51,-1,-1,3
5879702,31,5,-1,-1,3
5886611,12,41,-1,-1,3
5885324,7,27,-1,-1,1
5885700,35,34,-1,-1,7
5872035,46,10,-1,-1,1
5885583,12,21,-1,-1,1
5883496,51,36,-1,-1,7
5885355,8,53,-1,-1,4
5884830,3,51,-1,-1,2
5879168,60,26,-1,-1,5
5886377,34,22,-1,-1,3
5867774,15,52,-1,-1,6
5885559,36,10,-1,-1,2
5884171,16,3,-1,-1,3
5881221,51,19,-1,-1,7
5885025,6,20,-1,-1,2
5876081,47,24,-1,-1,7
5881077,53,6,-1,-1,4
5884105,55,24,-1,-1,0
5884114,12,8,-1,-1,7
5886250,14,49,-1,-1,1
5886483,37,43,-1,-1,2
5886516,38,29,-1,-1,2
5874582,18,50,-1,-1,6
5877720,25,4,-1,-1,5
5885888,60,47,-1,-1,0
5885648,3,59,-1,-1,0
5883900,19,16,-1,-1,3
5876779,16,25,-1,-1,3
5885853,19,33,-1,-1,5
5884676,40,56,-1,-1,3
5877566,1,4,-1,-1,3
5884410,1,36,-1,-1,1
5885847,46,48,-1,-1,2
5877926,38,5,-1,-1,3
5885875,25,26,-1,-1,5
5881860,7,9,-1,-1,0
5885558,54,22,-1,-1,7
5884789,24,38,-1,-1,3
5880206,7,53,-1,-1,7
5884298,54,45,-1,-1,0
5881719,43,25,-1,-1,6
5885676,51,21,-1,-1,6
5879991,12,28,-1,-1,3
5886354,38,34,-1,-1,1
5881286,51,49,-1,-1,4
5882995,34,6,-1,-1,3
5886436,4,16,-1,-1,0
5886248,60,1,-1,-1,5
5884456,41,46,-1,-1,0
5873401,33,8,-1,-1,7
5883616,26,42,-1,-1,4
5884222,49,7,-1,-1,5
5886533,39,57,-1,-1,5
5872691,53,9,-1,-1,4
5884841,34,40,-1,-1,6
5882345,22,26,-1,-1,2
5884913,9,18,-1,-1,5
5884088,32,42,-1,-1,6
5886518,27,1,-1,-1,5
5877113,1,26,-1,-1,7
5885481,36,26,-1,-1,2
5886222,6,30,-1,-1,4
5884987,13,49,-1,-1,0
5886508,25,56,-1,-1,5
5884896,58,22,-1,-1,7
5885767,16,49,-1,-1,6
5882200,31,8,-1,-1,3
5886579,43,17,-1,-1,0
5886528,0,28,-1,-1,6
5886350,50,37,-1,-1,2
5883985,0,8,-1,-1,7
5885414,42,3,-1,-1,7
5884392,25,24,-1,-1,6
5885423,60,53,-1,-1,5
5879426,0,49,-1,-1,3
5886387,44,14,-1,-1,6
5882843,55,35,-1,-1,6
5884074,44,59,-1,-1,1
5880797,27,3,-1,-1,5
5884323,2,18,-1,-1,6
5886462,61,20,-1,-1,5
5885179,37,33,-1,-1,6
5882458,6,61,-1,-1,6
5886112,43,26,-1,-1,4
5886133,18,53,-1,-1,4
5885901,10,15,-1,-1,3
5885524,19,4,-1,-1,0
5883715,51,4,-1,-1,5
5883739,4,20,-1,-1,6
5885991,30,57,-1,-1,5
5884174,23,21,-1,-1,7
5882986,42,61,-1,-1,0
5884957,45,60,-1,-1,0
5882121,56,13,-1,-1,3
5884794,42,33,-1,-1,2
5883709,60,55,-1,-1,5
5884566,45,12,-1,-1,5
5884768,37,24,-1,-1,4
5881119,54,20,-1,-1,5
5883077,54,14,-1,-1,5
5883074,19,48,-1,-1,3
5885608,48,36,-1,-1,2
5881175,39,7,-1,-1,6
5886126,34,24,-1,-1,4
5885488,18,32,-1,-1,4
5883631,53,49,-1,-1,2
5884968,39,36,-1,-1,3
5883429,37,15,-1,-1,5
5886100,9,44,-1,-1,1
5883533,51,5,-1,-1,4
5879512,41,37,-1,-1,7
5885528,13,35,-1,-1,3
5880406,43,44,-1,-1,3
5884502,37,48,-1,-1,0
5884632,13,47,-1,-1,0
5884116,12,32,-1,-1,3
5884760,0,31,-1,-1,4
5884586,5,38,-1,-1,3
5884094,50,30,-1,-1,1
5882799,25,47,-1,-1,3
5885231,59,58,-1,-1,5
5886293,40,30,-1,-1,1
5880167,60,57,-1,-1,5
5879829,29,22,-1,-1,4
5885800,59,49,-1,-1,4
5886343,56,59,-1,-1,3
5882329,31,56,-1,-1,0
5881995,8,13,-1,-1,5
5881423,16,1,-1,-1,2
5885491,1,61,-1,-1,1
5885363,44,46,-1,-1,6
5882659,29,52,-1,-1,3
5884630,27,57,-1,-1,3
5883187,43,56,-1,-1,1
5884567,61,34,-1,-1,3
5883308,28,27,-1,-1,0
5873832,45,19,-1,-1,5
5880237,2,11,-1,-1,6
5885134,53,41,-1,-1,4
5885003,2,58,-1,-1,4
5877497,38,8,-1,-1,2
5869639,4,32,-1,-1,5
5885819,58,40,-1,-1,4
5884807,49,0,-1,-1,4
5885465,9,26,-1,-1,2
5881125,37,4,-1,-1,4
5883038,8,15,-1,-1,6
5883752,58,58,-1,-1,5
5885799,5,10,-1,-1,1
5885456,18,51,-1,-1,1
5885904,4,48,-1,-1,5
5885178,13,28,-1,-1,7
5883329,46,30,-1,-1,3
5885804,30,8,-1,-1,5
5884970,44,39,-1,-1,3
5883261,8,34,-1,-1,7
5886438,60,4,-1,-1,4
5884899,38,0,-1,-1,5
5885560,28,17,-1,-1,0
5886578,28,47,-1,-1,3
5885871,49,17,-1,-1,7
5869024,28,61,-1,-1,2
5881347,21,8,-1,-1,6
5885350,34,16,-1,-1,1
5884910,3,44,-1,-1,6
5882529,56,34,-1,-1,1
5880621,25,2,-1,-1,0
5880677,8,24,-1,-1,4
5886132,12,34,-1,-1,1
5883819,5,23,-1,-1,1
5884870,47,37,-1,-1,5
5884526,22,32,-1,-1,3
5884394,13,44,-1,-1,2
5883714,34,51,-1,-1,7
5878098,53,0,-1,-1,4
5885377,17,51,-1,-1,0
5867556,28,26,-1,-1,4
5882455,57,35,-1,-1,2
5885883,3,32,-1,-1,1
5882973,37,0,-1,-1,1
5881977,26,37,-1,-1,1
5878283,42,34,-1,-1,3
5881931,45,58,-1,-1,7
5885866,51,32,-1,-1,2
5878436,16,9,-1,-1,7
5885829,26,36,-1,-1,6
5885685,19,47,-1,-1,4
5886169,37,49,-1,-1,3
5884796,28,57,-1,-1,0
5886361,29,61,-1,-1,2
5883863,15,31,-1,-1,2
5885797,16,45,-1,-1,3
5885627,34,10,-1,-1,0
5882852,12,27,-1,-1,3
5882751,4,27,-1,-1,1
5883194,25,34,-1,-1,7
5885913,17,36,-1,-1,4
5881986,51,25,-1,-1,6
5884403,38,43,-1,-1,5
5886429,33,41,-1,-1,5
5885577,56,19,-1,-1,1
5883725,38,36,-1,-1,6
5885422,24,9,-1,-1,1
5874136,16,28,-1,-1,2
5882464,25,6,-1,-1,5
5882808,21,61,-1,-1,7
5877837,19,38,-1,-1,2
5886545,52,61,-1,-1,3
5881331,6,26,-1,-1,7
5883518,25,46,-1,-1,0
5885214,56,46,-1,-1,6
5882522,57,42,-1,-1,6
5880663,47,31,-1,-1,3
5885907,26,55,-1,-1,6
5885916,44,49,-1,-1,1
5882173,4,22,-1,-1,5
5876241,13,12,-1,-1,4
5883500,15,18,-1,-1,0
5885549,36,14,-1,-1,6
5883063,25,1,-1,-1,4
5882729,50,53,-1,-1,4
5885661,44,2,-1,-1,3
5881372,23,56,-1,-1,1
5885624,59,56,-1,-1,6
5879428,15,23,-1,-1,0
5886283,41,9,-1,-1,4
5886282,50,1,-1,-1,5
5881169,39,52,-1,-1,6
5885381,21,23,-1,-1,6
5886177,14,59,-1,-1,0
5883965,16,10,-1,-1,7
5884112,3,33,-1,-1,2
5885247,47,39,-1,-1,0
5886413,8,8,-1,-1,6
5885004,2,36,-1,-1,4
5885845,34,44,-1,-1,2
5880972,56,36,-1,-1,1
5885697,7,57,-1,-1,2
5882360,51,18,-1,-1,6
5882462,40,23,-1,-1,1
5886386,52,7,-1,-1,7
5884699,39,4,-1,-1,4
5874388,50,42,-1,-1,7
5885114,0,55,-1,-1,1
5881236,20,1,-1,-1,1
5886332,54,44,-1,-1,6
5884460,22,17,-1,-1,0
5884595,37,40,-1,-1,3
5883174,58,38,-1,-1,7
5885040,41,28,-1,-1,2
5882510,50,13,-1,-1,6
5886411,48,0,-1,-1,5
5882283,58,33,-1,-1,3
5883941,54,59,-1,-1,6
5885145,42,29,-1,-1,0
5884553,7,26,-1,-1,7
5883576,16,52,-1,-1,7
5883461,5,14,-1,-1,2
5882845,35,15,-1,-1,7
5886368,38,11,-1,-1,4
5883407,9,20,-1,-1,6
5886102,35,20,-1,-1,4
5886457,50,29,-1,-1,0
5882477,10,42,-1,-1,2
5881696,37,11,-1,-1,7
5884297,21,57,-1,-1,1
5878242,50,11,-1,-1,4
5883706,15,57,-1,-1,5
5885696,24,29,-1,-1,7
5881980,26,10,-1,-1,0
5884724,21,7,-1,-1,7
5884117,54,33,-1,-1,6
5884928,36,5,-1,-1,7
5885173,48,24,-1,-1,7
5885850,47,7,-1,-1,0
5882327,12,39,-1,-1,0
5884213,26,51,-1,-1,2
5885954,15,3,-1,-1,5
5885793,29,11,-1,-1,5
5886122,26,24,-1,-1,3
5880491,49,60,-1,-1,7
5868463,47,0,-1,-1,1
5881620,14,54,-1,-1,2
5881492,10,4,-1,-1,5
5883654,43,27,-1,-1,4
5871917,25,11,-1,-1,0
5884243,38,28,-1,-1,3
5877269,7,6,-1,-1,4
5878779,34,17,-1,-1,4
5882497,1,21,-1,-1,3
5882038,31,52,-1,-1,4
5885027,46,54,-1,-1,0
5875582,22,40,-1,-1,7
5880118,29,60,-1,-1,3
5882747,47,44,-1,-1,2
5883397,1,29,-1,-1,1
5884698,59,36,-1,-1,7
5881420,33,30,-1,-1,1
5886210,59,32,-1,-1,2
5878570,15,8,-1,-1,7
5881693,27,53,-1,-1,4
5879335,25,20,-1,-1,0
5885101,57,47,-1,-1,2
5884390,22,14,-1,-1,3
5883741,3,24,-1,-1,7
5886273,37,37,-1,-1,0
5878741,2,23,-1,-1,6
5879740,12,3,-1,-1,0
5880841,21,43,-1,-1,3
5879493,23,51,-1,-1,4
5877437,60,59,-1,-1,6
5884038,20,60,-1,-1,4
5884615,35,1,-1,-1,1
5880183,55,37,-1,-1,6
5872605,58,56,-1,-1,3
5886294,7,28,-1,-1,1
5885811,15,7,-1,-1,6
5882292,54,1,-1,-1,7
5884311,34,19,-1,-1,2
5875632,13,14,-1,-1,1
5881020,2,13,-1,-1,2
5883002,3,60,-1,-1,7
5886626,42,16,-1,-1,6
5885869,27,35,-1,-1,2
5880753,33,19,-1,-1,7
5882086,0,56,-1,-1,6
5884193,40,18,-1,-1,0
5876062,36,0,-1,-1,2
5878388,7,40,-1,-1,6
5875869,57,43,-1,-1,7
5882401,5,1,-1,-1,7
5883845,48,53,-1,-1,3
5881506,53,23,-1,-1,2
5886078,56,26,-1,-1,4
5883162,60,18,-1,-1,2
5883457,40,25,-1,-1,5
5883704,30,25,-1,-1,4
5882832,54,21,-1,-1,1
5884069,30,50,-1,-1,4
5885937,57,55,-1,-1,4
5882499,2,42,-1,-1,1
5884679,47,52,-1,-1,1
5884767,50,54,-1,-1,7
5882451,30,35,-1,-1,6
5881638,40,27,-1,-1,2
5885684,49,29,-1,-1,0
5883825,13,19,-1,-1,6
5881835,39,28,-1,-1,5
5873799,24,23,-1,-1,5
5882974,36,60,-1,-1,7
5885068,7,56,-1,-1,1
5884598,50,44,-1,-1,5
5883091,9,13,-1,-1,2
5881750,25,33,-1,-1,0
5877754,14,11,-1,-1,4
5879258,3,50,-1,-1,4
5886530,36,61,-1,-1,6
5885842,44,45,-1,-1,6
5884791,20,32,-1,-1,7
5886308,52,1,-1,-1,5
5877640,29,48,-1,-1,0
5880640,39,23,-1,-1,5
5885487,37,45,-1,-1,0
5878319,41,24,-1,-1,4
5881829,17,5,-1,-1,5
5876682,24,10,-1,-1,0
5883257,11,31,-1,-1,2
5884039,9,59,-1,-1,6
5874859,40,29,-1,-1,5
5886534,48,38,-1,-1,2
5883319,2,12,-1,-1,3
5884430,9,0,-1,-1,7
5881775,13,59,-1,-1,6
5880428,21,44,-1,-1,6
5884969,44,33,-1,-1,4
5886511,22,42,-1,-1,7
5886409,40,21,-1,-1,4
5877530,37,12,-1,-1,0
5882818,4,1,-1,-1,5
5885117,32,29,-1,-1,6
5886141,26,41,-1,-1,1
5876170,53,54,-1,-1,5
5883565,13,9,-1,-1,7
5886514,38,1,-1,-1,1
5881922,2,9,-1,-1,0
5885286,8,14,-1,-1,4
5885812,37,17,-1,-1,5
5884461,50,8,-1,-1,5
5882928,54,9,-1,-1,4
5884772,58,39,-1,-1,1
5881475,58,21,-1,-1,0
5876397,29,29,-1,-1,2
5883001,7,19,-1,-1,0
5886103,28,3,-1,-1,1
5885621,49,51,-1,-1,1
5877906,43,36,-1,-1,1
5884654,38,55,-1,-1,3
5884434,59,59,-1,-1,4
5884031,0,12,-1,-1,4
5877499,4,33,-1,-1,6
5882728,24,58,-1,-1,3
5879795,1,43,-1,-1,6
5883924,14,32,-1,-1,6
5881587,10,58,-1,-1,2
5879547,56,8,-1,-1,1
5885861,20,22,-1,-1,6
5883082,8,7,-1,-1,4
5886502,27,52,-1,-1,0
5885233,4,40,-1,-1,3
5885960,5,57,-1,-1,4
5882954,42,17,-1,-1,3
5885744,61,17,-1,-1,0
5880883,35,27,-1,-1,3
5883881,32,1,-1,-1,3
5884523,44,24,-1,-1,7
5886571,44,20,-1,-1,6
5882503,27,19,-1,-1,2
5884583,12,45,-1,-1,0
5880218,42,46,-1,-1,6
5883423,10,1,-1,-1,1
5880894,28,34,-1,-1,5
5884280,23,14,-1,-1,2
5880696,28,18,-1,-1,0
5884745,57,51,-1,-1,2
5885094,56,35,-1,-1,6
5883469,19,59,-1,-1,7
5886062,26,60,-1,-1,5
5875636,3,30,-1,-1,6
5886151,55,46,-1,-1,3
5880298,40,8,-1,-1,3
5877856,8,23,-1,-1,2
5884014,53,7,-1,-1,6
5884450,39,34,-1,-1,0
5884552,47,57,-1,-1,4
5884172,41,52,-1,-1,4
5884950,35,45,-1,-1,5
5885840,22,30,-1,-1,7
5866744,33,5,-1,-1,6
5885069,10,53,-1,-1,5
5883139,17,10,-1,-1,7
5880371,22,13,-1,-1,0
5882434,59,60,-1,-1,6
5882005,7,7,-1,-1,1
5885320,29,17,-1,-1,5
5877277,48,40,-1,-1,4
5884367,57,0,-1,-1,2
5880729,40,55,-1,-1,3
5884591,21,50,-1,-1,6
5885625,6,44,-1,-1,0
5880474,44,1,-1,-1,0
5884964,5,51,-1,-1,2
5884965,30,40,-1,-1,3
5884228,45,10,-1,-1,4
5883532,60,23,-1,-1,2
5883701,37,6,-1,-1,7
5881379,53,58,-1,-1,4
5885289,33,33,-1,-1,4
5872721,14,6,-1,-1,6
5881704,47,16,-1,-1,4
5883934,56,18,-1,-1,5
5879345,39,21,-1,-1,1
5881302,45,51,-1,-1,5
5885691,22,29,-1,-1,1
5886635,60,61,-1,-1,7
5876625,47,5,-1,-1,5
5885305,51,44,-1,-1,2
5882550,6,54,-1,-1,7
5869968,20,2,-1,-1,0
5884413,28,6,-1,-1,5
5885477,57,5,-1,-1,4
5882675,43,19,-1,-1,4
5881885,32,6,-1,-1,3
5886486,28,13,-1,-1,2
5867550,28,55,-1,-1,0
5885407,11,27,-1,-1,1
5884124,29,13,-1,-1,3
5883083,8,17,-1,-1,7
5884058,28,50,-1,-1,1
5884389,54,24,-1,-1,5
5885394,19,40,-1,-1,2
5884716,16,6,-1,-1,6
5885050,18,29,-1,-1,5
5883124,2,30,-1,-1,7
5885806,0,3,-1,-1,4
5883336,52,28,-1,-1,7
5881298,52,36,-1,-1,5
5884639,21,3,-1,-1,0
5886519,35,39,-1,-1,4
5872633,9,31,-1,-1,5
5885450,30,53,-1,-1,0
5880363,8,18,-1,-1,1
5885660,22,24,-1,-1,1
5886584,15,12,-1,-1,5
5886433,60,49,-1,-1,3
5886277,18,12,-1,-1,7
5880855,55,48,-1,-1,3
5878073,13,24,-1,-1,7
5885412,25,3,-1,-1,4
5886186,17,3,-1,-1,3
5885455,60,39,-1,-1,6
5883542,22,35,-1,-1,3
5882043,48,3,-1,-1,0
5882936,49,20,-1,-1,5
5882362,0,59,-1,-1,7
5882716,12,20,-1,-1,5
5884775,0,60,-1,-1,0
5886577,37,20,-1,-1,5
5882526,11,14,-1,-1,0
5884307,47,30,-1,-1,2
5883351,12,15,-1,-1,4
5881185,28,32,-1,-1,5
5885809,42,53,-1,-1,4
5880656,2,59,-1,-1,7
5882833,24,47,-1,-1,1
5883970,32,24,-1,-1,3
5882942,50,27,-1,-1,6
5886622,39,55,-1,-1,5
5876147,45,42,-1,-1,2
5885304,27,45,-1,-1,6
5884070,19,53,-1,-1,6
5883971,13,17,-1,-1,6
5878683,37,27,-1,-1,4
5884892,22,6,-1,-1,1
5885509,53,34,-1,-1,2
5880083,6,50,-1,-1,4
5884878,22,38,-1,-1,1
5878835,52,26,-1,-1,4
5883185,41,21,-1,-1,6
5886610,41,38,-1,-1,4
5883170,53,29,-1,-1,5
5881097,31,42,-1,-1,1
5868680,53,25,-1,-1,5
5881421,23,47,-1,-1,0
5883384,15,49,-1,-1,2
5883450,29,53,-1,-1,4
5881686,4,25,-1,-1,7
5885993,6,33,-1,-1,4
5886268,56,7,-1,-1,0
5879440,15,39,-1,-1,3
5884281,61,5,-1,-1,6
5881854,5,25,-1,-1,7
5884542,55,57,-1,-1,3
5882340,1,25,-1,-1,2
5886188,24,34,-1,-1,2
5885713,1,49,-1,-1,4
5885588,9,51,-1,-1,1
5882842,48,9,-1,-1,7
5885538,28,10,-1,-1,4
5883719,52,38,-1,-1,6
5885781,36,40,-1,-1,7
5885722,8,1,-1,-1,5
5883243,13,55,-1,-1,5
5874760,55,14,-1,-1,7
5886342,11,33,-1,-1,7
5882385,33,26,-1,-1,6
5879425,16,29,-1,-1,6
5884326,55,16,-1,-1,2
5884905,55,7,-1,-1,2
5884876,48,26,-1,-1,0
5884498,58,53,-1,-1,4
5882252,41,43,-1,-1,3
5879963,42,39,-1,-1,3
5886482,18,55,-1,-1,5
5886513,23,53,-1,-1,7
5885520,37,39,-1,-1,4
5883726,30,21,-1,-1,2
5886146,23,46,-1,-1,4
5884305,15,27,-1,-1,2
5881358,17,4,-1,-1,5
5884152,16,8,-1,-1,1
5886552,24,39,-1,-1,3
5882263,20,37,-1,-1,4
5886566,59,42,-1,-1,5
5885460,11,15,-1,-1,7
5881508,54,2,-1,-1,3
5884097,27,6,-1,-1,6
5884500,0,34,-1,-1,2
5881657,39,31,-1,-1,2
5883540,44,27,-1,-1,5
5885339,41,50,-1,-1,4
5886439,61,7,-1,-1,0
5882709,33,9,-1,-1,7
5879225,19,12,-1,-1,1
5884707,8,50,-1,-1,0
5872958,50,4,-1,-1,5
5883286,26,57,-1,-1,7
5885103,28,39,-1,-1,6
5886389,14,20,-1,-1,7
5885055,33,12,-1,-1,5
5882518,32,45,-1,-1,1
5884785,34,30,-1,-1,1
5881807,3,52,-1,-1,4
5878577,20,40,-1,-1,5
5874353,15,51,-1,-1,5
5881443,0,16,-1,-1,0
5885073,60,11,-1,-1,6
5886128,17,12,-1,-1,1
5881672,32,28,-1,-1,7
5884927,21,40,-1,-1,1
5886356,21,4,-1,-1,0
5885933,11,55,-1,-1,1
5885067,42,38,-1,-1,7
5884755,10,45,-1,-1,4
5886322,46,25,-1,-1,2
5885473,18,61,-1,-1,4
5878854,31,32,-1,-1,7
5882536,48,43,-1,-1,0
5882992,3,21,-1,-1,4
5883116,9,15,-1,-1,3
5886497,6,25,-1,-1,6
5884887,30,55,-1,-1,2
5886017,25,35,-1,-1,5
5879541,4,6,-1,-1,1
5884546,61,23,-1,-1,3
5881096,25,61,-1,-1,1
5885903,40,10,-1,-1,2
5884730,45,16,-1,-1,3
5883850,18,41,-1,-1,2
5881350,7,2,-1,-1,3
5879160,54,18,-1,-1,6
5885934,5,32,-1,-1,0
5884055,56,3,-1,-1,7
5876673,4,3,-1,-1,0
5881100,3,13,-1,-1,4
5884564,14,3,-1,-1,1
5884801,25,13,-1,-1,7
5884078,56,6,-1,-1,6
5879830,39,46,-1,-1,1
5886630,30,43,-1,-1,1
5886364,5,33,-1,-1,4
5867068,16,12,-1,-1,2
5886468,51,17,-1,-1,4
5879822,31,36,-1,-1,5
5886258,27,44,-1,-1,6
5884470,27,17,-1,-1,5
5885291,23,3,-1,-1,5
5884918,30,37,-1,-1,7
5885097,20,47,-1,-1,7
5880239,24,0,-1,-1,0
5881744,43,28,-1,-1,1
5882515,21,17,-1,-1,5
5876853,19,19,-1,-1,1
5885517,14,27,-1,-1,6
5885852,50,55,-1,-1,2
5883899,13,38,-1,-1,4
5884205,2,40,-1,-1,1
5885985,2,4,-1,-1,6
5883821,32,50,-1,-1,5
5882881,24,50,-1,-1,4
5886051,7,20,-1,-1,3
5881628,30,45,-1,-1,1
5882151,17,24,-1,-1,2
5884550,29,43,-1,-1,7
5883306,17,45,-1,-1,2
5885191,5,2,-1,-1,2
5884350,28,14,-1,-1,5
5875994,28,12,-1,-1,6
5885390,49,33,-1,-1,3
5882824,35,4,-1,-1,1
5880989,43,45,-1,-1,1
5873209,1,51,-1,-1,2
5883084,53,31,-1,-1,0
5886351,14,48,-1,-1,0
5883984,35,17,-1,-1,4
5884668,60,25,-1,-1,5
5878129,14,42,-1,-1,1
5881308,30,54,-1,-1,6
5885486,60,34,-1,-1,1
5885096,42,1,-1,-1,3
5881913,49,45,-1,-1,5
5881985,28,42,-1,-1,1
5862678,42,57,-1,-1,1
5884411,28,24,-1,-1,0
5880822,6,4,-1,-1,1
5882377,56,20,-1,-1,0
5886295,48,37,-1,-1,3
5879458,4,10,-1,-1,3
5878441,14,29,-1,-1,7
5885132,4,29,-1,-1,5
5879341,49,46,-1,-1,2
5874377,11,7,-1,-1,0
5883123,31,1,-1,-1,6
5880529,1,37,-1,-1,6
5879486,21,52,-1,-1,1
5879236,49,25,-1,-1,5
5885673,19,44,-1,-1,7
5875845,47,59,-1,-1,4
5886615,26,25,-1,-1,7
5885240,20,5,-1,-1,0
5884048,21,54,-1,-1,4
5886039,56,4,-1,-1,6
5884625,39,19,-1,-1,6
5882806,34,59,-1,-1,7
5885578,4,39,-1,-1,2
5886596,10,43,-1,-1,0
5883417,26,33,-1,-1,3
5882987,2,60,-1,-1,5
5882643,39,33,-1,-1,7
5882112,46,0,-1,-1,4
5884638,21,15,-1,-1,4
5885895,31,17,-1,-1,0
5884891,30,58,-1,-1,5
5881754,13,57,-1,-1,4
5877809,0,61,-1,-1,6
5882929,51,12,-1,-1,7
5880589,58,6,-1,-1,3
5883013,1,9,-1,-1,5
5885820,53,4,-1,-1,3
5885175,41,60,-1,-1,2
5882677,4,17,-1,-1,6
5886158,13,23,-1,-1,6
5886474,30,1,-1,-1,3
5880264,41,25,-1,-1,0
5883771,28,25,-1,-1,6
5885130,28,59,-1,-1,2
5882883,37,7,-1,-1,6
5883786,34,8,-1,-1,0
5882861,27,4,-1,-1,0
5883464,50,45,-1,-1,5
5883916,1,50,-1,-1,6
5884713,22,50,-1,-1,4
5879618,49,38,-1,-1,3
5881321,61,42,-1,-1,3
5883837,56,41,-1,-1,0
5884941,11,60,-1,-1,7
5883945,18,11,-1,-1,4
5884478,57,41,-1,-1,4
5885459,61,61,-1,-1,7
5885997,29,9,-1,-1,4
5885920,27,27,-1,-1,0
5880159,42,28,-1,-1,4
5880720,36,56,-1,-1,3
5885859,43,3,-1,-1,3
5885408,42,14,-1,-1,4
5885789,36,15,-1,-1,1
5884975,24,16,-1,-1,4
5885206,23,49,-1,-1,2
5886241,59,5,-1,-1,3
5884339,28,49,-1,-1,3
5882777,6,23,-1,-1,3
5885451,4,34,-1,-1,6
5877750,48,49,-1,-1,0
5885483,43,13,-1,-1,6
5884426,13,2,-1,-1,2
5884890,3,42,-1,-1,0
5884379,0,1,-1,-1,1
5884799,58,19,-1,-1,5
5880867,16,47,-1,-1,1
5882697,23,31,-1,-1,5
5883619,49,27,-1,-1,4
5885682,42,5,-1,-1,1
5883080,16,35,-1,-1,5
5886563,54,23,-1,-1,4
5885827,28,29,-1,-1,4
5880094,42,37,-1,-1,1
5878982,23,34,-1,-1,4
5884603,22,52,-1,-1,1
5883530,19,45,-1,-1,6
5886190,25,25,-1,-1,2
5885468,6,57,-1,-1,6
5884118,10,30,-1,-1,5
5880760,28,48,-1,-1,4
5882535,51,34,-1,-1,1
5879509,51,3,-1,-1,6
5885495,3,12,-1,-1,4
5886255,17,22,-1,-1,2
5881741,47,46,-1,-1,4
5885314,30,16,-1,-1,6
5883158,29,30,-1,-1,3
5883999,28,52,-1,-1,5
5885219,47,54,-1,-1,2
5886383,59,14,-1,-1,3
5885918,37,5,-1,-1,4
5884641,3,45,-1,-1,4
5886227,21,59,-1,-1,4
5886620,48,15,-1,-1,4
5886311,8,59,-1,-1,2
5883998,56,61,-1,-1,1
5885516,47,23,-1,-1,1
5886069,0,44,-1,-1,2
5883186,13,20,-1,-1,5
5881560,33,35,-1,-1,3
5885551,54,19,-1,-1,5
5878820,7,36,-1,-1,4
5882619,18,4,-1,-1,4
5883144,2,47,-1,-1,3
5882322,9,5,-1,-1,0
5883033,42,15,-1,-1,7
5879544,8,9,-1,-1,5
5884689,42,36,-1,-1,4
5877415,34,15,-1,-1,6
5885542,46,56,-1,-1,0
5884706,21,38,-1,-1,7
5886567,44,18,-1,-1,2
5883865,38,58,-1,-1,5
5880906,14,17,-1,-1,4
5884352,7,38,-1,-1,0
5885410,43,5,-1,-1,3
5884260,22,19,-1,-1,7
5886467,60,52,-1,-1,1
5884903,58,7,-1,-1,3
5882778,4,30,-1,-1,6
5885564,54,40,-1,-1,4
5884384,42,45,-1,-1,0
5881327,61,51,-1,-1,1
5885658,0,58,-1,-1,1
5881908,16,19,-1,-1,6
5881270,60,32,-1,-1,3
5883151,51,45,-1,-1,1
5886527,42,9,-1,-1,3
5884761,53,3,-1,-1,5
5883913,34,32,-1,-1,1
5886636,12,36,-1,-1,0
5884512,26,32,-1,-1,5
5886503,4,11,-1,-1,4
5885529,47,55,-1,-1,1
5883591,61,8,-1,-1,2
5885428,33,42,-1,-1,2
5885956,44,41,-1,-1,7
5869044,2,17,-1,-1,7
5884959,3,15,-1,-1,6
5879391,12,22,-1,-1,6
5874403,45,53,-1,-1,1
5882041,5,8,-1,-1,5
5884217,5,26,-1,-1,0
5885081,22,60,-1,-1,3
5886407,38,18,-1,-1,0
5877794,13,42,-1,-1,0
5882487,49,11,-1,-1,4
5886143,18,42,-1,-1,0
5879372,57,16,-1,-1,5
5881264,10,50,-1,-1,0
5879602,45,25,-1,-1,2
5878329,38,25,-1,-1,4
5883599,17,42,-1,-1,2
5880466,12,61,-1,-1,5
5885569,52,31,-1,-1,6
5881605,45,23,-1,-1,2
5885663,23,0,-1,-1,4
5878868,19,9,-1,-1,6
5873973,56,42,-1,-1,2
5886521,0,40,-1,-1,1
5883772,44,52,-1,-1,5
5886180,48,18,-1,-1,5
5884931,36,1,-1,-1,3
5885411,51,22,-1,-1,2
5885239,56,32,-1,-1,6
5876433,47,3,-1,-1,0
5884759,27,21,-1,-1,5
5878586,5,31,-1,-1,2
5878996,13,34,-1,-1,1
5885445,38,38,-1,-1,6
5881780,49,32,-1,-1,4
5884958,36,38,-1,-1,4
5875402,36,3,-1,-1,7
5869162,61,25,-1,-1,3
5881722,26,40,-1,-1,0
5885770,31,39,-1,-1,7
5884924,45,4,-1,-1,5
5881400,53,5,-1,-1,2
5886346,50,60,-1,-1,0
5884373,47,9,-1,-1,1
5885914,52,9,-1,-1,6
5884376,17,25,-1,-1,0
5885599,49,5,-1,-1,0
5875693,32,35,-1,-1,2
5885831,50,33,-1,-1,5
5882906,17,30,-1,-1,4
5884861,31,18,-1,-1,2
5886263,9,40,-1,-1,5
5881813,4,57,-1,-1,3
5875172,48,2,-1,-1,5
5886507,22,43,-1,-1,7
5884722,59,28,-1,-1,1
5886587,29,31,-1,-1,1
5874400,38,54,-1,-1,6
5881055,45,56,-1,-1,0
5882674,37,13,-1,-1,7
5885356,18,31,-1,-1,6
5884621,16,32,-1,-1,1
5881383,33,50,-1,-1,7
5883606,10,0,-1,-1,1
5879522,27,36,-1,-1,3
5885296,31,58,-1,-1,4
5882306,48,28,-1,-1,6
5886328,40,12,-1,-1,0
5886125,37,16,-1,-1,4
5882876,24,30,-1,-1,5
5884895,5,22,-1,-1,6
5885948,57,18,-1,-1,6
5871357,52,44,-1,-1,6
5886076,21,39,-1,-1,7
5879188,57,4,-1,-1,6
5884474,34,41,-1,-1,3
5885106,26,27,-1,-1,6
5886623,4,12,-1,-1,2
5880963,6,31,-1,-1,3
5883882,56,47,-1,-1,0
5883206,35,6,-1,-1,0
5877224,16,14,-1,-1,0
5884926,24,48,-1,-1,5
5885771,32,22,-1,-1,6
5884840,44,44,-1,-1,4
5885822,27,8,-1,-1,1
5884527,47,45,-1,-1,6
5884293,40,60,-1,-1,1
5876757,15,17,-1,-1,0
5883353,44,13,-1,-1,3
5884054,26,11,-1,-1,3
5883112,27,5,-1,-1,7
5884752,49,61,-1,-1,1
5883445,54,0,-1,-1,0
5880748,47,36,-1,-1,4
5884418,58,28,-1,-1,4
5885983,59,26,-1,-1,5
5885153,55,44,-1,-1,2
5864489,12,29,-1,-1,3
5881505,43,15,-1,-1,7
5879872,9,33,-1,-1,7
5885602,13,26,-1,-1,4
5879968,57,22,-1,-1,4
5881640,39,0,-1,-1,1
5885953,7,29,-1,-1,4
5882838,27,2,-1,-1,7
5885311,35,58,-1,-1,5
5884355,56,30,-1,-1,1
5885987,17,16,-1,-1,3
5884383,48,16,-1,-1,1
5882138,30,10,-1,-1,5
5884110,45,39,-1,-1,6
5880946,4,5,-1,-1,5
5884371,10,41,-1,-1,4
5884920,58,0,-1,-1,5
5885430,29,3,-1,-1,4
5884790,58,46,-1,-1,2
5877975,59,33,-1,-1,0
5884480,8,42,-1,-1,5
5886487,44,53,-1,-1,0
5885630,42,48,-1,-1,0
5881073,10,33,-1,-1,7
5883629,27,38,-1,-1,3
5866531,45,30,-1,-1,1
5884277,23,30,-1,-1,0
5885405,39,22,-1,-1,4
5885140,38,27,-1,-1,5
5884866,12,37,-1,-1,2
5885221,28,4,-1,-1,6
5883433,50,39,-1,-1,2
5885708,20,56,-1,-1,4
5884356,6,59,-1,-1,3
5879362,59,54,-1,-1,6
5873624,10,25,-1,-1,6
5885735,26,59,-1,-1,4
5882443,26,53,-1,-1,7
5885572,54,56,-1,-1,2
5884561,41,40,-1,-1,3
5884765,46,39,-1,-1,7
5884652,56,22,-1,-1,0
5882572,35,41,-1,-1,0
5885075,30,59,-1,-1,7
5884871,23,7,-1,-1,2
5882870,61,36,-1,-1,2
5885880,53,14,-1,-1,4
5878121,47,58,-1,-1,4
5886050,9,11,-1,-1,2
5886593,20,7,-1,-1,6
5882682,27,28,-1,-1,6
5883059,11,10,-1,-1,2
5884132,12,17,-1,-1,3
5886131,40,51,-1,-1,3
5885518,47,43,-1,-1,6
5883604,50,32,-1,-1,3
5883254,48,54,-1,-1,2
5880831,5,55,-1,-1,5
5882605,49,1,-1,-1,6
5875387,26,26,-1,-1,2
5886090,24,24,-1,-1,5
5881403,49,16,-1,-1,6
5877475,50,3,-1,-1,6
5885989,33,24,-1,-1,2
5866051,35,53,-1,-1,0
5884190,20,21,-1,-1,2
5886559,49,14,-1,-1,3
5884267,23,20,-1,-1,0
5884963,52,42,-1,-1,6
5884556,22,9,-1,-1,2
5878673,39,6,-1,-1,6
5884648,56,12,-1,-1,4
5872500,12,19,-1,-1,6
5882960,47,33,-1,-1,2
5884930,46,59,-1,-1,2
5884570,49,12,-1,-1,5
5884441,33,1,-1,-1,5
5884219,12,56,-1,-1,3
5886034,5,45,-1,-1,0
5885047,34,14,-1,-1,4
5886006,20,15,-1,-1,7
5875214,50,34,-1,-1,1
5885779,54,6,-1,-1,7
5885016,7,33,-1,-1,6
5886420,34,5,-1,-1,7
5881872,14,30,-1,-1,1
5885768,5,61,-1,-1,4
5884914,48,14,-1,-1,4
5884093,3,22,-1,-1,3
5884728,0,10,-1,-1,2
5884524,7,17,-1,-1,5
5881761,32,43,-1,-1,2
5883805,42,8,-1,-1,3
5882787,14,43,-1,-1,2
5877659,42,52,-1,-1,2
5880125,60,29,-1,-1,3
5883290,23,61,-1,-1,5
5886281,25,44,-1,-1,7
5882735,33,34,-1,-1,5
5886349,61,18,-1,-1,2
5881959,56,28,-1,-1,3
5886481,8,12,-1,-1,4
5884763,0,27,-1,-1,1
5884831,4,26,-1,-1,4
5877648,41,2,-1,-1,1
5876681,14,21,-1,-1,2
5884289,6,15,-1,-1,1
5883575,6,34,-1,-1,1
5885429,29,35,-1,-1,7
5885970,25,58,-1,-1,0
5885877,29,57,-1,-1,2
5886198,52,12,-1,-1,1
5885640,10,20,-1,-1,5
5886625,48,12,-1,-1,5
5884455,55,23,-1,-1,7
5885823,15,61,-1,-1,2
5883146,54,34,-1,-1,1
5886403,2,43,-1,-1,6
5881131,27,31,-1,-1,1
5877803,30,39,-1,-1,6
5885868,52,5,-1,-1,2
5884358,41,58,-1,-1,6
5886607,23,59,-1,-1,7
5885951,8,6,-1,-1,4
5882445,61,21,-1,-1,0
5886465,46,45,-1,-1,3
5877669,27,22,-1,-1,1
5885996,56,14,-1,-1,6
5880583,23,24,-1,-1,6
5885978,55,53,-1,-1,4
5885631,56,24,-1,-1,3
5884939,59,35,-1,-1,1
5884346,42,20,-1,-1,4
5886184,39,16,-1,-1,4
5876652,34,55,-1,-1,4
5883872,6,6,-1,-1,7
5876277,54,41,-1,-1,4
5884160,7,39,-1,-1,7
5880282,43,20,-1,-1,7
5883424,4,50,-1,-1,7
5878822,21,29,-1,-1,2
5879213,13,33,-1,-1,7
5884024,31,38,-1,-1,3
5884035,11,19,-1,-1,1
5883264,20,41,-1,-1,0
5877230,59,34,-1,-1,7
5882738,50,18,-1,-1,7
5884295,35,18,-1,-1,3
5883183,7,35,-1,-1,2
5884626,9,7,-1,-1,0
5886304,4,14,-1,-1,6
5884784,32,60,-1,-1,6
5885091,54,35,-1,-1,1
5885060,2,45,-1,-1,3
5884258,59,10,-1,-1,1
5879631,52,11,-1,-1,4
5873239,20,38,-1,-1,6
5885889,0,2,-1,-1,5
5885910,7,50,-1,-1,1
5882607,11,26,-1,-1,5
5884341,22,49,-1,-1,7
5883526,29,2,-1,-1,2
5882756,9,53,-1,-1,4
5883856,51,57,-1,-1,2
5885876,42,27,-1,-1,0
5885369,50,31,-1,-1,3
5885387,47,41,-1,-1,0
5880662,9,54,-1,-1,3
5882991,13,37,-1,-1,3
5885773,53,38,-1,-1,7
5885683,18,39,-1,-1,4
5880614,49,10,-1,-1,6
5880372,10,23,-1,-1,7
5884201,13,31,-1,-1,1
5885213,35,22,-1,-1,5
5884224,6,5,-1,-1,3
5886031,29,26,-1,-1,1
5886375,47,50,-1,-1,7
5883480,16,61,-1,-1,7
5881886,25,40,-1,-1,0
5883113,8,22,-1,-1,4
5885706,27,60,-1,-1,4
5885331,1,30,-1,-1,6
5880835,2,28,-1,-1,3
5880924,41,14,-1,-1,3
5884377,39,58,-1,-1,3
5886013,35,30,-1,-1,4
5875312,15,43,-1,-1,5
5884175,15,48,-1,-1,7
5882305,30,48,-1,-1,2
5883738,21,31,-1,-1,5
5885730,15,59,-1,-1,5
5880689,20,44,-1,-1,6
5883492,36,12,-1,-1,7
5885058,28,20,-1,-1,1
5886029,11,44,-1,-1,6
5883258,56,56,-1,-1,3
5873956,58,49,-1,-1,0
5885462,28,58,-1,-1,6
5884663,21,37,-1,-1,6
5882227,60,27,-1,-1,4
5883289,61,32,-1,-1,1
5883096,50,58,-1,-1,1
5882067,42,51,-1,-1,4
5875576,33,18,-1,-1,4
5886236,32,12,-1,-1,1
5885864,6,52,-1,-1,5
5880571,3,17,-1,-1,4
5874275,61,27,-1,-1,2
5869593,16,30,-1,-1,0
5881789,61,30,-1,-1,0
5877539,42,40,-1,-1,4
5886165,14,53,-1,-1,0
5884111,3,53,-1,-1,5
5878019,42,4,-1,-1,5
5885229,1,55,-1,-1,7
5879567,36,46,-1,-1,1
5883749,19,25,-1,-1,2
5884212,19,24,-1,-1,5
5876984,34,39,-1,-1,3
5884405,5,40,-1,-1,6
5884104,56,0,-1,-1,4
5883788,0,23,-1,-1,2
5883938,36,23,-1,-1,6
5886204,52,51,-1,-1,0
5872960,19,20,-1,-1,7
5885587,31,12,-1,-1,2
5886505,19,10,-1,-1,1
5876169,13,27,-1,-1,2
5881938,17,37,-1,-1,4
5880419,18,30,-1,-1,5
5883661,49,36,-1,-1,2
5879435,6,35,-1,-1,6
5880746,43,6,-1,-1,4
5884912,43,35,-1,-1,4
5882671,8,52,-1,-1,5
5880591,54,15,-1,-1,2
5886554,4,19,-1,-1,6
5884875,58,36,-1,-1,0
5886564,54,25,-1,-1,1
5886453,15,0,-1,-1,3
5873096,48,33,-1,-1,0
5886627,10,5,-1,-1,4
5881595,12,40,-1,-1,1
5879724,3,20,-1,-1,1
5882853,58,52,-1,-1,3
5884695,50,51,-1,-1,6
5884232,61,47,-1,-1,2
5883531,61,0,-1,-1,6
5883239,0,33,-1,-1,1
5886130,33,0,-1,-1,5
5884484,13,10,-1,-1,4
5886616,38,48,-1,-1,0
5880297,16,16,-1,-1,0
5886548,11,8,-1,-1,2
5877543,61,53,-1,-1,4
5874060,13,1,-1,-1,4
5883265,58,59,-1,-1,0
5879688,36,25,-1,-1,6
5882176,7,25,-1,-1,6
5886520,49,4,-1,-1,7
5883948,40,7,-1,-1,6
5876777,52,2,-1,-1,7
5880250,14,35,-1,-1,3
5884798,31,57,-1,-1,0
5884549,22,41,-1,-1,1
5883107,15,41,-1,-1,3
5884366,61,24,-1,-1,5
5883694,43,54,-1,-1,6
5881962,53,40,-1,-1,5
5875314,45,11,-1,-1,7
5877413,31,45,-1,-1,3
5880011,33,59,-1,-1,4
5881745,35,55,-1,-1,6
5882498,1,35,-1,-1,6
5877834,21,46,-1,-1,6
5884283,6,49,-1,-1,1
5882556,35,46,-1,-1,1
5885565,5,11,-1,-1,0
5883597,43,53,-1,-1,6
5885457,55,45,-1,-1,4
5872096,33,22,-1,-1,2
5884575,61,56,-1,-1,1
5884313,28,11,-1,-1,6
5883444,50,10,-1,-1,3
5886220,11,1,-1,-1,2
5886542,48,6,-1,-1,3
5882573,22,7,-1,-1,3
5882238,26,21,-1,-1,7
5877379,39,10,-1,-1,5
5880945,38,37,-1,-1,1
5885070,53,60,-1,-1,7
5883804,33,3,-1,-1,4
5883942,43,39,-1,-1,6
5882095,28,1,-1,-1,0
5885385,42,31,-1,-1,6
5886208,53,32,-1,-1,5
5885497,48,35,-1,-1,6
5882757,54,28,-1,-1,0
5879823,51,29,-1,-1,1
5885749,27,9,-1,-1,1
5886478,10,51,-1,-1,2
5885215,42,58,-1,-1,0
5884416,13,41,-1,-1,4
5885485,56,16,-1,-1,4
5881574,7,30,-1,-1,4
5882920,52,22,-1,-1,5
5878840,47,10,-1,-1,7
5877931,9,58,-1,-1,0
5885669,31,23,-1,-1,2
5884953,21,22,-1,-1,2
5886088,29,5,-1,-1,7
5883727,57,40,-1,-1,3
5886007,28,33,-1,-1,2
5883813,23,57,-1,-1,1
5879933,31,61,-1,-1,5
5886327,9,23,-1,-1,7
5882965,25,15,-1,-1,3
5881426,17,0,-1,-1,1
5885041,3,43,-1,-1,7
5886009,7,34,-1,-1,1
5880937,11,46,-1,-1,7
5883403,50,49,-1,-1,1
5886084,29,41,-1,-1,0
5880443,34,49,-1,-1,5
5881386,39,59,-1,-1,1
5878417,44,42,-1,-1,2
5882989,30,13,-1,-1,7
5886200,60,7,-1,-1,6
5883394,25,16,-1,-1,2
5878557,50,9,-1,-1,2
5885282,32,44,-1,-1,5
5884241,30,9,-1,-1,1
5882126,61,39,-1,-1,2
5881166,59,24,-1,-1,6
5886588,1,57,-1,-1,6
5885449,18,6,-1,-1,2
5868154,52,39,-1,-1,7
5885135,13,36,-1,-1,1
5883130,8,45,-1,-1,7
5884360,22,25,-1,-1,4
5882575,2,37,-1,-1,1
5879124,31,27,-1,-1,5
5883030,29,15,-1,-1,6
5884693,29,0,-1,-1,6
5885739,41,53,-1,-1,4
5886104,13,3,-1,-1,7
5885556,31,20,-1,-1,2
5884522,32,31,-1,-1,0
5883269,9,60,-1,-1,0
5872908,60,54,-1,-1,4
5884509,50,14,-1,-1,7
5885441,54,51,-1,-1,0
5885083,49,19,-1,-1,4
5878186,31,43,-1,-1,6
5884624,36,6,-1,-1,6
5882008,36,13,-1,-1,3
5884516,33,28,-1,-1,6
5884562,50,19,-1,-1,1
5885107,22,18,-1,-1,7
5885362,4,37,-1,-1,5
5874735,8,40,-1,-1,4
5880114,24,7,-1,-1,4
5885418,44,36,-1,-1,4
5884857,7,58,-1,-1,0
5883890,34,53,-1,-1,6
5884990,0,43,-1,-1,4
5885955,57,14,-1,-1,2
5885292,53,56,-1,-1,0
5880334,59,61,-1,-1,2
5882741,6,51,-1,-1,4
5886363,60,48,-1,-1,1
5870775,27,46,-1,-1,3
5885959,56,29,-1,-1,1
5884338,1,5,-1,-1,6
5874315,36,42,-1,-1,3
5879673,48,50,-1,-1,2
5885911,55,5,-1,-1,1
5878277,44,7,-1,-1,6
5882519,31,29,-1,-1,6
5885492,55,51,-1,-1,1
5883437,45,14,-1,-1,1
5885702,5,5,-1,-1,6
5883878,16,7,-1,-1,1
5882592,51,7,-1,-1,1
5879847,15,2,-1,-1,7
5880650,21,56,-1,-1,2
5886127,53,35,-1,-1,7
5883490,27,26,-1,-1,6
5885995,55,61,-1,-1,5
5880626,6,17,-1,-1,7
5882545,52,41,-1,-1,5
5876052,44,55,-1,-1,6
5884937,30,28,-1,-1,4
5875583,18,8,-1,-1,4
5879801,14,40,-1,-1,5
5881777,23,18,-1,-1,7
5884949,45,44,-1,-1,0
5885105,46,32,-1,-1,3
5885176,52,27,-1,-1,0
5881621,41,59,-1,-1,0
5885813,44,61,-1,-1,0
5884908,55,52,-1,-1,6
5885656,37,54,-1,-1,2
5884935,26,18,-1,-1,2
5884582,29,24,-1,-1,6
5874952,41,47,-1,-1,0
5885992,24,56,-1,-1,6
5885969,40,9,-1,-1,0
5880193,36,55,-1,-1,2
5884349,10,18,-1,-1,0
5886385,18,19,-1,-1,3
5883044,37,28,-1,-1,0
5886463,24,22,-1,-1,3
5884231,8,11,-1,-1,0
5884940,26,23,-1,-1,3
5866433,1,47,-1,-1,7
5878346,45,33,-1,-1,5
5882946,59,9,-1,-1,0
5884560,46,26,-1,-1,5
5885947,13,21,-1,-1,3
5877674,58,13,-1,-1,4
5877039,17,29,-1,-1,7
5878410,53,16,-1,-1,3
5886471,30,5,-1,-1,3
5881794,31,10,-1,-1,6
5883137,51,30,-1,-1,6
5884686,18,24,-1,-1,7
5884725,17,58,-1,-1,1
5885844,54,16,-1,-1,6
5883670,28,60,-1,-1,3
5881603,16,56,-1,-1,7
5880017,48,20,-1,-1,4
5885807,22,45,-1,-1,1
5883301,33,13,-1,-1,4
5876538,28,31,-1,-1,7
5885535,17,8,-1,-1,5
5885334,17,60,-1,-1,6
5884646,7,61,-1,-1,6
5885510,59,51,-1,-1,5
5871902,12,53,-1,-1,0
5867995,33,40,-1,-1,0
5883652,47,26,-1,-1,3
5884780,24,20,-1,-1,2
5884532,37,19,-1,-1,3
5883770,12,54,-1,-1,0
5874215,43,1,-1,-1,5
5882422,59,12,-1,-1,0
5884270,37,22,-1,-1,7
5880082,48,60,-1,-1,3
5885971,49,9,-1,-1,3
5876714,27,18,-1,-1,0
5884192,19,27,-1,-1,1
5885268,18,18,-1,-1,1
5872907,14,60,-1,-1,5
5886532,21,47,-1,-1,4
5882724,1,54,-1,-1,2
5878869,30,19,-1,-1,4
5884235,56,60,-1,-1,4
5884540,20,18,-1,-1,5
5884351,12,48,-1,-1,0
5884815,1,17,-1,-1,1
5881911,57,3,-1,-1,0
5884818,13,43,-1,-1,1
5873582,23,23,-1,-1,3
5877909,58,60,-1,-1,5
5873947,6,21,-1,-1,4
5877937,23,37,-1,-1,6
5885817,38,40,-1,-1,0
5883253,1,27,-1,-1,2
5886086,32,32,-1,-1,2
5882128,15,6,-1,-1,2
5884042,12,7,-1,-1,2
5883145,45,41,-1,-1,3
5880828,19,56,-1,-1,2
5884932,5,46,-1,-1,3
5884565,55,39,-1,-1,2
5886192,49,21,-1,-1,6
5869455,18,27,-1,-1,5
5885270,23,43,-1,-1,3
5880188,48,61,-1,-1,1
5884431,61,49,-1,-1,6
5883198,10,26,-1,-1,7
5875745,14,4,-1,-1,2
5884606,34,28,-1,-1,0
5885923,24,52,-1,-1,5
5878175,60,37,-1,-1,4
5886355,54,30,-1,-1,2
5886638,42,0,-1,-1,5
5878974,60,8,-1,-1,2
5881644,47,20,-1,-1,5
5885297,36,57,-1,-1,0
5884691,22,12,-1,-1,2
5875930,44,60,-1,-1,2
5885379,55,12,-1,-1,4
5885303,22,22,-1,-1,5
5881946,55,4,-1,-1,6
5885404,46,36,-1,-1,2
5886195,47,51,-1,-1,1
5878269,60,9,-1,-1,5
5883603,57,57,-1,-1,2
5877857,58,10,-1,-1,2
5885403,49,18,-1,-1,1
5882855,26,31,-1,-1,3
5884792,5,29,-1,-1,5
5878131,19,60,-1,-1,7
5884855,39,2,-1,-1,5
5885420,48,27,-1,-1,6
5886196,54,50,-1,-1,5
5885919,10,19,-1,-1,7
5875637,18,5,-1,-1,2
5880271,60,56,-1,-1,5
5885593,16,60,-1,-1,6
5885523,25,27,-1,-1,7
5886493,9,4,-1,-1,6
5880140,56,50,-1,-1,3
5884333,35,40,-1,-1,7
5885015,23,13,-1,-1,2
5882567,21,5,-1,-1,1
5886218,36,51,-1,-1,5
5876416,35,19,-1,-1,5
5878789,42,13,-1,-1,3
5882502,61,50,-1,-1,6
5883191,27,29,-1,-1,2
5881874,6,37,-1,-1,7
5886055,33,52,-1,-1,3
5878478,11,34,-1,-1,7
5886396,55,27,-1,-1,4
5883149,18,33,-1,-1,4
5885619,35,38,-1,-1,6
5884635,60,12,-1,-1,3
5885104,31,25,-1,-1,2
5882248,60,14,-1,-1,3
5884215,50,25,-1,-1,1
5881155,14,12,-1,-1,6
5879706,5,0,-1,-1,5
5886300,35,12,-1,-1,5
5886155,15,10,-1,-1,2
5882183,41,56,-1,-1,5
5886010,25,9,-1,-1,0
5882835,6,29,-1,-1,0
5880815,36,41,-1,-1,1
5884271,24,42,-1,-1,4
5884322,22,11,-1,-1,1
5885161,42,25,-1,-1,5
5884838,53,43,-1,-1,1
5884407,6,27,-1,-1,6
5884022,54,27,-1,-1,7
5886049,45,13,-1,-1,6
5873273,7,15,-1,-1,5
5880791,27,58,-1,-1,1
5882816,58,18,-1,-1,1
5882890,35,26,-1,-1,3
5885642,52,60,-1,-1,7
5883037,20,57,-1,-1,7
5880992,52,46,-1,-1,5
5885659,59,39,-1,-1,4
5886424,1,1,-1,-1,3
5885606,21,13,-1,-1,6
5886452,55,21,-1,-1,7
5881759,27,10,-1,-1,4
5885089,11,21,-1,-1,1
5884684,11,52,-1,-1,4
5884446,19,8,-1,-1,0
5885649,37,30,-1,-1,4
5881568,34,25,-1,-1,7
5883184,7,12,-1,-1,0
5879363,44,29,-1,-1,4
5884819,27,20,-1,-1,0
5883154,46,41,-1,-1,5
5882766,37,1,-1,-1,6
5886488,58,17,-1,-1,1
5883525,20,59,-1,-1,5
5886569,37,3,-1,-1,1
5881804,54,42,-1,-1,3
5882604,49,6,-1,-1,6
5882194,55,43,-1,-1,4
5886362,42,10,-1,-1,5
5886599,12,60,-1,-1,3
5885371,0,21,-1,-1,2
5885929,51,16,-1,-1,3
5878139,47,32,-1,-1,2
5886259,57,59,-1,-1,5
5875344,25,37,-1,-1,0
5861447,32,34,-1,-1,3
5882104,30,7,-1,-1,7
5878145,47,34,-1,-1,1
5883800,39,40,-1,-1,3
5882405,38,3,-1,-1,4
5882030,36,21,-1,-1,5
5885720,11,12,-1,-1,2
5875403,42,18,-1,-1,5
5871177,48,4,-1,-1,1
5886604,22,21,-1,-1,2
5884507,46,52,-1,-1,3
5885165,20,0,-1,-1,5
5883346,0,4,-1,-1,7
5884664,31,59,-1,-1,5
5884227,47,13,-1,-1,3
5886529,30,11,-1,-1,0
5878455,60,44,-1,-1,6
5884537,6,36,-1,-1,6
5877657,20,58,-1,-1,4
5881711,4,52,-1,-1,1
5884443,16,39,-1,-1,0
5885180,30,47,-1,-1,2
5886106,44,6,-1,-1,3
5885005,44,0,-1,-1,4
5884505,44,25,-1,-1,4
5883175,40,4,-1,-1,0
5886037,10,12,-1,-1,1
5883846,45,7,-1,-1,4
5885023,20,36,-1,-1,4
5886079,14,55,-1,-1,0
5885849,34,50,-1,-1,6
5879979,20,49,-1,-1,4
5884155,25,41,-1,-1,6
5884362,26,39,-1,-1,5
5884956,11,49,-1,-1,0
5886491,56,31,-1,-1,7
5882082,32,27,-1,-1,3
5882788,47,35,-1,-1,3
5884805,35,50,-1,-1,4
5884273,5,30,-1,-1,6
5883769,54,48,-1,-1,4
5877961,41,44,-1,-1,4
5886485,24,11,-1,-1,0
5881457,56,53,-1,-1,4
5886000,53,13,-1,-1,2
5881382,50,40,-1,-1,2
5883961,5,9,-1,-1,1
5884531,37,14,-1,-1,1
5878548,59,52,-1,-1,2
5880865,36,11,-1,-1,6
5885688,48,45,-1,-1,3
5882990,44,34,-1,-1,1
5884717,29,51,-1,-1,6
5872468,37,52,-1,-1,4
5880622,9,37,-1,-1,0
5885116,52,47,-1,-1,3
5882684,42,47,-1,-1,0
5884579,21,12,-1,-1,7
5877560,0,32,-1,-1,0
5884974,45,2,-1,-1,3
5882531,61,41,-1,-1,6
5881941,35,3,-1,-1,0
5886319,15,19,-1,-1,6
5884743,9,27,-1,-1,2
5885030,10,27,-1,-1,1
5883896,53,19,-1,-1,7
5886159,53,12,-1,-1,5
5880311,25,30,-1,-1,6
5881167,1,23,-1,-1,2
5885277,39,9,-1,-1,0
5884671,42,43,-1,-1,0
5881655,22,54,-1,-1,7
5884325,41,17,-1,-1,0
5879465,41,57,-1,-1,6
5884130,14,14,-1,-1,3
5885321,36,8,-1,-1,7
5885532,32,55,-1,-1,4
5885679,18,23,-1,-1,2
5883193,1,38,-1,-1,4
5886394,57,7,-1,-1,5
5884921,44,54,-1,-1,5
5885837,9,9,-1,-1,2
5884597,12,51,-1,-1,5
5885269,43,48,-1,-1,2
5881683,15,9,-1,-1,0
5883468,24,60,-1,-1,3
5883020,41,22,-1,-1,7
5884762,37,60,-1,-1,3
5883409,58,27,-1,-1,3
5886028,38,61,-1,-1,2
5879569,56,1,-1,-1,2
5885680,54,54,-1,-1,1
5884543,28,37,-1,-1,3
5881402,58,57,-1,-1,5
5886451,7,0,-1,-1,1
5868187,27,11,-1,-1,7
5885801,31,37,-1,-1,1
5883956,25,14,-1,-1,3
5884955,59,48,-1,-1,6
5885999,1,28,-1,-1,4
5885392,26,28,-1,-1,5
5886617,60,60,-1,-1,7
5881396,14,47,-1,-1,1
5885979,20,30,-1,-1,2
5885665,26,35,-1,-1,0
5883321,46,1,-1,-1,1
5886316,45,6,-1,-1,1
5878724,18,15,-1,-1,7
5886382,59,50,-1,-1,3
5881138,2,61,-1,-1,3
5883486,13,8,-1,-1,1
5884342,59,7,-1,-1,0
5886309,41,1,-1,-1,0
5876546,28,35,-1,-1,1
5882663,22,37,-1,-1,2
5885174,53,33,-1,-1,1
5882641,59,30,-1,-1,5
5885617,51,58,-1,-1,2
5881819,46,5,-1,-1,1
5883966,26,44,-1,-1,1
5886267,37,2,-1,-1,6
5886618,51,39,-1,-1,1
5883921,53,22,-1,-1,4
5885326,8,44,-1,-1,6
5879240,23,25,-1,-1,0
5886174,36,22,-1,-1,4
5884149,49,31,-1,-1,4
5882137,61,12,-1,-1,0
5884951,15,35,-1,-1,0
5886129,2,26,-1,-1,3
5882625,43,59,-1,-1,1
5878161,38,24,-1,-1,2
5885021,10,13,-1,-1,3
5880434,45,15,-1,-1,6
5879814,46,43,-1,-1,1
5885636,52,20,-1,-1,7
5884848,46,46,-1,-1,5
5883655,34,45,-1,-1,1
5882665,46,14,-1,-1,5
5883879,17,1,-1,-1,6
5880112,50,61,-1,-1,5
5883015,45,52,-1,-1,2
5876517,1,45,-1,-1,5
5881334,4,21,-1,-1,0
5877117,17,11,-1,-1,0
5881237,60,43,-1,-1,7
5885742,15,30,-1,-1,7
5878499,23,28,-1,-1,4
5884793,0,57,-1,-1,3
5882070,58,51,-1,-1,7
5886212,45,22,-1,-1,4
5875174,12,23,-1,-1,6
5883108,43,46,-1,-1,2
5885776,27,55,-1,-1,0
5878810,18,45,-1,-1,5
5886235,49,26,-1,-1,0
5886221,29,8,-1,-1,4
5883974,2,6,-1,-1,4
5883510,3,6,-1,-1,2
5882794,52,59,-1,-1,3
5884251,44,12,-1,-1,5
5876976,16,53,-1,-1,4
5886148,8,56,-1,-1,1
5882791,12,26,-1,-1,1
5884596,25,21,-1,-1,2
5878012,17,31,-1,-1,1
5886345,10,16,-1,-1,2
5886337,15,1,-1,-1,1
5884492,21,42,-1,-1,5
5867343,45,0,-1,-1,5
5881997,41,10,-1,-1,5
5885567,2,10,-1,-1,7
5884800,26,6,-1,-1,0
5886525,41,41,-1,-1,1
5884494,52,29,-1,-1,1
5884865,57,37,-1,-1,7
5878545,29,45,-1,-1,4
5882225,8,27,-1,-1,4
5884771,58,31,-1,-1,1
5879030,27,33,-1,-1,4
5886359,61,59,-1,-1,7
5884198,40,57,-1,-1,4
5884168,47,25,-1,-1,5
5886509,51,46,-1,-1,5
5885521,11,56,-1,-1,5
5886574,34,1,-1,-1,3
5883689,41,29,-1,-1,3
5883919,2,3,-1,-1,5
5885000,38,30,-1,-1,5
5885448,41,36,-1,-1,5
5881619,17,26,-1,-1,1
5884751,29,46,-1,-1,4
5879929,2,24,-1,-1,5
5885284,20,43,-1,-1,7
5885782,2,53,-1,-1,7
5884518,12,16,-1,-1,2
5884525,28,36,-1,-1,5
5884011,59,16,-1,-1,1
5881179,29,40,-1,-1,2
5882269,2,2,-1,-1,4
5886547,49,47,-1,-1,3
5883544,12,59,-1,-1,0
5885150,2,5,-1,-1,2
5881231,5,53,-1,-1,6
5874108,57,48,-1,-1,7
5884245,45,1,-1,-1,0
5886499,41,11,-1,-1,3
5882789,48,25,-1,-1,7
5885841,38,23,-1,-1,4
5876703,27,49,-1,-1,5
5874732,35,5,-1,-1,1
5886447,9,24,-1,-1,1
5882011,40,5,-1,-1,2
5881248,5,43,-1,-1,7
5885727,56,51,-1,-1,4
5878796,25,57,-1,-1,6
5880863,35,37,-1,-1,0
5884521,47,49,-1,-1,7
5871935,10,46,-1,-1,3
5879502,25,7,-1,-1,1
5885576,47,56,-1,-1,5
5878638,43,21,-1,-1,2
5869804,31,35,-1,-1,7
5882333,57,38,-1,-1,4
5878409,40,43,-1,-1,6
5885709,25,50,-1,-1,6
5885548,30,32,-1,-1,7
5884363,27,13,-1,-1,7
5876640,3,58,-1,-1,0
5885203,4,60,-1,-1,2
5882584,8,16,-1,-1,0
5876007,58,47,-1,-1,2
5882285,6,39,-1,-1,2
5885336,14,44,-1,-1,0
5884618,3,39,-1,-1,2
5880273,44,58,-1,-1,3
5885803,12,55,-1,-1,3
5876967,10,17,-1,-1,6
5886572,28,22,-1,-1,3
5885302,41,20,-1,-1,4
5876887,32,16,-1,-1,0
5885118,32,49,-1,-1,6
5883672,46,6,-1,-1,5
5884897,44,31,-1,-1,0
5885655,28,2,-1,-1,3
5885734,2,35,-1,-1,2
5877001,56,54,-1,-1,0
5884845,2,22,-1,-1,1
5885295,17,14,-1,-1,0
5880537,28,15,-1,-1,4
5884850,32,51,-1,-1,7
5884653,13,45,-1,-1,7
5878895,57,24,-1,-1,4
5883671,11,23,-1,-1,6
5886315,22,27,-1,-1,7
5884499,59,43,-1,-1,6
5883982,58,2,-1,-1,2
5884423,57,61,-1,-1,1
5878142,40,34,-1,-1,1
5880602,8,19,-1,-1,2
5886338,10,61,-1,-1,4
5884644,20,14,-1,-1,5
5878241,9,48,-1,-1,7
5878253,14,50,-1,-1,2
5884843,32,61,-1,-1,1
5886097,44,9,-1,-1,4
5863269,19,42,-1,-1,2
5884907,60,35,-1,-1,4
5885308,26,46,-1,-1,2
5881518,3,28,-1,-1,0
5886388,20,10,-1,-1,6
5881084,49,53,-1,-1,6
5879117,31,13,-1,-1,6
5885821,6,40,-1,-1,2
5878484,7,55,-1,-1,3
5882078,60,31,-1,-1,5
5880420,32,33,-1,-1,1
5886592,40,32,-1,-1,7
5874647,31,55,-1,-1,2
5886334,60,42,-1,-1,5
5876571,17,46,-1,-1,0
5884938,29,36,-1,-1,4
5878272,60,36,-1,-1,7
5885136,58,26,-1,-1,0
5881449,19,18,-1,-1,7
5885177,59,19,-1,-1,2
5879964,32,19,-1,-1,4
5881636,9,55,-1,-1,7
5885349,12,31,-1,-1,5
5886458,22,53,-1,-1,6
5885183,33,27,-1,-1,1
5886397,14,45,-1,-1,2
5881364,43,10,-1,-1,5
5879286,42,6,-1,-1,7
5885764,41,27,-1,-1,0
5885894,8,47,-1,-1,4
5884230,5,12,-1,-1,6
5882241,16,24,-1,-1,1
5882548,38,9,-1,-1,7
5881939,51,40,-1,-1,2
5884040,14,22,-1,-1,3
5885263,34,46,-1,-1,5
5886543,57,53,-1,-1,2
5884984,48,19,-1,-1,7
5886313,5,17,-1,-1,5
5883448,21,1,-1,-1,0
5884541,55,17,-1,-1,4
5882413,57,29,-1,-1,5
5881512,38,16,-1,-1,4
5885758,34,56,-1,-1,7
5880409,45,3,-1,-1,1
5882286,23,16,-1,-1,2
5884028,50,28,-1,-1,4
5884712,57,32,-1,-1,7
5884933,24,51,-1,-1,4
5872809,57,44,-1,-1,7
5878268,19,26,-1,-1,5
5882010,27,7,-1,-1,2
5886234,48,41,-1,-1,0
5884687,4,61,-1,-1,6
5885201,53,2,-1,-1,5
5885775,36,53,-1,-1,1
5885419,29,12,-1,-1,2
5880367,15,24,-1,-1,7
5885235,30,42,-1,-1,3
5886161,35,16,-1,-1,2
5880116,57,1,-1,-1,1
5884620,31,3,-1,-1,6
5884888,57,11,-1,-1,2
5886576,20,27,-1,-1,7
5883582,39,13,-1,-1,2
5881062,3,57,-1,-1,5
5884678,50,16,-1,-1,1
5883922,14,16,-1,-1,0
5885224,9,46,-1,-1,3
5880900,51,9,-1,-1,5
5884425,38,33,-1,-1,2
5882872,8,26,-1,-1,6
5882784,53,42,-1,-1,0
5884738,46,15,-1,-1,6
5880667,20,29,-1,-1,1
5885218,22,51,-1,-1,3
5886154,17,48,-1,-1,0
5886271,21,9,-1,-1,4
5886442,20,25,-1,-1,4
5884773,4,59,-1,-1,4
5885158,43,47,-1,-1,7
5882719,34,42,-1,-1,4
5885769,33,21,-1,-1,1
5885163,17,61,-1,-1,2
5886333,26,52,-1,-1,7
5878940,21,6,-1,-1,1
5886427,9,2,-1,-1,4
5884837,19,35,-1,-1,6
5886026,46,11,-1,-1,2
5884545,30,4,-1,-1,1
5875800,19,34,-1,-1,1
5882056,40,36,-1,-1,0
5883834,43,9,-1,-1,3
5874277,50,36,-1,-1,7
5885031,9,49,-1,-1,0
5880440,6,28,-1,-1,2
5885557,52,19,-1,-1,6
5885287,9,45,-1,-1,6
5885244,52,30,-1,-1,6
5883759,19,2,-1,-1,6
5886464,25,18,-1,-1,0
5884139,29,14,-1,-1,2
5882224,19,50,-1,-1,2
5886214,14,10,-1,-1,1
5885184,16,11,-1,-1,1
5876344,58,20,-1,-1,3
5881616,33,20,-1,-1,1
5886012,53,52,-1,-1,5
5886231,43,58,-1,-1,3
5883352,8,21,-1,-1,5
5882933,30,34,-1,-1,2
5883612,10,11,-1,-1,3
5881245,26,17,-1,-1,5
5880306,55,32,-1,-1,4
5886284,40,26,-1,-1,5
5885618,20,28,-1,-1,0
5884631,47,29,-1,-1,2
5882042,30,23,-1,-1,5
5885922,14,34,-1,-1,6
5880731,36,37,-1,-1,4
5883051,17,50,-1,-1,3
5886276,61,14,-1,-1,6
5886421,30,61,-1,-1,4
5885042,41,5,-1,-1,5
5883125,51,47,-1,-1,5
5884266,56,5,-1,-1,7
5883328,31,54,-1,-1,6
5885256,58,23,-1,-1,5
5871062,10,9,-1,-1,6
5883592,36,54,-1,-1,1
5881884,39,12,-1,-1,7
5877389,45,29,-1,-1,6
5884178,3,14,-1,-1,4
5885657,61,54,-1,-1,5
5882867,10,24,-1,-1,7
5881427,32,54,-1,-1,0
5883374,32,26,-1,-1,3
5882611,40,6,-1,-1,2
5882968,44,3,-1,-1,5
5885614,2,21,-1,-1,2
5884445,13,50,-1,-1,4
5878452,19,21,-1,-1,5
5877391,48,56,-1,-1,4
5884332,60,3,-1,-1,5
5879813,52,6,-1,-1,1
5883702,5,19,-1,-1,7
5875004,15,55,-1,-1,1
5886589,8,61,-1,-1,3
5881339,53,8,-1,-1,2
5871834,5,4,-1,-1,1
5881059,52,48,-1,-1,6
5881296,1,31,-1,-1,2
5884253,16,42,-1,-1,3
5881440,14,19,-1,-1,7
5883620,3,35,-1,-1,3
5885293,7,52,-1,-1,4
5885792,24,6,-1,-1,1
5886340,58,42,-1,-1,4
5872152,46,4,-1,-1,7
5886539,2,50,-1,-1,0
5885754,46,55,-1,-1,6
5884320,21,41,-1,-1,0
5877882,39,5,-1,-1,7
5886068,28,46,-1,-1,5
5882672,53,37,-1,-1,0
5885187,43,8,-1,-1,1
5884922,10,37,-1,-1,7
5884406,15,22,-1,-1,7
5885777,44,28,-1,-1,6
5885193,35,44,-1,-1,0
5878872,28,56,-1,-1,0
5886446,47,8,-1,-1,1
5884420,46,2,-1,-1,1
5883887,10,28,-1,-1,0
5884513,51,0,-1,-1,0
5884458,36,17,-1,-1,3
5881184,26,43,-1,-1,0
5885766,16,44,-1,-1,5
5878267,36,7,-1,-1,7
5883277,34,23,-1,-1,7
5884929,15,56,-1,-1,6
5885986,24,55,-1,-1,0
5883291,11,42,-1,-1,5
5886426,41,6,-1,-1,5
5883931,50,20,-1,-1,0
5883421,6,45,-1,-1,7
5886606,39,3,-1,-1,6
5885788,59,23,-1,-1,1
5886047,33,37,-1,-1,4
5886432,39,30,-1,-1,0
5883826,34,37,-1,-1,5
5885335,46,51,-1,-1,5
5884735,57,31,-1,-1,5
5886011,46,60,-1,-1,3
5886117,35,11,-1,-1,3
5886445,31,49,-1,-1,3
5884944,61,55,-1,-1,0
5885584,3,7,-1,-1,0
5886182,32,3,-1,-1,6
5882848,4,45,-1,-1,6
5886550,61,38,-1,-1,4
5885666,44,21,-1,-1,4
5886108,40,52,-1,-1,4
5885164,26,48,-1,-1,5
5885045,4,56,-1,-1,4
5883425,38,39,-1,-1,0
5886008,7,43,-1,-1,2
5883929,60,51,-1,-1,4
5883838,8,49,-1,-1,2
5886348,34,3,-1,-1,0
5886484,58,44,-1,-1,6
5877744,37,21,-1,-1,5
5880442,46,7,-1,-1,3
5885857,53,61,-1,-1,2
5870429,12,13,-1,-1,7
5885399,60,41,-1,-1,2
5883731,54,13,-1,-1,5
5885327,26,58,-1,-1,3
5882804,10,14,-1,-1,4
5882162,9,50,-1,-1,4
5886399,23,17,-1,-1,0
5884670,26,2,-1,-1,5
5880954,7,11,-1,-1,3
5883623,34,13,-1,-1,2
5884714,50,23,-1,-1,5
5878708,18,7,-1,-1,2
5885848,13,54,-1,-1,4
5877899,27,39,-1,-1,1
5882951,11,25,-1,-1,0
5885843,53,46,-1,-1,2
5883977,2,31,-1,-1,3
5885628,32,47,-1,-1,4
5883944,47,6,-1,-1,3
5879565,20,26,-1,-1,1
5884090,39,27,-1,-1,6
5886199,35,52,-1,-1,4
5884199,61,52,-1,-1,4
5880800,55,10,-1,-1,7
5882879,47,22,-1,-1,4
5885839,11,39,-1,-1,7
5883842,20,9,-1,-1,3
5886642,45,20,-1,-1,1
