# org_id,org_cellx,org_celly,org_forage_target,org_group_id,org_facing
26356335,0,36,-1,-1,5
26355300,48,27,-1,-1,4
26355751,58,55,-1,-1,3
26355466,28,45,-1,-1,3
26356981,35,39,-1,-1,6
26351499,39,35,-1,-1,1
26356921,24,53,-1,-1,7
26355451,25,0,-1,-1,3
26356060,31,52,-1,-1,7
26350500,36,14,-1,-1,6
26355660,57,11,-1,-1,7
26353650,53,3,-1,-1,6
26353793,50,50,-1,-1,0
26356748,29,10,-1,-1,5
26353207,41,48,-1,-1,6
26356529,35,4,-1,-1,6
26351982,25,9,-1,-1,4
26356908,34,51,-1,-1,6
26357456,57,26,-1,-1,1
26352237,20,57,-1,-1,1
26357183,17,58,-1,-1,6
26353856,19,9,-1,-1,4
26349368,11,17,-1,-1,6
26353156,50,18,-1,-1,5
26356225,54,50,-1,-1,7
26357228,23,55,-1,-1,1
26352400,34,43,-1,-1,0
26354606,21,19,-1,-1,7
26356145,53,11,-1,-1,1
26354223,58,37,-1,-1,6
26354806,4,7,-1,-1,7
26354119,15,0,-1,-1,0
26357331,28,25,-1,-1,1
26356344,22,3,-1,-1,7
26355779,44,9,-1,-1,0
26357491,49,22,-1,-1,6
26356026,55,29,-1,-1,1
26353384,18,45,-1,-1,1
26356822,21,47,-1,-1,1
26350760,49,12,-1,-1,5
26356926,17,46,-1,-1,7
26356357,26,29,-1,-1,4
26352599,23,13,-1,-1,1
26353363,42,32,-1,-1,1
26353338,28,15,-1,-1,3
26356991,45,31,-1,-1,3
26356324,0,19,-1,-1,1
26356891,56,48,-1,-1,3
26354235,53,36,-1,-1,3
26356035,29,51,-1,-1,3
26354787,5,41,-1,-1,2
26356498,52,43,-1,-1,6
26357222,11,48,-1,-1,1
26356660,25,10,-1,-1,2
26346481,27,15,-1,-1,0
26343942,34,26,-1,-1,7
26356964,39,42,-1,-1,7
26357412,18,46,-1,-1,2
26355614,31,8,-1,-1,1
26348100,18,24,-1,-1,7
26356192,29,8,-1,-1,0
26335912,17,18,-1,-1,6
26350920,6,13,-1,-1,0
26352548,9,2,-1,-1,7
26354152,23,25,-1,-1,2
26356942,37,6,-1,-1,5
26354936,27,43,-1,-1,7
26351173,24,43,-1,-1,7
26355817,1,41,-1,-1,3
26356857,34,18,-1,-1,3
26356082,53,31,-1,-1,4
26357221,10,24,-1,-1,6
26357007,53,1,-1,-1,3
26355645,2,30,-1,-1,6
26348146,41,47,-1,-1,6
26354699,27,48,-1,-1,1
26352662,5,25,-1,-1,1
26355722,10,27,-1,-1,6
26357355,32,13,-1,-1,1
26343487,19,13,-1,-1,4
26356850,6,32,-1,-1,1
26357096,48,7,-1,-1,2
26356944,54,42,-1,-1,2
26357139,35,42,-1,-1,4
26355698,20,49,-1,-1,4
26357430,50,10,-1,-1,1
26357094,24,46,-1,-1,6
26356987,34,10,-1,-1,1
26356999,36,27,-1,-1,6
26357362,29,19,-1,-1,7
26355447,24,35,-1,-1,3
26357448,48,47,-1,-1,5
26354640,40,2,-1,-1,2
26356283,51,1,-1,-1,5
26354483,24,12,-1,-1,7
26354471,9,52,-1,-1,1
26353277,42,36,-1,-1,7
26357016,26,31,-1,-1,1
26357300,47,0,-1,-1,3
26353223,43,0,-1,-1,0
26355939,34,21,-1,-1,3
26351449,25,30,-1,-1,0
26356510,56,46,-1,-1,3
26355791,2,13,-1,-1,0
26355715,2,36,-1,-1,0
26356099,47,13,-1,-1,2
26354213,13,51,-1,-1,4
26352823,43,29,-1,-1,4
26347930,23,24,-1,-1,4
26355028,50,0,-1,-1,0
26357242,5,22,-1,-1,3
26351201,15,54,-1,-1,3
26351118,18,55,-1,-1,5
26356152,3,27,-1,-1,4
26350888,16,35,-1,-1,5
26356835,54,17,-1,-1,0
26352206,11,35,-1,-1,1
26357143,49,25,-1,-1,7
26354935,46,45,-1,-1,1
26356143,54,38,-1,-1,6
26349905,21,17,-1,-1,5
26349659,7,55,-1,-1,1
26356852,28,57,-1,-1,6
26353982,28,8,-1,-1,5
26354841,39,37,-1,-1,2
26357277,10,17,-1,-1,0
26354648,14,37,-1,-1,5
26355428,20,48,-1,-1,4
26356404,46,57,-1,-1,4
26356507,23,0,-1,-1,7
26357339,48,50,-1,-1,3
26356457,53,35,-1,-1,4
26355175,38,16,-1,-1,4
26356809,14,23,-1,-1,3
26355191,26,51,-1,-1,7
26354398,47,4,-1,-1,7
26354416,32,20,-1,-1,0
26355595,9,33,-1,-1,4
26353534,49,1,-1,-1,0
26355576,45,34,-1,-1,0
26357318,37,12,-1,-1,3
26351944,25,18,-1,-1,0
26351817,29,53,-1,-1,0
26356273,36,38,-1,-1,1
26357428,57,42,-1,-1,0
26349370,1,12,-1,-1,4
26355392,43,21,-1,-1,2
26348365,1,30,-1,-1,5
26353009,8,17,-1,-1,6
26343324,0,49,-1,-1,6
26357426,30,3,-1,-1,2
26357168,4,40,-1,-1,3
26354089,8,47,-1,-1,4
26354107,41,7,-1,-1,7
26357416,38,7,-1,-1,1
26353462,8,39,-1,-1,4
26357114,16,23,-1,-1,4
26352559,19,2,-1,-1,7
26354672,23,31,-1,-1,5
26356398,50,31,-1,-1,4
26356914,28,31,-1,-1,0
26356338,28,21,-1,-1,7
26355137,0,17,-1,-1,4
26352430,45,17,-1,-1,2
26357171,38,14,-1,-1,3
26354978,47,3,-1,-1,1
26357090,19,30,-1,-1,0
26355899,21,27,-1,-1,1
26354782,40,53,-1,-1,6
26356514,1,7,-1,-1,2
26352994,43,53,-1,-1,1
26354151,57,16,-1,-1,7
26357312,2,39,-1,-1,3
26355621,7,8,-1,-1,7
26354674,36,2,-1,-1,1
26355105,27,3,-1,-1,0
26357203,22,10,-1,-1,4
26356422,58,46,-1,-1,2
26355227,32,58,-1,-1,0
26354338,56,23,-1,-1,3
26352737,57,14,-1,-1,1
26357467,35,56,-1,-1,7
26355238,1,33,-1,-1,3
26352614,58,14,-1,-1,3
26352243,22,0,-1,-1,7
26355826,56,36,-1,-1,1
26356512,11,58,-1,-1,3
26356717,57,36,-1,-1,4
26351680,44,57,-1,-1,0
26353256,17,55,-1,-1,3
26355207,38,28,-1,-1,3
26356739,54,41,-1,-1,1
26354993,34,12,-1,-1,7
26356685,46,31,-1,-1,3
26352239,19,34,-1,-1,7
26356878,13,7,-1,-1,5
26350688,36,43,-1,-1,5
26352038,30,51,-1,-1,3
26355942,41,13,-1,-1,7
26355562,15,24,-1,-1,2
26357283,30,47,-1,-1,5
26351892,23,46,-1,-1,2
26355874,2,55,-1,-1,1
26343929,38,41,-1,-1,1
26349878,52,12,-1,-1,4
26355212,55,19,-1,-1,7
26353523,10,29,-1,-1,0
26355943,45,48,-1,-1,6
26356132,55,0,-1,-1,2
26353440,18,43,-1,-1,6
26356362,43,26,-1,-1,3
26347558,33,58,-1,-1,7
26356111,15,42,-1,-1,6
26354426,38,32,-1,-1,2
26356915,39,41,-1,-1,2
26353138,0,45,-1,-1,6
26356689,39,36,-1,-1,4
26345035,32,15,-1,-1,0
26356487,41,52,-1,-1,6
26354977,38,52,-1,-1,1
26357281,34,30,-1,-1,1
26351461,7,23,-1,-1,3
26354762,29,48,-1,-1,0
26355862,40,36,-1,-1,0
26356972,36,54,-1,-1,1
26357138,33,41,-1,-1,2
26349472,18,9,-1,-1,1
26355925,52,31,-1,-1,4
26354462,23,26,-1,-1,4
26356472,8,27,-1,-1,5
26354286,51,21,-1,-1,2
26355778,18,8,-1,-1,7
26351285,32,34,-1,-1,3
26356206,17,2,-1,-1,1
26340596,29,14,-1,-1,7
26353342,32,14,-1,-1,7
26356040,30,0,-1,-1,0
26351199,8,26,-1,-1,1
26351550,15,16,-1,-1,6
26354449,44,11,-1,-1,5
26354884,57,51,-1,-1,6
26356257,51,30,-1,-1,5
26355140,6,9,-1,-1,6
26352348,3,58,-1,-1,3
26356888,16,44,-1,-1,2
26352444,48,14,-1,-1,7
26357314,19,54,-1,-1,2
26356441,8,42,-1,-1,5
26353347,2,24,-1,-1,1
26356039,54,44,-1,-1,1
26354076,48,55,-1,-1,1
26353420,56,30,-1,-1,6
26353006,9,24,-1,-1,0
26352853,46,24,-1,-1,4
26347252,16,11,-1,-1,2
26355032,43,24,-1,-1,4
26351681,18,37,-1,-1,1
26356968,43,18,-1,-1,7
26352787,48,10,-1,-1,6
26349291,30,58,-1,-1,1
26356854,37,19,-1,-1,5
26356383,56,57,-1,-1,7
26356790,40,1,-1,-1,2
26356254,58,30,-1,-1,4
26356513,10,54,-1,-1,6
26357422,33,57,-1,-1,5
26352569,9,51,-1,-1,6
26356443,13,43,-1,-1,0
26355665,39,46,-1,-1,5
26352386,6,41,-1,-1,6
26352520,35,9,-1,-1,3
26354485,57,28,-1,-1,1
26351141,37,8,-1,-1,0
26355804,22,40,-1,-1,2
26351374,34,22,-1,-1,1
26356336,51,45,-1,-1,5
26352303,38,27,-1,-1,2
26353980,19,22,-1,-1,3
26355470,39,6,-1,-1,4
26355697,48,49,-1,-1,6
26355013,40,58,-1,-1,7
26355806,32,40,-1,-1,6
26355642,36,26,-1,-1,0
26353172,36,48,-1,-1,3
26355486,30,11,-1,-1,1
26355223,5,21,-1,-1,1
26356482,3,43,-1,-1,2
26356078,38,24,-1,-1,6
26356517,46,12,-1,-1,6
26350399,29,30,-1,-1,7
26356704,58,26,-1,-1,4
26355564,34,49,-1,-1,2
26353311,20,30,-1,-1,2
26356293,31,20,-1,-1,2
26348056,13,12,-1,-1,3
26354327,45,26,-1,-1,7
26357368,5,34,-1,-1,5
26351459,20,21,-1,-1,7
26357337,3,1,-1,-1,7
26353768,26,32,-1,-1,5
26356941,10,25,-1,-1,7
26351690,13,29,-1,-1,5
26354564,51,14,-1,-1,6
26357295,41,20,-1,-1,3
26352086,12,10,-1,-1,6
26356108,14,18,-1,-1,3
26353968,50,37,-1,-1,7
26345354,40,11,-1,-1,7
26357349,27,4,-1,-1,0
26353714,49,2,-1,-1,3
26354197,18,7,-1,-1,1
26349139,2,33,-1,-1,4
26352042,55,25,-1,-1,5
26356881,9,1,-1,-1,3
26353544,21,18,-1,-1,4
26352794,39,51,-1,-1,1
26350255,23,23,-1,-1,1
26356859,53,54,-1,-1,5
26351430,8,34,-1,-1,3
26348470,25,43,-1,-1,6
26356713,41,37,-1,-1,0
26357279,2,34,-1,-1,5
26356681,2,17,-1,-1,3
26357473,51,24,-1,-1,1
26356401,22,16,-1,-1,5
26347185,11,42,-1,-1,5
26355100,35,0,-1,-1,1
26354474,5,42,-1,-1,5
26356407,0,53,-1,-1,5
26354436,24,47,-1,-1,0
26357200,35,34,-1,-1,5
26346548,46,47,-1,-1,5
26357275,44,51,-1,-1,4
26357321,23,18,-1,-1,6
26350053,34,8,-1,-1,6
26357237,38,25,-1,-1,2
26352581,16,25,-1,-1,5
26357402,1,50,-1,-1,0
26355773,11,10,-1,-1,3
26350838,12,29,-1,-1,2
26348465,2,6,-1,-1,1
26356227,36,15,-1,-1,3
26355517,45,32,-1,-1,3
26356492,38,1,-1,-1,3
26356766,56,27,-1,-1,3
26355500,2,43,-1,-1,1
26356659,56,26,-1,-1,6
26357156,26,5,-1,-1,2
26350741,17,3,-1,-1,2
26353177,1,25,-1,-1,3
26357097,53,6,-1,-1,2
26355430,57,13,-1,-1,0
26351052,37,13,-1,-1,2
26356052,53,50,-1,-1,5
26355985,53,43,-1,-1,1
26354175,9,8,-1,-1,7
26357342,30,28,-1,-1,4
26344936,38,17,-1,-1,5
26353102,5,4,-1,-1,0
26354229,29,9,-1,-1,1
26354261,17,21,-1,-1,4
26350551,7,18,-1,-1,7
26357149,29,37,-1,-1,1
26351446,57,4,-1,-1,7
26349022,35,46,-1,-1,4
26354740,46,2,-1,-1,7
26355616,18,30,-1,-1,5
26356574,1,38,-1,-1,6
26335957,15,8,-1,-1,0
26356465,20,53,-1,-1,2
26354746,28,13,-1,-1,2
26356963,36,22,-1,-1,7
26357246,46,22,-1,-1,3
26357010,46,36,-1,-1,0
26356063,22,9,-1,-1,0
26354738,35,47,-1,-1,2
26351698,16,4,-1,-1,3
26356393,14,48,-1,-1,1
26357263,45,0,-1,-1,2
26351077,55,44,-1,-1,6
26356371,37,52,-1,-1,3
26356374,16,10,-1,-1,0
26347182,13,26,-1,-1,1
26356395,54,36,-1,-1,2
26356936,2,21,-1,-1,2
26352587,10,33,-1,-1,1
26352440,53,10,-1,-1,6
26357468,52,38,-1,-1,5
26351828,20,4,-1,-1,4
26356364,58,41,-1,-1,1
26355087,18,38,-1,-1,6
26353358,44,29,-1,-1,4
26355161,52,23,-1,-1,1
26355343,14,49,-1,-1,2
26353924,40,14,-1,-1,4
26356887,55,33,-1,-1,5
26356553,6,27,-1,-1,6
26352041,7,28,-1,-1,4
26357317,8,25,-1,-1,4
26353379,45,36,-1,-1,7
26351604,42,48,-1,-1,2
26352564,10,49,-1,-1,7
26353951,58,31,-1,-1,5
26356431,38,20,-1,-1,1
26352992,35,44,-1,-1,6
26354191,1,19,-1,-1,2
26355224,0,25,-1,-1,6
26353233,9,27,-1,-1,1
26357325,2,23,-1,-1,1
26349415,42,1,-1,-1,6
26347560,38,19,-1,-1,3
26356356,27,22,-1,-1,3
26352987,3,6,-1,-1,6
26354484,28,9,-1,-1,7
26349684,45,45,-1,-1,0
26356653,19,31,-1,-1,4
26349894,29,17,-1,-1,3
26357290,8,18,-1,-1,5
26357230,13,3,-1,-1,4
26357086,48,4,-1,-1,3
26355078,31,3,-1,-1,2
26357294,12,17,-1,-1,1
26353631,32,1,-1,-1,5
26354675,2,37,-1,-1,4
26355009,20,19,-1,-1,7
26355928,7,42,-1,-1,5
26346732,38,46,-1,-1,1
26355907,22,49,-1,-1,7
26354726,31,37,-1,-1,7
26346357,43,35,-1,-1,5
26356183,57,56,-1,-1,3
26356199,34,31,-1,-1,7
26348827,12,36,-1,-1,6
26344594,16,58,-1,-1,6
26354143,5,31,-1,-1,1
26355972,51,46,-1,-1,7
26349073,23,9,-1,-1,5
26350386,17,53,-1,-1,0
26355319,9,43,-1,-1,6
26349671,27,21,-1,-1,4
26355020,52,9,-1,-1,3
26355370,41,30,-1,-1,1
26355364,7,52,-1,-1,3
26353603,26,11,-1,-1,3
26348852,38,37,-1,-1,0
26357390,54,55,-1,-1,4
26349606,5,43,-1,-1,2
26345369,56,50,-1,-1,1
26353926,51,40,-1,-1,6
26355067,27,30,-1,-1,1
26355215,31,56,-1,-1,4
26356101,20,3,-1,-1,0
26352317,30,39,-1,-1,7
26351821,32,2,-1,-1,5
26351421,31,33,-1,-1,1
26353421,55,7,-1,-1,1
26357461,25,3,-1,-1,0
26355693,1,56,-1,-1,7
26354216,48,35,-1,-1,1
26355402,19,52,-1,-1,7
26355623,54,52,-1,-1,3
26356326,30,31,-1,-1,2
26353252,15,49,-1,-1,7
26356062,53,26,-1,-1,4
26357214,24,49,-1,-1,0
26356753,33,13,-1,-1,3
26353260,6,46,-1,-1,3
26353834,37,24,-1,-1,1
26357113,13,39,-1,-1,1
26351368,17,26,-1,-1,6
26353553,17,39,-1,-1,5
26357425,0,44,-1,-1,4
26355999,50,23,-1,-1,2
26355729,54,29,-1,-1,3
26355306,25,42,-1,-1,7
26351713,5,14,-1,-1,6
26348283,22,55,-1,-1,4
26356571,3,33,-1,-1,6
26356433,45,56,-1,-1,4
26351403,39,58,-1,-1,4
26357286,17,25,-1,-1,5
26357150,20,55,-1,-1,5
26356755,31,34,-1,-1,2
26356595,27,27,-1,-1,3
26352512,48,1,-1,-1,5
26355606,55,27,-1,-1,4
26352060,29,40,-1,-1,1
26356875,4,3,-1,-1,1
26356133,45,22,-1,-1,1
26350209,22,53,-1,-1,0
26356633,35,40,-1,-1,0
26355077,39,21,-1,-1,0
26353630,53,0,-1,-1,5
26356503,31,22,-1,-1,7
26354779,6,26,-1,-1,2
26356496,4,1,-1,-1,2
26352776,50,12,-1,-1,0
26351642,18,2,-1,-1,6
26356734,5,46,-1,-1,5
26349973,35,18,-1,-1,1
26354055,7,36,-1,-1,4
26356593,40,46,-1,-1,0
26357265,9,38,-1,-1,0
26357111,7,14,-1,-1,7
26355426,43,10,-1,-1,1
26355487,14,50,-1,-1,4
26355158,39,56,-1,-1,0
26355473,38,22,-1,-1,5
26357224,0,20,-1,-1,6
26356663,25,46,-1,-1,0
26356182,1,54,-1,-1,7
26356639,52,53,-1,-1,1
26356121,14,7,-1,-1,0
26351937,53,52,-1,-1,7
26356609,24,39,-1,-1,3
26341271,55,49,-1,-1,1
26357015,5,17,-1,-1,3
26356922,45,4,-1,-1,5
26352318,50,34,-1,-1,0
26352077,9,7,-1,-1,6
26357065,47,46,-1,-1,4
26357073,32,36,-1,-1,3
26354589,39,3,-1,-1,0
26345751,48,24,-1,-1,3
26357189,7,16,-1,-1,6
26356445,15,38,-1,-1,0
26357061,51,13,-1,-1,2
26357374,2,28,-1,-1,6
26353644,21,46,-1,-1,3
26356188,2,44,-1,-1,3
26355228,42,8,-1,-1,3
26356674,58,45,-1,-1,0
26355534,47,29,-1,-1,7
26345924,58,15,-1,-1,2
26356243,2,15,-1,-1,6
26355209,49,19,-1,-1,6
26356258,50,3,-1,-1,1
26356415,17,20,-1,-1,4
26350469,34,36,-1,-1,4
26350523,48,52,-1,-1,6
26354811,41,42,-1,-1,0
26354339,2,26,-1,-1,6
26353751,47,18,-1,-1,6
26357082,52,22,-1,-1,0
26352543,43,45,-1,-1,6
26355112,16,6,-1,-1,6
26354434,40,21,-1,-1,4
26353132,25,36,-1,-1,7
26357400,58,42,-1,-1,1
26356439,0,57,-1,-1,7
26355596,19,0,-1,-1,7
26351625,21,37,-1,-1,0
26354236,31,31,-1,-1,4
26351264,14,4,-1,-1,6
26355837,50,44,-1,-1,6
26354758,37,53,-1,-1,0
26355656,29,33,-1,-1,6
26354617,54,4,-1,-1,2
26352189,56,54,-1,-1,4
26353939,39,50,-1,-1,7
26352369,1,20,-1,-1,7
26352527,22,43,-1,-1,6
26351744,14,20,-1,-1,3
26356028,54,46,-1,-1,2
26356935,7,24,-1,-1,6
26354331,58,51,-1,-1,2
26357496,45,24,-1,-1,3
26355415,48,21,-1,-1,5
26349660,58,19,-1,-1,5
26356965,33,28,-1,-1,1
26355956,26,40,-1,-1,5
26354719,14,10,-1,-1,5
26356813,50,33,-1,-1,2
26355103,24,36,-1,-1,3
26352106,9,0,-1,-1,2
26353593,45,57,-1,-1,3
26356960,9,31,-1,-1,7
26354605,54,16,-1,-1,2
26355356,6,22,-1,-1,3
26356212,28,49,-1,-1,4
26357027,9,50,-1,-1,2
26355504,2,54,-1,-1,5
26353278,40,57,-1,-1,2
26353843,38,57,-1,-1,3
26352359,10,57,-1,-1,0
26356763,52,20,-1,-1,1
26354943,39,43,-1,-1,7
26353812,12,37,-1,-1,1
26353660,31,0,-1,-1,7
26354226,57,35,-1,-1,3
26356501,8,41,-1,-1,6
26356505,33,50,-1,-1,7
26356045,27,37,-1,-1,6
26354073,4,56,-1,-1,0
26357029,48,26,-1,-1,0
26352250,20,18,-1,-1,1
26352100,52,0,-1,-1,3
26353798,15,18,-1,-1,4
26357101,38,56,-1,-1,2
26356786,42,46,-1,-1,1
26355122,8,37,-1,-1,2
26350127,42,41,-1,-1,7
26355200,10,12,-1,-1,1
26355187,16,26,-1,-1,2
26355311,55,3,-1,-1,1
26353198,25,1,-1,-1,1
26355610,26,19,-1,-1,6
26356912,55,21,-1,-1,6
26350959,35,49,-1,-1,4
26349650,11,54,-1,-1,3
26354926,37,36,-1,-1,5
26354836,34,20,-1,-1,6
26354819,40,41,-1,-1,7
26354843,2,20,-1,-1,4
26357050,24,34,-1,-1,5
26346631,42,7,-1,-1,6
26357192,45,1,-1,-1,4
26339696,29,32,-1,-1,0
26357257,38,18,-1,-1,2
26355661,33,45,-1,-1,1
26355843,30,46,-1,-1,2
26351551,26,37,-1,-1,5
26355514,21,6,-1,-1,1
26354591,4,5,-1,-1,6
26355864,23,38,-1,-1,2
26355723,38,12,-1,-1,3
26356057,45,53,-1,-1,1
26353337,37,48,-1,-1,0
26353760,39,47,-1,-1,2
26357063,32,27,-1,-1,0
26356541,42,42,-1,-1,1
26357181,40,51,-1,-1,6
26356208,19,36,-1,-1,5
26354156,14,5,-1,-1,4
26355177,29,36,-1,-1,3
26356825,5,57,-1,-1,3
26348806,58,32,-1,-1,2
26357028,42,27,-1,-1,5
26356667,58,34,-1,-1,4
26355830,34,58,-1,-1,6
26346283,11,32,-1,-1,7
26355034,4,23,-1,-1,4
26349496,53,21,-1,-1,2
26355677,7,11,-1,-1,2
26347349,33,49,-1,-1,6
26357140,8,16,-1,-1,0
26347510,47,27,-1,-1,7
26353141,20,31,-1,-1,3
26354867,30,35,-1,-1,4
26354322,6,53,-1,-1,1
26351566,22,21,-1,-1,5
26356019,23,34,-1,-1,0
26356849,22,33,-1,-1,7
26357329,19,8,-1,-1,3
26350601,38,58,-1,-1,7
26356760,2,19,-1,-1,5
26352920,49,11,-1,-1,4
26356365,14,56,-1,-1,3
26355386,0,41,-1,-1,6
26355958,56,49,-1,-1,3
26356036,47,19,-1,-1,0
26355333,41,54,-1,-1,0
26357207,39,31,-1,-1,1
26355816,12,50,-1,-1,4
26355808,18,35,-1,-1,5
26357120,3,25,-1,-1,3
26355450,19,45,-1,-1,0
26356573,18,26,-1,-1,4
26356620,35,52,-1,-1,6
26353314,56,3,-1,-1,6
26353447,12,35,-1,-1,2
26353526,5,16,-1,-1,7
26350683,52,13,-1,-1,5
26355507,47,51,-1,-1,7
26353816,11,45,-1,-1,4
26349862,11,23,-1,-1,3
26346843,39,49,-1,-1,3
26356151,25,55,-1,-1,2
26352570,31,27,-1,-1,7
26354092,54,13,-1,-1,2
26355398,4,36,-1,-1,5
26357218,36,0,-1,-1,6
26356589,13,24,-1,-1,3
26350516,55,32,-1,-1,1
26356115,52,35,-1,-1,0
26347827,12,41,-1,-1,7
26354912,27,49,-1,-1,1
26351473,20,39,-1,-1,6
26354750,6,28,-1,-1,0
26353214,25,48,-1,-1,3
26347973,52,54,-1,-1,1
26355115,23,27,-1,-1,5
26356085,28,40,-1,-1,3
26356456,48,56,-1,-1,6
26355906,38,15,-1,-1,6
26344253,24,57,-1,-1,5
26346898,29,13,-1,-1,2
26350792,34,11,-1,-1,3
26355508,12,14,-1,-1,4
26350863,41,14,-1,-1,3
26356617,39,55,-1,-1,2
26351101,55,5,-1,-1,5
26352939,50,28,-1,-1,1
26350532,27,1,-1,-1,7
26357123,32,9,-1,-1,2
26347808,34,37,-1,-1,4
26351458,54,24,-1,-1,3
26351028,28,20,-1,-1,6
26353887,58,3,-1,-1,2
26356023,15,7,-1,-1,3
26352358,2,10,-1,-1,7
26357280,19,4,-1,-1,4
26347195,54,11,-1,-1,5
26353113,54,18,-1,-1,6
26355703,1,37,-1,-1,7
26354170,12,24,-1,-1,7
26356240,11,46,-1,-1,6
26352447,50,36,-1,-1,5
26354254,57,15,-1,-1,7
26352073,13,54,-1,-1,7
26356625,19,14,-1,-1,5
26352751,17,38,-1,-1,7
26355371,54,1,-1,-1,5
26353935,14,44,-1,-1,2
26345685,52,30,-1,-1,4
26357284,28,5,-1,-1,3
26355640,45,19,-1,-1,0
26357475,45,33,-1,-1,4
26356066,43,44,-1,-1,1
26353803,15,43,-1,-1,3
26356924,10,53,-1,-1,7
26357291,27,33,-1,-1,6
26357444,22,29,-1,-1,0
26356204,46,13,-1,-1,1
26356307,53,57,-1,-1,6
26354855,37,30,-1,-1,1
26356176,8,5,-1,-1,2
26351858,53,39,-1,-1,7
26355178,48,11,-1,-1,7
26356486,5,53,-1,-1,7
26357273,51,15,-1,-1,2
26347941,51,35,-1,-1,3
26348963,19,56,-1,-1,0
26356475,57,24,-1,-1,2
26353647,13,56,-1,-1,7
26349468,8,10,-1,-1,4
26352961,13,48,-1,-1,3
26357359,32,10,-1,-1,3
26356833,52,24,-1,-1,4
26355957,10,31,-1,-1,3
26356233,56,8,-1,-1,6
26353629,47,58,-1,-1,1
26356806,4,57,-1,-1,3
26357287,13,1,-1,-1,0
26349614,22,35,-1,-1,0
26357376,11,44,-1,-1,7
26356242,49,28,-1,-1,1
26357363,54,6,-1,-1,3
26349868,51,2,-1,-1,4
26352389,5,40,-1,-1,3
26339598,41,35,-1,-1,4
26356402,1,26,-1,-1,6
26343286,5,26,-1,-1,7
26354022,33,18,-1,-1,0
26348694,37,44,-1,-1,7
26356252,1,8,-1,-1,6
26354020,3,38,-1,-1,1
26354887,20,12,-1,-1,7
26357055,57,22,-1,-1,3
26356943,42,19,-1,-1,4
26354034,44,56,-1,-1,7
26356139,43,40,-1,-1,2
26354999,49,29,-1,-1,5
26357377,37,39,-1,-1,4
26351830,43,27,-1,-1,7
26350362,8,33,-1,-1,1
26349801,36,16,-1,-1,6
26336658,26,48,-1,-1,2
26356548,7,30,-1,-1,0
26352492,10,43,-1,-1,4
26353565,15,40,-1,-1,7
26355538,58,17,-1,-1,6
26356495,43,46,-1,-1,1
26356516,38,10,-1,-1,1
26353268,27,13,-1,-1,2
26354810,22,27,-1,-1,3
26356662,50,17,-1,-1,3
26355456,7,34,-1,-1,5
26354727,43,22,-1,-1,7
26357112,55,42,-1,-1,0
26348111,18,52,-1,-1,3
26353587,27,11,-1,-1,3
26357241,18,5,-1,-1,2
26352177,39,30,-1,-1,2
26349763,25,17,-1,-1,6
26356079,23,8,-1,-1,4
26353512,40,32,-1,-1,7
26351732,5,47,-1,-1,0
26354186,44,27,-1,-1,0
26354174,58,57,-1,-1,2
26353179,7,54,-1,-1,1
26356526,0,50,-1,-1,4
26352734,45,16,-1,-1,6
26355579,44,19,-1,-1,2
26355491,25,31,-1,-1,0
26357042,44,17,-1,-1,4
26353589,14,17,-1,-1,6
26354526,23,22,-1,-1,3
26357373,49,33,-1,-1,7
26351573,7,57,-1,-1,5
26352693,13,4,-1,-1,4
26353398,24,38,-1,-1,5
26347816,27,8,-1,-1,2
26354208,9,34,-1,-1,2
26356622,4,49,-1,-1,4
26349383,19,37,-1,-1,3
26357424,54,15,-1,-1,3
26350647,14,11,-1,-1,6
26356743,1,43,-1,-1,6
26347155,15,58,-1,-1,5
26355326,18,16,-1,-1,2
26354869,22,18,-1,-1,1
26356666,27,9,-1,-1,2
26354554,36,57,-1,-1,7
26353869,2,46,-1,-1,2
26349062,52,58,-1,-1,4
26356412,37,34,-1,-1,2
26357204,32,57,-1,-1,2
26356272,53,12,-1,-1,3
26356792,11,57,-1,-1,2
26346886,11,39,-1,-1,7
26357018,32,39,-1,-1,3
26352132,24,26,-1,-1,0
26351994,44,26,-1,-1,0
26356762,9,55,-1,-1,7
26357115,19,29,-1,-1,0
26354199,12,39,-1,-1,2
26356275,30,52,-1,-1,4
26352749,12,44,-1,-1,2
26351623,37,42,-1,-1,3
26354770,50,9,-1,-1,1
26348691,23,36,-1,-1,5
26353718,48,8,-1,-1,5
26355749,55,58,-1,-1,6
26353306,57,38,-1,-1,1
26357293,11,20,-1,-1,0
26342636,25,44,-1,-1,4
26353024,41,31,-1,-1,1
26345079,12,30,-1,-1,0
26354291,4,27,-1,-1,4
26352091,48,54,-1,-1,2
26353266,38,23,-1,-1,4
26356347,42,4,-1,-1,3
26352802,16,0,-1,-1,0
26356898,52,37,-1,-1,2
26353437,23,15,-1,-1,1
26356369,5,52,-1,-1,4
26356829,38,9,-1,-1,1
26353375,5,56,-1,-1,5
26356722,26,52,-1,-1,5
26357297,39,38,-1,-1,4
26352173,5,55,-1,-1,2
26356787,23,50,-1,-1,3
26355359,9,4,-1,-1,0
26353217,18,22,-1,-1,3
26355401,23,5,-1,-1,4
26356361,5,29,-1,-1,2
26351279,39,7,-1,-1,7
26348859,45,2,-1,-1,1
26346196,27,40,-1,-1,6
26348226,10,20,-1,-1,0
26355846,2,52,-1,-1,3
26354306,31,43,-1,-1,0
26352446,22,56,-1,-1,1
26356033,6,11,-1,-1,1
26353186,33,34,-1,-1,7
26357366,13,52,-1,-1,3
26355997,56,32,-1,-1,2
26352015,13,8,-1,-1,4
26354577,56,29,-1,-1,6
26355803,13,23,-1,-1,4
26353081,28,4,-1,-1,6
26350969,1,55,-1,-1,3
26351582,53,56,-1,-1,7
26356061,7,47,-1,-1,4
26352745,58,43,-1,-1,0
26356545,29,28,-1,-1,0
26350923,30,15,-1,-1,2
26357217,19,40,-1,-1,0
26351915,21,10,-1,-1,2
26356566,7,35,-1,-1,1
26356169,16,28,-1,-1,1
26354879,15,55,-1,-1,7
26353159,1,6,-1,-1,3
26356010,31,39,-1,-1,1
26355131,44,52,-1,-1,0
26354282,51,43,-1,-1,2
26357155,18,23,-1,-1,5
26356749,1,3,-1,-1,5
26355465,45,50,-1,-1,4
26354252,57,34,-1,-1,3
26356411,25,57,-1,-1,2
26356253,49,17,-1,-1,4
26349569,43,48,-1,-1,2
26356802,48,2,-1,-1,6
26353457,11,18,-1,-1,0
26344953,5,35,-1,-1,7
26356337,11,55,-1,-1,7
26355750,35,48,-1,-1,1
26354085,55,36,-1,-1,4
26347354,55,20,-1,-1,1
26354803,7,13,-1,-1,1
26357315,47,45,-1,-1,7
26357303,54,19,-1,-1,7
26355388,3,2,-1,-1,2
26355575,12,19,-1,-1,2
26357292,38,36,-1,-1,7
26356977,43,37,-1,-1,5
26355147,32,48,-1,-1,5
26355406,34,29,-1,-1,5
26354649,11,47,-1,-1,1
26352462,7,7,-1,-1,3
26356913,30,7,-1,-1,0
26346783,28,19,-1,-1,4
26356278,33,21,-1,-1,3
26356551,20,41,-1,-1,4
26355011,2,3,-1,-1,7
26351644,57,27,-1,-1,7
26355053,32,12,-1,-1,3
26355126,55,16,-1,-1,3
26356271,54,51,-1,-1,2
26351441,14,58,-1,-1,4
26353944,37,33,-1,-1,3
26355108,49,5,-1,-1,6
26348891,42,23,-1,-1,5
26354283,37,9,-1,-1,4
26356274,0,39,-1,-1,7
26356109,8,24,-1,-1,6
26355577,31,1,-1,-1,2
26352323,49,57,-1,-1,0
26354430,5,1,-1,-1,3
26351413,18,19,-1,-1,7
26356794,21,30,-1,-1,7
26353243,35,37,-1,-1,6
26357482,15,50,-1,-1,7
26352160,15,32,-1,-1,1
26356903,50,55,-1,-1,5
26343956,33,37,-1,-1,1
26356213,11,41,-1,-1,3
26354061,43,5,-1,-1,4
26356956,23,43,-1,-1,6
26357167,54,53,-1,-1,3
26355522,48,9,-1,-1,7
26337066,3,17,-1,-1,7
26354184,47,38,-1,-1,3
26356329,28,35,-1,-1,4
26345870,30,50,-1,-1,4
26353883,27,55,-1,-1,5
26347044,54,0,-1,-1,4
26343553,28,55,-1,-1,3
26356728,8,21,-1,-1,5
26357201,25,51,-1,-1,6
26355102,30,54,-1,-1,1
26355934,50,20,-1,-1,0
26353071,26,21,-1,-1,1
26353627,58,53,-1,-1,4
26355385,31,14,-1,-1,2
26355828,4,16,-1,-1,2
26356315,58,50,-1,-1,4
26354847,3,31,-1,-1,6
26354894,52,8,-1,-1,4
26356222,42,26,-1,-1,7
26355297,24,40,-1,-1,1
26346796,2,12,-1,-1,4
26355979,18,25,-1,-1,3
26355378,40,39,-1,-1,1
26357274,58,48,-1,-1,3
26354923,21,31,-1,-1,7
26357102,23,4,-1,-1,1
26357384,56,38,-1,-1,0
26352731,23,7,-1,-1,2
26355477,49,8,-1,-1,1
26353876,7,10,-1,-1,1
26356420,7,32,-1,-1,5
26356223,9,25,-1,-1,3
26355815,16,42,-1,-1,4
26347598,55,46,-1,-1,0
26350296,24,3,-1,-1,3
26355197,58,28,-1,-1,2
26354024,25,24,-1,-1,4
26356872,2,31,-1,-1,2
26352221,26,41,-1,-1,7
26357304,51,48,-1,-1,3
26354352,49,41,-1,-1,4
26354098,33,10,-1,-1,2
26357383,11,49,-1,-1,4
26352117,58,27,-1,-1,5
26350936,14,34,-1,-1,6
26347865,37,4,-1,-1,4
26357254,53,23,-1,-1,5
26345382,19,39,-1,-1,0
26353663,48,51,-1,-1,7
26353152,5,24,-1,-1,7
26351034,4,38,-1,-1,6
26350205,39,53,-1,-1,5
26355373,47,48,-1,-1,5
26337145,30,20,-1,-1,2
26343137,31,53,-1,-1,0
26350608,15,3,-1,-1,3
26355156,48,12,-1,-1,2
26355286,44,46,-1,-1,3
26354848,0,34,-1,-1,6
26352949,50,15,-1,-1,6
26357454,14,28,-1,-1,2
26353755,22,26,-1,-1,0
26348158,15,27,-1,-1,5
26357031,19,47,-1,-1,1
26344839,36,3,-1,-1,1
26356953,25,27,-1,-1,7
26356867,4,48,-1,-1,0
26356843,15,9,-1,-1,5
26356427,52,18,-1,-1,1
26356159,49,55,-1,-1,7
26355383,21,55,-1,-1,0
26356750,44,7,-1,-1,0
26356228,10,35,-1,-1,7
26355568,3,20,-1,-1,1
26356523,20,8,-1,-1,2
26357381,35,30,-1,-1,1
26357091,22,52,-1,-1,1
26350328,58,13,-1,-1,5
26355393,18,56,-1,-1,7
26355903,13,5,-1,-1,6
26357457,58,47,-1,-1,3
26356927,8,22,-1,-1,7
26351869,55,37,-1,-1,5
26352450,45,29,-1,-1,4
26356462,33,16,-1,-1,3
26351772,21,8,-1,-1,6
26357110,16,29,-1,-1,2
26357446,15,53,-1,-1,5
26357017,47,21,-1,-1,7
26356984,57,46,-1,-1,0
26356886,30,8,-1,-1,0
26357220,15,45,-1,-1,4
26355525,32,37,-1,-1,1
26357439,50,1,-1,-1,0
26354397,46,39,-1,-1,2
26351712,45,11,-1,-1,1
26356421,29,7,-1,-1,5
26357395,0,33,-1,-1,2
26354031,53,49,-1,-1,2
26352750,28,30,-1,-1,5
26355961,2,47,-1,-1,2
26355984,10,42,-1,-1,3
26342376,0,58,-1,-1,0
26353945,33,0,-1,-1,0
26356050,47,7,-1,-1,3
26355382,9,19,-1,-1,3
26355044,55,38,-1,-1,1
26355143,58,23,-1,-1,3
26357036,26,16,-1,-1,1
26354067,51,32,-1,-1,7
26356175,17,43,-1,-1,0
26349040,23,39,-1,-1,4
26357121,54,9,-1,-1,5
26346094,0,32,-1,-1,0
26357401,46,10,-1,-1,0
26356100,17,6,-1,-1,0
26356119,6,56,-1,-1,2
26352540,5,0,-1,-1,4
26356703,41,46,-1,-1,0
26351725,50,38,-1,-1,2
26357088,42,0,-1,-1,3
26354243,52,28,-1,-1,4
26353341,42,44,-1,-1,1
26355819,1,57,-1,-1,3
26356655,43,1,-1,-1,5
26354393,0,21,-1,-1,3
26354168,22,24,-1,-1,6
26353916,35,57,-1,-1,1
26352468,39,40,-1,-1,0
26356928,12,51,-1,-1,6
26349034,44,0,-1,-1,6
26354417,48,20,-1,-1,3
26355853,47,10,-1,-1,0
26356771,30,56,-1,-1,6
26355533,15,44,-1,-1,0
26357432,8,53,-1,-1,7
26357320,46,0,-1,-1,3
26357159,57,0,-1,-1,5
26356105,56,25,-1,-1,3
26356037,42,50,-1,-1,3
26351278,48,46,-1,-1,0
26353648,57,6,-1,-1,5
26353068,40,56,-1,-1,7
26352690,12,20,-1,-1,6
26357215,40,5,-1,-1,6
26356823,58,0,-1,-1,2
26355683,29,55,-1,-1,3
26356534,42,5,-1,-1,7
26356410,10,41,-1,-1,3
26356820,48,19,-1,-1,4
26356189,11,6,-1,-1,4
26352207,31,51,-1,-1,2
26354179,14,3,-1,-1,6
26352419,55,15,-1,-1,0
26356011,45,39,-1,-1,5
26357198,45,14,-1,-1,4
26355678,13,17,-1,-1,2
26352349,15,5,-1,-1,3
26350470,40,45,-1,-1,1
26354371,8,51,-1,-1,0
26357340,36,12,-1,-1,5
26356725,48,33,-1,-1,2
26355488,3,48,-1,-1,4
26356670,13,46,-1,-1,1
26356948,12,5,-1,-1,4
26355043,33,40,-1,-1,4
26356124,39,48,-1,-1,7
26352976,56,37,-1,-1,7
26355553,3,24,-1,-1,7
26350505,28,42,-1,-1,1
26355162,1,0,-1,-1,2
26351971,26,53,-1,-1,4
26357158,9,12,-1,-1,2
26353230,16,31,-1,-1,7
26356962,31,54,-1,-1,2
26356360,49,32,-1,-1,4
26356172,54,7,-1,-1,4
26347855,32,19,-1,-1,6
26350621,15,30,-1,-1,0
26357067,30,12,-1,-1,6
26356793,33,44,-1,-1,1
26354275,7,41,-1,-1,3
26355261,11,33,-1,-1,4
26354793,57,37,-1,-1,0
26355858,31,47,-1,-1,2
26355284,29,39,-1,-1,5
26357134,4,0,-1,-1,5
26353817,24,20,-1,-1,2
26340580,53,40,-1,-1,3
26354689,44,12,-1,-1,7
26357309,45,46,-1,-1,6
26354584,27,57,-1,-1,1
26355666,17,22,-1,-1,7
26348085,0,46,-1,-1,2
26346224,35,5,-1,-1,2
26355978,39,14,-1,-1,2
26348472,17,44,-1,-1,6
26355358,9,26,-1,-1,2
26357129,5,8,-1,-1,0
26356470,11,37,-1,-1,0
26354350,0,40,-1,-1,0
26354159,55,26,-1,-1,4
26355930,35,15,-1,-1,5
26355801,55,14,-1,-1,6
26354396,44,45,-1,-1,2
26354206,47,54,-1,-1,2
26353175,12,15,-1,-1,6
26355084,32,5,-1,-1,5
26351803,28,24,-1,-1,4
26353170,47,47,-1,-1,6
26352498,52,16,-1,-1,2
26357182,36,13,-1,-1,2
26355836,38,45,-1,-1,5
26353717,52,51,-1,-1,7
26356598,1,18,-1,-1,4
26351664,26,24,-1,-1,0
26353897,12,33,-1,-1,4
26357044,13,44,-1,-1,6
26351464,17,19,-1,-1,3
26355344,52,50,-1,-1,3
26350592,56,13,-1,-1,1
26352453,23,51,-1,-1,2
26356494,13,38,-1,-1,5
26354041,53,38,-1,-1,4
26354214,1,31,-1,-1,3
26352534,10,7,-1,-1,5
26352046,30,17,-1,-1,3
26355763,27,19,-1,-1,3
26354567,21,53,-1,-1,7
26357195,41,38,-1,-1,4
26353784,3,14,-1,-1,3
26354440,21,0,-1,-1,6
26356056,16,8,-1,-1,6
26354710,11,14,-1,-1,1
26348699,48,18,-1,-1,3
26352025,2,41,-1,-1,5
26357323,46,27,-1,-1,0
26357299,25,47,-1,-1,3
26352032,41,27,-1,-1,6
26352860,22,28,-1,-1,7
26355574,43,50,-1,-1,2
26353144,13,22,-1,-1,0
26355427,31,9,-1,-1,6
26356775,49,31,-1,-1,6
26344520,43,31,-1,-1,2
26350543,31,36,-1,-1,1
26349183,6,35,-1,-1,0
26356426,21,5,-1,-1,7
26353815,35,3,-1,-1,2
26356378,51,55,-1,-1,6
26357062,21,28,-1,-1,6
26356174,37,1,-1,-1,4
26353239,44,14,-1,-1,4
26351236,19,44,-1,-1,7
26353806,11,12,-1,-1,2
26356933,33,55,-1,-1,5
26356334,26,54,-1,-1,0
26355990,29,16,-1,-1,4
26348927,47,37,-1,-1,4
26357463,4,14,-1,-1,6
26355572,57,9,-1,-1,2
26354288,15,11,-1,-1,6
26357409,22,50,-1,-1,4
26354225,37,2,-1,-1,0
26353459,46,28,-1,-1,2
26357347,51,12,-1,-1,1
26350913,43,17,-1,-1,0
26353458,27,45,-1,-1,0
26351771,18,27,-1,-1,5
26349242,53,13,-1,-1,2
26356930,45,13,-1,-1,7
26357034,13,21,-1,-1,6
26355353,1,34,-1,-1,5
26350829,16,22,-1,-1,5
26357047,41,43,-1,-1,0
26357021,33,33,-1,-1,3
26354296,18,47,-1,-1,7
26356649,27,54,-1,-1,0
26351641,21,48,-1,-1,2
26357348,58,12,-1,-1,3
26355780,53,34,-1,-1,1
26349767,39,26,-1,-1,4
26355914,44,8,-1,-1,6
26353018,31,49,-1,-1,7
26349799,35,36,-1,-1,0
26356884,28,29,-1,-1,3
26354857,23,1,-1,-1,4
26354885,42,55,-1,-1,1
26356146,26,20,-1,-1,6
26352474,58,39,-1,-1,5
26352533,28,11,-1,-1,0
26352958,41,9,-1,-1,0
26354558,25,28,-1,-1,0
26357223,16,51,-1,-1,4
26350852,56,33,-1,-1,4
26355119,41,50,-1,-1,4
26351940,18,13,-1,-1,6
26349486,50,47,-1,-1,2
26356684,46,34,-1,-1,2
26355109,36,58,-1,-1,2
26339044,8,23,-1,-1,2
26354535,39,45,-1,-1,3
26356661,12,22,-1,-1,5
26350938,35,11,-1,-1,3
26354467,10,32,-1,-1,6
26354582,40,28,-1,-1,2
26355509,43,33,-1,-1,3
26356386,2,40,-1,-1,7
26353859,54,12,-1,-1,0
26352425,29,46,-1,-1,0
26355924,28,34,-1,-1,4
26351711,35,20,-1,-1,5
26352350,21,2,-1,-1,5
26357262,30,14,-1,-1,1
26353107,53,42,-1,-1,2
26346133,52,36,-1,-1,5
26357460,0,9,-1,-1,5
26356893,27,12,-1,-1,3
26356414,32,11,-1,-1,6
26355367,43,15,-1,-1,1
26356584,13,45,-1,-1,1
26352598,41,2,-1,-1,3
26356025,35,31,-1,-1,6
26357119,23,49,-1,-1,1
26354765,22,19,-1,-1,4
26354328,16,9,-1,-1,0
26354138,15,26,-1,-1,4
26356327,10,56,-1,-1,5
26352033,21,35,-1,-1,1
26354166,3,41,-1,-1,6
26351810,8,19,-1,-1,2
26357232,49,39,-1,-1,0
26357210,13,49,-1,-1,7
26347593,32,51,-1,-1,3
26353570,32,47,-1,-1,6
26356417,16,13,-1,-1,4
26356590,16,56,-1,-1,7
26355468,34,46,-1,-1,2
26354725,49,7,-1,-1,7
26353532,5,36,-1,-1,3
26349176,12,31,-1,-1,7
26357469,11,15,-1,-1,4
26356120,8,4,-1,-1,2
26351952,50,6,-1,-1,2
26353393,11,30,-1,-1,7
26354888,56,39,-1,-1,0
26351064,39,20,-1,-1,2
26354185,37,56,-1,-1,7
26353015,46,54,-1,-1,2
26356471,23,42,-1,-1,7
26342375,42,22,-1,-1,7
26355877,9,36,-1,-1,3
26355063,10,51,-1,-1,6
26354245,41,26,-1,-1,2
26356920,40,44,-1,-1,5
26355169,29,12,-1,-1,1
26349091,37,25,-1,-1,0
26356957,23,2,-1,-1,3
26343997,47,1,-1,-1,3
26355868,30,40,-1,-1,6
26354379,6,31,-1,-1,2
26354627,41,45,-1,-1,6
26356328,48,37,-1,-1,2
26355441,32,28,-1,-1,1
26355552,15,28,-1,-1,1
26357440,53,9,-1,-1,0
26352472,11,52,-1,-1,2
26356715,9,49,-1,-1,1
26356350,13,28,-1,-1,3
26356533,32,50,-1,-1,6
26354751,24,48,-1,-1,1
26355857,47,11,-1,-1,6
26344740,37,31,-1,-1,4
26355076,34,56,-1,-1,5
26356195,37,5,-1,-1,4
26356282,21,16,-1,-1,2
26351161,18,4,-1,-1,6
26354218,6,33,-1,-1,6
26354266,8,29,-1,-1,7
26355725,22,45,-1,-1,5
26356858,7,46,-1,-1,5
26355641,7,39,-1,-1,4
26353844,54,14,-1,-1,0
26356969,49,24,-1,-1,7
26351407,27,44,-1,-1,5
26355529,16,18,-1,-1,2
26354533,12,6,-1,-1,6
26349529,25,2,-1,-1,2
26356424,1,32,-1,-1,0
26357176,19,57,-1,-1,2
26356116,44,28,-1,-1,7
26356676,26,26,-1,-1,1
26356088,5,50,-1,-1,5
26355218,3,21,-1,-1,4
26356511,22,20,-1,-1,7
26354312,51,28,-1,-1,1
26357212,51,10,-1,-1,1
26357272,31,30,-1,-1,7
26346885,17,40,-1,-1,5
26357208,5,38,-1,-1,3
26355676,14,36,-1,-1,2
26355163,45,15,-1,-1,6
26357313,32,4,-1,-1,6
26357135,3,54,-1,-1,3
26355823,31,32,-1,-1,4
26354049,39,19,-1,-1,6
26354356,40,17,-1,-1,4
26355724,22,34,-1,-1,0
26353870,54,47,-1,-1,3
26357455,12,56,-1,-1,1
26354060,10,47,-1,-1,2
26354796,9,53,-1,-1,7
26351422,50,51,-1,-1,4
26352170,14,27,-1,-1,2
26356668,27,39,-1,-1,0
26356576,41,3,-1,-1,2
26355879,39,33,-1,-1,3
26343456,30,2,-1,-1,0
26352722,23,11,-1,-1,6
26354956,24,54,-1,-1,5
26355612,24,11,-1,-1,3
26353672,20,47,-1,-1,3
26356156,55,2,-1,-1,0
26352679,29,27,-1,-1,2
26351090,42,34,-1,-1,5
26344130,4,2,-1,-1,3
26351359,58,21,-1,-1,3
26356691,25,35,-1,-1,3
26352537,33,27,-1,-1,2
26356563,35,35,-1,-1,1
26355275,7,19,-1,-1,0
26356606,38,44,-1,-1,0
26357163,43,54,-1,-1,0
26355493,21,26,-1,-1,7
26357011,39,44,-1,-1,0
26356572,49,34,-1,-1,1
26355272,26,33,-1,-1,2
26351182,11,1,-1,-1,3
26357305,48,45,-1,-1,7
26356177,38,38,-1,-1,0
26348299,11,29,-1,-1,0
26351895,48,39,-1,-1,6
26357231,24,42,-1,-1,7
26349016,49,48,-1,-1,3
26355092,19,46,-1,-1,1
26353519,51,49,-1,-1,5
26343848,23,56,-1,-1,6
26356291,6,54,-1,-1,5
26350739,58,11,-1,-1,4
26356742,20,17,-1,-1,0
26350298,39,8,-1,-1,3
26345413,38,2,-1,-1,5
26355812,31,17,-1,-1,1
26355940,20,27,-1,-1,0
26355024,54,49,-1,-1,5
26356007,16,12,-1,-1,0
26353539,12,34,-1,-1,2
26353385,48,22,-1,-1,3
26357152,7,20,-1,-1,7
26356142,12,9,-1,-1,6
26354720,18,28,-1,-1,1
26353652,27,34,-1,-1,3
26355746,38,49,-1,-1,5
26351281,18,18,-1,-1,7
26355740,37,41,-1,-1,5
26357172,41,44,-1,-1,6
26352074,28,38,-1,-1,4
26348157,15,46,-1,-1,0
26355578,10,9,-1,-1,0
26352603,28,48,-1,-1,1
26353203,18,12,-1,-1,6
26354981,39,15,-1,-1,0
26354305,21,4,-1,-1,6
26351243,30,5,-1,-1,0
26355831,17,9,-1,-1,2
26354514,29,52,-1,-1,4
26354078,1,15,-1,-1,5
26357174,16,7,-1,-1,0
26357459,52,46,-1,-1,4
26357335,40,38,-1,-1,4
26357177,23,45,-1,-1,7
26355537,56,12,-1,-1,4
26355859,7,58,-1,-1,0
26357394,16,54,-1,-1,6
26349161,21,12,-1,-1,1
26356811,24,32,-1,-1,6
26349732,47,17,-1,-1,5
26357285,7,25,-1,-1,6
26357378,49,38,-1,-1,3
26356818,47,35,-1,-1,2
26339108,46,1,-1,-1,2
26356191,24,30,-1,-1,1
26355106,50,35,-1,-1,6
26343694,36,56,-1,-1,1
26356209,21,23,-1,-1,3
26356731,49,47,-1,-1,2
26353923,10,45,-1,-1,4
26355208,14,19,-1,-1,7
26356089,22,17,-1,-1,3
26349668,54,20,-1,-1,2
26351386,33,36,-1,-1,6
26355144,26,44,-1,-1,7
26355802,40,3,-1,-1,5
26353739,49,56,-1,-1,0
26342293,35,19,-1,-1,6
26355649,10,34,-1,-1,0
26357336,41,10,-1,-1,0
26352390,46,58,-1,-1,0
26356184,35,25,-1,-1,0
26354908,28,1,-1,-1,6
26355965,19,17,-1,-1,5
26355711,48,16,-1,-1,7
26351754,28,18,-1,-1,1
26356726,40,9,-1,-1,0
26356295,54,27,-1,-1,4
26350210,57,23,-1,-1,3
26353826,54,8,-1,-1,2
26349948,46,32,-1,-1,1
26356836,56,51,-1,-1,2
26356865,1,52,-1,-1,3
26353949,55,56,-1,-1,4
26355181,31,13,-1,-1,7
26355662,27,58,-1,-1,6
26353248,31,10,-1,-1,2
26354079,55,1,-1,-1,7
26350697,6,16,-1,-1,5
26352195,19,20,-1,-1,2
26354454,43,41,-1,-1,1
26355982,21,22,-1,-1,5
26356073,47,55,-1,-1,3
26351167,50,58,-1,-1,4
26355196,4,25,-1,-1,7
26352171,33,51,-1,-1,4
26357095,8,11,-1,-1,4
26355413,58,44,-1,-1,0
26353828,52,32,-1,-1,1
26353190,31,15,-1,-1,6
26354052,19,19,-1,-1,5
26353032,50,7,-1,-1,7
26356009,53,58,-1,-1,4
26357084,1,24,-1,-1,6
26355400,12,2,-1,-1,1
26357316,28,46,-1,-1,6
26357130,33,20,-1,-1,2
26351848,42,53,-1,-1,5
26353241,36,46,-1,-1,6
26350041,39,18,-1,-1,7
26346067,0,54,-1,-1,5
26356954,19,51,-1,-1,3
26357434,14,51,-1,-1,0
26350570,31,6,-1,-1,1
26353288,50,54,-1,-1,7
26356408,7,27,-1,-1,7
26354657,6,34,-1,-1,2
26354741,23,57,-1,-1,7
26352158,27,46,-1,-1,3
26354149,49,14,-1,-1,6
26357353,9,21,-1,-1,1
26343853,20,29,-1,-1,4
26353674,11,40,-1,-1,4
26355476,11,27,-1,-1,5
26338865,39,13,-1,-1,6
26357060,23,16,-1,-1,2
26357389,36,21,-1,-1,7
26355104,1,35,-1,-1,0
26357104,4,18,-1,-1,7
26351159,47,8,-1,-1,0
26350915,16,33,-1,-1,6
26355663,1,11,-1,-1,4
26350509,3,40,-1,-1,7
26357296,42,52,-1,-1,7
26351349,57,2,-1,-1,4
26349695,27,53,-1,-1,5
26353819,48,36,-1,-1,5
26353829,5,49,-1,-1,0
26354639,42,18,-1,-1,3
26353287,20,51,-1,-1,1
26345339,2,25,-1,-1,6
26353908,24,44,-1,-1,7
26356754,4,28,-1,-1,0
26356491,39,34,-1,-1,4
26349006,49,15,-1,-1,4
26353308,49,44,-1,-1,3
26347374,48,53,-1,-1,7
26356788,41,53,-1,-1,6
26356610,15,39,-1,-1,5
26353804,55,53,-1,-1,1
26353401,16,43,-1,-1,1
26355770,10,55,-1,-1,1
26352343,13,2,-1,-1,1
26352105,11,5,-1,-1,6
26343234,37,54,-1,-1,2
26355856,29,38,-1,-1,2
26353460,46,19,-1,-1,2
26354278,17,27,-1,-1,2
26351542,17,36,-1,-1,0
26355038,47,30,-1,-1,3
26349560,23,29,-1,-1,4
26345386,52,21,-1,-1,7
26356098,16,47,-1,-1,3
26346992,30,48,-1,-1,6
26357352,28,54,-1,-1,1
26337864,6,4,-1,-1,2
26357403,49,18,-1,-1,4
26354608,34,55,-1,-1,7
26356789,22,32,-1,-1,1
26353549,14,6,-1,-1,3
26345281,36,50,-1,-1,5
26357346,53,51,-1,-1,7
26350698,55,41,-1,-1,6
26353184,21,57,-1,-1,3
26356759,10,8,-1,-1,6
26356269,43,52,-1,-1,5
26349476,38,11,-1,-1,4
26356732,31,28,-1,-1,2
26352812,9,46,-1,-1,6
26341444,28,47,-1,-1,6
26353096,19,53,-1,-1,4
26355820,4,32,-1,-1,5
26352733,23,52,-1,-1,3
26352927,33,23,-1,-1,4
26353349,37,18,-1,-1,0
26354781,24,52,-1,-1,1
26353985,0,1,-1,-1,5
26347884,44,55,-1,-1,6
26350531,46,25,-1,-1,2
26353424,13,19,-1,-1,7
26356736,38,39,-1,-1,3
26353758,14,45,-1,-1,0
26354056,51,51,-1,-1,6
26357033,7,40,-1,-1,5
26353508,13,37,-1,-1,5
26351956,29,21,-1,-1,6
26357431,23,19,-1,-1,4
26353360,58,25,-1,-1,4
26356918,30,26,-1,-1,0
26354929,16,57,-1,-1,4
26340168,31,45,-1,-1,5
26357385,44,48,-1,-1,3
26357098,38,54,-1,-1,4
26343481,51,3,-1,-1,3
26356971,51,37,-1,-1,7
26356855,51,25,-1,-1,7
26354592,12,1,-1,-1,0
26354494,20,58,-1,-1,2
26355453,53,16,-1,-1,1
26354692,53,20,-1,-1,1
26356310,38,51,-1,-1,1
26353313,36,47,-1,-1,1
26355998,29,50,-1,-1,1
26354868,50,40,-1,-1,3
26357458,44,18,-1,-1,7
26356005,18,10,-1,-1,5
26354809,32,6,-1,-1,0
26357410,39,0,-1,-1,4
26357039,10,14,-1,-1,2
26355615,34,32,-1,-1,2
26354652,0,6,-1,-1,3
26354519,56,42,-1,-1,6
26355276,10,23,-1,-1,3
26351674,54,33,-1,-1,6
26353946,56,55,-1,-1,0
26356958,44,35,-1,-1,2
26355328,3,35,-1,-1,2
26356211,24,19,-1,-1,1
26357497,28,56,-1,-1,1
26351261,48,29,-1,-1,3
26355251,31,25,-1,-1,7
26354800,55,34,-1,-1,0
26356171,36,17,-1,-1,7
26353849,16,3,-1,-1,1
26356281,24,6,-1,-1,3
26351025,44,15,-1,-1,0
26349422,48,32,-1,-1,6
26356741,13,57,-1,-1,4
26356097,58,2,-1,-1,1
26355909,47,16,-1,-1,5
26355947,58,29,-1,-1,4
26356226,43,6,-1,-1,4
26355542,32,42,-1,-1,0
26356138,43,20,-1,-1,1
26355794,40,31,-1,-1,6
26356509,5,51,-1,-1,3
26349092,53,24,-1,-1,5
26353597,16,15,-1,-1,4
26356047,14,30,-1,-1,5
26342396,51,34,-1,-1,7
26354410,51,33,-1,-1,7
26355977,25,54,-1,-1,5
26355372,17,13,-1,-1,0
26355277,9,45,-1,-1,6
26357392,42,16,-1,-1,1
26352799,30,1,-1,-1,7
26348652,51,39,-1,-1,5
26353791,6,21,-1,-1,4
26354402,18,41,-1,-1,1
26354435,58,49,-1,-1,4
26355264,3,30,-1,-1,3
26351444,48,13,-1,-1,3
26356231,56,35,-1,-1,1
26355910,41,57,-1,-1,2
26355481,26,2,-1,-1,6
26352791,38,42,-1,-1,5
26340442,48,43,-1,-1,0
26357001,15,2,-1,-1,7
26344423,14,24,-1,-1,6
26356484,14,26,-1,-1,6
26357048,48,30,-1,-1,6
26342791,2,22,-1,-1,6
26350043,15,37,-1,-1,3
26355549,57,55,-1,-1,0
26354099,9,40,-1,-1,3
26354902,48,0,-1,-1,0
26351342,17,37,-1,-1,1
26356210,58,58,-1,-1,6
26355904,29,4,-1,-1,4
26356321,35,54,-1,-1,0
26356939,29,47,-1,-1,5
26345822,34,33,-1,-1,3
26340705,25,50,-1,-1,3
26356215,21,20,-1,-1,3
26352870,4,29,-1,-1,1
26356284,57,50,-1,-1,1
26352900,9,29,-1,-1,5
26357445,25,14,-1,-1,1
26355304,32,43,-1,-1,1
26352777,2,0,-1,-1,7
26355785,53,25,-1,-1,7
26352320,44,23,-1,-1,4
26356434,7,33,-1,-1,7
26353696,12,23,-1,-1,4
26353551,51,53,-1,-1,6
26357288,15,57,-1,-1,2
26355686,54,31,-1,-1,4
26354792,4,55,-1,-1,1
26356673,42,2,-1,-1,6
26356248,5,48,-1,-1,0
26353855,32,38,-1,-1,0
26356882,58,5,-1,-1,3
26356630,54,34,-1,-1,4
26354469,49,13,-1,-1,2
26355303,27,5,-1,-1,7
26356716,19,42,-1,-1,7
26357068,36,42,-1,-1,0
26356774,12,4,-1,-1,7
26357103,47,52,-1,-1,7
26356602,51,31,-1,-1,4
26357341,37,58,-1,-1,6
26357089,26,42,-1,-1,5
26356428,7,4,-1,-1,5
26354568,29,56,-1,-1,4
26357451,10,11,-1,-1,0
26356440,49,20,-1,-1,1
26355735,56,9,-1,-1,0
26355818,23,35,-1,-1,6
26356113,8,45,-1,-1,5
26356894,19,58,-1,-1,2
26349205,26,22,-1,-1,3
26356698,41,23,-1,-1,7
26357187,20,20,-1,-1,0
26353789,28,41,-1,-1,5
26357170,23,28,-1,-1,5
26356995,5,20,-1,-1,5
26354118,3,28,-1,-1,4
26355511,23,20,-1,-1,0
26354319,22,41,-1,-1,6
26357206,8,9,-1,-1,2
26353917,49,37,-1,-1,3
26355896,45,42,-1,-1,4
26348553,50,27,-1,-1,3
26355018,7,12,-1,-1,6
26356747,30,42,-1,-1,0
26352719,37,21,-1,-1,0
26354307,30,53,-1,-1,0
26355849,52,52,-1,-1,5
26352783,24,1,-1,-1,2
26350663,33,42,-1,-1,1
26356304,34,15,-1,-1,7
26351714,12,49,-1,-1,7
26353111,26,58,-1,-1,1
26356807,18,11,-1,-1,2
26352632,6,19,-1,-1,5
26342709,54,37,-1,-1,2
26347635,17,48,-1,-1,2
26354945,56,40,-1,-1,3
26356648,36,18,-1,-1,7
26356367,1,44,-1,-1,4
26356091,47,36,-1,-1,2
26355968,42,47,-1,-1,4
26348319,36,53,-1,-1,1
26353035,51,0,-1,-1,7
26354475,5,33,-1,-1,1
26356442,15,20,-1,-1,2
26352267,33,7,-1,-1,3
26349511,22,47,-1,-1,2
26356718,23,48,-1,-1,1
26356096,22,1,-1,-1,1
26355787,10,18,-1,-1,1
26356624,26,23,-1,-1,0
26342935,19,48,-1,-1,7
26356459,14,42,-1,-1,0
26356355,8,31,-1,-1,3
26355149,53,14,-1,-1,5
26354955,20,35,-1,-1,7
26354212,13,41,-1,-1,5
26354066,17,7,-1,-1,6
26353191,46,44,-1,-1,6
26353814,44,10,-1,-1,3
26353163,32,41,-1,-1,3
26356346,6,51,-1,-1,1
26356238,13,27,-1,-1,2
26357370,52,40,-1,-1,0
26356299,37,22,-1,-1,1
26353249,39,12,-1,-1,2
26356831,23,10,-1,-1,2
26355700,17,17,-1,-1,7
26354616,36,7,-1,-1,6
26357322,40,50,-1,-1,1
26353021,0,28,-1,-1,1
26356448,29,0,-1,-1,2
26356137,33,56,-1,-1,3
26353697,19,38,-1,-1,6
26357105,28,2,-1,-1,7
26357240,0,5,-1,-1,5
26356256,3,11,-1,-1,3
26357268,35,22,-1,-1,1
26356180,2,32,-1,-1,2
26352709,11,51,-1,-1,5
26351563,14,13,-1,-1,5
26357052,26,43,-1,-1,2
26350561,12,47,-1,-1,2
26356354,45,21,-1,-1,7
26340028,36,55,-1,-1,2
26350786,22,12,-1,-1,0
26354895,42,20,-1,-1,3
26354995,11,21,-1,-1,0
26357393,0,12,-1,-1,5
26346341,16,5,-1,-1,5
26355777,21,50,-1,-1,0
26357487,4,22,-1,-1,7
26353377,18,42,-1,-1,0
26354536,3,10,-1,-1,2
26356892,53,5,-1,-1,2
26353226,45,51,-1,-1,0
26357100,14,32,-1,-1,2
26350512,19,16,-1,-1,4
26354468,39,54,-1,-1,4
26355066,40,6,-1,-1,2
26355919,43,9,-1,-1,3
26355769,1,14,-1,-1,2
26356303,14,46,-1,-1,7
26354490,34,19,-1,-1,7
26355566,28,37,-1,-1,6
26354272,54,28,-1,-1,4
26357382,44,31,-1,-1,5
26357379,31,24,-1,-1,4
26357106,27,7,-1,-1,2
26354744,19,35,-1,-1,2
26357243,2,49,-1,-1,3
26356626,24,58,-1,-1,6
26351835,44,43,-1,-1,2
26357411,1,17,-1,-1,6
26353818,21,29,-1,-1,1
26350104,25,56,-1,-1,7
26357397,4,34,-1,-1,3
26343409,1,40,-1,-1,1
26356246,24,37,-1,-1,0
26352809,21,45,-1,-1,7
26352840,12,45,-1,-1,7
26355155,14,16,-1,-1,7
26357075,41,24,-1,-1,3
26355637,21,39,-1,-1,6
26356196,28,33,-1,-1,5
26355609,25,49,-1,-1,0
26356998,26,30,-1,-1,4
26352663,42,29,-1,-1,2
26350640,21,52,-1,-1,0
26352008,50,21,-1,-1,2
26356214,27,32,-1,-1,1
26357386,57,31,-1,-1,0
26356842,12,0,-1,-1,0
26353116,26,4,-1,-1,4
26357227,23,30,-1,-1,7
26355217,50,8,-1,-1,5
26355600,41,49,-1,-1,0
26354369,1,5,-1,-1,7
26355971,29,2,-1,-1,6
26354904,46,30,-1,-1,7
26357413,4,24,-1,-1,7
26355870,43,38,-1,-1,3
26356490,31,29,-1,-1,4
26353019,49,27,-1,-1,6
26355648,57,29,-1,-1,5
26357247,49,9,-1,-1,3
26353971,17,49,-1,-1,0
26353821,26,55,-1,-1,5
26355409,2,51,-1,-1,1
26357489,35,55,-1,-1,5
26354359,40,42,-1,-1,6
26355305,34,42,-1,-1,7
26356723,38,33,-1,-1,0
26351652,58,33,-1,-1,6
26355869,39,23,-1,-1,2
26356478,52,56,-1,-1,5
26346763,52,42,-1,-1,1
26356651,24,22,-1,-1,6
26356444,45,6,-1,-1,5
26356877,37,38,-1,-1,5
26352131,16,32,-1,-1,6
26347813,56,53,-1,-1,6
26354776,57,57,-1,-1,0
26351825,6,7,-1,-1,2
26355418,4,37,-1,-1,7
26352956,45,28,-1,-1,5
26351745,29,35,-1,-1,6
26354132,0,8,-1,-1,6
26356745,58,52,-1,-1,5
26351425,18,32,-1,-1,6
26351188,9,37,-1,-1,0
26356000,20,7,-1,-1,6
26350439,23,32,-1,-1,2
26354628,11,25,-1,-1,7
26355241,53,41,-1,-1,2
26355611,46,14,-1,-1,2
26350265,45,12,-1,-1,7
26355073,1,48,-1,-1,6
26349160,3,15,-1,-1,0
26347846,57,12,-1,-1,2
26356353,19,12,-1,-1,5
26352504,38,5,-1,-1,2
26356520,50,52,-1,-1,0
26355027,56,1,-1,-1,2
26353583,46,33,-1,-1,4
26346986,28,12,-1,-1,6
26355718,27,18,-1,-1,3
26351774,17,8,-1,-1,7
26353614,31,40,-1,-1,2
26352700,36,6,-1,-1,4
26357178,20,15,-1,-1,6
26352469,46,53,-1,-1,0
26355050,41,21,-1,-1,3
26356798,33,52,-1,-1,7
26351009,17,50,-1,-1,7
26355503,55,22,-1,-1,6
26353963,24,55,-1,-1,0
26353823,37,15,-1,-1,2
26355636,16,16,-1,-1,6
26356524,14,12,-1,-1,0
26352381,34,53,-1,-1,1
26356629,20,38,-1,-1,2
26351058,14,8,-1,-1,0
26353101,23,37,-1,-1,7
26343877,0,51,-1,-1,2
26355842,0,30,-1,-1,7
26353131,33,39,-1,-1,1
26357437,52,55,-1,-1,5
26355927,46,38,-1,-1,1
26357146,31,2,-1,-1,7
26356819,44,22,-1,-1,4
26353563,36,25,-1,-1,0
26354209,38,21,-1,-1,0
26356221,53,30,-1,-1,2
26356586,27,26,-1,-1,4
26352746,21,51,-1,-1,3
26352397,11,13,-1,-1,6
26352070,49,42,-1,-1,6
26356900,47,41,-1,-1,1
26352589,7,2,-1,-1,3
26353854,36,8,-1,-1,5
26357032,46,6,-1,-1,2
26357122,43,16,-1,-1,7
26357414,3,29,-1,-1,3
26348230,14,15,-1,-1,0
26356032,6,50,-1,-1,4
26355851,25,11,-1,-1,2
26337401,7,49,-1,-1,1
26356153,33,48,-1,-1,4
26355036,35,2,-1,-1,1
26356389,10,6,-1,-1,6
26356719,17,15,-1,-1,1
26354136,20,37,-1,-1,4
26353641,38,35,-1,-1,6
26355139,0,13,-1,-1,5
26355424,14,39,-1,-1,2
26349903,35,24,-1,-1,1
26357211,33,5,-1,-1,6
26355821,30,45,-1,-1,1
26357464,42,14,-1,-1,2
26337168,39,52,-1,-1,0
26350687,57,1,-1,-1,6
26349180,3,57,-1,-1,3
26357433,49,53,-1,-1,7
26347164,3,47,-1,-1,4
26353689,47,49,-1,-1,5
26356773,40,27,-1,-1,2
26356160,24,24,-1,-1,5
26337831,4,21,-1,-1,6
26354597,6,1,-1,-1,3
26352135,40,29,-1,-1,5
26355706,26,9,-1,-1,7
26355437,7,45,-1,-1,1
26349098,12,18,-1,-1,6
26354375,25,16,-1,-1,4
26356400,2,42,-1,-1,6
26356834,41,18,-1,-1,7
26357447,40,26,-1,-1,5
26355089,28,14,-1,-1,5
26355186,20,54,-1,-1,4
26346164,52,7,-1,-1,2
26345724,35,43,-1,-1,1
26355395,38,26,-1,-1,3
26355502,44,53,-1,-1,4
26354899,30,10,-1,-1,6
26350401,36,29,-1,-1,7
26355996,39,57,-1,-1,6
26356460,0,16,-1,-1,6
26353993,28,23,-1,-1,2
26355739,41,0,-1,-1,3
26347289,2,48,-1,-1,5
26356846,44,39,-1,-1,6
26353444,14,22,-1,-1,5
26345291,41,33,-1,-1,1
26356059,51,20,-1,-1,1
26354505,6,29,-1,-1,2
26357238,44,16,-1,-1,0
26356682,55,30,-1,-1,1
26356777,57,7,-1,-1,3
26354348,26,34,-1,-1,6
26354827,49,3,-1,-1,7
26353274,7,44,-1,-1,2
26353493,45,41,-1,-1,5
26355116,42,28,-1,-1,5
26356799,56,19,-1,-1,3
26354858,18,0,-1,-1,3
26349902,16,48,-1,-1,2
26357141,34,44,-1,-1,7
26351495,2,27,-1,-1,3
26355931,47,14,-1,-1,0
26353725,44,1,-1,-1,0
26353639,32,16,-1,-1,2
26353682,2,58,-1,-1,1
26350118,14,1,-1,-1,1
26348830,38,30,-1,-1,4
26348184,8,1,-1,-1,4
26354183,57,47,-1,-1,1
26350610,34,14,-1,-1,6
26355895,8,57,-1,-1,1
26355664,31,58,-1,-1,4
26355408,25,58,-1,-1,5
26354562,8,15,-1,-1,7
26355008,12,12,-1,-1,4
26350675,13,0,-1,-1,6
26356669,16,53,-1,-1,1
26352808,32,24,-1,-1,3
26354241,30,6,-1,-1,6
26353162,7,1,-1,-1,1
26357190,0,11,-1,-1,4
26357301,3,36,-1,-1,4
26357191,38,50,-1,-1,7
26355638,24,0,-1,-1,4
26354842,58,8,-1,-1,5
26350837,27,50,-1,-1,5
26356830,56,56,-1,-1,3
26349939,34,48,-1,-1,3
26351601,22,5,-1,-1,0
26356112,25,25,-1,-1,6
26356585,48,6,-1,-1,6
26354461,45,23,-1,-1,6
26357012,20,1,-1,-1,5
26357423,40,20,-1,-1,6
26346685,24,10,-1,-1,1
26357071,45,25,-1,-1,1
26352347,56,5,-1,-1,0
26357202,28,16,-1,-1,6
26354985,41,19,-1,-1,2
26350376,52,10,-1,-1,7
26357453,9,22,-1,-1,5
26344397,0,0,-1,-1,5
26357006,57,19,-1,-1,7
26356540,29,57,-1,-1,6
26356518,46,4,-1,-1,2
26357069,1,58,-1,-1,4
26357442,16,36,-1,-1,0
26351293,3,49,-1,-1,0
26351888,37,16,-1,-1,2
26357345,2,1,-1,-1,5
26355049,10,50,-1,-1,7
26356399,28,39,-1,-1,0
26353302,2,38,-1,-1,1
26353118,31,46,-1,-1,6
26354694,1,46,-1,-1,6
26356785,26,28,-1,-1,6
26348445,47,6,-1,-1,1
26354321,54,2,-1,-1,7
26351995,35,16,-1,-1,3
26350637,57,17,-1,-1,1
26356190,3,42,-1,-1,0
26352509,15,34,-1,-1,2
26354644,47,32,-1,-1,6
26355265,26,38,-1,-1,6
26345248,55,31,-1,-1,0
26356173,46,23,-1,-1,0
26357492,39,4,-1,-1,2
26353942,10,5,-1,-1,5
26356879,15,13,-1,-1,4
26356733,4,33,-1,-1,2
26355316,10,22,-1,-1,2
26356816,40,16,-1,-1,5
26353621,7,9,-1,-1,3
26353007,14,54,-1,-1,0
26355586,44,42,-1,-1,2
26355482,37,35,-1,-1,2
26353886,5,13,-1,-1,0
26357259,48,42,-1,-1,5
26352295,41,36,-1,-1,3
26356388,18,20,-1,-1,1
26356694,17,23,-1,-1,3
26356450,27,56,-1,-1,0
26356418,53,44,-1,-1,7
26356677,41,11,-1,-1,7
26352798,38,40,-1,-1,3
26351565,10,16,-1,-1,4
26352597,5,9,-1,-1,6
26354251,9,28,-1,-1,1
26357022,6,10,-1,-1,7
26355357,32,46,-1,-1,3
26355839,18,44,-1,-1,4
26354552,22,44,-1,-1,0
26350368,5,54,-1,-1,2
26355360,10,40,-1,-1,1
26351512,52,27,-1,-1,7
26356845,29,18,-1,-1,7
26356642,55,24,-1,-1,1
26350484,12,58,-1,-1,1
26355560,34,23,-1,-1,1
26356549,11,53,-1,-1,6
26357319,36,28,-1,-1,6
26353320,29,43,-1,-1,3
26356848,15,31,-1,-1,0
26349382,20,23,-1,-1,7
26353410,55,23,-1,-1,6
26354501,24,56,-1,-1,3
26353480,25,7,-1,-1,4
26356603,27,28,-1,-1,2
26357169,32,35,-1,-1,5
26356224,52,33,-1,-1,5
26347215,22,25,-1,-1,7
26356305,39,10,-1,-1,5
26355098,1,28,-1,-1,4
26352546,33,22,-1,-1,6
26353871,33,6,-1,-1,0
26351347,19,5,-1,-1,5
26355247,17,54,-1,-1,4
26352308,43,11,-1,-1,1
26357350,32,49,-1,-1,6
26357476,44,30,-1,-1,7
26357494,27,42,-1,-1,3
26357266,55,39,-1,-1,2
26346663,26,49,-1,-1,1
26356202,15,10,-1,-1,0
26346599,8,49,-1,-1,7
26356851,9,6,-1,-1,3
26345495,49,46,-1,-1,1
26357019,38,43,-1,-1,0
26355244,3,13,-1,-1,0
26352955,2,50,-1,-1,5
26356390,14,43,-1,-1,6
26356333,43,8,-1,-1,7
26355748,15,21,-1,-1,5
26354670,0,42,-1,-1,1
26356934,12,11,-1,-1,2
26352226,37,17,-1,-1,7
26355271,15,52,-1,-1,5
26343617,7,29,-1,-1,2
26355072,35,28,-1,-1,4
26357421,10,48,-1,-1,4
26354005,25,45,-1,-1,4
26355315,49,30,-1,-1,7
26355944,42,58,-1,-1,0
26357367,33,31,-1,-1,4
26352385,3,51,-1,-1,2
26353023,48,31,-1,-1,5
26356270,22,38,-1,-1,6
26356949,42,51,-1,-1,7
26352464,1,29,-1,-1,2
26351823,55,57,-1,-1,2
26355253,53,46,-1,-1,5
26350975,17,57,-1,-1,1
26353681,33,15,-1,-1,3
26357162,31,19,-1,-1,5
26357405,51,47,-1,-1,3
26353065,39,27,-1,-1,1
26341472,51,9,-1,-1,3
26356582,51,8,-1,-1,5
26354553,36,34,-1,-1,6
26346659,46,35,-1,-1,2
26355917,47,50,-1,-1,7
26350184,5,6,-1,-1,7
26353802,37,50,-1,-1,2
26346492,13,11,-1,-1,5
26354721,40,13,-1,-1,1
26356547,56,15,-1,-1,2
26357398,34,6,-1,-1,2
26349835,47,44,-1,-1,5
26355541,5,15,-1,-1,2
26356343,8,7,-1,-1,7
26348640,45,47,-1,-1,2
26353571,17,11,-1,-1,4
26357040,25,37,-1,-1,7
26352869,29,6,-1,-1,1
26355988,8,35,-1,-1,5
26356581,20,26,-1,-1,5
26353502,58,4,-1,-1,4
26349978,22,46,-1,-1,0
26352899,33,11,-1,-1,6
26356672,13,40,-1,-1,5
26353795,7,50,-1,-1,0
26356675,51,6,-1,-1,3
26355900,50,42,-1,-1,0
26345160,42,57,-1,-1,0
26355085,9,9,-1,-1,3
26353434,22,8,-1,-1,3
26351640,14,41,-1,-1,4
26357404,3,16,-1,-1,6
26353050,34,39,-1,-1,5
26354304,34,45,-1,-1,7
26349349,51,22,-1,-1,6
26356373,52,1,-1,-1,0
26356815,45,3,-1,-1,7
26356130,56,20,-1,-1,6
26353836,14,40,-1,-1,5
26347595,35,41,-1,-1,1
26354654,35,21,-1,-1,0
26353174,58,9,-1,-1,2
26354164,12,8,-1,-1,2
26351998,54,30,-1,-1,3
26356290,11,4,-1,-1,7
26354587,32,55,-1,-1,2
26354989,47,42,-1,-1,2
26354712,21,15,-1,-1,5
26354431,41,56,-1,-1,7
26352696,35,29,-1,-1,2
26353861,20,2,-1,-1,3
26353546,4,4,-1,-1,2
26349506,45,7,-1,-1,6
26353858,51,23,-1,-1,2
26343628,17,30,-1,-1,6
26356832,0,35,-1,-1,0
26351362,53,32,-1,-1,6
26343892,57,41,-1,-1,6
26356018,55,9,-1,-1,4
26355336,32,23,-1,-1,3
26355012,44,47,-1,-1,7
26357490,4,31,-1,-1,7
26354777,5,2,-1,-1,4
26353790,55,10,-1,-1,7
26347133,8,13,-1,-1,2
26356604,26,18,-1,-1,7
26351334,1,10,-1,-1,5
26357226,17,34,-1,-1,7
26354486,56,43,-1,-1,4
26355237,1,13,-1,-1,5
26356940,35,26,-1,-1,6
26356302,30,24,-1,-1,2
26353975,6,43,-1,-1,6
26355893,51,19,-1,-1,4
26356929,1,51,-1,-1,1
26356489,8,50,-1,-1,7
26352275,36,5,-1,-1,7
26356824,29,42,-1,-1,6
26350713,19,28,-1,-1,3
26355764,43,43,-1,-1,5
26357165,21,42,-1,-1,1
26352511,13,32,-1,-1,4
26354939,29,54,-1,-1,6
26357441,9,17,-1,-1,5
26354630,26,14,-1,-1,5
26356961,2,4,-1,-1,1
26356135,26,56,-1,-1,6
26357136,17,56,-1,-1,0
26348126,21,44,-1,-1,2
26347192,48,38,-1,-1,4
26357251,9,15,-1,-1,3
26356608,44,13,-1,-1,1
26350726,17,51,-1,-1,7
26355201,23,3,-1,-1,4
26352953,21,54,-1,-1,1
26352934,34,47,-1,-1,4
26357270,54,45,-1,-1,5
26354420,7,53,-1,-1,5
26354392,47,2,-1,-1,6
26355631,37,47,-1,-1,7
26356029,21,1,-1,-1,1
26356068,15,41,-1,-1,0
26353967,9,23,-1,-1,2
26354109,10,46,-1,-1,2
26353769,11,43,-1,-1,3
26355795,7,15,-1,-1,4
26357343,10,39,-1,-1,4
26355974,33,35,-1,-1,2
26355308,0,43,-1,-1,7
26352378,19,15,-1,-1,2
26353422,25,39,-1,-1,5
26354973,33,26,-1,-1,2
26356643,32,52,-1,-1,3
26356479,51,5,-1,-1,4
26356767,2,11,-1,-1,0
26355390,4,35,-1,-1,3
26350750,36,4,-1,-1,1
26357151,23,40,-1,-1,3
26356740,8,14,-1,-1,3
26354556,57,53,-1,-1,5
26352765,53,37,-1,-1,6
26354190,22,13,-1,-1,4
26350404,35,6,-1,-1,2
26352023,52,57,-1,-1,5
26356285,48,17,-1,-1,2
26356706,14,57,-1,-1,1
26352943,25,38,-1,-1,3
26347854,18,48,-1,-1,5
26353461,14,38,-1,-1,3
26349572,1,22,-1,-1,2
26354629,55,47,-1,-1,7
26347361,10,1,-1,-1,2
26356542,21,56,-1,-1,3
26352555,19,11,-1,-1,2
26354464,44,24,-1,-1,3
26349689,43,28,-1,-1,7
26356250,20,6,-1,-1,0
26353933,34,52,-1,-1,1
26352128,47,40,-1,-1,5
26354289,41,4,-1,-1,3
26351667,12,38,-1,-1,3
26342520,14,53,-1,-1,6
26348025,4,46,-1,-1,2
26352217,51,17,-1,-1,2
26356557,36,37,-1,-1,3
26351301,49,23,-1,-1,3
26352796,19,27,-1,-1,7
26352380,0,26,-1,-1,2
26352426,5,7,-1,-1,0
26350642,8,6,-1,-1,3
26348222,58,10,-1,-1,0
26356729,29,26,-1,-1,5
26355897,9,30,-1,-1,1
26356205,49,43,-1,-1,2
26355588,15,6,-1,-1,4
26355832,3,39,-1,-1,0
26357116,46,48,-1,-1,7
26356905,19,1,-1,-1,2
26353098,13,33,-1,-1,3
26353394,2,8,-1,-1,1
26356306,42,6,-1,-1,5
26356136,30,30,-1,-1,5
26355014,49,49,-1,-1,7
26355242,46,9,-1,-1,7
26354016,1,21,-1,-1,3
26355096,19,43,-1,-1,3
26356155,42,13,-1,-1,4
26356094,57,52,-1,-1,6
26357127,27,2,-1,-1,3
26353721,50,2,-1,-1,2
26353624,15,29,-1,-1,0
26356161,9,39,-1,-1,7
26357417,9,18,-1,-1,7
26357408,28,51,-1,-1,3
26349318,45,9,-1,-1,4
26353788,19,7,-1,-1,5
26352638,18,15,-1,-1,6
26355294,31,48,-1,-1,6
26351738,29,22,-1,-1,6
26353994,21,38,-1,-1,2
26351003,32,26,-1,-1,1
26353185,52,48,-1,-1,3
26351501,15,36,-1,-1,5
26357267,53,55,-1,-1,2
26345311,43,34,-1,-1,3
26351753,7,48,-1,-1,6
26356702,1,9,-1,-1,2
26346937,22,11,-1,-1,4
26353705,46,15,-1,-1,0
26357108,1,45,-1,-1,4
26352523,9,11,-1,-1,4
26353797,28,52,-1,-1,2
26351699,3,46,-1,-1,5
26351739,1,16,-1,-1,3
26348160,28,43,-1,-1,0
26355387,11,0,-1,-1,5
26356004,16,49,-1,-1,2
26355581,29,29,-1,-1,0
26356778,40,12,-1,-1,4
26354624,12,57,-1,-1,4
26356544,51,57,-1,-1,6
26353122,55,12,-1,-1,3
26357166,44,50,-1,-1,4
26356699,26,10,-1,-1,7
26357483,24,2,-1,-1,2
26357334,55,11,-1,-1,1
26356405,26,35,-1,-1,7
26355557,13,35,-1,-1,1
26355747,35,38,-1,-1,7
26347793,5,27,-1,-1,0
26357443,41,58,-1,-1,7
26352505,0,14,-1,-1,0
26356577,52,45,-1,-1,7
26355789,56,17,-1,-1,3
26356679,55,43,-1,-1,2
26350393,26,46,-1,-1,3
26347130,57,32,-1,-1,3
26354949,46,7,-1,-1,6
26353452,16,37,-1,-1,2
26357415,26,39,-1,-1,0
26356522,7,26,-1,-1,0
26350247,20,45,-1,-1,5
26354028,44,38,-1,-1,3
26356907,5,10,-1,-1,1
26357480,51,7,-1,-1,5
26351854,12,42,-1,-1,5
26357358,6,40,-1,-1,6
26356308,28,10,-1,-1,6
26355226,50,24,-1,-1,3
26356817,43,2,-1,-1,3
26354326,52,44,-1,-1,4
26356601,45,44,-1,-1,4
26352902,54,56,-1,-1,2
26357148,37,26,-1,-1,3
26354853,20,16,-1,-1,7
26356083,20,11,-1,-1,1
26351227,45,27,-1,-1,0
26344509,42,17,-1,-1,6
26354586,30,18,-1,-1,6
26352946,25,22,-1,-1,2
26355531,18,36,-1,-1,5
26356805,50,29,-1,-1,0
26349736,14,47,-1,-1,6
26355436,18,39,-1,-1,4
26354958,51,26,-1,-1,6
26351868,40,10,-1,-1,7
26356438,31,26,-1,-1,4
26357449,42,21,-1,-1,6
26354295,55,51,-1,-1,1
26350231,10,13,-1,-1,4
26354202,8,56,-1,-1,6
26356497,58,1,-1,-1,7
26354937,58,18,-1,-1,3
26356323,49,40,-1,-1,7
26353359,30,27,-1,-1,5
26355047,40,30,-1,-1,1
26351855,54,10,-1,-1,1
26336936,54,48,-1,-1,0
26350023,51,44,-1,-1,1
26355006,10,4,-1,-1,2
26357014,1,36,-1,-1,3
26353841,57,21,-1,-1,2
26355737,12,27,-1,-1,3
26354269,10,2,-1,-1,3
26356646,40,55,-1,-1,3
26355219,46,40,-1,-1,3
26357132,23,58,-1,-1,0
26357391,30,4,-1,-1,4
26355995,6,38,-1,-1,7
26356163,3,7,-1,-1,3
26354210,27,35,-1,-1,7
26357338,21,43,-1,-1,6
26346711,4,15,-1,-1,1
26348128,26,0,-1,-1,2
26355860,42,39,-1,-1,4
26355431,25,4,-1,-1,2
26356261,41,32,-1,-1,5
26357472,57,40,-1,-1,1
26355745,53,18,-1,-1,1
26347371,53,27,-1,-1,5
26348614,37,46,-1,-1,6
26357109,20,33,-1,-1,5
26355605,11,38,-1,-1,6
26345620,1,27,-1,-1,4
26354580,24,45,-1,-1,5
26352835,8,3,-1,-1,3
26355015,4,30,-1,-1,6
26357077,39,28,-1,-1,4
26356654,15,22,-1,-1,7
26355892,5,11,-1,-1,2
26341559,43,55,-1,-1,4
26354403,16,46,-1,-1,5
26356721,47,25,-1,-1,0
26357310,30,37,-1,-1,7
26356727,18,57,-1,-1,5
26352276,42,25,-1,-1,5
26354970,4,44,-1,-1,4
26354411,2,57,-1,-1,7
26355845,21,7,-1,-1,1
26356022,56,47,-1,-1,5
26351404,56,52,-1,-1,1
26354293,27,38,-1,-1,2
26357427,39,11,-1,-1,2
26346623,22,6,-1,-1,0
26357375,39,5,-1,-1,3
26353285,31,21,-1,-1,5
26356352,55,50,-1,-1,2
26357250,29,45,-1,-1,1
26351958,43,7,-1,-1,0
26355452,24,8,-1,-1,3
26350410,25,12,-1,-1,2
26357387,38,53,-1,-1,2
26350818,50,56,-1,-1,7
26347783,0,48,-1,-1,5
26357066,9,3,-1,-1,3
26354950,22,42,-1,-1,2
26356712,47,9,-1,-1,3
26351750,32,18,-1,-1,1
26351896,1,53,-1,-1,6
26356628,12,25,-1,-1,5
26354569,34,41,-1,-1,1
26356449,17,47,-1,-1,3
26352485,46,26,-1,-1,7
26357326,26,3,-1,-1,5
26355262,42,30,-1,-1,1
26355548,10,30,-1,-1,2
26356559,31,18,-1,-1,6
26356556,24,27,-1,-1,7
26356245,9,47,-1,-1,0
26354362,24,50,-1,-1,1
26346393,7,5,-1,-1,7
26353613,22,15,-1,-1,1
26348005,24,23,-1,-1,3
26349825,40,22,-1,-1,5
26354303,53,53,-1,-1,1
26356839,53,19,-1,-1,4
26356167,54,22,-1,-1,4
26354290,48,23,-1,-1,5
26356554,30,38,-1,-1,4
26355101,3,3,-1,-1,7
26353222,41,55,-1,-1,4
26354786,36,20,-1,-1,7
26357248,3,5,-1,-1,5
26356746,9,57,-1,-1,7
26356569,12,3,-1,-1,2
26356181,49,50,-1,-1,2
26355394,6,45,-1,-1,1
26356989,26,47,-1,-1,0
26356985,52,41,-1,-1,1
26357118,21,13,-1,-1,4
26356756,4,6,-1,-1,0
26352180,55,18,-1,-1,1
26356996,36,39,-1,-1,2
26349707,0,27,-1,-1,1
26355809,6,25,-1,-1,7
26354488,2,9,-1,-1,4
26352942,5,18,-1,-1,4
26354428,15,47,-1,-1,2
26354443,6,47,-1,-1,7
26356976,19,32,-1,-1,1
26355833,10,15,-1,-1,2
26355810,34,5,-1,-1,6
26357179,9,44,-1,-1,4
26355536,40,49,-1,-1,0
26354788,40,24,-1,-1,1
26352319,35,27,-1,-1,3
26355214,29,24,-1,-1,4
26356313,21,58,-1,-1,4
26352049,1,39,-1,-1,6
26353291,0,7,-1,-1,0
26355627,21,34,-1,-1,0
26357180,2,29,-1,-1,0
26356840,8,54,-1,-1,1
26354990,12,16,-1,-1,2
26356453,54,25,-1,-1,1
26356370,18,49,-1,-1,0
26353533,52,47,-1,-1,3
26354325,34,0,-1,-1,2
26353683,38,0,-1,-1,3
26351210,33,46,-1,-1,5
26355220,52,15,-1,-1,2
26356979,43,25,-1,-1,7
26354768,31,55,-1,-1,4
26354503,54,21,-1,-1,7
26354797,44,4,-1,-1,2
26349740,53,33,-1,-1,6
26354625,14,33,-1,-1,3
26355969,2,45,-1,-1,4
26353286,19,24,-1,-1,3
26354566,38,3,-1,-1,5
26355403,15,51,-1,-1,2
26354133,57,43,-1,-1,7
26352904,8,12,-1,-1,5
26348525,57,45,-1,-1,5
26352932,11,7,-1,-1,1
26356093,28,6,-1,-1,3
26357125,10,21,-1,-1,2
26356866,18,1,-1,-1,2
26355445,57,30,-1,-1,2
26355760,17,31,-1,-1,0
26350274,41,1,-1,-1,7
26356605,4,10,-1,-1,7
26356046,46,55,-1,-1,5
26357059,22,14,-1,-1,1
26352754,8,8,-1,-1,3
26350615,24,7,-1,-1,1
26353576,35,32,-1,-1,0
26356368,11,31,-1,-1,1
26356298,41,17,-1,-1,5
26354129,21,3,-1,-1,4
26356311,1,4,-1,-1,2
26348449,46,16,-1,-1,4
26349687,33,17,-1,-1,3
26357233,30,55,-1,-1,0
26354601,44,5,-1,-1,0
26355980,32,33,-1,-1,3
26351111,45,20,-1,-1,5
26351135,10,28,-1,-1,4
26356911,31,35,-1,-1,6
26357479,4,12,-1,-1,5
26357175,4,43,-1,-1,1
26355800,35,58,-1,-1,0
26357235,46,37,-1,-1,7
26347673,24,25,-1,-1,2
26339239,44,40,-1,-1,0
26356986,51,27,-1,-1,0
26356800,0,22,-1,-1,0
26352566,45,49,-1,-1,5
26354872,6,23,-1,-1,4
26355674,22,54,-1,-1,4
26354421,32,56,-1,-1,7
26357225,34,7,-1,-1,1
26355712,45,8,-1,-1,4
26356647,11,34,-1,-1,4
26355941,33,3,-1,-1,2
26354880,33,25,-1,-1,1
26350449,11,26,-1,-1,2
26355827,0,52,-1,-1,3
26357244,26,6,-1,-1,6
26354802,45,35,-1,-1,2
26351863,8,43,-1,-1,5
26356947,12,46,-1,-1,4
26355887,37,55,-1,-1,3
26356165,34,50,-1,-1,6
26357209,56,6,-1,-1,7
26355743,37,45,-1,-1,3
26350821,3,22,-1,-1,1
26349986,11,28,-1,-1,4
26355891,57,20,-1,-1,3
26354650,25,6,-1,-1,2
26356538,56,41,-1,-1,4
26356118,24,31,-1,-1,7
26356791,35,17,-1,-1,4
26354142,40,52,-1,-1,6
26357219,12,48,-1,-1,6
26352144,26,7,-1,-1,0
26354161,39,9,-1,-1,2
26357004,57,18,-1,-1,4
26355685,47,22,-1,-1,2
26354173,16,20,-1,-1,1
26349535,5,39,-1,-1,6
26357188,37,20,-1,-1,4
26357493,25,52,-1,-1,1
26355341,30,22,-1,-1,3
26356432,50,4,-1,-1,1
26355782,43,42,-1,-1,5
26356889,31,5,-1,-1,3
26353297,39,25,-1,-1,3
26356904,6,3,-1,-1,1
26356701,53,48,-1,-1,1
26355855,9,35,-1,-1,5
26354113,46,41,-1,-1,1
26355384,34,40,-1,-1,7
26356396,44,25,-1,-1,4
26357249,8,38,-1,-1,0
26357043,18,29,-1,-1,0
26353847,14,9,-1,-1,6
26356899,15,15,-1,-1,6
26353936,8,36,-1,-1,1
26351137,7,17,-1,-1,3
26355880,20,9,-1,-1,6
26353495,3,53,-1,-1,4
26356583,49,35,-1,-1,4
26356500,23,44,-1,-1,0
26354343,35,14,-1,-1,7
26349963,24,18,-1,-1,6
26357173,43,30,-1,-1,1
26351864,11,36,-1,-1,0
26350314,36,19,-1,-1,2
26354423,41,5,-1,-1,1
26353960,52,25,-1,-1,4
26356277,18,3,-1,-1,5
26352606,47,33,-1,-1,7
26354388,25,32,-1,-1,3
26357026,47,26,-1,-1,6
26352185,16,14,-1,-1,0
26354892,18,21,-1,-1,1
26353049,20,43,-1,-1,0
26357252,49,16,-1,-1,1
26351665,8,58,-1,-1,1
26357361,29,11,-1,-1,1
26351897,0,3,-1,-1,3
26356397,22,4,-1,-1,7
26355691,39,16,-1,-1,2
26357282,25,40,-1,-1,0
26347947,9,56,-1,-1,4
26357269,32,7,-1,-1,7
26355267,13,25,-1,-1,1
26345142,30,32,-1,-1,3
26351953,26,57,-1,-1,7
26357197,15,1,-1,-1,5
26351567,50,25,-1,-1,1
26353025,17,28,-1,-1,3
26353481,4,11,-1,-1,3
26351360,17,41,-1,-1,1
26355021,10,36,-1,-1,3
26357298,3,34,-1,-1,5
26355905,34,38,-1,-1,1
26352372,57,58,-1,-1,6
26349055,19,41,-1,-1,6
26354342,15,56,-1,-1,4
26351376,36,24,-1,-1,2
26356564,31,11,-1,-1,1
26355345,28,44,-1,-1,6
26348933,16,40,-1,-1,0
26352706,24,13,-1,-1,2
26355354,29,15,-1,-1,2
26357058,1,47,-1,-1,4
26354511,3,44,-1,-1,5
26354780,51,56,-1,-1,1
26354480,4,8,-1,-1,5
26346736,47,34,-1,-1,2
26356578,37,10,-1,-1,0
26352592,30,13,-1,-1,1
26356149,56,14,-1,-1,4
26355444,35,33,-1,-1,2
26355520,4,20,-1,-1,1
26344145,38,13,-1,-1,6
26351948,58,16,-1,-1,2
26356570,50,41,-1,-1,5
26354703,32,54,-1,-1,0
26356758,51,58,-1,-1,7
26354578,57,49,-1,-1,1
26354548,30,34,-1,-1,2
26355587,26,13,-1,-1,5
26354988,45,40,-1,-1,4
26355701,56,10,-1,-1,4
26355307,54,54,-1,-1,2
26353754,27,51,-1,-1,0
26356868,36,35,-1,-1,0
26350569,20,46,-1,-1,7
26348773,31,23,-1,-1,5
26349566,5,37,-1,-1,3
26355913,44,54,-1,-1,5
26356795,50,22,-1,-1,2
26348408,46,43,-1,-1,4
26351456,21,33,-1,-1,0
26354815,4,17,-1,-1,3
26357436,47,12,-1,-1,2
26347244,32,3,-1,-1,0
26355835,17,32,-1,-1,7
26351805,0,56,-1,-1,3
26355585,56,2,-1,-1,4
26357485,19,49,-1,-1,6
26356711,43,12,-1,-1,1
26356193,26,8,-1,-1,3
26356330,9,10,-1,-1,5
26355379,52,11,-1,-1,7
26356483,53,28,-1,-1,6
26354994,58,6,-1,-1,3
26353654,38,48,-1,-1,1
26356528,15,4,-1,-1,4
26344095,39,29,-1,-1,1
26357471,43,13,-1,-1,3
26355898,52,14,-1,-1,1
26356384,51,4,-1,-1,4
26356251,27,29,-1,-1,7
26357465,13,15,-1,-1,3
26347018,51,50,-1,-1,4
26355046,37,40,-1,-1,5
26356862,11,56,-1,-1,1
26355885,57,54,-1,-1,1
26354614,18,53,-1,-1,7
26356902,31,41,-1,-1,4
26352725,20,28,-1,-1,4
26357452,16,1,-1,-1,0
26350822,33,47,-1,-1,1
26354125,46,52,-1,-1,3
26356695,23,6,-1,-1,3
26355755,49,52,-1,-1,7
26353476,43,51,-1,-1,5
26355194,44,33,-1,-1,3
26353284,31,4,-1,-1,0
26352525,22,31,-1,-1,3
26356990,37,43,-1,-1,4
26356220,0,23,-1,-1,5
26357407,16,24,-1,-1,4
26356241,29,3,-1,-1,2
26357429,52,26,-1,-1,4
26346881,47,20,-1,-1,5
26357002,55,4,-1,-1,3
26356437,11,9,-1,-1,3
26354863,33,43,-1,-1,2
26354664,53,45,-1,-1,0
26357107,8,48,-1,-1,0
26346446,31,7,-1,-1,5
26354407,46,11,-1,-1,5
26348609,24,41,-1,-1,5
26353196,44,32,-1,-1,2
26356982,43,57,-1,-1,0
26356980,10,3,-1,-1,7
26353905,13,55,-1,-1,7
26356381,0,31,-1,-1,5
26357351,36,1,-1,-1,1
26350868,13,16,-1,-1,7
26356683,25,41,-1,-1,2
26355689,53,47,-1,-1,4
26353362,12,28,-1,-1,2
26354217,55,40,-1,-1,0
26357264,8,2,-1,-1,2
26356519,27,31,-1,-1,3
26355951,32,0,-1,-1,2
26356804,7,0,-1,-1,0
26351112,33,29,-1,-1,3
26356447,18,6,-1,-1,4
26355332,39,39,-1,-1,7
26355121,35,13,-1,-1,0
26352826,33,12,-1,-1,5
26355559,33,8,-1,-1,5
26351999,44,41,-1,-1,5
26357307,58,7,-1,-1,2
26354263,34,57,-1,-1,4
26343223,57,5,-1,-1,1
26356658,55,48,-1,-1,5
26355732,9,13,-1,-1,4
26356896,56,4,-1,-1,6
26347661,28,17,-1,-1,6
26353292,32,44,-1,-1,5
26356452,20,5,-1,-1,5
26353752,13,13,-1,-1,4
26356477,9,14,-1,-1,1
26356403,40,37,-1,-1,2
26355545,49,21,-1,-1,5
26355461,53,29,-1,-1,0
26357041,8,0,-1,-1,4
26356769,6,5,-1,-1,5
26356279,22,22,-1,-1,4
26356810,42,10,-1,-1,3
26357435,18,54,-1,-1,6
26356780,42,49,-1,-1,4
26355363,5,23,-1,-1,0
26357369,12,13,-1,-1,6
26356708,4,45,-1,-1,4
26356560,16,34,-1,-1,6
26357025,19,50,-1,-1,7
26357419,14,14,-1,-1,5
26354001,4,51,-1,-1,0
26354954,38,31,-1,-1,1
26353406,55,28,-1,-1,3
26348735,19,3,-1,-1,0
26354683,6,18,-1,-1,4
26355684,54,39,-1,-1,4
26354096,22,58,-1,-1,4
26357306,44,36,-1,-1,3
26357124,46,5,-1,-1,2
26355976,44,49,-1,-1,7
26354003,41,25,-1,-1,6
26357147,24,4,-1,-1,7
26355886,31,16,-1,-1,1
26355331,38,8,-1,-1,6
26356565,35,7,-1,-1,5
26355720,16,50,-1,-1,2
26355499,53,8,-1,-1,0
26354026,31,50,-1,-1,5
26356532,49,4,-1,-1,6
26356461,50,16,-1,-1,3
26355717,54,3,-1,-1,6
26353060,6,24,-1,-1,6
26357076,20,14,-1,-1,3
26357357,30,44,-1,-1,7
26346466,2,35,-1,-1,0
26356234,49,54,-1,-1,5
26357161,42,9,-1,-1,0
26352618,17,45,-1,-1,6
26354638,43,39,-1,-1,5
26355589,42,56,-1,-1,7
26354658,9,20,-1,-1,3
26355921,7,43,-1,-1,5
26354653,49,36,-1,-1,2
26357074,13,34,-1,-1,0
26350846,0,24,-1,-1,0
26354543,41,22,-1,-1,3
26355584,22,39,-1,-1,2
26352284,40,0,-1,-1,0
26342694,55,13,-1,-1,3
26356294,48,15,-1,-1,0
26356053,18,31,-1,-1,2
26356041,16,45,-1,-1,4
26356692,16,19,-1,-1,2
26356331,56,34,-1,-1,3
26357495,33,4,-1,-1,6
26346877,38,34,-1,-1,4
26353224,30,9,-1,-1,2
26356054,54,40,-1,-1,7
26346983,16,21,-1,-1,6
26356134,36,23,-1,-1,4
26356614,34,9,-1,-1,1
26351168,55,54,-1,-1,0
26349360,25,20,-1,-1,4
26354732,32,21,-1,-1,7
26353880,12,53,-1,-1,3
26356200,52,19,-1,-1,4
26354017,51,42,-1,-1,3
26356561,42,40,-1,-1,4
26355687,23,14,-1,-1,4
26357236,45,52,-1,-1,4
26357131,4,42,-1,-1,0
26350595,23,33,-1,-1,6
26356752,39,32,-1,-1,1
26356764,55,55,-1,-1,1
26351071,43,47,-1,-1,5
26355727,13,36,-1,-1,5
26349021,4,53,-1,-1,4
26356579,49,6,-1,-1,2
26350211,30,19,-1,-1,4
26351390,10,37,-1,-1,5
26356122,25,19,-1,-1,5
26353244,3,50,-1,-1,0
26353541,16,17,-1,-1,5
26356618,24,21,-1,-1,2
26357302,37,29,-1,-1,1
26355335,53,17,-1,-1,0
26355688,46,46,-1,-1,6
26349970,21,21,-1,-1,7
26351900,28,32,-1,-1,2
26356006,54,57,-1,-1,2
26357450,33,24,-1,-1,1
26339980,33,30,-1,-1,3
26351543,45,18,-1,-1,4
26349307,40,35,-1,-1,3
26349845,56,16,-1,-1,7
26357372,4,26,-1,-1,2
26349972,52,17,-1,-1,1
26351206,35,53,-1,-1,7
26353093,46,8,-1,-1,0
26355350,39,1,-1,-1,0
26355124,1,49,-1,-1,3
26357399,14,35,-1,-1,2
26350464,21,41,-1,-1,1
26354619,44,3,-1,-1,6
26349884,50,13,-1,-1,4
26351470,37,37,-1,-1,0
26356012,50,49,-1,-1,3
26356613,38,4,-1,-1,1
26352536,37,7,-1,-1,7
26356596,27,14,-1,-1,6
26355620,45,58,-1,-1,7
26353371,30,23,-1,-1,2
26349808,45,30,-1,-1,3
26351603,20,34,-1,-1,0
26357137,0,18,-1,-1,6
26349140,35,50,-1,-1,6
26347721,27,10,-1,-1,4
26357093,48,34,-1,-1,5
26353530,42,15,-1,-1,6
26355405,48,44,-1,-1,5
26352290,45,37,-1,-1,0
26353591,6,44,-1,-1,3
26355741,43,36,-1,-1,1
26353391,44,21,-1,-1,5
26356031,46,42,-1,-1,0
26352647,41,29,-1,-1,7
26350318,56,58,-1,-1,3
26356232,18,40,-1,-1,5
26356883,37,3,-1,-1,7
26357253,34,24,-1,-1,7
26354146,9,32,-1,-1,1
26356988,56,44,-1,-1,5
26354665,43,19,-1,-1,0
26352600,24,16,-1,-1,1
26357311,19,21,-1,-1,0
26355472,28,3,-1,-1,3
26353483,36,45,-1,-1,0
26357020,40,33,-1,-1,2
26355172,17,29,-1,-1,0
26352316,58,20,-1,-1,3
26355583,47,28,-1,-1,4
26355168,24,29,-1,-1,4
26350492,32,53,-1,-1,0
26356474,29,25,-1,-1,6
26355285,32,45,-1,-1,0
26355619,57,10,-1,-1,3
26354035,17,42,-1,-1,0
26354839,12,55,-1,-1,6
26354311,34,4,-1,-1,1
26356476,24,33,-1,-1,6
26349185,46,21,-1,-1,6
26355347,22,7,-1,-1,6
26354831,42,38,-1,-1,2
26348229,34,25,-1,-1,2
26350648,1,1,-1,-1,7
26356168,50,48,-1,-1,6
26351036,7,37,-1,-1,4
26348079,24,51,-1,-1,1
26346978,17,33,-1,-1,6
26355189,37,49,-1,-1,4
26350677,29,58,-1,-1,4
26356945,30,16,-1,-1,4
26355670,10,19,-1,-1,1
26354998,11,19,-1,-1,2
26356341,28,53,-1,-1,0
26357344,25,23,-1,-1,0
26353477,30,29,-1,-1,2
26357255,46,49,-1,-1,3
26357276,19,10,-1,-1,2
26353910,27,20,-1,-1,1
26354478,0,4,-1,-1,4
26357157,24,14,-1,-1,0
26356697,0,37,-1,-1,1
26349296,32,8,-1,-1,7
26355266,0,10,-1,-1,6
26353669,40,4,-1,-1,6
26357037,28,0,-1,-1,4
26346698,13,47,-1,-1,2
26353643,54,43,-1,-1,5
26357128,12,21,-1,-1,6
26355632,20,40,-1,-1,2
26350473,28,27,-1,-1,6
26354155,46,20,-1,-1,2
26356931,3,9,-1,-1,4
26353294,21,40,-1,-1,1
26348747,10,26,-1,-1,7
26354575,55,45,-1,-1,1
26355783,41,34,-1,-1,1
26354565,5,58,-1,-1,4
26353889,21,36,-1,-1,1
26353820,15,48,-1,-1,0
26355894,32,22,-1,-1,7
26357160,11,24,-1,-1,3
26351963,32,17,-1,-1,6
26357072,20,52,-1,-1,1
26348351,52,34,-1,-1,3
26353425,2,14,-1,-1,7
26343933,20,50,-1,-1,0
26352560,40,54,-1,-1,6
26356527,54,58,-1,-1,4
26354473,50,57,-1,-1,3
26354539,45,5,-1,-1,5
26356379,27,23,-1,-1,0
26347985,21,25,-1,-1,1
26355555,41,12,-1,-1,7
26356467,5,28,-1,-1,6
26357245,51,29,-1,-1,0
26352234,40,18,-1,-1,5
26356468,26,15,-1,-1,5
26355550,18,33,-1,-1,0
26354824,44,2,-1,-1,2
26356828,10,52,-1,-1,2
26355592,13,9,-1,-1,4
26348370,41,51,-1,-1,7
26352047,52,29,-1,-1,4
26355933,20,0,-1,-1,7
26356631,43,23,-1,-1,1
26351737,34,17,-1,-1,7
26352229,38,55,-1,-1,0
26348086,8,28,-1,-1,5
26356002,2,5,-1,-1,7
26356772,12,26,-1,-1,7
26346612,13,6,-1,-1,2
26356932,49,26,-1,-1,6
26355952,7,51,-1,-1,7
26356455,51,16,-1,-1,3
26341392,55,35,-1,-1,3
26357406,39,2,-1,-1,6
26354141,26,25,-1,-1,0
26355269,9,16,-1,-1,2
26356594,39,22,-1,-1,1
26346402,5,19,-1,-1,3
26357418,26,50,-1,-1,6
26356466,50,5,-1,-1,5
26356236,16,27,-1,-1,7
26345408,36,40,-1,-1,5
26356783,51,54,-1,-1,2
26356700,8,44,-1,-1,2
26356150,34,16,-1,-1,6
26355878,16,38,-1,-1,0
26354766,36,44,-1,-1,7
26356710,20,42,-1,-1,1
26355374,52,4,-1,-1,4
26351910,57,3,-1,-1,1
26349446,11,11,-1,-1,3
26357008,51,11,-1,-1,6
26356714,23,12,-1,-1,2
26357462,52,6,-1,-1,0
26356895,15,33,-1,-1,6
26354789,34,34,-1,-1,1
26353259,0,55,-1,-1,2
26355165,37,51,-1,-1,5
26354446,51,18,-1,-1,1
26354441,52,2,-1,-1,7
26355079,42,45,-1,-1,4
26355017,49,51,-1,-1,5
26356616,34,35,-1,-1,3
26356140,49,58,-1,-1,0
26355936,58,22,-1,-1,7
26354422,25,21,-1,-1,5
26355598,48,28,-1,-1,7
26355948,5,12,-1,-1,7
26350721,57,8,-1,-1,3
26355736,13,18,-1,-1,6
26353133,0,29,-1,-1,7
26355268,20,44,-1,-1,4
26350189,52,39,-1,-1,3
26354700,48,25,-1,-1,2
26356219,58,36,-1,-1,7
26355594,45,55,-1,-1,1
26357045,41,41,-1,-1,0
26355713,1,23,-1,-1,3
26356575,46,29,-1,-1,5
26356502,15,12,-1,-1,0
26356885,21,32,-1,-1,1
26355484,34,28,-1,-1,6
26356950,18,34,-1,-1,5
26357051,20,13,-1,-1,0
26356391,3,55,-1,-1,1
26356218,34,1,-1,-1,0
26352759,14,31,-1,-1,5
26353151,48,41,-1,-1,6
26356983,27,47,-1,-1,4
26355651,48,48,-1,-1,1
26356638,40,43,-1,-1,0
26356286,53,2,-1,-1,0
26352017,36,33,-1,-1,3
26356678,25,26,-1,-1,1
26354000,17,4,-1,-1,4
26355908,39,24,-1,-1,1
26354742,26,36,-1,-1,6
26353953,43,49,-1,-1,0
26357466,12,7,-1,-1,1
26343899,47,56,-1,-1,4
26356970,19,23,-1,-1,6
26355954,6,48,-1,-1,1
26357332,27,16,-1,-1,4
26354982,6,14,-1,-1,2
26355657,10,0,-1,-1,4
26352683,33,32,-1,-1,3
26355871,56,45,-1,-1,3
26351015,50,46,-1,-1,0
26350742,50,11,-1,-1,0
26352830,6,17,-1,-1,4
26355793,17,10,-1,-1,1
26353781,46,56,-1,-1,1
26356735,55,52,-1,-1,5
26357193,53,7,-1,-1,5
26354723,18,14,-1,-1,4
26356084,0,2,-1,-1,5
26353678,42,33,-1,-1,3
26357038,56,0,-1,-1,0
26357126,21,11,-1,-1,4
26354504,13,58,-1,-1,5
26355551,27,0,-1,-1,6
26353632,36,32,-1,-1,2
26355524,14,0,-1,-1,6
26354528,2,53,-1,-1,0
26353335,45,43,-1,-1,2
26355256,49,0,-1,-1,4
26352030,12,43,-1,-1,1
26357488,46,50,-1,-1,6
26355246,18,50,-1,-1,3
26353200,10,10,-1,-1,3
26351836,3,4,-1,-1,0
26351813,6,42,-1,-1,2
26354530,24,5,-1,-1,3
26357234,4,19,-1,-1,1
26355429,11,2,-1,-1,0
26356890,40,47,-1,-1,2
26356993,33,2,-1,-1,5
26356916,7,56,-1,-1,5
26351024,29,1,-1,-1,3
26356652,6,0,-1,-1,4
26347222,11,3,-1,-1,6
26355117,46,51,-1,-1,6
26352083,31,42,-1,-1,4
26353121,6,20,-1,-1,2
26346257,8,46,-1,-1,7
26351780,36,30,-1,-1,6
26345885,50,19,-1,-1,1
26356640,29,23,-1,-1,0
26355935,27,6,-1,-1,1
26355775,19,18,-1,-1,7
26356345,13,50,-1,-1,7
26357333,14,21,-1,-1,5
26355784,6,55,-1,-1,1
26357080,42,11,-1,-1,7
26355274,15,35,-1,-1,2
26356217,13,31,-1,-1,2
26350462,34,54,-1,-1,5
26357213,23,53,-1,-1,0
26349272,20,24,-1,-1,2
26355366,27,41,-1,-1,6
26348893,6,36,-1,-1,7
26354971,22,51,-1,-1,2
26354297,14,29,-1,-1,5
26356776,54,26,-1,-1,1
26354600,33,9,-1,-1,1
26348482,41,6,-1,-1,3
26342497,42,31,-1,-1,4
26354198,14,25,-1,-1,5
26349197,40,34,-1,-1,4
26352181,32,31,-1,-1,5
26357484,44,6,-1,-1,3
26356873,35,1,-1,-1,4
26356034,33,19,-1,-1,7
26356186,14,2,-1,-1,4
26354025,55,8,-1,-1,4
26356488,56,21,-1,-1,7
26349218,31,44,-1,-1,1
26351038,50,39,-1,-1,2
26354298,4,47,-1,-1,0
26356044,15,17,-1,-1,4
26351777,21,49,-1,-1,7
26354748,35,8,-1,-1,4
26353195,18,17,-1,-1,6
26356239,9,41,-1,-1,0
26355283,17,1,-1,-1,7
26350112,25,53,-1,-1,1
26356827,6,12,-1,-1,3
26355474,57,39,-1,-1,0
26354947,34,27,-1,-1,7
26356280,5,5,-1,-1,3
26353166,37,23,-1,-1,6
26353724,19,33,-1,-1,2
26355075,21,14,-1,-1,0
26351773,28,36,-1,-1,0
26356049,37,57,-1,-1,7
26357144,35,23,-1,-1,5
26350504,44,37,-1,-1,0
26355754,13,20,-1,-1,3
26345674,42,54,-1,-1,6
26357070,3,26,-1,-1,6
26355423,13,14,-1,-1,1
26355510,43,32,-1,-1,6
26356114,3,12,-1,-1,3
26351606,6,52,-1,-1,1
26350953,56,11,-1,-1,1
26356016,17,16,-1,-1,7
26357474,41,28,-1,-1,4
26354829,36,10,-1,-1,5
26350240,1,42,-1,-1,0
26356276,47,57,-1,-1,2
26356761,23,47,-1,-1,7
26349485,15,19,-1,-1,2
26352294,23,17,-1,-1,1
26355129,16,2,-1,-1,0
26353039,32,29,-1,-1,1
26356600,13,30,-1,-1,0
26350624,25,15,-1,-1,2
26355866,7,38,-1,-1,7
26355960,19,25,-1,-1,1
26353727,8,32,-1,-1,5
26356567,8,55,-1,-1,4
26357327,36,51,-1,-1,4
26354363,44,20,-1,-1,2
26348008,37,11,-1,-1,2
26356506,5,30,-1,-1,3
26356779,28,22,-1,-1,1
26356906,48,3,-1,-1,2
26351325,19,26,-1,-1,2
26357260,7,22,-1,-1,3
26352027,3,32,-1,-1,6
26355540,47,39,-1,-1,0
26351335,24,28,-1,-1,0
26356555,35,12,-1,-1,5
26356043,14,52,-1,-1,7
26355090,28,7,-1,-1,1
26355519,22,48,-1,-1,0
26357087,53,22,-1,-1,4
26351476,42,43,-1,-1,4
26356923,38,29,-1,-1,5
26356377,47,53,-1,-1,4
26357079,33,1,-1,-1,3
26355884,22,37,-1,-1,7
26350825,11,50,-1,-1,7
26354752,7,31,-1,-1,1
26355973,18,58,-1,-1,6
26353273,6,15,-1,-1,0
26355901,17,0,-1,-1,2
26354668,6,58,-1,-1,3
26355527,56,7,-1,-1,6
26356992,31,12,-1,-1,5
26357330,53,4,-1,-1,6
26351395,44,58,-1,-1,1
26356587,50,14,-1,-1,7
26351045,15,25,-1,-1,7
26352104,57,44,-1,-1,1
26354965,34,2,-1,-1,7
26349009,36,31,-1,-1,1
26356871,6,8,-1,-1,1
26357013,58,24,-1,-1,7
26355889,2,56,-1,-1,1
26355211,11,16,-1,-1,5
26353749,41,8,-1,-1,1
26356535,40,7,-1,-1,3
26354574,22,57,-1,-1,3
26356394,35,51,-1,-1,1
26352948,16,30,-1,-1,1
26356693,45,10,-1,-1,3
26355865,45,38,-1,-1,6
26355185,1,2,-1,-1,6
26356077,44,34,-1,-1,6
26351675,4,39,-1,-1,2
26353559,9,42,-1,-1,1
26351179,12,52,-1,-1,7
26356230,57,48,-1,-1,7
26356372,9,58,-1,-1,1
26354979,47,23,-1,-1,5
26353193,36,9,-1,-1,7
26355774,21,9,-1,-1,0
26353322,10,38,-1,-1,5
26356086,29,34,-1,-1,4
26353073,58,40,-1,-1,4
26355730,56,22,-1,-1,5
26348200,58,56,-1,-1,3
26354909,37,0,-1,-1,0
26349355,17,5,-1,-1,0
26357194,28,58,-1,-1,2
26355604,46,18,-1,-1,3
26356973,53,15,-1,-1,0
26355699,2,16,-1,-1,0
26354409,2,7,-1,-1,3
26356451,25,33,-1,-1,3
26354594,4,41,-1,-1,1
26356782,5,3,-1,-1,2
26354200,24,15,-1,-1,3
26356409,29,31,-1,-1,4
26357154,47,31,-1,-1,7
26356375,3,45,-1,-1,0
26350070,41,40,-1,-1,4
26355296,26,27,-1,-1,1
26356198,42,35,-1,-1,2
26352148,29,49,-1,-1,7
26355235,3,8,-1,-1,6
26356349,48,57,-1,-1,2
26354228,0,38,-1,-1,0
26356738,10,58,-1,-1,3
26357185,12,32,-1,-1,3
26356102,13,10,-1,-1,1
26354986,30,25,-1,-1,2
26357184,16,39,-1,-1,1
26357239,36,11,-1,-1,3
26355422,14,55,-1,-1,1
26342779,52,3,-1,-1,0
26356951,26,17,-1,-1,1
26356636,51,38,-1,-1,6
26356092,34,3,-1,-1,2
26356179,43,56,-1,-1,2
26351571,55,17,-1,-1,3
26340607,27,17,-1,-1,1
26357078,17,52,-1,-1,0
26351207,54,23,-1,-1,7
26356967,50,26,-1,-1,4
26350190,3,18,-1,-1,4
26355639,9,48,-1,-1,5
26355799,20,32,-1,-1,5
26355841,37,14,-1,-1,3
26356853,2,2,-1,-1,0
26357308,29,44,-1,-1,6
26355659,3,52,-1,-1,3
26357099,32,25,-1,-1,3
26354662,27,25,-1,-1,5
26351070,8,40,-1,-1,5
26351369,0,47,-1,-1,3
26355994,5,32,-1,-1,1
26356297,3,19,-1,-1,6
26351635,6,37,-1,-1,1
26352407,40,8,-1,-1,4
26352355,19,6,-1,-1,5
26355330,33,14,-1,-1,4
26355624,16,41,-1,-1,4
26355132,24,9,-1,-1,4
26355573,30,33,-1,-1,5
26346749,30,43,-1,-1,0
26350848,29,5,-1,-1,0
26348961,40,19,-1,-1,4
26354242,56,18,-1,-1,4
26356481,4,9,-1,-1,4
26352264,4,52,-1,-1,6
26356521,35,45,-1,-1,6
26357478,39,17,-1,-1,7
26355005,23,41,-1,-1,7
26355479,44,44,-1,-1,2
26355368,25,13,-1,-1,2
26356536,20,56,-1,-1,5
26356558,40,23,-1,-1,1
26355171,15,14,-1,-1,4
26343173,22,30,-1,-1,6
26356366,29,20,-1,-1,1
26352004,58,35,-1,-1,6
26357481,49,10,-1,-1,5
26352428,42,3,-1,-1,2
26357229,25,8,-1,-1,5
26355955,32,30,-1,-1,4
26356546,3,56,-1,-1,5
26354772,47,5,-1,-1,7
26354497,42,24,-1,-1,4
26353094,26,1,-1,-1,3
26357388,19,55,-1,-1,1
26356696,42,12,-1,-1,2
26354938,58,38,-1,-1,4
26349392,56,28,-1,-1,7
26351871,51,52,-1,-1,0
26356644,20,10,-1,-1,5
26355483,33,54,-1,-1,2
26355829,47,15,-1,-1,6
26351519,41,15,-1,-1,5
26357365,5,44,-1,-1,3
26356637,27,24,-1,-1,6
26356690,12,40,-1,-1,1
26353811,30,49,-1,-1,7
26356288,31,57,-1,-1,1
26351579,20,22,-1,-1,4
26344693,6,39,-1,-1,3
26355758,11,22,-1,-1,3
26354634,33,53,-1,-1,5
26353369,20,25,-1,-1,0
26350658,8,30,-1,-1,3
26356946,4,50,-1,-1,5
26356864,49,45,-1,-1,1
26356612,28,26,-1,-1,3
26355490,23,54,-1,-1,7
26353824,38,47,-1,-1,3
26356568,50,32,-1,-1,1
26356380,22,36,-1,-1,7
26354534,47,24,-1,-1,7
26351901,34,13,-1,-1,0
26348298,25,34,-1,-1,5
26357477,51,41,-1,-1,3
26356055,31,38,-1,-1,1
26354631,17,35,-1,-1,7
26356870,35,10,-1,-1,2
26352186,9,54,-1,-1,5
26353556,50,45,-1,-1,3
26350657,36,41,-1,-1,5
26356910,27,36,-1,-1,6
26355501,18,51,-1,-1,4
26353728,30,41,-1,-1,6
26354438,57,25,-1,-1,1
26356688,7,3,-1,-1,5
26357009,28,50,-1,-1,7
26353616,3,0,-1,-1,7
26356705,8,20,-1,-1,2
26355759,12,54,-1,-1,7
26354058,23,21,-1,-1,4
26356463,27,52,-1,-1,4
26356332,50,43,-1,-1,1
26357153,25,5,-1,-1,6
26352006,6,57,-1,-1,7
26354472,11,8,-1,-1,3
26357142,30,57,-1,-1,1
26353520,3,37,-1,-1,1
26356837,4,58,-1,-1,3
26352620,7,21,-1,-1,1
26351247,45,54,-1,-1,2
26342446,16,55,-1,-1,4
26349071,51,36,-1,-1,7
26356015,57,33,-1,-1,2
26356925,8,52,-1,-1,0
26350008,6,2,-1,-1,4
26357024,24,17,-1,-1,6
26357486,36,49,-1,-1,1
26348713,3,23,-1,-1,0
26357081,46,3,-1,-1,2
26357364,47,43,-1,-1,5
26356425,36,36,-1,-1,0
26355455,0,15,-1,-1,1
26356869,42,37,-1,-1,2
26355141,52,49,-1,-1,0
26352081,48,58,-1,-1,5
26353013,56,24,-1,-1,7
26353707,43,4,-1,-1,3
26356042,2,18,-1,-1,7
26357438,16,52,-1,-1,6
26355516,43,14,-1,-1,4
26351756,41,16,-1,-1,7
26355225,17,24,-1,-1,5
26357056,38,6,-1,-1,5
26355061,30,36,-1,-1,1
26357256,54,5,-1,-1,0
26354267,4,13,-1,-1,3
26356020,54,32,-1,-1,1
26351339,50,53,-1,-1,6
26355069,33,38,-1,-1,0
26349661,13,42,-1,-1,3
26356744,37,32,-1,-1,6
26355182,41,39,-1,-1,7
26351254,52,5,-1,-1,2
26356104,48,5,-1,-1,4
26357271,37,28,-1,-1,6
26356237,6,30,-1,-1,0
26354308,54,35,-1,-1,4
26357420,40,40,-1,-1,0
26356768,4,54,-1,-1,2
26354951,10,44,-1,-1,2
26356847,43,58,-1,-1,4
26352721,48,40,-1,-1,3
26354221,25,29,-1,-1,6
26353066,26,12,-1,-1,6
26349557,7,6,-1,-1,2
26348418,36,52,-1,-1,1
26354579,17,14,-1,-1,0
26356185,43,3,-1,-1,4
26355058,40,25,-1,-1,4
26355410,32,32,-1,-1,2
26352356,28,28,-1,-1,6
26352575,9,5,-1,-1,6
26353799,37,27,-1,-1,5
26356267,20,36,-1,-1,4
26348639,6,6,-1,-1,7
26353472,55,6,-1,-1,2
26356464,46,17,-1,-1,6
26352645,30,21,-1,-1,0
26355796,40,15,-1,-1,2
26353706,6,49,-1,-1,1
26356110,40,48,-1,-1,0
26348701,17,12,-1,-1,1
26356966,13,53,-1,-1,4
26356657,50,30,-1,-1,5
26347745,58,54,-1,-1,3
26355993,22,23,-1,-1,1
26355543,26,45,-1,-1,2
26353885,29,41,-1,-1,0
26355352,15,23,-1,-1,1
26357035,22,2,-1,-1,1
26357360,5,45,-1,-1,5
26357289,56,31,-1,-1,4
26357498,21,24,-1,-1,5
