# org_id,org_cellx,org_celly,org_forage_target,org_group_id,org_facing
6348301,25,15,-1,-1,0
6350215,43,20,-1,-1,7
6346525,46,45,-1,-1,6
6336893,3,19,-1,-1,7
6349920,55,27,-1,-1,4
6349975,0,6,-1,-1,1
6347375,32,41,-1,-1,3
6350845,49,2,-1,-1,5
6349658,32,46,-1,-1,5
6345269,58,18,-1,-1,7
6345539,41,51,-1,-1,6
6339841,2,55,-1,-1,7
6346726,50,50,-1,-1,4
6349690,35,51,-1,-1,0
6346308,58,43,-1,-1,1
6335053,34,50,-1,-1,4
6350018,56,51,-1,-1,7
6350161,1,23,-1,-1,4
6344703,26,58,-1,-1,6
6350483,44,50,-1,-1,0
6349811,25,5,-1,-1,2
6350810,28,33,-1,-1,1
6346554,25,22,-1,-1,1
6350019,50,24,-1,-1,7
6347974,48,9,-1,-1,1
6350374,29,39,-1,-1,2
6348249,38,19,-1,-1,3
6341919,38,41,-1,-1,1
6349603,44,32,-1,-1,1
6347615,3,38,-1,-1,7
6350719,31,51,-1,-1,1
6349487,18,10,-1,-1,3
6337633,27,11,-1,-1,6
6344797,43,6,-1,-1,6
6348028,57,42,-1,-1,2
6348179,17,24,-1,-1,3
6350347,8,37,-1,-1,1
6348379,36,9,-1,-1,5
6348807,10,46,-1,-1,1
6349048,45,24,-1,-1,6
6346113,29,23,-1,-1,5
6350159,18,45,-1,-1,1
6344150,13,40,-1,-1,2
6347896,44,53,-1,-1,6
6348827,32,30,-1,-1,2
6350896,41,6,-1,-1,2
6348584,52,41,-1,-1,4
6350316,46,4,-1,-1,2
6350001,46,35,-1,-1,5
6349584,30,21,-1,-1,1
6350610,14,9,-1,-1,0
6349021,53,2,-1,-1,0
6350770,33,32,-1,-1,2
6348879,5,57,-1,-1,0
6340270,18,55,-1,-1,0
6350782,20,9,-1,-1,1
6342408,15,6,-1,-1,1
6349187,29,1,-1,-1,3
6349618,41,23,-1,-1,1
6348087,34,20,-1,-1,7
6346470,58,15,-1,-1,7
6339261,28,38,-1,-1,0
6349532,25,3,-1,-1,4
6349214,55,6,-1,-1,0
6350298,9,43,-1,-1,1
6345018,47,7,-1,-1,6
6343442,36,41,-1,-1,6
6349549,56,56,-1,-1,1
6350177,44,52,-1,-1,4
6349558,31,50,-1,-1,4
6347119,33,15,-1,-1,2
6342228,46,28,-1,-1,1
6348732,47,41,-1,-1,7
6346999,55,56,-1,-1,7
6348358,55,45,-1,-1,4
6348389,2,16,-1,-1,5
6350017,29,33,-1,-1,2
6345969,23,48,-1,-1,2
6346243,18,20,-1,-1,1
6349946,7,32,-1,-1,4
6334246,52,18,-1,-1,1
6348266,49,6,-1,-1,5
6348415,2,38,-1,-1,7
6348261,58,27,-1,-1,3
6348981,15,31,-1,-1,1
6350241,36,30,-1,-1,2
6349515,43,47,-1,-1,3
6346264,10,38,-1,-1,6
6336989,39,28,-1,-1,4
6350834,57,30,-1,-1,3
6348972,56,54,-1,-1,7
6349346,53,50,-1,-1,2
6349849,52,51,-1,-1,0
6350585,36,32,-1,-1,0
6347373,41,27,-1,-1,6
6344003,8,9,-1,-1,4
6350833,14,48,-1,-1,7
6350273,19,55,-1,-1,0
6345328,38,28,-1,-1,3
6346752,31,52,-1,-1,4
6350103,52,16,-1,-1,4
6350388,58,50,-1,-1,6
6349476,5,56,-1,-1,3
6348724,7,34,-1,-1,2
6349313,11,39,-1,-1,4
6348293,23,29,-1,-1,5
6350776,54,35,-1,-1,3
6344611,30,13,-1,-1,0
6344337,36,52,-1,-1,1
6350572,33,41,-1,-1,3
6348838,19,45,-1,-1,5
6350847,7,54,-1,-1,2
6350749,27,26,-1,-1,2
6341445,49,49,-1,-1,1
6350385,8,56,-1,-1,4
6349556,9,21,-1,-1,2
6342379,54,41,-1,-1,6
6348391,3,55,-1,-1,3
6350370,24,47,-1,-1,4
6338630,43,35,-1,-1,3
6348267,53,39,-1,-1,1
6345496,50,30,-1,-1,1
6346435,50,55,-1,-1,6
6344179,24,48,-1,-1,7
6348844,51,55,-1,-1,5
6348870,6,48,-1,-1,2
6347264,20,25,-1,-1,1
6350416,16,35,-1,-1,6
6347805,39,38,-1,-1,1
6346712,52,32,-1,-1,2
6348201,5,21,-1,-1,6
6349374,45,38,-1,-1,1
6350272,35,8,-1,-1,3
6346330,17,45,-1,-1,1
6343567,48,5,-1,-1,1
6350053,49,15,-1,-1,5
6350744,19,8,-1,-1,6
6350448,57,43,-1,-1,4
6346703,43,7,-1,-1,2
6350256,1,35,-1,-1,4
6347726,52,26,-1,-1,6
6348960,10,34,-1,-1,0
6343727,23,43,-1,-1,5
6349263,25,54,-1,-1,4
6348841,45,52,-1,-1,2
6343620,1,5,-1,-1,2
6350271,19,32,-1,-1,6
6350158,2,5,-1,-1,5
6345358,5,35,-1,-1,5
6350872,15,32,-1,-1,2
6350823,20,51,-1,-1,3
6342667,52,47,-1,-1,1
6350062,7,8,-1,-1,0
6347121,48,13,-1,-1,2
6345275,1,16,-1,-1,0
6348424,55,49,-1,-1,4
6349912,57,24,-1,-1,4
6348843,24,27,-1,-1,2
6346612,0,1,-1,-1,7
6350060,41,42,-1,-1,2
6342987,20,28,-1,-1,3
6349563,5,24,-1,-1,0
6349616,30,49,-1,-1,6
6348532,9,58,-1,-1,3
6350373,39,31,-1,-1,6
6347751,1,11,-1,-1,5
6350600,10,29,-1,-1,0
6350286,13,14,-1,-1,7
6349407,13,1,-1,-1,7
6348147,26,36,-1,-1,7
6346735,44,58,-1,-1,4
6345522,3,3,-1,-1,4
6346757,50,49,-1,-1,2
6345355,1,40,-1,-1,7
6349017,8,25,-1,-1,6
6350603,35,27,-1,-1,7
6335860,11,55,-1,-1,7
6349720,11,7,-1,-1,2
6350881,22,7,-1,-1,4
6347207,11,23,-1,-1,2
6338655,56,6,-1,-1,4
6350884,32,44,-1,-1,1
6346091,6,15,-1,-1,7
6348755,27,39,-1,-1,0
6349879,56,0,-1,-1,4
6349891,8,39,-1,-1,4
6345139,56,2,-1,-1,5
6349257,5,40,-1,-1,2
6347914,53,43,-1,-1,4
6346944,50,19,-1,-1,6
6346118,33,20,-1,-1,0
6350327,24,17,-1,-1,1
6349823,34,14,-1,-1,6
6349773,37,22,-1,-1,4
6346343,38,21,-1,-1,2
6350567,42,26,-1,-1,1
6348806,53,6,-1,-1,6
6344180,24,39,-1,-1,4
6347691,20,52,-1,-1,5
6342235,50,42,-1,-1,1
6346238,44,41,-1,-1,0
6339194,16,41,-1,-1,4
6345680,22,34,-1,-1,5
6344164,24,12,-1,-1,4
6348640,30,8,-1,-1,5
6350509,25,34,-1,-1,4
6350624,7,48,-1,-1,0
6348735,49,4,-1,-1,7
6339524,6,44,-1,-1,2
6350464,7,6,-1,-1,5
6348112,0,46,-1,-1,0
6337838,18,9,-1,-1,0
6350812,9,35,-1,-1,5
6348440,37,44,-1,-1,0
6350504,35,12,-1,-1,3
6349840,50,8,-1,-1,4
6350898,42,14,-1,-1,0
6343165,8,29,-1,-1,0
6348061,30,30,-1,-1,6
6349503,36,46,-1,-1,3
6346763,22,18,-1,-1,0
6350496,52,37,-1,-1,1
6348811,13,5,-1,-1,1
6348809,7,29,-1,-1,4
6348394,31,45,-1,-1,5
6350269,31,21,-1,-1,4
6350686,31,32,-1,-1,7
6345905,2,3,-1,-1,7
6350210,14,54,-1,-1,3
6346417,14,8,-1,-1,0
6349878,12,45,-1,-1,4
6347342,15,56,-1,-1,4
6347747,56,14,-1,-1,0
6346284,9,36,-1,-1,3
6342657,23,24,-1,-1,3
6349770,48,44,-1,-1,0
6346206,9,15,-1,-1,4
6348608,7,14,-1,-1,5
6350453,53,20,-1,-1,3
6350801,50,51,-1,-1,7
6349479,11,40,-1,-1,5
6347892,38,51,-1,-1,7
6349251,34,0,-1,-1,5
6343369,49,48,-1,-1,2
6350057,55,26,-1,-1,6
6350015,35,11,-1,-1,5
6348601,41,45,-1,-1,5
6344997,54,30,-1,-1,1
6350002,24,21,-1,-1,5
6347928,46,38,-1,-1,4
6347133,42,46,-1,-1,7
6348240,9,39,-1,-1,0
6350737,40,46,-1,-1,0
6349788,48,49,-1,-1,1
6348708,36,29,-1,-1,7
6349467,4,25,-1,-1,4
6345547,4,21,-1,-1,6
6349610,16,51,-1,-1,2
6349959,10,33,-1,-1,3
6350088,13,16,-1,-1,2
6346791,18,5,-1,-1,3
6348654,35,25,-1,-1,5
6350753,35,26,-1,-1,5
6345029,26,51,-1,-1,3
6350901,6,50,-1,-1,2
6347864,28,19,-1,-1,7
6349026,22,3,-1,-1,5
6348471,38,11,-1,-1,2
6343832,13,6,-1,-1,7
6347065,43,0,-1,-1,4
6347874,31,57,-1,-1,7
6347354,37,40,-1,-1,5
6339876,50,18,-1,-1,7
6350140,39,26,-1,-1,0
6348269,40,9,-1,-1,4
6336224,55,16,-1,-1,4
6350432,3,36,-1,-1,2
6346940,15,45,-1,-1,1
6347179,45,11,-1,-1,0
6349039,20,7,-1,-1,7
6338729,14,27,-1,-1,3
6348078,27,42,-1,-1,2
6350392,42,33,-1,-1,3
6350705,0,24,-1,-1,0
6349641,27,2,-1,-1,6
6349621,5,53,-1,-1,5
6344968,24,5,-1,-1,5
6348973,3,27,-1,-1,4
6345897,54,7,-1,-1,3
6350546,46,17,-1,-1,2
6345911,37,10,-1,-1,2
6345356,1,1,-1,-1,7
6348469,7,13,-1,-1,0
6346849,29,14,-1,-1,0
6350702,9,25,-1,-1,4
6345710,43,50,-1,-1,7
6346990,34,46,-1,-1,5
6349915,46,43,-1,-1,2
6342988,4,3,-1,-1,6
6348290,58,49,-1,-1,6
6349413,12,54,-1,-1,5
6346937,37,20,-1,-1,2
6346868,7,41,-1,-1,7
6345589,34,11,-1,-1,0
6340076,25,57,-1,-1,6
6348148,37,38,-1,-1,1
6347651,29,49,-1,-1,2
6348941,32,10,-1,-1,1
6346601,36,20,-1,-1,5
6343919,30,1,-1,-1,5
6349792,41,3,-1,-1,1
6348384,46,8,-1,-1,2
6350674,25,44,-1,-1,4
6350262,10,52,-1,-1,4
6345751,47,34,-1,-1,0
6350082,45,17,-1,-1,2
6345877,44,5,-1,-1,7
6350805,54,32,-1,-1,3
6345865,39,39,-1,-1,6
6348021,39,57,-1,-1,3
6348921,35,32,-1,-1,4
6350800,57,12,-1,-1,3
6350499,3,13,-1,-1,7
6349588,30,43,-1,-1,7
6347242,50,21,-1,-1,7
6350731,52,7,-1,-1,1
6344281,31,41,-1,-1,3
6348636,1,22,-1,-1,5
6349722,52,43,-1,-1,2
6344262,29,58,-1,-1,1
6348696,40,41,-1,-1,1
6350775,58,9,-1,-1,5
6347301,54,42,-1,-1,1
6346043,29,3,-1,-1,0
6346864,53,3,-1,-1,0
6348619,8,55,-1,-1,5
6349310,43,45,-1,-1,5
6349881,5,26,-1,-1,3
6349812,50,10,-1,-1,1
6350382,28,36,-1,-1,0
6343795,49,23,-1,-1,1
6347598,4,55,-1,-1,6
6349924,32,16,-1,-1,5
6349688,3,12,-1,-1,3
6348465,38,34,-1,-1,6
6345295,38,44,-1,-1,7
6347580,9,23,-1,-1,4
6342914,35,44,-1,-1,0
6346680,20,39,-1,-1,4
6344681,58,38,-1,-1,5
6346341,21,38,-1,-1,2
6350039,2,14,-1,-1,7
6350191,20,17,-1,-1,0
6350319,12,23,-1,-1,2
6348944,0,5,-1,-1,0
6347765,9,46,-1,-1,5
6349883,57,45,-1,-1,6
6350113,40,10,-1,-1,2
6345621,3,21,-1,-1,7
6349348,2,53,-1,-1,3
6331829,46,26,-1,-1,3
6343027,37,13,-1,-1,0
6333597,25,6,-1,-1,7
6349425,14,13,-1,-1,5
6349091,12,56,-1,-1,6
6350189,40,58,-1,-1,3
6350818,23,17,-1,-1,0
6350468,46,48,-1,-1,0
6347935,11,28,-1,-1,5
6346573,39,46,-1,-1,3
6346072,55,50,-1,-1,0
6348672,27,27,-1,-1,1
6346496,0,38,-1,-1,3
6343708,4,37,-1,-1,5
6347899,54,39,-1,-1,7
6350296,42,27,-1,-1,3
6348515,3,23,-1,-1,0
6349035,51,58,-1,-1,6
6349995,28,18,-1,-1,2
6345028,2,0,-1,-1,2
6349735,26,28,-1,-1,0
6347911,21,45,-1,-1,7
6350526,24,18,-1,-1,7
6348628,26,38,-1,-1,1
6344754,53,15,-1,-1,1
6349721,9,10,-1,-1,3
6349363,13,11,-1,-1,3
6348110,53,26,-1,-1,1
6345564,8,49,-1,-1,2
6347181,45,27,-1,-1,3
6339162,31,16,-1,-1,6
6349728,49,11,-1,-1,1
6344252,28,8,-1,-1,1
6346378,36,2,-1,-1,7
6349545,48,31,-1,-1,5
6344721,36,36,-1,-1,5
6345824,7,23,-1,-1,0
6348207,49,31,-1,-1,6
6342163,34,26,-1,-1,4
6348291,8,35,-1,-1,3
6347019,10,40,-1,-1,5
6347056,13,22,-1,-1,7
6349644,27,4,-1,-1,5
6347158,19,4,-1,-1,0
6348849,15,28,-1,-1,5
6349080,42,56,-1,-1,4
6348835,34,17,-1,-1,2
6349928,14,43,-1,-1,4
6346183,0,28,-1,-1,7
6350248,58,44,-1,-1,0
6344776,25,24,-1,-1,6
6350037,49,8,-1,-1,5
6345487,28,41,-1,-1,6
6350429,30,50,-1,-1,5
6348251,15,55,-1,-1,2
6349953,36,21,-1,-1,4
6349715,22,0,-1,-1,3
6348040,58,37,-1,-1,1
6342697,40,20,-1,-1,0
6347072,14,5,-1,-1,3
6350852,14,49,-1,-1,7
6350145,44,24,-1,-1,1
6349760,6,11,-1,-1,7
6347349,13,10,-1,-1,3
6347231,46,2,-1,-1,1
6344829,57,44,-1,-1,5
6344192,11,33,-1,-1,2
6350420,16,20,-1,-1,4
6343490,2,33,-1,-1,3
6350232,46,3,-1,-1,4
6350427,23,54,-1,-1,0
6350254,1,8,-1,-1,3
6349190,39,17,-1,-1,2
6350321,27,36,-1,-1,6
6347011,27,50,-1,-1,6
6350146,55,19,-1,-1,3
6339278,50,17,-1,-1,7
6350343,16,34,-1,-1,6
6350903,28,10,-1,-1,5
6343817,36,1,-1,-1,1
6346768,54,12,-1,-1,5
6349115,28,43,-1,-1,5
6349384,57,23,-1,-1,0
6346590,15,50,-1,-1,0
6349945,14,42,-1,-1,5
6344873,15,4,-1,-1,3
6342470,52,28,-1,-1,4
6350412,28,42,-1,-1,5
6345569,5,45,-1,-1,4
6349120,10,6,-1,-1,3
6336779,5,28,-1,-1,5
6350542,20,23,-1,-1,4
6350383,22,53,-1,-1,0
6349606,19,6,-1,-1,5
6349450,54,3,-1,-1,6
6347350,17,0,-1,-1,6
6350803,57,46,-1,-1,4
6341674,50,32,-1,-1,2
6349172,0,42,-1,-1,3
6350118,52,42,-1,-1,2
6348751,16,9,-1,-1,2
6332443,16,7,-1,-1,4
6350451,4,52,-1,-1,0
6347618,11,8,-1,-1,1
6347087,18,40,-1,-1,6
6341913,24,29,-1,-1,4
6348725,44,4,-1,-1,1
6348712,46,39,-1,-1,6
6341673,2,34,-1,-1,7
6348363,27,43,-1,-1,2
6350892,9,13,-1,-1,2
6348420,38,31,-1,-1,7
6350890,13,32,-1,-1,2
6349167,11,54,-1,-1,4
6350126,35,23,-1,-1,3
6350108,15,11,-1,-1,0
6349764,15,38,-1,-1,1
6349968,45,18,-1,-1,1
6348762,25,8,-1,-1,4
6350727,35,18,-1,-1,7
6348801,11,9,-1,-1,3
6339096,37,39,-1,-1,2
6350766,15,49,-1,-1,0
6349274,19,57,-1,-1,7
6344464,7,58,-1,-1,6
6349966,17,53,-1,-1,5
6340961,18,53,-1,-1,5
6348268,37,36,-1,-1,1
6348627,14,1,-1,-1,3
6350895,39,8,-1,-1,5
6346514,5,6,-1,-1,3
6350816,51,47,-1,-1,3
6347355,51,17,-1,-1,3
6344924,56,46,-1,-1,6
6347502,47,56,-1,-1,2
6349042,19,40,-1,-1,7
6350323,29,0,-1,-1,0
6350515,40,23,-1,-1,1
6348435,53,48,-1,-1,6
6349686,14,18,-1,-1,3
6344950,40,55,-1,-1,4
6349315,46,6,-1,-1,2
6344201,3,37,-1,-1,1
6346628,2,28,-1,-1,1
6343239,51,9,-1,-1,2
6348410,21,24,-1,-1,5
6349869,55,58,-1,-1,4
6350771,25,27,-1,-1,0
6350665,42,38,-1,-1,3
6350781,17,11,-1,-1,7
6350344,51,51,-1,-1,3
6349885,46,55,-1,-1,3
6347660,34,43,-1,-1,4
6348646,48,45,-1,-1,6
6350562,33,49,-1,-1,4
6345180,3,11,-1,-1,4
6347966,8,16,-1,-1,4
6342918,25,49,-1,-1,2
6347344,26,35,-1,-1,5
6347026,37,51,-1,-1,7
6347675,16,33,-1,-1,7
6347459,21,32,-1,-1,1
6349625,51,0,-1,-1,6
6347676,56,9,-1,-1,2
6347240,52,39,-1,-1,3
6350447,35,50,-1,-1,7
6345535,13,13,-1,-1,0
6342424,10,12,-1,-1,1
6336577,57,13,-1,-1,2
6348189,8,27,-1,-1,3
6345983,35,19,-1,-1,5
6346812,34,1,-1,-1,0
6350136,40,45,-1,-1,2
6350484,27,20,-1,-1,5
6343153,16,3,-1,-1,0
6342975,8,42,-1,-1,3
6346299,42,6,-1,-1,6
6346993,1,43,-1,-1,7
6349197,13,56,-1,-1,3
6346808,12,9,-1,-1,6
6350052,21,12,-1,-1,0
6350268,17,25,-1,-1,0
6347924,9,41,-1,-1,4
6350578,47,50,-1,-1,7
6348856,0,15,-1,-1,6
6350460,29,15,-1,-1,5
6350503,5,14,-1,-1,0
6350607,1,33,-1,-1,3
6347963,29,28,-1,-1,2
6350564,17,14,-1,-1,1
6348395,48,47,-1,-1,1
6348568,19,14,-1,-1,0
6343201,6,56,-1,-1,5
6343213,10,22,-1,-1,5
6347838,1,6,-1,-1,5
6341874,11,56,-1,-1,3
6350135,29,6,-1,-1,1
6350586,26,15,-1,-1,6
6350253,49,5,-1,-1,6
6350228,16,22,-1,-1,2
6350110,23,51,-1,-1,0
6345442,19,51,-1,-1,3
6350403,2,54,-1,-1,3
6350054,15,30,-1,-1,5
6349291,17,37,-1,-1,4
6350905,57,54,-1,-1,1
6347371,32,1,-1,-1,0
6349547,38,48,-1,-1,2
6342494,13,45,-1,-1,7
6348765,7,50,-1,-1,0
6345022,15,13,-1,-1,3
6342505,20,34,-1,-1,4
6341013,43,2,-1,-1,2
6349861,52,23,-1,-1,6
6346591,57,14,-1,-1,4
6350646,29,50,-1,-1,5
6345147,44,22,-1,-1,7
6340790,26,48,-1,-1,4
6348783,12,25,-1,-1,4
6350029,32,24,-1,-1,5
6350888,5,15,-1,-1,2
6350317,21,34,-1,-1,3
6349925,31,42,-1,-1,7
6344268,1,50,-1,-1,6
6342293,32,15,-1,-1,3
6349349,28,17,-1,-1,1
6347139,4,10,-1,-1,0
6350375,6,14,-1,-1,1
6350059,34,42,-1,-1,4
6350237,5,30,-1,-1,7
6347106,46,0,-1,-1,7
6350666,16,48,-1,-1,0
6347333,48,34,-1,-1,5
6346190,40,30,-1,-1,0
6350694,13,2,-1,-1,7
6349231,56,35,-1,-1,1
6350223,50,27,-1,-1,6
6349428,55,4,-1,-1,1
6348645,31,38,-1,-1,2
6345626,36,47,-1,-1,6
6346975,37,55,-1,-1,5
6348334,29,4,-1,-1,5
6350730,34,18,-1,-1,7
6345645,40,34,-1,-1,6
6346634,39,10,-1,-1,7
6348043,41,48,-1,-1,4
6342463,34,23,-1,-1,0
6350171,50,29,-1,-1,4
6350642,22,39,-1,-1,5
6349693,46,33,-1,-1,0
6349287,20,37,-1,-1,4
6350611,6,22,-1,-1,0
6350631,9,8,-1,-1,5
6349589,18,30,-1,-1,6
6345712,55,40,-1,-1,6
6348001,44,12,-1,-1,5
6344517,20,26,-1,-1,1
6347124,7,47,-1,-1,5
6350358,1,42,-1,-1,3
6350907,21,42,-1,-1,6
6350612,33,36,-1,-1,1
6349203,14,2,-1,-1,4
6348671,55,36,-1,-1,2
6350588,49,18,-1,-1,0
6348846,1,44,-1,-1,7
6349528,30,54,-1,-1,0
6348882,10,10,-1,-1,2
6346592,40,21,-1,-1,7
6345562,16,38,-1,-1,2
6347438,22,2,-1,-1,7
6349832,39,0,-1,-1,5
6343235,48,23,-1,-1,7
6349096,8,52,-1,-1,0
6350661,25,52,-1,-1,3
6347201,14,12,-1,-1,3
6346671,18,22,-1,-1,5
6345298,57,9,-1,-1,4
6350596,4,5,-1,-1,1
6349235,10,27,-1,-1,2
6350467,33,30,-1,-1,7
6344655,18,7,-1,-1,1
6349567,12,41,-1,-1,6
6349477,13,23,-1,-1,7
6348968,34,44,-1,-1,5
6349312,11,3,-1,-1,3
6350848,50,39,-1,-1,5
6350591,19,5,-1,-1,2
6350541,19,34,-1,-1,2
6345293,14,53,-1,-1,4
6346009,9,12,-1,-1,7
6350653,15,46,-1,-1,1
6350133,8,40,-1,-1,3
6345436,35,41,-1,-1,2
6349749,14,35,-1,-1,5
6350312,42,18,-1,-1,4
6346035,0,9,-1,-1,5
6349543,55,24,-1,-1,1
6346766,38,25,-1,-1,0
6348683,49,57,-1,-1,5
6348265,42,8,-1,-1,2
6344966,20,38,-1,-1,3
6350417,3,7,-1,-1,4
6349154,19,38,-1,-1,4
6339123,10,58,-1,-1,3
6346611,15,52,-1,-1,2
6347079,2,31,-1,-1,4
6347291,2,32,-1,-1,7
6346781,3,46,-1,-1,3
6345444,9,3,-1,-1,0
6348298,25,48,-1,-1,6
6349544,17,21,-1,-1,0
6346842,41,43,-1,-1,0
6346085,53,54,-1,-1,5
6342218,46,47,-1,-1,0
6348163,21,17,-1,-1,7
6339352,36,22,-1,-1,4
6350390,45,50,-1,-1,6
6350300,7,10,-1,-1,2
6342947,21,2,-1,-1,5
6343223,12,21,-1,-1,3
6349517,33,45,-1,-1,0
6349269,38,56,-1,-1,6
6348034,46,41,-1,-1,6
6347475,30,23,-1,-1,5
6335927,0,30,-1,-1,5
6347010,33,16,-1,-1,6
6349981,6,45,-1,-1,5
6350069,9,17,-1,-1,7
6345935,38,26,-1,-1,2
6348831,35,58,-1,-1,7
6348969,31,2,-1,-1,4
6350839,6,29,-1,-1,2
6349655,11,51,-1,-1,3
6349013,37,3,-1,-1,5
6350141,2,51,-1,-1,7
6350527,40,19,-1,-1,5
6349672,53,45,-1,-1,3
6346707,1,20,-1,-1,0
6347693,13,37,-1,-1,6
6349647,57,57,-1,-1,5
6349624,41,1,-1,-1,0
6332563,14,22,-1,-1,7
6348924,2,48,-1,-1,1
6350677,31,48,-1,-1,7
6346255,39,11,-1,-1,1
6346044,0,18,-1,-1,1
6350720,26,22,-1,-1,6
6346094,48,58,-1,-1,1
6346856,47,51,-1,-1,3
6344293,16,52,-1,-1,3
6345970,10,55,-1,-1,0
6349892,29,22,-1,-1,3
6350876,33,56,-1,-1,3
6350288,36,19,-1,-1,5
6349922,13,33,-1,-1,3
6347422,44,34,-1,-1,3
6344715,48,2,-1,-1,7
6349931,19,49,-1,-1,0
6350023,43,52,-1,-1,0
6345433,19,48,-1,-1,2
6332951,4,35,-1,-1,5
6346714,15,18,-1,-1,7
6350050,44,21,-1,-1,5
6343288,15,19,-1,-1,5
6338523,9,57,-1,-1,4
6336090,15,51,-1,-1,0
6348461,52,6,-1,-1,4
6348026,51,8,-1,-1,3
6348217,0,2,-1,-1,6
6347859,29,10,-1,-1,1
6344374,18,57,-1,-1,6
6347193,6,51,-1,-1,4
6346461,12,24,-1,-1,1
6346541,40,42,-1,-1,2
6328300,24,19,-1,-1,2
6350281,45,57,-1,-1,0
6349351,42,0,-1,-1,1
6346991,35,34,-1,-1,3
6339257,42,11,-1,-1,1
6348747,46,10,-1,-1,2
6348093,25,20,-1,-1,6
6347821,32,22,-1,-1,6
6348257,52,25,-1,-1,6
6349765,5,54,-1,-1,5
6349790,49,29,-1,-1,1
6349663,49,34,-1,-1,1
6347429,41,21,-1,-1,2
6350754,36,12,-1,-1,4
6350291,27,18,-1,-1,7
6349160,44,10,-1,-1,6
6347495,6,28,-1,-1,3
6342895,48,30,-1,-1,0
6348780,20,8,-1,-1,7
6347445,48,14,-1,-1,3
6349153,40,38,-1,-1,4
6350313,51,56,-1,-1,5
6350482,26,5,-1,-1,5
6339572,14,15,-1,-1,4
6349615,41,47,-1,-1,5
6350559,28,5,-1,-1,2
6349613,3,33,-1,-1,3
6349311,34,51,-1,-1,0
6345963,42,25,-1,-1,2
6339770,1,28,-1,-1,4
6342817,19,9,-1,-1,4
6348536,18,50,-1,-1,1
6347706,6,8,-1,-1,4
6349640,20,33,-1,-1,0
6349494,12,49,-1,-1,3
6348915,49,42,-1,-1,0
6350856,51,3,-1,-1,3
6341893,22,55,-1,-1,7
6347173,1,51,-1,-1,6
6350664,12,34,-1,-1,5
6341639,19,35,-1,-1,6
6350658,29,47,-1,-1,0
6350326,16,56,-1,-1,5
6349352,35,35,-1,-1,2
6341403,24,10,-1,-1,5
6346965,36,55,-1,-1,6
6341347,18,21,-1,-1,5
6345988,9,28,-1,-1,0
6347367,39,27,-1,-1,6
6344398,38,17,-1,-1,1
6349962,35,39,-1,-1,4
6348007,15,35,-1,-1,1
6345812,52,31,-1,-1,6
6350618,27,10,-1,-1,2
6348558,49,28,-1,-1,4
6347142,50,38,-1,-1,0
6349723,21,29,-1,-1,1
6350725,5,17,-1,-1,2
6343546,14,30,-1,-1,0
6346780,33,23,-1,-1,2
6342464,3,35,-1,-1,4
6348306,29,5,-1,-1,7
6350225,20,45,-1,-1,2
6348922,25,46,-1,-1,1
6347745,39,44,-1,-1,1
6349464,5,36,-1,-1,0
6334614,15,21,-1,-1,5
6348392,36,43,-1,-1,4
6347640,17,29,-1,-1,6
6350212,35,33,-1,-1,5
6350551,42,51,-1,-1,4
6350813,40,48,-1,-1,2
6348292,20,3,-1,-1,2
6350864,50,13,-1,-1,0
6336517,36,31,-1,-1,0
6350863,26,3,-1,-1,7
6349071,50,44,-1,-1,3
6349707,37,37,-1,-1,1
6350075,1,45,-1,-1,3
6343617,9,2,-1,-1,6
6350219,46,15,-1,-1,0
6349316,24,58,-1,-1,6
6350827,33,38,-1,-1,1
6349076,13,21,-1,-1,3
6345867,0,7,-1,-1,4
6336064,16,45,-1,-1,2
6349692,5,38,-1,-1,5
6349129,38,7,-1,-1,0
6350080,5,49,-1,-1,5
6348500,58,48,-1,-1,5
6345448,42,23,-1,-1,6
6350413,38,16,-1,-1,2
6349101,53,55,-1,-1,3
6350590,33,28,-1,-1,3
6346824,54,22,-1,-1,7
6347379,55,1,-1,-1,6
6347674,41,58,-1,-1,5
6343836,49,56,-1,-1,0
6349982,25,30,-1,-1,7
6349619,6,57,-1,-1,5
6348617,49,0,-1,-1,3
6349557,16,1,-1,-1,1
6345752,24,35,-1,-1,0
6344747,55,0,-1,-1,6
6350628,29,31,-1,-1,6
6345551,56,1,-1,-1,0
6349884,23,11,-1,-1,6
6345792,28,7,-1,-1,3
6349954,15,33,-1,-1,4
6349921,5,7,-1,-1,3
6341994,32,6,-1,-1,1
6349970,15,12,-1,-1,0
6347297,32,9,-1,-1,0
6349677,47,15,-1,-1,2
6340354,12,43,-1,-1,4
6346913,44,27,-1,-1,2
6340526,54,55,-1,-1,5
6346232,7,16,-1,-1,2
6346026,31,26,-1,-1,5
6350279,17,5,-1,-1,4
6343220,26,52,-1,-1,2
6344690,50,58,-1,-1,1
6350885,55,53,-1,-1,4
6350550,34,41,-1,-1,7
6347109,17,4,-1,-1,5
6348206,13,12,-1,-1,5
6342729,23,6,-1,-1,2
6349119,40,16,-1,-1,0
6347635,49,7,-1,-1,5
6348453,55,44,-1,-1,7
6349847,6,35,-1,-1,0
6343933,35,10,-1,-1,5
6348666,6,41,-1,-1,3
6335009,9,29,-1,-1,6
6350068,38,14,-1,-1,6
6350154,20,20,-1,-1,2
6349756,49,26,-1,-1,2
6348455,37,0,-1,-1,6
6349004,36,33,-1,-1,5
6349318,44,31,-1,-1,3
6349285,2,40,-1,-1,6
6344116,16,50,-1,-1,7
6348174,20,48,-1,-1,7
6348530,15,9,-1,-1,5
6350706,55,28,-1,-1,7
6341844,31,56,-1,-1,4
6349342,56,26,-1,-1,3
6350211,7,11,-1,-1,2
6349415,22,22,-1,-1,7
6342013,10,18,-1,-1,1
6343624,22,13,-1,-1,3
6350778,18,44,-1,-1,3
6349286,42,36,-1,-1,1
6349585,24,3,-1,-1,7
6344001,27,17,-1,-1,7
6343710,42,1,-1,-1,6
6346852,51,19,-1,-1,5
6350616,53,8,-1,-1,0
6347763,11,21,-1,-1,7
6348976,25,47,-1,-1,6
6349956,26,0,-1,-1,7
6348848,0,54,-1,-1,7
6349308,10,32,-1,-1,6
6348013,12,14,-1,-1,4
6344906,45,22,-1,-1,1
6350497,56,17,-1,-1,2
6348342,0,27,-1,-1,0
6349633,10,21,-1,-1,4
6348546,55,33,-1,-1,4
6349376,36,17,-1,-1,3
6348309,15,41,-1,-1,6
6338165,51,6,-1,-1,0
6349827,42,34,-1,-1,6
6350363,43,48,-1,-1,7
6339034,22,54,-1,-1,2
6348320,28,21,-1,-1,6
6350234,44,20,-1,-1,0
6348812,49,20,-1,-1,5
6344558,5,44,-1,-1,1
6342374,48,20,-1,-1,2
6349656,47,23,-1,-1,2
6348408,16,21,-1,-1,5
6350047,4,14,-1,-1,5
6336453,36,28,-1,-1,4
6347478,21,11,-1,-1,7
6332784,25,33,-1,-1,3
6347687,17,2,-1,-1,4
6346809,30,4,-1,-1,6
6347016,7,5,-1,-1,7
6347594,33,6,-1,-1,2
6346718,50,7,-1,-1,3
6349390,16,5,-1,-1,1
6347862,16,39,-1,-1,0
6344854,51,50,-1,-1,5
6349249,21,54,-1,-1,7
6344172,37,41,-1,-1,6
6341718,1,41,-1,-1,6
6345238,8,38,-1,-1,7
6348707,17,17,-1,-1,3
6345944,52,44,-1,-1,4
6349626,31,35,-1,-1,6
6348910,58,1,-1,-1,1
6349481,11,48,-1,-1,5
6347457,48,16,-1,-1,3
6350667,4,46,-1,-1,0
6344458,54,56,-1,-1,3
6348192,1,36,-1,-1,7
6350324,0,16,-1,-1,5
6341407,9,7,-1,-1,0
6348105,1,34,-1,-1,1
6345517,0,49,-1,-1,2
6343814,29,46,-1,-1,1
6348506,57,10,-1,-1,3
6339075,46,40,-1,-1,3
6350713,41,44,-1,-1,0
6350433,6,21,-1,-1,2
6348603,26,20,-1,-1,5
6347656,8,57,-1,-1,4
6350170,31,44,-1,-1,4
6347863,38,10,-1,-1,3
6346291,22,10,-1,-1,2
6350304,44,16,-1,-1,5
6347406,55,57,-1,-1,4
6349512,45,25,-1,-1,2
6350741,21,9,-1,-1,2
6344989,29,13,-1,-1,4
6350891,55,52,-1,-1,7
6343093,48,15,-1,-1,1
6348398,42,52,-1,-1,3
6348321,1,4,-1,-1,3
6345220,48,56,-1,-1,7
6348081,1,3,-1,-1,4
6349895,5,39,-1,-1,1
6345726,17,6,-1,-1,5
6350510,37,35,-1,-1,0
6350032,17,34,-1,-1,7
6344066,41,12,-1,-1,3
6348229,46,30,-1,-1,3
6336509,50,35,-1,-1,4
6347557,48,24,-1,-1,0
6350055,39,52,-1,-1,1
6350757,35,9,-1,-1,4
6348137,31,24,-1,-1,4
6346423,30,55,-1,-1,0
6348520,38,23,-1,-1,2
6347389,21,0,-1,-1,6
6349518,23,8,-1,-1,1
6332152,47,42,-1,-1,5
6349283,53,9,-1,-1,5
6347893,31,40,-1,-1,6
6350857,46,11,-1,-1,0
6346512,27,49,-1,-1,3
6350162,58,35,-1,-1,4
6350796,31,5,-1,-1,7
6346777,23,34,-1,-1,5
6343317,40,51,-1,-1,1
6348936,25,50,-1,-1,2
6348255,8,20,-1,-1,1
6348308,31,27,-1,-1,0
6337546,4,39,-1,-1,4
6344830,45,34,-1,-1,3
6346169,48,39,-1,-1,3
6348383,40,22,-1,-1,7
6345762,37,50,-1,-1,3
6345678,41,10,-1,-1,7
6344904,55,9,-1,-1,4
6339894,13,15,-1,-1,4
6349309,47,22,-1,-1,0
6348409,26,7,-1,-1,0
6350793,53,11,-1,-1,1
6347473,10,11,-1,-1,7
6350858,34,10,-1,-1,6
6345848,44,29,-1,-1,2
6347968,22,11,-1,-1,5
6350799,55,51,-1,-1,4
6348018,52,36,-1,-1,5
6345836,18,48,-1,-1,7
6349971,33,18,-1,-1,5
6349220,33,53,-1,-1,4
6342826,46,44,-1,-1,1
6349432,23,58,-1,-1,3
6348949,55,54,-1,-1,5
6348414,51,15,-1,-1,0
6349248,36,45,-1,-1,3
6350502,9,40,-1,-1,1
6348531,26,57,-1,-1,2
6347015,38,3,-1,-1,2
6350275,20,32,-1,-1,1
6349967,9,54,-1,-1,0
6345000,5,58,-1,-1,6
6349051,21,40,-1,-1,1
6347875,3,14,-1,-1,2
6346639,54,43,-1,-1,4
6347824,45,36,-1,-1,2
6347652,52,56,-1,-1,1
6349208,43,38,-1,-1,6
6346930,29,20,-1,-1,6
6349900,28,13,-1,-1,6
6344687,7,36,-1,-1,0
6347456,41,14,-1,-1,6
6348232,0,37,-1,-1,3
6342658,7,49,-1,-1,7
6350684,53,13,-1,-1,0
6348711,21,37,-1,-1,4
6349034,58,7,-1,-1,5
6350293,48,33,-1,-1,1
6348005,27,24,-1,-1,2
6345746,29,26,-1,-1,0
6347890,16,40,-1,-1,1
6350242,4,19,-1,-1,0
6347202,30,0,-1,-1,3
6349215,50,1,-1,-1,2
6349622,28,40,-1,-1,0
6340299,25,2,-1,-1,3
6350760,37,11,-1,-1,5
6348354,24,38,-1,-1,3
6347620,14,44,-1,-1,7
6348837,6,46,-1,-1,0
6332193,31,3,-1,-1,3
6350882,0,20,-1,-1,1
6350826,47,32,-1,-1,4
6348280,0,36,-1,-1,0
6350636,39,23,-1,-1,6
6339683,40,3,-1,-1,6
6345076,9,33,-1,-1,7
6344944,53,19,-1,-1,7
6350240,4,16,-1,-1,0
6346922,4,4,-1,-1,1
6344650,42,44,-1,-1,7
6346942,34,37,-1,-1,4
6348557,17,47,-1,-1,7
6350843,15,54,-1,-1,3
6347739,12,53,-1,-1,3
6347612,8,18,-1,-1,4
6350700,58,11,-1,-1,5
6350707,33,44,-1,-1,3
6345401,23,1,-1,-1,4
6349469,11,19,-1,-1,5
6342280,21,41,-1,-1,6
6349424,16,0,-1,-1,0
6349111,37,54,-1,-1,6
6350100,39,55,-1,-1,6
6348967,5,0,-1,-1,7
6350832,28,47,-1,-1,3
6344330,56,34,-1,-1,0
6348483,54,27,-1,-1,5
6347699,51,10,-1,-1,5
6349854,39,56,-1,-1,5
6345497,18,35,-1,-1,5
6345775,40,7,-1,-1,6
6350599,39,15,-1,-1,6
6333038,44,57,-1,-1,1
6347596,20,49,-1,-1,7
6348525,40,25,-1,-1,7
6348542,31,37,-1,-1,4
6341191,22,8,-1,-1,7
6350022,10,43,-1,-1,4
6350650,3,52,-1,-1,0
6347981,56,8,-1,-1,7
6350081,32,58,-1,-1,5
6350428,36,14,-1,-1,3
6349880,39,49,-1,-1,4
6350025,16,16,-1,-1,1
6350292,11,58,-1,-1,7
6348111,6,27,-1,-1,6
6350196,8,12,-1,-1,7
6350461,1,17,-1,-1,5
6349020,45,13,-1,-1,0
6346286,7,19,-1,-1,3
6349448,3,42,-1,-1,7
6349906,8,3,-1,-1,6
6349322,22,47,-1,-1,1
6348891,16,44,-1,-1,3
6350681,10,25,-1,-1,6
6347210,35,54,-1,-1,5
6346830,23,37,-1,-1,6
6348904,18,3,-1,-1,4
6349007,44,45,-1,-1,4
6346149,20,5,-1,-1,0
6350506,32,19,-1,-1,6
6344637,26,44,-1,-1,5
6347455,50,0,-1,-1,7
6344863,39,58,-1,-1,5
6348845,40,37,-1,-1,4
6347216,27,23,-1,-1,5
6349576,53,51,-1,-1,3
6346478,33,17,-1,-1,3
6347405,2,36,-1,-1,7
6348868,17,56,-1,-1,3
6349602,58,23,-1,-1,4
6348276,44,35,-1,-1,7
6346967,12,2,-1,-1,0
6348753,9,55,-1,-1,0
6348978,10,2,-1,-1,7
6343775,6,25,-1,-1,6
6350180,14,47,-1,-1,2
6348235,10,15,-1,-1,6
6347198,50,46,-1,-1,0
6350575,35,2,-1,-1,2
6348638,53,33,-1,-1,1
6349627,49,22,-1,-1,6
6346674,44,43,-1,-1,5
6349807,5,50,-1,-1,0
6344903,53,14,-1,-1,5
6343632,49,53,-1,-1,1
6347203,50,3,-1,-1,3
6350134,0,51,-1,-1,7
6348655,54,21,-1,-1,1
6347799,4,34,-1,-1,6
6348730,10,37,-1,-1,2
6350617,17,26,-1,-1,2
6346543,47,10,-1,-1,0
6347399,25,42,-1,-1,2
6350606,26,47,-1,-1,7
6334194,3,53,-1,-1,2
6346277,11,45,-1,-1,5
6350405,27,34,-1,-1,7
6332662,19,10,-1,-1,1
6343210,13,46,-1,-1,1
6341678,52,49,-1,-1,1
6349996,4,20,-1,-1,5
6348481,51,54,-1,-1,5
6350814,51,31,-1,-1,4
6350257,4,51,-1,-1,7
6349680,54,0,-1,-1,6
6346487,55,32,-1,-1,7
6345918,22,44,-1,-1,1
6350149,20,47,-1,-1,7
6349059,55,21,-1,-1,5
6350174,2,19,-1,-1,3
6349607,34,3,-1,-1,1
6350774,48,35,-1,-1,3
6342348,12,58,-1,-1,6
6348778,41,7,-1,-1,7
6349531,10,9,-1,-1,5
6350615,8,26,-1,-1,1
6349991,26,42,-1,-1,2
6338829,26,4,-1,-1,1
6349421,21,28,-1,-1,6
6341507,28,22,-1,-1,1
6347601,34,2,-1,-1,2
6347815,43,49,-1,-1,5
6350101,18,43,-1,-1,2
6350470,28,56,-1,-1,3
6348302,20,4,-1,-1,4
6348852,8,36,-1,-1,7
6347929,2,9,-1,-1,5
6338134,34,47,-1,-1,3
6346273,42,5,-1,-1,2
6346226,26,9,-1,-1,5
6346318,43,18,-1,-1,3
6350329,9,31,-1,-1,1
6343565,8,24,-1,-1,6
6346369,7,56,-1,-1,2
6349868,54,44,-1,-1,6
6348884,24,56,-1,-1,3
6345377,39,50,-1,-1,2
6350836,51,25,-1,-1,0
6349046,13,47,-1,-1,5
6342742,27,32,-1,-1,2
6348816,48,55,-1,-1,0
6348428,50,40,-1,-1,6
6346474,18,58,-1,-1,0
6349897,51,21,-1,-1,7
6344249,14,4,-1,-1,5
6344939,46,37,-1,-1,1
6348135,45,8,-1,-1,4
6344208,22,15,-1,-1,0
6347923,51,23,-1,-1,0
6350402,15,23,-1,-1,2
6350602,35,21,-1,-1,7
6344823,33,25,-1,-1,4
6349357,35,53,-1,-1,4
6343042,47,21,-1,-1,4
6348681,38,37,-1,-1,6
6346862,41,38,-1,-1,2
6350663,9,51,-1,-1,7
6344821,42,58,-1,-1,4
6349416,51,35,-1,-1,2
6349983,54,8,-1,-1,1
6345961,49,41,-1,-1,7
6349427,8,41,-1,-1,4
6347734,2,17,-1,-1,4
6350566,51,4,-1,-1,4
6350387,9,14,-1,-1,4
6334746,47,45,-1,-1,2
6347328,43,40,-1,-1,5
6350222,49,21,-1,-1,3
6344584,35,17,-1,-1,1
6350670,38,5,-1,-1,0
6349903,55,13,-1,-1,3
6348054,6,19,-1,-1,6
6341599,9,52,-1,-1,1
6350181,48,27,-1,-1,7
6349380,44,1,-1,-1,7
6349281,37,26,-1,-1,3
6350400,22,6,-1,-1,7
6350028,11,10,-1,-1,3
6349898,44,25,-1,-1,4
6347670,16,54,-1,-1,0
6349767,9,5,-1,-1,4
6348680,50,23,-1,-1,3
6347533,52,29,-1,-1,3
6350331,38,57,-1,-1,2
6350410,0,4,-1,-1,2
6344493,50,12,-1,-1,6
6350263,28,28,-1,-1,2
6350487,45,30,-1,-1,6
6344651,52,57,-1,-1,1
6349542,45,1,-1,-1,1
6350167,43,54,-1,-1,0
6350842,55,47,-1,-1,5
6347855,0,32,-1,-1,3
6350830,48,19,-1,-1,0
6345073,27,47,-1,-1,0
6337450,44,42,-1,-1,7
6348434,31,6,-1,-1,2
6343000,44,13,-1,-1,3
6350868,22,19,-1,-1,0
6346765,33,27,-1,-1,4
6349875,39,41,-1,-1,4
6342873,49,39,-1,-1,1
6349540,47,8,-1,-1,2
6345833,30,40,-1,-1,7
6349623,14,6,-1,-1,0
6350359,2,13,-1,-1,3
6346976,58,5,-1,-1,6
6349475,24,33,-1,-1,4
6349701,53,23,-1,-1,6
6346381,22,52,-1,-1,6
6347663,24,46,-1,-1,2
6349620,19,11,-1,-1,0
6350396,21,48,-1,-1,2
6349815,0,55,-1,-1,2
6345454,31,20,-1,-1,1
6347336,46,25,-1,-1,3
6343368,45,5,-1,-1,6
6348945,29,12,-1,-1,1
6348122,1,56,-1,-1,1
6342217,35,37,-1,-1,5
6348444,21,50,-1,-1,5
6349675,25,41,-1,-1,2
6346923,52,46,-1,-1,4
6350490,45,51,-1,-1,3
6350671,10,44,-1,-1,1
6349628,54,31,-1,-1,7
6349229,22,57,-1,-1,2
6347326,17,20,-1,-1,5
6348817,37,19,-1,-1,4
6348802,43,5,-1,-1,6
6346719,11,47,-1,-1,3
6349923,17,39,-1,-1,5
6350513,7,21,-1,-1,0
6350561,45,3,-1,-1,5
6346832,57,8,-1,-1,3
6348371,2,49,-1,-1,5
6349838,4,48,-1,-1,6
6349831,56,12,-1,-1,6
6349458,47,18,-1,-1,4
6348901,3,29,-1,-1,0
6349704,1,0,-1,-1,2
6349825,15,40,-1,-1,3
6349247,55,5,-1,-1,5
6347750,19,53,-1,-1,0
6350352,8,1,-1,-1,5
6348779,45,45,-1,-1,3
6349539,36,42,-1,-1,0
6347852,30,22,-1,-1,1
6344184,56,24,-1,-1,6
6350342,20,46,-1,-1,3
6345154,41,49,-1,-1,1
6339061,50,57,-1,-1,0
6349519,18,52,-1,-1,4
6341612,57,51,-1,-1,2
6346860,34,57,-1,-1,1
6349750,20,27,-1,-1,2
6348946,56,39,-1,-1,2
6350109,24,20,-1,-1,2
6347386,47,37,-1,-1,0
6346968,23,38,-1,-1,5
6350125,12,12,-1,-1,2
6350662,1,38,-1,-1,2
6347471,57,27,-1,-1,6
6350768,44,15,-1,-1,3
6349490,17,10,-1,-1,2
6346775,30,10,-1,-1,7
6350689,40,4,-1,-1,4
6347592,20,55,-1,-1,4
6349134,50,36,-1,-1,0
6342117,21,43,-1,-1,5
6345456,40,13,-1,-1,0
6344563,47,28,-1,-1,1
6348545,0,23,-1,-1,2
6350756,30,56,-1,-1,0
6347166,8,46,-1,-1,1
6350148,44,2,-1,-1,7
6348947,44,6,-1,-1,3
6349173,30,7,-1,-1,2
6343408,3,51,-1,-1,7
6349268,24,2,-1,-1,4
6347754,34,39,-1,-1,3
6345885,29,30,-1,-1,1
6346476,8,7,-1,-1,0
6345273,14,46,-1,-1,6
6348096,48,11,-1,-1,4
6347812,49,25,-1,-1,3
6349871,6,34,-1,-1,1
6346005,17,44,-1,-1,1
6349842,57,49,-1,-1,5
6350565,2,21,-1,-1,7
6347773,50,11,-1,-1,7
6348644,54,17,-1,-1,2
6348193,2,46,-1,-1,6
6346527,43,34,-1,-1,7
6343535,55,38,-1,-1,4
6348863,42,57,-1,-1,4
6346427,11,43,-1,-1,1
6349552,51,13,-1,-1,3
6350543,17,50,-1,-1,1
6349371,27,33,-1,-1,0
6343464,56,31,-1,-1,1
6345558,54,26,-1,-1,1
6337453,4,50,-1,-1,3
6343809,56,11,-1,-1,5
6346866,15,43,-1,-1,4
6347205,3,16,-1,-1,7
6350521,17,23,-1,-1,1
6347051,51,1,-1,-1,4
6350722,58,41,-1,-1,0
6347080,58,46,-1,-1,2
6350143,0,47,-1,-1,2
6344349,32,7,-1,-1,2
6349138,22,24,-1,-1,1
6350613,28,37,-1,-1,1
6350579,11,26,-1,-1,1
6346432,28,1,-1,-1,6
6347510,47,35,-1,-1,0
6349985,12,30,-1,-1,1
6346798,13,52,-1,-1,5
6340954,24,51,-1,-1,2
6348330,37,31,-1,-1,5
6347648,4,32,-1,-1,5
6347906,53,42,-1,-1,4
6346909,22,25,-1,-1,5
6349909,11,38,-1,-1,1
6348996,41,37,-1,-1,4
6348859,43,8,-1,-1,1
6349568,19,29,-1,-1,6
6350437,33,37,-1,-1,1
6344884,24,0,-1,-1,2
6348687,52,13,-1,-1,5
6341928,6,12,-1,-1,4
6347294,3,41,-1,-1,5
6345502,33,5,-1,-1,0
6348091,48,53,-1,-1,1
6346851,13,18,-1,-1,2
6345783,12,51,-1,-1,4
6347030,25,25,-1,-1,7
6349146,22,46,-1,-1,3
6346843,57,39,-1,-1,2
6349277,33,52,-1,-1,7
6346021,49,35,-1,-1,1
6350601,58,2,-1,-1,2
6350538,24,6,-1,-1,3
6349260,24,31,-1,-1,1
6348786,19,23,-1,-1,7
6350846,22,37,-1,-1,6
6350587,1,27,-1,-1,3
6348800,58,56,-1,-1,2
6350421,56,32,-1,-1,2
6344056,52,48,-1,-1,4
6350641,29,8,-1,-1,2
6346041,37,23,-1,-1,0
6344431,34,22,-1,-1,2
6338569,48,17,-1,-1,4
6348620,13,25,-1,-1,3
6348340,37,14,-1,-1,2
6347485,17,15,-1,-1,5
6350325,0,11,-1,-1,2
6347609,45,21,-1,-1,5
6342734,3,28,-1,-1,1
6349673,46,36,-1,-1,1
6340457,58,24,-1,-1,2
6349165,33,42,-1,-1,7
6349199,42,37,-1,-1,1
6346855,43,58,-1,-1,6
6343611,21,31,-1,-1,1
6344600,53,12,-1,-1,7
6349125,35,49,-1,-1,3
6346173,15,42,-1,-1,0
6328868,37,21,-1,-1,2
6346316,44,38,-1,-1,0
6341514,32,12,-1,-1,3
6350495,5,31,-1,-1,3
6346262,11,17,-1,-1,3
6350693,8,11,-1,-1,5
6347643,31,46,-1,-1,6
6348652,32,38,-1,-1,0
6338416,6,30,-1,-1,3
6349253,28,15,-1,-1,5
6349194,22,58,-1,-1,3
6345423,12,28,-1,-1,6
6349950,44,8,-1,-1,2
6344175,51,5,-1,-1,5
6350580,51,53,-1,-1,7
6349058,47,30,-1,-1,5
6347535,32,45,-1,-1,1
6340474,4,22,-1,-1,4
6349451,14,37,-1,-1,3
6344645,3,47,-1,-1,0
6346666,55,8,-1,-1,6
6344391,53,7,-1,-1,5
6342518,24,34,-1,-1,0
6350874,53,40,-1,-1,5
6345140,27,31,-1,-1,5
6346917,15,5,-1,-1,3
6344898,49,47,-1,-1,6
6349527,32,55,-1,-1,1
6345323,10,8,-1,-1,3
6347898,26,13,-1,-1,2
6349525,55,30,-1,-1,6
6349074,39,2,-1,-1,1
6350790,54,14,-1,-1,3
6343160,23,32,-1,-1,6
6348464,1,18,-1,-1,3
6347212,30,27,-1,-1,6
6348297,30,52,-1,-1,5
6349086,36,38,-1,-1,7
6345631,34,19,-1,-1,5
6346086,21,25,-1,-1,7
6350821,21,39,-1,-1,0
6348231,31,0,-1,-1,1
6350371,14,21,-1,-1,3
6348362,49,17,-1,-1,3
6347819,38,55,-1,-1,1
6347932,17,48,-1,-1,2
6349870,52,15,-1,-1,1
6345780,48,8,-1,-1,4
6347940,56,50,-1,-1,6
6348452,54,34,-1,-1,2
6347425,56,28,-1,-1,1
6349001,6,6,-1,-1,0
6341542,50,52,-1,-1,2
6349597,31,58,-1,-1,3
6347208,23,31,-1,-1,4
6349443,16,27,-1,-1,3
6347155,54,54,-1,-1,3
6343558,43,43,-1,-1,1
6348728,33,31,-1,-1,4
6339654,29,40,-1,-1,4
6347463,39,47,-1,-1,2
6349714,12,20,-1,-1,4
6345815,24,53,-1,-1,3
6350786,43,4,-1,-1,3
6348466,26,46,-1,-1,7
6350267,17,7,-1,-1,6
6346188,42,19,-1,-1,5
6344550,21,36,-1,-1,7
6347921,32,50,-1,-1,1
6349944,3,1,-1,-1,2
6345362,42,9,-1,-1,7
6347292,22,45,-1,-1,4
6348977,20,42,-1,-1,1
6346737,41,16,-1,-1,7
6349468,25,0,-1,-1,1
6348797,48,18,-1,-1,2
6342021,44,7,-1,-1,2
6338730,44,48,-1,-1,6
6349336,4,11,-1,-1,4
6349905,1,49,-1,-1,3
6348287,36,15,-1,-1,2
6349484,54,23,-1,-1,2
6349710,28,45,-1,-1,5
6346771,48,3,-1,-1,0
6350250,46,19,-1,-1,0
6349394,8,43,-1,-1,3
6350573,43,57,-1,-1,0
6347804,42,39,-1,-1,6
6349930,8,6,-1,-1,0
6350688,32,33,-1,-1,3
6349122,11,0,-1,-1,7
6350581,41,54,-1,-1,3
6341415,31,9,-1,-1,6
6344815,35,55,-1,-1,3
6337853,36,34,-1,-1,4
6347731,49,1,-1,-1,6
6350735,19,12,-1,-1,3
6332462,22,12,-1,-1,7
6350668,3,24,-1,-1,4
6349108,21,26,-1,-1,1
6347873,40,33,-1,-1,5
6350227,28,11,-1,-1,1
6347526,54,33,-1,-1,2
6347668,14,58,-1,-1,7
6344614,57,21,-1,-1,6
6348211,45,49,-1,-1,1
6343543,55,25,-1,-1,6
6346957,12,0,-1,-1,0
6348653,45,55,-1,-1,3
6337679,27,57,-1,-1,1
6349676,43,12,-1,-1,3
6350372,31,29,-1,-1,4
6339790,42,20,-1,-1,5
6350104,19,20,-1,-1,5
6347512,46,21,-1,-1,1
6347189,52,3,-1,-1,6
6348651,52,33,-1,-1,5
6350336,14,40,-1,-1,3
6344078,51,24,-1,-1,2
6340766,30,51,-1,-1,4
6347571,29,42,-1,-1,7
6349401,24,42,-1,-1,7
6344250,37,18,-1,-1,7
6347517,20,50,-1,-1,4
6344697,21,16,-1,-1,5
6350258,44,36,-1,-1,0
6349579,54,28,-1,-1,1
6348639,35,45,-1,-1,6
6333688,47,39,-1,-1,6
6341671,6,31,-1,-1,7
6350701,45,58,-1,-1,7
6350875,52,54,-1,-1,6
6342717,38,46,-1,-1,6
6348550,32,11,-1,-1,4
6349973,56,18,-1,-1,5
6350806,36,24,-1,-1,4
6343554,53,47,-1,-1,2
6350623,38,58,-1,-1,6
6349938,4,0,-1,-1,3
6346410,53,21,-1,-1,4
6350755,26,8,-1,-1,1
6350873,3,22,-1,-1,4
6349514,34,15,-1,-1,2
6349483,21,1,-1,-1,4
6350398,14,26,-1,-1,0
6345187,7,53,-1,-1,4
6349252,1,29,-1,-1,2
6349653,14,55,-1,-1,3
6350870,44,19,-1,-1,2
6349888,15,25,-1,-1,0
6349126,36,26,-1,-1,2
6350195,8,23,-1,-1,6
6345908,3,18,-1,-1,2
6350357,38,38,-1,-1,6
6350221,30,2,-1,-1,0
6348994,11,5,-1,-1,6
6350220,29,9,-1,-1,0
6348656,18,13,-1,-1,2
6349738,41,46,-1,-1,5
6349678,51,42,-1,-1,0
6342417,37,29,-1,-1,3
6347407,41,2,-1,-1,7
6334034,7,17,-1,-1,4
6350733,14,20,-1,-1,2
6349337,26,50,-1,-1,5
6348086,23,7,-1,-1,5
6346599,47,46,-1,-1,5
6350087,41,18,-1,-1,5
6349325,7,45,-1,-1,3
6347883,47,12,-1,-1,5
6350031,3,44,-1,-1,0
6344461,11,42,-1,-1,1
6349862,23,42,-1,-1,6
6347232,48,25,-1,-1,7
6349744,2,56,-1,-1,0
6348927,58,4,-1,-1,1
6346447,39,5,-1,-1,4
6345122,14,0,-1,-1,7
6350350,31,25,-1,-1,3
6348184,29,41,-1,-1,0
6349741,51,40,-1,-1,5
6344120,39,24,-1,-1,1
6348794,28,51,-1,-1,0
6349314,27,28,-1,-1,3
6350116,4,2,-1,-1,6
6344090,50,31,-1,-1,5
6347753,6,0,-1,-1,5
6349435,40,49,-1,-1,6
6350056,9,48,-1,-1,0
6341442,48,50,-1,-1,7
6342739,43,22,-1,-1,1
6350544,36,10,-1,-1,3
6346467,27,1,-1,-1,3
6350651,21,47,-1,-1,5
6344127,4,56,-1,-1,5
6348065,13,29,-1,-1,3
6350339,10,19,-1,-1,3
6348114,44,49,-1,-1,3
6350485,30,37,-1,-1,2
6346992,47,38,-1,-1,4
6348125,20,15,-1,-1,0
6347761,36,23,-1,-1,0
6348561,6,26,-1,-1,6
6342545,21,7,-1,-1,1
6347307,31,54,-1,-1,7
6350563,53,32,-1,-1,5
6349596,36,50,-1,-1,3
6343945,18,23,-1,-1,7
6348929,18,1,-1,-1,0
6349300,58,45,-1,-1,0
6344591,56,22,-1,-1,1
6346001,43,13,-1,-1,7
6345795,21,21,-1,-1,5
6346732,42,17,-1,-1,6
6348966,0,34,-1,-1,1
6349293,8,58,-1,-1,3
6348588,34,28,-1,-1,6
6350302,0,31,-1,-1,4
6344037,18,8,-1,-1,0
6349202,58,8,-1,-1,4
6347220,28,46,-1,-1,6
6348476,52,4,-1,-1,3
6346517,47,3,-1,-1,0
6341552,35,52,-1,-1,6
6347221,37,47,-1,-1,1
6341273,36,37,-1,-1,1
6346867,16,32,-1,-1,2
6345347,3,20,-1,-1,3
6345957,2,50,-1,-1,2
6346908,52,0,-1,-1,3
6348285,39,20,-1,-1,5
6346749,34,4,-1,-1,3
6350900,5,4,-1,-1,4
6346546,48,32,-1,-1,7
6348564,26,11,-1,-1,6
6349036,12,44,-1,-1,3
6349498,56,29,-1,-1,4
6349700,29,45,-1,-1,2
6346785,12,4,-1,-1,5
6348059,47,17,-1,-1,5
6347127,55,42,-1,-1,1
6350114,28,0,-1,-1,5
6350887,47,57,-1,-1,7
6347237,3,58,-1,-1,5
6350355,19,17,-1,-1,7
6348317,17,18,-1,-1,6
6347744,53,1,-1,-1,6
6349440,45,20,-1,-1,4
6337735,25,58,-1,-1,5
6350439,45,31,-1,-1,0
6347310,56,30,-1,-1,7
6349301,11,12,-1,-1,4
6344716,14,17,-1,-1,7
6350704,25,11,-1,-1,2
6349631,10,23,-1,-1,2
6335292,38,22,-1,-1,1
6350340,6,1,-1,-1,2
6346161,2,4,-1,-1,7
6349894,19,19,-1,-1,5
6350828,27,0,-1,-1,3
6348141,29,35,-1,-1,3
6347817,14,24,-1,-1,3
6350384,19,16,-1,-1,0
6349940,33,24,-1,-1,6
6345990,45,16,-1,-1,1
6347646,45,2,-1,-1,1
6347417,29,17,-1,-1,3
6348004,3,50,-1,-1,6
6350654,9,24,-1,-1,2
6346503,46,56,-1,-1,7
6349064,1,54,-1,-1,4
6348642,47,44,-1,-1,5
6349829,45,10,-1,-1,7
6346135,56,42,-1,-1,6
6342823,38,52,-1,-1,4
6348577,32,54,-1,-1,5
6350797,4,36,-1,-1,0
6341951,28,4,-1,-1,0
6349157,5,25,-1,-1,0
6347525,23,2,-1,-1,0
6350492,6,36,-1,-1,1
6344943,11,14,-1,-1,7
6344796,50,2,-1,-1,4
6350411,46,7,-1,-1,4
6349586,58,52,-1,-1,5
6350297,53,49,-1,-1,0
6347658,16,13,-1,-1,2
6347697,54,52,-1,-1,7
6348749,12,31,-1,-1,4
6348803,21,22,-1,-1,5
6350811,54,45,-1,-1,2
6349725,21,30,-1,-1,5
6347636,31,33,-1,-1,0
6349466,14,50,-1,-1,7
6350128,52,10,-1,-1,0
6350897,45,14,-1,-1,0
6349447,11,6,-1,-1,2
6349417,22,33,-1,-1,1
6350723,2,18,-1,-1,6
6350444,25,29,-1,-1,0
6350423,12,26,-1,-1,2
6350762,32,43,-1,-1,4
6346897,18,28,-1,-1,1
6349405,16,55,-1,-1,2
6343751,8,22,-1,-1,1
6345755,19,47,-1,-1,2
6350570,28,58,-1,-1,0
6349848,31,23,-1,-1,1
6349438,56,44,-1,-1,7
6350655,16,46,-1,-1,4
6350549,39,43,-1,-1,7
6344945,16,30,-1,-1,2
6346297,29,36,-1,-1,1
6349808,4,47,-1,-1,5
6335970,34,34,-1,-1,5
6342596,41,13,-1,-1,5
6343943,32,40,-1,-1,5
6350514,41,24,-1,-1,4
6349843,50,5,-1,-1,6
6347727,0,50,-1,-1,0
6350522,26,6,-1,-1,4
6350038,33,47,-1,-1,3
6347988,18,27,-1,-1,3
6349186,37,52,-1,-1,5
6347619,53,16,-1,-1,5
6348374,31,28,-1,-1,3
6350426,33,19,-1,-1,7
6344405,34,33,-1,-1,0
6348650,20,12,-1,-1,4
6350440,25,13,-1,-1,2
6347797,11,50,-1,-1,0
6350172,9,53,-1,-1,1
6349709,30,35,-1,-1,1
6346357,28,53,-1,-1,0
6348938,43,44,-1,-1,1
6349834,30,26,-1,-1,6
6344837,33,54,-1,-1,3
6350079,41,36,-1,-1,0
6345925,48,7,-1,-1,0
6346644,15,22,-1,-1,5
6347219,35,16,-1,-1,0
6342860,6,47,-1,-1,6
6345050,44,3,-1,-1,2
6350682,12,47,-1,-1,1
6347258,22,27,-1,-1,5
6350259,17,46,-1,-1,0
6350239,8,5,-1,-1,5
6346722,4,58,-1,-1,3
6347782,17,35,-1,-1,0
6350394,40,56,-1,-1,1
6350356,45,9,-1,-1,2
6341119,43,27,-1,-1,5
6347960,45,23,-1,-1,3
6350236,14,16,-1,-1,0
6345452,56,19,-1,-1,6
6342546,12,1,-1,-1,0
6350712,7,38,-1,-1,5
6350608,51,7,-1,-1,1
6348682,57,35,-1,-1,7
6349550,42,7,-1,-1,1
6349373,30,25,-1,-1,4
6349960,25,18,-1,-1,5
6350488,24,43,-1,-1,2
6348723,39,3,-1,-1,3
6348456,25,39,-1,-1,6
6349713,51,27,-1,-1,1
6338264,13,44,-1,-1,3
6345406,12,11,-1,-1,7
6340426,27,16,-1,-1,3
6348825,27,9,-1,-1,3
6350855,32,27,-1,-1,4
6347900,37,53,-1,-1,3
6349012,52,55,-1,-1,3
6347412,20,11,-1,-1,1
6338787,15,17,-1,-1,5
6350505,57,34,-1,-1,4
6348734,50,43,-1,-1,5
6343470,26,2,-1,-1,5
6350552,37,7,-1,-1,4
6346521,0,0,-1,-1,1
6347290,57,22,-1,-1,4
6343471,19,41,-1,-1,5
6346928,5,42,-1,-1,3
6347868,25,40,-1,-1,5
6348547,49,46,-1,-1,7
6348155,25,28,-1,-1,6
6349243,36,40,-1,-1,0
6347749,43,24,-1,-1,7
6349612,4,28,-1,-1,2
6349670,5,27,-1,-1,6
6345246,48,42,-1,-1,5
6349646,54,58,-1,-1,1
6350206,20,30,-1,-1,4
6334967,57,29,-1,-1,0
6350349,57,36,-1,-1,2
6347529,4,27,-1,-1,3
6347125,16,28,-1,-1,5
6350751,17,19,-1,-1,1
6346778,35,46,-1,-1,5
6348396,53,52,-1,-1,5
6350436,51,39,-1,-1,5
6348895,13,42,-1,-1,2
6350194,37,5,-1,-1,5
6337849,18,32,-1,-1,1
6344648,11,4,-1,-1,2
6341623,30,31,-1,-1,5
6350548,36,27,-1,-1,6
6342659,6,5,-1,-1,4
6347853,4,42,-1,-1,1
6344285,18,26,-1,-1,1
6348058,49,27,-1,-1,2
6343211,7,33,-1,-1,0
6350598,28,30,-1,-1,3
6350198,23,18,-1,-1,4
6343524,18,49,-1,-1,3
6349918,4,30,-1,-1,1
6345251,3,15,-1,-1,5
6350854,13,20,-1,-1,1
6349779,0,17,-1,-1,1
6350295,34,8,-1,-1,0
6348319,23,53,-1,-1,2
6349123,4,44,-1,-1,2
6349800,52,30,-1,-1,0
6343923,39,12,-1,-1,0
6346754,55,20,-1,-1,7
6348173,25,1,-1,-1,2
6346194,29,54,-1,-1,7
6347833,44,56,-1,-1,6
6348068,1,13,-1,-1,2
6350322,0,22,-1,-1,6
6346172,37,15,-1,-1,3
6343128,8,54,-1,-1,0
6343055,44,23,-1,-1,4
6350709,19,22,-1,-1,4
6349472,46,12,-1,-1,7
6349113,21,23,-1,-1,3
6350471,58,29,-1,-1,1
6349338,20,58,-1,-1,2
6346326,32,36,-1,-1,5
6344764,53,56,-1,-1,1
6350696,45,48,-1,-1,0
6350315,24,49,-1,-1,1
6347411,12,35,-1,-1,0
6343835,44,37,-1,-1,5
6344992,17,43,-1,-1,6
6346403,15,3,-1,-1,5
6347955,0,48,-1,-1,3
6350809,18,4,-1,-1,0
6348689,51,32,-1,-1,4
6347829,47,29,-1,-1,5
6349143,44,55,-1,-1,6
6350102,51,36,-1,-1,4
6350157,55,35,-1,-1,0
6350820,24,26,-1,-1,6
6338782,6,16,-1,-1,2
6350849,40,39,-1,-1,0
6349858,15,29,-1,-1,5
6348303,35,1,-1,-1,3
6350354,13,50,-1,-1,5
6350714,20,40,-1,-1,1
6339533,42,29,-1,-1,7
6345700,40,29,-1,-1,5
6343577,42,35,-1,-1,4
6350867,23,12,-1,-1,2
6349520,9,50,-1,-1,7
6349743,43,55,-1,-1,3
6349210,43,3,-1,-1,0
6345586,26,34,-1,-1,0
6350045,39,33,-1,-1,2
6349745,52,21,-1,-1,5
6348097,35,48,-1,-1,1
6350583,49,24,-1,-1,3
6347623,12,27,-1,-1,4
6341332,44,14,-1,-1,3
6347129,37,56,-1,-1,7
6348923,9,30,-1,-1,6
6350517,13,28,-1,-1,3
6347033,54,49,-1,-1,1
6347256,43,36,-1,-1,1
6350092,7,0,-1,-1,4
6350016,34,56,-1,-1,0
6350112,13,53,-1,-1,6
6349456,51,16,-1,-1,4
6348234,54,37,-1,-1,2
6347917,41,33,-1,-1,1
6349177,50,47,-1,-1,0
6345357,8,33,-1,-1,7
6349207,34,16,-1,-1,7
6348872,48,46,-1,-1,6
6349538,26,54,-1,-1,4
6341487,15,47,-1,-1,1
6348170,18,19,-1,-1,4
6350046,19,18,-1,-1,3
6350584,13,43,-1,-1,6
6349496,8,45,-1,-1,2
6349822,40,11,-1,-1,4
6350690,16,57,-1,-1,2
6348333,6,2,-1,-1,0
6344828,1,30,-1,-1,1
6350122,0,8,-1,-1,0
6344927,0,43,-1,-1,1
6348375,4,43,-1,-1,4
6350614,42,41,-1,-1,6
6334628,44,28,-1,-1,5
6346402,5,5,-1,-1,3
6349181,25,31,-1,-1,2
6349564,43,21,-1,-1,3
6350408,0,35,-1,-1,4
6348417,41,22,-1,-1,5
6346847,27,5,-1,-1,6
6344834,55,23,-1,-1,7
6349580,15,58,-1,-1,4
6350197,27,35,-1,-1,4
6347971,17,22,-1,-1,1
6350659,50,45,-1,-1,5
6350310,45,29,-1,-1,2
6346062,32,49,-1,-1,3
6349866,38,30,-1,-1,1
6345199,31,53,-1,-1,1
6342534,23,26,-1,-1,5
6350252,38,45,-1,-1,1
6347357,11,30,-1,-1,1
6342160,31,8,-1,-1,7
6350332,26,14,-1,-1,3
6346608,12,38,-1,-1,7
6348606,41,32,-1,-1,1
6347832,40,52,-1,-1,5
6350732,51,41,-1,-1,5
6350835,22,42,-1,-1,7
6349797,40,26,-1,-1,3
6341029,7,2,-1,-1,0
6349381,47,33,-1,-1,4
6350072,16,19,-1,-1,0
6350456,23,44,-1,-1,4
6345993,23,28,-1,-1,2
6349169,35,36,-1,-1,2
6347759,32,25,-1,-1,0
6350853,12,32,-1,-1,0
6339804,46,58,-1,-1,1
6346074,56,15,-1,-1,6
6350568,48,29,-1,-1,3
6347397,53,25,-1,-1,1
6350592,5,22,-1,-1,0
6348258,40,31,-1,-1,0
6347939,48,6,-1,-1,7
6350474,56,13,-1,-1,2
6350765,43,32,-1,-1,4
6349321,58,54,-1,-1,6
6347659,31,34,-1,-1,7
6350445,36,8,-1,-1,1
6345402,5,16,-1,-1,2
6347253,12,46,-1,-1,4
6346820,43,37,-1,-1,4
6348511,33,10,-1,-1,5
6349964,36,3,-1,-1,1
6349772,51,29,-1,-1,0
6346982,18,12,-1,-1,7
6338812,48,22,-1,-1,7
6346565,54,4,-1,-1,6
6343282,57,26,-1,-1,6
6349030,0,19,-1,-1,2
6347435,18,15,-1,-1,5
6348033,57,17,-1,-1,6
6348209,17,27,-1,-1,1
6345855,0,26,-1,-1,4
6347722,4,15,-1,-1,6
6349135,2,45,-1,-1,3
6348246,24,44,-1,-1,0
6348572,57,11,-1,-1,6
6347006,2,29,-1,-1,5
6349295,24,54,-1,-1,4
6348314,27,7,-1,-1,0
6349045,16,23,-1,-1,0
6346244,47,47,-1,-1,2
6334658,20,35,-1,-1,6
6350450,52,8,-1,-1,6
6348975,52,53,-1,-1,2
6348085,10,53,-1,-1,6
6348331,33,33,-1,-1,3
6349551,45,32,-1,-1,3
6350024,39,6,-1,-1,3
6345224,11,22,-1,-1,6
6345879,58,12,-1,-1,3
6349851,40,35,-1,-1,3
6347795,2,7,-1,-1,1
6349697,26,26,-1,-1,2
6349359,18,33,-1,-1,1
6348002,34,48,-1,-1,4
6346126,47,9,-1,-1,7
6343596,43,51,-1,-1,0
6349733,19,52,-1,-1,0
6349223,19,28,-1,-1,6
6343184,37,49,-1,-1,2
6349107,52,20,-1,-1,7
6339276,50,22,-1,-1,0
6340476,19,21,-1,-1,1
6350743,39,9,-1,-1,0
6350531,55,10,-1,-1,4
6349090,34,38,-1,-1,5
6343068,38,54,-1,-1,4
6350360,7,26,-1,-1,3
6342011,42,45,-1,-1,7
6344389,22,32,-1,-1,5
6347597,21,51,-1,-1,5
6348400,0,53,-1,-1,3
6343392,40,27,-1,-1,0
6350117,47,11,-1,-1,4
6345221,32,2,-1,-1,6
6348823,7,51,-1,-1,1
6344692,16,15,-1,-1,2
6348703,26,1,-1,-1,0
6347199,18,56,-1,-1,3
6349292,11,2,-1,-1,3
6349222,42,21,-1,-1,6
6348115,1,47,-1,-1,3
6350202,34,52,-1,-1,7
6350425,35,0,-1,-1,3
6349493,57,28,-1,-1,7
6347936,46,14,-1,-1,7
6349358,27,41,-1,-1,2
6349488,50,4,-1,-1,6
6347933,12,52,-1,-1,1
6348480,44,17,-1,-1,1
6350131,27,21,-1,-1,5
6350691,21,13,-1,-1,4
6339718,31,1,-1,-1,2
6347192,31,7,-1,-1,5
6345787,46,13,-1,-1,1
6349594,11,49,-1,-1,7
6343171,5,12,-1,-1,0
6345610,40,53,-1,-1,4
6348228,9,11,-1,-1,6
6347509,13,34,-1,-1,1
6348186,21,5,-1,-1,3
6346220,29,56,-1,-1,3
6341654,58,22,-1,-1,3
6342821,12,36,-1,-1,2
6346688,40,24,-1,-1,4
6335058,48,26,-1,-1,4
6346939,14,29,-1,-1,2
6349910,49,9,-1,-1,4
6348790,14,45,-1,-1,2
6344622,19,39,-1,-1,1
6349821,1,15,-1,-1,2
6346911,30,12,-1,-1,7
6350099,23,14,-1,-1,7
6348030,19,44,-1,-1,3
6346303,28,57,-1,-1,7
6347617,57,52,-1,-1,4
6349386,2,47,-1,-1,5
6349724,22,50,-1,-1,5
6346663,44,46,-1,-1,2
6349992,31,17,-1,-1,4
6344105,54,10,-1,-1,3
6333968,56,57,-1,-1,4
6349575,7,52,-1,-1,4
6345857,22,4,-1,-1,0
6323717,12,48,-1,-1,3
6345290,44,11,-1,-1,3
6349570,47,36,-1,-1,1
6348953,50,56,-1,-1,2
6332631,12,18,-1,-1,2
6346223,12,40,-1,-1,5
6347625,26,27,-1,-1,4
6342347,2,11,-1,-1,0
6342903,32,39,-1,-1,3
6350438,17,41,-1,-1,3
6350458,56,47,-1,-1,6
6349706,17,36,-1,-1,5
6348376,22,23,-1,-1,0
6340812,46,32,-1,-1,6
6349402,16,8,-1,-1,2
6348925,46,51,-1,-1,1
6349590,42,3,-1,-1,7
6350547,58,14,-1,-1,1
6348828,50,37,-1,-1,7
6349754,15,37,-1,-1,7
6349244,1,31,-1,-1,3
6343026,53,58,-1,-1,1
6342137,48,54,-1,-1,2
6346904,25,51,-1,-1,2
6349043,1,57,-1,-1,7
6344319,52,38,-1,-1,4
6338904,35,15,-1,-1,7
6349379,18,6,-1,-1,1
6349859,23,9,-1,-1,3
6344971,16,58,-1,-1,3
6349166,43,30,-1,-1,4
6349278,35,56,-1,-1,1
6347608,52,14,-1,-1,0
6348083,19,43,-1,-1,2
6335981,42,54,-1,-1,6
6345693,42,47,-1,-1,2
6348560,43,33,-1,-1,2
6350493,24,9,-1,-1,7
6349131,51,18,-1,-1,3
6350879,43,29,-1,-1,1
6348438,8,2,-1,-1,4
6350346,0,14,-1,-1,6
6348990,16,42,-1,-1,4
6347741,5,55,-1,-1,1
6348006,14,31,-1,-1,0
6343675,50,33,-1,-1,7
6344630,4,7,-1,-1,2
6349649,53,17,-1,-1,5
6350560,10,47,-1,-1,2
6350364,28,20,-1,-1,4
6349459,2,26,-1,-1,5
6347506,27,29,-1,-1,6
6332737,45,54,-1,-1,6
6349409,53,28,-1,-1,0
6340560,34,6,-1,-1,3
6348156,37,24,-1,-1,5
6346887,1,32,-1,-1,4
6350203,55,31,-1,-1,2
6349014,35,24,-1,-1,7
6348107,5,9,-1,-1,3
6320179,30,47,-1,-1,0
6341911,51,37,-1,-1,1
6350764,36,53,-1,-1,7
6347574,26,12,-1,-1,4
6348437,31,19,-1,-1,1
6347519,24,14,-1,-1,4
6350119,40,14,-1,-1,0
6350726,53,38,-1,-1,4
6350829,33,9,-1,-1,5
6348896,7,15,-1,-1,1
6344212,2,2,-1,-1,2
6350673,32,35,-1,-1,5
6350759,41,31,-1,-1,1
6348210,35,31,-1,-1,2
6350093,30,48,-1,-1,3
6344937,56,48,-1,-1,6
6345753,25,16,-1,-1,5
6346555,16,47,-1,-1,7
6349329,50,16,-1,-1,6
6349354,55,55,-1,-1,7
6348988,17,32,-1,-1,6
6350808,55,7,-1,-1,4
6346756,26,19,-1,-1,2
6349183,55,39,-1,-1,5
6340582,47,0,-1,-1,3
6347020,32,4,-1,-1,7
6345343,13,36,-1,-1,6
6348214,58,13,-1,-1,7
6346642,53,10,-1,-1,0
6341229,14,34,-1,-1,6
6344033,30,36,-1,-1,6
6349794,9,42,-1,-1,3
6348367,34,35,-1,-1,7
6348494,34,36,-1,-1,2
6347577,57,18,-1,-1,5
6344587,1,19,-1,-1,0
6349105,38,47,-1,-1,0
6348875,32,56,-1,-1,3
6346848,46,52,-1,-1,3
6349411,3,56,-1,-1,6
6350244,6,13,-1,-1,7
6346397,38,0,-1,-1,5
6347446,17,42,-1,-1,6
6347807,27,30,-1,-1,6
6346767,53,57,-1,-1,0
6350393,41,8,-1,-1,5
6347556,22,28,-1,-1,5
6349070,0,25,-1,-1,2
6349752,48,21,-1,-1,7
6346452,34,45,-1,-1,2
6346016,45,56,-1,-1,5
6350643,8,13,-1,-1,1
6347814,43,23,-1,-1,7
6346924,6,24,-1,-1,3
6345840,19,15,-1,-1,5
6349016,20,1,-1,-1,6
6341126,18,16,-1,-1,2
6349734,7,30,-1,-1,1
6347251,37,46,-1,-1,1
6350399,5,32,-1,-1,0
6348289,23,19,-1,-1,5
6347582,16,12,-1,-1,4
6343410,23,40,-1,-1,4
6347075,37,6,-1,-1,2
6346045,43,28,-1,-1,7
6349420,49,13,-1,-1,2
6347441,38,43,-1,-1,4
6346218,42,22,-1,-1,6
6350532,26,56,-1,-1,5
6349886,18,36,-1,-1,7
6339142,30,33,-1,-1,3
6345748,41,34,-1,-1,5
6350089,34,58,-1,-1,1
6347532,46,34,-1,-1,1
6349913,30,57,-1,-1,2
6340786,8,47,-1,-1,5
6347398,7,24,-1,-1,4
6347387,9,45,-1,-1,7
6349857,48,36,-1,-1,1
6344084,49,30,-1,-1,4
6349170,27,40,-1,-1,6
6348556,36,11,-1,-1,0
6346972,54,6,-1,-1,3
6349893,7,39,-1,-1,0
6349082,11,1,-1,-1,3
6349530,23,41,-1,-1,6
6349193,22,31,-1,-1,4
6349027,11,11,-1,-1,5
6344038,0,45,-1,-1,0
6335220,54,51,-1,-1,6
6349708,16,4,-1,-1,0
6350465,51,45,-1,-1,6
6336071,15,27,-1,-1,4
6349426,48,0,-1,-1,1
6349486,16,24,-1,-1,3
6346090,16,10,-1,-1,7
6344842,21,49,-1,-1,0
6346362,42,40,-1,-1,5
6347879,42,2,-1,-1,0
6350115,5,1,-1,-1,1
6344751,17,31,-1,-1,6
6350245,8,15,-1,-1,3
6349073,19,26,-1,-1,4
6340829,8,44,-1,-1,1
6349824,28,27,-1,-1,7
6350491,11,16,-1,-1,7
6349726,40,28,-1,-1,4
6348985,21,55,-1,-1,7
6350672,0,10,-1,-1,0
6347280,30,19,-1,-1,3
6346063,6,58,-1,-1,0
6350287,42,28,-1,-1,4
6348942,24,24,-1,-1,0
6347466,20,29,-1,-1,0
6347432,6,38,-1,-1,4
6347117,20,53,-1,-1,4
6344028,32,18,-1,-1,5
6347161,39,32,-1,-1,0
6344069,31,13,-1,-1,1
6349965,23,36,-1,-1,0
6350627,7,22,-1,-1,2
6350187,51,12,-1,-1,7
6349362,54,57,-1,-1,6
6348965,19,0,-1,-1,6
6349024,41,40,-1,-1,3
6349933,27,14,-1,-1,5
6346981,23,46,-1,-1,2
6336141,3,32,-1,-1,6
6343489,56,20,-1,-1,6
6347990,5,37,-1,-1,1
6350574,41,5,-1,-1,1
6350556,7,43,-1,-1,0
6349103,22,38,-1,-1,3
6350301,33,35,-1,-1,7
6348406,31,30,-1,-1,5
6350825,48,28,-1,-1,2
6350182,28,23,-1,-1,5
6348045,19,46,-1,-1,2
6336323,34,9,-1,-1,4
6341704,43,17,-1,-1,3
6347025,23,55,-1,-1,3
6350020,20,10,-1,-1,4
6349368,41,20,-1,-1,6
6349499,47,27,-1,-1,5
6347904,40,32,-1,-1,1
6350721,53,44,-1,-1,1
6343009,12,3,-1,-1,5
6349952,50,15,-1,-1,7
6350622,53,37,-1,-1,1
6346097,37,33,-1,-1,5
6347174,54,18,-1,-1,5
6345534,49,10,-1,-1,1
6349109,34,54,-1,-1,3
6339839,58,0,-1,-1,4
6346604,19,31,-1,-1,6
6341294,4,18,-1,-1,0
6350386,39,22,-1,-1,2
6349099,13,7,-1,-1,1
6350625,54,5,-1,-1,0
6348353,44,47,-1,-1,7
6349132,13,57,-1,-1,5
6349771,18,47,-1,-1,4
6350144,14,41,-1,-1,6
6349256,52,19,-1,-1,5
6349719,1,26,-1,-1,3
6350090,36,49,-1,-1,3
6344896,6,4,-1,-1,4
6349598,22,40,-1,-1,6
6346320,47,49,-1,-1,2
6347451,4,38,-1,-1,5
6347783,47,26,-1,-1,0
6342083,0,41,-1,-1,6
6347980,7,1,-1,-1,6
6345773,2,12,-1,-1,4
6349319,57,2,-1,-1,6
6346073,58,36,-1,-1,2
6347123,26,45,-1,-1,0
6335814,39,51,-1,-1,6
6349855,3,31,-1,-1,4
6346508,2,22,-1,-1,6
6350333,58,28,-1,-1,0
6349820,1,2,-1,-1,0
6348643,13,19,-1,-1,6
6343931,46,9,-1,-1,3
6350877,30,14,-1,-1,0
6349078,1,46,-1,-1,1
6349062,52,45,-1,-1,4
6350276,15,10,-1,-1,3
6349814,1,39,-1,-1,6
6348832,10,16,-1,-1,1
6350860,34,29,-1,-1,0
6348505,20,36,-1,-1,1
6348502,22,49,-1,-1,0
6344504,19,2,-1,-1,7
6348959,43,16,-1,-1,5
6345821,5,48,-1,-1,5
6342902,25,38,-1,-1,7
6348842,46,24,-1,-1,6
6350648,25,21,-1,-1,0
6345801,56,37,-1,-1,6
6350261,32,52,-1,-1,2
6348928,56,43,-1,-1,2
6347578,18,34,-1,-1,0
6341453,6,18,-1,-1,7
6350669,37,17,-1,-1,0
6332609,5,19,-1,-1,6
6350233,6,10,-1,-1,0
6340855,37,4,-1,-1,4
6348543,29,57,-1,-1,6
6350824,46,42,-1,-1,1
6350137,45,39,-1,-1,1
6350307,39,42,-1,-1,1
6350906,48,10,-1,-1,7
6349454,57,5,-1,-1,2
6350626,13,24,-1,-1,6
6343695,25,35,-1,-1,3
6347236,17,58,-1,-1,6
6350899,19,37,-1,-1,5
6348538,24,13,-1,-1,5
6344407,39,1,-1,-1,5
6342986,15,20,-1,-1,5
6343428,4,17,-1,-1,4
6350738,38,15,-1,-1,1
6347903,23,20,-1,-1,1
6339750,28,24,-1,-1,5
6345437,22,43,-1,-1,7
6350717,56,3,-1,-1,7
6345059,51,20,-1,-1,1
6349651,39,4,-1,-1,5
6348718,14,19,-1,-1,3
6350231,1,25,-1,-1,7
6347907,41,0,-1,-1,7
6350341,31,39,-1,-1,5
6350739,0,21,-1,-1,3
6350838,8,48,-1,-1,5
6347112,27,44,-1,-1,3
6348477,34,13,-1,-1,4
6349200,34,21,-1,-1,6
6345786,4,29,-1,-1,1
6350051,37,25,-1,-1,0
6340909,47,20,-1,-1,3
6348224,33,40,-1,-1,4
6349478,28,32,-1,-1,7
6350569,22,21,-1,-1,6
6348239,28,34,-1,-1,6
6348880,55,48,-1,-1,5
6350773,46,31,-1,-1,0
6349068,52,22,-1,-1,3
6349654,48,41,-1,-1,0
6347586,47,19,-1,-1,2
6350758,16,17,-1,-1,6
6349396,52,58,-1,-1,2
6350209,47,14,-1,-1,7
6350699,36,44,-1,-1,2
6348378,24,8,-1,-1,2
6348892,4,41,-1,-1,3
6350752,6,52,-1,-1,1
6349189,7,4,-1,-1,6
6350769,3,49,-1,-1,6
6345951,19,42,-1,-1,0
6350698,27,52,-1,-1,3
6343587,10,42,-1,-1,7
6350469,29,34,-1,-1,4
6349366,26,30,-1,-1,0
6349533,46,1,-1,-1,4
6350908,5,34,-1,-1,1
6348397,41,41,-1,-1,1
6347678,44,54,-1,-1,4
6347490,23,56,-1,-1,3
6341360,49,38,-1,-1,5
6349934,58,55,-1,-1,6
6349259,10,50,-1,-1,4
6349513,3,4,-1,-1,0
6350266,33,7,-1,-1,2
6350869,32,48,-1,-1,4
6348222,41,55,-1,-1,7
6350435,26,23,-1,-1,1
6348674,13,26,-1,-1,6
6347772,21,20,-1,-1,4
6344852,49,19,-1,-1,4
6349896,10,54,-1,-1,1
6343065,18,29,-1,-1,4
6350761,32,37,-1,-1,3
6347296,11,13,-1,-1,4
6349011,4,6,-1,-1,4
6350318,8,8,-1,-1,0
6347673,38,1,-1,-1,5
6344403,31,14,-1,-1,2
6350851,36,54,-1,-1,3
6344508,23,27,-1,-1,6
6347277,5,23,-1,-1,5
6343757,32,29,-1,-1,6
6348622,45,47,-1,-1,0
6338364,18,0,-1,-1,3
6349037,24,15,-1,-1,4
6347426,9,6,-1,-1,0
6347993,23,49,-1,-1,3
6340083,12,10,-1,-1,6
6350330,27,8,-1,-1,1
6350299,41,30,-1,-1,5
6350139,49,52,-1,-1,5
6349191,56,55,-1,-1,5
6349055,58,42,-1,-1,2
6342715,11,32,-1,-1,7
6347305,32,51,-1,-1,6
6347762,26,17,-1,-1,6
6342756,24,22,-1,-1,2
6349461,24,55,-1,-1,6
6344265,48,51,-1,-1,6
6348219,15,48,-1,-1,2
6350785,9,34,-1,-1,2
6347606,52,24,-1,-1,0
6342289,15,2,-1,-1,7
6337583,0,29,-1,-1,2
6346051,26,16,-1,-1,0
6349240,29,7,-1,-1,5
6350377,24,50,-1,-1,7
6349763,57,38,-1,-1,0
6349980,37,48,-1,-1,7
6349601,35,7,-1,-1,2
6350251,28,55,-1,-1,0
6349803,49,55,-1,-1,5
6349801,7,44,-1,-1,7
6349816,22,17,-1,-1,3
6350066,9,27,-1,-1,4
6349326,19,33,-1,-1,1
6347069,23,15,-1,-1,4
6350401,57,40,-1,-1,3
6346702,5,8,-1,-1,7
6346934,9,49,-1,-1,4
6349106,23,33,-1,-1,7
6350910,32,31,-1,-1,0
6344916,55,41,-1,-1,2
6339291,11,24,-1,-1,4
6347165,4,53,-1,-1,5
6347275,8,28,-1,-1,4
6346595,8,30,-1,-1,3
6350380,42,31,-1,-1,0
6347758,28,6,-1,-1,1
6344733,33,2,-1,-1,4
6348491,50,25,-1,-1,7
6350216,5,18,-1,-1,4
6349916,33,26,-1,-1,7
6345025,21,46,-1,-1,0
6349524,23,57,-1,-1,0
6348016,7,7,-1,-1,7
6348412,32,13,-1,-1,5
6350463,33,21,-1,-1,0
6345226,40,47,-1,-1,1
6347331,58,58,-1,-1,2
6349908,35,42,-1,-1,0
6348950,20,2,-1,-1,1
6350378,1,52,-1,-1,4
6350414,26,37,-1,-1,3
6345435,20,19,-1,-1,7
6334838,30,11,-1,-1,1
6346850,0,56,-1,-1,1
6348259,25,7,-1,-1,2
6350098,6,55,-1,-1,0
6350511,48,37,-1,-1,4
6348282,39,18,-1,-1,2
6349471,4,24,-1,-1,0
6350525,29,11,-1,-1,5
6350192,38,27,-1,-1,0
6346700,0,3,-1,-1,4
6348618,29,2,-1,-1,6
6347028,56,38,-1,-1,5
6350715,50,48,-1,-1,4
6346018,50,54,-1,-1,7
6350462,1,37,-1,-1,6
6349716,5,3,-1,-1,2
6335203,42,30,-1,-1,3
6349201,18,25,-1,-1,1
6349164,28,44,-1,-1,4
6349148,17,1,-1,-1,6
6345055,36,4,-1,-1,4
6348706,41,52,-1,-1,3
6349776,54,25,-1,-1,3
6350710,32,53,-1,-1,7
6350795,53,46,-1,-1,5
6347785,58,32,-1,-1,3
6349054,41,57,-1,-1,6
6348145,29,18,-1,-1,7
6345633,56,27,-1,-1,0
6349385,57,20,-1,-1,0
6349389,54,20,-1,-1,7
6349510,48,1,-1,-1,6
6350886,57,1,-1,-1,1
6350639,17,54,-1,-1,7
6349452,45,44,-1,-1,2
6346613,29,38,-1,-1,0
6350520,23,25,-1,-1,2
6346727,57,55,-1,-1,4
6350787,15,1,-1,-1,4
6350518,29,24,-1,-1,5
6350255,9,19,-1,-1,5
6350123,3,0,-1,-1,7
6349158,54,13,-1,-1,6
6347187,13,3,-1,-1,6
6350173,38,18,-1,-1,3
6348076,23,52,-1,-1,2
6346873,46,23,-1,-1,3
6349242,7,37,-1,-1,1
6349100,31,11,-1,-1,5
6346511,10,13,-1,-1,1
6348493,36,25,-1,-1,2
6350802,20,18,-1,-1,2
6350169,24,28,-1,-1,6
6350792,13,17,-1,-1,4
6347128,27,12,-1,-1,2
6348508,5,33,-1,-1,1
6347178,54,50,-1,-1,2
6339232,14,52,-1,-1,7
6350190,51,14,-1,-1,6
6348411,45,53,-1,-1,4
6336595,47,43,-1,-1,3
6348366,28,16,-1,-1,1
6347563,15,34,-1,-1,5
6350270,29,55,-1,-1,3
6350893,9,37,-1,-1,2
6349941,19,27,-1,-1,6
6349795,35,5,-1,-1,5
6350635,17,51,-1,-1,1
6341208,15,15,-1,-1,6
6347261,9,44,-1,-1,0
6350595,48,48,-1,-1,5
6341212,39,35,-1,-1,5
6348197,36,58,-1,-1,5
6349246,54,19,-1,-1,4
6349583,24,16,-1,-1,7
6346558,32,32,-1,-1,0
6348894,21,14,-1,-1,0
6350289,48,4,-1,-1,7
6347614,40,6,-1,-1,4
6348243,34,49,-1,-1,5
6347886,23,35,-1,-1,7
6347393,56,33,-1,-1,3
6346547,27,58,-1,-1,0
6350679,47,58,-1,-1,2
6349636,33,0,-1,-1,5
6347877,6,53,-1,-1,5
6335782,2,25,-1,-1,3
6350772,25,37,-1,-1,5
6345643,53,24,-1,-1,3
6338579,8,31,-1,-1,1
6346704,22,16,-1,-1,6
6350048,29,43,-1,-1,3
6343151,6,3,-1,-1,1
6345370,33,51,-1,-1,6
6345566,56,45,-1,-1,3
6350763,30,58,-1,-1,6
6350365,40,5,-1,-1,3
6349665,43,31,-1,-1,5
6350446,29,29,-1,-1,4
6346631,26,43,-1,-1,3
6350555,37,32,-1,-1,4
6349668,3,39,-1,-1,2
6342517,7,40,-1,-1,6
6349844,34,5,-1,-1,1
6345899,51,22,-1,-1,2
6346921,15,8,-1,-1,0
6346350,5,2,-1,-1,1
6349497,32,42,-1,-1,5
6349901,58,51,-1,-1,1
6349919,13,4,-1,-1,0
6348857,3,26,-1,-1,4
6344432,35,13,-1,-1,1
6350278,10,1,-1,-1,5
6349769,41,50,-1,-1,3
6350629,55,37,-1,-1,6
6349436,8,0,-1,-1,4
6327267,1,9,-1,-1,5
6347416,2,27,-1,-1,6
6350645,28,54,-1,-1,6
6350168,28,29,-1,-1,2
6343800,4,54,-1,-1,0
6349005,33,48,-1,-1,6
6349084,45,26,-1,-1,5
6347567,41,19,-1,-1,6
6339006,42,49,-1,-1,7
6349846,52,2,-1,-1,1
6344379,5,20,-1,-1,3
6348784,29,32,-1,-1,0
6348954,23,45,-1,-1,2
6350012,54,38,-1,-1,6
6343564,24,52,-1,-1,5
6346985,57,3,-1,-1,7
6350545,23,22,-1,-1,5
6350633,11,31,-1,-1,3
6347522,10,4,-1,-1,6
6350160,41,35,-1,-1,5
6348279,18,31,-1,-1,0
6348167,57,41,-1,-1,5
6336615,10,20,-1,-1,6
6347989,4,49,-1,-1,5
6344210,2,23,-1,-1,6
6344091,42,24,-1,-1,1
6349523,20,6,-1,-1,1
6349599,2,42,-1,-1,1
6343197,11,34,-1,-1,2
6346882,43,10,-1,-1,0
6342139,54,16,-1,-1,3
6348499,37,45,-1,-1,5
6349360,49,3,-1,-1,2
6348369,6,33,-1,-1,7
6350649,27,45,-1,-1,5
6344620,58,53,-1,-1,1
6347634,56,58,-1,-1,4
6349984,22,30,-1,-1,2
6349355,13,39,-1,-1,2
6344443,23,4,-1,-1,1
6350740,15,53,-1,-1,1
6350457,58,26,-1,-1,3
6350009,30,6,-1,-1,2
6350290,19,3,-1,-1,0
6347934,16,11,-1,-1,6
6347145,40,1,-1,-1,5
6349081,55,3,-1,-1,7
6349006,16,26,-1,-1,6
6350071,12,15,-1,-1,7
6345890,6,37,-1,-1,0
6350880,41,53,-1,-1,3
6348673,49,45,-1,-1,1
6344578,5,41,-1,-1,1
6350866,40,2,-1,-1,5
6344890,49,33,-1,-1,2
6347947,26,33,-1,-1,2
6350305,39,19,-1,-1,6
6346147,21,19,-1,-1,4
6349110,44,33,-1,-1,3
6348574,41,29,-1,-1,1
6345216,20,54,-1,-1,4
6349828,16,6,-1,-1,1
6350589,5,13,-1,-1,1
6350452,14,38,-1,-1,3
6348729,57,31,-1,-1,2
6349949,23,21,-1,-1,0
6343796,30,32,-1,-1,0
6350422,34,12,-1,-1,4
6350207,32,21,-1,-1,5
6347540,51,28,-1,-1,6
6350507,56,36,-1,-1,5
6349087,37,12,-1,-1,2
6336651,41,26,-1,-1,3
6346734,18,18,-1,-1,0
6347530,3,54,-1,-1,2
6350652,9,1,-1,-1,5
6349577,19,36,-1,-1,7
6350582,43,14,-1,-1,3
6346877,54,2,-1,-1,4
6350557,37,34,-1,-1,6
6349955,53,34,-1,-1,1
6345341,9,9,-1,-1,7
6349410,46,50,-1,-1,3
6345675,52,9,-1,-1,2
6346575,1,21,-1,-1,5
6350711,14,51,-1,-1,3
6348860,20,24,-1,-1,5
6348407,37,58,-1,-1,4
6344674,38,9,-1,-1,5
6350283,12,57,-1,-1,5
6347043,51,46,-1,-1,0
6350656,56,49,-1,-1,7
6349457,58,10,-1,-1,7
6347560,11,41,-1,-1,6
6348041,16,25,-1,-1,3
6345672,58,33,-1,-1,1
6343871,55,15,-1,-1,2
6343996,11,18,-1,-1,5
6350311,18,17,-1,-1,2
6349509,39,34,-1,-1,0
6349239,26,24,-1,-1,1
6346391,51,44,-1,-1,6
6347957,50,9,-1,-1,0
6350454,27,6,-1,-1,6
6346846,22,5,-1,-1,7
6348247,46,29,-1,-1,3
6350033,20,41,-1,-1,5
6350185,56,40,-1,-1,3
6340236,49,12,-1,-1,4
6349784,41,39,-1,-1,2
6349642,50,34,-1,-1,7
6347555,49,14,-1,-1,5
6341946,45,6,-1,-1,5
6339764,9,16,-1,-1,3
6350006,42,50,-1,-1,1
6342944,33,29,-1,-1,6
6350878,26,39,-1,-1,0
6348216,0,12,-1,-1,4
6346721,34,53,-1,-1,6
6350130,37,9,-1,-1,4
6343135,25,55,-1,-1,5
6345619,20,21,-1,-1,7
6347254,14,57,-1,-1,5
6343866,30,5,-1,-1,6
6350791,47,6,-1,-1,3
6348241,30,38,-1,-1,3
6345176,6,39,-1,-1,1
6347050,5,51,-1,-1,5
6350334,31,10,-1,-1,3
6349206,38,20,-1,-1,0
6346844,8,50,-1,-1,4
6348590,18,42,-1,-1,4
6345881,44,18,-1,-1,7
6346624,22,9,-1,-1,2
6349783,3,17,-1,-1,2
6348473,26,21,-1,-1,5
6350309,56,41,-1,-1,4
6349740,5,52,-1,-1,3
6350530,38,12,-1,-1,4
6342813,0,58,-1,-1,3
6346412,24,25,-1,-1,4
6349280,3,57,-1,-1,0
6348675,28,31,-1,-1,6
6348919,34,31,-1,-1,3
6348648,21,10,-1,-1,2
6347949,53,31,-1,-1,6
6347037,14,3,-1,-1,3
6338687,12,13,-1,-1,2
6350734,45,40,-1,-1,5
6348446,43,25,-1,-1,2
6347978,29,51,-1,-1,4
6347942,7,9,-1,-1,3
6349604,4,31,-1,-1,0
6348488,43,56,-1,-1,3
6348719,43,19,-1,-1,4
6348776,25,23,-1,-1,2
6342277,21,4,-1,-1,0
6346491,33,11,-1,-1,5
6345378,26,29,-1,-1,3
6342699,24,23,-1,-1,6
6346561,38,42,-1,-1,4
6347707,23,5,-1,-1,1
6349397,17,52,-1,-1,2
6349819,46,27,-1,-1,0
6348984,10,3,-1,-1,2
6332426,31,31,-1,-1,4
6349038,31,4,-1,-1,2
6350389,35,43,-1,-1,2
6339481,19,24,-1,-1,1
6350620,21,35,-1,-1,5
6343780,53,36,-1,-1,6
6349695,40,44,-1,-1,7
6349711,19,58,-1,-1,3
6350576,57,33,-1,-1,3
6349075,56,10,-1,-1,7
6349762,18,2,-1,-1,6
6338947,33,22,-1,-1,6
6348796,56,21,-1,-1,2
6350844,36,0,-1,-1,7
6344478,32,26,-1,-1,3
6342057,21,8,-1,-1,7
6350883,46,54,-1,-1,1
6348009,50,14,-1,-1,1
6349802,44,44,-1,-1,7
6349377,13,58,-1,-1,6
6345044,49,37,-1,-1,2
6341669,33,50,-1,-1,0
6346007,36,7,-1,-1,5
6349333,12,8,-1,-1,6
6347536,10,48,-1,-1,2
6349939,43,26,-1,-1,4
6350121,40,50,-1,-1,1
6349372,17,12,-1,-1,0
6345789,37,27,-1,-1,7
6349836,13,9,-1,-1,4
6346241,58,31,-1,-1,5
6342708,27,15,-1,-1,4
6334888,8,51,-1,-1,2
6348310,54,36,-1,-1,6
6345040,43,46,-1,-1,1
6343158,53,18,-1,-1,7
6339394,57,15,-1,-1,6
6348153,1,53,-1,-1,7
6350871,55,12,-1,-1,6
6348581,17,57,-1,-1,3
6350449,45,42,-1,-1,1
6345650,50,26,-1,-1,5
6349932,33,39,-1,-1,2
6342588,26,31,-1,-1,2
6348607,30,9,-1,-1,1
6350597,34,55,-1,-1,5
6350478,9,18,-1,-1,1
6350767,18,41,-1,-1,1
6346179,3,40,-1,-1,6
6349032,26,25,-1,-1,7
6342513,45,43,-1,-1,2
6345400,14,39,-1,-1,0
6348805,14,56,-1,-1,6
6350415,33,55,-1,-1,7
6350010,17,33,-1,-1,1
6348905,46,20,-1,-1,7
6348979,51,48,-1,-1,5
6349566,53,41,-1,-1,3
6344142,14,32,-1,-1,3
6349085,34,24,-1,-1,7
6344634,54,15,-1,-1,1
6345954,28,49,-1,-1,0
6350084,51,33,-1,-1,6
6350186,47,13,-1,-1,4
6349238,20,57,-1,-1,7
6338298,49,40,-1,-1,5
6348296,3,8,-1,-1,4
6342898,25,4,-1,-1,4
6346129,55,2,-1,-1,2
6348012,2,58,-1,-1,5
6347958,33,46,-1,-1,6
6350153,47,55,-1,-1,0
6350391,26,10,-1,-1,0
6347409,34,30,-1,-1,5
6348641,10,24,-1,-1,4
6350260,39,53,-1,-1,5
6347172,45,37,-1,-1,0
6350637,23,50,-1,-1,7
6350040,7,46,-1,-1,3
6346797,7,12,-1,-1,5
6342694,34,40,-1,-1,6
6350902,41,15,-1,-1,4
6347081,23,47,-1,-1,2
6345638,49,54,-1,-1,1
6350536,3,10,-1,-1,0
6341665,27,54,-1,-1,0
6350430,37,30,-1,-1,4
6341129,10,45,-1,-1,7
6346739,45,19,-1,-1,2
6347235,6,43,-1,-1,3
6346647,12,5,-1,-1,0
6336486,40,40,-1,-1,2
6345931,35,28,-1,-1,3
6350605,39,13,-1,-1,0
6349196,48,52,-1,-1,6
6344156,29,48,-1,-1,1
6348600,36,39,-1,-1,6
6349687,11,52,-1,-1,0
6348060,10,57,-1,-1,4
6348934,58,16,-1,-1,7
6347382,52,35,-1,-1,6
6349978,33,4,-1,-1,4
6349685,16,14,-1,-1,6
6349874,24,40,-1,-1,6
6350685,30,39,-1,-1,5
6350512,2,43,-1,-1,6
6333472,40,15,-1,-1,6
6348693,27,51,-1,-1,0
6347330,18,37,-1,-1,1
6350138,1,58,-1,-1,2
6337907,32,47,-1,-1,1
6349430,6,40,-1,-1,3
6348940,30,42,-1,-1,2
6344577,28,26,-1,-1,4
6343797,46,18,-1,-1,4
6350013,6,49,-1,-1,5
6349212,48,12,-1,-1,4
6350804,35,4,-1,-1,6
6346434,26,53,-1,-1,3
6350680,11,37,-1,-1,5
6348555,7,57,-1,-1,1
6349611,38,33,-1,-1,1
6348691,55,17,-1,-1,7
6350007,39,29,-1,-1,7
6349156,11,46,-1,-1,2
6349178,51,57,-1,-1,2
6350619,28,25,-1,-1,0
6350179,3,5,-1,-1,3
6350328,7,3,-1,-1,7
6345303,12,7,-1,-1,6
6349444,24,4,-1,-1,1
6348463,2,24,-1,-1,1
6346324,17,9,-1,-1,1
6347248,36,57,-1,-1,2
6349449,58,17,-1,-1,5
6350840,21,57,-1,-1,1
6340853,20,0,-1,-1,1
6349137,31,55,-1,-1,7
6350859,51,38,-1,-1,2
6348777,14,7,-1,-1,6
6350213,43,15,-1,-1,3
6349768,49,43,-1,-1,7
6345234,29,16,-1,-1,7
6349679,27,53,-1,-1,0
6349480,43,42,-1,-1,2
6350274,17,38,-1,-1,5
6350204,29,52,-1,-1,7
6347071,14,23,-1,-1,0
6349504,18,11,-1,-1,4
6335954,46,49,-1,-1,2
6330329,47,31,-1,-1,6
6349491,52,40,-1,-1,0
6349664,1,10,-1,-1,2
6348264,8,21,-1,-1,1
6345771,31,49,-1,-1,1
6350486,51,43,-1,-1,4
6345856,33,13,-1,-1,6
6348727,18,38,-1,-1,1
6344965,38,6,-1,-1,6
6347361,31,47,-1,-1,2
6348090,52,17,-1,-1,2
6344840,52,11,-1,-1,0
6350540,2,35,-1,-1,2
6342236,25,14,-1,-1,7
6350003,25,12,-1,-1,4
6350277,57,37,-1,-1,2
6349582,29,19,-1,-1,7
6350708,30,28,-1,-1,2
6347655,50,20,-1,-1,3
6350431,12,22,-1,-1,7
6347735,18,51,-1,-1,2
6349712,0,57,-1,-1,4
6350703,56,23,-1,-1,7
6350640,8,53,-1,-1,1
6350021,17,3,-1,-1,6
6348554,37,16,-1,-1,2
6347122,22,36,-1,-1,2
6350361,1,48,-1,-1,6
6350784,48,43,-1,-1,5
6343419,19,54,-1,-1,0
6346977,11,25,-1,-1,7
6347701,48,57,-1,-1,7
6350697,4,23,-1,-1,6
6343077,52,1,-1,-1,7
6350176,53,30,-1,-1,5
6343447,3,48,-1,-1,1
6347959,4,9,-1,-1,0
6347481,10,49,-1,-1,4
6346136,35,30,-1,-1,4
6349535,8,19,-1,-1,0
6350127,25,53,-1,-1,4
6350683,17,28,-1,-1,0
6342733,38,2,-1,-1,1
6343087,42,48,-1,-1,2
6350889,11,44,-1,-1,4
6348338,30,16,-1,-1,4
6350280,38,36,-1,-1,0
6337671,52,34,-1,-1,2
6348989,41,17,-1,-1,0
6349465,54,1,-1,-1,2
6348717,47,2,-1,-1,5
6346099,58,19,-1,-1,2
6348260,48,38,-1,-1,6
6348449,58,39,-1,-1,1
6342624,36,56,-1,-1,3
6350519,44,40,-1,-1,5
6346974,39,36,-1,-1,0
6350419,23,30,-1,-1,0
6350815,7,55,-1,-1,4
6345380,41,11,-1,-1,0
6334209,21,58,-1,-1,5
6348528,46,5,-1,-1,4
6350571,46,46,-1,-1,6
6350644,56,5,-1,-1,1
6349288,47,25,-1,-1,2
6345543,16,31,-1,-1,5
6348611,34,32,-1,-1,0
6349060,21,15,-1,-1,1
6349804,1,12,-1,-1,3
6345084,2,15,-1,-1,2
6349929,15,14,-1,-1,1
6349614,12,33,-1,-1,4
6349833,0,52,-1,-1,2
6346973,23,13,-1,-1,5
6349987,25,56,-1,-1,5
6347662,50,41,-1,-1,0
6349717,47,1,-1,-1,0
6344251,10,17,-1,-1,2
6349727,15,0,-1,-1,7
6347543,27,3,-1,-1,0
6348847,36,16,-1,-1,5
6350746,21,44,-1,-1,0
6349798,14,36,-1,-1,5
6349703,56,25,-1,-1,3
6348403,57,47,-1,-1,2
6347104,19,56,-1,-1,7
6346794,17,8,-1,-1,0
6349751,7,31,-1,-1,2
6349267,10,26,-1,-1,1
6344246,42,4,-1,-1,4
6348906,23,16,-1,-1,6
6347194,13,0,-1,-1,3
6349972,32,3,-1,-1,0
6350724,13,49,-1,-1,2
6350120,45,12,-1,-1,6
6349537,45,0,-1,-1,0
6350593,43,53,-1,-1,6
6349025,42,13,-1,-1,6
6341108,20,43,-1,-1,1
6346869,57,56,-1,-1,5
6349666,32,5,-1,-1,3
6345113,18,39,-1,-1,0
6350904,51,49,-1,-1,5
6349914,40,17,-1,-1,4
6346617,10,5,-1,-1,5
6348495,24,11,-1,-1,3
6349994,42,15,-1,-1,2
6350558,17,30,-1,-1,3
6339178,53,22,-1,-1,7
6350455,2,41,-1,-1,1
6350480,4,57,-1,-1,0
6350407,54,46,-1,-1,0
6349882,24,45,-1,-1,4
6345735,11,57,-1,-1,6
6346619,7,42,-1,-1,7
6348351,43,39,-1,-1,2
6340110,6,7,-1,-1,0
6347215,17,55,-1,-1,0
6348998,51,34,-1,-1,6
6350205,23,3,-1,-1,7
6350418,38,40,-1,-1,4
6350794,19,13,-1,-1,1
6349094,26,32,-1,-1,2
6349958,21,53,-1,-1,7
6344952,22,14,-1,-1,5
6349482,37,43,-1,-1,3
6347499,20,22,-1,-1,2
6349227,10,14,-1,-1,2
6350865,37,1,-1,-1,0
6348705,3,25,-1,-1,6
6348035,24,41,-1,-1,2
6347391,53,0,-1,-1,0
6348685,31,36,-1,-1,1
6339980,35,22,-1,-1,0
6345486,11,29,-1,-1,4
6342181,41,4,-1,-1,4
6350718,5,11,-1,-1,3
6349650,13,54,-1,-1,5
6346027,52,52,-1,-1,7
6349796,23,10,-1,-1,2
6350477,58,25,-1,-1,3
6349957,14,25,-1,-1,0
6349785,57,19,-1,-1,6
6349817,13,35,-1,-1,6
6342034,1,55,-1,-1,5
6344677,47,52,-1,-1,2
6349737,45,7,-1,-1,2
6349830,26,18,-1,-1,7
6343453,0,39,-1,-1,1
6350320,20,14,-1,-1,5
6348361,39,14,-1,-1,5
6349506,10,7,-1,-1,4
6349852,47,24,-1,-1,2
6348738,55,22,-1,-1,2
6347474,58,3,-1,-1,1
6348048,30,3,-1,-1,1
6342872,58,21,-1,-1,2
6346189,46,16,-1,-1,5
6350466,4,33,-1,-1,3
6348798,25,36,-1,-1,7
6350647,22,48,-1,-1,7
6345019,26,55,-1,-1,6
6349899,5,10,-1,-1,7
6350183,7,18,-1,-1,5
6341309,25,19,-1,-1,7
6346762,28,9,-1,-1,6
6349233,16,36,-1,-1,6
6347746,29,27,-1,-1,0
6347808,57,16,-1,-1,7
6349399,54,29,-1,-1,4
6346783,19,1,-1,-1,3
6350026,32,57,-1,-1,5
6349609,7,28,-1,-1,6
6344670,11,27,-1,-1,0
6350218,39,21,-1,-1,6
6347603,20,31,-1,-1,5
6348813,33,3,-1,-1,6
6349845,9,38,-1,-1,5
6349050,29,21,-1,-1,0
6349341,24,37,-1,-1,0
6350481,28,3,-1,-1,0
6350831,45,46,-1,-1,1
6346901,53,53,-1,-1,3
6345321,56,53,-1,-1,3
6349536,47,40,-1,-1,0
6350850,2,37,-1,-1,2
6348818,13,48,-1,-1,0
6341562,0,13,-1,-1,3
6350097,38,39,-1,-1,6
6350351,50,53,-1,-1,6
6349505,38,53,-1,-1,0
6349521,38,49,-1,-1,6
6347610,16,37,-1,-1,5
6347945,49,32,-1,-1,1
6349902,27,48,-1,-1,3
6349067,4,40,-1,-1,2
6349446,14,11,-1,-1,3
6346570,34,7,-1,-1,3
6349806,39,7,-1,-1,1
6349657,0,33,-1,-1,7
6347039,30,15,-1,-1,4
6340659,6,9,-1,-1,5
6347871,12,50,-1,-1,4
6350747,40,0,-1,-1,7
6348144,42,42,-1,-1,7
6350729,2,30,-1,-1,2
6348917,12,19,-1,-1,0
6350594,33,8,-1,-1,0
6350067,7,25,-1,-1,1
6350105,54,24,-1,-1,3
6350284,36,35,-1,-1,2
6345002,24,57,-1,-1,3
6335000,38,4,-1,-1,6
6345379,6,54,-1,-1,4
6349887,22,20,-1,-1,3
6350224,12,39,-1,-1,4
6349383,9,22,-1,-1,0
6348579,7,20,-1,-1,2
6346891,46,57,-1,-1,2
6340796,45,35,-1,-1,2
6348767,54,48,-1,-1,5
6347392,32,0,-1,-1,2
6348136,15,57,-1,-1,4
6350716,27,38,-1,-1,4
6343292,52,12,-1,-1,6
6350472,19,7,-1,-1,5
6347986,2,39,-1,-1,4
6344831,1,7,-1,-1,4
6346878,51,11,-1,-1,1
6348226,4,45,-1,-1,6
6349289,30,34,-1,-1,7
6350132,45,28,-1,-1,5
6348154,39,25,-1,-1,5
6350750,28,50,-1,-1,5
6350366,54,47,-1,-1,2
6347538,28,39,-1,-1,0
6347667,38,24,-1,-1,0
6350014,41,9,-1,-1,2
6346618,7,35,-1,-1,1
6349460,2,1,-1,-1,2
6348275,50,6,-1,-1,1
6345820,30,45,-1,-1,0
6349926,12,29,-1,-1,6
6345137,25,17,-1,-1,7
6347465,38,29,-1,-1,2
6349195,45,41,-1,-1,7
6347359,22,1,-1,-1,5
6348088,13,41,-1,-1,5
6349873,56,7,-1,-1,0
6344014,44,9,-1,-1,6
6350523,33,12,-1,-1,5
6349865,12,42,-1,-1,1
6349002,4,8,-1,-1,2
6348908,37,42,-1,-1,3
6348986,10,35,-1,-1,7
6346615,54,53,-1,-1,1
6348775,2,57,-1,-1,5
6343626,44,30,-1,-1,7
6338229,30,53,-1,-1,3
6347964,30,46,-1,-1,0
6350178,16,18,-1,-1,2
6346105,58,34,-1,-1,7
6341945,19,25,-1,-1,0
6349634,15,7,-1,-1,0
6349645,39,37,-1,-1,5
6350841,36,13,-1,-1,5
6350777,35,29,-1,-1,0
6350285,52,50,-1,-1,0
6348602,57,4,-1,-1,4
6337095,42,32,-1,-1,1
6348948,42,43,-1,-1,1
6346705,34,25,-1,-1,4
6344309,11,36,-1,-1,0
6343078,39,48,-1,-1,0
6350630,8,14,-1,-1,6
6349350,8,4,-1,-1,5
6343529,13,31,-1,-1,6
6348562,13,8,-1,-1,1
6348074,47,4,-1,-1,3
6349736,48,40,-1,-1,1
6349534,21,56,-1,-1,7
6350306,24,1,-1,-1,2
6347961,58,30,-1,-1,6
6349392,10,36,-1,-1,7
6349065,57,48,-1,-1,6
6350314,0,44,-1,-1,4
6350077,10,51,-1,-1,1
6349999,55,18,-1,-1,1
6349757,55,14,-1,-1,3
6344918,2,10,-1,-1,1
6349696,56,16,-1,-1,2
6349250,30,20,-1,-1,0
6344396,25,43,-1,-1,3
6350745,17,16,-1,-1,5
6349261,55,29,-1,-1,1
6350061,8,34,-1,-1,4
6348795,5,43,-1,-1,3
6348773,54,9,-1,-1,1
6350217,8,17,-1,-1,7
6346258,14,10,-1,-1,2
6346032,53,29,-1,-1,0
6346271,32,23,-1,-1,1
6349948,57,0,-1,-1,5
6346457,52,5,-1,-1,3
6343242,31,22,-1,-1,7
6350475,9,20,-1,-1,5
6345090,36,5,-1,-1,1
6349182,9,4,-1,-1,6
6343366,2,6,-1,-1,4
6344245,47,53,-1,-1,2
6350894,32,28,-1,-1,1
6350634,31,12,-1,-1,2
6334113,18,46,-1,-1,2
6350409,10,0,-1,-1,0
6341926,38,8,-1,-1,5
6347088,15,36,-1,-1,6
6350404,46,53,-1,-1,5
6349787,58,57,-1,-1,4
6347558,28,52,-1,-1,6
6322396,20,13,-1,-1,3
6340856,31,43,-1,-1,7
6350249,20,44,-1,-1,0
6347227,24,36,-1,-1,3
6345878,20,16,-1,-1,5
6349780,13,51,-1,-1,0
6350424,47,48,-1,-1,2
6350201,52,27,-1,-1,1
6342973,16,43,-1,-1,0
6346276,31,18,-1,-1,2
6350348,0,40,-1,-1,3
6348876,21,52,-1,-1,3
6348202,39,16,-1,-1,4
6350516,24,7,-1,-1,4
6348658,28,12,-1,-1,1
6348044,41,25,-1,-1,2
6349112,49,51,-1,-1,1
6347944,57,25,-1,-1,0
6348104,3,30,-1,-1,6
6345853,38,35,-1,-1,6
6346533,35,47,-1,-1,1
6348598,28,35,-1,-1,3
6347650,14,33,-1,-1,6
6350609,25,9,-1,-1,1
6344417,34,27,-1,-1,5
6347626,12,55,-1,-1,2
6349766,3,6,-1,-1,4
6350817,30,41,-1,-1,4
6350096,13,30,-1,-1,4
6337587,38,50,-1,-1,1
6350376,38,32,-1,-1,3
6348612,9,26,-1,-1,7
6348943,39,40,-1,-1,2
6346246,56,4,-1,-1,4
6346946,23,0,-1,-1,4
6350798,55,34,-1,-1,2
6350498,47,5,-1,-1,7
6344891,33,1,-1,-1,6
6350335,11,15,-1,-1,1
6350788,58,40,-1,-1,3
6346699,10,56,-1,-1,2
6350345,21,33,-1,-1,3
6348736,53,4,-1,-1,5
6347845,35,20,-1,-1,0
6340947,35,57,-1,-1,1
6346471,13,38,-1,-1,1
6350011,2,8,-1,-1,0
6345365,55,43,-1,-1,2
6345141,20,56,-1,-1,3
6346019,42,16,-1,-1,3
6341878,24,32,-1,-1,5
6348233,36,6,-1,-1,3
6348416,11,20,-1,-1,2
6346499,35,14,-1,-1,5
6350819,44,39,-1,-1,2
6348888,18,24,-1,-1,0
6348335,51,52,-1,-1,4
6346729,49,36,-1,-1,7
6350862,37,8,-1,-1,2
6347060,23,39,-1,-1,7
6343148,18,14,-1,-1,4
6348504,22,56,-1,-1,4
6346724,27,37,-1,-1,5
6349661,14,28,-1,-1,6
6349793,8,32,-1,-1,4
6350443,3,45,-1,-1,5
6345510,27,25,-1,-1,4
6349667,37,28,-1,-1,0
6346003,51,30,-1,-1,5
6342701,53,5,-1,-1,6
6345745,31,15,-1,-1,4
6349393,27,55,-1,-1,5
6349266,36,18,-1,-1,4
6349997,13,55,-1,-1,1
6347095,23,23,-1,-1,1
6343551,30,44,-1,-1,5
6346593,3,9,-1,-1,2
6349234,58,20,-1,-1,2
6343653,51,26,-1,-1,0
6346368,33,57,-1,-1,0
6343651,40,12,-1,-1,4
6349595,57,53,-1,-1,6
6342891,21,27,-1,-1,4
6349174,15,44,-1,-1,4
6335146,57,50,-1,-1,2
6344691,47,16,-1,-1,3
6339575,9,47,-1,-1,3
6342014,15,16,-1,-1,6
6339539,57,32,-1,-1,2
6349591,40,57,-1,-1,1
6347688,19,50,-1,-1,6
6341710,11,53,-1,-1,5
6350909,32,8,-1,-1,6
6348433,43,41,-1,-1,2
6347363,27,46,-1,-1,0
6344163,40,8,-1,-1,6
6349270,46,22,-1,-1,1
6342940,33,14,-1,-1,7
6345527,36,48,-1,-1,4
6350338,30,29,-1,-1,3
6348686,42,55,-1,-1,0
6345585,4,1,-1,-1,6
6349237,39,54,-1,-1,7
6348103,5,29,-1,-1,7
6344862,41,56,-1,-1,7
6347238,45,4,-1,-1,6
6349605,6,23,-1,-1,3
6350147,42,12,-1,-1,3
6350807,57,6,-1,-1,3
6348027,10,30,-1,-1,3
6350861,49,44,-1,-1,4
6348808,57,58,-1,-1,3
6348139,32,34,-1,-1,1
6348782,55,46,-1,-1,2
6334524,29,44,-1,-1,7
6349565,7,27,-1,-1,3
6350604,3,2,-1,-1,6
6342459,25,45,-1,-1,6
6348700,39,45,-1,-1,0
6345473,10,41,-1,-1,0
6345218,35,6,-1,-1,6
6350822,22,51,-1,-1,5
6345887,8,10,-1,-1,5
6350368,29,37,-1,-1,1
6350063,18,54,-1,-1,1
6349365,4,12,-1,-1,7
6345658,35,40,-1,-1,5
6343938,40,18,-1,-1,4
6344107,25,32,-1,-1,6
6347607,26,41,-1,-1,2
6349307,16,2,-1,-1,7
6350779,47,54,-1,-1,3
6349044,54,11,-1,-1,4
6349529,16,29,-1,-1,2
6347423,25,26,-1,-1,1
6350208,29,25,-1,-1,6
6340163,45,33,-1,-1,4
6347450,9,0,-1,-1,3
6348100,3,43,-1,-1,4
6350030,15,24,-1,-1,3
6347467,25,10,-1,-1,2
6344876,42,53,-1,-1,7
6347926,41,28,-1,-1,3
6334403,49,16,-1,-1,2
6344671,9,32,-1,-1,1
6349841,19,30,-1,-1,2
6345451,22,29,-1,-1,3
6343994,28,2,-1,-1,7
6349759,13,27,-1,-1,5
6350692,49,58,-1,-1,4
6343385,5,46,-1,-1,6
6347985,44,26,-1,-1,7
6340949,5,47,-1,-1,5
6350235,27,19,-1,-1,7
6349635,14,14,-1,-1,3
6349682,30,17,-1,-1,6
6345331,6,42,-1,-1,2
6346571,15,26,-1,-1,6
6344996,33,58,-1,-1,6
6349917,2,52,-1,-1,3
6349988,3,34,-1,-1,7
6345758,50,28,-1,-1,6
6342702,4,26,-1,-1,2
6348616,33,43,-1,-1,5
6346096,55,11,-1,-1,4
6348663,27,56,-1,-1,2
6347565,53,27,-1,-1,0
6345794,27,13,-1,-1,1
6350106,54,40,-1,-1,0
6347905,56,52,-1,-1,7
6348023,27,22,-1,-1,6
6349294,17,13,-1,-1,0
6350742,12,17,-1,-1,6
6345494,12,37,-1,-1,3
6343506,37,2,-1,-1,5
6346488,6,32,-1,-1,5
6349777,32,20,-1,-1,6
6349702,28,14,-1,-1,6
6348702,28,48,-1,-1,2
6348871,53,35,-1,-1,7
6338032,49,50,-1,-1,1
6350129,45,15,-1,-1,7
6345014,17,40,-1,-1,3
6347217,43,11,-1,-1,4
6346425,33,34,-1,-1,4
6346204,11,35,-1,-1,0
6350094,29,53,-1,-1,1
6347018,26,40,-1,-1,0
6345947,35,3,-1,-1,7
6348329,12,16,-1,-1,0
6349226,42,10,-1,-1,1
6349347,44,0,-1,-1,4
6347823,58,47,-1,-1,7
6347748,2,20,-1,-1,3
6336901,4,13,-1,-1,7
6349282,1,14,-1,-1,2
6342869,24,30,-1,-1,5
6346745,15,39,-1,-1,5
6350005,16,49,-1,-1,0
6338096,1,24,-1,-1,3
6347683,40,36,-1,-1,1
6348745,16,53,-1,-1,0
6350155,43,1,-1,-1,6
6338540,51,2,-1,-1,4
6348897,40,43,-1,-1,1
6348498,38,13,-1,-1,1
6348168,10,39,-1,-1,6
6350783,40,54,-1,-1,1
6348382,22,35,-1,-1,7
6348544,10,28,-1,-1,7
6348956,22,26,-1,-1,3
6350264,21,3,-1,-1,6
6350193,17,49,-1,-1,4
6349404,30,24,-1,-1,6
6348684,58,6,-1,-1,6
6349495,30,18,-1,-1,1
6337709,9,56,-1,-1,5
6344759,43,9,-1,-1,5
6347285,22,41,-1,-1,1
6349418,37,57,-1,-1,7
6350676,35,38,-1,-1,3
6350188,26,49,-1,-1,1
6349473,44,51,-1,-1,2
6346669,2,44,-1,-1,6
6350065,39,30,-1,-1,7
6348918,10,31,-1,-1,2
6348599,6,20,-1,-1,1
6347755,36,51,-1,-1,5
6348951,32,17,-1,-1,1
6350501,32,14,-1,-1,6
6348716,21,18,-1,-1,2
6346664,6,17,-1,-1,3
6336604,57,7,-1,-1,1
6344736,12,6,-1,-1,7
6350911,21,6,-1,-1,5
