# org_id,org_cellx,org_celly,org_forage_target,org_group_id,org_facing
37795628,12,26,-1,-1,7
37801720,8,0,-1,-1,3
37802307,48,19,-1,-1,3
37794166,56,52,-1,-1,0
37801819,15,9,-1,-1,6
37799661,25,2,-1,-1,3
37799531,43,25,-1,-1,7
37798771,54,48,-1,-1,7
37799973,53,58,-1,-1,2
37796386,0,18,-1,-1,0
37800339,0,34,-1,-1,0
37800372,47,27,-1,-1,7
37801496,3,2,-1,-1,0
37798652,44,19,-1,-1,7
37800937,39,26,-1,-1,5
37801623,31,39,-1,-1,2
37799594,41,52,-1,-1,1
37801176,51,37,-1,-1,6
37801937,46,39,-1,-1,7
37799704,21,49,-1,-1,4
37802002,36,21,-1,-1,6
37795481,38,5,-1,-1,2
37798596,11,20,-1,-1,1
37802363,13,31,-1,-1,1
37795529,49,17,-1,-1,1
37797265,58,46,-1,-1,6
37800020,17,33,-1,-1,3
37802359,51,10,-1,-1,1
37789525,15,27,-1,-1,7
37799347,22,53,-1,-1,1
37800679,2,22,-1,-1,2
37801585,9,1,-1,-1,1
37800550,34,25,-1,-1,7
37796680,54,2,-1,-1,3
37801763,2,2,-1,-1,2
37798062,38,22,-1,-1,0
37802156,17,48,-1,-1,2
37799463,42,54,-1,-1,6
37801196,49,34,-1,-1,3
37798124,27,25,-1,-1,0
37797555,23,48,-1,-1,1
37802125,22,21,-1,-1,7
37800230,35,0,-1,-1,3
37801613,36,48,-1,-1,2
37799755,36,5,-1,-1,6
37801037,14,18,-1,-1,5
37800926,9,12,-1,-1,1
37802170,10,54,-1,-1,0
37797294,28,35,-1,-1,1
37801248,52,49,-1,-1,4
37798261,53,54,-1,-1,5
37800441,6,47,-1,-1,6
37800772,15,44,-1,-1,2
37797482,11,25,-1,-1,0
37797898,54,38,-1,-1,0
37801428,7,3,-1,-1,5
37800581,33,18,-1,-1,6
37801612,47,34,-1,-1,1
37800958,43,36,-1,-1,3
37802207,28,51,-1,-1,5
37798139,51,41,-1,-1,5
37799652,34,8,-1,-1,5
37799553,38,43,-1,-1,1
37797362,45,0,-1,-1,5
37796106,41,31,-1,-1,6
37800912,24,47,-1,-1,5
37798423,33,42,-1,-1,4
37788546,19,2,-1,-1,2
37801603,17,8,-1,-1,4
37800217,3,21,-1,-1,4
37796676,13,2,-1,-1,4
37796325,16,35,-1,-1,1
37800633,10,33,-1,-1,2
37798594,8,23,-1,-1,0
37801823,9,43,-1,-1,1
37801980,48,35,-1,-1,4
37801310,26,35,-1,-1,2
37798372,16,34,-1,-1,4
37802257,44,33,-1,-1,7
37800800,38,50,-1,-1,6
37800478,15,15,-1,-1,4
37801936,53,39,-1,-1,3
37801504,57,44,-1,-1,3
37799271,52,20,-1,-1,7
37800454,29,35,-1,-1,2
37799284,20,37,-1,-1,2
37801287,25,45,-1,-1,2
37800928,30,45,-1,-1,7
37798256,0,44,-1,-1,4
37798031,25,31,-1,-1,1
37799298,49,55,-1,-1,7
37797220,43,57,-1,-1,4
37800811,20,22,-1,-1,2
37796345,22,15,-1,-1,4
37800908,23,37,-1,-1,5
37784862,46,58,-1,-1,2
37799802,34,33,-1,-1,0
37800923,22,27,-1,-1,3
37799849,22,31,-1,-1,6
37801425,13,58,-1,-1,7
37800905,38,7,-1,-1,5
37802244,41,27,-1,-1,0
37800981,24,51,-1,-1,0
37800061,54,37,-1,-1,1
37799547,18,29,-1,-1,1
37799864,44,48,-1,-1,2
37800982,16,25,-1,-1,5
37795436,54,12,-1,-1,2
37799086,41,42,-1,-1,1
37800767,46,54,-1,-1,4
37800683,50,52,-1,-1,4
37800535,31,12,-1,-1,1
37800057,12,25,-1,-1,5
37798050,15,26,-1,-1,1
37801419,38,19,-1,-1,7
37802215,34,16,-1,-1,2
37800634,40,52,-1,-1,1
37799376,20,38,-1,-1,6
37794813,15,28,-1,-1,6
37800279,5,36,-1,-1,0
37797635,49,31,-1,-1,7
37801766,37,5,-1,-1,7
37802246,41,16,-1,-1,7
37800340,40,1,-1,-1,2
37798032,9,19,-1,-1,7
37802095,23,22,-1,-1,3
37800804,44,18,-1,-1,0
37801438,29,55,-1,-1,4
37802159,6,30,-1,-1,2
37801515,13,34,-1,-1,0
37801793,5,12,-1,-1,0
37799307,6,12,-1,-1,6
37797942,6,6,-1,-1,6
37802218,35,16,-1,-1,3
37800616,23,52,-1,-1,6
37801403,2,17,-1,-1,3
37795166,55,0,-1,-1,2
37801481,36,33,-1,-1,0
37799739,41,0,-1,-1,3
37801155,53,48,-1,-1,6
37800973,52,10,-1,-1,6
37801141,51,46,-1,-1,7
37800607,29,2,-1,-1,7
37800596,27,39,-1,-1,1
37801125,28,55,-1,-1,5
37797622,15,18,-1,-1,7
37800250,46,41,-1,-1,6
37801997,0,31,-1,-1,2
37801100,1,38,-1,-1,7
37801056,21,48,-1,-1,5
37796298,46,49,-1,-1,3
37801074,35,42,-1,-1,6
37797700,36,20,-1,-1,2
37798243,44,36,-1,-1,6
37801540,25,46,-1,-1,6
37800652,36,11,-1,-1,1
37799836,58,33,-1,-1,0
37801443,4,29,-1,-1,5
37802061,14,16,-1,-1,0
37794255,20,3,-1,-1,7
37802103,26,38,-1,-1,3
37797137,43,17,-1,-1,6
37800208,26,19,-1,-1,4
37802188,42,43,-1,-1,7
37793186,50,3,-1,-1,0
37787547,10,57,-1,-1,4
37801276,52,23,-1,-1,1
37792033,5,0,-1,-1,6
37802385,26,36,-1,-1,7
37799877,19,55,-1,-1,2
37796358,44,49,-1,-1,1
37800135,57,1,-1,-1,0
37801450,37,49,-1,-1,1
37801292,49,56,-1,-1,3
37797519,16,50,-1,-1,6
37794421,34,3,-1,-1,7
37795856,27,3,-1,-1,6
37801079,41,19,-1,-1,0
37795868,17,19,-1,-1,2
37801323,10,8,-1,-1,2
37799453,3,32,-1,-1,2
37800401,26,15,-1,-1,7
37798582,3,48,-1,-1,6
37795349,25,10,-1,-1,3
37801021,41,49,-1,-1,4
37797779,9,52,-1,-1,0
37799235,28,0,-1,-1,5
37799470,33,30,-1,-1,5
37797983,11,51,-1,-1,7
37800317,46,53,-1,-1,4
37801449,38,53,-1,-1,0
37794991,13,0,-1,-1,6
37800082,43,40,-1,-1,2
37801368,46,24,-1,-1,2
37802028,21,33,-1,-1,6
37801491,18,30,-1,-1,2
37799703,52,24,-1,-1,3
37801177,35,31,-1,-1,4
37798458,3,49,-1,-1,6
37799710,35,32,-1,-1,0
37801134,50,30,-1,-1,6
37789030,5,18,-1,-1,3
37802128,34,17,-1,-1,7
37801947,48,50,-1,-1,0
37795973,36,58,-1,-1,2
37797775,19,58,-1,-1,7
37798436,17,41,-1,-1,6
37797875,26,11,-1,-1,5
37797353,27,20,-1,-1,5
37799920,47,7,-1,-1,1
37784888,4,16,-1,-1,7
37800661,5,38,-1,-1,2
37802162,27,38,-1,-1,1
37799264,41,32,-1,-1,7
37798267,21,20,-1,-1,5
37796025,21,14,-1,-1,0
37792390,8,15,-1,-1,4
37799370,27,1,-1,-1,6
37793344,7,48,-1,-1,2
37801878,15,1,-1,-1,5
37797659,32,18,-1,-1,0
37794455,58,32,-1,-1,4
37801664,38,47,-1,-1,2
37800452,57,56,-1,-1,1
37798561,16,56,-1,-1,2
37802276,26,13,-1,-1,0
37794781,2,57,-1,-1,5
37797421,23,36,-1,-1,0
37800202,16,47,-1,-1,1
37801359,36,40,-1,-1,1
37802101,52,2,-1,-1,3
37801683,2,4,-1,-1,5
37800755,21,47,-1,-1,3
37801966,11,27,-1,-1,3
37799244,42,13,-1,-1,7
37797840,49,0,-1,-1,5
37802383,46,19,-1,-1,4
37801102,9,24,-1,-1,7
37800842,45,50,-1,-1,7
37798736,3,30,-1,-1,5
37799782,9,25,-1,-1,3
37797075,25,5,-1,-1,5
37802097,24,33,-1,-1,2
37798902,53,53,-1,-1,3
37802300,34,39,-1,-1,3
37802397,39,51,-1,-1,0
37801472,40,46,-1,-1,4
37801962,36,42,-1,-1,3
37798340,46,11,-1,-1,5
37802063,20,12,-1,-1,1
37798225,28,44,-1,-1,5
37801364,12,39,-1,-1,5
37801991,27,54,-1,-1,5
37801398,37,58,-1,-1,6
37800181,31,22,-1,-1,3
37801785,43,30,-1,-1,1
37797884,4,56,-1,-1,3
37801375,21,31,-1,-1,2
37794701,16,52,-1,-1,0
37791366,46,52,-1,-1,4
37799851,27,22,-1,-1,3
37802250,45,55,-1,-1,7
37800049,24,12,-1,-1,5
37795583,49,16,-1,-1,3
37802251,56,45,-1,-1,7
37799786,37,56,-1,-1,0
37801898,30,43,-1,-1,1
37801048,46,25,-1,-1,2
37799441,42,30,-1,-1,6
37789982,16,41,-1,-1,2
37791521,47,8,-1,-1,1
37798816,22,52,-1,-1,6
37785790,0,38,-1,-1,3
37799572,0,7,-1,-1,2
37800888,27,27,-1,-1,7
37801208,18,35,-1,-1,3
37796125,7,5,-1,-1,0
37798861,5,49,-1,-1,4
37802225,43,31,-1,-1,5
37801618,9,15,-1,-1,4
37797906,39,32,-1,-1,0
37801316,23,15,-1,-1,1
37796502,30,20,-1,-1,7
37801611,13,33,-1,-1,6
37799913,24,28,-1,-1,5
37796161,38,16,-1,-1,6
37800792,26,17,-1,-1,1
37795821,9,31,-1,-1,4
37801404,38,38,-1,-1,4
37798341,4,35,-1,-1,7
37800856,13,57,-1,-1,0
37802386,29,37,-1,-1,3
37801460,48,3,-1,-1,6
37801371,25,53,-1,-1,2
37797984,15,42,-1,-1,6
37799843,9,4,-1,-1,5
37802179,6,35,-1,-1,0
37800693,28,57,-1,-1,4
37797119,42,21,-1,-1,3
37801694,35,28,-1,-1,7
37796742,49,27,-1,-1,0
37795737,35,44,-1,-1,5
37800635,17,17,-1,-1,6
37798476,7,45,-1,-1,7
37797636,40,7,-1,-1,0
37797876,34,10,-1,-1,0
37798212,18,33,-1,-1,4
37801862,18,8,-1,-1,1
37791973,47,4,-1,-1,5
37799156,56,7,-1,-1,3
37797649,31,57,-1,-1,4
37800657,27,8,-1,-1,5
37789046,40,0,-1,-1,4
37801536,10,55,-1,-1,7
37801844,53,41,-1,-1,7
37801722,29,54,-1,-1,7
37798034,23,32,-1,-1,6
37800022,17,23,-1,-1,4
37801799,8,37,-1,-1,4
37801075,53,47,-1,-1,1
37801753,18,6,-1,-1,1
37785805,52,50,-1,-1,7
37790551,25,9,-1,-1,5
37801525,48,54,-1,-1,7
37797439,58,11,-1,-1,0
37801527,32,40,-1,-1,5
37801860,28,23,-1,-1,5
37801219,40,32,-1,-1,4
37797602,19,21,-1,-1,3
37797771,31,32,-1,-1,7
37800321,7,30,-1,-1,1
37799446,29,4,-1,-1,7
37799405,54,17,-1,-1,3
37797214,58,42,-1,-1,0
37800034,41,2,-1,-1,6
37802292,11,4,-1,-1,0
37792315,49,39,-1,-1,2
37799789,57,24,-1,-1,1
37799172,10,16,-1,-1,1
37796071,34,28,-1,-1,1
37800226,23,42,-1,-1,1
37802142,19,48,-1,-1,5
37802148,48,12,-1,-1,3
37795189,42,24,-1,-1,4
37799647,21,41,-1,-1,4
37801708,52,25,-1,-1,4
37794390,36,26,-1,-1,2
37799358,53,3,-1,-1,1
37797253,6,7,-1,-1,5
37801975,39,4,-1,-1,4
37797656,3,14,-1,-1,7
37796666,30,16,-1,-1,4
37797597,56,10,-1,-1,2
37797720,19,51,-1,-1,5
37801355,30,12,-1,-1,1
37800736,45,52,-1,-1,0
37786131,56,44,-1,-1,3
37797623,28,34,-1,-1,3
37802310,56,23,-1,-1,2
37799872,3,16,-1,-1,7
37801891,28,54,-1,-1,5
37796697,24,52,-1,-1,7
37801686,8,2,-1,-1,0
37801924,43,52,-1,-1,5
37797567,33,57,-1,-1,0
37801551,40,23,-1,-1,0
37798667,8,52,-1,-1,7
37794871,31,37,-1,-1,1
37799557,57,53,-1,-1,2
37798713,25,32,-1,-1,5
37787224,50,43,-1,-1,3
37796075,22,35,-1,-1,1
37792489,55,29,-1,-1,0
37801042,21,28,-1,-1,5
37801531,37,4,-1,-1,6
37801464,49,38,-1,-1,5
37801619,51,43,-1,-1,5
37802136,40,41,-1,-1,1
37795133,3,23,-1,-1,7
37800437,53,49,-1,-1,6
37800031,39,0,-1,-1,2
37778207,50,9,-1,-1,5
37801801,9,5,-1,-1,0
37802327,40,39,-1,-1,4
37801836,44,22,-1,-1,7
37801521,31,56,-1,-1,5
37800146,32,57,-1,-1,4
37798611,30,44,-1,-1,3
37802389,20,4,-1,-1,7
37801902,56,39,-1,-1,3
37799987,21,52,-1,-1,6
37801992,31,36,-1,-1,2
37794365,53,29,-1,-1,0
37795734,14,25,-1,-1,3
37800228,45,5,-1,-1,3
37799725,41,11,-1,-1,3
37797204,7,24,-1,-1,7
37797141,50,48,-1,-1,5
37792090,22,25,-1,-1,2
37801903,37,44,-1,-1,4
37801105,50,0,-1,-1,3
37801574,14,20,-1,-1,2
37794939,19,38,-1,-1,5
37800578,51,48,-1,-1,4
37799481,16,43,-1,-1,0
37785016,19,27,-1,-1,5
37801324,57,33,-1,-1,3
37800172,13,22,-1,-1,3
37802213,19,50,-1,-1,6
37800420,27,17,-1,-1,4
37801187,50,42,-1,-1,5
37800552,19,0,-1,-1,6
37798206,42,36,-1,-1,6
37800016,33,10,-1,-1,4
37801678,39,40,-1,-1,6
37798773,44,24,-1,-1,7
37790444,56,15,-1,-1,1
37793683,10,15,-1,-1,2
37801038,36,55,-1,-1,4
37802406,20,8,-1,-1,2
37801486,39,1,-1,-1,2
37796992,37,23,-1,-1,0
37797585,24,2,-1,-1,5
37794501,8,36,-1,-1,6
37799641,21,34,-1,-1,5
37798924,1,16,-1,-1,5
37802288,33,56,-1,-1,4
37798621,21,5,-1,-1,1
37799199,47,21,-1,-1,1
37801986,1,29,-1,-1,6
37802174,40,28,-1,-1,6
37801930,10,13,-1,-1,2
37796004,58,45,-1,-1,0
37793818,39,2,-1,-1,3
37802398,43,55,-1,-1,3
37793638,7,11,-1,-1,2
37797849,50,13,-1,-1,5
37792959,4,53,-1,-1,2
37801091,16,42,-1,-1,0
37801978,49,57,-1,-1,7
37799098,34,54,-1,-1,6
37801934,56,43,-1,-1,5
37799940,6,40,-1,-1,1
37799721,36,7,-1,-1,6
37800780,7,27,-1,-1,0
37802273,7,13,-1,-1,1
37799746,5,31,-1,-1,4
37801191,16,55,-1,-1,2
37800805,22,34,-1,-1,0
37794364,23,12,-1,-1,1
37798857,47,43,-1,-1,4
37799521,10,53,-1,-1,5
37800446,13,40,-1,-1,5
37800462,8,53,-1,-1,1
37801506,46,17,-1,-1,5
37800395,56,18,-1,-1,4
37795647,33,12,-1,-1,0
37791915,18,54,-1,-1,7
37800670,40,42,-1,-1,4
37801932,45,48,-1,-1,6
37802079,16,6,-1,-1,5
37797751,42,27,-1,-1,7
37798121,2,9,-1,-1,2
37797990,54,46,-1,-1,7
37800494,5,30,-1,-1,0
37798308,32,11,-1,-1,4
37798374,38,39,-1,-1,3
37791755,54,55,-1,-1,0
37801498,20,53,-1,-1,6
37798867,43,18,-1,-1,4
37796101,28,38,-1,-1,0
37801550,17,57,-1,-1,4
37802366,24,45,-1,-1,7
37800432,44,39,-1,-1,2
37800622,0,49,-1,-1,2
37801405,11,8,-1,-1,7
37798198,28,5,-1,-1,5
37800709,10,35,-1,-1,5
37799295,42,10,-1,-1,1
37795573,43,44,-1,-1,3
37801835,35,20,-1,-1,2
37799016,12,0,-1,-1,4
37792774,16,5,-1,-1,2
37800695,21,56,-1,-1,3
37800962,11,34,-1,-1,3
37799250,31,58,-1,-1,6
37798945,43,10,-1,-1,4
37800206,46,8,-1,-1,5
37796582,15,8,-1,-1,1
37801972,51,57,-1,-1,1
37800587,24,24,-1,-1,1
37801628,20,57,-1,-1,6
37800144,4,0,-1,-1,2
37798818,27,36,-1,-1,1
37800568,20,15,-1,-1,1
37796328,56,25,-1,-1,2
37800168,30,8,-1,-1,5
37796877,36,13,-1,-1,6
37801514,53,17,-1,-1,0
37791482,58,34,-1,-1,6
37791046,0,20,-1,-1,2
37798599,30,28,-1,-1,2
37801518,22,3,-1,-1,4
37798944,2,3,-1,-1,7
37798233,41,56,-1,-1,6
37798359,28,31,-1,-1,2
37802004,38,37,-1,-1,7
37799414,55,52,-1,-1,0
37799338,32,6,-1,-1,7
37800423,42,38,-1,-1,3
37802056,35,51,-1,-1,1
37800835,48,48,-1,-1,5
37795631,47,0,-1,-1,2
37791045,0,6,-1,-1,0
37801741,2,39,-1,-1,0
37798646,40,15,-1,-1,6
37800904,21,25,-1,-1,1
37797512,0,54,-1,-1,4
37798559,39,36,-1,-1,6
37802081,28,3,-1,-1,3
37799999,21,17,-1,-1,7
37801213,0,1,-1,-1,3
37798926,49,41,-1,-1,6
37800894,21,10,-1,-1,1
37801912,47,33,-1,-1,1
37801747,39,34,-1,-1,5
37801033,44,14,-1,-1,0
37799812,29,40,-1,-1,3
37800449,31,20,-1,-1,3
37800397,15,36,-1,-1,1
37797765,20,41,-1,-1,4
37800291,58,35,-1,-1,4
37798509,27,0,-1,-1,6
37799623,35,53,-1,-1,0
37802161,50,4,-1,-1,6
37798215,14,11,-1,-1,2
37797702,53,2,-1,-1,4
37790358,44,5,-1,-1,7
37801621,51,38,-1,-1,5
37800227,6,28,-1,-1,2
37801200,1,30,-1,-1,3
37794426,1,27,-1,-1,3
37799304,13,9,-1,-1,3
37800557,58,10,-1,-1,4
37802160,55,25,-1,-1,5
37796015,1,42,-1,-1,3
37800406,19,12,-1,-1,4
37797436,6,22,-1,-1,6
37801855,28,19,-1,-1,4
37800705,11,18,-1,-1,3
37800418,38,40,-1,-1,4
37800807,17,44,-1,-1,1
37799421,0,21,-1,-1,0
37802192,7,54,-1,-1,6
37799685,54,26,-1,-1,0
37795547,37,18,-1,-1,4
37799717,26,37,-1,-1,5
37800891,2,43,-1,-1,6
37801787,32,35,-1,-1,6
37801807,54,7,-1,-1,6
37799187,55,26,-1,-1,0
37794714,52,34,-1,-1,1
37802196,13,18,-1,-1,7
37801888,50,29,-1,-1,3
37795425,47,12,-1,-1,7
37801408,8,55,-1,-1,5
37794335,30,19,-1,-1,7
37798879,37,12,-1,-1,2
37799186,53,7,-1,-1,3
37802078,20,25,-1,-1,5
37799124,2,1,-1,-1,4
37798715,37,20,-1,-1,0
37802182,10,30,-1,-1,6
37800048,17,29,-1,-1,5
37801909,27,15,-1,-1,1
37800443,22,13,-1,-1,7
37796554,43,53,-1,-1,3
37799909,0,55,-1,-1,4
37799997,42,45,-1,-1,3
37801650,22,49,-1,-1,4
37802274,57,4,-1,-1,7
37800824,49,49,-1,-1,5
37798349,32,25,-1,-1,3
37801393,30,5,-1,-1,1
37801724,54,10,-1,-1,2
37799676,55,35,-1,-1,2
37802074,1,55,-1,-1,1
37801556,5,33,-1,-1,0
37794521,19,31,-1,-1,7
37797617,22,26,-1,-1,5
37796478,32,15,-1,-1,0
37802129,9,32,-1,-1,2
37800847,40,13,-1,-1,3
37800233,53,42,-1,-1,7
37801935,31,50,-1,-1,6
37801676,24,8,-1,-1,7
37798858,47,50,-1,-1,2
37799200,35,10,-1,-1,2
37799612,1,51,-1,-1,7
37802077,48,47,-1,-1,3
37801120,12,55,-1,-1,1
37796378,47,53,-1,-1,5
37799654,41,36,-1,-1,3
37800603,4,44,-1,-1,4
37794233,2,36,-1,-1,5
37798037,20,43,-1,-1,5
37795890,29,43,-1,-1,2
37794788,18,21,-1,-1,1
37801718,54,51,-1,-1,1
37802294,11,24,-1,-1,5
37798960,7,1,-1,-1,2
37800777,19,54,-1,-1,2
37799109,28,40,-1,-1,4
37801831,56,28,-1,-1,7
37797604,40,3,-1,-1,1
37801983,32,53,-1,-1,3
37800052,23,13,-1,-1,6
37802088,15,11,-1,-1,4
37796466,44,34,-1,-1,5
37801391,35,33,-1,-1,3
37801576,3,3,-1,-1,6
37801710,19,30,-1,-1,5
37802166,43,41,-1,-1,5
37798807,7,0,-1,-1,3
37797289,48,43,-1,-1,2
37798128,47,25,-1,-1,3
37798015,2,44,-1,-1,4
37799815,53,1,-1,-1,7
37794915,4,55,-1,-1,3
37799297,28,12,-1,-1,6
37801954,22,7,-1,-1,7
37798534,44,52,-1,-1,2
37799476,52,47,-1,-1,1
37800858,25,13,-1,-1,6
37798467,11,12,-1,-1,4
37801597,37,35,-1,-1,6
37800036,46,1,-1,-1,7
37799669,40,8,-1,-1,5
37800219,22,14,-1,-1,2
37800998,51,3,-1,-1,2
37800426,26,27,-1,-1,4
37799204,11,43,-1,-1,2
37800749,17,12,-1,-1,2
37798957,31,4,-1,-1,1
37792238,53,4,-1,-1,6
37798672,58,26,-1,-1,0
37796201,47,18,-1,-1,0
37802187,26,24,-1,-1,4
37802127,14,0,-1,-1,2
37799346,34,9,-1,-1,2
37801440,24,23,-1,-1,0
37788397,12,24,-1,-1,7
37798047,33,44,-1,-1,6
37801969,27,46,-1,-1,5
37802134,36,16,-1,-1,1
37800801,51,24,-1,-1,7
37801990,39,15,-1,-1,7
37795276,9,22,-1,-1,3
37799300,24,50,-1,-1,0
37800803,31,16,-1,-1,1
37802348,44,29,-1,-1,0
37797458,13,25,-1,-1,4
37801655,55,55,-1,-1,7
37796430,29,3,-1,-1,6
37801614,58,30,-1,-1,7
37800969,53,51,-1,-1,5
37797981,44,43,-1,-1,5
37796829,40,37,-1,-1,3
37795927,13,53,-1,-1,2
37796765,40,30,-1,-1,7
37799834,25,12,-1,-1,2
37798122,39,46,-1,-1,0
37791001,7,16,-1,-1,6
37801971,30,26,-1,-1,2
37799910,4,22,-1,-1,7
37799797,34,19,-1,-1,4
37802241,20,39,-1,-1,3
37795600,41,44,-1,-1,6
37792710,7,44,-1,-1,6
37792911,6,58,-1,-1,6
37800169,2,50,-1,-1,6
37798274,37,45,-1,-1,6
37795423,4,50,-1,-1,0
37801564,4,8,-1,-1,6
37801830,2,11,-1,-1,3
37779712,23,58,-1,-1,2
37800551,50,28,-1,-1,4
37802347,36,50,-1,-1,4
37802011,4,32,-1,-1,6
37800851,13,8,-1,-1,0
37799427,41,51,-1,-1,0
37802041,43,16,-1,-1,3
37802325,44,58,-1,-1,6
37801069,45,21,-1,-1,1
37801010,43,42,-1,-1,1
37792192,28,4,-1,-1,5
37796856,38,55,-1,-1,0
37796126,27,30,-1,-1,0
37791908,24,17,-1,-1,2
37800389,4,25,-1,-1,1
37801622,1,37,-1,-1,2
37800681,35,43,-1,-1,2
37801224,46,26,-1,-1,2
37801279,52,6,-1,-1,2
37799462,43,43,-1,-1,7
37801672,50,47,-1,-1,0
37798382,53,21,-1,-1,0
37797145,0,27,-1,-1,4
37798643,1,3,-1,-1,5
37797630,56,29,-1,-1,1
37800571,51,51,-1,-1,0
37797507,44,13,-1,-1,0
37802204,42,4,-1,-1,4
37797459,45,49,-1,-1,1
37798501,14,37,-1,-1,0
37798246,17,40,-1,-1,3
37802131,2,0,-1,-1,4
37795661,25,58,-1,-1,1
37794188,37,13,-1,-1,6
37796903,35,7,-1,-1,2
37798268,28,52,-1,-1,0
37799311,49,30,-1,-1,4
37798092,49,43,-1,-1,2
37801685,6,1,-1,-1,2
37802012,19,39,-1,-1,3
37801633,47,42,-1,-1,6
37801816,14,12,-1,-1,6
37796710,9,42,-1,-1,0
37802034,49,36,-1,-1,0
37799190,1,31,-1,-1,1
37799093,18,53,-1,-1,2
37802301,17,18,-1,-1,5
37798251,49,22,-1,-1,7
37800820,3,44,-1,-1,6
37801144,0,30,-1,-1,2
37801429,42,8,-1,-1,6
37797899,10,56,-1,-1,4
37802091,49,26,-1,-1,3
37797111,16,13,-1,-1,4
37800666,38,31,-1,-1,5
37801389,37,37,-1,-1,5
37794411,45,2,-1,-1,1
37790853,44,54,-1,-1,1
37799570,42,49,-1,-1,7
37798377,37,11,-1,-1,4
37801142,27,51,-1,-1,0
37801589,33,2,-1,-1,5
37794389,28,41,-1,-1,5
37802111,5,37,-1,-1,2
37799939,51,54,-1,-1,1
37798273,1,6,-1,-1,0
37799783,14,27,-1,-1,4
37802404,45,30,-1,-1,2
37799000,28,49,-1,-1,4
37801133,7,8,-1,-1,6
37802118,53,15,-1,-1,0
37800490,9,30,-1,-1,7
37791303,58,58,-1,-1,6
37798789,47,14,-1,-1,3
37799388,39,28,-1,-1,3
37800895,18,40,-1,-1,6
37792410,50,54,-1,-1,4
37801311,22,6,-1,-1,3
37799070,46,32,-1,-1,7
37802144,14,29,-1,-1,6
37785393,16,19,-1,-1,7
37802025,10,3,-1,-1,0
37802067,30,46,-1,-1,1
37801013,11,10,-1,-1,2
37798481,53,16,-1,-1,5
37800378,23,2,-1,-1,7
37797552,29,9,-1,-1,2
37799096,52,37,-1,-1,2
37799537,8,42,-1,-1,2
37796940,52,21,-1,-1,1
37798556,58,29,-1,-1,7
37801328,25,39,-1,-1,2
37796981,31,45,-1,-1,0
37797303,55,45,-1,-1,2
37801154,33,43,-1,-1,4
37802380,52,7,-1,-1,5
37793519,19,13,-1,-1,1
37796054,36,24,-1,-1,3
37801183,24,18,-1,-1,5
37796665,0,16,-1,-1,4
37801688,53,13,-1,-1,2
37799855,53,8,-1,-1,4
37801232,6,49,-1,-1,5
37795262,5,43,-1,-1,6
37801158,11,21,-1,-1,7
37802278,38,54,-1,-1,5
37799903,36,32,-1,-1,7
37801545,42,23,-1,-1,0
37799028,1,5,-1,-1,6
37802049,12,5,-1,-1,5
37801417,30,4,-1,-1,5
37801339,53,20,-1,-1,5
37800764,29,20,-1,-1,0
37802391,4,20,-1,-1,7
37801260,39,43,-1,-1,7
37785660,29,18,-1,-1,2
37800012,38,1,-1,-1,1
37801295,13,21,-1,-1,7
37800415,33,11,-1,-1,2
37795889,13,39,-1,-1,1
37801331,19,24,-1,-1,0
37800223,38,36,-1,-1,2
37795421,47,20,-1,-1,6
37796864,39,38,-1,-1,7
37799281,56,0,-1,-1,3
37795233,32,38,-1,-1,3
37798202,43,27,-1,-1,3
37794475,17,1,-1,-1,7
37800795,53,31,-1,-1,7
37801588,54,34,-1,-1,6
37801707,10,1,-1,-1,7
37801473,31,40,-1,-1,3
37802052,41,38,-1,-1,2
37798894,37,8,-1,-1,2
37800137,1,33,-1,-1,3
37800236,23,40,-1,-1,5
37796135,30,31,-1,-1,2
37795746,47,58,-1,-1,2
37801897,8,39,-1,-1,1
37798903,13,51,-1,-1,6
37797152,53,43,-1,-1,5
37799356,23,41,-1,-1,7
37801363,8,32,-1,-1,1
37792080,39,27,-1,-1,7
37802413,40,20,-1,-1,7
37800434,5,22,-1,-1,4
37802405,34,46,-1,-1,4
37798780,21,9,-1,-1,2
37797980,51,56,-1,-1,5
37795120,21,1,-1,-1,4
37800731,12,41,-1,-1,5
37800678,31,21,-1,-1,1
37800698,24,58,-1,-1,2
37801539,8,27,-1,-1,4
37799392,52,56,-1,-1,2
37801916,28,36,-1,-1,2
37799195,2,38,-1,-1,6
37798580,41,21,-1,-1,2
37800877,4,58,-1,-1,6
37797577,25,14,-1,-1,7
37796944,41,58,-1,-1,0
37801113,54,29,-1,-1,2
37800472,13,13,-1,-1,3
37796044,42,11,-1,-1,1
37799232,25,35,-1,-1,1
37800433,18,48,-1,-1,6
37800788,12,9,-1,-1,6
37799408,45,29,-1,-1,6
37798046,41,29,-1,-1,2
37801617,37,41,-1,-1,5
37802254,31,26,-1,-1,2
37796183,49,50,-1,-1,6
37799055,0,10,-1,-1,1
37802357,10,40,-1,-1,7
37796472,9,39,-1,-1,0
37801490,9,9,-1,-1,2
37802203,15,55,-1,-1,6
37802181,23,54,-1,-1,6
37801842,56,13,-1,-1,5
37801278,21,11,-1,-1,2
37800019,7,14,-1,-1,5
37783770,9,45,-1,-1,0
37797174,7,10,-1,-1,2
37800756,39,24,-1,-1,6
37801121,2,34,-1,-1,2
37798177,15,43,-1,-1,6
37797379,47,32,-1,-1,2
37797654,57,41,-1,-1,0
37801631,57,35,-1,-1,3
37801455,20,48,-1,-1,7
37802059,49,51,-1,-1,2
37802200,19,1,-1,-1,5
37799256,7,55,-1,-1,0
37799690,46,20,-1,-1,4
37797540,46,34,-1,-1,3
37782730,3,11,-1,-1,3
37799496,19,7,-1,-1,4
37802084,12,11,-1,-1,5
37801399,28,50,-1,-1,4
37800976,57,30,-1,-1,2
37798799,39,33,-1,-1,5
37802176,38,27,-1,-1,4
37801374,35,56,-1,-1,0
37802296,12,47,-1,-1,5
37801567,30,36,-1,-1,3
37793549,54,40,-1,-1,5
37799437,55,43,-1,-1,4
37797447,57,39,-1,-1,6
37802343,44,53,-1,-1,4
37800526,12,37,-1,-1,6
37800890,44,27,-1,-1,3
37800210,21,13,-1,-1,1
37802286,42,52,-1,-1,5
37801794,48,51,-1,-1,4
37801721,53,45,-1,-1,4
37802229,5,10,-1,-1,5
37795449,51,0,-1,-1,2
37801307,3,27,-1,-1,7
37795833,13,36,-1,-1,4
37792294,12,30,-1,-1,6
37799301,47,40,-1,-1,7
37797583,18,0,-1,-1,6
37796143,8,7,-1,-1,4
37798892,14,13,-1,-1,5
37799066,25,19,-1,-1,7
37798425,40,17,-1,-1,7
37797370,19,25,-1,-1,1
37800739,11,36,-1,-1,2
37802289,52,19,-1,-1,1
37801532,4,31,-1,-1,2
37795280,12,45,-1,-1,3
37791359,39,18,-1,-1,2
37799853,0,26,-1,-1,4
37792162,30,14,-1,-1,3
37796009,3,31,-1,-1,1
37802080,21,24,-1,-1,3
37795492,29,52,-1,-1,0
37798952,46,38,-1,-1,5
37800720,8,3,-1,-1,7
37801051,51,22,-1,-1,0
37800071,48,17,-1,-1,2
37799630,22,46,-1,-1,6
37802255,34,41,-1,-1,4
37801735,33,17,-1,-1,6
37793367,39,17,-1,-1,4
37800624,57,55,-1,-1,7
37797279,43,37,-1,-1,2
37801500,38,52,-1,-1,1
37796729,14,44,-1,-1,7
37801538,38,32,-1,-1,4
37798141,41,8,-1,-1,3
37785322,22,4,-1,-1,6
37795727,18,12,-1,-1,2
37801457,4,48,-1,-1,7
37800380,23,8,-1,-1,4
37796219,30,10,-1,-1,2
37792607,32,29,-1,-1,3
37801839,12,7,-1,-1,0
37796655,10,43,-1,-1,7
37799599,4,23,-1,-1,1
37802209,22,47,-1,-1,6
37800929,39,44,-1,-1,7
37798751,22,11,-1,-1,3
37797658,22,24,-1,-1,3
37795719,11,57,-1,-1,5
37800620,21,44,-1,-1,3
37800672,0,17,-1,-1,2
37796226,28,16,-1,-1,7
37800056,53,32,-1,-1,1
37802280,37,42,-1,-1,5
37800465,14,30,-1,-1,6
37795966,27,14,-1,-1,3
37799113,29,34,-1,-1,6
37782961,36,9,-1,-1,7
37801394,22,18,-1,-1,0
37797539,39,14,-1,-1,2
37799030,10,19,-1,-1,4
37799179,6,8,-1,-1,2
37801852,25,55,-1,-1,7
37802022,26,7,-1,-1,5
37801112,26,48,-1,-1,5
37791738,43,58,-1,-1,7
37799345,34,47,-1,-1,6
37801790,45,46,-1,-1,4
37801283,23,45,-1,-1,7
37801940,24,43,-1,-1,7
37801265,42,48,-1,-1,7
37801607,44,25,-1,-1,2
37798723,42,18,-1,-1,5
37799736,51,9,-1,-1,0
37798555,2,47,-1,-1,2
37802407,52,3,-1,-1,7
37800093,44,21,-1,-1,6
37798096,10,10,-1,-1,2
37800975,6,50,-1,-1,0
37801985,49,24,-1,-1,2
37802367,57,21,-1,-1,1
37796575,10,4,-1,-1,4
37798472,10,12,-1,-1,0
37790336,12,50,-1,-1,4
37797867,16,32,-1,-1,4
37801485,38,41,-1,-1,5
37798871,39,39,-1,-1,7
37801993,47,46,-1,-1,4
37785596,15,37,-1,-1,6
37800007,47,16,-1,-1,7
37798707,20,13,-1,-1,4
37799176,56,12,-1,-1,4
37801447,4,45,-1,-1,2
37795520,30,27,-1,-1,3
37802007,38,58,-1,-1,2
37800070,39,47,-1,-1,1
37800744,5,51,-1,-1,7
37801639,26,51,-1,-1,4
37799448,10,48,-1,-1,5
37801840,28,43,-1,-1,2
37797308,50,31,-1,-1,3
37799123,28,28,-1,-1,5
37801736,13,56,-1,-1,2
37800099,25,27,-1,-1,6
37797031,57,34,-1,-1,3
37799665,10,25,-1,-1,5
37799259,3,12,-1,-1,2
37802233,6,37,-1,-1,7
37786995,0,14,-1,-1,0
37797778,54,5,-1,-1,3
37800921,23,3,-1,-1,7
37797225,29,8,-1,-1,4
37799278,24,7,-1,-1,1
37799503,26,39,-1,-1,1
37795607,11,53,-1,-1,3
37801062,54,6,-1,-1,0
37798946,8,41,-1,-1,1
37798622,52,45,-1,-1,1
37798517,42,17,-1,-1,4
37795089,10,27,-1,-1,6
37795051,24,44,-1,-1,5
37801662,38,6,-1,-1,5
37799119,54,45,-1,-1,3
37802369,0,29,-1,-1,1
37800483,50,26,-1,-1,4
37801495,38,48,-1,-1,3
37802279,51,12,-1,-1,2
37801908,23,16,-1,-1,1
37799341,12,6,-1,-1,0
37801239,36,12,-1,-1,3
37801595,31,1,-1,-1,4
37801714,43,51,-1,-1,1
37798761,0,46,-1,-1,4
37791283,2,49,-1,-1,5
37799534,25,16,-1,-1,6
37794872,7,28,-1,-1,2
37800993,40,29,-1,-1,2
37801804,42,12,-1,-1,1
37801273,25,49,-1,-1,0
37802098,23,26,-1,-1,7
37797882,18,23,-1,-1,5
37800413,37,28,-1,-1,6
37795914,38,2,-1,-1,1
37790649,17,4,-1,-1,3
37802352,44,31,-1,-1,7
37797544,17,46,-1,-1,6
37796266,35,18,-1,-1,1
37802239,39,31,-1,-1,6
37799454,5,15,-1,-1,4
37801884,4,26,-1,-1,1
37801640,47,37,-1,-1,3
37801015,30,54,-1,-1,2
37802100,34,43,-1,-1,3
37801546,43,8,-1,-1,6
37799781,47,5,-1,-1,4
37802139,15,48,-1,-1,3
37800163,28,37,-1,-1,1
37799636,10,32,-1,-1,2
37800001,9,37,-1,-1,7
37799562,37,22,-1,-1,3
37801754,58,0,-1,-1,5
37801782,26,8,-1,-1,5
37798223,7,25,-1,-1,4
37800364,5,53,-1,-1,6
37800121,35,37,-1,-1,0
37794741,16,4,-1,-1,0
37799103,56,1,-1,-1,5
37801946,40,45,-1,-1,1
37800448,58,44,-1,-1,0
37800774,53,37,-1,-1,3
37795909,9,23,-1,-1,4
37795711,13,23,-1,-1,6
37800141,45,26,-1,-1,7
37792183,1,10,-1,-1,6
37799842,25,21,-1,-1,2
37800775,8,57,-1,-1,2
37800558,17,53,-1,-1,1
37797826,13,50,-1,-1,0
37800955,3,22,-1,-1,4
37800728,27,4,-1,-1,2
37800332,47,6,-1,-1,7
37800927,47,51,-1,-1,0
37799319,18,2,-1,-1,0
37788678,32,27,-1,-1,4
37801791,11,39,-1,-1,1
37802245,48,18,-1,-1,4
37801475,15,23,-1,-1,2
37799484,31,55,-1,-1,7
37800218,56,22,-1,-1,2
37798683,10,0,-1,-1,5
37800242,4,6,-1,-1,7
37794433,15,35,-1,-1,7
37802015,24,27,-1,-1,5
37792647,8,29,-1,-1,2
37800569,30,55,-1,-1,6
37796615,0,8,-1,-1,3
37800115,34,55,-1,-1,4
37799412,14,38,-1,-1,4
37801762,4,15,-1,-1,4
37799418,21,0,-1,-1,2
37802000,1,7,-1,-1,6
37793427,34,29,-1,-1,0
37799780,56,46,-1,-1,0
37796982,49,54,-1,-1,6
37801146,22,5,-1,-1,3
37801684,58,23,-1,-1,4
37802315,24,48,-1,-1,7
37800154,37,34,-1,-1,5
37800641,45,44,-1,-1,5
37801156,28,46,-1,-1,6
37794145,41,55,-1,-1,2
37800075,48,34,-1,-1,2
37799938,44,35,-1,-1,4
37796356,12,43,-1,-1,5
37800475,53,25,-1,-1,6
37800411,16,49,-1,-1,3
37797739,36,51,-1,-1,1
37800188,46,51,-1,-1,3
37799809,31,38,-1,-1,2
37798710,19,32,-1,-1,1
37799692,24,46,-1,-1,6
37801698,44,28,-1,-1,5
37802092,1,4,-1,-1,3
37796746,13,15,-1,-1,7
37796237,32,50,-1,-1,4
37801780,7,58,-1,-1,0
37802089,23,4,-1,-1,2
37786780,1,11,-1,-1,7
37801877,36,44,-1,-1,3
37801170,30,51,-1,-1,7
37796313,52,12,-1,-1,7
37800276,3,57,-1,-1,1
37801648,1,53,-1,-1,1
37794549,53,46,-1,-1,6
37800058,16,12,-1,-1,4
37793777,36,17,-1,-1,2
37785096,31,8,-1,-1,5
37801599,47,29,-1,-1,2
37793670,20,17,-1,-1,0
37799533,6,10,-1,-1,6
37802190,8,38,-1,-1,5
37801699,25,44,-1,-1,7
37798587,18,14,-1,-1,4
37801162,31,18,-1,-1,4
37800554,43,12,-1,-1,2
37783606,1,2,-1,-1,6
37800129,55,37,-1,-1,0
37798134,53,19,-1,-1,5
37796062,53,14,-1,-1,4
37796644,40,50,-1,-1,3
37801645,16,53,-1,-1,2
37801073,24,21,-1,-1,3
37801771,17,47,-1,-1,0
37798118,42,0,-1,-1,3
37799026,32,41,-1,-1,0
37801697,55,57,-1,-1,7
37800642,2,7,-1,-1,5
37802309,27,50,-1,-1,1
37801147,45,4,-1,-1,5
37801508,6,20,-1,-1,7
37801288,42,41,-1,-1,6
37802362,29,31,-1,-1,5
37798923,23,11,-1,-1,1
37798791,1,43,-1,-1,0
37799023,15,0,-1,-1,6
37795689,20,7,-1,-1,3
37796660,13,38,-1,-1,5
37800850,30,49,-1,-1,3
37800637,16,38,-1,-1,6
37795857,35,13,-1,-1,0
37799280,20,30,-1,-1,1
37795294,32,8,-1,-1,0
37798091,24,41,-1,-1,5
37802054,31,47,-1,-1,6
37793059,10,2,-1,-1,1
37802140,1,0,-1,-1,5
37799828,33,34,-1,-1,4
37801300,21,43,-1,-1,5
37802417,57,52,-1,-1,4
37801848,45,36,-1,-1,2
37799223,28,32,-1,-1,2
37799923,54,24,-1,-1,7
37802402,57,0,-1,-1,5
37797988,48,45,-1,-1,4
37801748,6,34,-1,-1,1
37801118,48,30,-1,-1,4
37782492,2,37,-1,-1,0
37801615,54,14,-1,-1,5
37786466,56,2,-1,-1,3
37800105,4,42,-1,-1,5
37801469,37,54,-1,-1,0
37796170,50,21,-1,-1,7
37801784,48,46,-1,-1,2
37802090,33,55,-1,-1,1
37777787,16,33,-1,-1,2
37801931,49,23,-1,-1,6
37802226,20,52,-1,-1,6
37799616,5,1,-1,-1,5
37802231,16,29,-1,-1,5
37800897,46,4,-1,-1,0
37802379,32,48,-1,-1,2
37800946,17,5,-1,-1,0
37801420,40,53,-1,-1,6
37793328,46,42,-1,-1,4
37800338,48,38,-1,-1,1
37800747,45,56,-1,-1,5
37797240,46,6,-1,-1,6
37799509,26,40,-1,-1,1
37801002,14,7,-1,-1,7
37800925,6,2,-1,-1,1
37797870,45,24,-1,-1,2
37801097,38,44,-1,-1,0
37801580,8,16,-1,-1,7
37796109,49,2,-1,-1,3
37800369,47,45,-1,-1,2
37797344,8,11,-1,-1,0
37800306,3,33,-1,-1,3
37800685,11,37,-1,-1,7
37801426,14,5,-1,-1,1
37789402,16,21,-1,-1,2
37801869,46,29,-1,-1,0
37801745,26,23,-1,-1,2
37800650,5,54,-1,-1,7
37796696,48,9,-1,-1,6
37798313,27,16,-1,-1,0
37800977,37,46,-1,-1,2
37800631,5,58,-1,-1,2
37801895,48,28,-1,-1,1
37801217,11,14,-1,-1,5
37801245,11,52,-1,-1,4
37800282,11,58,-1,-1,7
37799978,17,43,-1,-1,5
37801876,17,32,-1,-1,3
37802267,3,29,-1,-1,7
37802083,36,37,-1,-1,0
37799527,14,4,-1,-1,5
37800931,57,42,-1,-1,7
37797944,42,31,-1,-1,1
37799925,56,51,-1,-1,4
37795472,35,21,-1,-1,5
37794064,57,19,-1,-1,2
37794447,15,7,-1,-1,4
37800463,49,58,-1,-1,2
37802338,17,39,-1,-1,7
37802154,21,35,-1,-1,3
37800960,11,56,-1,-1,6
37794986,14,17,-1,-1,2
37801433,47,44,-1,-1,0
37798619,37,3,-1,-1,4
37801338,47,35,-1,-1,1
37802158,40,58,-1,-1,2
37800562,33,29,-1,-1,6
37800606,23,47,-1,-1,2
37796082,8,47,-1,-1,5
37790381,51,53,-1,-1,6
37799539,25,7,-1,-1,4
37800836,17,50,-1,-1,0
37795511,19,57,-1,-1,5
37796923,27,32,-1,-1,7
37795301,52,52,-1,-1,7
37801297,27,11,-1,-1,2
37797059,21,36,-1,-1,6
37801752,52,15,-1,-1,6
37801922,26,34,-1,-1,1
37799367,33,21,-1,-1,4
37801411,35,52,-1,-1,4
37801333,39,30,-1,-1,4
37799672,40,35,-1,-1,1
37797714,14,22,-1,-1,2
37796167,3,53,-1,-1,1
37786073,49,7,-1,-1,7
37801535,10,5,-1,-1,0
37799791,2,35,-1,-1,2
37793443,9,54,-1,-1,6
37798020,37,39,-1,-1,7
37802308,42,25,-1,-1,2
37800371,11,32,-1,-1,1
37802262,57,3,-1,-1,4
37802313,54,44,-1,-1,4
37793719,29,19,-1,-1,5
37795499,31,25,-1,-1,4
37800506,38,15,-1,-1,1
37800932,28,45,-1,-1,5
37788006,17,6,-1,-1,2
37801841,33,27,-1,-1,0
37796184,56,50,-1,-1,6
37798758,4,17,-1,-1,6
37799859,26,22,-1,-1,4
37800798,49,25,-1,-1,4
37798252,8,19,-1,-1,4
37801431,23,27,-1,-1,7
37802132,46,22,-1,-1,6
37799478,45,40,-1,-1,2
37800818,8,34,-1,-1,0
37798854,8,49,-1,-1,5
37798187,15,5,-1,-1,5
37794732,20,21,-1,-1,2
37797886,13,45,-1,-1,4
37793820,17,58,-1,-1,6
37801174,34,53,-1,-1,0
37801390,7,50,-1,-1,1
37798104,23,21,-1,-1,7
37801478,8,6,-1,-1,2
37802342,56,42,-1,-1,5
37802009,14,40,-1,-1,5
37801377,0,51,-1,-1,4
37800428,43,3,-1,-1,6
37795320,6,38,-1,-1,3
37796404,54,8,-1,-1,7
37800429,10,17,-1,-1,3
37800362,10,29,-1,-1,4
37791434,32,4,-1,-1,5
37794745,58,55,-1,-1,4
37796837,58,2,-1,-1,5
37800797,44,12,-1,-1,0
37800524,36,10,-1,-1,3
37801437,16,7,-1,-1,4
37800612,5,40,-1,-1,3
37800151,25,56,-1,-1,6
37801838,45,14,-1,-1,4
37801693,26,45,-1,-1,2
37802053,33,46,-1,-1,6
37802001,43,13,-1,-1,6
37801235,54,22,-1,-1,6
37802133,28,18,-1,-1,0
37800035,38,28,-1,-1,6
37801255,34,56,-1,-1,2
37787686,25,29,-1,-1,4
37801643,0,13,-1,-1,4
37798169,28,27,-1,-1,2
37800799,2,58,-1,-1,7
37791308,4,47,-1,-1,4
37798763,53,34,-1,-1,3
37800409,32,47,-1,-1,0
37796308,9,40,-1,-1,3
37801524,27,53,-1,-1,2
37801671,35,15,-1,-1,3
37799417,56,4,-1,-1,0
37798783,44,51,-1,-1,1
37802039,25,28,-1,-1,6
37801110,19,29,-1,-1,3
37796353,35,9,-1,-1,7
37801792,14,34,-1,-1,3
37793997,55,13,-1,-1,5
37798495,4,24,-1,-1,1
37792769,26,57,-1,-1,5
37801272,31,28,-1,-1,7
37796695,7,21,-1,-1,7
37798895,12,35,-1,-1,4
37799479,51,11,-1,-1,3
37794916,4,36,-1,-1,5
37801982,0,39,-1,-1,0
37801875,12,38,-1,-1,3
37798400,2,51,-1,-1,5
37798475,53,12,-1,-1,2
37801085,15,3,-1,-1,5
37801602,11,11,-1,-1,2
37798856,46,44,-1,-1,6
37802115,40,44,-1,-1,2
37800906,41,5,-1,-1,7
37800849,56,30,-1,-1,5
37801445,46,0,-1,-1,2
37802253,5,6,-1,-1,3
37797389,3,39,-1,-1,7
37800459,23,1,-1,-1,3
37801601,12,31,-1,-1,0
37801537,38,29,-1,-1,4
37797592,41,4,-1,-1,1
37793314,6,44,-1,-1,1
37801874,13,44,-1,-1,7
37798045,19,34,-1,-1,6
37793912,52,5,-1,-1,2
37791663,0,57,-1,-1,4
37802126,9,17,-1,-1,2
37800987,9,2,-1,-1,0
37799518,58,50,-1,-1,4
37802332,17,38,-1,-1,2
37801280,55,5,-1,-1,0
37801145,53,50,-1,-1,3
37802270,30,40,-1,-1,6
37795751,5,23,-1,-1,5
37801107,20,42,-1,-1,4
37801410,48,25,-1,-1,7
37800361,48,32,-1,-1,5
37794383,52,27,-1,-1,1
37801910,3,1,-1,-1,6
37799466,9,0,-1,-1,6
37796784,24,16,-1,-1,1
37798306,57,43,-1,-1,4
37789999,31,11,-1,-1,6
37802312,14,14,-1,-1,3
37795934,7,26,-1,-1,7
37800862,49,44,-1,-1,4
37797806,48,13,-1,-1,6
37802400,11,42,-1,-1,4
37799075,43,26,-1,-1,5
37796912,12,2,-1,-1,6
37802248,58,17,-1,-1,4
37799656,38,45,-1,-1,2
37800447,44,20,-1,-1,3
37800192,43,34,-1,-1,1
37796983,45,47,-1,-1,2
37801298,14,42,-1,-1,2
37801675,16,37,-1,-1,0
37794472,48,42,-1,-1,1
37799731,33,53,-1,-1,1
37800959,56,16,-1,-1,2
37801854,42,9,-1,-1,4
37801059,15,16,-1,-1,6
37800189,27,31,-1,-1,5
37795238,29,6,-1,-1,7
37801858,11,45,-1,-1,6
37800341,3,37,-1,-1,1
37801271,19,20,-1,-1,2
37796050,36,43,-1,-1,3
37798567,13,30,-1,-1,2
37789517,10,22,-1,-1,5
37799429,43,7,-1,-1,3
37800573,12,32,-1,-1,2
37801274,14,53,-1,-1,4
37801769,1,9,-1,-1,5
37801744,43,38,-1,-1,0
37799240,58,16,-1,-1,0
37802227,38,18,-1,-1,7
37801207,36,18,-1,-1,3
37801968,14,47,-1,-1,3
37797853,16,27,-1,-1,2
37793028,3,34,-1,-1,0
37801149,16,22,-1,-1,7
37797698,49,12,-1,-1,2
37800414,27,9,-1,-1,7
37797672,32,23,-1,-1,7
37800381,41,39,-1,-1,3
37799328,31,19,-1,-1,0
37801148,44,2,-1,-1,3
37802236,22,51,-1,-1,3
37801314,49,29,-1,-1,1
37801873,19,10,-1,-1,3
37798236,56,54,-1,-1,7
37796932,15,4,-1,-1,5
37802219,1,18,-1,-1,5
37801242,14,19,-1,-1,4
37794970,27,41,-1,-1,3
37801624,11,23,-1,-1,0
37800240,24,34,-1,-1,0
37800331,1,13,-1,-1,6
37801351,35,48,-1,-1,3
37801583,33,35,-1,-1,1
37795478,21,12,-1,-1,7
37794250,57,9,-1,-1,3
37800827,22,56,-1,-1,1
37800003,13,10,-1,-1,1
37794684,16,15,-1,-1,6
37802319,47,26,-1,-1,0
37802355,57,11,-1,-1,4
37797415,58,21,-1,-1,5
37795455,57,45,-1,-1,3
37798367,5,48,-1,-1,3
37800538,7,40,-1,-1,7
37798098,15,47,-1,-1,3
37800748,18,22,-1,-1,0
37802323,23,50,-1,-1,3
37794138,58,12,-1,-1,0
37802102,45,27,-1,-1,2
37794344,11,33,-1,-1,4
37799406,21,16,-1,-1,3
37795162,44,55,-1,-1,4
37799848,46,14,-1,-1,4
37800343,15,25,-1,-1,2
37801321,29,44,-1,-1,2
37800822,56,17,-1,-1,2
37798742,10,34,-1,-1,0
37792048,33,15,-1,-1,7
37802396,9,36,-1,-1,3
37800439,17,2,-1,-1,3
37801379,55,17,-1,-1,5
37799365,27,35,-1,-1,7
37801076,51,47,-1,-1,1
37801414,20,19,-1,-1,1
37793603,16,17,-1,-1,7
37796282,36,27,-1,-1,2
37798422,51,49,-1,-1,4
37801549,16,39,-1,-1,5
37799865,33,58,-1,-1,1
37799714,58,1,-1,-1,4
37801068,8,46,-1,-1,4
37801226,40,9,-1,-1,7
37798361,36,28,-1,-1,1
37788767,30,41,-1,-1,2
37797396,11,26,-1,-1,7
37801682,57,51,-1,-1,0
37800392,35,41,-1,-1,0
37798376,31,43,-1,-1,4
37794678,4,5,-1,-1,1
37791210,0,28,-1,-1,0
37785757,26,4,-1,-1,1
37796471,13,41,-1,-1,5
37801151,25,52,-1,-1,5
37800711,7,18,-1,-1,1
37799777,57,23,-1,-1,7
37796869,8,18,-1,-1,0
37802394,42,53,-1,-1,4
37800613,53,33,-1,-1,7
37798891,30,30,-1,-1,1
37793747,29,5,-1,-1,4
37798532,23,49,-1,-1,4
37802072,47,2,-1,-1,3
37797295,3,4,-1,-1,3
37784755,53,52,-1,-1,3
37800481,12,53,-1,-1,0
37795158,17,28,-1,-1,3
37795791,44,46,-1,-1,2
37799142,47,39,-1,-1,0
37792629,2,21,-1,-1,4
37799160,56,47,-1,-1,0
37798143,14,23,-1,-1,6
37801981,18,47,-1,-1,5
37802033,33,47,-1,-1,6
37796693,5,44,-1,-1,6
37797525,0,32,-1,-1,4
37797045,39,22,-1,-1,5
37791067,32,3,-1,-1,5
37799918,26,55,-1,-1,4
37795412,4,37,-1,-1,4
37802145,43,39,-1,-1,1
37799452,55,33,-1,-1,6
37801522,22,45,-1,-1,3
37801397,6,45,-1,-1,0
37802082,48,26,-1,-1,1
37799873,3,9,-1,-1,4
37800893,43,56,-1,-1,6
37793311,27,26,-1,-1,6
37802302,12,1,-1,-1,5
37800254,18,38,-1,-1,7
37798154,17,49,-1,-1,6
37801361,40,19,-1,-1,1
37802299,1,14,-1,-1,3
37800751,33,14,-1,-1,0
37798835,10,11,-1,-1,6
37799551,50,25,-1,-1,6
37800167,34,12,-1,-1,3
37794322,32,21,-1,-1,7
37800310,45,45,-1,-1,5
37801738,33,7,-1,-1,5
37801382,54,19,-1,-1,4
37799451,8,30,-1,-1,3
37800664,46,57,-1,-1,0
37790642,16,58,-1,-1,6
37801063,12,44,-1,-1,3
37802105,14,8,-1,-1,1
37799663,13,19,-1,-1,7
37802305,45,31,-1,-1,6
37798934,32,17,-1,-1,3
37800457,51,31,-1,-1,7
37795309,29,29,-1,-1,0
37800024,16,28,-1,-1,1
37801896,25,57,-1,-1,0
37801497,42,1,-1,-1,0
37788092,56,58,-1,-1,6
37801109,15,39,-1,-1,6
37800760,5,21,-1,-1,6
37802143,7,36,-1,-1,4
37802275,40,11,-1,-1,7
37802221,49,4,-1,-1,4
37798581,15,40,-1,-1,0
37790481,17,42,-1,-1,2
37801892,6,46,-1,-1,6
37801887,30,37,-1,-1,4
37802265,58,4,-1,-1,4
37801926,0,9,-1,-1,0
37796778,2,32,-1,-1,7
37797234,55,30,-1,-1,3
37801340,47,22,-1,-1,4
37799519,5,7,-1,-1,2
37793785,10,45,-1,-1,2
37801723,24,29,-1,-1,1
37800327,12,22,-1,-1,0
37798265,34,49,-1,-1,0
37800166,21,57,-1,-1,0
37799099,49,47,-1,-1,3
37798044,27,10,-1,-1,4
37801458,19,11,-1,-1,7
37801825,52,43,-1,-1,5
37791184,52,29,-1,-1,1
37793228,28,30,-1,-1,7
37800863,43,32,-1,-1,6
37793749,13,54,-1,-1,1
37797336,48,23,-1,-1,0
37799894,19,47,-1,-1,1
37797100,31,0,-1,-1,6
37800918,46,13,-1,-1,7
37800138,4,38,-1,-1,5
37799293,58,6,-1,-1,4
37796624,40,40,-1,-1,1
37797807,12,42,-1,-1,6
37799569,44,56,-1,-1,1
37802335,53,23,-1,-1,4
37798166,10,39,-1,-1,1
37799056,50,24,-1,-1,2
37801817,33,25,-1,-1,1
37802303,21,39,-1,-1,0
37796434,31,14,-1,-1,1
37795281,50,38,-1,-1,4
37801834,30,9,-1,-1,5
37801044,49,1,-1,-1,5
37797419,52,8,-1,-1,0
37799180,22,58,-1,-1,2
37797282,31,41,-1,-1,4
37797276,23,23,-1,-1,3
37800399,20,9,-1,-1,1
37800419,47,13,-1,-1,0
37801190,43,1,-1,-1,4
37799644,24,3,-1,-1,3
37798272,20,6,-1,-1,6
37801090,29,49,-1,-1,0
37800802,11,31,-1,-1,6
37794588,55,8,-1,-1,2
37788585,3,6,-1,-1,4
37799668,4,12,-1,-1,4
37800025,55,23,-1,-1,4
37800980,24,42,-1,-1,0
37802408,15,13,-1,-1,3
37801677,4,7,-1,-1,3
37800130,58,19,-1,-1,4
37801184,37,51,-1,-1,5
37794312,53,36,-1,-1,4
37799242,12,10,-1,-1,3
37801424,28,10,-1,-1,3
37794091,31,7,-1,-1,0
37801665,8,5,-1,-1,3
37801814,25,23,-1,-1,4
37800674,58,43,-1,-1,7
37801127,46,46,-1,-1,0
37793007,36,4,-1,-1,2
37794936,15,10,-1,-1,5
37800753,46,50,-1,-1,6
37798872,7,43,-1,-1,1
37795414,29,10,-1,-1,3
37789560,18,56,-1,-1,2
37801641,1,23,-1,-1,3
37799605,34,21,-1,-1,1
37800421,37,43,-1,-1,0
37800308,0,40,-1,-1,1
37800570,26,46,-1,-1,7
37801143,6,32,-1,-1,0
37795480,19,6,-1,-1,7
37801644,7,53,-1,-1,1
37799856,15,49,-1,-1,3
37794841,3,19,-1,-1,1
37800543,4,14,-1,-1,5
37801285,7,12,-1,-1,0
37798965,19,8,-1,-1,6
37801365,3,41,-1,-1,1
37798362,8,50,-1,-1,4
37799696,19,3,-1,-1,0
37798735,52,41,-1,-1,7
37796214,38,14,-1,-1,4
37785834,50,7,-1,-1,2
37798726,31,46,-1,-1,4
37798855,35,17,-1,-1,7
37801586,19,37,-1,-1,3
37798633,13,48,-1,-1,5
37798090,30,11,-1,-1,0
37801719,37,9,-1,-1,2
37802399,18,55,-1,-1,4
37801334,31,53,-1,-1,3
37797982,37,2,-1,-1,3
37787404,16,16,-1,-1,3
37801696,22,10,-1,-1,7
37789295,47,15,-1,-1,2
37793849,9,41,-1,-1,2
37801228,43,5,-1,-1,1
37802344,57,37,-1,-1,3
37801864,57,47,-1,-1,2
37796890,30,17,-1,-1,7
37799353,35,2,-1,-1,5
37800556,33,13,-1,-1,7
37792377,5,55,-1,-1,6
37800783,34,14,-1,-1,4
37802055,34,5,-1,-1,2
37795295,49,10,-1,-1,6
37801418,33,39,-1,-1,7
37798250,40,54,-1,-1,0
37801180,29,7,-1,-1,6
37801920,31,30,-1,-1,0
37801608,0,4,-1,-1,4
37800575,49,13,-1,-1,6
37793044,56,3,-1,-1,7
37798311,11,19,-1,-1,7
37796180,33,6,-1,-1,2
37800179,39,54,-1,-1,7
37800239,27,47,-1,-1,4
37796271,39,11,-1,-1,5
37801392,24,10,-1,-1,5
37795170,50,58,-1,-1,2
37801194,21,40,-1,-1,3
37800107,52,31,-1,-1,5
37801885,28,13,-1,-1,3
37797269,25,8,-1,-1,4
37798747,9,33,-1,-1,6
37801988,6,13,-1,-1,0
37800456,21,32,-1,-1,7
37788100,8,26,-1,-1,0
37799905,1,28,-1,-1,2
37799400,28,14,-1,-1,0
37800085,2,24,-1,-1,2
37800717,1,57,-1,-1,4
37799332,20,29,-1,-1,3
37800545,33,28,-1,-1,2
37797723,56,32,-1,-1,2
37801119,10,49,-1,-1,4
37799202,48,53,-1,-1,4
37801713,27,40,-1,-1,5
37800668,16,10,-1,-1,3
37802217,20,49,-1,-1,6
37794441,51,7,-1,-1,6
37800283,12,14,-1,-1,3
37800264,21,19,-1,-1,3
37797532,48,49,-1,-1,0
37800940,41,24,-1,-1,3
37798805,55,48,-1,-1,7
37796545,16,23,-1,-1,2
37800636,55,41,-1,-1,4
37799970,58,22,-1,-1,0
37798102,20,1,-1,-1,0
37798827,5,9,-1,-1,1
37801182,58,25,-1,-1,4
37798018,56,41,-1,-1,1
37799067,22,36,-1,-1,0
37802147,37,6,-1,-1,7
37801868,30,35,-1,-1,6
37801237,14,36,-1,-1,4
37791330,3,8,-1,-1,3
37800793,4,41,-1,-1,5
37799012,26,49,-1,-1,4
37797468,11,15,-1,-1,6
37800667,32,12,-1,-1,0
37802195,57,50,-1,-1,5
37798729,15,20,-1,-1,7
37798914,27,55,-1,-1,3
37801505,11,17,-1,-1,0
37801681,20,35,-1,-1,2
37802183,17,26,-1,-1,6
37801509,18,43,-1,-1,3
37798149,27,42,-1,-1,5
37795419,22,17,-1,-1,5
37802135,26,30,-1,-1,0
37797520,20,23,-1,-1,4
37802321,33,20,-1,-1,7
37801189,18,41,-1,-1,3
37792857,5,29,-1,-1,1
37799852,11,28,-1,-1,0
37800699,36,47,-1,-1,0
37795874,5,2,-1,-1,5
37799402,55,12,-1,-1,4
37801886,20,50,-1,-1,3
37801658,29,17,-1,-1,5
37799460,2,5,-1,-1,5
37796768,58,18,-1,-1,4
37794825,34,27,-1,-1,3
37797960,22,42,-1,-1,6
37795323,5,41,-1,-1,6
37802317,51,28,-1,-1,0
37802153,56,6,-1,-1,4
37800619,45,22,-1,-1,3
37797515,45,9,-1,-1,1
37801471,50,40,-1,-1,3
37794133,36,35,-1,-1,1
37800853,6,41,-1,-1,4
37800821,43,4,-1,-1,1
37800293,2,19,-1,-1,3
37799292,30,24,-1,-1,0
37796278,41,12,-1,-1,0
37794039,42,42,-1,-1,4
37799981,5,17,-1,-1,1
37802378,19,35,-1,-1,2
37791952,23,24,-1,-1,6
37793770,19,4,-1,-1,0
37801098,18,45,-1,-1,3
37796100,21,3,-1,-1,2
37801548,0,41,-1,-1,2
37802235,55,3,-1,-1,1
37801463,11,55,-1,-1,0
37800200,30,7,-1,-1,2
37796649,10,20,-1,-1,1
37801974,0,2,-1,-1,4
37801366,14,21,-1,-1,1
37800495,46,47,-1,-1,0
37801407,41,25,-1,-1,6
37799545,3,13,-1,-1,0
37799419,32,0,-1,-1,3
37800889,18,49,-1,-1,3
37801846,1,41,-1,-1,3
37799326,49,5,-1,-1,1
37798812,38,24,-1,-1,7
37790966,0,35,-1,-1,4
37792831,48,41,-1,-1,3
37797917,49,45,-1,-1,0
37800109,38,21,-1,-1,4
37799385,28,21,-1,-1,3
37800754,58,7,-1,-1,6
37800289,43,22,-1,-1,5
37801266,18,46,-1,-1,4
37792762,23,29,-1,-1,2
37800965,52,11,-1,-1,3
37796712,33,9,-1,-1,3
37799222,29,11,-1,-1,5
37796989,51,8,-1,-1,6
37797221,18,11,-1,-1,5
37801775,1,22,-1,-1,6
37793706,35,26,-1,-1,3
37800262,22,23,-1,-1,7
37802164,29,1,-1,-1,7
37801955,51,32,-1,-1,2
37795360,20,36,-1,-1,1
37797817,40,10,-1,-1,6
37800626,1,39,-1,-1,4
37800220,35,50,-1,-1,4
37802388,0,19,-1,-1,4
37799986,44,16,-1,-1,5
37796906,11,9,-1,-1,0
37795792,6,15,-1,-1,1
37798035,21,55,-1,-1,7
37800676,40,27,-1,-1,0
37795237,54,0,-1,-1,3
37800770,0,11,-1,-1,1
37798193,44,45,-1,-1,4
37802155,45,32,-1,-1,4
37802393,50,53,-1,-1,1
37798013,35,54,-1,-1,0
37794190,54,27,-1,-1,7
37793591,31,2,-1,-1,3
37796507,51,2,-1,-1,0
37801859,41,54,-1,-1,0
37795605,9,57,-1,-1,2
37800375,36,41,-1,-1,6
37800336,32,45,-1,-1,6
37796647,38,12,-1,-1,5
37780454,55,36,-1,-1,6
37800994,34,4,-1,-1,2
37800178,39,52,-1,-1,1
37791914,58,20,-1,-1,4
37795592,29,13,-1,-1,5
37782953,4,3,-1,-1,1
37793736,27,18,-1,-1,1
37794957,24,56,-1,-1,5
37798081,19,56,-1,-1,3
37795146,6,55,-1,-1,2
37800471,46,43,-1,-1,7
37801729,15,21,-1,-1,4
37799285,54,50,-1,-1,2
37801914,50,11,-1,-1,0
37800104,5,3,-1,-1,4
37801970,14,32,-1,-1,2
37796570,33,54,-1,-1,1
37802202,40,43,-1,-1,0
37800092,42,22,-1,-1,0
37792329,18,28,-1,-1,4
37801865,8,33,-1,-1,5
37802365,42,29,-1,-1,7
37796506,8,1,-1,-1,0
37797939,23,57,-1,-1,5
37799520,38,30,-1,-1,0
37800215,40,5,-1,-1,5
37801701,16,3,-1,-1,5
37797228,45,20,-1,-1,3
37799006,58,14,-1,-1,5
37787511,12,51,-1,-1,4
37800243,45,25,-1,-1,7
37801928,16,36,-1,-1,2
37799372,43,11,-1,-1,6
37797717,28,2,-1,-1,2
37802184,13,1,-1,-1,5
37799638,40,56,-1,-1,4
37800832,19,41,-1,-1,0
37798106,30,15,-1,-1,0
37801656,55,18,-1,-1,4
37800365,23,10,-1,-1,1
37801870,25,50,-1,-1,4
37800560,44,15,-1,-1,3
37801598,18,44,-1,-1,5
37802058,1,20,-1,-1,5
37799291,13,7,-1,-1,0
37799154,56,27,-1,-1,6
37789137,0,50,-1,-1,2
37801138,35,29,-1,-1,3
37800873,24,55,-1,-1,4
37796805,37,7,-1,-1,7
37798696,57,29,-1,-1,7
37801439,12,8,-1,-1,7
37789777,40,4,-1,-1,6
37801647,8,44,-1,-1,7
37801963,46,23,-1,-1,0
37802086,18,36,-1,-1,5
37793476,54,47,-1,-1,3
37801803,19,42,-1,-1,1
37787129,0,45,-1,-1,0
37800263,33,41,-1,-1,2
37797650,20,27,-1,-1,7
37795556,9,46,-1,-1,5
37801078,9,56,-1,-1,0
37799762,26,53,-1,-1,7
37799044,18,4,-1,-1,3
37800920,17,11,-1,-1,2
37801899,9,11,-1,-1,1
37801476,8,24,-1,-1,7
37799439,57,12,-1,-1,2
37793839,57,32,-1,-1,4
37801851,7,15,-1,-1,6
37802230,25,36,-1,-1,7
37800517,41,7,-1,-1,7
37802035,11,49,-1,-1,1
37801746,50,41,-1,-1,1
37799944,32,56,-1,-1,3
37787172,11,2,-1,-1,7
37800159,39,56,-1,-1,4
37801099,21,4,-1,-1,0
37800503,9,29,-1,-1,2
37796503,42,5,-1,-1,4
37800531,20,14,-1,-1,3
37801555,57,10,-1,-1,4
37799561,15,6,-1,-1,3
37793104,10,52,-1,-1,3
37800555,51,33,-1,-1,3
37799403,26,10,-1,-1,7
37797395,58,54,-1,-1,4
37794021,6,25,-1,-1,7
37799327,57,14,-1,-1,5
37800404,34,44,-1,-1,0
37800884,37,25,-1,-1,6
37800357,13,27,-1,-1,7
37790852,57,25,-1,-1,3
37802018,13,12,-1,-1,5
37801163,33,48,-1,-1,4
37798119,57,31,-1,-1,2
37801938,26,6,-1,-1,5
37797713,34,20,-1,-1,3
37802336,41,3,-1,-1,0
37801691,47,31,-1,-1,0
37801512,35,19,-1,-1,0
37796658,58,40,-1,-1,0
37801211,28,24,-1,-1,2
37800275,48,1,-1,-1,0
37801959,25,42,-1,-1,6
37798406,36,0,-1,-1,6
37799386,35,39,-1,-1,1
37799936,58,53,-1,-1,4
37785088,54,3,-1,-1,6
37799550,51,13,-1,-1,5
37802320,8,4,-1,-1,1
37802123,24,57,-1,-1,5
37801725,18,7,-1,-1,7
37800909,20,31,-1,-1,1
37796645,56,14,-1,-1,7
37800410,44,1,-1,-1,0
37794540,19,44,-1,-1,1
37795662,4,21,-1,-1,2
37798117,50,57,-1,-1,6
37797812,34,51,-1,-1,7
37801923,31,27,-1,-1,2
37802013,6,21,-1,-1,4
37800859,56,37,-1,-1,5
37797810,17,55,-1,-1,1
37800324,32,44,-1,-1,4
37796453,12,49,-1,-1,1
37801808,55,51,-1,-1,5
37799068,10,36,-1,-1,2
37797215,7,4,-1,-1,7
37800438,56,21,-1,-1,1
37798650,15,17,-1,-1,5
37802331,37,40,-1,-1,5
37799922,48,20,-1,-1,2
37801575,19,22,-1,-1,0
37798714,45,15,-1,-1,6
37801470,58,57,-1,-1,4
37800684,19,18,-1,-1,5
37795738,2,54,-1,-1,1
37795090,3,35,-1,-1,4
37796322,55,44,-1,-1,1
37799871,18,25,-1,-1,4
37799420,18,19,-1,-1,7
37800868,1,46,-1,-1,2
37798786,14,57,-1,-1,3
37801587,14,51,-1,-1,3
37796832,24,14,-1,-1,2
37789555,58,13,-1,-1,4
37800039,9,16,-1,-1,6
37798271,25,51,-1,-1,7
37796348,5,35,-1,-1,3
37801461,0,43,-1,-1,1
37799707,49,32,-1,-1,3
37801943,55,7,-1,-1,5
37796127,27,6,-1,-1,7
37792485,12,56,-1,-1,1
37800561,45,33,-1,-1,6
37796292,3,5,-1,-1,4
37801632,24,53,-1,-1,6
37799423,12,34,-1,-1,0
37797888,31,24,-1,-1,2
37794208,36,22,-1,-1,1
37800944,34,0,-1,-1,3
37800097,47,54,-1,-1,4
37795442,41,41,-1,-1,6
37799982,20,33,-1,-1,5
37802036,2,31,-1,-1,0
37800710,46,2,-1,-1,7
37799191,18,24,-1,-1,0
37801257,10,18,-1,-1,4
37800491,30,56,-1,-1,2
37800630,58,51,-1,-1,5
37798237,31,31,-1,-1,5
37800677,54,49,-1,-1,7
37790317,7,38,-1,-1,5
37778404,46,7,-1,-1,0
37800848,24,30,-1,-1,1
37795948,13,52,-1,-1,7
37801571,34,31,-1,-1,4
37789816,13,6,-1,-1,6
37799592,4,11,-1,-1,1
37800186,0,42,-1,-1,0
37798610,51,15,-1,-1,6
37801732,52,42,-1,-1,3
37801089,25,47,-1,-1,5
37800881,32,10,-1,-1,0
37801626,36,15,-1,-1,3
37802212,45,17,-1,-1,5
37801000,29,25,-1,-1,0
37794273,46,5,-1,-1,5
37801080,10,28,-1,-1,3
37802064,49,6,-1,-1,1
37795852,50,51,-1,-1,5
37800127,53,27,-1,-1,6
37797015,43,46,-1,-1,0
37800510,13,17,-1,-1,6
37799840,37,30,-1,-1,4
37794662,19,9,-1,-1,0
37798950,30,33,-1,-1,5
37801894,34,30,-1,-1,4
37801517,33,33,-1,-1,4
37799211,49,46,-1,-1,2
37802384,49,18,-1,-1,7
37800326,47,56,-1,-1,1
37799975,20,11,-1,-1,4
37794899,32,58,-1,-1,6
37797162,9,27,-1,-1,0
37801871,40,26,-1,-1,3
37801327,52,51,-1,-1,0
37802189,4,1,-1,-1,2
37802263,45,37,-1,-1,6
37780638,41,30,-1,-1,4
37799051,54,13,-1,-1,5
37794827,1,56,-1,-1,5
37800072,6,53,-1,-1,0
37796094,3,51,-1,-1,4
37800407,7,19,-1,-1,3
37797862,45,10,-1,-1,4
37799626,34,24,-1,-1,7
37801319,22,43,-1,-1,0
37795286,0,15,-1,-1,1
37801413,49,42,-1,-1,1
37802010,57,48,-1,-1,2
37800865,29,30,-1,-1,5
37796759,20,20,-1,-1,6
37790863,23,5,-1,-1,6
37800899,27,19,-1,-1,7
37781293,38,0,-1,-1,3
37799798,27,52,-1,-1,2
37800422,29,32,-1,-1,1
37795465,48,44,-1,-1,3
37800723,50,56,-1,-1,5
37797841,54,11,-1,-1,5
37799705,10,7,-1,-1,4
37802298,25,11,-1,-1,4
37800704,57,49,-1,-1,2
37802104,18,18,-1,-1,0
37801332,55,28,-1,-1,6
37802020,16,48,-1,-1,0
37797216,35,22,-1,-1,1
37801169,5,14,-1,-1,5
37799315,58,27,-1,-1,0
37799651,6,9,-1,-1,2
37797792,56,9,-1,-1,6
37800101,26,25,-1,-1,2
37800656,29,38,-1,-1,5
37801904,32,14,-1,-1,3
37797418,17,7,-1,-1,6
37801770,5,13,-1,-1,0
37799926,34,38,-1,-1,2
37798318,29,41,-1,-1,3
37800879,10,21,-1,-1,1
37791614,18,57,-1,-1,7
37797182,44,44,-1,-1,6
37799956,39,10,-1,-1,7
37799966,46,10,-1,-1,3
37801178,43,35,-1,-1,3
37798431,43,2,-1,-1,6
37799351,15,45,-1,-1,4
37798822,34,15,-1,-1,4
37802277,24,0,-1,-1,6
37797351,44,0,-1,-1,6
37801227,25,1,-1,-1,1
37802017,21,7,-1,-1,3
37798468,35,58,-1,-1,0
37801666,40,51,-1,-1,7
37797518,14,1,-1,-1,7
37801810,22,41,-1,-1,2
37797920,3,43,-1,-1,1
37801343,51,45,-1,-1,6
37798295,3,42,-1,-1,2
37792543,2,45,-1,-1,6
37772088,51,5,-1,-1,1
37802285,15,50,-1,-1,3
37800391,17,51,-1,-1,2
37795500,37,47,-1,-1,4
37795955,10,6,-1,-1,3
37800549,1,52,-1,-1,3
37802180,13,16,-1,-1,6
37800050,14,15,-1,-1,1
37798457,40,47,-1,-1,0
37796881,38,42,-1,-1,1
37799737,12,23,-1,-1,3
37799528,7,20,-1,-1,6
37796625,28,48,-1,-1,7
37799868,37,53,-1,-1,1
37797452,48,52,-1,-1,0
37801530,58,28,-1,-1,4
37801977,51,6,-1,-1,1
37797457,23,20,-1,-1,7
37799688,28,39,-1,-1,6
37794387,48,7,-1,-1,7
37801302,44,11,-1,-1,2
37793587,28,56,-1,-1,1
37798949,17,21,-1,-1,3
37799953,34,34,-1,-1,7
37796022,27,13,-1,-1,6
37794996,56,8,-1,-1,7
37799907,37,31,-1,-1,6
37800939,10,23,-1,-1,6
37798849,12,20,-1,-1,5
37802076,41,33,-1,-1,3
37797259,21,18,-1,-1,5
37801566,17,10,-1,-1,2
37800304,35,25,-1,-1,1
37796391,5,11,-1,-1,0
37802291,21,37,-1,-1,2
37797963,17,45,-1,-1,3
37799057,28,42,-1,-1,3
37802324,12,13,-1,-1,2
37799794,32,7,-1,-1,7
37801370,42,35,-1,-1,4
37796268,17,36,-1,-1,5
37800363,24,20,-1,-1,2
37791034,21,6,-1,-1,1
37801872,47,28,-1,-1,3
37794682,39,8,-1,-1,3
37800817,38,25,-1,-1,2
37799617,36,52,-1,-1,0
37802258,14,9,-1,-1,1
37801209,48,31,-1,-1,2
37801901,9,50,-1,-1,7
37801352,51,35,-1,-1,3
37798977,37,15,-1,-1,0
37799267,30,38,-1,-1,3
37801259,38,13,-1,-1,0
37800742,41,48,-1,-1,4
37798289,45,1,-1,-1,3
37797794,56,11,-1,-1,5
37801578,35,38,-1,-1,0
37801776,58,9,-1,-1,7
37799183,58,48,-1,-1,7
37800205,34,13,-1,-1,1
37799276,27,28,-1,-1,0
37802418,57,5,-1,-1,7
37797576,7,47,-1,-1,5
37802410,50,23,-1,-1,1
37798829,4,54,-1,-1,5
37800253,56,57,-1,-1,7
37801757,50,33,-1,-1,2
37795404,57,28,-1,-1,5
37800500,41,10,-1,-1,0
37791096,30,0,-1,-1,5
37796685,52,1,-1,-1,4
37800627,33,5,-1,-1,6
37802311,33,23,-1,-1,5
37801998,52,38,-1,-1,0
37797078,45,13,-1,-1,2
37796233,58,15,-1,-1,6
37795848,53,6,-1,-1,2
37797928,44,57,-1,-1,1
37799424,9,8,-1,-1,6
37802350,12,28,-1,-1,1
37799447,45,7,-1,-1,2
37802237,13,14,-1,-1,4
37797691,41,1,-1,-1,1
37795761,37,19,-1,-1,1
37799511,44,47,-1,-1,5
37793886,11,5,-1,-1,5
37799621,14,33,-1,-1,6
37801949,5,34,-1,-1,4
37795370,46,56,-1,-1,4
37795270,21,58,-1,-1,2
37797504,23,14,-1,-1,0
37797823,24,4,-1,-1,1
37800819,29,46,-1,-1,3
37802297,34,45,-1,-1,1
37801474,11,54,-1,-1,6
37800274,26,3,-1,-1,6
37801126,3,50,-1,-1,5
37784859,39,58,-1,-1,2
37799752,3,17,-1,-1,3
37802341,23,19,-1,-1,6
37799085,14,2,-1,-1,6
37800515,17,35,-1,-1,7
37801499,37,21,-1,-1,4
37799778,28,20,-1,-1,7
37800334,17,14,-1,-1,5
37798995,6,26,-1,-1,7
37800485,31,42,-1,-1,1
37799734,7,33,-1,-1,1
37800589,13,20,-1,-1,1
37801452,11,41,-1,-1,3
37801592,45,6,-1,-1,5
37797820,51,39,-1,-1,7
37802374,31,35,-1,-1,0
37801581,26,32,-1,-1,2
37794172,40,2,-1,-1,5
37797967,24,37,-1,-1,3
37799963,24,49,-1,-1,6
37796651,20,54,-1,-1,0
37800593,24,35,-1,-1,3
37802261,12,27,-1,-1,7
37800147,13,37,-1,-1,4
37788245,32,20,-1,-1,3
37792503,52,13,-1,-1,1
37798396,2,10,-1,-1,3
37796635,15,2,-1,-1,0
37797718,19,52,-1,-1,5
37790102,30,53,-1,-1,6
37798678,36,57,-1,-1,3
37799787,22,39,-1,-1,5
37800787,12,15,-1,-1,1
37790983,30,50,-1,-1,0
37800249,51,52,-1,-1,2
37801192,49,40,-1,-1,0
37801565,4,10,-1,-1,2
37798155,54,28,-1,-1,3
37798181,24,54,-1,-1,7
37798432,4,46,-1,-1,7
37802172,25,40,-1,-1,5
37800745,10,14,-1,-1,0
37798958,23,0,-1,-1,2
37796962,43,49,-1,-1,0
37799473,45,16,-1,-1,5
37800488,33,51,-1,-1,7
37801853,44,32,-1,-1,1
37788696,55,42,-1,-1,1
37800145,14,43,-1,-1,5
37800896,38,3,-1,-1,0
37797021,32,51,-1,-1,4
37796076,21,2,-1,-1,1
37794509,20,56,-1,-1,4
37801250,51,19,-1,-1,6
37794896,55,16,-1,-1,2
37799824,41,13,-1,-1,5
37801815,15,33,-1,-1,1
37791704,2,28,-1,-1,4
37784410,55,58,-1,-1,7
37802171,49,53,-1,-1,7
37796543,23,6,-1,-1,6
37800149,2,20,-1,-1,1
37802087,33,31,-1,-1,5
37801004,40,31,-1,-1,3
37802109,34,11,-1,-1,7
37799611,13,26,-1,-1,7
37802216,20,40,-1,-1,3
37797843,50,16,-1,-1,5
37801758,11,50,-1,-1,3
37801434,35,40,-1,-1,3
37798826,57,36,-1,-1,4
37798530,27,48,-1,-1,5
37799757,58,41,-1,-1,4
37802339,7,41,-1,-1,0
37801667,20,55,-1,-1,5
37798765,37,24,-1,-1,2
37794606,44,38,-1,-1,2
37801220,27,43,-1,-1,4
37797391,48,55,-1,-1,6
37800318,46,30,-1,-1,1
37800566,1,21,-1,-1,2
37802138,47,41,-1,-1,0
37802375,1,54,-1,-1,6
37801396,38,46,-1,-1,0
37799104,12,46,-1,-1,7
37801293,38,51,-1,-1,4
37802031,10,42,-1,-1,6
37802361,17,34,-1,-1,5
37802401,1,36,-1,-1,1
37798955,11,3,-1,-1,6
37802264,5,4,-1,-1,5
37796584,2,30,-1,-1,2
37795525,53,5,-1,-1,2
37797051,27,49,-1,-1,0
37802069,22,1,-1,-1,1
37800542,37,36,-1,-1,6
37800440,11,0,-1,-1,5
37800354,15,31,-1,-1,7
37800752,17,27,-1,-1,2
37792893,52,40,-1,-1,6
37799839,53,56,-1,-1,0
37798602,33,8,-1,-1,6
37801275,20,47,-1,-1,5
37800738,18,58,-1,-1,0
37799039,14,56,-1,-1,1
37795104,14,50,-1,-1,4
37798638,50,19,-1,-1,0
37797085,20,45,-1,-1,1
37790285,41,14,-1,-1,3
37799588,19,36,-1,-1,7
37796668,21,50,-1,-1,3
37802223,4,43,-1,-1,3
37793953,53,57,-1,-1,3
37797502,22,54,-1,-1,7
37791848,0,37,-1,-1,1
37801252,26,31,-1,-1,7
37790732,5,5,-1,-1,3
37798961,26,26,-1,-1,6
37798197,34,52,-1,-1,7
37800913,35,23,-1,-1,0
37801362,0,23,-1,-1,4
37802043,20,32,-1,-1,2
37799625,19,40,-1,-1,3
37800528,33,4,-1,-1,4
37802152,12,48,-1,-1,1
37799961,36,2,-1,-1,5
37801759,23,25,-1,-1,0
37801101,17,56,-1,-1,6
37800073,19,15,-1,-1,0
37794891,47,52,-1,-1,1
37799567,47,47,-1,-1,0
37800461,14,3,-1,-1,2
37794068,33,26,-1,-1,7
37798310,55,4,-1,-1,6
37800765,10,58,-1,-1,6
37801773,15,53,-1,-1,0
37801008,55,11,-1,-1,2
37799364,51,4,-1,-1,3
37797251,23,7,-1,-1,6
37801783,22,40,-1,-1,0
37799793,44,9,-1,-1,1
37799384,7,22,-1,-1,6
37792744,5,25,-1,-1,4
37801913,54,39,-1,-1,3
37794504,9,20,-1,-1,6
37802201,1,50,-1,-1,6
37797480,23,9,-1,-1,2
37801594,48,11,-1,-1,7
37799246,48,8,-1,-1,4
37799010,54,20,-1,-1,0
37801995,1,17,-1,-1,7
37801651,1,58,-1,-1,7
37800808,22,37,-1,-1,5
37799683,13,11,-1,-1,6
37798489,25,25,-1,-1,6
37802349,50,18,-1,-1,6
37801372,42,47,-1,-1,0
37798419,26,18,-1,-1,7
37801482,49,14,-1,-1,3
37801516,16,40,-1,-1,3
37802110,27,29,-1,-1,4
37801236,51,34,-1,-1,5
37800344,2,18,-1,-1,5
37798384,42,50,-1,-1,7
37800162,36,46,-1,-1,1
37802047,20,34,-1,-1,7
37799742,48,39,-1,-1,0
37786413,55,21,-1,-1,2
37794977,46,3,-1,-1,2
37799050,52,46,-1,-1,4
37797019,53,9,-1,-1,6
37801367,52,57,-1,-1,5
37796590,14,31,-1,-1,6
37792457,45,11,-1,-1,2
37796105,5,32,-1,-1,1
37801223,58,56,-1,-1,5
37798184,4,52,-1,-1,0
37799591,6,17,-1,-1,4
37797210,21,26,-1,-1,6
37801088,25,34,-1,-1,1
37798659,52,26,-1,-1,0
37798412,11,46,-1,-1,1
37800497,49,35,-1,-1,5
37798523,36,56,-1,-1,7
37801305,51,36,-1,-1,1
37798163,4,34,-1,-1,3
37798583,47,10,-1,-1,3
37799890,54,32,-1,-1,2
37800941,30,32,-1,-1,7
37800029,6,24,-1,-1,0
37801264,53,22,-1,-1,0
37800917,22,33,-1,-1,6
37797101,2,40,-1,-1,7
37802149,40,18,-1,-1,5
37801256,1,34,-1,-1,1
37801185,4,51,-1,-1,4
37802073,57,58,-1,-1,2
37799790,2,55,-1,-1,3
37799967,54,21,-1,-1,3
37797580,19,53,-1,-1,0
37801905,55,39,-1,-1,3
37800479,30,39,-1,-1,4
37802304,33,22,-1,-1,7
37802228,15,57,-1,-1,0
37801882,39,21,-1,-1,5
37801528,34,50,-1,-1,7
37801917,57,13,-1,-1,7
37802314,16,31,-1,-1,6
37790378,2,33,-1,-1,5
37795107,27,34,-1,-1,1
37797522,46,55,-1,-1,0
37802107,40,33,-1,-1,7
37800544,32,32,-1,-1,5
37800854,3,36,-1,-1,1
37802029,6,3,-1,-1,4
37802232,26,47,-1,-1,3
37792499,36,6,-1,-1,0
37800427,21,54,-1,-1,0
37801638,55,2,-1,-1,7
37798113,48,2,-1,-1,5
37801689,12,33,-1,-1,4
37801346,40,21,-1,-1,2
37797678,52,44,-1,-1,7
37800885,51,20,-1,-1,6
37802411,35,46,-1,-1,3
37800812,2,6,-1,-1,6
37793372,58,24,-1,-1,4
37800646,55,10,-1,-1,1
37796273,46,12,-1,-1,3
37801620,49,28,-1,-1,6
37802151,34,22,-1,-1,6
37802116,18,34,-1,-1,2
37801240,2,56,-1,-1,1
37802114,20,51,-1,-1,6
37796285,33,16,-1,-1,6
37796053,54,18,-1,-1,6
37800708,57,15,-1,-1,5
37801071,40,12,-1,-1,7
37800513,46,21,-1,-1,7
37802045,31,33,-1,-1,3
37800876,39,12,-1,-1,7
37798408,36,38,-1,-1,7
37797140,34,57,-1,-1,5
37796883,2,14,-1,-1,4
37799033,41,46,-1,-1,3
37801649,57,46,-1,-1,4
37800314,14,41,-1,-1,7
37799673,48,29,-1,-1,7
37796185,48,4,-1,-1,1
37788930,26,1,-1,-1,5
37798635,13,55,-1,-1,0
37802371,21,21,-1,-1,6
37802322,35,12,-1,-1,4
37799575,44,42,-1,-1,0
37796592,10,47,-1,-1,6
37794116,29,16,-1,-1,2
37792687,28,58,-1,-1,6
37801159,48,21,-1,-1,3
37800746,26,58,-1,-1,7
37797716,0,12,-1,-1,0
37796432,54,52,-1,-1,1
37802027,14,26,-1,-1,7
37802113,35,45,-1,-1,3
37797956,44,3,-1,-1,5
37794976,24,9,-1,-1,3
37799860,6,0,-1,-1,6
37800436,50,6,-1,-1,1
37801337,7,9,-1,-1,6
37799471,21,27,-1,-1,1
37802178,9,13,-1,-1,4
37802266,46,36,-1,-1,4
37792876,31,13,-1,-1,7
37800484,37,1,-1,-1,4
37802220,35,6,-1,-1,0
37796929,1,24,-1,-1,5
37798628,47,17,-1,-1,2
37789639,35,1,-1,-1,6
37798208,21,46,-1,-1,6
37801560,50,32,-1,-1,5
37801049,24,25,-1,-1,4
37799880,16,51,-1,-1,7
37801541,34,37,-1,-1,4
37800722,49,19,-1,-1,6
37791148,29,58,-1,-1,2
37801064,22,29,-1,-1,6
37796834,12,4,-1,-1,3
37802210,34,1,-1,-1,6
37800773,25,18,-1,-1,7
37800160,7,37,-1,-1,1
37801296,4,2,-1,-1,4
37801373,31,23,-1,-1,5
37800014,2,25,-1,-1,7
37800089,25,54,-1,-1,4
37801412,24,19,-1,-1,5
37799796,49,48,-1,-1,5
37801006,42,57,-1,-1,7
37795477,45,8,-1,-1,1
37795664,52,35,-1,-1,6
37800504,4,57,-1,-1,2
37800013,14,39,-1,-1,5
37801011,38,23,-1,-1,1
37796116,25,24,-1,-1,1
37792755,26,0,-1,-1,6
37801547,39,37,-1,-1,1
37797533,16,26,-1,-1,7
37799603,32,16,-1,-1,5
37793046,39,25,-1,-1,6
37795195,44,4,-1,-1,6
37799517,37,16,-1,-1,4
37798000,21,30,-1,-1,7
37801246,41,50,-1,-1,2
37796475,12,21,-1,-1,6
37800938,24,11,-1,-1,3
37802281,36,8,-1,-1,5
37801616,36,30,-1,-1,4
37798568,32,9,-1,-1,5
37801646,43,20,-1,-1,4
37800565,42,34,-1,-1,4
37799816,42,20,-1,-1,5
37797570,2,53,-1,-1,5
37791706,39,23,-1,-1,2
37799895,20,44,-1,-1,6
37799983,9,44,-1,-1,1
37800207,13,35,-1,-1,0
37801579,54,16,-1,-1,0
37797628,26,29,-1,-1,5
37800323,56,48,-1,-1,7
37797476,52,16,-1,-1,0
37801230,34,36,-1,-1,1
37799587,42,16,-1,-1,7
37798936,32,19,-1,-1,2
37801036,23,17,-1,-1,2
37778859,51,55,-1,-1,7
37796204,6,18,-1,-1,0
37787720,40,24,-1,-1,1
37802382,50,22,-1,-1,3
37799743,25,43,-1,-1,5
37795482,25,33,-1,-1,3
37797919,23,44,-1,-1,3
37801205,46,18,-1,-1,1
37799092,7,29,-1,-1,1
37801454,22,16,-1,-1,6
37798042,7,17,-1,-1,1
37792546,27,5,-1,-1,4
37801043,0,36,-1,-1,0
37801999,14,35,-1,-1,2
37795875,41,17,-1,-1,4
37801317,1,32,-1,-1,7
37801130,26,42,-1,-1,3
37801554,33,50,-1,-1,2
37797711,6,42,-1,-1,1
37802284,19,26,-1,-1,6
37801670,50,36,-1,-1,5
37798959,49,33,-1,-1,4
37801380,26,43,-1,-1,6
37800647,2,12,-1,-1,4
37796152,0,24,-1,-1,0
37794561,43,21,-1,-1,6
37799538,18,16,-1,-1,4
37801140,23,33,-1,-1,1
37801606,20,46,-1,-1,5
37795488,29,26,-1,-1,4
37799001,41,20,-1,-1,2
37802409,28,8,-1,-1,3
37800352,55,20,-1,-1,2
37801958,2,29,-1,-1,6
37800518,18,5,-1,-1,6
37801687,25,48,-1,-1,5
37799951,46,48,-1,-1,0
37795823,1,48,-1,-1,7
37801093,46,28,-1,-1,2
37800910,14,52,-1,-1,6
37800979,30,29,-1,-1,6
37797227,55,32,-1,-1,7
37800952,56,20,-1,-1,3
37800703,3,52,-1,-1,1
37799548,39,42,-1,-1,1
37791966,2,27,-1,-1,5
37797077,10,44,-1,-1,7
37801304,18,20,-1,-1,1
37800266,25,41,-1,-1,5
37800198,8,17,-1,-1,6
37795581,30,47,-1,-1,4
37796681,31,54,-1,-1,1
37787029,22,0,-1,-1,3
37801326,17,20,-1,-1,4
37801294,33,19,-1,-1,1
37795843,4,9,-1,-1,0
37800956,27,58,-1,-1,0
37792962,47,57,-1,-1,5
37796578,18,32,-1,-1,3
37801354,20,24,-1,-1,5
37796376,23,28,-1,-1,4
37802222,6,27,-1,-1,1
37793622,0,3,-1,-1,1
37796739,39,3,-1,-1,1
37797190,13,29,-1,-1,7
37794800,15,41,-1,-1,0
37799069,51,40,-1,-1,2
37798962,48,37,-1,-1,6
37801415,53,11,-1,-1,3
37800778,56,5,-1,-1,3
37801733,41,34,-1,-1,0
37802068,23,30,-1,-1,0
37793277,6,16,-1,-1,7
37798067,1,1,-1,-1,7
37799980,50,34,-1,-1,2
37801492,35,57,-1,-1,4
37794163,50,27,-1,-1,6
37799754,37,33,-1,-1,6
37800269,16,54,-1,-1,6
37796795,55,27,-1,-1,6
37802168,54,41,-1,-1,4
37790718,39,16,-1,-1,7
37801828,22,20,-1,-1,5
37792344,2,13,-1,-1,7
37802062,16,44,-1,-1,0
37802006,49,37,-1,-1,6
37789145,43,14,-1,-1,4
37799850,58,5,-1,-1,6
37800935,56,49,-1,-1,7
37800833,22,32,-1,-1,5
37801879,12,3,-1,-1,2
37795213,32,54,-1,-1,3
37798111,45,3,-1,-1,5
37802191,46,35,-1,-1,0
37801680,35,4,-1,-1,7
37801045,51,14,-1,-1,7
37799658,17,9,-1,-1,7
37801563,1,12,-1,-1,0
37798171,23,46,-1,-1,0
37801984,45,12,-1,-1,2
37800241,18,1,-1,-1,6
37801847,20,26,-1,-1,4
37801593,32,42,-1,-1,2
37797699,16,1,-1,-1,2
37798238,34,35,-1,-1,4
37799962,16,11,-1,-1,5
37801030,3,38,-1,-1,1
37801945,35,47,-1,-1,7
37791987,14,46,-1,-1,6
37799371,55,1,-1,-1,3
37800583,25,0,-1,-1,2
37800068,54,25,-1,-1,5
37780826,41,15,-1,-1,2
37796327,7,49,-1,-1,4
37801456,29,28,-1,-1,2
37801843,4,28,-1,-1,6
37787948,42,39,-1,-1,6
37797780,52,32,-1,-1,0
37801484,23,51,-1,-1,3
37800106,39,9,-1,-1,3
37800855,51,23,-1,-1,0
37801652,53,10,-1,-1,1
37789181,42,3,-1,-1,7
37797921,5,52,-1,-1,1
37802169,11,47,-1,-1,6
37800489,15,32,-1,-1,7
37799934,8,8,-1,-1,3
37792342,7,35,-1,-1,4
37799269,7,23,-1,-1,0
37795147,35,8,-1,-1,5
37802071,57,26,-1,-1,7
37801203,37,29,-1,-1,4
37801106,19,14,-1,-1,1
37801636,50,8,-1,-1,5
37801907,45,39,-1,-1,6
37801451,3,54,-1,-1,0
37798800,52,36,-1,-1,4
37794027,27,7,-1,-1,4
37793353,58,47,-1,-1,0
37798637,58,31,-1,-1,7
37800221,32,26,-1,-1,2
37800572,4,30,-1,-1,1
37800576,51,30,-1,-1,6
37802112,15,58,-1,-1,2
37802206,49,3,-1,-1,1
37801024,19,45,-1,-1,7
37801761,37,14,-1,-1,7
37800009,42,46,-1,-1,5
37796702,10,37,-1,-1,2
37802137,29,39,-1,-1,7
37797626,32,28,-1,-1,4
37802146,8,40,-1,-1,3
37800743,35,27,-1,-1,1
37801964,38,20,-1,-1,4
37801654,24,40,-1,-1,3
37797572,42,32,-1,-1,5
37802330,21,51,-1,-1,3
37800394,55,15,-1,-1,4
37792029,10,9,-1,-1,5
37797146,29,57,-1,-1,4
37795468,15,51,-1,-1,4
37799751,58,52,-1,-1,0
37801165,18,42,-1,-1,1
37801760,24,39,-1,-1,6
37798658,37,0,-1,-1,4
37801764,3,0,-1,-1,6
37801009,30,34,-1,-1,3
37795142,40,6,-1,-1,5
37799153,42,33,-1,-1,6
37799593,51,29,-1,-1,0
37801570,39,48,-1,-1,5
37802337,42,15,-1,-1,4
37798191,17,37,-1,-1,4
37795002,1,40,-1,-1,5
37791810,54,31,-1,-1,1
37795919,0,53,-1,-1,0
37802247,24,26,-1,-1,3
37801005,30,3,-1,-1,4
37802243,8,21,-1,-1,7
37800790,31,15,-1,-1,0
37798918,23,39,-1,-1,5
37797562,19,49,-1,-1,6
37800512,57,18,-1,-1,1
37801657,55,49,-1,-1,5
37800142,41,43,-1,-1,2
37793718,55,50,-1,-1,5
37801467,23,56,-1,-1,7
37802130,5,26,-1,-1,2
37799943,1,45,-1,-1,5
37786825,53,0,-1,-1,6
37800272,9,35,-1,-1,2
37782718,54,58,-1,-1,2
37800046,38,57,-1,-1,1
37802416,37,26,-1,-1,5
37797224,24,31,-1,-1,4
37799660,40,36,-1,-1,7
37802065,31,48,-1,-1,6
37798910,33,32,-1,-1,5
37802119,41,37,-1,-1,5
37801572,31,44,-1,-1,1
37800639,43,54,-1,-1,3
37801409,22,48,-1,-1,3
37796716,40,57,-1,-1,4
37793077,15,30,-1,-1,5
37801797,6,29,-1,-1,2
37795617,7,2,-1,-1,1
37801573,25,30,-1,-1,5
37794248,55,24,-1,-1,2
37793817,31,10,-1,-1,2
37801591,16,57,-1,-1,5
37801513,52,28,-1,-1,1
37795327,5,46,-1,-1,3
37800559,9,34,-1,-1,6
37799640,12,40,-1,-1,7
37802326,31,17,-1,-1,1
37800964,53,40,-1,-1,0
37800051,50,17,-1,-1,3
37799121,2,23,-1,-1,6
37800690,5,57,-1,-1,2
37799047,45,34,-1,-1,0
37800245,48,5,-1,-1,3
37799985,56,55,-1,-1,6
37800933,30,18,-1,-1,4
37800651,15,24,-1,-1,0
37800004,19,33,-1,-1,6
37797670,55,31,-1,-1,5
37796435,34,26,-1,-1,4
37802238,12,19,-1,-1,2
37802390,54,57,-1,-1,4
37795150,29,33,-1,-1,1
37801465,50,49,-1,-1,0
37799270,10,46,-1,-1,4
37796758,42,37,-1,-1,7
37797974,27,23,-1,-1,2
37801115,41,18,-1,-1,1
37797668,4,19,-1,-1,6
37795069,31,3,-1,-1,6
37801312,34,42,-1,-1,7
37801798,56,26,-1,-1,4
37795246,41,26,-1,-1,3
37802283,30,1,-1,-1,7
37796129,50,5,-1,-1,5
37800871,48,14,-1,-1,4
37793313,48,56,-1,-1,6
37795347,2,41,-1,-1,6
37786077,56,35,-1,-1,5
37799606,3,40,-1,-1,6
37801164,32,30,-1,-1,2
37798836,32,1,-1,-1,5
37801890,6,56,-1,-1,1
37801927,0,52,-1,-1,1
37802197,44,26,-1,-1,4
37797463,13,5,-1,-1,4
37802252,46,40,-1,-1,1
37799544,11,1,-1,-1,0
37786272,14,55,-1,-1,5
37802395,25,37,-1,-1,0
37798584,19,46,-1,-1,3
37798407,29,47,-1,-1,0
37797151,36,36,-1,-1,1
37797385,24,22,-1,-1,3
37798413,36,31,-1,-1,2
37802019,42,28,-1,-1,0
37794059,38,11,-1,-1,4
37794268,37,55,-1,-1,2
37795758,9,55,-1,-1,2
37799494,41,40,-1,-1,0
37799600,42,58,-1,-1,2
37796961,22,9,-1,-1,5
37793286,55,19,-1,-1,7
37800430,40,38,-1,-1,5
37796566,0,56,-1,-1,0
37799127,11,6,-1,-1,7
37801889,50,1,-1,-1,5
37799857,50,35,-1,-1,6
37792917,48,58,-1,-1,6
37798312,29,14,-1,-1,4
37794998,16,14,-1,-1,7
37794328,39,19,-1,-1,2
37795334,0,48,-1,-1,3
37800990,12,58,-1,-1,7
37795062,6,23,-1,-1,3
37799720,36,19,-1,-1,4
37799151,7,52,-1,-1,3
37802044,1,47,-1,-1,7
37801534,40,49,-1,-1,4
37801092,56,34,-1,-1,6
37802318,33,24,-1,-1,5
37797012,9,48,-1,-1,6
37801086,18,27,-1,-1,4
37801153,20,10,-1,-1,7
37798120,7,32,-1,-1,6
37793339,35,5,-1,-1,5
37800953,13,4,-1,-1,4
37800473,33,52,-1,-1,6
37797674,20,28,-1,-1,5
37799133,43,33,-1,-1,3
37796648,42,6,-1,-1,3
37792030,30,13,-1,-1,2
37802008,41,9,-1,-1,7
37797189,51,44,-1,-1,6
37794554,50,46,-1,-1,6
37802070,12,12,-1,-1,3
37798608,3,25,-1,-1,6
37795716,26,20,-1,-1,2
37802381,50,12,-1,-1,1
37801674,3,56,-1,-1,5
37797090,37,52,-1,-1,7
37798298,4,40,-1,-1,3
37799730,36,49,-1,-1,7
37794965,51,17,-1,-1,4
37802211,7,42,-1,-1,2
37797056,29,22,-1,-1,3
37802124,19,28,-1,-1,3
37800424,48,10,-1,-1,7
37802316,33,40,-1,-1,4
37796508,9,49,-1,-1,6
37795066,21,42,-1,-1,2
37802268,51,25,-1,-1,0
37802122,54,33,-1,-1,7
37799784,48,24,-1,-1,7
37798690,9,14,-1,-1,1
37802372,49,20,-1,-1,5
37800729,9,18,-1,-1,5
37800255,32,34,-1,-1,6
37797581,22,8,-1,-1,2
37800076,26,52,-1,-1,7
37790474,44,8,-1,-1,7
37798355,34,32,-1,-1,5
37800604,54,43,-1,-1,1
37800505,56,36,-1,-1,0
37800194,42,19,-1,-1,3
37795846,35,49,-1,-1,0
37795557,31,49,-1,-1,5
37795096,40,25,-1,-1,6
37800319,41,23,-1,-1,5
37793850,0,22,-1,-1,2
37800828,43,28,-1,-1,5
37800417,24,5,-1,-1,0
37797402,44,40,-1,-1,6
37801973,40,14,-1,-1,7
37801987,45,23,-1,-1,4
37802364,4,39,-1,-1,5
37800617,14,24,-1,-1,7
37802376,34,40,-1,-1,3
37798601,1,26,-1,-1,2
37801813,28,9,-1,-1,5
37799059,24,36,-1,-1,1
37800342,43,0,-1,-1,3
37801320,22,12,-1,-1,2
37801559,25,22,-1,-1,3
37801796,12,54,-1,-1,1
37792259,47,9,-1,-1,2
37787878,26,28,-1,-1,4
37799535,38,8,-1,-1,5
37799817,45,43,-1,-1,5
37797704,32,31,-1,-1,5
37797825,54,4,-1,-1,3
37799679,26,33,-1,-1,3
37792678,36,14,-1,-1,3
37802051,30,6,-1,-1,7
37799992,50,50,-1,-1,4
37798280,9,53,-1,-1,2
37800857,7,6,-1,-1,4
37801181,4,49,-1,-1,2
37800934,44,30,-1,-1,0
37797135,31,6,-1,-1,4
37802094,35,24,-1,-1,2
37794556,11,38,-1,-1,4
37798740,32,46,-1,-1,0
37802351,29,36,-1,-1,7
37800347,0,47,-1,-1,4
37801436,37,48,-1,-1,0
37796786,54,42,-1,-1,7
37788143,6,52,-1,-1,3
37800898,2,46,-1,-1,2
37800707,55,9,-1,-1,1
37795976,25,20,-1,-1,0
37802358,25,17,-1,-1,3
37801880,4,33,-1,-1,1
37798875,20,0,-1,-1,6
37800271,22,50,-1,-1,3
37797904,29,48,-1,-1,0
37801201,39,45,-1,-1,3
37800533,18,39,-1,-1,6
37798429,28,11,-1,-1,4
37799952,27,45,-1,-1,7
37800632,10,51,-1,-1,7
37801468,35,36,-1,-1,7
37802175,23,31,-1,-1,7
37801568,10,41,-1,-1,7
37801857,47,3,-1,-1,3
37797112,32,2,-1,-1,2
37798552,48,33,-1,-1,5
37792574,19,43,-1,-1,1
37797530,40,22,-1,-1,1
37799381,54,56,-1,-1,5
37797241,57,38,-1,-1,5
37799467,19,23,-1,-1,3
37797264,22,55,-1,-1,1
37800316,44,6,-1,-1,3
37800257,47,23,-1,-1,2
37796836,41,47,-1,-1,0
37798566,32,5,-1,-1,3
37800502,6,51,-1,-1,6
37795040,14,49,-1,-1,2
37797392,40,55,-1,-1,0
37801668,13,46,-1,-1,6
37799577,19,17,-1,-1,3
37800213,27,33,-1,-1,4
37797728,42,14,-1,-1,7
37801881,17,25,-1,-1,2
37797553,21,38,-1,-1,3
37799835,48,15,-1,-1,5
37802334,19,16,-1,-1,3
37799866,46,16,-1,-1,3
37794675,56,19,-1,-1,5
37799686,6,14,-1,-1,7
37802042,35,11,-1,-1,0
37794959,50,44,-1,-1,4
37801712,44,41,-1,-1,2
37801727,9,21,-1,-1,1
37801342,36,25,-1,-1,7
37801967,18,51,-1,-1,6
37802198,23,53,-1,-1,6
37802075,39,6,-1,-1,1
37801951,38,35,-1,-1,7
37794551,54,30,-1,-1,5
37801268,28,1,-1,-1,7
37801893,16,2,-1,-1,2
37797007,41,28,-1,-1,6
37799726,32,24,-1,-1,3
37801781,6,43,-1,-1,3
37797399,8,14,-1,-1,2
37787735,55,14,-1,-1,3
37796558,35,14,-1,-1,5
37802306,39,57,-1,-1,1
37800508,30,48,-1,-1,1
37799374,34,48,-1,-1,3
37799260,57,40,-1,-1,2
37800173,55,6,-1,-1,1
37801526,37,27,-1,-1,0
37801809,17,52,-1,-1,1
37795315,15,56,-1,-1,4
37802050,33,45,-1,-1,7
37801422,12,36,-1,-1,2
37799801,43,9,-1,-1,7
37795516,50,15,-1,-1,3
37801466,0,25,-1,-1,3
37797124,9,3,-1,-1,5
37802117,50,20,-1,-1,2
37800966,52,58,-1,-1,7
37797481,3,10,-1,-1,2
37802354,22,19,-1,-1,6
37796534,17,16,-1,-1,5
37801195,48,16,-1,-1,4
37801925,39,7,-1,-1,5
37785993,7,56,-1,-1,4
37795817,35,55,-1,-1,4
37800640,28,15,-1,-1,7
37798746,43,47,-1,-1,5
37800077,16,30,-1,-1,3
37789164,5,47,-1,-1,4
37797726,14,10,-1,-1,5
37798176,11,29,-1,-1,7
37799218,24,15,-1,-1,0
37792668,15,12,-1,-1,2
37795153,50,10,-1,-1,4
37802333,47,30,-1,-1,4
37800712,31,34,-1,-1,1
37802295,45,53,-1,-1,4
37794972,9,58,-1,-1,6
37799845,33,37,-1,-1,1
37800416,47,38,-1,-1,6
37796631,42,51,-1,-1,4
37801150,36,54,-1,-1,0
37787268,16,45,-1,-1,4
37800985,42,40,-1,-1,3
37801562,17,54,-1,-1,1
37801827,30,21,-1,-1,5
37799422,26,5,-1,-1,6
37798626,28,7,-1,-1,6
37801385,17,13,-1,-1,2
37800383,4,13,-1,-1,5
37799571,49,8,-1,-1,0
37781652,55,47,-1,-1,4
37799214,28,17,-1,-1,6
37802328,39,41,-1,-1,4
37801383,54,35,-1,-1,6
37801035,53,24,-1,-1,6
37801175,8,48,-1,-1,5
37800867,3,45,-1,-1,3
37802165,55,46,-1,-1,2
37797014,18,9,-1,-1,1
37798203,15,34,-1,-1,4
37799303,15,22,-1,-1,7
37796210,45,28,-1,-1,4
37797335,37,38,-1,-1,5
37790439,50,2,-1,-1,0
37801821,7,51,-1,-1,4
37802368,27,21,-1,-1,7
37802026,52,30,-1,-1,2
37798803,45,41,-1,-1,7
37801503,16,24,-1,-1,2
37792663,46,45,-1,-1,7
37798424,33,38,-1,-1,4
37800373,18,31,-1,-1,3
37800384,29,45,-1,-1,5
37794615,29,50,-1,-1,7
37800741,6,5,-1,-1,4
37801309,52,14,-1,-1,0
37798030,54,36,-1,-1,7
37801716,49,21,-1,-1,5
37797383,13,42,-1,-1,7
37798744,52,17,-1,-1,5
37795613,3,46,-1,-1,3
37801047,26,2,-1,-1,3
37793174,54,9,-1,-1,7
37793596,31,29,-1,-1,7
37794720,48,40,-1,-1,0
37801642,36,53,-1,-1,1
37800091,42,44,-1,-1,5
37795916,6,19,-1,-1,5
37798794,50,39,-1,-1,5
37800118,28,29,-1,-1,3
37800638,46,27,-1,-1,6
37788975,16,9,-1,-1,6
37801493,2,48,-1,-1,1
37800476,57,20,-1,-1,3
37802392,52,22,-1,-1,1
37800474,5,20,-1,-1,4
37800370,15,29,-1,-1,0
37801728,52,18,-1,-1,7
37797719,56,53,-1,-1,1
37783870,26,16,-1,-1,2
37798694,3,28,-1,-1,3
37796124,2,42,-1,-1,3
37800311,18,26,-1,-1,6
37793165,3,47,-1,-1,0
37798648,19,19,-1,-1,6
37800153,14,45,-1,-1,5
37791037,34,6,-1,-1,2
37798108,5,24,-1,-1,3
37800222,56,31,-1,-1,3
37802387,38,10,-1,-1,1
37800951,51,27,-1,-1,4
37802048,22,44,-1,-1,6
37795476,3,58,-1,-1,6
37801303,48,57,-1,-1,5
37793925,54,53,-1,-1,1
37798725,55,40,-1,-1,7
37793844,18,17,-1,-1,2
37787516,27,2,-1,-1,2
37801160,45,42,-1,-1,6
37801795,43,23,-1,-1,0
37796794,8,28,-1,-1,3
37795637,2,26,-1,-1,3
37802040,37,57,-1,-1,6
37800648,28,6,-1,-1,2
37801188,36,1,-1,-1,0
37800580,11,44,-1,-1,2
37800074,7,31,-1,-1,4
37801679,41,22,-1,-1,1
37791412,30,52,-1,-1,1
37799117,39,50,-1,-1,6
37801849,5,27,-1,-1,6
37801096,47,11,-1,-1,6
37802030,55,53,-1,-1,6
37798542,47,48,-1,-1,4
37798880,14,54,-1,-1,7
37801023,43,45,-1,-1,0
37801661,16,18,-1,-1,6
37797250,7,57,-1,-1,2
37796730,58,3,-1,-1,0
37801416,43,19,-1,-1,6
37800349,44,23,-1,-1,0
37802377,13,24,-1,-1,1
37802293,18,37,-1,-1,3
37801132,36,29,-1,-1,2
37798507,1,49,-1,-1,6
37798270,32,39,-1,-1,0
37795180,24,13,-1,-1,6
37799749,58,36,-1,-1,4
37800402,29,53,-1,-1,2
37801349,20,58,-1,-1,6
37799744,23,38,-1,-1,1
37801262,42,26,-1,-1,3
37797526,6,57,-1,-1,7
37801996,32,52,-1,-1,2
37801625,25,6,-1,-1,6
37798834,57,2,-1,-1,5
37802194,30,23,-1,-1,6
37800177,58,39,-1,-1,7
37799578,36,45,-1,-1,1
37801053,8,10,-1,-1,5
37802356,16,20,-1,-1,1
37799875,45,58,-1,-1,6
37800267,38,49,-1,-1,7
37802186,21,15,-1,-1,5
37801378,31,5,-1,-1,6
37799449,24,6,-1,-1,5
37798927,31,51,-1,-1,2
37793206,8,12,-1,-1,2
37799713,36,34,-1,-1,7
37799168,29,0,-1,-1,4
37795979,56,40,-1,-1,7
37800870,12,18,-1,-1,5
37801822,10,26,-1,-1,1
37798743,23,55,-1,-1,6
37798324,51,21,-1,-1,2
37800530,53,28,-1,-1,4
37798675,49,9,-1,-1,1
37800431,34,7,-1,-1,0
37794377,8,13,-1,-1,4
37795207,25,3,-1,-1,7
37800516,58,8,-1,-1,4
37796251,8,20,-1,-1,1
37800727,29,27,-1,-1,6
37800548,18,50,-1,-1,1
37802260,58,49,-1,-1,4
37801850,10,38,-1,-1,2
37795778,57,8,-1,-1,1
37799343,23,18,-1,-1,5
37796677,42,55,-1,-1,0
37802173,3,18,-1,-1,2
37800713,38,9,-1,-1,4
37801805,49,52,-1,-1,2
37800511,45,19,-1,-1,1
37791946,33,0,-1,-1,5
37801739,6,33,-1,-1,1
37794757,22,57,-1,-1,1
37801957,43,6,-1,-1,3
37796438,39,29,-1,-1,7
37800930,26,56,-1,-1,3
37799074,41,53,-1,-1,1
37802005,22,28,-1,-1,6
37801577,29,51,-1,-1,3
37801202,52,0,-1,-1,2
37797709,16,8,-1,-1,2
37801197,3,15,-1,-1,5
37799461,27,37,-1,-1,7
37787492,3,26,-1,-1,5
37801933,28,25,-1,-1,4
37800776,17,15,-1,-1,7
37802066,26,21,-1,-1,6
37799799,12,29,-1,-1,1
37799930,32,43,-1,-1,6
37802269,1,44,-1,-1,4
37796418,54,54,-1,-1,0
37802224,33,1,-1,-1,7
37801306,24,32,-1,-1,1
37797712,44,37,-1,-1,3
37801629,9,7,-1,-1,4
37793350,21,8,-1,-1,0
37796492,0,5,-1,-1,4
37796289,11,40,-1,-1,6
37801596,39,53,-1,-1,0
37797871,38,26,-1,-1,4
37798975,48,36,-1,-1,3
37800768,36,3,-1,-1,3
37794200,57,22,-1,-1,0
37785239,5,50,-1,-1,2
37798373,45,51,-1,-1,0
37797894,26,9,-1,-1,4
37794543,47,55,-1,-1,7
37790048,8,51,-1,-1,7
37801111,23,43,-1,-1,0
37801558,51,42,-1,-1,3
37800718,22,30,-1,-1,1
37801911,37,32,-1,-1,3
37795780,46,15,-1,-1,3
37801261,28,22,-1,-1,0
37801186,47,19,-1,-1,3
37801832,8,31,-1,-1,6
37801742,39,55,-1,-1,0
37800396,12,16,-1,-1,0
37799556,39,5,-1,-1,5
37797838,1,19,-1,-1,2
37800100,29,23,-1,-1,6
37801117,29,21,-1,-1,1
37798851,32,36,-1,-1,3
37800300,51,18,-1,-1,1
37796835,8,43,-1,-1,1
37794476,47,24,-1,-1,5
37800599,25,15,-1,-1,4
37801660,23,34,-1,-1,5
37801663,50,55,-1,-1,6
37798455,5,8,-1,-1,6
37802373,37,50,-1,-1,2
37791382,34,2,-1,-1,2
37800064,37,17,-1,-1,6
37798947,2,52,-1,-1,3
37801028,31,9,-1,-1,4
37799045,23,35,-1,-1,1
37793538,34,58,-1,-1,0
37797431,58,37,-1,-1,7
37802163,30,58,-1,-1,2
37799792,16,0,-1,-1,5
37801866,36,39,-1,-1,3
37796843,35,34,-1,-1,1
37796450,25,38,-1,-1,2
37801402,6,48,-1,-1,6
37794654,55,38,-1,-1,2
37796974,1,25,-1,-1,5
37797309,9,10,-1,-1,0
37796867,8,54,-1,-1,6
37798642,13,32,-1,-1,0
37799756,54,23,-1,-1,2
37802205,47,1,-1,-1,6
37798770,12,57,-1,-1,3
37801750,28,33,-1,-1,4
37801944,57,57,-1,-1,3
37800313,14,28,-1,-1,1
37797345,4,18,-1,-1,4
37799806,50,14,-1,-1,3
37802208,29,42,-1,-1,7
37800053,17,24,-1,-1,7
37793948,26,50,-1,-1,6
37799881,39,49,-1,-1,6
37798731,10,31,-1,-1,0
37802121,38,56,-1,-1,0
37794323,13,43,-1,-1,4
37798912,12,17,-1,-1,6
37798350,32,37,-1,-1,0
37800185,46,31,-1,-1,3
37799990,39,20,-1,-1,3
37801435,56,33,-1,-1,0
37801755,29,24,-1,-1,1
37800400,24,1,-1,-1,6
37801824,34,18,-1,-1,4
37801214,38,4,-1,-1,7
37795858,32,49,-1,-1,0
37802287,3,7,-1,-1,7
37799355,21,23,-1,-1,3
37801341,43,50,-1,-1,3
37800839,49,15,-1,-1,3
37797270,8,9,-1,-1,7
37799957,41,57,-1,-1,3
37798019,15,19,-1,-1,2
37801072,40,34,-1,-1,4
37795152,56,38,-1,-1,0
37800487,26,54,-1,-1,1
37801494,24,38,-1,-1,0
37793271,5,28,-1,-1,1
37801569,46,33,-1,-1,1
37795725,52,55,-1,-1,7
37801198,20,5,-1,-1,0
37796753,39,13,-1,-1,0
37802060,54,1,-1,-1,1
37801511,27,44,-1,-1,6
37794511,9,26,-1,-1,5
37794318,51,50,-1,-1,2
37792114,47,49,-1,-1,6
37796709,52,54,-1,-1,1
37802108,34,23,-1,-1,4
37794281,48,6,-1,-1,1
37800175,17,0,-1,-1,5
37796245,26,14,-1,-1,0
37801060,17,3,-1,-1,5
37799738,11,13,-1,-1,5
37801779,7,7,-1,-1,2
37800852,49,11,-1,-1,0
37799733,33,49,-1,-1,4
37798933,1,35,-1,-1,3
37802021,7,34,-1,-1,3
37802120,8,35,-1,-1,2
37794770,3,20,-1,-1,6
37795834,5,19,-1,-1,4
37801867,28,47,-1,-1,6
37800237,14,48,-1,-1,1
37800376,43,29,-1,-1,3
37802106,17,22,-1,-1,3
37794670,48,22,-1,-1,6
37802414,55,54,-1,-1,5
37801477,44,10,-1,-1,6
37796908,11,16,-1,-1,1
37800125,53,35,-1,-1,6
37801027,43,48,-1,-1,5
37798089,32,55,-1,-1,7
37801054,42,2,-1,-1,1
37801291,33,36,-1,-1,5
37798435,42,7,-1,-1,3
37791323,52,9,-1,-1,2
37800284,7,39,-1,-1,2
37802415,40,16,-1,-1,1
37801609,41,45,-1,-1,1
37797957,9,6,-1,-1,5
37800030,52,39,-1,-1,0
37801329,30,42,-1,-1,3
37801929,21,53,-1,-1,4
37799805,6,54,-1,-1,1
37801523,56,24,-1,-1,4
37801406,22,22,-1,-1,5
37798722,6,31,-1,-1,2
37797546,15,54,-1,-1,0
37798491,37,10,-1,-1,5
37798088,27,57,-1,-1,4
37797977,57,7,-1,-1,3
37800582,6,36,-1,-1,5
37798676,5,45,-1,-1,4
37798316,42,56,-1,-1,1
37795678,29,12,-1,-1,7
37797191,18,13,-1,-1,6
37792242,13,28,-1,-1,4
37801921,57,27,-1,-1,2
37800600,9,47,-1,-1,4
37800098,8,25,-1,-1,1
37802024,27,24,-1,-1,4
37801976,29,15,-1,-1,1
37795533,57,17,-1,-1,3
37802272,45,38,-1,-1,6
37798665,44,50,-1,-1,6
37796595,35,3,-1,-1,7
37801270,53,26,-1,-1,1
37802242,40,48,-1,-1,7
37799675,14,58,-1,-1,7
37799216,46,37,-1,-1,5
37801863,51,1,-1,-1,6
37800520,52,4,-1,-1,5
37790183,51,58,-1,-1,0
37796011,31,52,-1,-1,6
37800015,9,28,-1,-1,0
37801082,20,18,-1,-1,4
37801730,39,35,-1,-1,0
37795394,15,38,-1,-1,5
37799170,18,10,-1,-1,1
37798703,54,15,-1,-1,5
37800117,33,3,-1,-1,7
37798188,8,56,-1,-1,1
37802240,55,56,-1,-1,6
37801215,51,16,-1,-1,5
37800287,30,2,-1,-1,6
37801103,46,9,-1,-1,5
37801777,43,24,-1,-1,2
37800158,45,18,-1,-1,5
37790935,9,38,-1,-1,5
37798365,22,2,-1,-1,5
37800957,45,57,-1,-1,3
37799942,14,6,-1,-1,1
37801584,28,26,-1,-1,2
37795226,0,33,-1,-1,0
37795877,29,56,-1,-1,0
37801315,45,35,-1,-1,6
37798290,0,58,-1,-1,0
37799893,38,33,-1,-1,3
37799532,45,54,-1,-1,7
37797800,5,16,-1,-1,1
37800697,57,54,-1,-1,7
37800806,16,46,-1,-1,7
37801941,25,26,-1,-1,5
37796462,25,4,-1,-1,1
37800919,8,45,-1,-1,6
37796361,19,5,-1,-1,5
37801939,36,23,-1,-1,5
37802360,3,24,-1,-1,6
37799972,6,4,-1,-1,2
37801489,27,56,-1,-1,2
37802256,21,29,-1,-1,4
37799674,11,7,-1,-1,7
37798515,26,44,-1,-1,6
37801673,21,45,-1,-1,6
37792925,41,6,-1,-1,2
37798664,2,16,-1,-1,3
37798870,28,53,-1,-1,1
37800196,17,31,-1,-1,6
37801706,48,27,-1,-1,6
37797479,22,38,-1,-1,7
37801582,15,46,-1,-1,0
37800991,30,22,-1,-1,0
37798437,10,24,-1,-1,7
37799331,13,3,-1,-1,2
37799993,5,56,-1,-1,1
37796822,47,36,-1,-1,1
37799596,13,47,-1,-1,6
37802346,57,16,-1,-1,1
37802403,11,22,-1,-1,1
37802023,8,58,-1,-1,0
37802259,15,14,-1,-1,3
37800005,50,37,-1,-1,5
37802290,17,30,-1,-1,0
37800066,43,15,-1,-1,7
37797828,57,6,-1,-1,5
37794628,21,22,-1,-1,7
37799383,15,52,-1,-1,7
37799968,58,38,-1,-1,5
37802370,44,7,-1,-1,4
37801336,53,38,-1,-1,6
37801695,51,26,-1,-1,3
37797247,50,45,-1,-1,4
37801152,5,42,-1,-1,0
37802282,18,3,-1,-1,1
37800875,53,55,-1,-1,6
37802150,13,49,-1,-1,2
37801915,4,4,-1,-1,3
37798868,18,52,-1,-1,0
37786340,48,0,-1,-1,4
37797150,56,56,-1,-1,5
37800714,38,17,-1,-1,1
37801965,32,33,-1,-1,1
37801199,1,8,-1,-1,3
37801692,52,33,-1,-1,4
37801726,3,55,-1,-1,1
37796664,30,57,-1,-1,4
37800143,5,39,-1,-1,6
37785265,6,11,-1,-1,3
37800096,9,51,-1,-1,7
37801168,32,22,-1,-1,1
37801137,0,0,-1,-1,3
37799728,20,2,-1,-1,2
37793967,2,15,-1,-1,3
37802340,20,16,-1,-1,7
37801826,55,34,-1,-1,0
37802412,41,35,-1,-1,4
37801258,1,15,-1,-1,4
37800816,53,44,-1,-1,4
37795247,4,27,-1,-1,5
37797972,35,35,-1,-1,6
37801510,52,53,-1,-1,2
37801942,8,22,-1,-1,7
37799622,35,30,-1,-1,2
37797168,11,30,-1,-1,0
37795151,55,22,-1,-1,1
37802167,44,17,-1,-1,0
37800094,26,41,-1,-1,4
37799513,53,18,-1,-1,4
37801401,27,12,-1,-1,2
37800224,32,13,-1,-1,6
37798328,10,50,-1,-1,6
37800649,7,46,-1,-1,4
37788463,18,15,-1,-1,7
37792146,26,12,-1,-1,2
37801029,11,35,-1,-1,7
37799681,2,8,-1,-1,0
37799209,11,48,-1,-1,4
37801263,12,52,-1,-1,1
37795991,53,30,-1,-1,1
37802096,30,25,-1,-1,0
37801829,52,48,-1,-1,0
37801919,38,34,-1,-1,1
37802419,6,39,-1,-1,5
