0 290 290 290 290 290 354 290 354 354 354 290 0 354 290 290 290 290 290 290 290 290 0 2 290 2 0 290 290 0 290 290 30 290 34 0 290 290 290 0 290 290 30 30 30 0 258 34 258 258 258 258 30 0 288 288 288 288 288 
0 2 0 290 290 290 290 66 0 354 290 354 354 354 290 290 2 290 290 0 290 290 290 290 2 290 290 290 290 290 290 18 2 0 34 290 290 290 290 290 290 30 290 0 30 0 30 258 258 258 258 258 0 0 288 288 288 288 288 
354 0 290 290 290 290 290 354 290 354 354 98 290 290 290 290 290 290 0 34 0 290 290 0 0 290 0 30 30 290 290 290 30 22 30 30 290 290 0 290 290 30 22 0 2 258 30 258 258 30 258 30 30 0 0 256 4 288 288 
354 66 354 0 98 290 354 354 354 256 354 34 290 290 290 0 290 32 290 290 290 290 290 0 290 0 290 290 290 290 290 26 0 30 0 30 290 18 290 30 30 30 30 30 30 0 258 0 30 258 0 2 0 258 288 288 288 288 288 
66 354 354 354 290 290 34 354 354 354 354 354 354 354 290 290 32 290 290 290 30 30 290 0 30 30 30 18 16 30 30 30 30 30 0 10 30 30 290 30 290 30 0 30 30 2 258 258 30 30 258 2 258 258 0 288 288 288 96 
354 354 354 354 354 290 354 290 290 34 290 354 354 354 290 98 0 0 290 290 30 30 30 30 2 290 30 30 30 0 22 30 30 0 30 0 30 30 30 2 30 26 30 30 30 22 30 30 30 258 2 30 0 0 0 32 288 288 96 
354 290 0 290 290 354 354 290 290 290 418 418 354 354 98 354 30 290 290 0 290 0 30 30 30 0 30 30 18 30 30 30 30 30 30 30 30 30 30 0 2 18 30 30 30 30 0 30 30 30 30 30 30 288 288 32 288 128 0 
354 290 66 290 290 290 98 354 290 418 0 0 418 354 290 30 290 354 354 290 0 0 30 30 30 30 0 30 0 26 30 30 30 30 30 30 2 30 30 30 30 30 30 30 30 30 2 30 30 30 22 30 30 30 30 288 416 288 288 
0 290 290 290 290 290 290 290 290 290 0 0 290 290 290 290 30 354 290 290 290 30 30 10 30 30 30 30 30 30 30 30 30 30 26 30 30 30 30 30 30 0 0 26 30 30 30 30 30 30 2 0 30 30 30 288 288 288 32 
0 290 290 2 354 4 290 386 0 386 418 290 0 290 290 290 130 290 290 354 10 30 18 18 30 30 30 30 30 30 30 30 30 30 30 30 30 30 30 18 30 30 30 30 30 0 0 30 30 30 30 0 30 30 30 30 30 288 288 
290 290 354 290 354 4 34 290 386 290 418 418 386 386 290 290 162 130 30 30 30 30 30 30 2 0 30 30 30 30 30 30 30 30 30 30 0 30 30 30 26 22 30 30 30 30 30 34 30 30 30 18 0 30 30 30 30 30 288 
290 290 290 354 290 258 0 258 290 290 418 418 0 0 0 0 12 30 30 30 30 30 30 2 30 30 30 30 30 30 30 0 30 30 30 30 30 30 2 30 30 30 30 0 30 30 30 30 30 30 30 22 22 30 26 26 30 288 288 
290 290 2 354 354 290 258 258 258 162 0 418 418 386 290 290 30 30 0 28 30 2 30 30 18 30 30 30 30 30 30 30 30 30 30 30 30 0 22 30 30 30 30 30 30 30 30 30 30 30 22 30 30 0 30 30 30 288 30 
290 290 290 0 0 258 0 290 290 290 0 98 98 290 290 290 30 0 30 30 30 30 30 18 30 0 30 0 30 30 30 30 0 30 30 30 30 0 30 30 30 30 30 30 30 30 30 0 30 30 26 0 30 30 0 30 30 30 0 
290 290 290 258 290 290 290 290 354 290 354 290 290 290 290 418 482 30 30 30 2 30 30 18 30 30 30 30 30 30 30 30 30 30 2 30 30 0 30 30 30 14 30 30 0 30 18 0 30 30 24 30 30 30 30 0 30 30 30 
290 290 0 258 258 258 290 290 354 354 354 354 290 290 418 482 482 482 2 26 26 62 62 62 30 30 30 30 30 30 0 30 30 18 30 30 0 0 30 30 14 30 18 2 0 30 30 30 30 30 30 130 30 30 18 30 30 30 30 
0 290 258 354 258 224 354 354 34 0 354 482 482 482 482 386 62 2 30 10 62 62 0 48 30 30 30 30 30 30 2 2 30 30 30 30 30 30 30 30 0 18 30 30 30 30 30 30 30 30 30 30 30 30 30 30 30 30 0 
0 480 354 290 224 354 354 354 290 2 354 354 482 482 98 482 66 62 0 30 62 62 62 30 30 30 30 30 30 30 30 30 30 30 0 30 0 0 30 30 30 0 0 30 30 30 2 30 30 0 30 30 30 30 30 30 30 30 30 
290 34 290 354 354 354 354 0 354 0 354 354 354 354 224 354 66 58 62 62 50 0 62 62 30 30 30 30 0 30 30 30 30 30 30 0 30 30 18 30 30 0 30 30 30 30 30 30 30 30 0 30 30 2 30 30 30 30 30 
0 0 480 0 354 354 354 0 0 354 354 354 482 354 482 480 482 482 62 62 62 0 30 30 30 30 0 30 30 30 22 30 30 30 30 30 30 30 30 18 30 30 30 30 30 30 30 0 30 30 30 30 30 30 30 30 0 30 30 
480 480 480 480 354 354 354 354 354 354 354 482 482 224 354 482 482 482 50 62 62 34 30 62 30 62 30 30 30 30 30 0 30 30 16 26 30 30 30 30 30 30 30 30 30 30 30 30 30 0 30 30 30 30 30 30 30 30 30 
0 354 354 354 354 354 354 354 354 354 354 482 354 98 98 62 482 62 62 62 62 58 50 0 62 30 62 2 30 30 0 30 30 0 0 30 30 30 30 0 30 30 30 30 30 30 30 30 30 30 30 30 30 26 30 30 30 18 30 
354 354 0 354 354 354 354 354 354 354 354 354 354 0 482 482 482 62 62 62 62 62 58 0 50 62 62 62 0 30 62 2 0 30 30 30 30 30 30 30 0 30 30 30 30 0 30 30 30 30 30 30 30 0 0 30 30 2 32 
354 354 354 354 354 354 354 0 354 354 354 354 0 482 482 482 62 0 62 62 62 62 32 62 62 62 62 62 62 62 30 30 30 30 218 30 30 30 30 30 30 30 30 0 30 30 30 0 30 30 0 30 30 30 30 18 30 30 30 
354 354 354 66 354 354 354 354 354 0 0 354 482 482 482 62 482 482 62 62 62 32 62 62 62 62 62 46 30 30 18 30 30 218 30 30 2 30 30 30 30 0 30 26 30 30 2 30 30 30 30 30 30 30 0 0 30 30 30 
354 354 34 354 354 96 0 352 354 354 354 354 322 482 0 482 62 482 62 62 482 62 62 0 62 62 0 30 30 30 30 0 30 218 218 30 30 0 30 30 30 30 30 30 30 2 0 0 30 30 30 30 30 0 30 30 30 30 30 
354 354 354 354 482 98 354 352 98 354 34 354 354 482 482 482 482 62 482 482 62 62 62 62 62 0 0 0 30 30 30 218 30 218 64 218 30 30 30 30 30 0 2 30 30 30 0 30 30 10 30 26 26 30 30 30 30 30 30 
354 354 354 354 482 482 98 354 34 354 0 354 0 482 482 98 482 0 98 482 482 62 482 482 62 24 30 0 30 218 0 192 192 30 64 30 0 30 30 30 30 30 30 30 30 30 30 30 30 30 26 26 218 26 30 0 30 30 0 
482 354 354 354 354 2 354 98 352 354 70 70 354 354 480 70 70 480 0 66 482 482 386 482 0 30 30 30 30 218 218 218 218 218 30 0 218 30 18 30 218 30 218 30 30 30 30 24 30 0 0 30 218 30 30 30 0 30 30 
354 162 480 482 354 354 0 354 354 352 354 482 354 482 480 482 98 128 480 480 482 0 482 0 0 218 66 66 218 208 192 194 64 218 0 218 30 30 218 218 218 218 154 218 16 30 30 218 30 30 0 30 30 30 30 30 30 30 18 
354 480 480 482 98 480 480 354 354 354 354 482 0 482 482 482 480 482 482 98 482 482 482 0 218 218 146 218 80 202 218 218 194 218 218 218 218 30 218 218 218 0 154 218 218 30 30 218 30 30 218 218 30 218 30 30 0 30 18 
480 480 482 98 354 480 480 482 354 354 0 482 482 0 98 480 482 482 482 482 482 482 482 480 480 482 192 0 98 202 0 218 192 218 218 218 0 0 218 218 218 218 66 218 218 218 0 0 30 30 30 218 30 30 30 30 0 30 26 
0 480 224 224 480 354 354 482 482 482 482 482 482 482 482 482 482 0 482 482 482 0 480 482 482 480 0 218 218 218 154 218 210 218 218 192 218 218 218 218 218 66 218 154 0 218 218 30 218 30 218 18 218 218 30 66 0 218 30 
0 480 480 480 480 480 482 482 482 482 482 482 482 0 482 482 482 482 482 0 0 482 482 482 482 218 66 218 218 218 202 218 218 208 218 218 218 218 64 218 218 218 0 218 218 154 0 218 218 218 30 218 218 218 30 48 218 0 218 
480 480 480 416 482 482 0 98 482 482 482 482 482 0 0 482 482 482 482 482 482 482 482 482 218 218 482 218 218 218 218 218 0 218 0 208 218 226 0 218 218 218 218 218 218 154 218 218 218 218 0 218 218 194 66 30 0 218 218 
480 480 480 480 416 482 482 482 482 0 482 482 354 354 0 480 482 482 482 482 482 0 482 482 482 482 218 218 218 218 0 218 218 218 218 218 218 218 218 218 218 218 218 218 0 218 154 154 218 0 218 218 218 218 218 0 218 218 218 
480 480 480 480 482 480 480 0 98 482 482 482 482 482 482 482 482 482 482 0 482 482 482 482 482 482 218 0 218 218 218 218 218 218 218 218 218 218 218 218 218 218 218 0 218 218 154 0 218 218 0 218 64 218 218 218 218 0 218 
480 480 480 480 482 482 480 226 482 482 482 482 482 482 482 482 0 482 482 482 0 0 482 482 482 482 482 218 218 218 192 0 218 218 218 218 218 218 218 218 90 218 218 218 0 218 218 218 218 0 218 218 218 218 90 218 0 218 30 
480 482 0 482 480 482 480 0 482 482 0 482 482 482 482 482 482 482 482 482 0 482 482 162 482 482 482 482 194 218 482 0 218 218 218 218 218 194 218 0 90 0 0 218 218 218 0 218 218 218 218 218 218 0 0 218 122 218 450 
480 480 482 482 482 482 482 482 0 0 98 482 482 482 482 482 482 482 482 482 482 482 482 482 482 0 482 98 194 482 210 218 218 218 210 218 0 218 218 192 0 208 218 218 218 218 218 218 218 218 218 194 218 210 216 216 122 450 194 
98 98 480 480 480 42 482 482 0 482 482 98 162 482 482 482 482 482 482 482 98 98 482 0 0 482 482 0 82 210 218 218 218 218 154 218 218 218 216 218 208 218 218 218 218 0 218 218 218 194 66 0 210 218 216 216 450 194 0 
480 480 226 480 482 0 482 482 98 482 482 482 482 482 482 482 482 482 482 482 482 0 482 482 482 482 0 482 482 192 218 218 218 218 218 218 218 218 218 0 208 218 218 218 122 290 218 218 218 218 0 112 0 66 450 0 0 450 450 
0 480 0 480 482 482 482 482 226 482 482 482 482 482 482 130 482 482 482 482 482 450 482 482 482 482 482 482 482 482 90 482 218 226 218 218 218 482 208 218 0 112 218 218 482 0 218 218 224 218 210 0 218 450 450 450 216 450 0 
66 480 480 480 482 482 482 482 482 482 418 0 482 354 482 482 482 482 0 482 0 482 0 482 482 482 482 482 218 482 98 482 482 482 482 482 218 218 482 218 226 218 66 218 482 418 482 218 218 226 210 218 218 0 450 450 450 450 450 
0 480 480 0 482 480 482 482 482 482 482 418 0 0 482 482 482 482 482 0 482 482 98 482 482 482 0 482 386 386 482 482 482 482 352 352 218 218 482 482 0 226 482 0 482 482 482 482 482 0 0 218 450 450 450 450 450 450 450 
480 480 352 0 482 98 480 482 34 482 482 482 482 482 482 482 482 482 482 66 418 418 482 482 482 482 0 482 0 0 482 482 98 0 482 0 218 98 482 482 482 482 482 0 354 482 482 482 482 96 450 450 450 450 0 64 450 450 482 
480 0 480 482 482 98 226 482 0 0 482 482 482 482 482 482 482 482 0 418 418 482 0 482 482 482 482 0 482 482 482 0 482 450 482 482 482 482 482 482 482 226 480 482 482 482 482 482 0 482 482 450 450 0 0 482 482 482 482 
226 226 480 480 480 482 480 482 482 480 482 482 480 482 482 0 482 482 0 482 416 416 482 482 482 482 482 482 226 482 482 482 0 482 482 482 482 482 482 226 226 482 482 450 482 482 482 482 450 98 450 450 482 0 450 482 482 482 482 
480 480 480 482 482 6 482 482 482 482 2 480 480 482 0 482 482 482 482 482 482 416 482 482 482 482 482 482 482 0 0 482 162 482 482 98 0 482 482 482 482 482 0 450 482 482 482 482 482 482 450 482 450 482 450 482 450 482 482 
480 480 480 224 482 0 482 482 482 482 482 482 480 162 482 66 482 482 482 482 418 482 0 0 482 482 482 482 482 482 482 482 482 482 482 482 482 482 0 0 482 482 482 450 482 0 482 450 450 482 450 450 482 0 450 450 482 482 482 
480 480 482 482 482 482 482 482 482 482 482 226 226 482 482 482 0 0 482 482 482 416 416 482 482 418 0 482 482 0 482 482 482 482 480 160 482 482 482 482 482 482 482 482 450 98 450 450 98 0 0 482 482 0 98 450 226 482 482 
418 482 480 482 70 482 98 482 482 482 0 0 162 482 482 482 482 482 418 0 416 416 482 482 98 482 416 482 98 482 0 482 98 98 482 482 482 482 482 482 482 482 482 482 0 0 482 450 450 450 328 450 450 450 482 0 450 0 482 
418 0 226 482 162 70 482 482 0 70 482 482 482 0 482 98 482 482 482 418 290 0 0 482 354 416 482 482 0 482 482 482 0 482 482 482 482 482 482 482 0 482 0 482 482 418 450 450 450 450 482 482 450 482 450 482 450 482 0 
418 418 418 482 0 482 418 0 482 70 482 482 482 482 482 160 482 418 418 482 0 0 482 482 354 416 416 482 0 162 482 482 0 0 482 482 482 482 482 482 98 480 482 482 482 418 0 450 450 450 98 450 482 482 482 224 224 450 130 
418 418 98 482 418 482 418 418 418 480 482 482 482 482 482 480 0 418 418 226 0 482 0 98 162 482 416 482 482 0 482 226 482 482 482 70 482 482 482 482 482 482 480 0 0 450 450 450 450 386 98 450 194 482 480 450 450 450 450 
418 418 482 418 2 418 0 418 0 418 480 480 482 482 480 416 418 482 226 322 482 482 482 162 98 482 416 416 482 416 482 482 98 482 98 482 0 98 482 482 482 482 480 482 482 450 450 450 386 386 450 450 450 450 0 450 450 482 450 
418 418 418 418 418 2 0 194 480 418 480 418 480 480 416 416 416 416 416 0 322 482 482 0 0 0 416 0 482 482 450 416 482 482 482 482 482 482 0 482 0 0 482 482 66 482 482 450 386 450 450 450 450 450 482 482 450 450 450 
162 0 0 418 418 418 418 418 418 418 418 162 418 416 480 416 416 416 416 224 480 224 0 482 194 482 416 450 416 416 0 98 0 482 0 482 482 66 66 0 482 482 482 482 0 482 450 0 450 450 450 450 482 482 482 482 0 450 450 
418 418 418 418 418 418 418 418 0 418 418 0 224 480 0 416 160 416 480 0 0 224 482 482 482 482 482 416 416 416 416 98 482 482 482 0 482 482 98 482 482 482 162 0 482 450 450 450 450 194 450 450 450 0 482 450 450 450 450 
