# org_id,org_cellx,org_celly,org_forage_target,org_group_id,org_facing
10114804,50,30,-1,-1,4
10114527,47,42,-1,-1,1
10099251,53,47,-1,-1,5
10112568,4,16,-1,-1,6
10109399,50,42,-1,-1,3
10110697,3,43,-1,-1,2
10115023,46,29,-1,-1,6
10113308,4,5,-1,-1,1
10115026,57,3,-1,-1,2
10112198,57,44,-1,-1,3
10114189,15,45,-1,-1,6
10094238,48,51,-1,-1,6
10113234,4,23,-1,-1,7
10113667,41,36,-1,-1,2
10109897,28,47,-1,-1,0
10110352,30,54,-1,-1,3
10112494,35,43,-1,-1,1
10112964,42,18,-1,-1,6
10114278,22,57,-1,-1,7
10107528,38,34,-1,-1,0
10111259,42,19,-1,-1,3
10113144,9,48,-1,-1,7
10101283,13,44,-1,-1,2
10103504,46,1,-1,-1,0
10106897,56,57,-1,-1,0
10114233,45,7,-1,-1,5
10115053,3,8,-1,-1,4
10113116,17,3,-1,-1,5
10110349,52,0,-1,-1,2
10112870,38,45,-1,-1,3
10113784,7,34,-1,-1,2
10113441,21,53,-1,-1,1
10113177,57,5,-1,-1,2
10114883,29,51,-1,-1,3
10114807,36,40,-1,-1,7
10114937,32,48,-1,-1,2
10111107,14,49,-1,-1,4
10112189,51,50,-1,-1,1
10111660,29,32,-1,-1,0
10110102,16,0,-1,-1,4
10114034,40,49,-1,-1,0
10110521,42,21,-1,-1,0
10114826,23,4,-1,-1,1
10113100,18,32,-1,-1,5
10113358,53,4,-1,-1,0
10113652,22,28,-1,-1,4
10114195,7,28,-1,-1,6
10114976,28,8,-1,-1,3
10114451,6,56,-1,-1,3
10113251,48,3,-1,-1,0
10111762,44,38,-1,-1,7
10113427,6,49,-1,-1,3
10107707,26,51,-1,-1,2
10104888,25,57,-1,-1,0
10111114,38,17,-1,-1,0
10114275,28,23,-1,-1,5
10114791,23,51,-1,-1,4
10109167,11,1,-1,-1,5
10114306,49,14,-1,-1,3
10113196,52,10,-1,-1,2
10113380,41,40,-1,-1,3
10112068,45,1,-1,-1,7
10109209,2,46,-1,-1,4
10115004,46,10,-1,-1,6
10112128,21,20,-1,-1,0
10111319,17,57,-1,-1,0
10115083,38,9,-1,-1,0
10114676,57,10,-1,-1,0
10113568,2,1,-1,-1,3
10111921,5,31,-1,-1,7
10114117,43,44,-1,-1,0
10114583,35,31,-1,-1,7
10108953,39,0,-1,-1,3
10112549,23,0,-1,-1,7
10114358,3,13,-1,-1,1
10097296,1,30,-1,-1,6
10115066,37,49,-1,-1,5
10115087,53,38,-1,-1,3
10114166,11,8,-1,-1,5
10109077,45,56,-1,-1,4
10104653,39,1,-1,-1,7
10110617,50,53,-1,-1,4
10114996,11,43,-1,-1,5
10108903,19,23,-1,-1,7
10114397,16,46,-1,-1,1
10099473,35,44,-1,-1,6
10113272,5,23,-1,-1,5
10114783,21,3,-1,-1,5
10114265,44,24,-1,-1,1
10107954,15,22,-1,-1,2
10114104,50,23,-1,-1,7
10109493,1,15,-1,-1,0
10114983,46,18,-1,-1,5
10114277,27,52,-1,-1,4
10114903,0,43,-1,-1,7
10114910,18,10,-1,-1,6
10112384,11,44,-1,-1,2
10112100,11,18,-1,-1,3
10108531,36,25,-1,-1,1
10110197,31,44,-1,-1,2
10115055,27,47,-1,-1,4
10112254,21,14,-1,-1,0
10112788,2,52,-1,-1,6
10112603,2,21,-1,-1,5
10113644,17,49,-1,-1,0
10112687,21,16,-1,-1,1
10106733,34,37,-1,-1,5
10112634,10,29,-1,-1,0
10105128,0,20,-1,-1,0
10108452,45,45,-1,-1,3
10105244,21,29,-1,-1,1
10114698,24,17,-1,-1,2
10114535,39,17,-1,-1,5
10107617,29,18,-1,-1,2
10106826,18,7,-1,-1,0
10112853,35,14,-1,-1,1
10113149,46,27,-1,-1,4
10111325,1,47,-1,-1,2
10112044,51,8,-1,-1,0
10111735,19,20,-1,-1,1
10113359,19,19,-1,-1,1
10115127,30,51,-1,-1,0
10114740,47,2,-1,-1,7
10111766,46,31,-1,-1,5
10106290,42,50,-1,-1,0
10113849,36,20,-1,-1,5
10112204,41,1,-1,-1,1
10114297,9,10,-1,-1,6
10114025,51,25,-1,-1,1
10114813,16,2,-1,-1,7
10098416,21,37,-1,-1,0
10114159,27,1,-1,-1,7
10110920,8,38,-1,-1,6
10113751,13,14,-1,-1,3
10113696,23,22,-1,-1,5
10110992,17,38,-1,-1,4
10112904,2,51,-1,-1,3
10111788,24,18,-1,-1,0
10107446,21,1,-1,-1,4
10110590,34,48,-1,-1,0
10111099,9,25,-1,-1,7
10114761,3,17,-1,-1,4
10107119,43,52,-1,-1,6
10112070,16,49,-1,-1,6
10112956,9,55,-1,-1,5
10113657,58,17,-1,-1,7
10112947,58,34,-1,-1,7
10113295,45,21,-1,-1,0
10114572,25,40,-1,-1,7
10110032,0,26,-1,-1,0
10114915,36,14,-1,-1,0
10108200,13,21,-1,-1,2
10114961,15,19,-1,-1,1
10112400,53,49,-1,-1,2
10115092,8,16,-1,-1,3
10115125,6,22,-1,-1,2
10113683,51,36,-1,-1,0
10113242,48,16,-1,-1,3
10105042,42,4,-1,-1,2
10110844,16,27,-1,-1,6
10104635,33,10,-1,-1,2
10113262,51,46,-1,-1,4
10114906,24,11,-1,-1,7
10113968,0,40,-1,-1,0
10112966,2,26,-1,-1,5
10107116,21,28,-1,-1,3
10112715,57,50,-1,-1,1
10110561,32,46,-1,-1,2
10113309,7,24,-1,-1,2
10114556,21,4,-1,-1,4
10114258,50,33,-1,-1,1
10114383,29,42,-1,-1,1
10111593,37,54,-1,-1,0
10110148,58,38,-1,-1,7
10114399,49,16,-1,-1,3
10112208,11,27,-1,-1,7
10113832,9,3,-1,-1,7
10113075,41,57,-1,-1,3
10113901,44,26,-1,-1,5
10112058,47,33,-1,-1,4
10105579,46,26,-1,-1,1
10114632,25,23,-1,-1,2
10105691,45,16,-1,-1,7
10114850,10,57,-1,-1,1
10110810,20,40,-1,-1,3
10110401,14,5,-1,-1,4
10111531,21,24,-1,-1,1
10103456,55,44,-1,-1,5
10112692,47,9,-1,-1,0
10113416,57,21,-1,-1,0
10114435,43,54,-1,-1,0
10110338,18,51,-1,-1,3
10111886,21,43,-1,-1,5
10114551,15,25,-1,-1,0
10076816,1,55,-1,-1,3
10114978,11,22,-1,-1,4
10113655,19,31,-1,-1,6
10114006,10,27,-1,-1,0
10107865,53,32,-1,-1,0
10111525,13,35,-1,-1,0
10112007,33,7,-1,-1,4
10112029,6,36,-1,-1,3
10114381,38,30,-1,-1,3
10112716,57,47,-1,-1,3
10105547,42,22,-1,-1,7
10114511,47,40,-1,-1,3
10114589,15,53,-1,-1,2
10115038,7,40,-1,-1,1
10111930,58,39,-1,-1,1
10113659,1,3,-1,-1,3
10103168,26,45,-1,-1,4
10114600,47,47,-1,-1,5
10114037,47,19,-1,-1,2
10112490,7,11,-1,-1,5
10112395,48,1,-1,-1,0
10111700,36,23,-1,-1,4
10113928,41,18,-1,-1,5
10112269,25,33,-1,-1,4
10111561,45,53,-1,-1,5
10113491,52,18,-1,-1,4
10110751,53,13,-1,-1,0
10109877,30,1,-1,-1,1
10114862,55,19,-1,-1,0
10114018,21,31,-1,-1,7
10109305,4,36,-1,-1,6
10108100,30,41,-1,-1,7
10107139,29,25,-1,-1,3
10113872,15,41,-1,-1,3
10112229,24,39,-1,-1,2
10113854,56,1,-1,-1,5
10112001,43,30,-1,-1,4
10110428,46,49,-1,-1,6
10113984,13,58,-1,-1,4
10113386,29,17,-1,-1,2
10111408,53,42,-1,-1,7
10103195,37,38,-1,-1,2
10112162,20,17,-1,-1,3
10103668,7,38,-1,-1,3
10113200,12,42,-1,-1,4
10113458,0,32,-1,-1,4
10111983,55,17,-1,-1,6
10114784,53,50,-1,-1,0
10114216,51,12,-1,-1,5
10109882,2,58,-1,-1,0
10110843,55,35,-1,-1,7
10109504,12,52,-1,-1,4
10112842,15,27,-1,-1,2
10113284,51,34,-1,-1,1
10109031,4,32,-1,-1,7
10112734,44,0,-1,-1,7
10111503,43,6,-1,-1,7
10114168,56,23,-1,-1,1
10112313,41,44,-1,-1,5
10112971,26,35,-1,-1,5
10112402,17,50,-1,-1,4
10105142,11,49,-1,-1,4
10110208,45,29,-1,-1,3
10110394,35,9,-1,-1,0
10114509,10,28,-1,-1,1
10109311,8,41,-1,-1,1
10111370,30,34,-1,-1,4
10108144,45,47,-1,-1,4
10113069,30,42,-1,-1,6
10112488,49,19,-1,-1,3
10115109,15,43,-1,-1,0
10111490,16,19,-1,-1,4
10111510,53,56,-1,-1,5
10114748,21,18,-1,-1,3
10113260,31,29,-1,-1,7
10101969,13,1,-1,-1,7
10114618,55,58,-1,-1,3
10111910,56,31,-1,-1,3
10105141,50,58,-1,-1,0
10111721,18,54,-1,-1,4
10113041,11,4,-1,-1,4
10114684,25,27,-1,-1,5
10112473,2,28,-1,-1,6
10114767,14,29,-1,-1,1
10108805,56,46,-1,-1,3
10114694,3,55,-1,-1,3
10102909,32,25,-1,-1,2
10108168,39,48,-1,-1,3
10114774,7,33,-1,-1,6
10114283,4,30,-1,-1,3
10112142,16,26,-1,-1,1
10101210,42,3,-1,-1,3
10114069,1,35,-1,-1,4
10115015,45,58,-1,-1,7
10111791,19,11,-1,-1,5
10114634,17,11,-1,-1,1
10110589,40,11,-1,-1,7
10115058,37,15,-1,-1,6
10112363,37,10,-1,-1,1
10113300,3,16,-1,-1,6
10114366,51,9,-1,-1,2
10114309,47,10,-1,-1,4
10114315,35,0,-1,-1,0
10113169,5,10,-1,-1,2
10109334,4,46,-1,-1,0
10111342,12,58,-1,-1,0
10102567,33,3,-1,-1,5
10114131,48,39,-1,-1,7
10113457,3,46,-1,-1,6
10111368,0,44,-1,-1,0
10108971,14,51,-1,-1,0
10111849,30,32,-1,-1,7
10115014,12,29,-1,-1,4
10112667,58,21,-1,-1,2
10111264,49,53,-1,-1,0
10101641,9,44,-1,-1,6
10115085,42,55,-1,-1,3
10110622,2,9,-1,-1,2
10113121,43,11,-1,-1,7
10113252,28,24,-1,-1,4
10114789,50,5,-1,-1,7
10111430,56,48,-1,-1,2
10109607,52,40,-1,-1,6
10110785,5,32,-1,-1,7
10113844,52,5,-1,-1,4
10106177,14,20,-1,-1,7
10112216,47,16,-1,-1,7
10112703,7,1,-1,-1,6
10112992,29,39,-1,-1,7
10108206,45,14,-1,-1,0
10109021,1,10,-1,-1,4
10114491,49,56,-1,-1,3
10115123,8,9,-1,-1,1
10112892,8,5,-1,-1,6
10109346,23,47,-1,-1,4
10114151,37,30,-1,-1,2
10111144,34,12,-1,-1,4
10112470,48,34,-1,-1,3
10109414,33,13,-1,-1,3
10112453,7,49,-1,-1,2
10113298,55,21,-1,-1,3
10113159,55,51,-1,-1,1
10114153,34,45,-1,-1,0
10111614,15,57,-1,-1,3
10112771,48,18,-1,-1,7
10112288,1,7,-1,-1,6
10113911,1,14,-1,-1,4
10111358,14,7,-1,-1,6
10113010,11,21,-1,-1,5
10114739,10,9,-1,-1,3
10113452,30,30,-1,-1,0
10106390,11,32,-1,-1,5
10105629,14,45,-1,-1,7
10113831,36,54,-1,-1,2
10113957,20,50,-1,-1,4
10110870,44,28,-1,-1,4
10099509,13,32,-1,-1,4
10114065,20,3,-1,-1,6
10111065,39,26,-1,-1,0
10109537,31,17,-1,-1,7
10114250,48,40,-1,-1,5
10104875,1,40,-1,-1,7
10113921,12,50,-1,-1,3
10108424,47,34,-1,-1,1
10113724,10,49,-1,-1,2
10115060,25,49,-1,-1,0
10114546,17,47,-1,-1,0
10106209,55,46,-1,-1,5
10114532,55,16,-1,-1,3
10113032,31,19,-1,-1,6
10113615,25,14,-1,-1,0
10113483,33,14,-1,-1,2
10108356,7,45,-1,-1,6
10115043,10,4,-1,-1,3
10114933,34,43,-1,-1,0
10113578,35,12,-1,-1,4
10114642,58,0,-1,-1,1
10108934,32,24,-1,-1,6
10113851,30,56,-1,-1,2
10113419,26,31,-1,-1,3
10110166,23,25,-1,-1,1
10111692,53,2,-1,-1,6
10114921,39,23,-1,-1,2
10111057,22,27,-1,-1,2
10114592,51,23,-1,-1,5
10114262,55,1,-1,-1,3
10113892,53,41,-1,-1,0
10111340,19,10,-1,-1,6
10109829,52,53,-1,-1,5
10113670,50,37,-1,-1,4
10112052,5,2,-1,-1,5
10110402,32,28,-1,-1,4
10113776,54,2,-1,-1,6
10114254,8,30,-1,-1,3
10103500,52,9,-1,-1,6
10111479,1,43,-1,-1,6
10110934,8,56,-1,-1,2
10114299,20,55,-1,-1,1
10111189,40,36,-1,-1,5
10110031,43,36,-1,-1,7
10113432,28,36,-1,-1,6
10114251,56,18,-1,-1,7
10113340,54,12,-1,-1,4
10114342,22,12,-1,-1,4
10114555,21,55,-1,-1,2
10110417,44,10,-1,-1,0
10114571,43,49,-1,-1,7
10111596,0,39,-1,-1,6
10111517,52,14,-1,-1,5
10108745,38,44,-1,-1,5
10113897,50,4,-1,-1,4
10113411,0,16,-1,-1,2
10113580,11,58,-1,-1,7
10109482,37,13,-1,-1,2
10113265,40,56,-1,-1,7
10113204,53,35,-1,-1,7
10112301,51,7,-1,-1,5
10111845,3,34,-1,-1,0
10113552,19,6,-1,-1,3
10114782,46,28,-1,-1,2
10112787,2,57,-1,-1,3
10114729,13,28,-1,-1,4
10113900,2,29,-1,-1,5
10113437,32,12,-1,-1,2
10112065,37,36,-1,-1,6
10114586,43,22,-1,-1,0
10112757,18,13,-1,-1,7
10107318,21,15,-1,-1,6
10107204,54,1,-1,-1,0
10115027,48,25,-1,-1,0
10114474,49,36,-1,-1,4
10107314,52,47,-1,-1,1
10108846,37,58,-1,-1,5
10114171,15,7,-1,-1,3
10108190,33,39,-1,-1,4
10110792,23,52,-1,-1,1
10113769,36,3,-1,-1,3
10105642,37,22,-1,-1,3
10111890,39,3,-1,-1,6
10113747,43,26,-1,-1,1
10113680,51,16,-1,-1,0
10110635,44,40,-1,-1,1
10114193,2,20,-1,-1,5
10112597,0,58,-1,-1,5
10112607,47,31,-1,-1,0
10111369,1,16,-1,-1,4
10114971,14,28,-1,-1,1
10115108,38,13,-1,-1,2
10114346,47,35,-1,-1,1
10106986,7,29,-1,-1,7
10111758,6,14,-1,-1,5
10112742,20,4,-1,-1,3
10112280,37,44,-1,-1,5
10112750,5,39,-1,-1,4
10112358,31,30,-1,-1,5
10112292,14,38,-1,-1,5
10113423,54,31,-1,-1,0
10114477,58,52,-1,-1,0
10113884,56,20,-1,-1,0
10113963,29,57,-1,-1,2
10111450,31,53,-1,-1,3
10114758,48,27,-1,-1,2
10111799,20,51,-1,-1,2
10114412,18,48,-1,-1,4
10111552,13,53,-1,-1,2
10113335,56,9,-1,-1,5
10115120,30,29,-1,-1,7
10114197,0,47,-1,-1,7
10114860,17,31,-1,-1,4
10114464,2,54,-1,-1,6
10111595,16,11,-1,-1,7
10106502,3,3,-1,-1,6
10112138,9,4,-1,-1,7
10111530,37,34,-1,-1,0
10113624,37,46,-1,-1,0
10112628,55,22,-1,-1,7
10107192,23,55,-1,-1,1
10114899,5,55,-1,-1,2
10115111,26,18,-1,-1,0
10113275,50,26,-1,-1,1
10115081,39,5,-1,-1,5
10115013,50,52,-1,-1,1
10113628,13,23,-1,-1,7
10104905,4,4,-1,-1,2
10113304,53,19,-1,-1,2
10113725,34,58,-1,-1,1
10113952,14,52,-1,-1,0
10114829,57,17,-1,-1,6
10113865,2,8,-1,-1,6
10114614,17,8,-1,-1,3
10111943,11,33,-1,-1,3
10113723,11,25,-1,-1,4
10114888,58,1,-1,-1,1
10114780,41,13,-1,-1,5
10107376,2,15,-1,-1,3
10112782,39,8,-1,-1,6
10110645,51,37,-1,-1,3
10114231,23,10,-1,-1,6
10112376,46,48,-1,-1,1
10113395,43,18,-1,-1,5
10111255,28,58,-1,-1,1
10114224,51,39,-1,-1,5
10111577,56,4,-1,-1,1
10113728,37,4,-1,-1,4
10113373,0,11,-1,-1,1
10111764,37,5,-1,-1,0
10113378,41,50,-1,-1,1
10113098,34,51,-1,-1,4
10114986,50,43,-1,-1,1
10108568,23,14,-1,-1,0
10114681,34,7,-1,-1,2
10113063,38,21,-1,-1,0
10113145,28,37,-1,-1,2
10108423,36,10,-1,-1,7
10111208,54,11,-1,-1,3
10114584,48,2,-1,-1,0
10111184,17,17,-1,-1,7
10114660,8,0,-1,-1,6
10108519,31,8,-1,-1,2
10114421,57,56,-1,-1,3
10111196,16,17,-1,-1,4
10113603,28,29,-1,-1,7
10113160,43,4,-1,-1,4
10107102,40,7,-1,-1,4
10115035,37,26,-1,-1,1
10112967,53,57,-1,-1,4
10113821,25,16,-1,-1,7
10111341,44,11,-1,-1,5
10109714,31,40,-1,-1,4
10114279,43,14,-1,-1,6
10112332,34,23,-1,-1,3
10101615,57,43,-1,-1,2
10115072,0,2,-1,-1,2
10113866,16,47,-1,-1,2
10112555,54,24,-1,-1,3
10114875,18,58,-1,-1,4
10113345,10,55,-1,-1,2
10113418,41,3,-1,-1,3
10111911,4,0,-1,-1,4
10108402,21,40,-1,-1,3
10114482,1,39,-1,-1,7
10114513,57,2,-1,-1,5
10113112,46,20,-1,-1,4
10112617,37,42,-1,-1,7
10114998,28,20,-1,-1,4
10114760,13,30,-1,-1,7
10108166,24,35,-1,-1,0
10112140,45,23,-1,-1,4
10114946,57,34,-1,-1,0
10114781,40,55,-1,-1,3
10110878,29,37,-1,-1,5
10112472,49,5,-1,-1,5
10114120,27,33,-1,-1,7
10113954,29,30,-1,-1,6
10113527,31,26,-1,-1,1
10114635,34,40,-1,-1,1
10112219,26,52,-1,-1,1
10113902,32,29,-1,-1,3
10112785,37,19,-1,-1,6
10112777,12,2,-1,-1,1
10114795,19,50,-1,-1,6
10114481,42,8,-1,-1,5
10113565,27,10,-1,-1,1
10113975,23,21,-1,-1,4
10113752,20,23,-1,-1,3
10114568,5,0,-1,-1,1
10114700,35,24,-1,-1,7
10112016,28,57,-1,-1,5
10107991,51,27,-1,-1,0
10111304,19,35,-1,-1,2
10112751,1,41,-1,-1,6
10114429,29,58,-1,-1,5
10112698,9,17,-1,-1,6
10112769,42,31,-1,-1,3
10114923,35,3,-1,-1,1
10113534,11,45,-1,-1,2
10112846,33,18,-1,-1,2
10113326,58,29,-1,-1,1
10113096,56,10,-1,-1,7
10114463,32,11,-1,-1,2
10108395,57,13,-1,-1,2
10115082,16,38,-1,-1,4
10115075,25,43,-1,-1,4
10108623,27,53,-1,-1,4
10113231,9,8,-1,-1,5
10110336,56,30,-1,-1,4
10114712,17,53,-1,-1,1
10111526,57,57,-1,-1,6
10113561,28,28,-1,-1,1
10111742,33,31,-1,-1,7
10110294,22,44,-1,-1,3
10113863,30,23,-1,-1,6
10109984,43,53,-1,-1,6
10114403,33,47,-1,-1,1
10109661,50,1,-1,-1,5
10115079,40,41,-1,-1,4
10113827,55,43,-1,-1,5
10113270,14,12,-1,-1,2
10110859,51,42,-1,-1,6
10110695,34,0,-1,-1,4
10108328,32,41,-1,-1,3
10113222,51,3,-1,-1,4
10112573,0,57,-1,-1,7
10112761,2,49,-1,-1,7
10108873,42,10,-1,-1,6
10115096,37,17,-1,-1,7
10115010,16,22,-1,-1,0
10112289,23,11,-1,-1,2
10111714,52,55,-1,-1,0
10108678,39,13,-1,-1,7
10111813,22,49,-1,-1,6
10111741,0,14,-1,-1,3
10103212,53,31,-1,-1,2
10111570,8,34,-1,-1,5
10111744,9,2,-1,-1,4
10115012,12,14,-1,-1,5
10104526,34,29,-1,-1,7
10114484,46,25,-1,-1,4
10110525,43,50,-1,-1,6
10110093,44,4,-1,-1,0
10114675,35,29,-1,-1,1
10114483,14,37,-1,-1,4
10114266,11,51,-1,-1,6
10113535,43,9,-1,-1,7
10110948,31,50,-1,-1,2
10113130,9,13,-1,-1,6
10103562,18,28,-1,-1,5
10114904,31,41,-1,-1,2
10104980,58,53,-1,-1,5
10104028,16,13,-1,-1,7
10114384,27,29,-1,-1,7
10114809,14,27,-1,-1,0
10108920,19,32,-1,-1,0
10114855,51,56,-1,-1,6
10111610,30,2,-1,-1,7
10111074,7,50,-1,-1,6
10113280,39,15,-1,-1,5
10112333,15,2,-1,-1,1
10114000,41,26,-1,-1,3
10110732,44,27,-1,-1,7
10113555,7,30,-1,-1,0
10114806,35,54,-1,-1,0
10112136,39,27,-1,-1,7
10113013,43,57,-1,-1,1
10113850,38,38,-1,-1,4
10113399,24,58,-1,-1,0
10100604,27,55,-1,-1,2
10114480,14,44,-1,-1,6
10113878,27,39,-1,-1,7
10097195,38,23,-1,-1,6
10114918,51,20,-1,-1,5
10111323,33,37,-1,-1,2
10114908,42,39,-1,-1,0
10109713,15,36,-1,-1,2
10105433,10,43,-1,-1,2
10113025,4,10,-1,-1,1
10112831,12,30,-1,-1,6
10110776,32,44,-1,-1,5
10100081,14,26,-1,-1,2
10111229,38,57,-1,-1,2
10114887,0,42,-1,-1,7
10113151,25,51,-1,-1,7
10114201,55,45,-1,-1,1
10112506,34,46,-1,-1,3
10113385,9,40,-1,-1,3
10115065,50,11,-1,-1,7
10112891,8,57,-1,-1,1
10114105,26,55,-1,-1,0
10112896,50,16,-1,-1,7
10106204,56,50,-1,-1,5
10112984,43,31,-1,-1,5
10114687,51,0,-1,-1,3
10107703,48,36,-1,-1,3
10107513,43,8,-1,-1,0
10112102,26,32,-1,-1,6
10110916,55,53,-1,-1,3
10108881,28,6,-1,-1,0
10112207,45,17,-1,-1,0
10114573,25,45,-1,-1,7
10111007,32,9,-1,-1,3
10114387,6,20,-1,-1,6
10111602,21,44,-1,-1,0
10104465,28,5,-1,-1,0
10108500,24,50,-1,-1,4
10114879,31,10,-1,-1,7
10113279,4,47,-1,-1,6
10114537,34,44,-1,-1,1
10114529,57,39,-1,-1,1
10111083,35,46,-1,-1,6
10107470,0,35,-1,-1,7
10114081,49,35,-1,-1,5
10113223,1,48,-1,-1,5
10113113,35,26,-1,-1,3
10110028,51,10,-1,-1,6
10112390,9,42,-1,-1,0
10108949,42,29,-1,-1,1
10111876,45,8,-1,-1,3
10108607,58,11,-1,-1,6
10114637,19,46,-1,-1,3
10112848,17,34,-1,-1,3
10114710,34,56,-1,-1,6
10108398,13,20,-1,-1,0
10108577,24,41,-1,-1,4
10111567,33,42,-1,-1,0
10114552,26,2,-1,-1,5
10114448,27,17,-1,-1,1
10113283,48,52,-1,-1,0
10108981,39,43,-1,-1,3
10105763,34,42,-1,-1,2
10112346,40,20,-1,-1,3
10112323,52,38,-1,-1,3
10112394,45,2,-1,-1,7
10106327,19,18,-1,-1,0
10106373,8,48,-1,-1,5
10112718,8,12,-1,-1,2
10112131,8,1,-1,-1,7
10113661,34,21,-1,-1,0
10113496,31,43,-1,-1,6
10114877,21,46,-1,-1,6
10109817,1,36,-1,-1,7
10111662,48,32,-1,-1,4
10114959,19,21,-1,-1,4
10110380,17,46,-1,-1,0
10109094,52,6,-1,-1,3
10114913,30,45,-1,-1,2
10113461,35,36,-1,-1,1
10111365,55,40,-1,-1,3
10112011,31,36,-1,-1,3
10114442,20,45,-1,-1,4
10114878,35,17,-1,-1,5
10112382,48,47,-1,-1,5
10113148,22,33,-1,-1,1
10110853,34,14,-1,-1,5
10114765,19,17,-1,-1,6
10114423,41,38,-1,-1,5
10113613,4,31,-1,-1,5
10114720,17,33,-1,-1,4
10113029,26,3,-1,-1,3
10114808,57,24,-1,-1,5
10112900,29,11,-1,-1,0
10111839,18,3,-1,-1,3
10113589,38,49,-1,-1,6
10113983,0,36,-1,-1,4
10113277,49,24,-1,-1,5
10110805,6,55,-1,-1,0
10110039,4,18,-1,-1,6
10096785,24,46,-1,-1,0
10113120,48,23,-1,-1,5
10110634,25,2,-1,-1,5
10114563,21,42,-1,-1,3
10114009,49,0,-1,-1,7
10115003,5,21,-1,-1,5
10114658,54,13,-1,-1,4
10114128,28,54,-1,-1,5
10114616,13,15,-1,-1,5
10113157,23,3,-1,-1,7
10114764,3,49,-1,-1,7
10113590,30,36,-1,-1,0
10115105,17,54,-1,-1,5
10109363,48,29,-1,-1,2
10114305,17,26,-1,-1,4
10111243,37,45,-1,-1,4
10108232,56,42,-1,-1,5
10113089,39,16,-1,-1,5
10108215,36,49,-1,-1,2
10112962,58,40,-1,-1,4
10105883,9,22,-1,-1,0
10111626,11,26,-1,-1,5
10110011,14,11,-1,-1,0
10106667,11,14,-1,-1,2
10112792,42,23,-1,-1,0
10114324,8,22,-1,-1,2
10113841,21,27,-1,-1,4
10114002,6,6,-1,-1,7
10110966,5,26,-1,-1,0
10113415,44,12,-1,-1,5
10114161,32,56,-1,-1,3
10109122,37,51,-1,-1,5
10112756,2,19,-1,-1,1
10114077,50,7,-1,-1,3
10111931,32,33,-1,-1,6
10107844,45,24,-1,-1,3
10112377,26,58,-1,-1,3
10114628,45,35,-1,-1,3
10114290,58,13,-1,-1,4
10113845,40,31,-1,-1,1
10113361,46,11,-1,-1,6
10109997,3,14,-1,-1,2
10108040,31,11,-1,-1,1
10111299,23,7,-1,-1,7
10114985,31,20,-1,-1,0
10114354,4,52,-1,-1,3
10112985,15,13,-1,-1,6
10114938,3,28,-1,-1,6
10114794,7,55,-1,-1,1
10113906,6,3,-1,-1,7
10112283,26,49,-1,-1,0
10112121,57,45,-1,-1,6
10112273,0,9,-1,-1,5
10114310,46,6,-1,-1,1
10111827,52,24,-1,-1,1
10110104,14,14,-1,-1,3
10106406,12,37,-1,-1,1
10113801,6,34,-1,-1,3
10114682,48,35,-1,-1,7
10112529,9,24,-1,-1,2
10113379,32,27,-1,-1,6
10113718,38,35,-1,-1,0
10113848,26,5,-1,-1,6
10110407,49,37,-1,-1,1
10112850,18,6,-1,-1,5
10110906,47,8,-1,-1,2
10114024,58,36,-1,-1,4
10102804,19,36,-1,-1,1
10109934,31,52,-1,-1,5
10114026,6,26,-1,-1,5
10113557,46,55,-1,-1,0
10112120,42,48,-1,-1,2
10111831,49,32,-1,-1,3
10107350,58,23,-1,-1,6
10114500,21,52,-1,-1,3
10113806,43,20,-1,-1,0
10111608,47,1,-1,-1,4
10114722,0,52,-1,-1,2
10114858,58,7,-1,-1,6
10115046,25,17,-1,-1,7
10113692,0,53,-1,-1,5
10112616,52,36,-1,-1,3
10096362,22,54,-1,-1,2
10114962,7,44,-1,-1,5
10114087,28,27,-1,-1,2
10114692,8,21,-1,-1,6
10104169,6,58,-1,-1,6
10114444,52,39,-1,-1,0
10111289,51,47,-1,-1,5
10114060,55,27,-1,-1,1
10111412,53,11,-1,-1,6
10099749,45,41,-1,-1,5
10101794,0,51,-1,-1,0
10109873,40,19,-1,-1,4
10113105,7,58,-1,-1,6
10114870,21,39,-1,-1,7
10109649,3,12,-1,-1,0
10114339,38,24,-1,-1,0
10114450,48,37,-1,-1,7
10114296,56,22,-1,-1,3
10107138,1,25,-1,-1,5
10102874,24,14,-1,-1,1
10110071,48,38,-1,-1,6
10114752,28,42,-1,-1,1
10109887,6,24,-1,-1,1
10112832,36,2,-1,-1,6
10110015,17,37,-1,-1,4
10115100,28,15,-1,-1,3
10114585,36,48,-1,-1,7
10113608,20,6,-1,-1,2
10114152,24,21,-1,-1,0
10113107,27,51,-1,-1,2
10104104,37,12,-1,-1,2
10114165,10,40,-1,-1,7
10114118,28,49,-1,-1,5
10103703,22,58,-1,-1,6
10114768,50,47,-1,-1,3
10113215,35,10,-1,-1,5
10112898,10,24,-1,-1,4
10111123,16,30,-1,-1,7
10111375,45,22,-1,-1,5
10111811,43,16,-1,-1,1
10104304,18,44,-1,-1,7
10111058,49,8,-1,-1,5
10108615,3,58,-1,-1,6
10110585,11,12,-1,-1,4
10114719,54,22,-1,-1,7
10111022,34,18,-1,-1,3
10113704,43,42,-1,-1,6
10114863,43,37,-1,-1,0
10102516,0,3,-1,-1,6
10114580,43,29,-1,-1,4
10114470,21,12,-1,-1,6
10113135,2,42,-1,-1,4
10112879,50,56,-1,-1,6
10113639,53,23,-1,-1,4
10112013,1,12,-1,-1,6
10107719,45,55,-1,-1,3
10109951,37,25,-1,-1,1
10114597,10,31,-1,-1,4
10114046,9,0,-1,-1,1
10109447,1,18,-1,-1,6
10114204,0,23,-1,-1,5
10114847,40,12,-1,-1,4
10113095,37,9,-1,-1,5
10114922,32,42,-1,-1,3
10104111,12,16,-1,-1,7
10102650,22,25,-1,-1,1
10114788,7,54,-1,-1,3
10114157,52,57,-1,-1,3
10111231,57,18,-1,-1,1
10114797,12,13,-1,-1,0
10114035,52,56,-1,-1,6
10114323,19,47,-1,-1,7
10102525,25,7,-1,-1,5
10113132,36,13,-1,-1,1
10100494,53,54,-1,-1,0
10110295,47,21,-1,-1,4
10113919,52,46,-1,-1,3
10112271,20,54,-1,-1,1
10112420,34,6,-1,-1,3
10108456,35,51,-1,-1,1
10108099,19,22,-1,-1,5
10112629,54,14,-1,-1,4
10113544,8,8,-1,-1,5
10111306,21,6,-1,-1,3
10113616,27,16,-1,-1,1
10102481,40,10,-1,-1,5
10113953,52,17,-1,-1,6
10111928,14,58,-1,-1,3
10113086,28,55,-1,-1,3
10111182,31,46,-1,-1,3
10110509,37,16,-1,-1,0
10113873,22,29,-1,-1,1
10112646,53,39,-1,-1,0
10114825,19,51,-1,-1,6
10112946,16,12,-1,-1,6
10110841,29,24,-1,-1,4
10114655,57,23,-1,-1,1
10111079,50,55,-1,-1,6
10113528,53,15,-1,-1,5
10099635,36,55,-1,-1,4
10114230,8,3,-1,-1,3
10115062,41,17,-1,-1,7
10104776,27,19,-1,-1,5
10113188,38,58,-1,-1,6
10113828,10,15,-1,-1,0
10115107,36,9,-1,-1,4
10113594,53,53,-1,-1,2
10111996,32,7,-1,-1,4
10114762,19,38,-1,-1,3
10110869,26,53,-1,-1,3
10113643,10,33,-1,-1,5
10084660,12,24,-1,-1,2
10113926,53,43,-1,-1,2
10112278,10,21,-1,-1,5
10097601,40,4,-1,-1,4
10114359,45,25,-1,-1,0
10114012,37,11,-1,-1,1
10112242,14,56,-1,-1,0
10113779,29,1,-1,-1,3
10113276,24,51,-1,-1,1
10108611,55,49,-1,-1,3
10110674,25,26,-1,-1,0
10112598,35,47,-1,-1,6
10114410,25,58,-1,-1,4
10107958,17,27,-1,-1,6
10113356,12,27,-1,-1,0
10111644,39,20,-1,-1,4
10108444,56,16,-1,-1,6
10113056,4,33,-1,-1,1
10114180,11,39,-1,-1,3
10111589,27,15,-1,-1,2
10113126,36,50,-1,-1,4
10112960,30,31,-1,-1,0
10106118,36,15,-1,-1,3
10114861,42,56,-1,-1,1
10113756,27,45,-1,-1,3
10111937,14,42,-1,-1,6
10113651,20,35,-1,-1,1
10108450,9,15,-1,-1,2
10114703,5,5,-1,-1,6
10115126,18,35,-1,-1,0
10112186,19,14,-1,-1,0
10111090,56,51,-1,-1,0
10114495,13,17,-1,-1,0
10104923,15,12,-1,-1,0
10109560,39,37,-1,-1,6
10114964,17,23,-1,-1,4
10114893,49,20,-1,-1,4
10112925,50,35,-1,-1,5
10110835,45,44,-1,-1,7
10114217,5,34,-1,-1,0
10115049,50,13,-1,-1,3
10111174,22,14,-1,-1,5
10113697,18,24,-1,-1,0
10113036,30,13,-1,-1,6
10114816,5,1,-1,-1,0
10108798,26,42,-1,-1,2
10113002,31,42,-1,-1,1
10114523,29,2,-1,-1,1
10115042,24,36,-1,-1,0
10109353,46,54,-1,-1,3
10114458,52,30,-1,-1,3
10113554,6,19,-1,-1,0
10110981,19,33,-1,-1,0
10113512,25,11,-1,-1,1
10114882,15,3,-1,-1,0
10112793,29,8,-1,-1,6
10114048,57,40,-1,-1,1
10113269,56,6,-1,-1,7
10113519,52,4,-1,-1,0
10113803,33,36,-1,-1,3
10107785,18,46,-1,-1,1
10112182,41,4,-1,-1,0
10102743,25,5,-1,-1,4
10108803,53,6,-1,-1,1
10106850,54,35,-1,-1,2
10113352,43,34,-1,-1,2
10114615,7,41,-1,-1,1
10111399,14,54,-1,-1,3
10114909,49,25,-1,-1,4
10113759,4,3,-1,-1,2
10113727,41,6,-1,-1,4
10110511,26,24,-1,-1,0
10112706,40,23,-1,-1,5
10111779,9,6,-1,-1,5
10111009,23,34,-1,-1,7
10112795,8,58,-1,-1,0
10084527,21,34,-1,-1,7
10113108,28,4,-1,-1,4
10114701,9,23,-1,-1,3
10103631,20,47,-1,-1,1
10114785,4,43,-1,-1,6
10112931,35,22,-1,-1,5
10108230,58,20,-1,-1,4
10111071,54,30,-1,-1,5
10113023,2,34,-1,-1,6
10114334,51,28,-1,-1,4
10111536,10,18,-1,-1,2
10114121,31,23,-1,-1,7
10109476,53,18,-1,-1,7
10111320,18,23,-1,-1,6
10109779,40,24,-1,-1,1
10113682,52,19,-1,-1,5
10114951,38,48,-1,-1,2
10114970,3,48,-1,-1,5
10114242,40,38,-1,-1,7
10109637,20,19,-1,-1,4
10111587,42,42,-1,-1,5
10113890,23,17,-1,-1,2
10113146,42,45,-1,-1,0
10114488,9,41,-1,-1,4
10097065,2,10,-1,-1,1
10114713,27,2,-1,-1,4
10114582,49,40,-1,-1,0
10111638,41,14,-1,-1,4
10113990,45,31,-1,-1,5
10112281,23,1,-1,-1,1
10102121,47,17,-1,-1,2
10102691,57,1,-1,-1,3
10114934,3,15,-1,-1,3
10112736,55,48,-1,-1,4
10114355,15,47,-1,-1,6
10114063,2,25,-1,-1,2
10114846,32,0,-1,-1,1
10112561,20,52,-1,-1,4
10113447,25,4,-1,-1,5
10114431,25,29,-1,-1,2
10107459,29,43,-1,-1,0
10113497,28,33,-1,-1,2
10114636,31,33,-1,-1,0
10104944,24,52,-1,-1,3
10110716,11,6,-1,-1,6
10114689,23,45,-1,-1,6
10110938,24,30,-1,-1,6
10112348,44,52,-1,-1,5
10114061,44,18,-1,-1,5
10112039,35,38,-1,-1,1
10113951,41,31,-1,-1,0
10099844,44,44,-1,-1,0
10113917,46,33,-1,-1,7
10111924,49,58,-1,-1,4
10111332,20,0,-1,-1,7
10114995,22,24,-1,-1,7
10114055,1,19,-1,-1,0
10113713,33,29,-1,-1,1
10110696,8,39,-1,-1,5
10113078,5,9,-1,-1,0
10110873,45,52,-1,-1,2
10113413,4,26,-1,-1,2
10111747,4,51,-1,-1,6
10114186,21,2,-1,-1,4
10112986,26,41,-1,-1,4
10113815,34,24,-1,-1,3
10112854,22,38,-1,-1,1
10101514,57,19,-1,-1,0
10113690,10,1,-1,-1,3
10110456,35,42,-1,-1,6
10112155,2,3,-1,-1,3
10112829,25,20,-1,-1,2
10100505,41,37,-1,-1,4
10113946,8,2,-1,-1,1
10109219,26,34,-1,-1,1
10109027,22,52,-1,-1,2
10108591,0,55,-1,-1,7
10107800,21,49,-1,-1,6
10114542,47,0,-1,-1,6
10107533,33,30,-1,-1,5
10111121,36,6,-1,-1,2
10108057,32,15,-1,-1,5
10114281,34,2,-1,-1,5
10109389,53,8,-1,-1,4
10108309,51,31,-1,-1,3
10108350,11,35,-1,-1,7
10113738,47,50,-1,-1,1
10111140,20,22,-1,-1,5
10114319,1,26,-1,-1,6
10115041,52,21,-1,-1,0
10112415,36,28,-1,-1,2
10112474,10,58,-1,-1,7
10109462,12,23,-1,-1,1
10102591,32,58,-1,-1,6
10113567,56,5,-1,-1,0
10113154,29,52,-1,-1,6
10110216,52,51,-1,-1,6
10112887,29,0,-1,-1,2
10109507,2,38,-1,-1,2
10111059,25,31,-1,-1,1
10111006,2,31,-1,-1,0
10108154,56,13,-1,-1,1
10114880,53,20,-1,-1,3
10112130,48,43,-1,-1,3
10114457,45,15,-1,-1,7
10114777,11,47,-1,-1,6
10114181,19,8,-1,-1,4
10114285,10,11,-1,-1,2
10114966,43,28,-1,-1,2
10114695,36,1,-1,-1,2
10112982,46,57,-1,-1,6
10110655,37,8,-1,-1,3
10114771,32,37,-1,-1,7
10114108,57,12,-1,-1,3
10109846,18,25,-1,-1,5
10114730,28,12,-1,-1,0
10110595,43,21,-1,-1,3
10111234,37,41,-1,-1,1
10112031,50,40,-1,-1,1
10106712,40,33,-1,-1,2
10112849,40,45,-1,-1,2
10113156,27,41,-1,-1,1
10114207,23,27,-1,-1,2
10107454,57,32,-1,-1,4
10114965,52,37,-1,-1,6
10115099,30,24,-1,-1,5
10112459,41,29,-1,-1,3
10114936,0,5,-1,-1,7
10107453,14,3,-1,-1,0
10114377,58,46,-1,-1,6
10111963,44,35,-1,-1,6
10113314,2,16,-1,-1,5
10108143,36,56,-1,-1,1
10111100,16,50,-1,-1,1
10114050,17,2,-1,-1,3
10114907,40,13,-1,-1,7
10112357,49,50,-1,-1,3
10109293,14,6,-1,-1,6
10113846,13,42,-1,-1,0
10108393,36,5,-1,-1,5
10106369,50,18,-1,-1,5
10112544,24,2,-1,-1,2
10110523,35,55,-1,-1,3
10114569,48,57,-1,-1,7
10112874,0,48,-1,-1,3
10113536,55,26,-1,-1,4
10113871,49,55,-1,-1,7
10113675,15,55,-1,-1,7
10114897,6,46,-1,-1,2
10111865,54,48,-1,-1,7
10115018,54,21,-1,-1,3
10108391,34,15,-1,-1,4
10114453,32,39,-1,-1,3
10112993,58,26,-1,-1,3
10113632,41,15,-1,-1,4
10111426,41,7,-1,-1,6
10103284,27,24,-1,-1,5
10112218,41,39,-1,-1,4
10114609,56,47,-1,-1,7
10112676,29,41,-1,-1,5
10113503,0,31,-1,-1,5
10112116,33,57,-1,-1,2
10108858,47,7,-1,-1,5
10109038,0,27,-1,-1,2
10114876,24,12,-1,-1,4
10113371,22,41,-1,-1,4
10110451,35,7,-1,-1,5
10113816,56,53,-1,-1,2
10106569,32,51,-1,-1,7
10114132,4,39,-1,-1,0
10114092,11,52,-1,-1,2
10109987,20,2,-1,-1,2
10112266,40,54,-1,-1,7
10111136,23,32,-1,-1,6
10110768,50,27,-1,-1,3
10114851,37,43,-1,-1,0
10108754,23,30,-1,-1,4
10108656,18,34,-1,-1,4
10114293,36,44,-1,-1,6
10106974,53,1,-1,-1,6
10113970,32,10,-1,-1,1
10112381,51,51,-1,-1,2
10112515,25,28,-1,-1,6
10114320,39,38,-1,-1,1
10107434,42,13,-1,-1,3
10113390,38,7,-1,-1,7
10110526,18,17,-1,-1,3
10112256,18,50,-1,-1,0
10113471,34,11,-1,-1,7
10113409,23,26,-1,-1,5
10113684,28,34,-1,-1,7
10109261,13,4,-1,-1,1
10114670,33,21,-1,-1,4
10112025,15,34,-1,-1,3
10105758,31,35,-1,-1,2
10112949,54,9,-1,-1,2
10114206,24,54,-1,-1,2
10111661,31,56,-1,-1,3
10109491,7,35,-1,-1,5
10114228,48,28,-1,-1,7
10110291,10,16,-1,-1,2
10114697,58,8,-1,-1,6
10113981,51,55,-1,-1,0
10109614,56,21,-1,-1,6
10108861,2,43,-1,-1,6
10111826,51,5,-1,-1,7
10114898,33,45,-1,-1,7
10112221,41,5,-1,-1,7
10106601,26,25,-1,-1,3
10113396,54,28,-1,-1,3
10112471,17,15,-1,-1,7
10110209,10,51,-1,-1,1
10108530,38,18,-1,-1,0
10112725,3,9,-1,-1,4
10114856,13,55,-1,-1,2
10108797,11,31,-1,-1,2
10111629,39,40,-1,-1,7
10107911,16,1,-1,-1,3
10113232,41,52,-1,-1,1
10114027,10,48,-1,-1,3
10111307,39,58,-1,-1,3
10115036,40,57,-1,-1,6
10114170,45,4,-1,-1,7
10113091,0,7,-1,-1,4
10112797,3,10,-1,-1,1
10108252,46,16,-1,-1,2
10113330,58,16,-1,-1,7
10112868,35,53,-1,-1,6
10101397,43,32,-1,-1,6
10112918,19,24,-1,-1,4
10114716,20,27,-1,-1,1
10109593,12,28,-1,-1,0
10110359,57,41,-1,-1,5
10111138,14,31,-1,-1,1
10108095,8,52,-1,-1,6
10111689,57,46,-1,-1,3
10112728,17,24,-1,-1,7
10101518,26,48,-1,-1,4
10108760,57,48,-1,-1,4
10114501,3,42,-1,-1,1
10112163,20,21,-1,-1,0
10111635,44,7,-1,-1,2
10114839,1,6,-1,-1,6
10114096,11,46,-1,-1,3
10109810,20,38,-1,-1,5
10113668,4,7,-1,-1,7
10112550,49,31,-1,-1,7
10114212,32,17,-1,-1,4
10114929,31,21,-1,-1,0
10112730,13,27,-1,-1,4
10113530,51,11,-1,-1,2
10114183,53,40,-1,-1,5
10114567,47,14,-1,-1,6
10111333,20,1,-1,-1,2
10112504,5,15,-1,-1,4
10111154,10,13,-1,-1,3
10114062,46,32,-1,-1,0
10115084,30,8,-1,-1,2
10111062,33,15,-1,-1,0
10114757,54,15,-1,-1,6
10112205,28,16,-1,-1,1
10114396,8,25,-1,-1,3
10111543,39,32,-1,-1,2
10113333,41,58,-1,-1,5
10114925,48,20,-1,-1,1
10114071,53,55,-1,-1,2
10114617,36,37,-1,-1,5
10103132,15,51,-1,-1,0
10113933,17,52,-1,-1,7
10112321,22,43,-1,-1,1
10110143,33,44,-1,-1,3
10113203,29,12,-1,-1,2
10114896,3,45,-1,-1,6
10112686,28,48,-1,-1,0
10112191,21,22,-1,-1,7
10114103,55,0,-1,-1,4
10109813,16,57,-1,-1,6
10110951,10,44,-1,-1,7
10113368,1,17,-1,-1,6
10112623,17,0,-1,-1,2
10114753,28,10,-1,-1,0
10103608,52,25,-1,-1,5
10114438,5,35,-1,-1,3
10111290,37,52,-1,-1,0
10103661,36,41,-1,-1,1
10114680,30,48,-1,-1,0
10112938,16,20,-1,-1,5
10113190,13,31,-1,-1,2
10108426,49,26,-1,-1,6
10113474,19,0,-1,-1,2
10110508,5,49,-1,-1,1
10114043,54,23,-1,-1,6
10102599,5,11,-1,-1,6
10110049,7,51,-1,-1,5
10110771,24,57,-1,-1,3
10107368,38,2,-1,-1,4
10114827,38,10,-1,-1,4
10109797,40,48,-1,-1,2
10114997,36,26,-1,-1,6
10113141,58,4,-1,-1,2
10114174,24,45,-1,-1,6
10089366,50,34,-1,-1,3
10111188,18,19,-1,-1,7
10108432,44,39,-1,-1,0
10114661,30,15,-1,-1,2
10113635,44,54,-1,-1,0
10111554,9,32,-1,-1,0
10113245,34,50,-1,-1,6
10104997,23,9,-1,-1,1
10114276,50,25,-1,-1,5
10114411,14,50,-1,-1,7
10114919,43,41,-1,-1,1
10114980,18,12,-1,-1,6
10110717,27,27,-1,-1,7
10114335,43,1,-1,-1,2
10115103,22,5,-1,-1,2
10114155,10,10,-1,-1,7
10113346,16,40,-1,-1,1
10111651,47,22,-1,-1,4
10113316,27,8,-1,-1,4
10113585,55,31,-1,-1,0
10114935,0,49,-1,-1,6
10114380,50,9,-1,-1,0
10111170,51,4,-1,-1,7
10113734,44,21,-1,-1,3
10109664,40,37,-1,-1,7
10114866,27,43,-1,-1,7
10110921,40,16,-1,-1,3
10114607,13,11,-1,-1,2
10115031,30,38,-1,-1,3
10114867,16,53,-1,-1,7
10114357,50,14,-1,-1,0
10104605,11,41,-1,-1,4
10114039,47,49,-1,-1,5
10115011,47,29,-1,-1,3
10114198,41,19,-1,-1,5
10114570,45,39,-1,-1,7
10112175,21,54,-1,-1,1
10113008,24,13,-1,-1,1
10113943,37,55,-1,-1,6
10105147,27,28,-1,-1,2
10114518,39,11,-1,-1,3
10112255,1,54,-1,-1,2
10112148,2,56,-1,-1,6
10112748,7,26,-1,-1,2
10110544,16,41,-1,-1,1
10114052,35,35,-1,-1,6
10114975,30,6,-1,-1,6
10112678,29,29,-1,-1,0
10114911,18,18,-1,-1,2
10114725,57,55,-1,-1,6
10111726,35,16,-1,-1,4
10112385,6,17,-1,-1,1
10114311,28,56,-1,-1,4
10109155,26,10,-1,-1,1
10114343,16,58,-1,-1,2
10114926,53,36,-1,-1,2
10114352,12,47,-1,-1,2
10114332,42,7,-1,-1,5
10113716,12,20,-1,-1,7
10112934,9,35,-1,-1,3
10108691,20,8,-1,-1,4
10112645,10,47,-1,-1,0
10114102,49,15,-1,-1,4
10114594,25,46,-1,-1,6
10111505,33,2,-1,-1,5
10107438,16,35,-1,-1,6
10108471,48,45,-1,-1,4
10114436,52,34,-1,-1,4
10110601,3,18,-1,-1,6
10114721,41,53,-1,-1,2
10114704,23,41,-1,-1,7
10109557,13,13,-1,-1,6
10114182,12,21,-1,-1,5
10107577,12,10,-1,-1,4
10104197,0,10,-1,-1,0
10114135,45,43,-1,-1,2
10114817,58,51,-1,-1,2
10114344,19,34,-1,-1,3
10104022,27,3,-1,-1,0
10112674,23,40,-1,-1,4
10113480,23,35,-1,-1,6
10110085,22,20,-1,-1,3
10112156,2,23,-1,-1,5
10113996,46,38,-1,-1,2
10113893,23,56,-1,-1,0
10111905,41,41,-1,-1,7
10113989,55,47,-1,-1,3
10110572,4,41,-1,-1,5
10106828,49,28,-1,-1,4
10114955,47,46,-1,-1,1
10113294,49,34,-1,-1,0
10112522,7,32,-1,-1,3
10114988,24,1,-1,-1,3
10114974,23,31,-1,-1,2
10103813,1,28,-1,-1,5
10109917,5,37,-1,-1,1
10102232,8,47,-1,-1,0
10114345,46,13,-1,-1,6
10106291,4,49,-1,-1,0
10114548,25,6,-1,-1,6
10115000,36,21,-1,-1,7
10114818,44,20,-1,-1,0
10114215,34,33,-1,-1,0
10113671,33,38,-1,-1,0
10113328,26,20,-1,-1,3
10113601,37,32,-1,-1,6
10114977,31,37,-1,-1,4
10112442,10,37,-1,-1,2
10110234,23,42,-1,-1,3
10113793,16,9,-1,-1,6
10105957,44,17,-1,-1,2
10112890,49,21,-1,-1,6
10113714,29,5,-1,-1,1
10114432,24,26,-1,-1,0
10110133,28,53,-1,-1,1
10107543,10,30,-1,-1,6
10109943,15,23,-1,-1,5
10114994,18,20,-1,-1,7
10111768,9,20,-1,-1,4
10104588,57,7,-1,-1,7
10113569,11,53,-1,-1,4
10111753,41,8,-1,-1,6
10111162,21,32,-1,-1,5
10114836,29,21,-1,-1,5
10111918,14,40,-1,-1,5
10114443,37,57,-1,-1,7
10107670,6,33,-1,-1,7
10112265,33,8,-1,-1,4
10114639,32,16,-1,-1,6
10114656,51,54,-1,-1,0
10105992,44,19,-1,-1,2
10111728,54,33,-1,-1,1
10111640,12,22,-1,-1,2
10108843,35,27,-1,-1,4
10113211,23,29,-1,-1,3
10113888,4,11,-1,-1,5
10110122,22,46,-1,-1,2
10110832,29,10,-1,-1,0
10113220,6,41,-1,-1,6
10112944,36,45,-1,-1,0
10113007,52,48,-1,-1,2
10108085,22,36,-1,-1,6
10114508,38,55,-1,-1,3
10105189,1,9,-1,-1,0
10113191,46,52,-1,-1,5
10108792,5,30,-1,-1,7
10109561,17,5,-1,-1,1
10110483,9,12,-1,-1,1
10101967,43,58,-1,-1,0
10112745,20,57,-1,-1,2
10113058,38,14,-1,-1,1
10112238,39,50,-1,-1,6
10113133,13,25,-1,-1,7
10111353,6,35,-1,-1,1
10114779,33,54,-1,-1,7
10110855,52,20,-1,-1,4
10111767,39,10,-1,-1,0
10112710,17,4,-1,-1,5
10113899,41,55,-1,-1,2
10109910,12,45,-1,-1,3
10111311,9,54,-1,-1,6
10114630,51,35,-1,-1,5
10112026,28,14,-1,-1,0
10112997,29,53,-1,-1,5
10112983,38,8,-1,-1,7
10107425,56,8,-1,-1,2
10114434,25,50,-1,-1,1
10106436,16,5,-1,-1,5
10110113,11,24,-1,-1,4
10110299,17,20,-1,-1,5
10108820,24,22,-1,-1,5
10113619,10,3,-1,-1,2
10112258,13,36,-1,-1,2
10113334,34,22,-1,-1,0
10110887,14,24,-1,-1,5
10113858,30,3,-1,-1,5
10114991,46,22,-1,-1,1
10112682,35,52,-1,-1,4
10111932,9,30,-1,-1,5
10110463,48,14,-1,-1,4
10114884,10,36,-1,-1,0
10106946,25,30,-1,-1,4
10112401,50,24,-1,-1,7
10109728,12,39,-1,-1,0
10111564,4,21,-1,-1,3
10114466,26,37,-1,-1,6
10114086,10,17,-1,-1,1
10113542,52,15,-1,-1,0
10109705,37,53,-1,-1,0
10112855,31,39,-1,-1,1
10114490,33,6,-1,-1,5
10111987,23,18,-1,-1,7
10113355,15,18,-1,-1,5
10115052,1,53,-1,-1,2
10114222,21,38,-1,-1,6
10107212,31,12,-1,-1,5
10113302,38,20,-1,-1,6
10114949,24,6,-1,-1,4
10112833,10,12,-1,-1,3
10111956,21,11,-1,-1,2
10111456,8,29,-1,-1,4
10113408,27,18,-1,-1,1
10112768,20,39,-1,-1,4
10109909,14,47,-1,-1,2
10114989,9,57,-1,-1,5
10107240,34,31,-1,-1,5
10112115,8,40,-1,-1,2
10112683,25,22,-1,-1,5
10111496,10,23,-1,-1,0
10106758,15,28,-1,-1,3
10113263,37,50,-1,-1,4
10114367,5,58,-1,-1,6
10114831,56,37,-1,-1,6
10110477,8,49,-1,-1,0
10112926,49,44,-1,-1,1
10110105,2,35,-1,-1,6
10107262,9,9,-1,-1,6
10101504,35,39,-1,-1,3
10113822,29,23,-1,-1,0
10111344,11,19,-1,-1,6
10114314,2,6,-1,-1,5
10099484,41,51,-1,-1,2
10109811,7,0,-1,-1,6
10095153,36,17,-1,-1,6
10106817,1,34,-1,-1,2
10111622,7,15,-1,-1,4
10113754,8,6,-1,-1,1
10111269,3,29,-1,-1,2
10112920,47,6,-1,-1,5
10113085,37,37,-1,-1,3
10110059,1,32,-1,-1,2
10113388,14,30,-1,-1,6
10108006,50,15,-1,-1,3
10105932,44,56,-1,-1,5
10111488,46,44,-1,-1,0
10113311,23,49,-1,-1,7
10111211,55,11,-1,-1,2
10113762,57,4,-1,-1,0
10112519,50,41,-1,-1,7
10111360,27,57,-1,-1,0
10106930,55,9,-1,-1,7
10113182,44,30,-1,-1,2
10114095,2,5,-1,-1,3
10114823,52,43,-1,-1,0
10112008,29,54,-1,-1,3
10113163,54,4,-1,-1,4
10110668,28,11,-1,-1,4
10113347,43,33,-1,-1,5
10107735,5,42,-1,-1,6
10112123,18,4,-1,-1,5
10113947,6,2,-1,-1,2
10101524,11,13,-1,-1,2
10113636,2,7,-1,-1,2
10107390,3,11,-1,-1,4
10114576,45,50,-1,-1,1
10113482,32,32,-1,-1,0
10106302,49,41,-1,-1,0
10112746,45,19,-1,-1,6
10109295,58,37,-1,-1,7
10111193,49,4,-1,-1,0
10109990,0,22,-1,-1,6
10111442,9,19,-1,-1,1
10112457,57,25,-1,-1,7
10115050,37,20,-1,-1,2
10114205,46,24,-1,-1,0
10106614,47,25,-1,-1,0
10109308,19,3,-1,-1,1
10106338,20,13,-1,-1,5
10114987,19,12,-1,-1,5
10110129,54,47,-1,-1,3
10114393,3,39,-1,-1,4
10114330,50,0,-1,-1,7
10104259,4,28,-1,-1,3
10113407,26,27,-1,-1,6
10114454,35,28,-1,-1,3
10113864,0,30,-1,-1,6
10108303,41,11,-1,-1,5
10114577,9,27,-1,-1,6
10114663,42,49,-1,-1,3
10114674,25,47,-1,-1,2
10114146,46,40,-1,-1,1
10114368,13,43,-1,-1,2
10114881,9,50,-1,-1,7
10107010,56,33,-1,-1,0
10114073,28,31,-1,-1,3
10111703,31,58,-1,-1,7
10111893,6,32,-1,-1,5
10113731,14,10,-1,-1,3
10113745,51,57,-1,-1,5
10106022,3,21,-1,-1,1
10111108,0,28,-1,-1,0
10115057,22,31,-1,-1,3
10109419,56,39,-1,-1,5
10110055,32,55,-1,-1,7
10114145,9,51,-1,-1,0
10107604,30,57,-1,-1,5
10113894,2,11,-1,-1,4
10113808,4,2,-1,-1,5
10114485,46,19,-1,-1,3
10112414,34,9,-1,-1,2
10114497,16,8,-1,-1,3
10112477,25,19,-1,-1,0
10109569,35,21,-1,-1,2
10113799,29,47,-1,-1,1
10114507,39,55,-1,-1,5
10110316,27,44,-1,-1,7
10113454,8,18,-1,-1,6
10113114,11,15,-1,-1,4
10110747,22,18,-1,-1,7
10108891,57,54,-1,-1,4
10113625,47,37,-1,-1,0
10114530,48,58,-1,-1,4
10111067,33,24,-1,-1,7
10114115,15,9,-1,-1,6
10104279,22,42,-1,-1,0
10101296,31,32,-1,-1,5
10110458,4,9,-1,-1,6
10106788,24,42,-1,-1,2
10113814,32,2,-1,-1,4
10114440,46,8,-1,-1,5
10115114,35,32,-1,-1,4
10111988,28,18,-1,-1,2
10113150,24,33,-1,-1,0
10114992,42,46,-1,-1,6
10113936,45,30,-1,-1,7
10114110,33,34,-1,-1,5
10103477,55,55,-1,-1,7
10113009,54,45,-1,-1,4
10110497,55,57,-1,-1,1
10111604,38,37,-1,-1,5
10113548,7,19,-1,-1,6
10103604,26,33,-1,-1,6
10113449,30,21,-1,-1,6
10111223,25,56,-1,-1,6
10114029,28,17,-1,-1,3
10114770,57,49,-1,-1,4
10112114,52,31,-1,-1,6
10114963,25,37,-1,-1,0
10105206,40,29,-1,-1,4
10106617,58,42,-1,-1,7
10114349,14,34,-1,-1,2
10114608,22,10,-1,-1,3
10113533,10,20,-1,-1,0
10114333,34,39,-1,-1,4
10114755,45,36,-1,-1,3
10112345,56,17,-1,-1,7
10113404,41,0,-1,-1,5
10113823,26,50,-1,-1,4
10115029,14,0,-1,-1,5
10112660,9,47,-1,-1,5
10114134,18,16,-1,-1,0
10110149,15,44,-1,-1,5
10114078,41,42,-1,-1,3
10107581,46,45,-1,-1,2
10112526,48,0,-1,-1,6
10099991,42,14,-1,-1,0
10111716,58,54,-1,-1,5
10111528,54,8,-1,-1,6
10113508,57,52,-1,-1,0
10112061,38,54,-1,-1,1
10112915,27,5,-1,-1,3
10114622,27,12,-1,-1,2
10113605,30,11,-1,-1,1
10109802,44,15,-1,-1,2
10108012,39,22,-1,-1,6
10113787,26,19,-1,-1,6
10114819,55,13,-1,-1,0
10113687,56,41,-1,-1,7
10110025,56,55,-1,-1,4
10107101,6,27,-1,-1,5
10114557,1,21,-1,-1,5
10114041,49,1,-1,-1,2
10111904,15,11,-1,-1,1
10108294,1,22,-1,-1,0
10114654,58,24,-1,-1,0
10111261,31,6,-1,-1,4
10109963,37,21,-1,-1,5
10110584,58,49,-1,-1,5
10113099,26,26,-1,-1,6
10114834,15,26,-1,-1,5
10112609,34,38,-1,-1,5
10114129,0,45,-1,-1,1
10111429,34,26,-1,-1,1
10114561,44,25,-1,-1,3
10106185,2,18,-1,-1,1
10112051,30,4,-1,-1,2
10099976,41,34,-1,-1,7
10113579,33,55,-1,-1,7
10114756,22,37,-1,-1,5
10107297,52,11,-1,-1,5
10112132,43,47,-1,-1,1
10110954,39,52,-1,-1,1
10110593,52,12,-1,-1,1
10112487,26,47,-1,-1,7
10114473,39,46,-1,-1,0
10113797,46,58,-1,-1,1
10109513,53,0,-1,-1,4
10114706,23,6,-1,-1,7
10111914,9,33,-1,-1,3
10107546,25,55,-1,-1,1
10111903,14,15,-1,-1,5
10112584,55,12,-1,-1,6
10112671,28,2,-1,-1,4
10114127,2,14,-1,-1,2
10112638,18,55,-1,-1,1
10114993,27,40,-1,-1,5
10107586,49,45,-1,-1,2
10114040,5,13,-1,-1,4
10112314,57,9,-1,-1,4
10099715,57,29,-1,-1,4
10113227,54,40,-1,-1,1
10102870,54,44,-1,-1,2
10113764,33,16,-1,-1,5
10114631,12,33,-1,-1,7
10112633,38,11,-1,-1,3
10095598,3,52,-1,-1,1
10114286,58,45,-1,-1,7
10111792,30,55,-1,-1,1
10113700,33,26,-1,-1,2
10113948,11,17,-1,-1,5
10114623,41,22,-1,-1,1
10114598,28,1,-1,-1,4
10112179,46,53,-1,-1,5
10107402,39,41,-1,-1,5
10110919,15,17,-1,-1,7
10112517,21,51,-1,-1,4
10114643,0,56,-1,-1,0
10114629,53,58,-1,-1,1
10109008,21,5,-1,-1,7
10115039,53,9,-1,-1,2
10114282,26,13,-1,-1,1
10106298,25,35,-1,-1,5
10111015,34,54,-1,-1,0
10109192,20,37,-1,-1,3
10114981,52,8,-1,-1,1
10107421,27,38,-1,-1,5
10115067,24,23,-1,-1,1
10105152,38,19,-1,-1,2
10114019,13,29,-1,-1,7
10113924,31,4,-1,-1,5
10114715,32,21,-1,-1,6
10114872,15,10,-1,-1,3
10113875,37,31,-1,-1,3
10113586,25,32,-1,-1,0
10113570,39,33,-1,-1,0
10113499,36,35,-1,-1,2
10113426,32,4,-1,-1,7
10114058,15,39,-1,-1,4
10114678,48,10,-1,-1,7
10112773,56,38,-1,-1,7
10114912,29,50,-1,-1,6
10114668,9,46,-1,-1,4
10112497,47,20,-1,-1,4
10108931,28,25,-1,-1,5
10114627,13,0,-1,-1,3
10111529,29,22,-1,-1,0
10114162,2,24,-1,-1,7
10115112,38,56,-1,-1,4
10113147,13,6,-1,-1,4
10113455,1,4,-1,-1,5
10113766,54,51,-1,-1,0
10112483,46,50,-1,-1,0
10114599,27,31,-1,-1,7
10104837,6,28,-1,-1,7
10110412,10,46,-1,-1,6
10114651,1,24,-1,-1,6
10110159,47,56,-1,-1,2
10114633,14,39,-1,-1,6
10106219,39,4,-1,-1,4
10113028,55,54,-1,-1,2
10111338,57,35,-1,-1,4
10114742,5,47,-1,-1,2
10114194,48,44,-1,-1,0
10112424,30,47,-1,-1,3
10096884,17,35,-1,-1,5
10108877,47,24,-1,-1,2
10111262,12,8,-1,-1,0
10109030,31,3,-1,-1,2
10111392,31,5,-1,-1,1
10106786,19,9,-1,-1,3
10113060,2,53,-1,-1,1
10111331,53,28,-1,-1,4
10114059,20,43,-1,-1,3
10114952,28,9,-1,-1,3
10113054,20,53,-1,-1,6
10112906,27,23,-1,-1,5
10111133,52,44,-1,-1,1
10106491,18,8,-1,-1,5
10113997,3,26,-1,-1,2
10112722,54,29,-1,-1,0
10105253,50,32,-1,-1,2
10111245,32,47,-1,-1,2
10113695,53,12,-1,-1,5
10111534,47,39,-1,-1,2
10113967,38,52,-1,-1,0
10099925,23,12,-1,-1,6
10114267,13,12,-1,-1,7
10111948,37,18,-1,-1,3
10110343,33,22,-1,-1,7
10113918,45,6,-1,-1,0
10114390,25,52,-1,-1,5
10107306,26,22,-1,-1,1
10111156,20,9,-1,-1,7
10106563,12,4,-1,-1,6
10107645,39,35,-1,-1,5
10114329,40,34,-1,-1,5
10114178,53,34,-1,-1,1
10115095,27,56,-1,-1,5
10110763,29,6,-1,-1,7
10112644,28,50,-1,-1,6
10103728,23,46,-1,-1,1
10111192,51,41,-1,-1,1
10112512,45,26,-1,-1,3
10113515,13,38,-1,-1,3
10113830,34,4,-1,-1,3
10113469,16,14,-1,-1,5
10114579,29,35,-1,-1,0
10115028,21,41,-1,-1,7
10102951,58,32,-1,-1,3
10113498,42,24,-1,-1,2
10106353,51,53,-1,-1,7
10112919,22,30,-1,-1,2
10113102,53,29,-1,-1,0
10114885,0,29,-1,-1,1
10106538,10,8,-1,-1,6
10100277,4,58,-1,-1,0
10114238,12,54,-1,-1,0
10114203,30,39,-1,-1,3
10114821,28,30,-1,-1,1
10108894,0,17,-1,-1,1
10112979,30,9,-1,-1,1
10113268,3,56,-1,-1,7
10101254,14,22,-1,-1,4
10109126,54,16,-1,-1,3
10107884,42,52,-1,-1,3
10114154,22,32,-1,-1,0
10110958,17,30,-1,-1,7
10106941,42,26,-1,-1,5
10111879,58,35,-1,-1,2
10114787,24,24,-1,-1,5
10113715,9,18,-1,-1,7
10113488,6,4,-1,-1,4
10103079,12,18,-1,-1,5
10111070,30,44,-1,-1,4
10106837,33,0,-1,-1,6
10114796,46,7,-1,-1,3
10112407,15,1,-1,-1,6
10114927,54,49,-1,-1,2
10112486,49,23,-1,-1,1
10113982,13,45,-1,-1,4
10107374,20,33,-1,-1,0
10112719,20,16,-1,-1,3
10100234,37,1,-1,-1,3
10112172,12,46,-1,-1,7
10106913,55,23,-1,-1,7
10106944,3,53,-1,-1,0
10113392,18,22,-1,-1,5
10114232,6,23,-1,-1,5
10113381,54,41,-1,-1,2
10108224,8,45,-1,-1,1
10110896,58,3,-1,-1,0
10112147,45,13,-1,-1,3
10114683,56,34,-1,-1,5
10114328,30,43,-1,-1,3
10112244,16,56,-1,-1,6
10113581,58,18,-1,-1,6
10110237,14,18,-1,-1,4
10115116,41,45,-1,-1,6
10113006,9,43,-1,-1,3
10114033,14,23,-1,-1,2
10112464,26,14,-1,-1,1
10113623,9,58,-1,-1,1
10108377,0,50,-1,-1,7
10112063,1,23,-1,-1,7
10113237,40,27,-1,-1,2
10114164,41,24,-1,-1,6
10110661,26,9,-1,-1,7
10113836,0,13,-1,-1,3
10114240,52,1,-1,-1,2
10108810,10,42,-1,-1,5
10106791,24,27,-1,-1,0
10112826,8,35,-1,-1,5
10113761,19,16,-1,-1,6
10111468,35,5,-1,-1,1
10114502,48,46,-1,-1,6
10104114,27,4,-1,-1,5
10114249,35,37,-1,-1,3
10108948,14,32,-1,-1,5
10113520,34,19,-1,-1,5
10113562,49,42,-1,-1,0
10114664,23,54,-1,-1,6
10112004,56,26,-1,-1,4
10114714,32,50,-1,-1,6
10115086,39,6,-1,-1,4
10110846,16,33,-1,-1,6
10103283,39,51,-1,-1,5
10112580,47,12,-1,-1,6
10111419,51,38,-1,-1,5
10114422,31,34,-1,-1,4
10114865,3,57,-1,-1,2
10114699,24,34,-1,-1,4
10110303,17,6,-1,-1,1
10114506,38,46,-1,-1,1
10114723,16,44,-1,-1,1
10113125,7,7,-1,-1,1
10100888,56,28,-1,-1,4
10114130,12,38,-1,-1,5
10112443,47,58,-1,-1,3
10105984,29,9,-1,-1,3
10107917,6,52,-1,-1,3
10093230,47,41,-1,-1,3
10114667,5,17,-1,-1,0
10108116,10,14,-1,-1,1
10114833,47,44,-1,-1,5
10112885,22,4,-1,-1,6
10112976,15,58,-1,-1,4
10113195,52,49,-1,-1,3
10109469,53,25,-1,-1,2
10110178,50,8,-1,-1,4
10113327,16,39,-1,-1,7
10108363,14,13,-1,-1,6
10111581,42,35,-1,-1,5
10114253,40,9,-1,-1,5
10110099,45,9,-1,-1,4
10112344,39,2,-1,-1,6
10113965,43,5,-1,-1,3
10114575,28,38,-1,-1,7
10114014,13,41,-1,-1,1
10109534,57,51,-1,-1,4
10113992,35,15,-1,-1,4
10114363,49,46,-1,-1,0
10114932,22,47,-1,-1,1
10115030,31,48,-1,-1,0
10111546,24,10,-1,-1,7
10113711,45,34,-1,-1,7
10108899,46,51,-1,-1,0
10104817,6,54,-1,-1,3
10112476,55,15,-1,-1,0
10104267,41,10,-1,-1,5
10114931,52,7,-1,-1,1
10113961,5,45,-1,-1,4
10113077,42,33,-1,-1,5
10113465,19,28,-1,-1,4
10114837,12,1,-1,-1,4
10112062,14,46,-1,-1,7
10112451,31,22,-1,-1,7
10114894,55,25,-1,-1,1
10106983,32,36,-1,-1,4
10114351,22,11,-1,-1,5
10114686,0,12,-1,-1,1
10114539,22,56,-1,-1,6
10112237,43,48,-1,-1,4
10108262,56,2,-1,-1,5
10108965,6,18,-1,-1,0
10113123,56,7,-1,-1,6
10113886,25,9,-1,-1,5
10114210,4,54,-1,-1,3
10113985,18,30,-1,-1,7
10110372,19,52,-1,-1,4
10109902,16,42,-1,-1,7
10111478,6,42,-1,-1,5
10113414,44,45,-1,-1,1
10113529,55,41,-1,-1,4
10113225,9,7,-1,-1,3
10113558,0,33,-1,-1,6
10113944,40,28,-1,-1,4
10108005,33,20,-1,-1,3
10108515,7,21,-1,-1,3
10113929,12,41,-1,-1,1
10105836,55,37,-1,-1,5
10114498,17,45,-1,-1,0
10112937,10,7,-1,-1,0
10109926,41,30,-1,-1,3
10110056,51,32,-1,-1,0
10113389,23,13,-1,-1,3
10111515,45,5,-1,-1,5
10113757,14,21,-1,-1,5
10113287,57,58,-1,-1,4
10112843,40,15,-1,-1,0
10113940,19,55,-1,-1,7
10113467,39,44,-1,-1,0
10111336,17,39,-1,-1,7
10103707,27,0,-1,-1,7
10112305,9,39,-1,-1,1
10114604,3,22,-1,-1,7
10110305,29,49,-1,-1,2
10111671,18,1,-1,-1,5
10096819,22,51,-1,-1,3
10113976,53,16,-1,-1,3
10112279,48,41,-1,-1,7
10113638,54,10,-1,-1,3
10113339,12,56,-1,-1,2
10115016,6,40,-1,-1,6
10111997,43,7,-1,-1,3
10113257,20,5,-1,-1,5
10110875,26,7,-1,-1,4
10114341,25,13,-1,-1,7
10114321,5,56,-1,-1,2
10112994,56,12,-1,-1,2
10112820,30,49,-1,-1,3
10112693,16,3,-1,-1,0
10109936,29,44,-1,-1,6
10113577,27,25,-1,-1,3
10106031,21,17,-1,-1,7
10111462,2,30,-1,-1,3
10114214,13,34,-1,-1,3
10111959,58,22,-1,-1,5
10113236,2,33,-1,-1,2
10112941,33,56,-1,-1,1
10109868,34,32,-1,-1,7
10112902,31,45,-1,-1,1
10110953,42,51,-1,-1,5
10113650,56,58,-1,-1,1
10112642,47,26,-1,-1,3
10112624,35,56,-1,-1,0
10112246,17,13,-1,-1,2
10112103,12,51,-1,-1,5
10112137,51,29,-1,-1,6
10114613,13,46,-1,-1,6
10111454,50,12,-1,-1,2
10110693,14,25,-1,-1,4
10114418,0,1,-1,-1,1
10109069,40,5,-1,-1,2
10112417,33,46,-1,-1,1
10114388,6,53,-1,-1,0
10110530,19,39,-1,-1,2
10104721,3,7,-1,-1,4
10114486,24,55,-1,-1,2
10111654,55,2,-1,-1,7
10114953,52,26,-1,-1,2
10110044,50,17,-1,-1,4
10098590,28,22,-1,-1,0
10112038,10,52,-1,-1,6
10113538,52,33,-1,-1,2
10109026,56,11,-1,-1,7
10106547,49,10,-1,-1,6
10114441,46,14,-1,-1,4
10114067,4,35,-1,-1,7
10114196,39,53,-1,-1,3
10112022,5,20,-1,-1,2
10113213,39,7,-1,-1,0
10110840,54,19,-1,-1,4
10114340,6,1,-1,-1,0
10114514,42,32,-1,-1,5
10114947,9,28,-1,-1,3
10113035,36,4,-1,-1,1
10102042,6,45,-1,-1,7
10108684,58,5,-1,-1,0
10114948,8,11,-1,-1,4
10113240,16,24,-1,-1,5
10109230,29,27,-1,-1,6
10111637,52,58,-1,-1,2
10109180,3,31,-1,-1,4
10111783,32,30,-1,-1,6
10100346,21,33,-1,-1,0
10113617,14,33,-1,-1,5
10109276,20,30,-1,-1,0
10109989,7,16,-1,-1,6
10112755,7,14,-1,-1,3
10111124,53,33,-1,-1,7
10106964,28,19,-1,-1,7
10111273,7,9,-1,-1,2
10113370,7,31,-1,-1,0
10110121,16,43,-1,-1,3
10114832,27,49,-1,-1,7
10112880,57,8,-1,-1,1
10114942,43,12,-1,-1,0
10108487,54,39,-1,-1,7
10111698,41,23,-1,-1,4
10111471,8,14,-1,-1,7
10113648,44,53,-1,-1,7
10114766,24,47,-1,-1,3
10113293,4,19,-1,-1,1
10109165,44,23,-1,-1,1
10110897,23,43,-1,-1,7
10114891,22,1,-1,-1,0
10112789,20,29,-1,-1,2
10114229,38,39,-1,-1,2
10112404,29,38,-1,-1,2
10112935,9,16,-1,-1,6
10109919,14,55,-1,-1,3
10113796,46,21,-1,-1,3
10115069,4,25,-1,-1,2
10113753,12,3,-1,-1,4
10113315,48,8,-1,-1,2
10113000,34,47,-1,-1,1
10098198,37,2,-1,-1,0
10113106,35,4,-1,-1,5
10105745,44,2,-1,-1,2
10114111,1,29,-1,-1,3
10112195,14,9,-1,-1,4
10110618,11,10,-1,-1,6
10114318,19,37,-1,-1,4
10107964,46,37,-1,-1,2
10113837,35,34,-1,-1,7
10108254,26,4,-1,-1,1
10109079,57,0,-1,-1,4
10111164,44,57,-1,-1,2
10110185,8,44,-1,-1,5
10114036,19,13,-1,-1,4
10108729,35,2,-1,-1,6
10113178,54,42,-1,-1,0
10112393,31,15,-1,-1,4
10111415,48,49,-1,-1,5
10107663,1,46,-1,-1,0
10109059,31,27,-1,-1,4
10113932,7,5,-1,-1,1
10108244,44,1,-1,-1,1
10114136,50,10,-1,-1,1
10112169,23,38,-1,-1,7
10112433,47,55,-1,-1,6
10110754,28,51,-1,-1,3
10114958,34,41,-1,-1,6
10110723,44,58,-1,-1,6
10110098,15,40,-1,-1,6
10105829,41,56,-1,-1,4
10103892,33,53,-1,-1,5
10114013,50,39,-1,-1,2
10109206,44,41,-1,-1,0
10114741,31,14,-1,-1,3
10113470,20,34,-1,-1,1
10104502,51,45,-1,-1,4
10113448,33,28,-1,-1,0
10108829,55,42,-1,-1,5
10109668,21,35,-1,-1,0
10109294,57,30,-1,-1,3
10111195,45,40,-1,-1,1
10112860,28,21,-1,-1,1
10114562,24,43,-1,-1,7
10112364,38,41,-1,-1,7
10113402,16,32,-1,-1,6
10112336,39,49,-1,-1,3
10115063,40,0,-1,-1,0
10115117,1,33,-1,-1,3
10112334,48,13,-1,-1,5
10114032,57,27,-1,-1,4
10114738,5,50,-1,-1,0
10114017,32,43,-1,-1,2
10112955,43,0,-1,-1,1
10112836,41,46,-1,-1,0
10113959,4,13,-1,-1,1
10114156,9,29,-1,-1,0
10114350,19,49,-1,-1,0
10112894,4,55,-1,-1,6
10114255,53,51,-1,-1,7
10111018,19,41,-1,-1,6
10115007,1,27,-1,-1,6
10113501,6,12,-1,-1,3
10112338,24,29,-1,-1,2
10114886,57,37,-1,-1,5
10111122,24,48,-1,-1,0
10114252,36,30,-1,-1,1
10114902,28,41,-1,-1,7
10113020,12,7,-1,-1,5
10112954,12,6,-1,-1,6
10107040,20,10,-1,-1,6
10113818,54,25,-1,-1,6
10113509,34,16,-1,-1,7
10106978,20,41,-1,-1,6
10109255,45,11,-1,-1,2
10114300,24,4,-1,-1,2
10112861,54,56,-1,-1,3
10115044,33,23,-1,-1,4
10112055,10,0,-1,-1,6
10111880,42,57,-1,-1,6
10113281,12,53,-1,-1,3
10108664,58,12,-1,-1,3
10114379,10,53,-1,-1,4
10112241,37,0,-1,-1,4
10101854,16,34,-1,-1,5
10112330,8,50,-1,-1,1
10108564,25,42,-1,-1,7
10114830,46,5,-1,-1,0
10110253,31,16,-1,-1,0
10112339,14,8,-1,-1,5
10107164,3,2,-1,-1,1
10113817,48,15,-1,-1,5
10110137,9,26,-1,-1,7
10114645,58,10,-1,-1,1
10110943,29,19,-1,-1,2
10114395,39,34,-1,-1,4
10111652,5,51,-1,-1,7
10114246,18,56,-1,-1,3
10113128,18,42,-1,-1,0
10103619,1,11,-1,-1,6
10110893,20,31,-1,-1,4
10104149,49,57,-1,-1,1
10114416,4,14,-1,-1,4
10110742,1,52,-1,-1,1
10110801,11,5,-1,-1,2
10109695,23,39,-1,-1,6
10109330,40,35,-1,-1,5
10112403,23,24,-1,-1,2
10114133,6,5,-1,-1,3
10114605,13,26,-1,-1,3
10113749,57,38,-1,-1,4
10105903,51,19,-1,-1,6
10114590,28,46,-1,-1,2
10114525,30,37,-1,-1,4
10111597,50,20,-1,-1,2
10112449,2,47,-1,-1,1
10113870,52,54,-1,-1,0
10110340,11,23,-1,-1,5
10105282,26,17,-1,-1,3
10113353,50,54,-1,-1,5
10111800,47,27,-1,-1,1
10107886,50,29,-1,-1,1
10109851,1,31,-1,-1,0
10114734,36,57,-1,-1,7
10112813,50,48,-1,-1,7
10114798,44,51,-1,-1,7
10113549,38,27,-1,-1,6
10108246,4,57,-1,-1,1
10108409,3,47,-1,-1,0
10114957,42,1,-1,-1,1
10113935,58,15,-1,-1,2
10111073,3,33,-1,-1,2
10109200,1,5,-1,-1,2
10108267,58,55,-1,-1,1
10112110,41,28,-1,-1,6
10112082,47,5,-1,-1,0
10113838,25,10,-1,-1,0
10112014,54,55,-1,-1,0
10113995,44,9,-1,-1,7
10113633,2,37,-1,-1,1
10113780,19,1,-1,-1,3
10113973,8,53,-1,-1,1
10112554,22,39,-1,-1,6
10111701,17,48,-1,-1,7
10114775,21,45,-1,-1,1
10114504,23,37,-1,-1,4
10111143,34,52,-1,-1,6
10114588,37,29,-1,-1,0
10113602,32,1,-1,-1,7
10114841,50,44,-1,-1,7
10114606,50,22,-1,-1,5
10114144,28,39,-1,-1,3
10111655,13,3,-1,-1,7
10110630,49,27,-1,-1,7
10112744,29,7,-1,-1,0
10114369,38,47,-1,-1,4
10102958,35,58,-1,-1,5
10113654,2,39,-1,-1,7
10114950,11,37,-1,-1,2
10114455,16,36,-1,-1,0
10113531,15,4,-1,-1,7
10112285,40,17,-1,-1,5
10112819,52,42,-1,-1,5
10112405,13,47,-1,-1,5
10112865,53,7,-1,-1,0
10112270,46,42,-1,-1,1
10114461,11,38,-1,-1,6
10113607,35,50,-1,-1,0
10112143,12,11,-1,-1,6
10113255,44,37,-1,-1,5
10112640,3,40,-1,-1,3
10110329,23,5,-1,-1,1
10114172,36,34,-1,-1,2
10113506,42,11,-1,-1,5
10112775,33,41,-1,-1,5
10105887,55,7,-1,-1,3
10114138,51,58,-1,-1,2
10113583,5,29,-1,-1,6
10108603,9,56,-1,-1,7
10114505,5,53,-1,-1,4
10112637,31,49,-1,-1,6
10100275,55,50,-1,-1,1
10109378,56,32,-1,-1,6
10114430,38,32,-1,-1,0
10110174,57,6,-1,-1,0
10111688,8,17,-1,-1,3
10111301,15,32,-1,-1,2
10112203,19,48,-1,-1,0
10111372,58,58,-1,-1,0
10110094,20,46,-1,-1,2
10113804,39,25,-1,-1,3
10113937,30,12,-1,-1,1
10111590,50,45,-1,-1,1
10113611,48,33,-1,-1,1
10107582,47,3,-1,-1,3
10104033,17,7,-1,-1,1
10108052,34,10,-1,-1,7
10114287,47,13,-1,-1,3
10115024,12,31,-1,-1,3
10113087,42,12,-1,-1,7
10108972,51,44,-1,-1,3
10114492,19,43,-1,-1,0
10115113,33,35,-1,-1,5
10113004,56,36,-1,-1,1
10115073,12,5,-1,-1,7
10114591,57,15,-1,-1,6
10112963,38,29,-1,-1,1
10112391,58,50,-1,-1,3
10114428,42,40,-1,-1,3
10111095,35,45,-1,-1,3
10109776,5,43,-1,-1,3
10114327,43,15,-1,-1,6
10113286,36,52,-1,-1,2
10104859,40,32,-1,-1,1
10110029,56,27,-1,-1,3
10104027,34,27,-1,-1,0
10114835,56,14,-1,-1,5
10107137,13,7,-1,-1,0
10112565,47,28,-1,-1,6
10113468,48,31,-1,-1,4
10108249,20,18,-1,-1,1
10113369,17,16,-1,-1,5
10110686,29,56,-1,-1,0
10110863,55,28,-1,-1,4
10106943,11,34,-1,-1,2
10110008,28,13,-1,-1,4
10111034,55,29,-1,-1,4
10114158,33,1,-1,-1,3
10106245,55,33,-1,-1,5
10114543,25,34,-1,-1,1
10111274,4,44,-1,-1,4
10115128,55,39,-1,-1,5
10112149,46,17,-1,-1,1
10112980,30,50,-1,-1,5
10114914,26,46,-1,-1,3
10113881,43,35,-1,-1,2
10114389,45,38,-1,-1,5
10114070,12,9,-1,-1,1
10111819,32,18,-1,-1,7
10113802,49,9,-1,-1,3
10113998,47,54,-1,-1,0
10114549,23,58,-1,-1,6
10110984,33,49,-1,-1,4
10114256,26,36,-1,-1,4
10114705,53,27,-1,-1,1
10114468,49,29,-1,-1,2
10111967,11,42,-1,-1,2
10112215,39,39,-1,-1,0
10108904,40,51,-1,-1,4
10112863,30,10,-1,-1,7
10113782,44,31,-1,-1,2
10110354,23,15,-1,-1,4
10113597,2,40,-1,-1,7
10112111,10,26,-1,-1,1
10115122,3,50,-1,-1,1
10114621,31,51,-1,-1,3
10111308,26,8,-1,-1,3
10113391,52,45,-1,-1,0
10101071,14,16,-1,-1,7
10113595,22,9,-1,-1,1
10110550,30,52,-1,-1,1
10114517,47,48,-1,-1,0
10113070,6,50,-1,-1,2
10114289,10,39,-1,-1,0
10111677,12,0,-1,-1,4
10111737,9,5,-1,-1,7
10114638,24,15,-1,-1,6
10110254,1,0,-1,-1,4
10113550,34,13,-1,-1,1
10114799,1,58,-1,-1,7
10104306,54,27,-1,-1,6
10112650,17,32,-1,-1,2
10114743,24,0,-1,-1,6
10113966,54,6,-1,-1,7
10112164,49,3,-1,-1,1
10114167,34,17,-1,-1,2
10115077,11,7,-1,-1,0
10111667,29,40,-1,-1,7
10111674,12,40,-1,-1,3
10111823,42,36,-1,-1,6
10112171,45,12,-1,-1,3
10107652,41,48,-1,-1,7
10114325,7,10,-1,-1,7
10113064,30,16,-1,-1,6
10114126,22,19,-1,-1,5
10110389,24,16,-1,-1,1
10112783,37,48,-1,-1,7
10112295,3,0,-1,-1,1
10113861,54,58,-1,-1,3
10112220,58,9,-1,-1,2
10112973,58,6,-1,-1,2
10113874,52,3,-1,-1,7
10114510,56,56,-1,-1,7
10105456,46,12,-1,-1,4
10100819,30,19,-1,-1,1
10112852,29,15,-1,-1,0
10115119,43,40,-1,-1,2
10103230,4,6,-1,-1,3
10114790,24,28,-1,-1,2
10112434,45,42,-1,-1,1
10111291,6,31,-1,-1,4
10113672,56,29,-1,-1,2
10107146,31,24,-1,-1,3
10112427,9,49,-1,-1,2
10113988,49,49,-1,-1,6
10111480,53,45,-1,-1,6
10113216,9,14,-1,-1,7
10112610,43,45,-1,-1,6
10112942,54,52,-1,-1,3
10112426,49,39,-1,-1,7
10105435,25,39,-1,-1,2
10115080,27,13,-1,-1,5
10111329,25,38,-1,-1,0
10111984,28,43,-1,-1,3
10114114,35,19,-1,-1,1
10114611,7,23,-1,-1,5
10112659,46,41,-1,-1,0
10113291,7,37,-1,-1,1
10105660,22,53,-1,-1,7
10111036,10,25,-1,-1,6
10113840,3,32,-1,-1,6
10111014,43,25,-1,-1,1
10108265,50,51,-1,-1,2
10111584,40,2,-1,-1,7
10112866,14,41,-1,-1,3
10112507,13,49,-1,-1,0
10113139,49,2,-1,-1,0
10115102,24,20,-1,-1,2
10112950,7,42,-1,-1,2
10113167,15,33,-1,-1,2
10104794,34,20,-1,-1,6
10113343,24,56,-1,-1,6
10113778,5,22,-1,-1,2
10108378,46,0,-1,-1,2
10110199,33,25,-1,-1,0
10107770,49,48,-1,-1,3
10106889,40,14,-1,-1,0
10114750,26,39,-1,-1,4
10114192,46,2,-1,-1,6
10113962,37,23,-1,-1,3
10110160,47,11,-1,-1,3
10112952,58,48,-1,-1,5
10107752,36,36,-1,-1,6
10107624,38,31,-1,-1,4
10112913,6,44,-1,-1,4
10109287,50,3,-1,-1,7
10114426,21,19,-1,-1,3
10114924,18,49,-1,-1,5
10106226,56,24,-1,-1,0
10114280,44,13,-1,-1,1
10109616,7,13,-1,-1,6
10107692,5,46,-1,-1,0
10114109,27,30,-1,-1,4
10103047,0,46,-1,-1,4
10113560,11,57,-1,-1,2
10114620,0,21,-1,-1,6
10115118,22,35,-1,-1,5
10115059,50,49,-1,-1,0
10114815,22,40,-1,-1,2
10114084,32,57,-1,-1,5
10108659,54,46,-1,-1,4
10113476,24,9,-1,-1,3
10110259,57,26,-1,-1,3
10114596,50,2,-1,-1,1
10114219,48,50,-1,-1,2
10106081,8,42,-1,-1,3
10112655,17,18,-1,-1,4
10114163,8,43,-1,-1,4
10086317,32,5,-1,-1,3
10113885,57,53,-1,-1,4
10106562,33,51,-1,-1,0
10113898,55,34,-1,-1,2
10112691,5,38,-1,-1,0
10114677,28,0,-1,-1,6
10113768,20,25,-1,-1,4
10113038,21,58,-1,-1,4
10107541,6,0,-1,-1,5
10114763,31,28,-1,-1,2
10096555,23,50,-1,-1,0
10113765,35,30,-1,-1,7
10107061,27,9,-1,-1,2
10105008,3,37,-1,-1,2
10113889,13,57,-1,-1,5
10115104,36,19,-1,-1,7
10106692,18,31,-1,-1,3
10106167,28,3,-1,-1,6
10114322,16,55,-1,-1,2
10109497,10,19,-1,-1,7
10112293,56,25,-1,-1,7
10114640,36,11,-1,-1,1
10109032,44,33,-1,-1,1
10114848,44,14,-1,-1,2
10112268,23,20,-1,-1,7
10115051,58,47,-1,-1,3
10110142,37,28,-1,-1,2
10105051,8,7,-1,-1,7
10113732,16,54,-1,-1,1
10112803,27,42,-1,-1,0
10109531,43,27,-1,-1,5
10112375,33,40,-1,-1,2
10113665,24,5,-1,-1,5
10113868,44,46,-1,-1,6
10085947,13,39,-1,-1,4
10114648,17,14,-1,-1,0
10090112,0,24,-1,-1,1
10110797,0,6,-1,-1,7
10114838,6,21,-1,-1,1
10113050,55,32,-1,-1,6
10112851,4,20,-1,-1,3
10097861,48,30,-1,-1,7
10113207,15,21,-1,-1,4
10112592,45,48,-1,-1,0
10113140,48,7,-1,-1,1
10113612,19,29,-1,-1,5
10113274,49,51,-1,-1,4
10111315,37,35,-1,-1,6
10114900,41,25,-1,-1,6
10105814,4,17,-1,-1,5
10114124,42,27,-1,-1,5
10109891,21,47,-1,-1,2
10112302,20,56,-1,-1,4
10113034,50,28,-1,-1,2
10114098,27,54,-1,-1,5
10111668,6,8,-1,-1,1
10111129,42,34,-1,-1,6
10112970,48,11,-1,-1,4
10114112,37,40,-1,-1,3
10114140,38,22,-1,-1,6
10113923,22,22,-1,-1,7
10113303,49,11,-1,-1,2
10114116,50,19,-1,-1,2
10111437,29,36,-1,-1,5
10113979,7,8,-1,-1,1
10110314,15,24,-1,-1,1
10102331,28,32,-1,-1,1
10114776,25,3,-1,-1,7
10113925,8,33,-1,-1,2
10112524,18,53,-1,-1,0
10113022,39,24,-1,-1,4
10110332,31,47,-1,-1,0
10110490,22,21,-1,-1,7
10112809,25,44,-1,-1,4
10112664,28,45,-1,-1,3
10109638,15,8,-1,-1,6
10111978,55,8,-1,-1,1
10113131,45,33,-1,-1,3
10112125,3,38,-1,-1,4
10112727,41,54,-1,-1,1
10113895,10,5,-1,-1,5
10112467,51,40,-1,-1,1
10104910,14,35,-1,-1,6
10111653,32,40,-1,-1,7
10113473,22,2,-1,-1,7
10114803,49,17,-1,-1,6
10113614,44,34,-1,-1,3
10112454,22,45,-1,-1,3
10101425,7,3,-1,-1,0
10114094,49,33,-1,-1,2
10114540,15,49,-1,-1,2
10113791,18,11,-1,-1,4
10114475,8,46,-1,-1,7
10112398,14,43,-1,-1,3
10106488,48,6,-1,-1,3
10103166,42,20,-1,-1,4
10112582,22,26,-1,-1,1
10115110,8,54,-1,-1,3
10114439,4,40,-1,-1,6
10112456,43,55,-1,-1,4
10111477,31,38,-1,-1,7
10112765,17,42,-1,-1,4
10114493,53,48,-1,-1,3
10112688,55,6,-1,-1,2
10113153,41,35,-1,-1,5
10113755,8,19,-1,-1,3
10114209,44,50,-1,-1,3
10114553,18,47,-1,-1,1
10114398,49,13,-1,-1,6
10114185,8,23,-1,-1,3
10113072,35,20,-1,-1,4
10101044,29,28,-1,-1,2
10110002,45,54,-1,-1,5
10105088,51,17,-1,-1,3
10114295,32,8,-1,-1,1
10112740,54,3,-1,-1,5
10113224,30,18,-1,-1,4
10110382,55,14,-1,-1,7
10109394,22,7,-1,-1,2
10111441,38,40,-1,-1,2
10103924,3,5,-1,-1,3
10110969,20,58,-1,-1,2
10112118,39,31,-1,-1,6
10115106,45,51,-1,-1,4
10110602,42,53,-1,-1,3
10103334,13,22,-1,-1,0
10112924,17,40,-1,-1,5
10112726,51,14,-1,-1,0
10105967,38,0,-1,-1,4
10115088,27,26,-1,-1,4
10113241,36,47,-1,-1,0
10114188,56,45,-1,-1,2
10104901,55,20,-1,-1,4
10111094,40,43,-1,-1,0
10108653,22,3,-1,-1,3
10109429,56,35,-1,-1,0
10114892,2,55,-1,-1,3
10113422,14,53,-1,-1,0
10114930,32,54,-1,-1,1
10112668,26,43,-1,-1,3
10113592,15,54,-1,-1,2
10112770,23,57,-1,-1,6
10111278,46,46,-1,-1,4
10114708,16,10,-1,-1,6
10113453,7,25,-1,-1,6
10109140,14,48,-1,-1,2
10111068,41,27,-1,-1,1
10115020,5,44,-1,-1,6
10113887,18,39,-1,-1,0
10113068,35,6,-1,-1,2
10114969,19,53,-1,-1,6
10111326,11,3,-1,-1,3
10110568,43,38,-1,-1,1
10111907,29,26,-1,-1,1
10113119,47,23,-1,-1,7
10112804,20,36,-1,-1,2
10112535,50,21,-1,-1,6
10096968,37,7,-1,-1,6
10113033,3,41,-1,-1,6
10097231,2,2,-1,-1,1
10112601,32,52,-1,-1,3
10114973,16,4,-1,-1,0
10108219,49,30,-1,-1,5
10111466,43,13,-1,-1,1
10112738,15,52,-1,-1,2
10108140,18,52,-1,-1,3
10114657,34,8,-1,-1,7
10113701,27,58,-1,-1,0
10114519,43,51,-1,-1,3
10111919,13,8,-1,-1,3
10110272,36,8,-1,-1,0
10109669,8,4,-1,-1,6
10110096,36,29,-1,-1,3
10111702,44,29,-1,-1,5
10114150,20,28,-1,-1,0
10111101,11,2,-1,-1,3
10113477,52,52,-1,-1,3
10113546,27,14,-1,-1,4
10114433,11,30,-1,-1,0
10107511,1,44,-1,-1,3
10113677,36,12,-1,-1,7
10110604,32,23,-1,-1,7
10109626,18,33,-1,-1,3
10114662,18,43,-1,-1,7
10113859,16,7,-1,-1,5
10114372,46,9,-1,-1,6
10114960,8,26,-1,-1,4
10110003,14,1,-1,-1,2
10113394,42,25,-1,-1,4
10114272,31,54,-1,-1,6
10113971,15,0,-1,-1,6
10114010,32,26,-1,-1,0
10113090,9,11,-1,-1,1
10114916,7,43,-1,-1,0
10108493,27,6,-1,-1,0
10114175,3,54,-1,-1,6
10114274,33,5,-1,-1,6
10112798,1,50,-1,-1,6
10093989,33,17,-1,-1,4
10112988,34,25,-1,-1,7
10114587,38,1,-1,-1,3
10107155,10,22,-1,-1,1
10108018,13,40,-1,-1,0
10100910,27,20,-1,-1,3
10114685,3,4,-1,-1,4
10112041,34,30,-1,-1,1
10108936,36,46,-1,-1,0
10114745,32,38,-1,-1,3
10114122,1,56,-1,-1,2
10114786,11,9,-1,-1,0
10114244,5,52,-1,-1,7
10114409,11,0,-1,-1,4
10114512,44,47,-1,-1,1
10114905,56,54,-1,-1,6
10113472,38,53,-1,-1,6
10112546,4,56,-1,-1,1
10108203,5,41,-1,-1,2
10112113,8,55,-1,-1,2
10114652,33,9,-1,-1,2
10111110,55,56,-1,-1,3
10114868,47,18,-1,-1,2
10102560,33,50,-1,-1,3
10113618,40,8,-1,-1,0
10114243,17,1,-1,-1,3
10113351,51,13,-1,-1,7
10115091,37,6,-1,-1,5
10113986,5,36,-1,-1,3
10114015,29,13,-1,-1,6
10113564,30,27,-1,-1,4
10112491,19,5,-1,-1,6
10111040,58,33,-1,-1,2
10114849,27,22,-1,-1,4
10115115,46,47,-1,-1,3
10114348,27,50,-1,-1,0
10115068,17,41,-1,-1,2
10102427,45,57,-1,-1,6
10115045,6,37,-1,-1,1
10112081,57,14,-1,-1,2
10105620,7,4,-1,-1,4
10114759,34,1,-1,-1,0
10114718,6,10,-1,-1,3
10113181,23,33,-1,-1,4
10113726,2,36,-1,-1,3
10110918,1,49,-1,-1,6
10115089,15,29,-1,-1,3
10114405,55,52,-1,-1,6
10105106,6,16,-1,-1,7
10113341,51,30,-1,-1,1
10111451,3,6,-1,-1,4
10109144,44,5,-1,-1,3
10106474,20,26,-1,-1,2
10102111,25,25,-1,-1,6
10114665,41,2,-1,-1,0
10108879,9,36,-1,-1,0
10109957,5,16,-1,-1,1
10112168,58,27,-1,-1,0
10113629,58,19,-1,-1,1
10102944,12,57,-1,-1,4
10100434,18,45,-1,-1,2
10111796,34,35,-1,-1,0
10111810,48,19,-1,-1,6
10110749,29,16,-1,-1,4
10111039,25,36,-1,-1,0
10114744,3,27,-1,-1,3
10113187,51,18,-1,-1,6
10111917,17,55,-1,-1,6
10114273,34,34,-1,-1,7
10110557,38,3,-1,-1,3
10107049,13,56,-1,-1,6
10102821,2,48,-1,-1,3
10114085,32,6,-1,-1,5
10115002,2,17,-1,-1,4
10113217,30,40,-1,-1,0
10114003,35,57,-1,-1,7
10112987,50,38,-1,-1,1
10113547,4,53,-1,-1,0
10111433,6,39,-1,-1,0
10113433,53,14,-1,-1,7
10113853,57,31,-1,-1,4
10114051,35,11,-1,-1,7
10112626,17,10,-1,-1,3
10098606,41,43,-1,-1,7
10111583,11,40,-1,-1,5
10112117,56,44,-1,-1,3
10112109,30,14,-1,-1,4
10104249,22,17,-1,-1,5
10114021,18,38,-1,-1,2
10111116,13,33,-1,-1,1
10114176,31,55,-1,-1,2
10114547,32,31,-1,-1,7
10113720,37,47,-1,-1,5
10113930,10,50,-1,-1,3
10112091,58,14,-1,-1,0
10114016,12,36,-1,-1,1
10114284,24,38,-1,-1,3
10114751,39,42,-1,-1,6
10113556,9,53,-1,-1,7
10112764,26,15,-1,-1,6
10108774,53,3,-1,-1,1
10113842,46,3,-1,-1,6
10111646,44,42,-1,-1,5
10112810,44,22,-1,-1,6
10114090,42,41,-1,-1,6
10113486,23,23,-1,-1,6
10112342,46,56,-1,-1,2
10114308,31,7,-1,-1,0
10113790,36,0,-1,-1,2
10110965,30,17,-1,-1,6
10110652,28,52,-1,-1,1
10114064,10,45,-1,-1,6
10113978,11,50,-1,-1,3
10111859,2,12,-1,-1,2
10114772,8,15,-1,-1,5
10106223,46,35,-1,-1,1
10110738,5,57,-1,-1,3
10113247,12,35,-1,-1,7
10111986,1,57,-1,-1,6
10111920,3,25,-1,-1,2
10111043,2,27,-1,-1,4
10114669,42,58,-1,-1,4
10105123,53,10,-1,-1,2
10110839,22,16,-1,-1,4
10111180,52,29,-1,-1,4
10110358,56,0,-1,-1,5
10111055,15,16,-1,-1,1
10114612,11,20,-1,-1,5
10099989,16,48,-1,-1,4
10115037,4,38,-1,-1,2
10114859,32,22,-1,-1,7
10111327,36,53,-1,-1,0
10111691,57,22,-1,-1,4
10113915,20,44,-1,-1,6
10111555,30,28,-1,-1,0
10113785,43,10,-1,-1,7
10111708,5,3,-1,-1,0
10108847,55,30,-1,-1,6
10113576,21,0,-1,-1,5
10114873,31,1,-1,-1,4
10114452,15,56,-1,-1,3
10114691,29,46,-1,-1,5
10104303,40,1,-1,-1,7
10114401,21,56,-1,-1,6
10114271,16,16,-1,-1,1
10112500,39,14,-1,-1,2
10108078,25,41,-1,-1,7
10114113,7,52,-1,-1,5
10112053,19,44,-1,-1,0
10114702,3,51,-1,-1,5
10114200,57,20,-1,-1,0
10114427,27,11,-1,-1,6
10114080,39,30,-1,-1,2
10111578,26,21,-1,-1,4
10113812,14,17,-1,-1,5
10108727,55,3,-1,-1,6
10112428,41,33,-1,-1,2
10114202,20,20,-1,-1,1
10114100,7,12,-1,-1,1
10106778,22,23,-1,-1,1
10113357,5,48,-1,-1,6
10112489,8,10,-1,-1,3
10110242,25,1,-1,-1,7
10114709,47,30,-1,-1,4
10112098,35,48,-1,-1,5
10114268,43,3,-1,-1,7
10113656,37,56,-1,-1,5
10110998,25,24,-1,-1,3
10112758,6,48,-1,-1,5
10113699,40,53,-1,-1,2
10114693,45,28,-1,-1,0
10112024,18,36,-1,-1,5
10114478,45,20,-1,-1,1
10111666,53,5,-1,-1,5
10108533,58,2,-1,-1,0
10111672,18,26,-1,-1,1
10113660,3,35,-1,-1,3
10112801,7,20,-1,-1,4
10111628,49,22,-1,-1,6
10114956,53,24,-1,-1,2
10111356,27,36,-1,-1,5
10114871,13,9,-1,-1,1
10107471,44,32,-1,-1,7
10113434,4,27,-1,-1,5
10107173,19,25,-1,-1,1
10112439,46,36,-1,-1,4
10102722,42,0,-1,-1,6
10106560,55,18,-1,-1,3
10113046,15,5,-1,-1,4
10110842,8,36,-1,-1,6
10110744,53,26,-1,-1,2
10115090,54,5,-1,-1,1
10114476,54,34,-1,-1,1
10108098,55,36,-1,-1,4
10113640,45,37,-1,-1,4
10113174,21,23,-1,-1,3
10114560,47,57,-1,-1,1
10109405,33,4,-1,-1,2
10113259,29,45,-1,-1,1
10113739,3,24,-1,-1,0
10113229,35,18,-1,-1,5
10110901,40,6,-1,-1,7
10114374,6,7,-1,-1,5
10114056,14,4,-1,-1,4
10114494,5,28,-1,-1,6
10110642,0,8,-1,-1,7
10111500,52,16,-1,-1,5
10109950,49,38,-1,-1,3
10112183,9,31,-1,-1,2
10105705,58,43,-1,-1,7
10109362,35,25,-1,-1,1
10111148,55,10,-1,-1,0
10108596,39,45,-1,-1,6
10107415,5,7,-1,-1,2
10112838,4,42,-1,-1,4
10106552,52,27,-1,-1,1
10109729,31,31,-1,-1,1
10113916,32,34,-1,-1,4
10111352,49,6,-1,-1,7
10108259,48,42,-1,-1,7
10112940,33,19,-1,-1,5
10110669,35,40,-1,-1,5
10109025,56,19,-1,-1,1
10104667,38,6,-1,-1,6
10104893,2,50,-1,-1,3
10114236,11,16,-1,-1,3
10112105,11,48,-1,-1,1
10107275,17,29,-1,-1,0
10112899,30,7,-1,-1,7
10111533,38,12,-1,-1,5
10113909,16,37,-1,-1,7
10111019,25,12,-1,-1,5
10114769,38,26,-1,-1,6
10114601,17,51,-1,-1,6
10111253,43,39,-1,-1,2
10113155,30,25,-1,-1,2
10112533,29,34,-1,-1,7
10112296,22,55,-1,-1,0
10108987,49,52,-1,-1,7
10109460,47,32,-1,-1,3
10114375,51,33,-1,-1,1
10109805,11,29,-1,-1,1
10107084,30,35,-1,-1,5
10114392,36,22,-1,-1,0
10113553,15,48,-1,-1,6
10115097,19,40,-1,-1,4
10107014,16,31,-1,-1,0
10112017,40,21,-1,-1,3
10114460,11,11,-1,-1,1
10113329,4,45,-1,-1,2
10113375,51,26,-1,-1,5
10112310,36,16,-1,-1,1
10109523,33,32,-1,-1,7
10112194,5,8,-1,-1,3
10113055,39,57,-1,-1,6
10113777,22,6,-1,-1,4
10114724,36,43,-1,-1,1
10113493,46,34,-1,-1,3
10115121,1,42,-1,-1,7
10108261,1,1,-1,-1,6
10113016,4,50,-1,-1,0
10101444,51,1,-1,-1,3
10114736,28,44,-1,-1,4
10112731,45,10,-1,-1,6
10108171,38,5,-1,-1,3
10112928,54,36,-1,-1,7
10114824,10,56,-1,-1,5
10113896,54,50,-1,-1,2
10113417,40,40,-1,-1,6
10109154,12,49,-1,-1,0
10105723,17,12,-1,-1,0
10113517,48,9,-1,-1,4
10109129,12,55,-1,-1,3
10113061,21,10,-1,-1,6
10113969,18,27,-1,-1,4
10113492,13,50,-1,-1,7
10114302,10,38,-1,-1,1
10114516,25,0,-1,-1,6
10114990,48,22,-1,-1,0
10112173,26,11,-1,-1,3
10114943,26,23,-1,-1,4
10113320,26,56,-1,-1,6
10112251,52,32,-1,-1,6
10110728,15,42,-1,-1,7
10113052,3,44,-1,-1,2
10114531,12,48,-1,-1,2
10112141,50,46,-1,-1,4
10108223,25,48,-1,-1,3
10114954,21,36,-1,-1,6
10114499,19,4,-1,-1,5
10111464,13,51,-1,-1,5
10109893,39,18,-1,-1,2
10110621,29,14,-1,-1,0
10113737,29,20,-1,-1,7
10111487,31,0,-1,-1,1
10108031,20,12,-1,-1,3
10107740,0,37,-1,-1,2
10113710,12,26,-1,-1,2
10109090,24,32,-1,-1,5
10099092,58,25,-1,-1,1
10114257,27,34,-1,-1,3
10114999,7,46,-1,-1,3
10112066,52,35,-1,-1,5
10113903,42,28,-1,-1,3
10114220,54,53,-1,-1,4
10100778,41,9,-1,-1,6
10114119,9,37,-1,-1,4
10112480,56,3,-1,-1,0
10111016,57,33,-1,-1,2
10112651,4,22,-1,-1,7
10112911,7,39,-1,-1,2
10112548,2,45,-1,-1,1
10113249,17,56,-1,-1,4
10113161,53,52,-1,-1,1
10111896,39,47,-1,-1,3
10113350,50,6,-1,-1,5
10114074,4,37,-1,-1,5
10113664,18,37,-1,-1,0
10113071,32,49,-1,-1,2
10108242,27,48,-1,-1,3
10109443,7,6,-1,-1,2
10111749,19,45,-1,-1,6
10110711,49,43,-1,-1,2
10095903,4,29,-1,-1,1
10107435,37,33,-1,-1,3
10113789,1,37,-1,-1,3
10112284,7,22,-1,-1,5
10110677,5,40,-1,-1,4
10110971,27,21,-1,-1,7
10113575,31,57,-1,-1,3
10112023,33,43,-1,-1,6
10111371,3,36,-1,-1,2
10114534,48,55,-1,-1,3
10107519,23,8,-1,-1,2
10114137,34,49,-1,-1,4
10115001,2,22,-1,-1,1
10115071,43,43,-1,-1,3
10113574,58,31,-1,-1,7
10113117,42,5,-1,-1,5
10112226,7,27,-1,-1,2
10111725,16,25,-1,-1,4
10113366,12,15,-1,-1,7
10111027,13,54,-1,-1,4
10113288,40,42,-1,-1,6
10111511,1,8,-1,-1,0
10112883,55,38,-1,-1,4
10114644,47,15,-1,-1,5
10107174,40,58,-1,-1,3
10108654,5,25,-1,-1,6
10113835,22,8,-1,-1,7
10115078,50,31,-1,-1,7
10105856,46,15,-1,-1,4
10110987,36,51,-1,-1,5
10105073,8,31,-1,-1,3
10108804,38,16,-1,-1,0
10115048,23,19,-1,-1,5
10113048,6,38,-1,-1,2
10114625,48,26,-1,-1,6
10114968,16,18,-1,-1,2
10109475,36,39,-1,-1,2
10110752,14,19,-1,-1,4
10115025,55,5,-1,-1,4
10110386,51,48,-1,-1,7
10111916,52,41,-1,-1,2
10113376,52,23,-1,-1,6
10114445,10,2,-1,-1,1
10110189,16,45,-1,-1,0
10111377,5,4,-1,-1,3
10114650,19,2,-1,-1,2
10114317,23,16,-1,-1,5
10113349,43,17,-1,-1,4
10114820,38,15,-1,-1,1
10114679,32,45,-1,-1,3
10112877,10,34,-1,-1,4
10112888,7,53,-1,-1,5
10113450,39,9,-1,-1,3
10113775,12,19,-1,-1,0
10113124,26,16,-1,-1,4
10109807,4,15,-1,-1,7
10111493,36,58,-1,-1,0
10114602,19,54,-1,-1,2
10112286,10,32,-1,-1,2
10113031,47,51,-1,-1,4
10114647,7,17,-1,-1,7
10108004,36,7,-1,-1,3
10114415,37,14,-1,-1,3
10112462,50,36,-1,-1,5
10112465,52,50,-1,-1,0
10107396,20,15,-1,-1,6
10113297,44,43,-1,-1,2
10114106,30,53,-1,-1,5
10113807,52,2,-1,-1,6
10113630,36,32,-1,-1,6
10108701,46,39,-1,-1,6
10113788,15,20,-1,-1,1
10114735,36,18,-1,-1,3
10109765,55,24,-1,-1,7
10111513,38,33,-1,-1,4
10110176,34,57,-1,-1,1
10114520,34,53,-1,-1,1
10112802,38,42,-1,-1,5
10114149,37,39,-1,-1,6
10113856,4,24,-1,-1,4
10114869,52,22,-1,-1,2
10114558,17,58,-1,-1,5
10111946,43,2,-1,-1,3
10114941,56,43,-1,-1,0
10107887,19,57,-1,-1,1
10108999,10,35,-1,-1,1
10112572,8,37,-1,-1,6
10110040,16,28,-1,-1,1
10113412,0,25,-1,-1,3
10111976,21,48,-1,-1,0
10111616,51,2,-1,-1,3
10109116,25,8,-1,-1,1
10107731,42,43,-1,-1,4
10112948,49,12,-1,-1,6
10111867,47,36,-1,-1,2
10112929,16,21,-1,-1,2
10112349,22,13,-1,-1,7
10109551,54,17,-1,-1,6
10114331,38,51,-1,-1,0
10113641,54,18,-1,-1,1
10112122,50,57,-1,-1,6
10110640,26,40,-1,-1,6
10111147,18,41,-1,-1,0
10109683,0,38,-1,-1,0
10111460,34,28,-1,-1,4
10109842,53,46,-1,-1,4
10112921,48,24,-1,-1,0
10109788,26,0,-1,-1,6
10112311,56,49,-1,-1,7
10112951,53,22,-1,-1,6
10111470,20,7,-1,-1,0
10101625,35,33,-1,-1,1
10108997,29,33,-1,-1,0
10111010,40,46,-1,-1,3
10114404,5,19,-1,-1,7
10115008,38,28,-1,-1,4
10110692,3,19,-1,-1,6
10107627,5,33,-1,-1,1
10109481,44,8,-1,-1,6
10114199,37,27,-1,-1,3
10115094,2,44,-1,-1,2
10112365,19,42,-1,-1,2
10109478,51,15,-1,-1,0
10113811,54,0,-1,-1,4
10114337,6,29,-1,-1,7
10110301,7,56,-1,-1,2
10111615,44,16,-1,-1,3
10113591,22,34,-1,-1,7
10113532,56,52,-1,-1,0
10114754,45,49,-1,-1,3
10110193,45,27,-1,-1,6
10115070,7,47,-1,-1,3
10105680,41,49,-1,-1,5
10111607,4,8,-1,-1,0
10104937,40,3,-1,-1,2
10111743,12,17,-1,-1,4
10105554,43,23,-1,-1,6
10112927,46,23,-1,-1,0
10107883,57,28,-1,-1,7
10109852,26,38,-1,-1,6
10105434,51,49,-1,-1,1
10115032,52,28,-1,-1,2
10114845,44,48,-1,-1,1
10110745,24,31,-1,-1,0
10103692,48,56,-1,-1,4
10115056,58,41,-1,-1,4
10109881,30,26,-1,-1,0
10113647,34,3,-1,-1,7
10113093,18,9,-1,-1,7
10115076,19,56,-1,-1,3
10113197,17,36,-1,-1,5
10111705,16,51,-1,-1,6
10107750,5,54,-1,-1,5
10114360,23,53,-1,-1,1
10109541,24,19,-1,-1,5
10113686,3,30,-1,-1,4
10113218,16,52,-1,-1,0
10114800,39,21,-1,-1,4
10114857,26,44,-1,-1,2
10114123,4,1,-1,-1,0
10108959,3,23,-1,-1,3
10113012,24,7,-1,-1,2
10111135,4,34,-1,-1,2
10097613,33,52,-1,-1,3
10115124,48,54,-1,-1,1
10109278,57,16,-1,-1,1
10113599,25,54,-1,-1,0
10107539,29,31,-1,-1,3
10110627,49,18,-1,-1,6
10114690,41,20,-1,-1,4
10114471,10,41,-1,-1,6
10106197,13,48,-1,-1,1
10113436,27,7,-1,-1,6
10111137,13,19,-1,-1,0
10114649,0,54,-1,-1,3
10103154,52,13,-1,-1,7
10112458,39,56,-1,-1,2
10115017,13,16,-1,-1,2
10111366,5,18,-1,-1,2
10112779,38,25,-1,-1,5
10106860,30,58,-1,-1,3
10109675,5,27,-1,-1,1
10114928,57,36,-1,-1,6
10112096,26,30,-1,-1,2
10110416,45,46,-1,-1,4
10114446,38,43,-1,-1,5
10113662,15,31,-1,-1,2
10113960,40,50,-1,-1,7
10104554,15,6,-1,-1,7
10112231,26,28,-1,-1,4
10115101,5,12,-1,-1,3
10107327,57,42,-1,-1,7
10114550,40,30,-1,-1,7
10115006,46,30,-1,-1,7
10113691,36,33,-1,-1,2
10108290,24,25,-1,-1,6
10114526,36,24,-1,-1,3
10113882,21,9,-1,-1,5
10114143,34,36,-1,-1,7
10110791,58,56,-1,-1,7
10109550,20,42,-1,-1,5
10111789,26,54,-1,-1,4
10114842,2,41,-1,-1,6
10113563,54,7,-1,-1,5
10114940,10,6,-1,-1,7
10105733,35,49,-1,-1,0
10114386,38,4,-1,-1,4
10112272,39,29,-1,-1,7
10110653,48,17,-1,-1,1
10112812,42,37,-1,-1,6
10108151,18,5,-1,-1,5
10114747,40,18,-1,-1,6
10113243,32,20,-1,-1,0
10114828,19,7,-1,-1,7
10112724,32,53,-1,-1,3
10110558,21,57,-1,-1,5
10110614,30,5,-1,-1,5
10112452,40,39,-1,-1,0
10110453,48,21,-1,-1,7
10110505,1,20,-1,-1,0
10114917,29,4,-1,-1,3
10113939,0,34,-1,-1,4
10102422,22,0,-1,-1,1
10114524,14,57,-1,-1,0
10113593,44,36,-1,-1,2
10109843,39,36,-1,-1,6
10113663,47,4,-1,-1,3
10113209,55,4,-1,-1,0
10106230,8,51,-1,-1,6
10114778,35,8,-1,-1,4
10114578,50,50,-1,-1,1
10113076,18,40,-1,-1,4
10100218,0,18,-1,-1,0
10110009,7,2,-1,-1,3
10109826,21,21,-1,-1,5
10109042,42,6,-1,-1,5
10113912,6,15,-1,-1,0
10107310,1,13,-1,-1,4
10111076,24,49,-1,-1,3
10113942,42,44,-1,-1,7
10114356,37,3,-1,-1,0
10109894,43,19,-1,-1,1
10111835,44,6,-1,-1,5
10106059,12,12,-1,-1,5
10114169,5,14,-1,-1,5
10112347,9,38,-1,-1,0
10112763,26,6,-1,-1,3
10113306,23,48,-1,-1,2
10112930,43,56,-1,-1,3
10113136,21,8,-1,-1,6
10115019,24,3,-1,-1,7
10113206,6,30,-1,-1,4
10112689,33,48,-1,-1,2
10112240,33,33,-1,-1,1
10113246,21,30,-1,-1,5
10108467,22,15,-1,-1,5
10112767,18,0,-1,-1,5
10109319,35,23,-1,-1,5
10114413,18,57,-1,-1,1
10104507,7,36,-1,-1,4
10109924,58,30,-1,-1,2
10108784,30,20,-1,-1,2
10112104,54,54,-1,-1,3
10114047,56,40,-1,-1,2
10106799,0,41,-1,-1,1
10115098,42,17,-1,-1,4
10112733,42,54,-1,-1,2
10114728,6,57,-1,-1,1
10114489,12,43,-1,-1,5
10114449,43,46,-1,-1,0
10114353,25,18,-1,-1,4
10114528,17,9,-1,-1,1
10112309,58,57,-1,-1,1
10114190,26,57,-1,-1,4
10114801,21,50,-1,-1,4
10113703,47,45,-1,-1,5
10114336,51,52,-1,-1,7
10113763,53,30,-1,-1,6
10114653,8,13,-1,-1,1
10111424,35,1,-1,-1,6
10110078,33,11,-1,-1,5
10110134,26,29,-1,-1,6
10110928,28,40,-1,-1,1
10107572,51,43,-1,-1,4
10113299,39,54,-1,-1,3
10112670,1,2,-1,-1,0
10112057,5,6,-1,-1,4
10110725,6,11,-1,-1,0
10111915,0,15,-1,-1,7
10110555,16,23,-1,-1,0
10109146,15,38,-1,-1,4
10114749,54,38,-1,-1,0
10112585,31,2,-1,-1,1
10110422,12,32,-1,-1,1
10114022,11,55,-1,-1,5
10114811,45,0,-1,-1,0
10110995,54,32,-1,-1,1
10111746,15,35,-1,-1,6
10114066,20,11,-1,-1,5
10114773,0,19,-1,-1,5
10113566,18,14,-1,-1,3
10113702,19,27,-1,-1,3
10114793,21,25,-1,-1,3
10113289,18,29,-1,-1,5
10112145,10,54,-1,-1,1
10113706,48,53,-1,-1,0
10107871,15,46,-1,-1,7
10112002,1,38,-1,-1,7
10115040,16,15,-1,-1,7
10114496,4,12,-1,-1,7
10115074,8,27,-1,-1,7
10112322,32,35,-1,-1,2
10109773,21,7,-1,-1,7
10113199,49,54,-1,-1,3
10114864,22,48,-1,-1,0
10113839,13,2,-1,-1,4
10114083,28,26,-1,-1,2
10112995,51,24,-1,-1,7
10113999,12,44,-1,-1,7
10111710,30,46,-1,-1,0
10114011,9,1,-1,-1,1
10114672,35,41,-1,-1,2
10114248,42,9,-1,-1,5
10112176,18,15,-1,-1,0
10115054,18,21,-1,-1,6
10114726,48,5,-1,-1,4
10114235,44,55,-1,-1,1
10111439,19,15,-1,-1,5
10112578,33,58,-1,-1,3
10111283,28,7,-1,-1,3
10108149,17,21,-1,-1,6
10110088,27,37,-1,-1,1
10114792,23,36,-1,-1,6
10114269,20,49,-1,-1,5
10113681,6,43,-1,-1,0
10112741,21,26,-1,-1,4
10107558,36,31,-1,-1,2
10111883,54,57,-1,-1,6
10114303,2,13,-1,-1,6
10113705,19,26,-1,-1,0
10111862,54,43,-1,-1,3
10105785,24,40,-1,-1,7
10114469,36,42,-1,-1,7
10111085,11,36,-1,-1,7
10106931,45,3,-1,-1,5
10111226,35,13,-1,-1,0
10114382,2,4,-1,-1,0
10106845,51,21,-1,-1,6
10111397,15,15,-1,-1,6
10113348,21,13,-1,-1,3
10109763,39,19,-1,-1,2
10113770,41,32,-1,-1,6
10111591,11,54,-1,-1,7
10107863,58,44,-1,-1,3
10113551,40,47,-1,-1,0
10108762,33,27,-1,-1,4
10113857,37,24,-1,-1,7
10109041,8,24,-1,-1,5
10113658,32,19,-1,-1,7
10111131,27,32,-1,-1,7
10113626,13,52,-1,-1,4
10113460,33,12,-1,-1,3
10112035,29,55,-1,-1,7
10112959,17,19,-1,-1,3
10112562,54,26,-1,-1,0
10114472,40,22,-1,-1,0
10111031,36,27,-1,-1,5
10114696,26,1,-1,-1,6
10114707,30,33,-1,-1,0
10114852,41,12,-1,-1,7
10114326,7,48,-1,-1,4
10111763,2,32,-1,-1,5
10113934,3,1,-1,-1,5
10113282,20,48,-1,-1,4
10112325,51,6,-1,-1,1
10103547,38,50,-1,-1,0
10109339,19,58,-1,-1,4
10114603,34,55,-1,-1,7
10114030,22,50,-1,-1,0
10112559,32,13,-1,-1,5
10114264,47,53,-1,-1,6
10109994,6,9,-1,-1,2
10112072,27,46,-1,-1,0
10113221,15,37,-1,-1,4
10113994,19,30,-1,-1,2
10111562,18,2,-1,-1,3
10109974,13,10,-1,-1,4
10114814,41,16,-1,-1,5
10113862,40,52,-1,-1,7
10102419,13,5,-1,-1,3
10112965,54,20,-1,-1,3
10114213,17,25,-1,-1,5
10112814,0,0,-1,-1,1
10113880,8,32,-1,-1,0
10111091,40,25,-1,-1,2
10114895,56,15,-1,-1,7
10113164,6,51,-1,-1,7
10112233,42,2,-1,-1,0
10114733,39,28,-1,-1,4
10101616,17,44,-1,-1,5
10097782,39,12,-1,-1,0
10113783,42,47,-1,-1,0
10115064,54,37,-1,-1,3
10106648,48,12,-1,-1,4
10113254,15,30,-1,-1,4
10114671,24,44,-1,-1,6
10105133,45,18,-1,-1,7
10109556,40,44,-1,-1,1
10114391,44,3,-1,-1,7
10113040,48,4,-1,-1,2
10109457,9,52,-1,-1,2
10114626,13,37,-1,-1,1
10114005,15,50,-1,-1,4
10106719,32,3,-1,-1,4
10114545,1,51,-1,-1,5
10110982,26,12,-1,-1,6
10114042,12,34,-1,-1,7
10111288,0,4,-1,-1,2
10114447,49,47,-1,-1,6
10110895,4,48,-1,-1,7
10113485,32,14,-1,-1,1
10113819,43,24,-1,-1,1
10110926,47,43,-1,-1,5
10112823,12,25,-1,-1,2
10111443,23,28,-1,-1,6
10113261,16,29,-1,-1,6
10114920,29,48,-1,-1,6
10112897,15,14,-1,-1,3
10112370,17,43,-1,-1,3
10112484,41,21,-1,-1,2
10113621,20,32,-1,-1,5
10112675,11,56,-1,-1,7
10113941,38,36,-1,-1,6
10109097,40,26,-1,-1,6
10113318,53,21,-1,-1,5
10110420,14,36,-1,-1,3
10111717,29,3,-1,-1,0
10111739,1,45,-1,-1,0
10107157,7,18,-1,-1,6
10113057,6,13,-1,-1,3
10111313,57,11,-1,-1,7
10109621,28,35,-1,-1,1
10113097,42,30,-1,-1,0
10108273,49,7,-1,-1,7
10111565,51,22,-1,-1,0
10113250,31,9,-1,-1,2
10102738,25,15,-1,-1,4
10115021,31,25,-1,-1,7
10112575,23,2,-1,-1,7
10113198,13,24,-1,-1,2
10113730,9,21,-1,-1,7
10114717,46,43,-1,-1,0
10114844,42,16,-1,-1,4
10109109,25,53,-1,-1,5
10113879,53,17,-1,-1,4
10111238,34,5,-1,-1,2
10112223,46,4,-1,-1,0
10107480,13,18,-1,-1,0
10112438,5,24,-1,-1,2
10109911,8,20,-1,-1,3
10104856,25,21,-1,-1,4
10112084,6,25,-1,-1,4
10111786,30,22,-1,-1,5
10112154,42,15,-1,-1,0
10111872,36,38,-1,-1,2
10113958,42,38,-1,-1,5
10114020,20,14,-1,-1,4
10111971,27,35,-1,-1,1
10112012,24,37,-1,-1,4
10115047,3,20,-1,-1,2
10114982,48,48,-1,-1,5
10112380,7,57,-1,-1,0
10112359,6,47,-1,-1,0
10104872,45,32,-1,-1,6
10111158,31,13,-1,-1,7
10115093,30,0,-1,-1,6
10111330,8,28,-1,-1,3
10114874,17,22,-1,-1,1
10112576,23,44,-1,-1,6
10113869,53,44,-1,-1,0
10112107,24,53,-1,-1,0
10099980,47,38,-1,-1,6
10114843,9,45,-1,-1,3
10114810,16,6,-1,-1,3
10114091,58,28,-1,-1,0
10115034,2,0,-1,-1,5
10112721,14,2,-1,-1,3
10109054,31,18,-1,-1,7
10112766,24,8,-1,-1,7
10110181,53,37,-1,-1,7
10102224,9,34,-1,-1,4
10114890,17,28,-1,-1,7
10113406,41,47,-1,-1,4
10110571,20,24,-1,-1,6
10101592,11,28,-1,-1,6
10112291,44,49,-1,-1,1
10115129,47,52,-1,-1,7
