# org_id,org_cellx,org_celly,org_forage_target,org_group_id,org_facing
4837084,14,49,-1,-1,7
4826388,45,52,-1,-1,2
4832685,48,33,-1,-1,3
4837142,31,38,-1,-1,2
4825178,54,46,-1,-1,3
4832431,3,51,-1,-1,6
4835814,12,40,-1,-1,5
4826697,37,50,-1,-1,0
4835611,21,2,-1,-1,3
4836595,12,11,-1,-1,1
4830587,28,10,-1,-1,2
4833252,4,13,-1,-1,5
4833879,52,44,-1,-1,0
4836149,16,21,-1,-1,4
4835555,14,26,-1,-1,7
4834715,23,51,-1,-1,6
4837297,37,21,-1,-1,2
4833157,30,18,-1,-1,2
4835152,30,3,-1,-1,6
4831587,56,22,-1,-1,6
4835349,5,44,-1,-1,5
4830522,54,21,-1,-1,4
4836437,29,41,-1,-1,5
4835016,13,23,-1,-1,5
4834854,24,4,-1,-1,6
4825535,50,42,-1,-1,3
4832998,38,52,-1,-1,2
4833232,29,19,-1,-1,0
4836235,34,10,-1,-1,3
4833577,2,20,-1,-1,0
4831702,37,52,-1,-1,1
4836280,12,1,-1,-1,2
4831306,46,54,-1,-1,7
4837295,52,33,-1,-1,1
4831387,14,1,-1,-1,2
4826420,35,10,-1,-1,5
4828749,23,47,-1,-1,5
4834972,55,9,-1,-1,3
4833822,49,51,-1,-1,6
4836332,1,14,-1,-1,1
4837050,22,17,-1,-1,2
4836867,16,24,-1,-1,0
4837134,52,24,-1,-1,7
4836530,13,39,-1,-1,2
4832435,26,58,-1,-1,7
4835821,57,33,-1,-1,3
4837089,55,4,-1,-1,5
4836352,3,11,-1,-1,7
4836338,25,35,-1,-1,7
4836429,22,34,-1,-1,4
4807500,21,3,-1,-1,3
4831268,45,1,-1,-1,4
4829663,57,39,-1,-1,5
4833834,27,1,-1,-1,3
4837338,57,26,-1,-1,5
4836393,58,10,-1,-1,4
4836279,57,57,-1,-1,5
4832651,17,49,-1,-1,6
4834747,47,10,-1,-1,1
4833545,8,11,-1,-1,4
4836820,3,31,-1,-1,1
4836941,35,38,-1,-1,7
4833508,6,11,-1,-1,7
4836976,44,50,-1,-1,1
4836643,2,35,-1,-1,7
4831203,27,29,-1,-1,5
4835276,22,50,-1,-1,0
4834931,32,29,-1,-1,5
4833743,14,40,-1,-1,5
4829982,24,47,-1,-1,2
4830898,48,22,-1,-1,6
4828919,56,25,-1,-1,5
4834654,7,39,-1,-1,2
4821339,33,0,-1,-1,6
4834171,46,47,-1,-1,5
4832551,36,51,-1,-1,6
4837165,48,25,-1,-1,1
4829979,2,27,-1,-1,1
4836296,3,7,-1,-1,5
4835140,23,17,-1,-1,6
4835899,3,1,-1,-1,1
4836031,1,11,-1,-1,7
4835087,17,11,-1,-1,7
4834424,57,9,-1,-1,2
4836510,37,39,-1,-1,4
4835587,11,23,-1,-1,0
4836171,22,43,-1,-1,6
4826421,0,5,-1,-1,4
4833992,18,21,-1,-1,1
4836563,42,14,-1,-1,4
4836119,27,3,-1,-1,2
4822618,6,51,-1,-1,7
4832365,26,19,-1,-1,6
4835776,2,21,-1,-1,0
4830156,48,9,-1,-1,7
4837028,11,5,-1,-1,7
4834912,26,35,-1,-1,5
4832065,23,3,-1,-1,4
4834514,10,35,-1,-1,3
4837044,50,0,-1,-1,2
4835456,20,17,-1,-1,7
4833468,51,25,-1,-1,5
4833819,28,55,-1,-1,2
4837102,19,44,-1,-1,0
4837096,48,27,-1,-1,5
4837014,30,43,-1,-1,5
4836138,20,25,-1,-1,0
4834363,4,9,-1,-1,4
4831791,0,40,-1,-1,3
4836405,20,13,-1,-1,6
4835714,8,52,-1,-1,4
4833808,0,27,-1,-1,0
4837217,44,33,-1,-1,5
4837238,47,43,-1,-1,2
4836987,0,24,-1,-1,1
4833392,17,58,-1,-1,0
4835755,22,20,-1,-1,4
4834279,13,15,-1,-1,2
4836952,19,4,-1,-1,1
4833102,9,6,-1,-1,3
4832780,24,26,-1,-1,2
4835789,15,31,-1,-1,7
4836874,26,36,-1,-1,1
4833309,57,1,-1,-1,1
4835294,16,4,-1,-1,4
4832855,53,43,-1,-1,6
4829224,10,13,-1,-1,4
4837119,22,46,-1,-1,6
4836998,14,30,-1,-1,1
4836057,50,53,-1,-1,7
4835532,21,41,-1,-1,5
4832289,52,57,-1,-1,3
4835739,46,23,-1,-1,4
4836961,41,12,-1,-1,6
4837307,20,36,-1,-1,2
4836712,10,12,-1,-1,2
4829199,36,50,-1,-1,2
4832171,37,58,-1,-1,6
4837079,43,23,-1,-1,4
4835193,48,16,-1,-1,7
4823472,55,56,-1,-1,1
4837180,20,43,-1,-1,7
4837157,39,57,-1,-1,0
4834127,14,9,-1,-1,1
4832302,31,2,-1,-1,1
4828868,2,43,-1,-1,3
4833246,50,43,-1,-1,5
4836576,47,38,-1,-1,1
4837219,30,26,-1,-1,7
4835690,53,44,-1,-1,3
4830196,13,29,-1,-1,1
4828757,50,48,-1,-1,7
4837215,47,48,-1,-1,0
4837197,3,32,-1,-1,1
4835494,48,48,-1,-1,5
4835889,21,29,-1,-1,0
4829038,19,24,-1,-1,3
4836701,51,18,-1,-1,7
4837348,48,31,-1,-1,0
4827239,57,50,-1,-1,4
4836960,35,31,-1,-1,4
4837075,27,2,-1,-1,5
4834129,18,10,-1,-1,2
4836591,2,39,-1,-1,6
4834663,55,18,-1,-1,5
4836225,44,9,-1,-1,6
4835357,15,30,-1,-1,7
4836859,57,56,-1,-1,6
4834684,30,4,-1,-1,7
4834350,6,15,-1,-1,4
4829510,50,37,-1,-1,2
4831929,16,3,-1,-1,0
4835619,31,34,-1,-1,6
4836432,55,14,-1,-1,4
4836325,27,46,-1,-1,3
4826805,44,56,-1,-1,5
4834020,30,1,-1,-1,4
4833203,3,43,-1,-1,4
4825979,55,47,-1,-1,1
4834749,52,4,-1,-1,0
4834161,47,32,-1,-1,6
4832256,43,10,-1,-1,6
4834310,31,45,-1,-1,0
4835421,31,3,-1,-1,0
4832992,39,56,-1,-1,0
4826136,58,17,-1,-1,6
4827111,3,3,-1,-1,5
4835845,20,18,-1,-1,5
4834683,12,25,-1,-1,1
4836935,53,15,-1,-1,4
4833316,8,57,-1,-1,1
4834421,8,17,-1,-1,4
4835764,14,43,-1,-1,1
4825629,57,14,-1,-1,1
4836258,1,54,-1,-1,6
4832897,29,23,-1,-1,7
4833074,57,0,-1,-1,6
4833059,15,58,-1,-1,6
4834028,56,30,-1,-1,6
4836364,17,35,-1,-1,4
4836222,39,40,-1,-1,4
4804054,57,52,-1,-1,1
4833091,44,13,-1,-1,5
4836515,39,21,-1,-1,3
4834391,53,36,-1,-1,1
4836184,36,26,-1,-1,1
4836075,38,45,-1,-1,7
4837341,26,41,-1,-1,1
4835805,31,41,-1,-1,5
4834458,54,31,-1,-1,5
4835033,39,54,-1,-1,4
4835590,28,58,-1,-1,0
4834795,55,37,-1,-1,0
4818498,51,50,-1,-1,6
4835768,32,55,-1,-1,2
4834124,14,27,-1,-1,6
4833214,6,31,-1,-1,2
4835019,3,18,-1,-1,4
4835287,32,37,-1,-1,2
4827682,51,6,-1,-1,6
4832353,54,45,-1,-1,7
4836255,17,55,-1,-1,3
4833163,36,43,-1,-1,3
4831208,44,11,-1,-1,0
4836911,53,10,-1,-1,1
4835241,49,22,-1,-1,0
4835330,53,48,-1,-1,1
4826561,23,6,-1,-1,5
4831191,2,41,-1,-1,0
4831385,9,53,-1,-1,5
4834840,57,12,-1,-1,2
4831574,23,22,-1,-1,6
4835809,51,57,-1,-1,1
4830685,2,47,-1,-1,3
4833641,45,23,-1,-1,3
4835852,31,23,-1,-1,7
4831190,43,39,-1,-1,5
4833373,40,20,-1,-1,6
4836105,23,19,-1,-1,4
4836811,48,18,-1,-1,5
4835272,12,53,-1,-1,0
4836065,46,10,-1,-1,0
4836294,35,51,-1,-1,5
4836919,34,39,-1,-1,0
4835934,57,46,-1,-1,7
4831973,52,19,-1,-1,4
4834632,29,55,-1,-1,1
4834946,31,24,-1,-1,0
4834896,21,53,-1,-1,0
4827678,33,44,-1,-1,1
4834643,41,8,-1,-1,0
4835350,47,27,-1,-1,0
4836199,48,52,-1,-1,7
4834847,42,39,-1,-1,7
4831081,53,34,-1,-1,3
4831774,19,42,-1,-1,4
4836803,49,46,-1,-1,5
4837337,17,20,-1,-1,0
4836667,41,15,-1,-1,7
4832703,40,0,-1,-1,6
4836274,43,2,-1,-1,0
4837156,7,18,-1,-1,7
4836527,46,20,-1,-1,6
4833628,21,43,-1,-1,0
4832839,33,8,-1,-1,3
4826983,43,45,-1,-1,4
4830824,55,48,-1,-1,4
4836326,34,25,-1,-1,0
4833404,18,16,-1,-1,5
4832917,8,44,-1,-1,5
4836905,45,37,-1,-1,5
4825875,18,57,-1,-1,4
4836091,36,19,-1,-1,7
4834807,22,54,-1,-1,7
4835976,22,57,-1,-1,1
4832410,36,31,-1,-1,4
4835960,53,4,-1,-1,2
4833838,15,3,-1,-1,0
4835829,8,31,-1,-1,3
4832630,43,48,-1,-1,5
4836537,19,49,-1,-1,7
4835215,15,6,-1,-1,2
4829688,52,20,-1,-1,5
4836376,23,13,-1,-1,4
4831570,47,5,-1,-1,6
4834558,24,18,-1,-1,0
4834354,28,1,-1,-1,3
4834080,40,45,-1,-1,7
4824899,58,11,-1,-1,4
4835524,3,50,-1,-1,1
4836233,13,40,-1,-1,5
4828856,53,17,-1,-1,2
4837306,51,51,-1,-1,3
4834535,10,23,-1,-1,0
4831006,48,6,-1,-1,2
4828135,55,30,-1,-1,7
4836812,34,1,-1,-1,0
4837346,10,26,-1,-1,4
4834920,27,57,-1,-1,4
4833914,42,19,-1,-1,1
4831517,1,43,-1,-1,3
4836008,19,58,-1,-1,6
4836766,31,31,-1,-1,1
4810356,58,45,-1,-1,7
4831737,54,2,-1,-1,1
4828532,52,49,-1,-1,0
4828261,38,26,-1,-1,0
4831126,3,46,-1,-1,1
4829997,13,32,-1,-1,6
4836156,25,52,-1,-1,1
4836918,45,17,-1,-1,0
4835798,7,6,-1,-1,2
4836698,38,16,-1,-1,1
4832714,31,44,-1,-1,1
4829995,25,28,-1,-1,2
4837068,35,19,-1,-1,5
4831790,41,35,-1,-1,6
4825931,2,6,-1,-1,0
4828988,47,45,-1,-1,3
4835340,52,11,-1,-1,2
4834614,40,33,-1,-1,5
4835802,29,35,-1,-1,2
4835721,15,33,-1,-1,3
4834963,2,51,-1,-1,0
4835118,28,20,-1,-1,4
4835958,47,39,-1,-1,5
4836575,37,32,-1,-1,4
4831735,2,10,-1,-1,2
4832564,27,24,-1,-1,5
4834641,53,25,-1,-1,6
4834495,9,36,-1,-1,6
4833517,6,35,-1,-1,4
4836292,51,35,-1,-1,1
4836108,20,38,-1,-1,0
4837308,38,36,-1,-1,5
4831443,53,47,-1,-1,2
4835071,3,40,-1,-1,1
4830888,50,17,-1,-1,2
4836661,7,10,-1,-1,3
4833845,47,15,-1,-1,6
4832887,30,51,-1,-1,6
4836165,50,56,-1,-1,4
4832185,21,28,-1,-1,3
4829089,25,33,-1,-1,5
4831018,48,54,-1,-1,4
4836880,50,47,-1,-1,4
4833559,21,48,-1,-1,2
4829842,23,58,-1,-1,7
4837330,9,25,-1,-1,5
4837294,11,49,-1,-1,2
4836079,10,46,-1,-1,0
4828813,22,5,-1,-1,7
4833357,55,41,-1,-1,1
4822958,27,10,-1,-1,5
4835948,1,1,-1,-1,7
4835101,23,24,-1,-1,7
4833338,4,12,-1,-1,2
4836851,28,38,-1,-1,7
4836585,24,24,-1,-1,1
4832472,16,57,-1,-1,1
4837130,26,42,-1,-1,5
4836187,25,19,-1,-1,6
4828298,54,26,-1,-1,4
4835001,35,45,-1,-1,2
4836707,47,17,-1,-1,1
4834228,11,24,-1,-1,5
4837271,12,26,-1,-1,7
4833779,48,3,-1,-1,2
4827279,0,23,-1,-1,4
4837312,40,23,-1,-1,1
4837313,37,56,-1,-1,5
4833575,16,55,-1,-1,6
4837139,43,37,-1,-1,0
4833594,37,41,-1,-1,0
4832230,22,3,-1,-1,7
4833880,21,31,-1,-1,2
4836599,26,7,-1,-1,4
4834526,7,24,-1,-1,4
4837110,13,2,-1,-1,6
4835661,18,53,-1,-1,6
4837160,20,11,-1,-1,5
4836422,27,8,-1,-1,0
4835595,2,55,-1,-1,7
4835522,3,35,-1,-1,0
4836572,47,36,-1,-1,5
4835099,38,55,-1,-1,2
4834151,25,27,-1,-1,6
4834659,37,17,-1,-1,7
4832152,45,16,-1,-1,4
4837325,0,11,-1,-1,0
4833051,40,52,-1,-1,2
4825450,52,39,-1,-1,7
4837335,45,56,-1,-1,3
4835547,39,9,-1,-1,7
4836799,39,12,-1,-1,6
4837236,26,22,-1,-1,2
4829083,47,24,-1,-1,7
4834460,46,30,-1,-1,1
4836273,36,37,-1,-1,6
4836300,50,32,-1,-1,6
4836902,50,49,-1,-1,5
4837189,55,2,-1,-1,0
4837163,47,23,-1,-1,1
4834227,40,32,-1,-1,1
4837123,13,36,-1,-1,1
4835413,23,34,-1,-1,7
4835713,46,43,-1,-1,1
4836797,20,32,-1,-1,6
4833784,7,4,-1,-1,3
4836765,35,41,-1,-1,5
4835257,32,30,-1,-1,3
4834462,55,12,-1,-1,0
4831571,5,10,-1,-1,5
4831628,13,7,-1,-1,0
4836161,23,16,-1,-1,3
4819544,52,5,-1,-1,2
4831594,55,11,-1,-1,7
4828666,16,8,-1,-1,0
4830206,5,56,-1,-1,6
4829592,5,4,-1,-1,1
4836196,37,6,-1,-1,7
4836577,44,5,-1,-1,0
4837155,22,51,-1,-1,2
4822186,50,16,-1,-1,4
4832688,48,10,-1,-1,3
4836401,47,29,-1,-1,4
4834560,29,47,-1,-1,1
4836967,39,43,-1,-1,1
4834401,4,47,-1,-1,4
4828125,30,29,-1,-1,1
4829539,13,1,-1,-1,0
4833693,49,29,-1,-1,6
4834649,41,36,-1,-1,0
4835974,56,6,-1,-1,6
4833234,27,19,-1,-1,2
4836616,45,35,-1,-1,6
4834929,38,24,-1,-1,2
4829272,40,6,-1,-1,4
4834027,15,23,-1,-1,5
4837226,51,52,-1,-1,4
4830921,9,31,-1,-1,1
4837056,29,54,-1,-1,4
4822761,55,54,-1,-1,1
4834898,24,51,-1,-1,3
4832521,13,12,-1,-1,7
4829349,33,37,-1,-1,1
4833271,23,43,-1,-1,1
4836481,14,54,-1,-1,7
4837184,46,42,-1,-1,2
4835035,35,48,-1,-1,4
4824146,38,57,-1,-1,6
4835868,10,49,-1,-1,0
4836388,43,15,-1,-1,7
4836477,34,14,-1,-1,2
4835582,35,12,-1,-1,7
4835487,48,29,-1,-1,4
4835660,4,2,-1,-1,2
4836087,20,54,-1,-1,6
4834832,5,8,-1,-1,7
4829563,6,36,-1,-1,3
4835442,50,27,-1,-1,2
4829547,18,37,-1,-1,2
4831583,24,22,-1,-1,7
4835744,48,40,-1,-1,6
4835378,17,40,-1,-1,2
4834593,6,27,-1,-1,7
4837126,18,2,-1,-1,4
4825730,40,40,-1,-1,2
4823845,27,22,-1,-1,3
4832927,0,10,-1,-1,4
4834604,54,1,-1,-1,6
4837234,55,34,-1,-1,1
4835417,38,9,-1,-1,6
4826731,28,13,-1,-1,3
4835696,48,34,-1,-1,0
4836948,5,11,-1,-1,7
4835185,36,28,-1,-1,0
4833374,25,11,-1,-1,0
4830985,32,14,-1,-1,3
4835926,26,56,-1,-1,6
4835514,18,22,-1,-1,4
4836913,53,35,-1,-1,2
4837099,30,55,-1,-1,1
4837281,33,45,-1,-1,3
4834853,30,41,-1,-1,6
4825584,49,2,-1,-1,5
4833759,44,0,-1,-1,6
4836309,33,35,-1,-1,2
4835370,17,36,-1,-1,0
4836858,42,9,-1,-1,3
4835381,21,25,-1,-1,1
4836937,5,3,-1,-1,3
4831354,27,18,-1,-1,3
4836727,23,40,-1,-1,2
4837032,28,46,-1,-1,6
4837092,6,26,-1,-1,3
4832730,55,8,-1,-1,0
4836650,13,31,-1,-1,2
4837121,29,29,-1,-1,5
4834817,53,54,-1,-1,3
4825685,22,44,-1,-1,0
4830085,51,26,-1,-1,2
4836082,4,17,-1,-1,2
4836597,45,34,-1,-1,3
4836652,58,41,-1,-1,4
4830052,11,27,-1,-1,5
4828463,12,3,-1,-1,0
4832709,34,21,-1,-1,5
4823333,58,26,-1,-1,0
4836478,29,0,-1,-1,4
4833269,58,49,-1,-1,5
4836392,36,42,-1,-1,5
4837315,31,50,-1,-1,0
4835692,17,17,-1,-1,3
4830429,49,43,-1,-1,1
4837101,28,2,-1,-1,2
4836970,42,21,-1,-1,3
4834520,58,44,-1,-1,5
4828963,16,17,-1,-1,5
4832562,49,8,-1,-1,5
4834038,25,57,-1,-1,5
4835385,5,26,-1,-1,2
4837152,39,31,-1,-1,3
4835518,0,56,-1,-1,2
4837175,4,25,-1,-1,0
4832155,57,7,-1,-1,6
4833507,1,29,-1,-1,5
4835840,12,16,-1,-1,5
4833529,38,29,-1,-1,2
4837133,27,20,-1,-1,3
4837380,25,7,-1,-1,6
4831183,31,55,-1,-1,5
4836278,38,39,-1,-1,0
4837039,42,30,-1,-1,1
4835761,49,14,-1,-1,2
4835382,18,36,-1,-1,1
4836694,37,27,-1,-1,7
4833389,50,51,-1,-1,5
4835618,13,55,-1,-1,7
4836787,25,53,-1,-1,2
4837288,49,54,-1,-1,2
4836840,40,58,-1,-1,2
4835352,12,38,-1,-1,4
4837339,39,48,-1,-1,0
4834367,55,53,-1,-1,7
4834866,15,32,-1,-1,5
4834323,2,24,-1,-1,7
4836738,32,20,-1,-1,1
4830075,54,39,-1,-1,3
4806163,36,2,-1,-1,4
4827246,51,27,-1,-1,0
4817643,27,49,-1,-1,7
4835726,36,20,-1,-1,4
4834894,15,49,-1,-1,5
4830466,33,2,-1,-1,1
4835675,57,53,-1,-1,3
4836923,53,53,-1,-1,6
4836841,35,36,-1,-1,3
4836753,35,3,-1,-1,2
4831448,33,28,-1,-1,6
4834373,24,52,-1,-1,6
4835355,49,35,-1,-1,1
4836145,13,42,-1,-1,6
4836891,28,15,-1,-1,3
4818950,36,5,-1,-1,0
4834403,44,30,-1,-1,5
4836194,50,24,-1,-1,0
4835662,17,34,-1,-1,6
4836318,49,19,-1,-1,6
4835484,16,26,-1,-1,0
4836607,8,2,-1,-1,7
4822955,27,0,-1,-1,3
4821956,12,56,-1,-1,3
4828224,34,29,-1,-1,5
4828035,12,30,-1,-1,7
4830477,50,28,-1,-1,3
4836978,40,54,-1,-1,4
4833439,7,50,-1,-1,5
4833870,41,25,-1,-1,1
4835516,35,56,-1,-1,0
4826966,48,37,-1,-1,2
4837232,6,6,-1,-1,7
4837115,57,6,-1,-1,2
4834874,52,30,-1,-1,2
4834040,43,33,-1,-1,4
4834892,1,31,-1,-1,4
4836835,55,20,-1,-1,1
4835681,17,8,-1,-1,3
4837127,10,0,-1,-1,3
4835247,15,11,-1,-1,2
4833908,42,18,-1,-1,5
4837318,34,27,-1,-1,0
4834584,29,36,-1,-1,7
4832785,4,39,-1,-1,4
4836965,4,23,-1,-1,6
4821173,25,9,-1,-1,3
4836508,1,25,-1,-1,2
4835942,14,16,-1,-1,6
4835656,53,27,-1,-1,0
4825155,3,0,-1,-1,3
4832466,6,50,-1,-1,0
4830927,26,9,-1,-1,2
4836763,58,21,-1,-1,4
4837111,15,26,-1,-1,7
4830332,36,47,-1,-1,6
4835667,6,30,-1,-1,3
4832303,56,47,-1,-1,0
4834237,50,4,-1,-1,0
4816155,8,7,-1,-1,3
4836842,53,1,-1,-1,1
4837167,34,35,-1,-1,6
4836997,38,17,-1,-1,1
4836367,1,41,-1,-1,6
4836317,44,42,-1,-1,2
4832418,37,26,-1,-1,3
4831459,14,56,-1,-1,4
4833652,51,4,-1,-1,2
4835146,58,29,-1,-1,7
4831675,9,4,-1,-1,4
4832652,53,26,-1,-1,3
4836671,32,47,-1,-1,3
4830234,51,44,-1,-1,5
4833279,21,58,-1,-1,6
4837272,54,20,-1,-1,7
4835322,17,57,-1,-1,6
4827582,20,8,-1,-1,4
4836022,38,51,-1,-1,6
4836398,49,12,-1,-1,6
4836089,41,52,-1,-1,7
4834251,40,10,-1,-1,0
4834930,14,34,-1,-1,2
4833496,39,30,-1,-1,1
4835718,51,33,-1,-1,5
4835430,15,52,-1,-1,1
4836532,36,24,-1,-1,6
4836220,40,36,-1,-1,2
4835034,44,29,-1,-1,6
4829823,27,34,-1,-1,3
4832608,4,18,-1,-1,5
4830757,14,39,-1,-1,3
4833394,9,51,-1,-1,2
4834606,32,15,-1,-1,1
4836473,14,28,-1,-1,7
4826111,32,22,-1,-1,2
4836659,22,32,-1,-1,4
4827327,2,8,-1,-1,2
4835184,34,55,-1,-1,0
4835283,4,57,-1,-1,1
4837202,55,58,-1,-1,1
4836668,29,42,-1,-1,1
4836983,8,23,-1,-1,0
4834402,14,18,-1,-1,1
4830584,41,44,-1,-1,1
4832846,24,44,-1,-1,7
4834034,18,4,-1,-1,0
4836354,0,48,-1,-1,4
4834869,12,13,-1,-1,0
4836994,43,54,-1,-1,3
4836933,26,29,-1,-1,1
4837376,26,2,-1,-1,1
4836186,32,54,-1,-1,1
4826567,54,4,-1,-1,5
4802056,5,0,-1,-1,2
4836571,31,46,-1,-1,7
4833921,40,34,-1,-1,0
4833806,40,26,-1,-1,2
4820539,26,47,-1,-1,0
4834031,5,14,-1,-1,2
4836704,15,47,-1,-1,7
4836004,23,26,-1,-1,7
4826586,57,28,-1,-1,0
4831302,29,25,-1,-1,0
4829300,8,46,-1,-1,0
4835190,40,39,-1,-1,0
4834213,58,1,-1,-1,5
4830984,39,49,-1,-1,1
4828286,16,58,-1,-1,7
4831325,0,30,-1,-1,3
4835655,51,11,-1,-1,3
4836308,55,42,-1,-1,7
4837243,2,53,-1,-1,1
4834711,27,21,-1,-1,1
4829846,11,8,-1,-1,2
4831424,25,38,-1,-1,3
4828471,19,57,-1,-1,5
4837138,45,53,-1,-1,6
4835769,30,21,-1,-1,6
4834307,7,17,-1,-1,4
4830877,14,55,-1,-1,2
4823534,44,4,-1,-1,0
4827223,55,15,-1,-1,3
4830492,11,13,-1,-1,4
4836873,23,20,-1,-1,7
4836817,54,29,-1,-1,3
4835148,19,41,-1,-1,2
4830624,41,22,-1,-1,1
4813613,19,1,-1,-1,3
4826713,10,8,-1,-1,2
4837125,49,30,-1,-1,4
4834235,27,48,-1,-1,0
4836887,53,23,-1,-1,1
4835258,40,12,-1,-1,0
4836264,41,47,-1,-1,1
4836086,3,19,-1,-1,7
4836188,21,0,-1,-1,3
4837168,52,35,-1,-1,3
4834473,45,41,-1,-1,4
4830200,4,46,-1,-1,5
4836394,0,25,-1,-1,0
4816693,53,3,-1,-1,2
4829378,2,32,-1,-1,4
4827711,56,58,-1,-1,6
4823335,39,8,-1,-1,0
4834287,18,24,-1,-1,0
4830831,1,49,-1,-1,5
4836871,46,48,-1,-1,3
4837333,43,31,-1,-1,2
4836827,52,17,-1,-1,7
4834814,19,3,-1,-1,4
4833020,15,53,-1,-1,7
4835539,36,48,-1,-1,7
4836146,40,21,-1,-1,3
4836286,15,54,-1,-1,4
4822317,38,47,-1,-1,2
4832588,16,28,-1,-1,3
4832972,16,51,-1,-1,0
4829690,55,28,-1,-1,3
4834073,0,18,-1,-1,1
4836943,37,33,-1,-1,2
4836614,0,13,-1,-1,1
4818654,58,9,-1,-1,6
4833574,47,18,-1,-1,1
4835774,32,42,-1,-1,3
4836320,7,31,-1,-1,3
4833562,24,28,-1,-1,5
4833410,10,38,-1,-1,7
4837174,3,4,-1,-1,4
4836580,49,48,-1,-1,0
4833732,7,9,-1,-1,6
4835615,10,7,-1,-1,2
4832613,16,31,-1,-1,5
4836644,42,22,-1,-1,2
4831185,41,50,-1,-1,5
4836567,16,33,-1,-1,7
4837051,32,16,-1,-1,5
4835950,6,34,-1,-1,3
4836371,52,2,-1,-1,6
4837188,31,48,-1,-1,5
4834248,32,3,-1,-1,5
4836748,1,8,-1,-1,4
4833865,30,13,-1,-1,3
4835754,2,4,-1,-1,1
4834995,28,54,-1,-1,1
4832789,45,57,-1,-1,2
4835723,5,35,-1,-1,4
4834823,14,4,-1,-1,6
4834857,44,20,-1,-1,2
4836494,31,33,-1,-1,4
4835998,50,50,-1,-1,2
4834496,51,31,-1,-1,7
4833953,38,25,-1,-1,3
4830935,9,49,-1,-1,0
4824429,50,52,-1,-1,3
4830830,9,40,-1,-1,1
4831682,54,15,-1,-1,5
4835649,28,51,-1,-1,0
4837233,45,6,-1,-1,1
4834867,49,20,-1,-1,6
4834984,45,14,-1,-1,5
4833370,6,12,-1,-1,1
4825316,54,9,-1,-1,5
4835654,34,19,-1,-1,7
4832596,35,52,-1,-1,7
4833457,48,14,-1,-1,2
4834562,1,5,-1,-1,3
4827707,51,54,-1,-1,4
4833817,36,8,-1,-1,7
4835923,41,48,-1,-1,4
4829479,33,18,-1,-1,0
4830582,43,53,-1,-1,6
4820932,58,25,-1,-1,7
4833463,9,34,-1,-1,2
4836307,53,21,-1,-1,7
4830376,36,40,-1,-1,1
4834990,55,33,-1,-1,5
4832600,0,57,-1,-1,0
4827255,10,22,-1,-1,4
4819179,18,6,-1,-1,4
4835217,39,19,-1,-1,5
4836333,17,48,-1,-1,1
4834941,4,29,-1,-1,2
4834782,23,14,-1,-1,3
4834278,24,55,-1,-1,4
4836423,33,16,-1,-1,0
4836476,5,25,-1,-1,1
4836990,13,18,-1,-1,6
4836120,21,35,-1,-1,3
4829907,8,22,-1,-1,4
4836914,47,34,-1,-1,0
4837131,32,53,-1,-1,0
4836853,41,46,-1,-1,7
4837162,52,41,-1,-1,3
4836172,7,22,-1,-1,4
4832105,14,12,-1,-1,0
4834441,42,5,-1,-1,4
4836245,11,20,-1,-1,3
4829680,5,20,-1,-1,6
4835021,52,32,-1,-1,0
4836665,23,11,-1,-1,7
4827009,49,56,-1,-1,6
4832301,27,16,-1,-1,5
4834577,0,1,-1,-1,4
4836819,14,33,-1,-1,4
4824247,43,1,-1,-1,7
4830855,28,21,-1,-1,6
4836754,9,44,-1,-1,7
4833064,44,49,-1,-1,5
4833284,46,57,-1,-1,5
4832122,50,34,-1,-1,5
4835086,41,10,-1,-1,3
4828745,54,14,-1,-1,5
4835627,35,57,-1,-1,7
4837122,15,36,-1,-1,1
4832752,37,20,-1,-1,3
4836379,52,27,-1,-1,7
4835698,1,18,-1,-1,3
4831572,57,27,-1,-1,2
4836466,3,27,-1,-1,2
4836486,16,48,-1,-1,7
4835679,40,5,-1,-1,6
4837179,9,18,-1,-1,5
4835849,32,6,-1,-1,6
4836991,37,11,-1,-1,5
4836793,41,43,-1,-1,0
4834799,21,10,-1,-1,4
4834598,24,3,-1,-1,6
4829246,11,46,-1,-1,4
4832193,4,19,-1,-1,1
4836164,31,39,-1,-1,3
4836185,57,44,-1,-1,6
4837069,36,30,-1,-1,3
4836451,32,35,-1,-1,1
4823383,2,45,-1,-1,1
4835432,51,38,-1,-1,2
4833153,38,41,-1,-1,0
4835104,3,57,-1,-1,6
4837247,26,8,-1,-1,3
4828398,14,11,-1,-1,3
4829905,26,12,-1,-1,6
4834488,51,1,-1,-1,1
4829988,55,5,-1,-1,4
4836276,2,42,-1,-1,5
4831984,33,26,-1,-1,6
4834059,46,19,-1,-1,2
4832540,38,48,-1,-1,6
4835168,8,37,-1,-1,6
4837276,46,0,-1,-1,3
4835375,46,6,-1,-1,0
4832116,29,57,-1,-1,0
4827291,7,11,-1,-1,3
4835751,10,40,-1,-1,2
4835971,46,16,-1,-1,7
4831507,5,13,-1,-1,7
4833735,37,55,-1,-1,1
4835622,39,26,-1,-1,7
4837149,10,24,-1,-1,6
4834685,3,52,-1,-1,6
4832878,5,58,-1,-1,6
4829799,47,51,-1,-1,1
4832715,7,25,-1,-1,1
4831936,36,39,-1,-1,3
4831067,11,29,-1,-1,4
4837311,11,28,-1,-1,4
4835597,13,43,-1,-1,0
4833136,34,18,-1,-1,4
4831322,36,56,-1,-1,2
4837094,1,21,-1,-1,0
4836647,35,4,-1,-1,3
4837070,12,23,-1,-1,2
4835881,23,33,-1,-1,5
4834472,57,43,-1,-1,2
4836852,46,15,-1,-1,1
4836779,18,12,-1,-1,7
4836128,21,15,-1,-1,6
4835613,16,23,-1,-1,2
4836541,25,55,-1,-1,3
4836096,20,16,-1,-1,2
4835816,11,14,-1,-1,6
4831624,17,4,-1,-1,6
4835002,4,1,-1,-1,4
4836214,40,31,-1,-1,3
4832990,52,29,-1,-1,0
4834224,24,20,-1,-1,5
4836103,32,58,-1,-1,2
4836684,50,21,-1,-1,7
4835558,41,31,-1,-1,2
4823315,52,28,-1,-1,7
4836587,25,17,-1,-1,2
4832560,5,49,-1,-1,6
4817829,55,21,-1,-1,6
4831037,6,39,-1,-1,7
4831947,38,5,-1,-1,5
4837158,5,40,-1,-1,7
4836305,23,31,-1,-1,4
4835501,4,42,-1,-1,5
4837278,20,41,-1,-1,4
4836877,22,18,-1,-1,0
4820677,52,55,-1,-1,0
4835762,28,34,-1,-1,2
4833144,42,47,-1,-1,0
4827983,4,52,-1,-1,1
4829184,4,38,-1,-1,2
4824351,58,53,-1,-1,5
4836131,47,54,-1,-1,6
4835513,29,32,-1,-1,1
4826752,56,28,-1,-1,4
4835984,46,5,-1,-1,6
4834645,26,53,-1,-1,0
4828121,22,19,-1,-1,7
4836168,22,37,-1,-1,4
4836818,4,26,-1,-1,7
4830937,22,36,-1,-1,5
4835851,33,50,-1,-1,7
4837181,44,19,-1,-1,1
4836041,10,28,-1,-1,4
4836683,33,29,-1,-1,3
4837256,33,30,-1,-1,7
4832055,31,11,-1,-1,2
4836664,43,43,-1,-1,6
4832941,50,44,-1,-1,1
4836810,21,20,-1,-1,6
4837023,20,37,-1,-1,2
4837223,22,48,-1,-1,7
4834239,18,11,-1,-1,7
4837185,44,3,-1,-1,6
4830897,15,48,-1,-1,1
4832159,14,50,-1,-1,4
4837322,37,46,-1,-1,4
4833688,49,52,-1,-1,7
4823356,53,5,-1,-1,7
4836632,46,39,-1,-1,0
4835273,5,23,-1,-1,0
4823161,12,22,-1,-1,4
4837003,12,14,-1,-1,0
4836289,26,25,-1,-1,0
4829415,36,53,-1,-1,2
4835612,8,21,-1,-1,7
4805129,53,7,-1,-1,0
4832195,1,9,-1,-1,1
4830851,41,57,-1,-1,3
4836782,51,24,-1,-1,4
4830655,11,34,-1,-1,2
4834878,43,35,-1,-1,5
4831888,56,56,-1,-1,3
4837086,21,37,-1,-1,5
4837259,35,50,-1,-1,0
4822232,51,42,-1,-1,4
4832243,58,31,-1,-1,0
4836038,21,9,-1,-1,5
4835243,45,3,-1,-1,2
4835866,1,50,-1,-1,6
4829838,20,3,-1,-1,5
4824670,49,58,-1,-1,6
4827799,25,2,-1,-1,5
4834957,39,22,-1,-1,2
4835837,24,30,-1,-1,4
4833073,43,29,-1,-1,5
4836224,1,27,-1,-1,6
4836634,39,10,-1,-1,6
4829850,40,56,-1,-1,4
4829705,18,0,-1,-1,3
4836268,23,35,-1,-1,5
4836947,28,11,-1,-1,7
4820554,1,19,-1,-1,1
4836281,41,24,-1,-1,5
4826741,22,9,-1,-1,0
4836202,6,45,-1,-1,3
4833987,13,44,-1,-1,6
4832885,42,50,-1,-1,7
4830572,44,24,-1,-1,7
4836620,19,34,-1,-1,3
4835377,22,35,-1,-1,1
4836344,48,28,-1,-1,1
4833917,24,48,-1,-1,5
4831595,22,45,-1,-1,2
4833965,12,17,-1,-1,2
4831466,25,39,-1,-1,7
4834229,23,12,-1,-1,3
4837058,21,18,-1,-1,3
4834842,27,28,-1,-1,0
4835009,54,44,-1,-1,5
4830637,54,55,-1,-1,4
4829087,41,29,-1,-1,6
4835888,10,50,-1,-1,1
4836047,26,5,-1,-1,4
4835541,46,17,-1,-1,1
4833104,48,21,-1,-1,5
4833973,35,22,-1,-1,0
4835919,33,51,-1,-1,6
4829860,9,17,-1,-1,5
4836321,47,22,-1,-1,1
4836496,38,28,-1,-1,4
4836533,1,26,-1,-1,1
4836462,18,23,-1,-1,2
4830966,31,51,-1,-1,3
4837002,48,46,-1,-1,3
4832727,7,32,-1,-1,0
4833734,38,14,-1,-1,0
4836876,31,30,-1,-1,0
4831494,19,17,-1,-1,7
4835793,50,3,-1,-1,7
4825982,58,18,-1,-1,0
4832888,7,26,-1,-1,2
4829141,26,3,-1,-1,2
4836406,25,25,-1,-1,0
4835138,44,38,-1,-1,0
4837045,18,44,-1,-1,3
4835448,4,24,-1,-1,4
4836628,48,12,-1,-1,0
4835742,11,16,-1,-1,3
4835467,32,48,-1,-1,3
4831275,35,26,-1,-1,1
4836973,55,36,-1,-1,5
4836879,35,17,-1,-1,6
4829481,57,54,-1,-1,7
4833243,4,55,-1,-1,0
4822868,56,9,-1,-1,5
4836097,42,36,-1,-1,6
4836357,6,3,-1,-1,5
4832482,17,50,-1,-1,4
4837143,14,14,-1,-1,6
4836735,18,51,-1,-1,1
4827129,49,26,-1,-1,5
4833036,49,16,-1,-1,7
4831924,36,21,-1,-1,5
4832848,33,31,-1,-1,6
4836977,35,15,-1,-1,4
4833236,28,37,-1,-1,6
4832563,49,33,-1,-1,4
4836487,36,46,-1,-1,7
4835644,50,10,-1,-1,0
4836728,46,51,-1,-1,7
4836489,49,32,-1,-1,7
4829186,5,42,-1,-1,3
4833730,0,41,-1,-1,1
4836275,2,40,-1,-1,5
4837328,46,26,-1,-1,7
4831352,53,32,-1,-1,3
4835637,24,9,-1,-1,6
4828438,53,37,-1,-1,7
4836954,44,23,-1,-1,3
4835076,17,18,-1,-1,4
4833533,10,54,-1,-1,3
4825883,19,0,-1,-1,6
4832381,19,56,-1,-1,3
4834769,46,13,-1,-1,2
4835388,25,43,-1,-1,7
4829816,16,45,-1,-1,1
4819449,29,4,-1,-1,4
4826190,39,3,-1,-1,6
4832922,1,44,-1,-1,7
4835371,34,5,-1,-1,7
4836868,3,36,-1,-1,1
4834463,19,40,-1,-1,0
4836786,43,0,-1,-1,2
4836319,8,10,-1,-1,2
4821581,6,56,-1,-1,6
4833903,57,40,-1,-1,2
4836148,28,18,-1,-1,0
4832383,50,57,-1,-1,1
4834523,39,17,-1,-1,7
4835089,47,20,-1,-1,5
4835474,53,45,-1,-1,0
4836936,21,55,-1,-1,5
4830142,16,49,-1,-1,4
4835897,48,32,-1,-1,7
4837207,21,51,-1,-1,1
4831873,57,58,-1,-1,7
4824368,8,12,-1,-1,1
4822482,16,50,-1,-1,5
4831426,45,46,-1,-1,0
4823048,48,8,-1,-1,2
4834277,42,4,-1,-1,1
4830947,57,2,-1,-1,4
4834750,27,39,-1,-1,4
4836601,20,48,-1,-1,4
4833830,10,9,-1,-1,7
4833772,33,1,-1,-1,1
4837116,23,23,-1,-1,5
4832621,7,15,-1,-1,0
4828216,28,4,-1,-1,6
4831104,9,52,-1,-1,7
4837105,11,35,-1,-1,2
4833127,1,46,-1,-1,5
4837171,43,6,-1,-1,2
4835194,16,42,-1,-1,0
4830090,54,16,-1,-1,1
4834308,26,13,-1,-1,3
4837148,18,46,-1,-1,6
4835672,34,57,-1,-1,4
4837065,9,28,-1,-1,0
4834695,37,25,-1,-1,1
4837334,17,33,-1,-1,7
4835708,0,47,-1,-1,1
4833333,8,50,-1,-1,2
4836821,45,40,-1,-1,0
4837283,39,24,-1,-1,5
4837170,19,29,-1,-1,4
4822060,52,13,-1,-1,3
4836890,34,36,-1,-1,6
4821861,6,48,-1,-1,1
4835017,34,4,-1,-1,0
4829534,37,16,-1,-1,0
4835233,11,42,-1,-1,5
4835734,26,28,-1,-1,0
4830396,7,45,-1,-1,5
4829984,44,18,-1,-1,6
4829686,20,23,-1,-1,7
4830996,26,55,-1,-1,2
4834603,49,42,-1,-1,4
4835735,37,5,-1,-1,1
4833011,19,39,-1,-1,1
4833256,34,12,-1,-1,4
4832934,24,31,-1,-1,5
4818815,3,9,-1,-1,3
4837249,11,19,-1,-1,2
4836708,48,17,-1,-1,3
4832292,56,57,-1,-1,7
4828373,39,52,-1,-1,2
4825135,28,48,-1,-1,3
4832959,28,57,-1,-1,4
4833667,6,20,-1,-1,7
4831109,0,20,-1,-1,4
4836844,42,34,-1,-1,0
4834991,16,32,-1,-1,7
4835902,53,29,-1,-1,6
4835668,31,7,-1,-1,0
4832649,27,40,-1,-1,1
4835632,48,1,-1,-1,0
4832413,16,39,-1,-1,5
4833176,55,16,-1,-1,6
4826395,58,47,-1,-1,7
4833691,12,46,-1,-1,1
4833820,7,7,-1,-1,2
4834400,13,54,-1,-1,1
4837209,49,4,-1,-1,3
4832393,2,29,-1,-1,0
4832925,34,43,-1,-1,3
4836218,41,33,-1,-1,6
4835047,28,40,-1,-1,2
4829670,53,14,-1,-1,3
4836831,11,2,-1,-1,7
4834252,12,51,-1,-1,6
4836702,42,10,-1,-1,3
4834736,32,44,-1,-1,0
4835709,48,50,-1,-1,4
4834189,51,49,-1,-1,7
4836061,56,0,-1,-1,2
4836005,3,44,-1,-1,6
4836313,9,22,-1,-1,3
4833201,8,53,-1,-1,7
4825609,26,23,-1,-1,5
4836293,19,12,-1,-1,6
4826797,48,58,-1,-1,0
4837222,41,32,-1,-1,5
4827702,3,26,-1,-1,4
4836389,42,23,-1,-1,6
4832765,24,23,-1,-1,4
4835404,10,27,-1,-1,2
4835879,12,15,-1,-1,0
4835550,7,30,-1,-1,5
4833897,56,3,-1,-1,3
4834155,28,17,-1,-1,7
4835174,25,14,-1,-1,6
4831661,6,10,-1,-1,1
4837355,25,45,-1,-1,2
4833397,55,6,-1,-1,0
4836408,17,29,-1,-1,5
4833010,21,50,-1,-1,0
4834980,0,7,-1,-1,0
4835364,36,54,-1,-1,7
4830137,42,41,-1,-1,6
4835963,2,28,-1,-1,5
4837347,40,49,-1,-1,6
4836248,34,40,-1,-1,0
4829095,4,10,-1,-1,2
4835361,56,46,-1,-1,4
4832593,52,53,-1,-1,6
4835806,34,33,-1,-1,0
4836612,5,31,-1,-1,4
4832281,57,37,-1,-1,3
4835326,13,14,-1,-1,5
4835436,0,43,-1,-1,0
4826402,55,22,-1,-1,4
4836760,37,29,-1,-1,7
4836895,24,45,-1,-1,0
4835912,8,49,-1,-1,4
4836502,32,57,-1,-1,1
4837241,5,33,-1,-1,3
4837076,50,22,-1,-1,3
4834702,7,47,-1,-1,7
4831603,10,45,-1,-1,5
4837108,36,36,-1,-1,5
4836301,6,18,-1,-1,3
4833007,13,30,-1,-1,1
4834289,37,24,-1,-1,7
4826463,34,8,-1,-1,5
4834612,5,21,-1,-1,0
4820700,23,53,-1,-1,6
4835999,48,57,-1,-1,1
4835722,32,31,-1,-1,6
4836556,49,21,-1,-1,2
4829664,16,41,-1,-1,1
4837299,12,8,-1,-1,4
4836856,51,5,-1,-1,2
4822405,45,7,-1,-1,0
4834751,5,47,-1,-1,2
4831316,12,0,-1,-1,4
4817932,0,58,-1,-1,2
4835863,50,36,-1,-1,4
4836971,45,51,-1,-1,7
4833479,54,48,-1,-1,6
4832647,48,30,-1,-1,0
4836116,45,10,-1,-1,3
4822575,35,47,-1,-1,3
4836425,8,3,-1,-1,4
4836337,11,38,-1,-1,7
4834137,50,5,-1,-1,2
4835281,53,28,-1,-1,1
4823107,24,58,-1,-1,1
4831461,20,20,-1,-1,5
4834871,7,49,-1,-1,1
4818220,36,55,-1,-1,4
4837024,22,39,-1,-1,7
4831256,21,4,-1,-1,2
4835264,21,46,-1,-1,7
4836892,33,19,-1,-1,1
4835447,1,45,-1,-1,0
4834937,41,16,-1,-1,6
4834819,10,18,-1,-1,7
4834735,47,11,-1,-1,7
4834492,45,27,-1,-1,7
4831328,4,35,-1,-1,0
4836328,15,17,-1,-1,1
4834442,22,56,-1,-1,6
4835701,52,14,-1,-1,6
4835293,1,3,-1,-1,5
4832189,56,33,-1,-1,5
4835670,9,39,-1,-1,5
4822864,49,40,-1,-1,7
4833435,5,48,-1,-1,0
4830464,25,18,-1,-1,5
4834925,54,12,-1,-1,7
4833887,8,54,-1,-1,7
4828099,32,21,-1,-1,4
4836940,42,31,-1,-1,1
4835767,37,14,-1,-1,3
4835700,33,54,-1,-1,1
4827117,29,48,-1,-1,6
4836764,43,38,-1,-1,6
4830920,12,2,-1,-1,7
4831516,56,27,-1,-1,6
4836777,50,40,-1,-1,7
4835825,33,10,-1,-1,4
4831279,54,50,-1,-1,6
4837379,32,45,-1,-1,0
4829657,23,0,-1,-1,3
4836710,26,38,-1,-1,3
4836957,40,25,-1,-1,5
4832557,22,1,-1,-1,4
4835227,38,0,-1,-1,2
4835504,8,41,-1,-1,4
4834914,23,32,-1,-1,3
4831128,29,8,-1,-1,5
4836838,24,11,-1,-1,3
4836627,16,13,-1,-1,5
4830741,29,17,-1,-1,6
4830871,35,44,-1,-1,4
4836749,6,16,-1,-1,3
4834703,43,36,-1,-1,0
4830804,10,10,-1,-1,7
4835520,45,49,-1,-1,0
4820271,18,38,-1,-1,1
4835737,3,41,-1,-1,4
4832216,15,51,-1,-1,4
4835407,3,29,-1,-1,4
4834903,42,16,-1,-1,1
4835959,42,8,-1,-1,0
4830427,54,40,-1,-1,4
4836663,13,11,-1,-1,7
4836642,54,6,-1,-1,2
4831260,11,56,-1,-1,4
4835909,7,48,-1,-1,3
4836447,46,18,-1,-1,2
4826640,12,54,-1,-1,6
4837206,55,3,-1,-1,6
4832341,44,2,-1,-1,5
4836159,17,47,-1,-1,3
4833554,8,58,-1,-1,1
4836944,0,21,-1,-1,4
4832754,45,26,-1,-1,1
4830943,28,39,-1,-1,3
4827848,57,41,-1,-1,1
4826809,38,11,-1,-1,2
4837277,14,25,-1,-1,5
4833041,17,51,-1,-1,1
4836137,28,5,-1,-1,0
4832016,33,6,-1,-1,2
4835052,40,46,-1,-1,6
4835295,12,49,-1,-1,0
4832811,36,0,-1,-1,4
4832840,21,8,-1,-1,1
4837351,18,18,-1,-1,7
4820552,53,52,-1,-1,2
4820057,28,31,-1,-1,5
4836033,2,46,-1,-1,4
4836110,1,0,-1,-1,6
4837117,32,49,-1,-1,6
4832443,2,16,-1,-1,2
4835847,22,41,-1,-1,3
4837244,32,8,-1,-1,2
4835153,13,48,-1,-1,4
4826997,9,21,-1,-1,2
4829980,50,7,-1,-1,4
4830999,47,3,-1,-1,5
4832473,11,10,-1,-1,0
4834936,25,12,-1,-1,4
4836452,20,27,-1,-1,1
4834776,39,11,-1,-1,6
4834722,43,14,-1,-1,6
4833786,24,10,-1,-1,4
4834123,15,9,-1,-1,7
4836140,23,15,-1,-1,7
4835126,16,46,-1,-1,1
4829800,53,49,-1,-1,5
4831760,32,38,-1,-1,7
4837021,37,38,-1,-1,6
4830629,45,19,-1,-1,3
4831157,23,50,-1,-1,6
4835894,31,40,-1,-1,3
4828754,28,30,-1,-1,3
4829346,12,28,-1,-1,7
4832753,50,12,-1,-1,0
4836495,14,8,-1,-1,6
4833129,34,26,-1,-1,5
4829011,16,2,-1,-1,3
4834882,51,37,-1,-1,1
4832950,9,54,-1,-1,7
4833649,51,21,-1,-1,2
4835525,7,13,-1,-1,2
4824521,29,1,-1,-1,0
4835313,36,45,-1,-1,0
4837085,43,40,-1,-1,6
4833646,1,39,-1,-1,6
4836375,15,57,-1,-1,7
4830924,56,31,-1,-1,3
4818728,49,13,-1,-1,2
4835127,29,18,-1,-1,1
4837043,18,45,-1,-1,4
4836869,20,40,-1,-1,5
4835038,37,40,-1,-1,4
4833904,43,4,-1,-1,4
4832359,28,3,-1,-1,6
4834682,10,30,-1,-1,6
4832862,52,37,-1,-1,6
4835485,6,43,-1,-1,6
4836132,14,19,-1,-1,0
4818043,57,32,-1,-1,1
4817422,54,53,-1,-1,0
4833183,41,4,-1,-1,3
4833535,5,43,-1,-1,0
4836438,54,43,-1,-1,0
4833277,4,49,-1,-1,6
4832436,7,5,-1,-1,1
4835983,37,47,-1,-1,1
4833353,22,22,-1,-1,2
4827007,32,28,-1,-1,3
4836544,39,16,-1,-1,2
4835044,46,36,-1,-1,4
4828053,0,19,-1,-1,4
4835549,23,25,-1,-1,6
4828409,2,34,-1,-1,3
4835638,57,47,-1,-1,0
4833604,52,6,-1,-1,7
4835797,37,37,-1,-1,4
4833742,56,43,-1,-1,5
4829356,36,25,-1,-1,6
4835271,49,5,-1,-1,4
4831598,8,43,-1,-1,5
4834490,53,46,-1,-1,2
4836503,39,37,-1,-1,6
4836848,12,34,-1,-1,7
4829297,56,7,-1,-1,4
4835791,7,3,-1,-1,2
4836678,23,39,-1,-1,0
4836260,31,35,-1,-1,4
4837208,46,2,-1,-1,7
4835759,30,16,-1,-1,2
4836217,22,13,-1,-1,6
4834902,56,29,-1,-1,1
4837332,54,57,-1,-1,0
4833033,29,16,-1,-1,4
4836266,8,56,-1,-1,4
4832315,14,36,-1,-1,5
4831835,24,29,-1,-1,6
4833931,27,56,-1,-1,2
4830308,13,5,-1,-1,0
4830915,15,13,-1,-1,2
4835592,33,5,-1,-1,3
4833795,19,45,-1,-1,3
4837257,33,46,-1,-1,4
4830091,56,1,-1,-1,0
4837296,45,21,-1,-1,3
4836550,41,19,-1,-1,5
4829582,19,9,-1,-1,4
4830939,18,56,-1,-1,3
4834352,46,25,-1,-1,1
4836666,49,44,-1,-1,1
4837218,15,24,-1,-1,7
4836849,34,2,-1,-1,6
4831651,16,0,-1,-1,3
4835239,34,42,-1,-1,0
4833396,13,25,-1,-1,2
4835108,54,17,-1,-1,5
4832337,26,33,-1,-1,1
4833651,16,37,-1,-1,7
4836770,54,41,-1,-1,7
4835482,14,23,-1,-1,4
4829605,30,2,-1,-1,2
4835699,6,57,-1,-1,4
4833728,53,40,-1,-1,2
4834944,55,10,-1,-1,5
4836302,17,16,-1,-1,5
4837286,14,42,-1,-1,7
4836648,20,46,-1,-1,5
4836053,40,2,-1,-1,5
4836903,56,52,-1,-1,0
4828860,21,54,-1,-1,7
4836427,20,28,-1,-1,7
4836299,10,32,-1,-1,4
4836864,21,7,-1,-1,5
4834431,49,45,-1,-1,0
4835203,57,31,-1,-1,4
4835848,48,41,-1,-1,5
4832219,16,14,-1,-1,5
4832190,1,20,-1,-1,2
4834382,54,3,-1,-1,0
4834619,27,43,-1,-1,6
4832525,56,14,-1,-1,6
4832312,34,11,-1,-1,1
4835443,12,36,-1,-1,2
4831612,0,34,-1,-1,2
4837371,11,57,-1,-1,4
4833655,10,19,-1,-1,4
4829908,11,51,-1,-1,3
4835598,29,49,-1,-1,7
4832526,24,17,-1,-1,3
4835057,42,58,-1,-1,7
4834732,57,22,-1,-1,7
4831775,51,15,-1,-1,2
4835609,24,41,-1,-1,2
4833115,30,38,-1,-1,1
4829480,2,5,-1,-1,3
4837363,16,47,-1,-1,5
4833251,34,53,-1,-1,7
4834084,6,2,-1,-1,0
4835746,19,8,-1,-1,3
4835464,30,50,-1,-1,3
4834831,56,12,-1,-1,0
4835208,53,6,-1,-1,0
4835946,36,17,-1,-1,0
4834586,4,34,-1,-1,0
4836626,35,39,-1,-1,2
4834981,33,7,-1,-1,5
4830805,9,27,-1,-1,4
4834826,23,36,-1,-1,3
4826322,28,49,-1,-1,3
4831059,13,49,-1,-1,1
4831394,19,6,-1,-1,2
4830893,47,58,-1,-1,2
4837352,44,21,-1,-1,3
4829740,34,52,-1,-1,4
4834291,36,22,-1,-1,3
4837269,9,37,-1,-1,7
4835581,32,24,-1,-1,3
4823936,7,8,-1,-1,3
4836894,30,35,-1,-1,0
4837164,23,46,-1,-1,2
4837287,33,39,-1,-1,6
4835224,15,35,-1,-1,3
4836456,38,30,-1,-1,2
4834546,54,5,-1,-1,1
4833844,27,37,-1,-1,0
4836078,34,22,-1,-1,2
4835856,38,40,-1,-1,0
4834243,28,42,-1,-1,0
4836039,9,58,-1,-1,6
4837360,48,42,-1,-1,0
4831175,18,43,-1,-1,6
4834629,42,6,-1,-1,7
4837357,11,22,-1,-1,6
4834030,7,57,-1,-1,4
4837129,1,35,-1,-1,7
4834770,3,24,-1,-1,4
4827356,56,32,-1,-1,6
4835750,39,33,-1,-1,1
4831703,40,44,-1,-1,4
4835338,26,39,-1,-1,7
4831522,18,8,-1,-1,7
4832014,8,32,-1,-1,1
4825566,43,51,-1,-1,2
4833611,20,42,-1,-1,5
4837144,55,13,-1,-1,5
4835643,17,22,-1,-1,1
4835256,54,54,-1,-1,0
4833596,58,23,-1,-1,7
4836816,22,4,-1,-1,6
4831351,8,34,-1,-1,7
4834551,24,46,-1,-1,1
4835240,48,24,-1,-1,0
4837150,35,34,-1,-1,4
4837293,40,7,-1,-1,6
4837201,28,44,-1,-1,7
4828915,51,58,-1,-1,1
4836714,10,11,-1,-1,7
4832843,45,47,-1,-1,2
4836226,49,7,-1,-1,2
4837319,20,51,-1,-1,5
4837367,51,22,-1,-1,1
4833709,7,55,-1,-1,0
4837192,1,12,-1,-1,7
4832764,25,20,-1,-1,3
4825898,16,5,-1,-1,3
4836457,25,42,-1,-1,1
4831374,47,40,-1,-1,7
4833454,9,56,-1,-1,3
4832716,51,2,-1,-1,2
4836801,28,27,-1,-1,6
4836636,18,14,-1,-1,2
4836850,34,48,-1,-1,2
4837187,18,17,-1,-1,5
4836036,56,8,-1,-1,6
4834965,18,39,-1,-1,0
4835760,26,26,-1,-1,0
4836800,6,38,-1,-1,3
4836855,38,6,-1,-1,7
4832450,19,48,-1,-1,6
4836265,31,0,-1,-1,6
4831719,51,36,-1,-1,3
4836594,56,37,-1,-1,4
4834793,12,5,-1,-1,6
4834107,16,16,-1,-1,1
4833135,11,25,-1,-1,1
4823252,56,49,-1,-1,0
4830242,35,14,-1,-1,2
4834791,34,50,-1,-1,2
4834052,6,7,-1,-1,4
4829314,45,31,-1,-1,3
4835636,4,14,-1,-1,6
4834537,46,40,-1,-1,3
4821490,27,33,-1,-1,3
4836718,23,55,-1,-1,1
4837013,12,47,-1,-1,6
4835027,29,44,-1,-1,1
4833449,31,42,-1,-1,1
4833877,53,41,-1,-1,6
4833318,11,12,-1,-1,0
4832101,51,30,-1,-1,3
4834328,17,12,-1,-1,0
4835150,57,30,-1,-1,5
4835196,28,26,-1,-1,0
4828888,33,23,-1,-1,2
4836804,48,36,-1,-1,3
4823658,3,13,-1,-1,3
4837154,16,22,-1,-1,2
4836482,0,9,-1,-1,3
4833580,49,1,-1,-1,0
4837072,31,6,-1,-1,5
4836605,10,51,-1,-1,1
4833623,48,47,-1,-1,3
4826359,34,46,-1,-1,4
4836717,47,31,-1,-1,4
4836725,29,27,-1,-1,6
4836846,8,1,-1,-1,2
4826068,43,27,-1,-1,3
4834924,56,55,-1,-1,3
4836049,23,9,-1,-1,6
4830379,1,56,-1,-1,3
4835859,25,26,-1,-1,0
4836209,5,41,-1,-1,0
4823559,0,0,-1,-1,4
4836808,42,44,-1,-1,6
4832901,56,50,-1,-1,5
4832808,51,12,-1,-1,1
4831915,10,5,-1,-1,6
4837016,28,19,-1,-1,3
4827363,15,18,-1,-1,6
4835163,25,31,-1,-1,5
4833631,54,8,-1,-1,4
4833581,41,13,-1,-1,1
4833422,37,12,-1,-1,1
4836190,37,3,-1,-1,4
4833310,42,57,-1,-1,4
4833442,36,38,-1,-1,0
4834202,47,28,-1,-1,7
4836761,26,21,-1,-1,2
4832970,0,17,-1,-1,4
4827758,12,4,-1,-1,3
4830541,56,40,-1,-1,3
4835495,43,19,-1,-1,0
4828921,5,15,-1,-1,7
4836215,25,54,-1,-1,5
4836239,22,0,-1,-1,3
4833775,30,15,-1,-1,3
4835904,5,54,-1,-1,1
4831357,8,30,-1,-1,1
4832643,31,47,-1,-1,5
4836881,30,14,-1,-1,6
4836500,0,54,-1,-1,0
4833376,43,16,-1,-1,7
4833692,20,19,-1,-1,2
4834011,35,46,-1,-1,7
4835691,51,3,-1,-1,7
4836074,52,9,-1,-1,4
4836471,45,55,-1,-1,6
4837161,8,16,-1,-1,7
4837064,39,51,-1,-1,7
4830738,35,30,-1,-1,4
4831262,35,16,-1,-1,3
4837280,44,32,-1,-1,7
4834081,58,48,-1,-1,0
4833375,5,6,-1,-1,1
4837141,12,50,-1,-1,1
4828961,34,54,-1,-1,5
4835307,27,6,-1,-1,0
4834410,30,45,-1,-1,6
4835745,39,5,-1,-1,0
4835631,49,31,-1,-1,7
4828707,15,5,-1,-1,0
4832977,4,3,-1,-1,3
4802174,23,2,-1,-1,0
4834491,3,2,-1,-1,7
4835610,44,35,-1,-1,5
4820181,56,38,-1,-1,6
4836208,39,39,-1,-1,4
4831781,14,20,-1,-1,1
4837041,38,44,-1,-1,3
4832270,29,22,-1,-1,5
4832100,6,46,-1,-1,4
4836384,38,27,-1,-1,5
4837237,42,24,-1,-1,3
4832697,25,23,-1,-1,6
4832264,56,21,-1,-1,0
4829829,15,20,-1,-1,2
4833697,17,56,-1,-1,2
4833151,17,37,-1,-1,1
4835893,40,8,-1,-1,0
4835954,43,47,-1,-1,2
4836700,26,18,-1,-1,6
4836322,5,45,-1,-1,4
4813746,52,31,-1,-1,3
4836231,0,50,-1,-1,4
4836917,54,23,-1,-1,3
4834406,6,44,-1,-1,6
4834790,51,9,-1,-1,6
4830099,2,33,-1,-1,2
4835684,13,52,-1,-1,1
4827030,52,22,-1,-1,6
4834777,48,55,-1,-1,0
4837027,53,33,-1,-1,2
4837320,41,23,-1,-1,2
4837036,13,27,-1,-1,1
4833160,3,42,-1,-1,3
4835650,47,14,-1,-1,6
4836237,35,13,-1,-1,6
4832968,9,35,-1,-1,7
4833525,28,50,-1,-1,6
4823331,20,2,-1,-1,7
4835591,45,4,-1,-1,2
4835673,48,15,-1,-1,0
4836980,21,26,-1,-1,0
4834792,41,30,-1,-1,1
4835398,34,31,-1,-1,5
4823655,4,33,-1,-1,5
4836441,30,37,-1,-1,4
4836472,24,57,-1,-1,0
4830251,12,35,-1,-1,4
4834266,2,2,-1,-1,4
4828513,52,58,-1,-1,6
4829761,5,7,-1,-1,4
4830005,42,38,-1,-1,6
4834093,9,9,-1,-1,6
4835810,42,26,-1,-1,0
4836511,35,9,-1,-1,0
4836395,40,15,-1,-1,2
4832853,16,18,-1,-1,0
4836794,52,26,-1,-1,1
4836546,20,22,-1,-1,5
4832986,19,33,-1,-1,2
4837331,36,33,-1,-1,1
4832227,4,20,-1,-1,2
4836863,9,19,-1,-1,7
4836554,38,3,-1,-1,1
4834508,22,31,-1,-1,1
4833553,57,38,-1,-1,3
4836509,21,27,-1,-1,3
4835392,28,7,-1,-1,0
4835135,8,14,-1,-1,4
4835917,12,44,-1,-1,3
4830309,50,1,-1,-1,7
4829069,58,51,-1,-1,4
4828545,33,57,-1,-1,3
4833916,26,16,-1,-1,1
4832290,3,56,-1,-1,6
4833981,21,21,-1,-1,6
4834758,14,32,-1,-1,6
4836113,6,9,-1,-1,2
4835804,24,25,-1,-1,3
4833800,32,41,-1,-1,4
4835930,37,9,-1,-1,4
4837369,28,29,-1,-1,3
4836711,39,23,-1,-1,5
4835693,48,43,-1,-1,6
4834504,19,27,-1,-1,7
4835521,13,41,-1,-1,3
4836518,54,19,-1,-1,2
4836173,25,22,-1,-1,5
4837038,38,43,-1,-1,3
4836529,12,42,-1,-1,4
4834968,39,7,-1,-1,6
4835952,44,8,-1,-1,4
4834822,4,31,-1,-1,0
4832506,39,6,-1,-1,3
4836805,24,13,-1,-1,3
4828659,52,52,-1,-1,6
4830553,27,12,-1,-1,1
4834046,6,37,-1,-1,1
4836561,43,12,-1,-1,7
4833452,46,37,-1,-1,3
4834004,51,7,-1,-1,0
4835457,47,0,-1,-1,3
4831687,25,1,-1,-1,4
4816371,55,40,-1,-1,5
4831163,31,32,-1,-1,7
4827555,34,0,-1,-1,6
4835209,45,2,-1,-1,5
4837040,54,58,-1,-1,2
4834698,38,46,-1,-1,4
4830343,41,17,-1,-1,7
4826896,15,22,-1,-1,1
4834691,22,14,-1,-1,2
4833832,6,23,-1,-1,0
4837214,14,7,-1,-1,6
4834272,35,40,-1,-1,0
4835705,18,1,-1,-1,0
4834064,35,28,-1,-1,3
4834003,10,56,-1,-1,0
4836536,37,42,-1,-1,0
4835884,19,10,-1,-1,4
4828407,38,50,-1,-1,0
4831323,37,45,-1,-1,1
4834933,4,41,-1,-1,6
4835128,8,51,-1,-1,3
4835297,4,6,-1,-1,0
4832577,55,45,-1,-1,1
4833470,37,49,-1,-1,4
4837066,57,25,-1,-1,2
4837270,43,55,-1,-1,3
4835938,57,42,-1,-1,6
4832655,4,30,-1,-1,0
4833712,43,46,-1,-1,1
4833063,24,15,-1,-1,7
4834232,32,17,-1,-1,1
4836343,15,2,-1,-1,6
4834257,26,48,-1,-1,7
4834760,39,50,-1,-1,2
4836959,51,47,-1,-1,0
4836826,25,58,-1,-1,2
4837253,57,49,-1,-1,4
4837345,51,53,-1,-1,7
4835947,4,43,-1,-1,1
4837191,58,27,-1,-1,4
4837216,55,32,-1,-1,0
4835634,27,25,-1,-1,4
4837317,14,38,-1,-1,6
4837266,17,45,-1,-1,6
4830389,0,16,-1,-1,1
4829322,43,58,-1,-1,6
4837344,43,22,-1,-1,0
4832082,3,15,-1,-1,2
4837071,31,28,-1,-1,5
4833437,41,3,-1,-1,0
4836234,53,22,-1,-1,1
4833539,18,58,-1,-1,0
4826802,24,7,-1,-1,6
4832812,27,4,-1,-1,6
4820088,23,42,-1,-1,6
4835979,5,57,-1,-1,1
4831664,38,7,-1,-1,7
4834194,7,44,-1,-1,1
4833434,54,37,-1,-1,2
4831858,45,43,-1,-1,2
4834377,6,24,-1,-1,1
4832463,51,14,-1,-1,3
4835962,21,38,-1,-1,1
4832900,33,47,-1,-1,3
4836669,36,11,-1,-1,7
4834531,37,44,-1,-1,4
4835376,24,27,-1,-1,3
4835639,44,40,-1,-1,7
4836139,56,15,-1,-1,5
4832387,33,4,-1,-1,1
4834729,19,32,-1,-1,2
4836649,6,25,-1,-1,2
4837235,53,56,-1,-1,7
4836651,39,13,-1,-1,2
4837147,50,23,-1,-1,4
4837381,43,49,-1,-1,6
4836342,35,7,-1,-1,3
4835160,1,22,-1,-1,2
4828217,16,44,-1,-1,4
4836180,29,12,-1,-1,3
4832439,24,38,-1,-1,4
4836796,46,14,-1,-1,0
4826819,2,19,-1,-1,1
4836517,24,12,-1,-1,3
4835940,35,23,-1,-1,4
4836396,14,58,-1,-1,2
4833355,13,57,-1,-1,7
4835426,5,53,-1,-1,6
4836407,11,52,-1,-1,1
4837059,55,25,-1,-1,4
4835914,26,14,-1,-1,3
4833386,6,58,-1,-1,0
4836037,13,45,-1,-1,5
4831619,12,41,-1,-1,4
4828840,58,15,-1,-1,4
4837090,16,25,-1,-1,6
4836706,26,6,-1,-1,7
4836040,32,18,-1,-1,4
4837009,43,11,-1,-1,5
4836428,19,53,-1,-1,1
4835082,18,49,-1,-1,5
4834475,11,30,-1,-1,2
4835629,7,53,-1,-1,4
4836436,7,23,-1,-1,4
4836540,45,54,-1,-1,3
4837349,14,48,-1,-1,3
4832508,53,13,-1,-1,5
4836124,15,14,-1,-1,5
4835106,58,39,-1,-1,0
4835865,21,57,-1,-1,2
4835310,54,49,-1,-1,2
4833915,30,23,-1,-1,0
4825104,4,16,-1,-1,2
4835538,36,4,-1,-1,5
4837263,34,49,-1,-1,1
4835013,15,8,-1,-1,7
4833663,4,7,-1,-1,6
4836056,33,43,-1,-1,2
4836361,41,14,-1,-1,6
4832644,45,36,-1,-1,0
4835512,58,52,-1,-1,0
4825870,19,13,-1,-1,5
4824065,6,4,-1,-1,4
4834541,21,14,-1,-1,5
4834630,20,56,-1,-1,4
4836872,45,50,-1,-1,4
4836464,24,8,-1,-1,6
4837242,44,46,-1,-1,0
4835989,20,21,-1,-1,0
4836696,18,32,-1,-1,3
4837012,2,14,-1,-1,3
4835536,21,1,-1,-1,4
4836579,55,23,-1,-1,3
4834191,20,34,-1,-1,7
4836984,46,24,-1,-1,7
4824748,58,43,-1,-1,0
4830704,51,16,-1,-1,5
4829287,9,8,-1,-1,2
4836205,32,12,-1,-1,7
4830221,55,52,-1,-1,5
4831896,0,36,-1,-1,4
4833067,52,34,-1,-1,3
4831741,25,37,-1,-1,2
4833943,43,28,-1,-1,0
4833359,25,36,-1,-1,0
4833198,30,30,-1,-1,3
4830325,31,8,-1,-1,5
4832232,21,56,-1,-1,3
4837194,37,7,-1,-1,7
4834088,54,13,-1,-1,2
4826524,14,41,-1,-1,2
4834233,52,45,-1,-1,7
4828394,0,15,-1,-1,3
4836195,34,45,-1,-1,3
4835221,16,10,-1,-1,6
4829687,19,30,-1,-1,0
4833460,54,42,-1,-1,0
4837228,57,5,-1,-1,7
4837073,45,11,-1,-1,7
4832053,8,18,-1,-1,7
4834976,22,38,-1,-1,0
4835511,33,49,-1,-1,2
4836490,18,20,-1,-1,5
4836974,23,38,-1,-1,0
4835452,0,46,-1,-1,4
4836250,41,20,-1,-1,0
4836430,40,28,-1,-1,4
4828582,23,5,-1,-1,2
4832598,37,30,-1,-1,6
4836622,30,47,-1,-1,6
4824592,54,35,-1,-1,7
4833661,34,58,-1,-1,2
4836755,57,3,-1,-1,4
4834384,20,44,-1,-1,2
4836272,50,20,-1,-1,5
4837100,3,25,-1,-1,7
4833756,51,20,-1,-1,6
4828148,7,52,-1,-1,3
4836461,37,22,-1,-1,6
4829226,9,10,-1,-1,7
4837049,14,24,-1,-1,1
4836802,12,32,-1,-1,4
4834284,58,7,-1,-1,7
4836351,30,39,-1,-1,1
4834863,54,22,-1,-1,5
4836775,29,13,-1,-1,7
4836904,40,4,-1,-1,4
4836311,48,20,-1,-1,1
4837000,15,37,-1,-1,0
4835114,56,35,-1,-1,7
4834006,23,48,-1,-1,3
4833774,5,17,-1,-1,6
4836548,42,17,-1,-1,0
4829699,56,45,-1,-1,7
4834126,29,38,-1,-1,2
4836219,32,26,-1,-1,2
4834841,16,35,-1,-1,6
4836303,8,40,-1,-1,5
4834664,12,21,-1,-1,0
4830336,31,20,-1,-1,7
4835496,42,2,-1,-1,6
4834509,50,39,-1,-1,4
4837289,10,41,-1,-1,3
4833169,22,10,-1,-1,0
4834761,36,41,-1,-1,0
4832080,17,10,-1,-1,3
4835803,21,32,-1,-1,0
4837251,36,35,-1,-1,3
4836213,22,15,-1,-1,7
4828907,47,9,-1,-1,7
4837310,33,34,-1,-1,1
4835617,18,55,-1,-1,3
4833852,55,31,-1,-1,3
4834489,24,43,-1,-1,2
4833789,20,7,-1,-1,7
4836073,12,58,-1,-1,0
4828259,27,9,-1,-1,4
4834082,22,33,-1,-1,3
4834544,46,56,-1,-1,6
4835951,14,13,-1,-1,0
4835990,41,41,-1,-1,1
4837057,25,30,-1,-1,3
4837221,47,4,-1,-1,7
4836771,11,26,-1,-1,6
4832111,26,50,-1,-1,6
4835850,5,22,-1,-1,3
4835574,12,24,-1,-1,0
4834199,9,7,-1,-1,5
4833161,14,29,-1,-1,1
4836535,41,1,-1,-1,7
4834487,30,57,-1,-1,7
4836907,0,12,-1,-1,0
4837316,32,32,-1,-1,0
4834478,13,13,-1,-1,3
4832739,44,54,-1,-1,1
4836347,43,34,-1,-1,6
4833613,13,8,-1,-1,4
4836697,9,0,-1,-1,4
4833714,13,28,-1,-1,6
4835180,47,19,-1,-1,6
4836581,45,48,-1,-1,6
4832314,23,21,-1,-1,7
4836374,10,14,-1,-1,0
4836488,22,2,-1,-1,5
4836412,18,35,-1,-1,4
4837361,15,12,-1,-1,0
4822937,6,54,-1,-1,0
4832344,13,16,-1,-1,1
4833513,1,53,-1,-1,6
4824572,39,58,-1,-1,1
4834565,23,8,-1,-1,5
4835465,41,26,-1,-1,5
4825329,49,3,-1,-1,5
4833967,37,57,-1,-1,4
4829581,3,55,-1,-1,6
4826363,41,42,-1,-1,1
4834653,48,53,-1,-1,6
4821845,54,7,-1,-1,4
4835460,31,27,-1,-1,3
4835680,2,36,-1,-1,3
4833702,9,55,-1,-1,3
4832801,17,31,-1,-1,7
4834849,15,1,-1,-1,3
4835117,8,26,-1,-1,6
4831158,52,3,-1,-1,2
4828727,2,37,-1,-1,4
4836443,39,18,-1,-1,1
4831261,44,12,-1,-1,3
4837246,22,47,-1,-1,2
4833708,37,51,-1,-1,7
4831332,48,35,-1,-1,5
4834074,12,12,-1,-1,3
4820423,58,22,-1,-1,4
4837309,39,38,-1,-1,0
4834063,48,13,-1,-1,7
4836625,40,17,-1,-1,1
4836635,42,56,-1,-1,7
4835717,36,29,-1,-1,2
4823538,55,49,-1,-1,7
4828054,10,20,-1,-1,2
4836865,45,20,-1,-1,1
4836688,30,9,-1,-1,4
4831541,25,56,-1,-1,6
4836897,19,38,-1,-1,0
4834483,25,24,-1,-1,1
4836340,14,3,-1,-1,6
4835275,34,15,-1,-1,1
4835564,45,28,-1,-1,6
4836878,58,40,-1,-1,5
4835040,27,13,-1,-1,0
4832687,42,48,-1,-1,1
4837211,53,58,-1,-1,6
4835623,5,30,-1,-1,1
4816447,1,7,-1,-1,4
4837029,39,15,-1,-1,7
4834811,44,6,-1,-1,3
4836621,51,19,-1,-1,4
4830511,24,16,-1,-1,2
4830494,51,39,-1,-1,0
4836889,17,44,-1,-1,6
4830105,2,3,-1,-1,6
4824641,4,11,-1,-1,7
4830956,33,9,-1,-1,0
4826428,42,7,-1,-1,4
4837060,50,33,-1,-1,1
4837279,44,55,-1,-1,3
4834673,47,41,-1,-1,6
4834955,39,29,-1,-1,7
4835987,25,48,-1,-1,3
4836570,23,52,-1,-1,2
4836298,13,22,-1,-1,2
4836449,46,31,-1,-1,6
4836588,30,46,-1,-1,6
4837074,44,41,-1,-1,0
4837048,28,33,-1,-1,4
4836624,29,24,-1,-1,2
4836583,24,21,-1,-1,5
4835094,38,19,-1,-1,3
4835245,27,30,-1,-1,2
4831264,42,49,-1,-1,0
4836582,29,9,-1,-1,0
4832417,20,31,-1,-1,4
4831977,48,11,-1,-1,3
4830255,31,29,-1,-1,0
4832138,56,51,-1,-1,1
4825020,7,43,-1,-1,4
4836191,7,56,-1,-1,7
4836493,10,42,-1,-1,7
4831105,38,22,-1,-1,0
4821264,55,46,-1,-1,1
4834230,10,1,-1,-1,3
4835945,31,16,-1,-1,7
4837365,36,34,-1,-1,3
4830063,27,52,-1,-1,4
4835874,33,41,-1,-1,4
4837264,41,34,-1,-1,6
4834973,41,0,-1,-1,2
4833766,53,9,-1,-1,1
4835064,34,7,-1,-1,5
4836772,53,39,-1,-1,3
4835738,37,31,-1,-1,7
4834835,11,9,-1,-1,5
4836236,23,29,-1,-1,7
4835409,54,51,-1,-1,0
4835103,55,35,-1,-1,5
4833524,25,41,-1,-1,3
4834877,15,29,-1,-1,4
4828821,1,10,-1,-1,6
4833969,9,32,-1,-1,6
4836416,19,2,-1,-1,3
4833617,25,46,-1,-1,7
4836021,29,26,-1,-1,7
4833932,26,51,-1,-1,0
4833345,42,29,-1,-1,5
4830848,46,3,-1,-1,3
4834996,19,47,-1,-1,0
4837098,58,2,-1,-1,4
4835842,57,11,-1,-1,0
4832724,50,2,-1,-1,1
4832678,39,44,-1,-1,3
4833523,22,24,-1,-1,7
4836331,7,41,-1,-1,0
4833515,13,3,-1,-1,1
4835753,22,25,-1,-1,4
4831101,32,13,-1,-1,7
4837035,2,18,-1,-1,0
4825954,17,30,-1,-1,4
4833116,44,45,-1,-1,2
4837229,24,35,-1,-1,1
4835784,14,45,-1,-1,7
4835820,2,1,-1,-1,1
4830087,56,48,-1,-1,7
4833999,47,49,-1,-1,2
4830232,4,54,-1,-1,4
4832936,31,17,-1,-1,7
4830604,4,4,-1,-1,0
4813107,30,8,-1,-1,7
4832741,56,53,-1,-1,1
4834825,14,0,-1,-1,2
4832118,40,16,-1,-1,0
4836885,50,13,-1,-1,6
4828062,9,48,-1,-1,0
4836966,11,3,-1,-1,2
4837372,42,27,-1,-1,5
4831933,17,24,-1,-1,0
4836106,16,38,-1,-1,4
4836682,37,13,-1,-1,0
4837173,42,40,-1,-1,1
4837254,58,20,-1,-1,6
4836135,0,26,-1,-1,1
4833563,34,20,-1,-1,1
4830750,31,49,-1,-1,4
4836915,4,15,-1,-1,3
4833193,39,0,-1,-1,4
4820594,11,21,-1,-1,1
4835252,33,20,-1,-1,1
4834158,52,46,-1,-1,2
4835694,49,34,-1,-1,0
4831590,1,28,-1,-1,5
4835669,32,52,-1,-1,2
4835139,6,33,-1,-1,5
4835727,47,57,-1,-1,3
4832125,31,25,-1,-1,4
4837358,52,54,-1,-1,5
4833954,56,4,-1,-1,1
4832791,27,23,-1,-1,6
4836623,35,54,-1,-1,3
4833950,9,41,-1,-1,6
4833633,15,19,-1,-1,5
4832513,49,38,-1,-1,2
4836246,27,42,-1,-1,7
4837159,42,28,-1,-1,1
4831038,7,40,-1,-1,4
4834444,8,25,-1,-1,2
4837042,35,33,-1,-1,7
4834865,56,23,-1,-1,7
4836558,11,32,-1,-1,1
4837031,33,48,-1,-1,1
4836791,52,8,-1,-1,0
4831720,51,23,-1,-1,6
4834486,23,18,-1,-1,4
4836491,22,11,-1,-1,3
4836152,38,33,-1,-1,3
4835913,2,50,-1,-1,7
4835096,57,15,-1,-1,3
4836095,10,39,-1,-1,7
4833290,31,58,-1,-1,7
4837006,47,16,-1,-1,5
4835303,34,17,-1,-1,1
4836516,17,26,-1,-1,5
4823178,52,51,-1,-1,3
4835875,53,38,-1,-1,7
4831013,52,56,-1,-1,4
4819242,53,16,-1,-1,0
4836955,52,23,-1,-1,4
4836433,44,16,-1,-1,0
4833643,50,58,-1,-1,6
4836602,26,20,-1,-1,2
4831898,40,38,-1,-1,1
4832694,21,52,-1,-1,1
4830047,25,6,-1,-1,5
4832842,11,36,-1,-1,1
4833362,50,6,-1,-1,3
4834815,58,35,-1,-1,4
4836207,34,37,-1,-1,6
4828566,54,28,-1,-1,0
4835666,12,55,-1,-1,2
4836024,38,23,-1,-1,1
4825530,26,46,-1,-1,5
4836130,14,6,-1,-1,7
4836019,23,54,-1,-1,7
4827282,10,58,-1,-1,6
4836118,56,42,-1,-1,7
4832300,4,50,-1,-1,5
4831293,51,28,-1,-1,0
4826228,55,29,-1,-1,1
4829043,27,35,-1,-1,0
4836909,15,39,-1,-1,3
4835568,19,43,-1,-1,5
4829277,34,3,-1,-1,0
4837151,19,18,-1,-1,1
4836181,58,54,-1,-1,6
4833956,53,50,-1,-1,0
4831725,26,27,-1,-1,1
4833757,44,10,-1,-1,6
4833818,38,4,-1,-1,1
4836182,6,1,-1,-1,7
4833741,29,28,-1,-1,1
4826360,24,39,-1,-1,5
4830695,0,45,-1,-1,4
4835097,17,1,-1,-1,4
4834312,34,32,-1,-1,6
4836713,7,28,-1,-1,7
4837106,37,18,-1,-1,2
4837258,47,13,-1,-1,7
4835507,48,4,-1,-1,7
4835833,37,36,-1,-1,3
4835781,5,38,-1,-1,7
4836662,10,25,-1,-1,0
4836603,41,27,-1,-1,0
4837093,30,52,-1,-1,7
4835529,1,16,-1,-1,0
4828419,18,48,-1,-1,1
4835573,35,32,-1,-1,3
4837329,23,4,-1,-1,2
4833821,46,49,-1,-1,3
4832852,21,44,-1,-1,1
4837304,36,44,-1,-1,6
4833065,42,0,-1,-1,5
4831054,50,30,-1,-1,6
4829703,13,38,-1,-1,2
4823059,55,38,-1,-1,7
4831046,16,20,-1,-1,5
4835857,46,45,-1,-1,5
4837196,26,40,-1,-1,6
4836552,53,57,-1,-1,6
4815747,54,52,-1,-1,3
4835304,27,17,-1,-1,4
4828456,57,8,-1,-1,2
4833963,32,40,-1,-1,4
4834242,54,25,-1,-1,0
4834198,3,12,-1,-1,4
4837008,20,52,-1,-1,2
4832844,51,10,-1,-1,2
4832097,20,5,-1,-1,6
4837292,50,29,-1,-1,0
4832492,15,56,-1,-1,3
4835078,44,53,-1,-1,4
4829213,49,28,-1,-1,0
4825258,33,56,-1,-1,2
4835435,18,34,-1,-1,4
4833608,10,29,-1,-1,4
4835928,38,21,-1,-1,4
4815801,0,52,-1,-1,4
4835493,47,2,-1,-1,7
4835846,20,10,-1,-1,1
4836589,46,27,-1,-1,2
4833209,49,53,-1,-1,1
4837225,44,22,-1,-1,1
4835969,36,15,-1,-1,6
4835835,41,11,-1,-1,7
4836538,39,42,-1,-1,1
4837273,19,20,-1,-1,5
4835136,17,46,-1,-1,7
4832915,58,24,-1,-1,4
4834029,37,8,-1,-1,0
4835790,44,51,-1,-1,3
4829947,1,24,-1,-1,7
4836660,12,37,-1,-1,0
4831233,6,29,-1,-1,4
4835470,9,50,-1,-1,6
4833012,55,0,-1,-1,3
4832966,43,9,-1,-1,2
4833253,2,7,-1,-1,7
4830532,7,37,-1,-1,1
4830702,13,10,-1,-1,1
4836204,19,51,-1,-1,5
4830222,10,37,-1,-1,4
4833707,20,9,-1,-1,4
4829978,31,9,-1,-1,5
4835992,45,9,-1,-1,0
4836227,25,49,-1,-1,1
4834447,18,7,-1,-1,5
4832070,39,20,-1,-1,4
4833848,48,38,-1,-1,5
4837124,29,50,-1,-1,3
4833955,51,32,-1,-1,0
4834952,36,14,-1,-1,1
4835968,36,58,-1,-1,6
4831905,20,24,-1,-1,6
4835008,42,35,-1,-1,7
4835658,10,3,-1,-1,6
4828967,5,5,-1,-1,2
4836901,24,32,-1,-1,1
4835905,15,34,-1,-1,3
4835115,58,36,-1,-1,7
4835091,50,25,-1,-1,5
4837135,19,16,-1,-1,6
4834784,27,51,-1,-1,3
4835576,8,48,-1,-1,2
4834838,27,11,-1,-1,0
4832607,23,28,-1,-1,2
4833083,8,13,-1,-1,1
4828687,45,32,-1,-1,4
4835469,38,18,-1,-1,6
4820901,49,36,-1,-1,3
4831528,47,30,-1,-1,6
4836896,22,16,-1,-1,7
4836747,23,27,-1,-1,4
4836716,20,6,-1,-1,4
4827541,47,7,-1,-1,3
4832176,54,34,-1,-1,3
4836506,49,25,-1,-1,4
4835567,5,9,-1,-1,4
4835383,44,25,-1,-1,6
4834411,35,27,-1,-1,0
4836198,53,20,-1,-1,2
4836410,28,43,-1,-1,7
4833196,37,15,-1,-1,1
4834263,11,48,-1,-1,3
4833966,15,27,-1,-1,7
4836391,24,53,-1,-1,2
4837015,42,1,-1,-1,0
4831276,47,35,-1,-1,1
4835490,23,10,-1,-1,4
4829308,14,31,-1,-1,6
4831097,8,28,-1,-1,5
4835523,4,48,-1,-1,6
4824301,2,23,-1,-1,4
4837055,57,19,-1,-1,3
4834545,39,41,-1,-1,1
4836611,39,55,-1,-1,3
4834721,56,36,-1,-1,4
4836522,49,27,-1,-1,4
4832637,27,7,-1,-1,4
4836017,28,6,-1,-1,2
4835795,30,31,-1,-1,3
4835724,5,12,-1,-1,5
4830004,42,46,-1,-1,0
4837067,28,35,-1,-1,0
4832719,11,6,-1,-1,4
4834718,26,24,-1,-1,0
4835813,11,7,-1,-1,1
4836242,43,25,-1,-1,3
4824731,53,19,-1,-1,6
4836054,17,43,-1,-1,4
4830219,26,17,-1,-1,5
4831944,58,16,-1,-1,0
4832902,50,54,-1,-1,3
4834065,29,21,-1,-1,4
4836750,46,52,-1,-1,3
4836026,2,44,-1,-1,4
4834390,21,19,-1,-1,4
4836409,1,15,-1,-1,5
4835406,21,6,-1,-1,7
4830821,1,51,-1,-1,6
4828436,27,27,-1,-1,7
4836951,37,1,-1,-1,7
4829568,31,57,-1,-1,1
4835715,22,27,-1,-1,5
4834326,11,47,-1,-1,0
4836645,30,22,-1,-1,5
4828132,54,32,-1,-1,4
4833634,43,42,-1,-1,3
4835584,32,33,-1,-1,4
4828084,54,47,-1,-1,0
4829937,48,0,-1,-1,5
4825660,16,7,-1,-1,2
4834907,13,17,-1,-1,2
4834270,46,11,-1,-1,6
4837205,5,19,-1,-1,5
4835716,42,3,-1,-1,6
4834299,0,37,-1,-1,0
4832873,35,18,-1,-1,2
4834083,33,58,-1,-1,0
4836617,41,39,-1,-1,6
4836724,15,43,-1,-1,1
4834913,7,29,-1,-1,3
4833671,56,19,-1,-1,0
4835898,47,47,-1,-1,6
4835921,7,51,-1,-1,6
4837046,17,38,-1,-1,2
4836356,17,27,-1,-1,0
4837284,45,15,-1,-1,3
4837203,9,23,-1,-1,0
4824138,38,58,-1,-1,2
4836789,15,45,-1,-1,3
4831286,47,42,-1,-1,3
4836654,30,54,-1,-1,1
4831918,27,5,-1,-1,5
4837030,37,19,-1,-1,5
4834211,42,32,-1,-1,6
4834529,13,0,-1,-1,6
4833783,18,30,-1,-1,2
4836025,44,17,-1,-1,4
4834818,35,43,-1,-1,7
4826734,29,51,-1,-1,7
4833792,30,7,-1,-1,0
4836526,42,45,-1,-1,5
4836743,33,33,-1,-1,6
4836403,48,23,-1,-1,4
4836117,38,42,-1,-1,0
4833711,38,49,-1,-1,3
4835731,30,48,-1,-1,6
4834879,52,16,-1,-1,0
4833911,46,55,-1,-1,7
4833881,31,12,-1,-1,0
4833957,35,37,-1,-1,6
4830828,39,1,-1,-1,5
4830955,25,32,-1,-1,3
4835105,16,43,-1,-1,0
4835925,49,0,-1,-1,4
4832412,50,14,-1,-1,7
4823346,52,12,-1,-1,0
4836362,13,46,-1,-1,3
4831658,16,6,-1,-1,1
4831555,15,0,-1,-1,3
4836828,5,36,-1,-1,6
4836020,23,37,-1,-1,0
4836834,42,25,-1,-1,6
4837375,2,25,-1,-1,1
4829473,51,43,-1,-1,3
4836528,9,3,-1,-1,7
4836815,43,26,-1,-1,6
4831813,3,37,-1,-1,1
4835453,20,57,-1,-1,3
4830061,46,1,-1,-1,0
4832704,57,21,-1,-1,0
4833446,33,25,-1,-1,6
4833438,44,52,-1,-1,0
4827628,16,52,-1,-1,2
4836193,23,57,-1,-1,2
4833812,12,9,-1,-1,4
4836564,25,44,-1,-1,1
4837061,16,34,-1,-1,6
4836360,26,34,-1,-1,7
4825430,31,14,-1,-1,1
4834485,56,41,-1,-1,7
4835362,31,19,-1,-1,4
4833485,55,24,-1,-1,2
4834005,2,26,-1,-1,7
4832964,21,12,-1,-1,5
4837224,17,5,-1,-1,3
4832427,30,12,-1,-1,7
4836160,45,13,-1,-1,6
4834647,41,54,-1,-1,6
4833871,11,33,-1,-1,3
4835544,10,21,-1,-1,4
4836458,7,14,-1,-1,5
4826739,12,6,-1,-1,6
4828620,8,4,-1,-1,5
4834285,47,44,-1,-1,7
4837010,29,5,-1,-1,0
4829274,17,54,-1,-1,7
4836051,11,55,-1,-1,3
4834120,17,25,-1,-1,0
4834637,2,17,-1,-1,0
4831113,5,29,-1,-1,2
4836963,34,51,-1,-1,3
4826264,26,32,-1,-1,1
4835885,7,21,-1,-1,7
4836968,47,37,-1,-1,2
4832558,47,53,-1,-1,6
4831142,27,31,-1,-1,4
4832975,28,8,-1,-1,5
4830579,46,50,-1,-1,4
4827666,50,8,-1,-1,2
4832392,22,6,-1,-1,1
4835366,48,49,-1,-1,5
4836929,34,41,-1,-1,7
4835429,54,24,-1,-1,0
4835084,51,41,-1,-1,0
4829395,32,4,-1,-1,1
4833736,29,10,-1,-1,1
4837327,11,17,-1,-1,0
4831758,17,7,-1,-1,0
4836519,39,25,-1,-1,1
4837255,15,4,-1,-1,5
4829495,27,15,-1,-1,3
4834143,41,51,-1,-1,6
4830069,32,10,-1,-1,4
4837062,14,52,-1,-1,2
4833447,4,58,-1,-1,0
4830510,23,56,-1,-1,3
4831777,45,24,-1,-1,5
4836658,38,34,-1,-1,6
4832011,57,35,-1,-1,2
4833502,10,4,-1,-1,2
4834125,46,21,-1,-1,5
4822133,29,14,-1,-1,5
4835301,1,47,-1,-1,7
4836504,46,22,-1,-1,6
4837262,46,38,-1,-1,3
4836569,2,11,-1,-1,3
4835049,3,16,-1,-1,4
4836722,3,33,-1,-1,6
4818094,57,23,-1,-1,7
4835014,50,31,-1,-1,1
4830693,14,15,-1,-1,7
4836306,52,25,-1,-1,7
4833715,42,11,-1,-1,0
4837172,6,32,-1,-1,2
4833673,20,1,-1,-1,4
4836551,54,10,-1,-1,7
4835651,10,34,-1,-1,3
4835895,13,56,-1,-1,1
4836924,18,25,-1,-1,0
4837186,54,27,-1,-1,1
4828548,28,52,-1,-1,2
4834043,24,5,-1,-1,2
4833569,9,1,-1,-1,3
4829693,48,56,-1,-1,1
4833514,40,48,-1,-1,1
4834397,24,54,-1,-1,0
4835459,31,1,-1,-1,3
4834341,18,47,-1,-1,4
4832490,23,7,-1,-1,0
4836979,4,40,-1,-1,1
4836549,24,37,-1,-1,1
4837324,5,18,-1,-1,6
4836534,32,11,-1,-1,3
4834906,10,53,-1,-1,1
4837291,45,30,-1,-1,0
4837077,34,30,-1,-1,6
4831364,18,41,-1,-1,7
4826438,47,55,-1,-1,0
4837053,34,16,-1,-1,5
4836269,7,36,-1,-1,6
4835929,54,36,-1,-1,7
4837373,39,47,-1,-1,7
4824990,3,17,-1,-1,0
4836739,3,14,-1,-1,0
4835677,8,27,-1,-1,4
4837267,55,26,-1,-1,3
4837210,0,32,-1,-1,0
4836557,55,27,-1,-1,1
4828240,47,56,-1,-1,0
4837275,15,50,-1,-1,1
4829554,8,20,-1,-1,4
4824250,9,16,-1,-1,3
4836480,31,13,-1,-1,3
4835604,26,30,-1,-1,1
4836238,45,22,-1,-1,0
4834281,58,5,-1,-1,4
4836964,39,35,-1,-1,4
4832044,11,40,-1,-1,0
4825859,49,18,-1,-1,0
4835284,23,49,-1,-1,4
4836693,4,32,-1,-1,4
4834910,58,30,-1,-1,4
4833358,12,48,-1,-1,3
4836934,35,20,-1,-1,5
4833168,20,33,-1,-1,3
4836345,24,19,-1,-1,7
4835041,34,47,-1,-1,0
4836111,25,47,-1,-1,5
4833351,9,42,-1,-1,3
4831002,35,55,-1,-1,6
4830566,56,24,-1,-1,6
4836542,32,34,-1,-1,5
4830277,56,34,-1,-1,2
4833901,36,52,-1,-1,4
4836474,30,28,-1,-1,0
4831656,21,42,-1,-1,5
4836178,24,49,-1,-1,3
4832774,35,49,-1,-1,0
4831331,2,13,-1,-1,2
4835433,41,58,-1,-1,1
4823568,10,44,-1,-1,0
4832328,29,20,-1,-1,0
4836434,20,58,-1,-1,7
4836197,44,37,-1,-1,0
4837063,29,53,-1,-1,1
4833666,58,3,-1,-1,5
4822665,50,55,-1,-1,5
4835663,9,20,-1,-1,1
4832293,37,4,-1,-1,1
4834014,39,53,-1,-1,4
4834745,50,35,-1,-1,3
4833124,7,27,-1,-1,2
4835111,14,57,-1,-1,1
4836547,39,46,-1,-1,2
4835037,42,42,-1,-1,5
4834275,1,34,-1,-1,0
4837377,13,51,-1,-1,6
4836212,16,36,-1,-1,7
4835869,25,16,-1,-1,2
4834340,33,15,-1,-1,6
4833659,19,11,-1,-1,1
4833980,10,2,-1,-1,3
4833761,46,34,-1,-1,3
4833481,17,41,-1,-1,4
4835702,22,23,-1,-1,6
4833509,11,37,-1,-1,3
4836386,21,24,-1,-1,7
4834954,53,2,-1,-1,7
4828680,24,56,-1,-1,3
4826020,12,7,-1,-1,4
4835288,37,53,-1,-1,4
4837034,38,13,-1,-1,5
4836862,41,9,-1,-1,6
4828778,36,13,-1,-1,5
4833625,15,44,-1,-1,6
4835728,55,43,-1,-1,2
4836686,1,17,-1,-1,1
4837362,58,0,-1,-1,4
4833653,6,19,-1,-1,3
4836154,36,9,-1,-1,1
4836372,13,34,-1,-1,1
4835949,31,15,-1,-1,0
4834144,28,0,-1,-1,2
4832174,2,52,-1,-1,6
4833257,2,56,-1,-1,7
4831690,35,58,-1,-1,0
4836788,2,30,-1,-1,5
4832728,29,6,-1,-1,0
4836854,1,2,-1,-1,2
4835291,11,15,-1,-1,4
4837220,31,18,-1,-1,0
4823819,12,27,-1,-1,6
4837007,8,38,-1,-1,4
4836690,58,14,-1,-1,0
4836100,40,53,-1,-1,6
4835237,51,13,-1,-1,2
4836906,26,1,-1,-1,4
4835315,9,13,-1,-1,0
4832638,10,36,-1,-1,3
4832597,44,36,-1,-1,0
4830770,12,10,-1,-1,1
4837342,16,53,-1,-1,4
4828366,51,40,-1,-1,7
4836630,16,27,-1,-1,4
4837350,58,46,-1,-1,0
4836498,16,11,-1,-1,1
4833287,58,8,-1,-1,0
4834381,26,54,-1,-1,5
4835991,46,7,-1,-1,3
4836942,19,31,-1,-1,6
4834566,14,47,-1,-1,2
4834056,36,6,-1,-1,4
4833758,57,24,-1,-1,0
4836646,8,47,-1,-1,0
4832502,8,39,-1,-1,6
4831613,58,28,-1,-1,0
4831444,30,56,-1,-1,3
4836350,49,11,-1,-1,0
4835882,34,44,-1,-1,2
4837321,57,18,-1,-1,3
4822843,54,38,-1,-1,6
4830471,0,2,-1,-1,2
4835957,41,49,-1,-1,2
4830107,27,45,-1,-1,6
4829065,57,17,-1,-1,2
4835348,11,4,-1,-1,5
4835993,21,33,-1,-1,4
4836730,47,26,-1,-1,2
4835373,52,21,-1,-1,4
4833178,1,13,-1,-1,5
4826030,21,23,-1,-1,2
4827005,52,15,-1,-1,7
4837261,47,33,-1,-1,7
4836315,14,17,-1,-1,6
4835725,56,2,-1,-1,0
4834904,29,15,-1,-1,4
4836670,18,42,-1,-1,0
4830752,46,58,-1,-1,1
4836094,43,24,-1,-1,5
4836030,49,17,-1,-1,0
4835497,8,29,-1,-1,4
4833180,32,50,-1,-1,5
4829965,0,8,-1,-1,0
4837033,42,37,-1,-1,5
4832737,56,44,-1,-1,7
4833100,30,49,-1,-1,2
4836455,40,30,-1,-1,7
4836465,37,23,-1,-1,4
4831263,22,8,-1,-1,4
4835141,25,34,-1,-1,2
4831405,15,41,-1,-1,5
4828397,6,53,-1,-1,3
4833380,43,21,-1,-1,5
4836988,4,36,-1,-1,1
4832109,32,23,-1,-1,7
4836080,43,17,-1,-1,1
4828279,55,19,-1,-1,7
4834114,47,25,-1,-1,0
4831996,6,14,-1,-1,4
4837178,42,20,-1,-1,0
4835873,45,29,-1,-1,3
4837368,49,47,-1,-1,5
4827826,58,19,-1,-1,7
4836884,56,39,-1,-1,3
4836492,46,8,-1,-1,1
4831419,17,0,-1,-1,4
4832032,42,15,-1,-1,4
4835491,31,26,-1,-1,7
4830606,43,5,-1,-1,5
4833946,22,26,-1,-1,4
4836996,8,55,-1,-1,2
4836295,16,56,-1,-1,2
4837025,56,18,-1,-1,4
4837314,33,11,-1,-1,0
4831214,3,8,-1,-1,3
4828415,55,17,-1,-1,7
4834117,37,2,-1,-1,4
4837326,50,9,-1,-1,0
4837107,19,36,-1,-1,5
4830446,3,6,-1,-1,6
4830964,0,53,-1,-1,3
4828927,25,51,-1,-1,1
4836928,29,52,-1,-1,1
4835169,17,3,-1,-1,1
4835468,3,38,-1,-1,1
4836505,43,57,-1,-1,7
4836166,38,56,-1,-1,5
4835434,11,43,-1,-1,7
4835125,40,41,-1,-1,3
4833929,57,55,-1,-1,2
4833621,21,45,-1,-1,2
4834657,20,4,-1,-1,0
4835354,47,52,-1,-1,6
4822237,43,3,-1,-1,6
4833952,21,5,-1,-1,0
4833576,51,17,-1,-1,6
4835556,2,9,-1,-1,1
4837004,21,22,-1,-1,0
4832830,20,15,-1,-1,5
4834439,57,13,-1,-1,4
4830599,38,1,-1,-1,4
4833266,13,26,-1,-1,3
4831908,45,5,-1,-1,0
4831515,56,5,-1,-1,7
4835543,13,6,-1,-1,2
4833898,40,24,-1,-1,4
4833991,54,33,-1,-1,5
4835695,56,16,-1,-1,3
4834465,4,27,-1,-1,4
4836726,48,44,-1,-1,7
4834037,13,47,-1,-1,0
4836259,24,6,-1,-1,3
4832099,44,43,-1,-1,7
4835903,41,6,-1,-1,3
4834538,5,1,-1,-1,2
4835886,28,56,-1,-1,1
4836860,33,32,-1,-1,1
4829182,49,50,-1,-1,0
4831542,34,56,-1,-1,7
4836150,47,21,-1,-1,1
4836085,27,36,-1,-1,5
4827035,27,38,-1,-1,5
4834036,47,46,-1,-1,7
4837095,40,1,-1,-1,6
4829235,2,22,-1,-1,4
4836521,2,15,-1,-1,2
4820343,0,22,-1,-1,2
4837005,34,28,-1,-1,3
4836063,11,18,-1,-1,7
4836052,52,36,-1,-1,0
4836742,13,35,-1,-1,4
4832415,44,48,-1,-1,3
4837240,55,51,-1,-1,1
4835298,57,48,-1,-1,6
4831904,53,18,-1,-1,0
4836823,29,56,-1,-1,3
4819368,47,6,-1,-1,4
4833047,0,42,-1,-1,3
4836383,38,12,-1,-1,5
4832707,31,54,-1,-1,3
4834881,39,14,-1,-1,2
4835785,33,22,-1,-1,2
4834844,55,55,-1,-1,0
4835982,44,47,-1,-1,5
4834824,13,21,-1,-1,4
4831523,37,10,-1,-1,2
4835015,50,15,-1,-1,2
4837200,24,36,-1,-1,6
4833378,25,40,-1,-1,5
4833636,50,18,-1,-1,6
4830665,30,24,-1,-1,4
4837366,32,19,-1,-1,3
4831726,14,53,-1,-1,6
4833619,25,8,-1,-1,7
4834343,16,19,-1,-1,7
4834827,37,28,-1,-1,3
4836450,9,57,-1,-1,3
4837239,35,21,-1,-1,2
4834245,11,39,-1,-1,7
4835170,25,0,-1,-1,4
4837343,3,39,-1,-1,0
4828671,53,42,-1,-1,0
4828174,43,52,-1,-1,7
4834409,41,55,-1,-1,5
4823584,33,21,-1,-1,1
4836758,10,47,-1,-1,3
4825267,8,5,-1,-1,5
4825517,36,23,-1,-1,2
4835828,45,58,-1,-1,7
4835397,12,33,-1,-1,6
4835780,30,58,-1,-1,1
4833827,9,46,-1,-1,3
4835570,32,7,-1,-1,1
4836240,29,40,-1,-1,1
4829146,10,6,-1,-1,1
4835344,6,13,-1,-1,0
4836060,40,29,-1,-1,1
4835748,18,29,-1,-1,4
4830506,26,10,-1,-1,2
4836512,31,37,-1,-1,2
4836986,40,13,-1,-1,2
4820687,15,55,-1,-1,2
4836414,1,32,-1,-1,4
4835384,18,31,-1,-1,1
4836141,1,40,-1,-1,3
4833837,22,12,-1,-1,1
4835967,36,7,-1,-1,2
4828623,43,8,-1,-1,2
4833302,3,30,-1,-1,2
4836068,17,39,-1,-1,3
4835356,9,24,-1,-1,7
4834450,11,1,-1,-1,3
4835973,32,56,-1,-1,1
4835916,48,45,-1,-1,7
4834440,52,50,-1,-1,0
4837153,30,17,-1,-1,5
4835145,0,55,-1,-1,4
4836839,26,11,-1,-1,6
4836121,22,21,-1,-1,2
4828219,14,2,-1,-1,2
4833476,5,52,-1,-1,3
4828612,51,55,-1,-1,2
4830340,55,50,-1,-1,7
4831206,7,54,-1,-1,6
4836027,3,45,-1,-1,4
4837136,52,0,-1,-1,6
4836687,20,35,-1,-1,4
4834075,34,38,-1,-1,6
4832468,33,3,-1,-1,7
4833762,44,57,-1,-1,5
4835834,7,2,-1,-1,1
4833403,6,28,-1,-1,0
4833876,29,37,-1,-1,7
4833840,0,44,-1,-1,3
4832555,0,38,-1,-1,1
4834705,5,16,-1,-1,5
4834812,37,43,-1,-1,6
4835171,41,7,-1,-1,5
4831433,25,13,-1,-1,5
4836015,24,0,-1,-1,6
4832186,14,46,-1,-1,1
4836102,45,33,-1,-1,5
4836641,21,39,-1,-1,4
4829658,27,26,-1,-1,1
4830010,19,35,-1,-1,5
4837213,25,5,-1,-1,1
4837177,28,14,-1,-1,3
4832046,26,43,-1,-1,6
4832090,46,12,-1,-1,1
4836783,46,33,-1,-1,2
4836962,30,36,-1,-1,5
4835210,1,58,-1,-1,7
4836270,44,26,-1,-1,0
4821844,25,3,-1,-1,7
4835418,18,50,-1,-1,7
4831897,58,33,-1,-1,0
4837252,26,4,-1,-1,2
4829221,41,2,-1,-1,3
4836415,21,16,-1,-1,4
4835182,29,31,-1,-1,3
4835318,7,38,-1,-1,5
4834176,3,34,-1,-1,3
4836883,20,49,-1,-1,2
4835697,50,38,-1,-1,1
4836126,31,22,-1,-1,5
4835939,34,34,-1,-1,7
4835414,36,12,-1,-1,6
4808414,57,4,-1,-1,1
4836573,7,58,-1,-1,0
4836023,10,57,-1,-1,5
4829787,40,9,-1,-1,5
4837204,30,5,-1,-1,1
4834067,15,25,-1,-1,4
4836593,20,53,-1,-1,7
4837265,19,7,-1,-1,6
4828093,11,0,-1,-1,2
4831833,27,54,-1,-1,1
4831321,11,11,-1,-1,1
4827419,9,30,-1,-1,1
4819630,3,47,-1,-1,6
4834563,43,13,-1,-1,2
4830472,2,38,-1,-1,4
4831120,8,19,-1,-1,1
4836380,8,15,-1,-1,1
4824973,35,1,-1,-1,3
4833250,19,55,-1,-1,7
4837078,41,37,-1,-1,7
4836093,38,2,-1,-1,6
4835924,10,52,-1,-1,0
4837103,30,20,-1,-1,0
4836744,12,57,-1,-1,7
4834412,17,14,-1,-1,5
4835652,44,31,-1,-1,1
4835788,14,44,-1,-1,2
4806933,11,53,-1,-1,5
4837113,42,55,-1,-1,0
4835743,21,30,-1,-1,7
4833891,11,41,-1,-1,0
4833121,0,35,-1,-1,2
4830878,56,26,-1,-1,7
4829204,53,55,-1,-1,1
4831213,10,43,-1,-1,5
4833304,31,53,-1,-1,2
4831467,25,29,-1,-1,2
4832632,52,38,-1,-1,2
4831283,26,49,-1,-1,4
4837245,27,58,-1,-1,0
4836169,35,2,-1,-1,2
4833393,46,46,-1,-1,2
4834797,31,43,-1,-1,4
4826262,0,4,-1,-1,0
4836908,15,38,-1,-1,0
4834100,19,19,-1,-1,6
4835711,29,58,-1,-1,2
4835420,33,24,-1,-1,1
4836439,49,23,-1,-1,0
4836568,30,27,-1,-1,3
4836101,13,37,-1,-1,1
4836463,13,19,-1,-1,5
4828155,0,51,-1,-1,0
4833566,45,38,-1,-1,7
4830179,26,0,-1,-1,5
4831491,30,42,-1,-1,5
4834534,53,8,-1,-1,1
4830993,9,26,-1,-1,0
4837146,17,9,-1,-1,7
4834253,46,28,-1,-1,5
4835817,20,45,-1,-1,2
4834928,42,13,-1,-1,5
4833791,19,54,-1,-1,1
4834169,51,8,-1,-1,6
4834804,52,48,-1,-1,1
4832910,0,31,-1,-1,0
4832274,20,30,-1,-1,0
4837022,40,19,-1,-1,1
4829388,17,2,-1,-1,4
4836399,19,5,-1,-1,4
4836734,5,50,-1,-1,1
4833677,8,24,-1,-1,4
4837037,43,18,-1,-1,7
4836349,16,29,-1,-1,1
4836555,11,45,-1,-1,2
4832867,4,0,-1,-1,4
4834220,57,20,-1,-1,1
4834727,18,15,-1,-1,5
4833520,12,39,-1,-1,1
4835178,3,23,-1,-1,6
4836732,49,6,-1,-1,2
4836807,55,7,-1,-1,5
4837132,17,42,-1,-1,0
4833665,7,34,-1,-1,1
4836709,44,15,-1,-1,5
4835206,36,10,-1,-1,7
4815713,6,5,-1,-1,3
4829951,13,24,-1,-1,7
4832549,5,2,-1,-1,7
4837047,41,56,-1,-1,4
4837302,37,34,-1,-1,3
4835327,20,39,-1,-1,7
4829259,53,51,-1,-1,5
4832007,21,36,-1,-1,7
4836034,27,50,-1,-1,6
4830550,5,27,-1,-1,4
4835045,10,33,-1,-1,3
4830612,30,33,-1,-1,4
4836925,33,42,-1,-1,5
4836733,36,27,-1,-1,1
4836681,27,55,-1,-1,6
4833972,49,10,-1,-1,0
4834298,14,37,-1,-1,0
4835061,48,19,-1,-1,5
4832166,41,45,-1,-1,0
4835953,50,45,-1,-1,6
4834318,28,25,-1,-1,7
4835988,32,27,-1,-1,3
4819547,57,45,-1,-1,2
4836899,6,49,-1,-1,4
4835223,48,26,-1,-1,5
4831533,35,5,-1,-1,3
4835155,17,52,-1,-1,6
4826465,20,26,-1,-1,2
4832645,2,49,-1,-1,4
4836999,3,28,-1,-1,2
4832255,8,6,-1,-1,7
4834590,3,54,-1,-1,5
4836806,49,57,-1,-1,3
4836385,45,44,-1,-1,0
4831800,13,4,-1,-1,2
4831503,8,42,-1,-1,5
4825988,56,13,-1,-1,5
4833615,27,32,-1,-1,5
4837052,6,21,-1,-1,6
4835830,49,9,-1,-1,7
4837097,23,45,-1,-1,7
4828933,17,6,-1,-1,7
4836203,39,36,-1,-1,7
4823404,0,39,-1,-1,0
4833949,43,30,-1,-1,5
4836467,20,12,-1,-1,2
4832866,34,9,-1,-1,5
4836655,23,30,-1,-1,2
4828433,3,58,-1,-1,2
4832414,34,6,-1,-1,5
4836673,47,12,-1,-1,0
4835336,45,25,-1,-1,6
4827717,9,38,-1,-1,4
4836596,22,55,-1,-1,5
4835480,52,47,-1,-1,5
4837166,24,50,-1,-1,4
4835659,25,10,-1,-1,5
4835527,6,40,-1,-1,5
4833836,22,58,-1,-1,7
4837260,24,42,-1,-1,6
4833618,33,27,-1,-1,4
4835765,30,34,-1,-1,1
4834748,40,18,-1,-1,6
4836830,16,30,-1,-1,3
4834667,35,42,-1,-1,2
4837114,40,51,-1,-1,5
4837370,36,57,-1,-1,0
4833582,18,54,-1,-1,2
4835446,39,45,-1,-1,2
4831776,43,56,-1,-1,6
4828023,6,41,-1,-1,7
4830967,58,4,-1,-1,6
4837274,16,40,-1,-1,2
4837083,40,27,-1,-1,0
4834223,40,57,-1,-1,5
4830224,16,9,-1,-1,4
4836545,29,34,-1,-1,0
4835415,27,44,-1,-1,5
4837169,28,23,-1,-1,1
4833599,22,53,-1,-1,5
4835647,0,14,-1,-1,1
4830202,29,46,-1,-1,1
4833455,45,0,-1,-1,6
4835927,26,57,-1,-1,1
4836123,9,47,-1,-1,4
4835883,41,40,-1,-1,6
4836444,40,43,-1,-1,4
4836703,19,15,-1,-1,0
4835472,4,53,-1,-1,0
4831184,29,33,-1,-1,4
4837193,6,22,-1,-1,5
4836419,7,12,-1,-1,7
4834207,32,46,-1,-1,4
4834862,21,13,-1,-1,6
4831106,11,50,-1,-1,0
4835187,6,0,-1,-1,6
4834288,49,49,-1,-1,5
4830422,6,8,-1,-1,2
4836404,38,15,-1,-1,1
4835935,22,7,-1,-1,4
4825373,27,41,-1,-1,3
4836792,15,42,-1,-1,3
4837212,4,56,-1,-1,6
4826568,13,53,-1,-1,4
4837374,50,19,-1,-1,4
4832916,18,27,-1,-1,2
4834048,19,23,-1,-1,2
4834689,6,17,-1,-1,5
4836323,45,45,-1,-1,7
4834644,18,5,-1,-1,5
4837019,22,49,-1,-1,4
4828565,5,46,-1,-1,0
4834762,28,24,-1,-1,1
4835173,18,26,-1,-1,0
4830056,10,17,-1,-1,1
4825296,26,44,-1,-1,4
4837323,1,23,-1,-1,0
4832229,53,30,-1,-1,6
4834167,49,41,-1,-1,7
4833111,5,39,-1,-1,2
4829983,30,11,-1,-1,1
4835175,20,0,-1,-1,5
4834926,36,1,-1,-1,1
4836981,28,12,-1,-1,7
4830068,27,47,-1,-1,6
4833699,0,29,-1,-1,0
4836637,43,7,-1,-1,4
4835006,29,3,-1,-1,5
4836221,42,52,-1,-1,7
4837336,7,35,-1,-1,0
4830512,46,35,-1,-1,4
4835876,0,28,-1,-1,4
4835614,4,21,-1,-1,7
4834110,33,53,-1,-1,1
4835896,14,35,-1,-1,7
4835332,49,39,-1,-1,5
4828958,9,45,-1,-1,6
4831077,18,52,-1,-1,5
4830055,12,19,-1,-1,1
4837081,41,21,-1,-1,5
4830413,26,45,-1,-1,7
4837356,38,53,-1,-1,0
4829963,53,24,-1,-1,0
4827073,34,24,-1,-1,7
4828558,52,18,-1,-1,7
4837354,51,48,-1,-1,3
4836192,8,33,-1,-1,5
4835552,10,48,-1,-1,0
4831852,56,10,-1,-1,5
4833461,43,41,-1,-1,6
4835107,10,55,-1,-1,1
4835317,36,18,-1,-1,7
4832130,32,9,-1,-1,6
4821408,58,50,-1,-1,4
4835687,19,37,-1,-1,6
4837001,32,2,-1,-1,1
4835642,1,52,-1,-1,3
4836539,42,51,-1,-1,2
4831029,34,23,-1,-1,5
4837020,52,40,-1,-1,3
4826643,52,10,-1,-1,5
4827470,47,50,-1,-1,6
4835010,8,36,-1,-1,0
4831815,17,15,-1,-1,1
4836931,28,36,-1,-1,7
4834900,50,41,-1,-1,7
4834780,42,54,-1,-1,1
4837195,31,36,-1,-1,1
4834901,39,28,-1,-1,4
4836938,9,15,-1,-1,4
4835481,44,7,-1,-1,7
4830622,7,0,-1,-1,2
4832327,30,32,-1,-1,3
4836525,20,14,-1,-1,7
4831485,51,0,-1,-1,6
4825695,29,2,-1,-1,7
4832432,46,32,-1,-1,5
4832448,2,0,-1,-1,2
4834234,57,34,-1,-1,0
4828299,26,15,-1,-1,3
4830827,0,6,-1,-1,0
4833720,39,2,-1,-1,4
4836163,36,16,-1,-1,3
4834371,14,5,-1,-1,5
4834785,14,22,-1,-1,0
4829165,39,4,-1,-1,6
4836956,31,52,-1,-1,7
4834638,8,45,-1,-1,1
4830497,51,46,-1,-1,1
4834420,4,22,-1,-1,6
4836574,45,42,-1,-1,5
4829491,13,20,-1,-1,2
4831667,46,9,-1,-1,5
4833329,9,29,-1,-1,0
4833134,21,40,-1,-1,5
4835943,14,10,-1,-1,7
4836814,39,27,-1,-1,1
4836453,22,30,-1,-1,0
4835855,4,45,-1,-1,0
4831152,4,44,-1,-1,3
4837285,3,22,-1,-1,6
4832582,58,34,-1,-1,0
4828239,2,12,-1,-1,5
4836310,20,50,-1,-1,7
4832869,58,58,-1,-1,0
4831566,18,33,-1,-1,5
4833219,1,57,-1,-1,7
4836975,40,35,-1,-1,7
4836769,23,41,-1,-1,5
4837128,35,11,-1,-1,6
4836759,44,14,-1,-1,4
4836995,44,28,-1,-1,2
4829061,33,55,-1,-1,6
4822286,58,12,-1,-1,4
4833626,56,20,-1,-1,7
4835149,38,37,-1,-1,2
4833629,2,31,-1,-1,6
4836442,19,52,-1,-1,4
4836324,19,25,-1,-1,5
4827849,13,9,-1,-1,2
4834646,19,50,-1,-1,1
4835911,25,21,-1,-1,7
4836365,3,10,-1,-1,5
4833568,1,42,-1,-1,1
4829468,32,1,-1,-1,3
4834359,54,0,-1,-1,6
4837140,35,8,-1,-1,5
4836736,21,34,-1,-1,6
4836969,51,56,-1,-1,7
4832676,10,31,-1,-1,4
4835956,1,36,-1,-1,1
4836435,27,53,-1,-1,5
4837268,22,42,-1,-1,7
4819474,58,55,-1,-1,0
4833247,17,19,-1,-1,4
4833592,50,46,-1,-1,5
4837199,44,27,-1,-1,1
4836032,33,14,-1,-1,5
4834269,8,0,-1,-1,6
4836134,49,24,-1,-1,5
4834967,1,4,-1,-1,5
4833323,2,48,-1,-1,0
4835826,10,16,-1,-1,4
4829192,56,54,-1,-1,6
4836524,44,1,-1,-1,1
4836282,52,42,-1,-1,5
4836756,15,28,-1,-1,7
4836746,5,34,-1,-1,6
4836107,33,13,-1,-1,0
4832759,9,14,-1,-1,0
4837176,43,50,-1,-1,6
4834829,4,51,-1,-1,2
4836167,50,26,-1,-1,5
4836520,30,53,-1,-1,7
4837054,54,30,-1,-1,5
4835483,56,17,-1,-1,2
4834775,33,38,-1,-1,4
4833602,46,53,-1,-1,4
4835266,48,39,-1,-1,1
4837230,33,36,-1,-1,7
4833796,13,50,-1,-1,1
4834528,45,12,-1,-1,7
4834886,26,52,-1,-1,3
4835438,29,7,-1,-1,5
4836685,18,9,-1,-1,4
4836592,37,35,-1,-1,4
4835289,57,51,-1,-1,3
4836720,51,29,-1,-1,1
4835854,18,28,-1,-1,7
4836043,9,5,-1,-1,4
4835560,5,24,-1,-1,3
4828130,49,55,-1,-1,7
4834366,36,3,-1,-1,4
4834600,12,20,-1,-1,2
4818605,10,15,-1,-1,1
4834997,19,26,-1,-1,0
4836151,24,34,-1,-1,5
4836261,40,11,-1,-1,6
4837290,6,47,-1,-1,0
4836421,38,20,-1,-1,2
4836584,18,40,-1,-1,0
4833490,29,43,-1,-1,1
4835710,20,55,-1,-1,6
4836691,17,32,-1,-1,7
4837300,39,32,-1,-1,4
4835073,28,9,-1,-1,0
4834697,41,28,-1,-1,6
4833996,30,40,-1,-1,4
4825933,28,41,-1,-1,0
4834355,5,32,-1,-1,4
4836921,17,23,-1,-1,3
4828941,53,11,-1,-1,1
4835578,31,56,-1,-1,2
4835032,8,35,-1,-1,7
4835508,41,18,-1,-1,1
4828607,32,43,-1,-1,6
4836695,17,13,-1,-1,0
4825424,58,37,-1,-1,5
4833512,40,14,-1,-1,7
4834477,1,6,-1,-1,1
4831291,11,54,-1,-1,2
4833587,4,37,-1,-1,7
4837227,31,4,-1,-1,1
4829808,13,58,-1,-1,2
4822594,18,3,-1,-1,7
4836837,28,53,-1,-1,0
4837301,17,21,-1,-1,6
4837088,58,57,-1,-1,5
4837250,8,8,-1,-1,0
4827632,25,15,-1,-1,6
4830121,25,50,-1,-1,1
4834856,30,19,-1,-1,6
4833672,24,1,-1,-1,4
4836598,9,12,-1,-1,6
4836200,55,57,-1,-1,5
4836847,14,21,-1,-1,0
4835583,41,38,-1,-1,1
4836290,6,42,-1,-1,0
4826735,12,43,-1,-1,4
4833133,14,51,-1,-1,1
4836366,43,44,-1,-1,0
4837087,30,44,-1,-1,1
4824082,41,53,-1,-1,1
4837109,15,21,-1,-1,6
4833348,35,53,-1,-1,5
4835565,32,5,-1,-1,2
4833923,0,33,-1,-1,4
4833267,30,25,-1,-1,4
4825945,40,47,-1,-1,4
4834112,7,19,-1,-1,7
4836615,29,11,-1,-1,7
4834519,15,7,-1,-1,3
4832568,40,55,-1,-1,3
4836210,36,32,-1,-1,6
4830035,40,3,-1,-1,0
4828194,4,5,-1,-1,7
4837248,32,36,-1,-1,7
4836418,35,35,-1,-1,0
4837082,42,33,-1,-1,6
4836122,40,37,-1,-1,0
4815044,58,56,-1,-1,7
4835537,40,42,-1,-1,5
4833781,58,13,-1,-1,4
4832475,4,28,-1,-1,6
4837231,34,13,-1,-1,1
4835970,21,11,-1,-1,3
4833740,0,49,-1,-1,0
4837303,30,10,-1,-1,6
4836045,37,48,-1,-1,3
4832135,19,28,-1,-1,4
4833816,6,55,-1,-1,2
4835671,55,44,-1,-1,4
4832849,26,37,-1,-1,6
4819858,52,1,-1,-1,4
4827846,9,43,-1,-1,3
4832334,39,34,-1,-1,1
4837282,51,45,-1,-1,6
4835214,57,36,-1,-1,3
4824920,58,6,-1,-1,7
4832398,36,49,-1,-1,6
4826874,48,7,-1,-1,5
4835645,48,2,-1,-1,2
4835229,16,1,-1,-1,7
4832905,3,5,-1,-1,3
4830732,18,13,-1,-1,1
4833704,58,42,-1,-1,7
4835156,11,31,-1,-1,4
4836177,31,10,-1,-1,1
4831085,37,54,-1,-1,4
4834532,28,47,-1,-1,1
4830728,53,31,-1,-1,3
4836262,24,2,-1,-1,6
4829094,54,11,-1,-1,7
4836058,46,29,-1,-1,2
4835931,5,55,-1,-1,6
4830712,7,42,-1,-1,7
4832241,13,33,-1,-1,5
4835811,44,58,-1,-1,6
4833731,47,8,-1,-1,5
4836672,16,54,-1,-1,2
4834471,35,24,-1,-1,6
4831794,22,52,-1,-1,6
4835575,50,11,-1,-1,3
4836098,57,10,-1,-1,2
4836228,53,12,-1,-1,6
4832509,49,15,-1,-1,3
4830279,0,3,-1,-1,4
4829348,7,16,-1,-1,3
4835261,21,47,-1,-1,0
4835922,1,30,-1,-1,6
4835503,35,29,-1,-1,0
4836514,38,35,-1,-1,0
4833148,49,37,-1,-1,6
4831620,9,11,-1,-1,0
4836845,52,43,-1,-1,7
4835733,19,46,-1,-1,2
4835363,42,12,-1,-1,7
4832809,17,53,-1,-1,7
4837353,35,25,-1,-1,2
4824170,38,8,-1,-1,5
4835231,56,11,-1,-1,2
4834994,57,16,-1,-1,6
4834999,35,6,-1,-1,7
4835838,6,52,-1,-1,6
4833873,20,29,-1,-1,6
4832128,30,0,-1,-1,5
4835624,38,38,-1,-1,7
4835901,2,58,-1,-1,2
4837378,28,32,-1,-1,1
4836721,32,25,-1,-1,7
4836930,43,20,-1,-1,6
4833662,1,37,-1,-1,1
4836232,29,39,-1,-1,0
4835299,38,32,-1,-1,5
4830151,3,20,-1,-1,1
4835242,19,22,-1,-1,3
4835747,28,22,-1,-1,2
4834557,44,44,-1,-1,4
4837183,52,7,-1,-1,6
4836745,58,32,-1,-1,4
4835075,12,18,-1,-1,3
4830358,46,44,-1,-1,7
4835858,3,49,-1,-1,3
4835683,3,53,-1,-1,3
4835253,26,31,-1,-1,7
4835542,5,37,-1,-1,7
4834569,11,58,-1,-1,0
4833265,29,30,-1,-1,6
4833297,28,16,-1,-1,4
4836768,42,53,-1,-1,5
4836916,48,51,-1,-1,7
4827188,41,5,-1,-1,0
4837104,12,45,-1,-1,5
4834247,22,40,-1,-1,4
4836729,38,10,-1,-1,0
4830868,15,10,-1,-1,4
4836336,15,16,-1,-1,1
4836501,30,6,-1,-1,1
4835535,28,45,-1,-1,0
4827485,12,52,-1,-1,7
4834802,54,18,-1,-1,1
4833087,15,15,-1,-1,3
4832831,9,2,-1,-1,0
4833035,3,21,-1,-1,5
4826860,33,52,-1,-1,0
4836174,48,5,-1,-1,4
4832545,5,51,-1,-1,6
4836774,43,32,-1,-1,3
4834482,24,40,-1,-1,5
4827935,32,51,-1,-1,5
4835394,51,34,-1,-1,0
4835752,2,54,-1,-1,7
4833113,46,4,-1,-1,0
4836059,18,19,-1,-1,3
4834419,16,12,-1,-1,4
4833079,15,46,-1,-1,4
4835906,1,55,-1,-1,3
4835506,45,39,-1,-1,6
4834180,22,28,-1,-1,5
4833713,42,43,-1,-1,5
4835462,33,17,-1,-1,5
4833069,21,17,-1,-1,0
4828857,55,1,-1,-1,0
4836893,20,47,-1,-1,5
4834506,38,31,-1,-1,0
4835572,28,28,-1,-1,4
4837359,4,8,-1,-1,4
4835531,11,44,-1,-1,2
4834885,8,9,-1,-1,7
4837305,46,41,-1,-1,0
4834681,22,29,-1,-1,1
4835589,5,28,-1,-1,2
4830869,1,33,-1,-1,5
4831718,7,46,-1,-1,2
4836633,24,14,-1,-1,0
4836608,19,21,-1,-1,5
4833944,9,33,-1,-1,1
4831510,19,14,-1,-1,2
4835771,3,48,-1,-1,0
4832683,37,0,-1,-1,3
4834830,35,0,-1,-1,2
4833989,25,4,-1,-1,3
4834942,33,12,-1,-1,2
4833305,7,1,-1,-1,4
4831344,47,1,-1,-1,2
4837080,45,8,-1,-1,0
4835569,1,48,-1,-1,2
4821667,33,40,-1,-1,5
4836822,40,50,-1,-1,5
4836953,23,44,-1,-1,6
4822948,58,38,-1,-1,6
4833450,32,39,-1,-1,7
4821559,21,49,-1,-1,5
4829815,53,0,-1,-1,6
4833428,31,5,-1,-1,0
4827516,16,15,-1,-1,5
4832395,12,31,-1,-1,4
4836251,7,33,-1,-1,6
4836780,44,34,-1,-1,7
4836618,1,38,-1,-1,1
4836411,7,20,-1,-1,5
4832946,27,14,-1,-1,2
4833308,23,1,-1,-1,4
4836619,24,33,-1,-1,0
4830581,32,0,-1,-1,6
4835749,31,21,-1,-1,4
4832668,45,18,-1,-1,3
4836798,55,39,-1,-1,3
4835800,38,54,-1,-1,5
4825238,57,29,-1,-1,2
4834451,12,29,-1,-1,0
4832605,29,45,-1,-1,0
4832478,2,57,-1,-1,7
4834106,17,28,-1,-1,0
4832499,40,22,-1,-1,4
4826978,15,40,-1,-1,7
4833344,44,39,-1,-1,5
4837382,54,56,-1,-1,2
