# org_id,org_cellx,org_celly,org_forage_target,org_group_id,org_facing
48326740,42,57,-1,-1,0
48326583,5,20,-1,-1,6
48310176,4,14,-1,-1,3
48326313,36,11,-1,-1,1
48326630,27,29,-1,-1,4
48325367,44,5,-1,-1,7
48323915,55,6,-1,-1,0
48323895,12,20,-1,-1,4
48326644,57,8,-1,-1,1
48326933,18,33,-1,-1,5
48326497,20,44,-1,-1,4
48319949,51,29,-1,-1,7
48326402,48,48,-1,-1,2
48312590,8,43,-1,-1,4
48326685,3,28,-1,-1,0
48324406,12,54,-1,-1,2
48324922,28,18,-1,-1,2
48325428,33,39,-1,-1,7
48325643,16,24,-1,-1,3
48325075,44,48,-1,-1,6
48324399,35,38,-1,-1,5
48326872,52,49,-1,-1,5
48324772,31,40,-1,-1,7
48323316,44,19,-1,-1,5
48324623,24,21,-1,-1,3
48322275,58,45,-1,-1,4
48325547,44,2,-1,-1,2
48322560,25,37,-1,-1,2
48321113,40,55,-1,-1,6
48325340,39,6,-1,-1,4
48325099,54,49,-1,-1,5
48322230,12,48,-1,-1,0
48320263,40,8,-1,-1,0
48325791,7,43,-1,-1,7
48326029,16,47,-1,-1,0
48325539,8,48,-1,-1,1
48323791,22,50,-1,-1,7
48326817,29,47,-1,-1,7
48320520,58,56,-1,-1,4
48326210,44,25,-1,-1,6
48326897,23,31,-1,-1,0
48322642,28,5,-1,-1,6
48325227,16,16,-1,-1,0
48326903,39,5,-1,-1,6
48325174,41,37,-1,-1,4
48326952,4,9,-1,-1,7
48326113,45,7,-1,-1,3
48306603,2,57,-1,-1,5
48325250,29,29,-1,-1,6
48325263,36,4,-1,-1,0
48326121,12,58,-1,-1,2
48322600,42,15,-1,-1,5
48325830,50,11,-1,-1,0
48321331,34,1,-1,-1,1
48315265,55,9,-1,-1,7
48311943,27,52,-1,-1,3
48319724,18,55,-1,-1,0
48323489,25,58,-1,-1,0
48326882,57,30,-1,-1,4
48323927,32,27,-1,-1,5
48326100,17,22,-1,-1,1
48325081,56,46,-1,-1,3
48318153,37,24,-1,-1,2
48316420,15,42,-1,-1,4
48326609,32,33,-1,-1,5
48325883,23,32,-1,-1,0
48322837,35,55,-1,-1,1
48324278,0,25,-1,-1,4
48323049,33,9,-1,-1,2
48323750,43,22,-1,-1,7
48326905,11,13,-1,-1,0
48322596,37,8,-1,-1,0
48320460,18,54,-1,-1,1
48324899,41,42,-1,-1,5
48326476,19,42,-1,-1,5
48322637,28,29,-1,-1,3
48326217,49,22,-1,-1,1
48326299,42,42,-1,-1,2
48324458,51,14,-1,-1,2
48324565,42,49,-1,-1,6
48326710,25,43,-1,-1,7
48319119,56,45,-1,-1,6
48323955,56,36,-1,-1,3
48325483,34,2,-1,-1,6
48320986,53,26,-1,-1,0
48324156,38,29,-1,-1,5
48324271,22,0,-1,-1,6
48314071,18,46,-1,-1,3
48324957,26,5,-1,-1,5
48323011,11,4,-1,-1,7
48322845,1,15,-1,-1,3
48325126,9,8,-1,-1,3
48323368,58,55,-1,-1,6
48326446,8,32,-1,-1,0
48323003,2,13,-1,-1,1
48322130,41,39,-1,-1,5
48325207,48,43,-1,-1,1
48320746,13,32,-1,-1,0
48324591,48,38,-1,-1,3
48319507,29,5,-1,-1,1
48324621,24,48,-1,-1,7
48326705,53,35,-1,-1,3
48316202,51,55,-1,-1,7
48326342,30,55,-1,-1,5
48325261,26,33,-1,-1,1
48326499,39,32,-1,-1,1
48326608,32,29,-1,-1,2
48326428,11,31,-1,-1,1
48326377,6,28,-1,-1,1
48324041,29,30,-1,-1,6
48322648,30,8,-1,-1,4
48325131,19,11,-1,-1,6
48322810,23,54,-1,-1,2
48322188,43,18,-1,-1,7
48324733,7,1,-1,-1,2
48321258,34,42,-1,-1,0
48325632,20,2,-1,-1,7
48325501,40,34,-1,-1,6
48324956,47,5,-1,-1,0
48326236,18,45,-1,-1,5
48325380,44,30,-1,-1,3
48323764,17,28,-1,-1,7
48315594,53,56,-1,-1,0
48324540,4,31,-1,-1,6
48326012,8,4,-1,-1,3
48324820,20,18,-1,-1,6
48324515,3,43,-1,-1,7
48316245,47,40,-1,-1,2
48325670,55,7,-1,-1,5
48326319,22,42,-1,-1,2
48326391,54,5,-1,-1,2
48321792,42,0,-1,-1,2
48325327,57,13,-1,-1,6
48324449,0,39,-1,-1,2
48321338,39,7,-1,-1,3
48320637,43,39,-1,-1,5
48318113,38,46,-1,-1,2
48326813,9,34,-1,-1,0
48326379,26,58,-1,-1,1
48326437,3,25,-1,-1,2
48326956,40,30,-1,-1,0
48318868,53,38,-1,-1,2
48323682,6,0,-1,-1,6
48325127,45,50,-1,-1,5
48324681,43,16,-1,-1,0
48326077,38,45,-1,-1,2
48324815,44,7,-1,-1,1
48312667,22,46,-1,-1,4
48324912,23,35,-1,-1,1
48321414,14,51,-1,-1,6
48325400,23,30,-1,-1,3
48325515,44,31,-1,-1,0
48322869,17,43,-1,-1,7
48326015,31,47,-1,-1,5
48318726,4,51,-1,-1,5
48325034,16,4,-1,-1,6
48326518,20,35,-1,-1,0
48325736,34,11,-1,-1,5
48318858,14,14,-1,-1,3
48326815,36,20,-1,-1,2
48326884,18,50,-1,-1,0
48325802,17,33,-1,-1,5
48319383,7,39,-1,-1,1
48326174,58,27,-1,-1,7
48325884,26,46,-1,-1,1
48325468,29,49,-1,-1,5
48325493,7,47,-1,-1,5
48324413,17,50,-1,-1,6
48323639,20,4,-1,-1,0
48325253,54,2,-1,-1,1
48319614,45,56,-1,-1,6
48321447,37,54,-1,-1,3
48324567,39,30,-1,-1,4
48326823,30,13,-1,-1,2
48326909,49,55,-1,-1,7
48326568,24,7,-1,-1,6
48325935,25,8,-1,-1,2
48324044,36,3,-1,-1,5
48324434,30,31,-1,-1,4
48325801,29,8,-1,-1,7
48321214,44,39,-1,-1,2
48324076,18,40,-1,-1,2
48326200,26,38,-1,-1,3
48322811,16,9,-1,-1,0
48322757,25,40,-1,-1,2
48326257,20,52,-1,-1,5
48325717,16,26,-1,-1,3
48326330,0,11,-1,-1,0
48326270,5,29,-1,-1,4
48324324,6,9,-1,-1,4
48322404,15,44,-1,-1,6
48324929,36,7,-1,-1,5
48325837,23,17,-1,-1,2
48323836,2,58,-1,-1,1
48320474,32,6,-1,-1,6
48320234,39,49,-1,-1,7
48326075,39,2,-1,-1,4
48325833,25,31,-1,-1,6
48325746,4,39,-1,-1,7
48324033,30,57,-1,-1,4
48325812,47,36,-1,-1,0
48320970,58,15,-1,-1,0
48325363,6,39,-1,-1,7
48325856,38,36,-1,-1,4
48325088,48,14,-1,-1,1
48324527,48,57,-1,-1,7
48307454,16,58,-1,-1,1
48326262,22,16,-1,-1,2
48324752,54,44,-1,-1,6
48324232,49,17,-1,-1,2
48326853,3,40,-1,-1,3
48318039,58,19,-1,-1,4
48325978,8,8,-1,-1,1
48319060,43,31,-1,-1,0
48326039,56,19,-1,-1,7
48322862,27,10,-1,-1,5
48324059,36,10,-1,-1,4
48319942,3,21,-1,-1,2
48325842,14,5,-1,-1,2
48317679,7,15,-1,-1,7
48325139,12,32,-1,-1,7
48322538,36,9,-1,-1,3
48326724,29,16,-1,-1,1
48313578,13,55,-1,-1,5
48321859,48,30,-1,-1,4
48326714,31,58,-1,-1,7
48325378,12,9,-1,-1,7
48317345,4,58,-1,-1,6
48325588,15,26,-1,-1,6
48323078,43,23,-1,-1,6
48324315,41,15,-1,-1,3
48314967,58,37,-1,-1,7
48325211,6,58,-1,-1,6
48325720,31,29,-1,-1,4
48326214,52,3,-1,-1,2
48323760,49,48,-1,-1,4
48324430,53,48,-1,-1,7
48326686,1,56,-1,-1,6
48324095,45,9,-1,-1,3
48326665,51,41,-1,-1,6
48323832,40,12,-1,-1,4
48317400,31,17,-1,-1,2
48321893,55,21,-1,-1,0
48322574,49,4,-1,-1,0
48326771,37,11,-1,-1,4
48325724,54,26,-1,-1,1
48326755,45,1,-1,-1,6
48326361,21,17,-1,-1,4
48326357,35,54,-1,-1,3
48325089,55,52,-1,-1,3
48324500,14,24,-1,-1,5
48326885,53,25,-1,-1,0
48326639,17,14,-1,-1,5
48326745,58,52,-1,-1,4
48323508,34,49,-1,-1,6
48325814,9,11,-1,-1,1
48325557,16,22,-1,-1,2
48320480,1,1,-1,-1,7
48322626,5,15,-1,-1,1
48323900,29,0,-1,-1,6
48325479,10,37,-1,-1,2
48321090,18,3,-1,-1,6
48322595,18,18,-1,-1,1
48321861,22,51,-1,-1,5
48323349,14,18,-1,-1,1
48325491,33,36,-1,-1,0
48322615,45,47,-1,-1,5
48323732,13,20,-1,-1,1
48326944,36,21,-1,-1,5
48313294,44,13,-1,-1,1
48323286,12,1,-1,-1,7
48324052,46,48,-1,-1,6
48325702,5,49,-1,-1,3
48319372,52,9,-1,-1,7
48322871,35,46,-1,-1,5
48325107,36,22,-1,-1,6
48326692,43,19,-1,-1,6
48326492,0,22,-1,-1,4
48323115,47,6,-1,-1,3
48326384,20,19,-1,-1,5
48323679,37,19,-1,-1,0
48324571,25,44,-1,-1,2
48321642,18,2,-1,-1,2
48319406,23,46,-1,-1,3
48325606,2,34,-1,-1,1
48321605,19,41,-1,-1,7
48308592,4,38,-1,-1,1
48325051,34,10,-1,-1,6
48325070,22,44,-1,-1,0
48326360,20,7,-1,-1,5
48325841,41,33,-1,-1,3
48326799,3,6,-1,-1,7
48323699,48,12,-1,-1,4
48326180,49,27,-1,-1,6
48311691,21,43,-1,-1,6
48320162,26,22,-1,-1,2
48326035,45,14,-1,-1,7
48319405,0,54,-1,-1,2
48325300,35,44,-1,-1,4
48324756,51,30,-1,-1,7
48325956,10,36,-1,-1,1
48324607,40,47,-1,-1,7
48326324,36,16,-1,-1,4
48322464,10,46,-1,-1,3
48322301,30,39,-1,-1,0
48324112,12,7,-1,-1,1
48324251,27,16,-1,-1,7
48324568,35,21,-1,-1,7
48326927,9,42,-1,-1,5
48326690,28,8,-1,-1,1
48325366,53,52,-1,-1,3
48321532,17,48,-1,-1,2
48306198,57,27,-1,-1,1
48325310,1,49,-1,-1,2
48324133,7,2,-1,-1,4
48317045,19,38,-1,-1,1
48326898,29,9,-1,-1,6
48321222,21,29,-1,-1,3
48321484,24,57,-1,-1,0
48324891,4,10,-1,-1,2
48319759,50,24,-1,-1,7
48323959,20,46,-1,-1,5
48321575,55,5,-1,-1,1
48323451,47,24,-1,-1,5
48322193,3,19,-1,-1,4
48326326,49,30,-1,-1,1
48324731,47,21,-1,-1,2
48324981,28,23,-1,-1,2
48323073,48,17,-1,-1,0
48325071,41,23,-1,-1,5
48324939,30,5,-1,-1,0
48323885,56,30,-1,-1,2
48321793,0,48,-1,-1,3
48324224,31,38,-1,-1,0
48315797,27,5,-1,-1,5
48326098,42,31,-1,-1,2
48325603,44,42,-1,-1,5
48325836,36,54,-1,-1,6
48320429,48,0,-1,-1,6
48323328,14,27,-1,-1,2
48324589,36,15,-1,-1,0
48317463,4,28,-1,-1,1
48325763,41,9,-1,-1,6
48311494,54,6,-1,-1,6
48323188,28,26,-1,-1,3
48326798,13,13,-1,-1,2
48323813,16,38,-1,-1,7
48318939,3,48,-1,-1,7
48317697,26,54,-1,-1,5
48319389,45,40,-1,-1,2
48326151,9,19,-1,-1,1
48322640,2,39,-1,-1,7
48326794,57,22,-1,-1,2
48323762,22,22,-1,-1,2
48323278,17,39,-1,-1,2
48326229,35,42,-1,-1,1
48326826,26,13,-1,-1,3
48324574,8,53,-1,-1,7
48325685,54,56,-1,-1,4
48326960,58,14,-1,-1,4
48323361,36,27,-1,-1,2
48315845,2,16,-1,-1,7
48321327,39,54,-1,-1,1
48325045,31,54,-1,-1,5
48320508,4,34,-1,-1,7
48322636,36,28,-1,-1,0
48325862,3,1,-1,-1,1
48324247,18,17,-1,-1,0
48325453,16,27,-1,-1,3
48315613,10,55,-1,-1,0
48325286,32,13,-1,-1,3
48325958,39,38,-1,-1,7
48326803,32,22,-1,-1,0
48325585,16,1,-1,-1,6
48325813,22,30,-1,-1,7
48308237,25,0,-1,-1,5
48325414,53,28,-1,-1,4
48321960,26,3,-1,-1,5
48326389,39,13,-1,-1,0
48323896,53,51,-1,-1,3
48326965,6,8,-1,-1,1
48314804,19,26,-1,-1,1
48326783,36,55,-1,-1,3
48321815,18,26,-1,-1,3
48309978,2,41,-1,-1,6
48325798,17,4,-1,-1,1
48323333,19,6,-1,-1,0
48326203,23,5,-1,-1,6
48321852,52,46,-1,-1,5
48326529,57,7,-1,-1,0
48325917,26,32,-1,-1,3
48325179,2,19,-1,-1,4
48326959,16,11,-1,-1,7
48326767,20,53,-1,-1,6
48318773,6,19,-1,-1,3
48321265,22,27,-1,-1,0
48324084,11,53,-1,-1,2
48326916,23,48,-1,-1,2
48319627,4,54,-1,-1,3
48324612,32,35,-1,-1,1
48322540,5,1,-1,-1,2
48325361,56,7,-1,-1,6
48323609,23,15,-1,-1,6
48316172,14,58,-1,-1,2
48326410,40,20,-1,-1,3
48323610,12,57,-1,-1,5
48316841,45,17,-1,-1,0
48321469,15,29,-1,-1,4
48325660,15,28,-1,-1,5
48321653,32,58,-1,-1,6
48320948,6,3,-1,-1,2
48313036,53,5,-1,-1,6
48321896,22,1,-1,-1,6
48324024,25,25,-1,-1,7
48326084,58,20,-1,-1,0
48326429,23,29,-1,-1,3
48326889,7,40,-1,-1,2
48325108,13,0,-1,-1,2
48323459,30,37,-1,-1,7
48325908,23,11,-1,-1,5
48322370,29,6,-1,-1,0
48326485,15,57,-1,-1,3
48321913,31,13,-1,-1,6
48323082,36,14,-1,-1,1
48322699,38,19,-1,-1,6
48324653,8,21,-1,-1,7
48324504,0,44,-1,-1,0
48325673,4,8,-1,-1,3
48316891,54,8,-1,-1,1
48322346,58,47,-1,-1,5
48324124,37,4,-1,-1,2
48326734,7,12,-1,-1,7
48323211,47,16,-1,-1,0
48326524,56,23,-1,-1,7
48324178,54,46,-1,-1,4
48324732,17,49,-1,-1,2
48325153,31,48,-1,-1,5
48326489,22,15,-1,-1,1
48326401,3,3,-1,-1,2
48325516,12,8,-1,-1,0
48325144,4,17,-1,-1,5
48310933,58,29,-1,-1,6
48325122,23,53,-1,-1,3
48323362,50,12,-1,-1,5
48325513,13,49,-1,-1,3
48321676,23,24,-1,-1,1
48322980,37,20,-1,-1,2
48322986,48,26,-1,-1,3
48313851,36,34,-1,-1,2
48325384,22,23,-1,-1,1
48326363,54,55,-1,-1,5
48319999,53,13,-1,-1,6
48326773,18,12,-1,-1,4
48326892,47,58,-1,-1,2
48323998,14,13,-1,-1,6
48324758,51,37,-1,-1,5
48324924,37,6,-1,-1,5
48325529,38,57,-1,-1,5
48319107,32,44,-1,-1,1
48325443,18,48,-1,-1,6
48321669,17,37,-1,-1,2
48318679,4,32,-1,-1,2
48319564,54,45,-1,-1,4
48324798,25,4,-1,-1,6
48326623,8,14,-1,-1,6
48325284,57,25,-1,-1,2
48326030,57,55,-1,-1,0
48325816,17,1,-1,-1,4
48326914,50,26,-1,-1,0
48320767,17,0,-1,-1,3
48319576,33,2,-1,-1,1
48317799,44,57,-1,-1,4
48316107,30,25,-1,-1,6
48326323,35,24,-1,-1,2
48326706,9,49,-1,-1,5
48326004,34,3,-1,-1,6
48324143,54,54,-1,-1,6
48326067,23,55,-1,-1,6
48324570,25,38,-1,-1,5
48320068,47,0,-1,-1,4
48321761,46,25,-1,-1,6
48324453,35,11,-1,-1,6
48322606,16,5,-1,-1,3
48322326,16,3,-1,-1,2
48324483,9,47,-1,-1,1
48325178,52,20,-1,-1,0
48320723,41,6,-1,-1,0
48326790,49,44,-1,-1,4
48324408,53,49,-1,-1,6
48311770,44,49,-1,-1,1
48325110,35,9,-1,-1,3
48323144,11,32,-1,-1,2
48325312,15,23,-1,-1,1
48324606,41,24,-1,-1,4
48325843,13,24,-1,-1,6
48326129,21,4,-1,-1,5
48318582,47,38,-1,-1,0
48326447,9,2,-1,-1,1
48324444,35,30,-1,-1,6
48326187,45,26,-1,-1,5
48326097,28,38,-1,-1,6
48322378,42,18,-1,-1,1
48321502,10,58,-1,-1,2
48324945,37,10,-1,-1,2
48326397,38,55,-1,-1,4
48325248,48,5,-1,-1,1
48326021,33,18,-1,-1,5
48322045,39,39,-1,-1,0
48326588,29,26,-1,-1,4
48321641,31,43,-1,-1,5
48324164,40,3,-1,-1,2
48324176,13,27,-1,-1,2
48326891,41,22,-1,-1,3
48325671,0,5,-1,-1,1
48325280,49,42,-1,-1,3
48326040,19,25,-1,-1,4
48324443,23,37,-1,-1,6
48323354,32,7,-1,-1,1
48326658,51,44,-1,-1,3
48323416,1,2,-1,-1,7
48323911,9,55,-1,-1,5
48317230,17,58,-1,-1,1
48321946,56,3,-1,-1,5
48323322,5,5,-1,-1,7
48326096,25,46,-1,-1,2
48326467,40,21,-1,-1,5
48318815,28,50,-1,-1,1
48321398,17,51,-1,-1,2
48326922,10,13,-1,-1,1
48326046,40,26,-1,-1,0
48324743,11,42,-1,-1,7
48323220,55,42,-1,-1,4
48323848,12,35,-1,-1,6
48315571,15,32,-1,-1,3
48325650,23,10,-1,-1,2
48322194,22,43,-1,-1,0
48322649,12,15,-1,-1,4
48323253,33,11,-1,-1,4
48326352,19,37,-1,-1,4
48321062,7,10,-1,-1,1
48309148,12,44,-1,-1,0
48320766,0,20,-1,-1,1
48323235,6,50,-1,-1,2
48322762,9,39,-1,-1,2
48324118,4,41,-1,-1,2
48326821,20,42,-1,-1,5
48325412,5,19,-1,-1,4
48323650,19,4,-1,-1,7
48324511,31,9,-1,-1,3
48325678,25,28,-1,-1,2
48322874,47,55,-1,-1,7
48321235,43,55,-1,-1,2
48325117,34,55,-1,-1,7
48326133,22,31,-1,-1,6
48307371,49,3,-1,-1,7
48326318,10,5,-1,-1,1
48324723,19,27,-1,-1,3
48326533,34,5,-1,-1,5
48322318,51,33,-1,-1,2
48322623,14,31,-1,-1,4
48320640,28,9,-1,-1,5
48320912,12,25,-1,-1,0
48323852,12,31,-1,-1,3
48325951,8,37,-1,-1,7
48326760,4,43,-1,-1,7
48311535,32,49,-1,-1,2
48320551,19,56,-1,-1,5
48319506,26,21,-1,-1,1
48326249,47,7,-1,-1,0
48326735,31,24,-1,-1,4
48326311,40,2,-1,-1,4
48325880,17,9,-1,-1,5
48322399,55,16,-1,-1,2
48323297,24,51,-1,-1,6
48326483,7,42,-1,-1,5
48326698,37,2,-1,-1,4
48321482,46,41,-1,-1,1
48322057,48,45,-1,-1,5
48324294,10,6,-1,-1,1
48323939,55,22,-1,-1,6
48322995,55,31,-1,-1,7
48320759,33,0,-1,-1,2
48323137,26,20,-1,-1,4
48326613,33,16,-1,-1,5
48322053,15,27,-1,-1,0
48323957,0,32,-1,-1,2
48324859,32,8,-1,-1,0
48326130,52,53,-1,-1,5
48324439,15,15,-1,-1,0
48326301,24,49,-1,-1,4
48326615,3,17,-1,-1,0
48324454,3,46,-1,-1,6
48322518,1,29,-1,-1,7
48307573,0,55,-1,-1,4
48322530,4,27,-1,-1,2
48323647,57,14,-1,-1,3
48322704,55,1,-1,-1,1
48322655,30,49,-1,-1,4
48326672,50,47,-1,-1,4
48325772,48,19,-1,-1,4
48325584,15,40,-1,-1,2
48323270,43,34,-1,-1,7
48325010,56,14,-1,-1,3
48326808,21,6,-1,-1,4
48308812,42,4,-1,-1,3
48325850,57,48,-1,-1,0
48319583,19,14,-1,-1,2
48324352,22,9,-1,-1,7
48314945,15,0,-1,-1,6
48326888,23,0,-1,-1,6
48326190,48,21,-1,-1,4
48322477,39,27,-1,-1,6
48325787,36,13,-1,-1,4
48310894,16,32,-1,-1,4
48325201,49,16,-1,-1,1
48324111,8,9,-1,-1,4
48325826,28,41,-1,-1,6
48326251,0,33,-1,-1,3
48326835,39,9,-1,-1,4
48326245,37,5,-1,-1,3
48324047,36,35,-1,-1,6
48314979,58,0,-1,-1,4
48321132,55,32,-1,-1,7
48322809,56,13,-1,-1,7
48321089,13,6,-1,-1,1
48326846,44,16,-1,-1,4
48316114,41,1,-1,-1,7
48326744,28,11,-1,-1,4
48326865,33,33,-1,-1,1
48323301,52,0,-1,-1,3
48325799,45,49,-1,-1,2
48324194,36,37,-1,-1,5
48325281,57,45,-1,-1,0
48326785,42,29,-1,-1,2
48325963,4,19,-1,-1,3
48318971,56,42,-1,-1,4
48315117,43,14,-1,-1,2
48322135,33,34,-1,-1,7
48318421,5,10,-1,-1,3
48323102,10,33,-1,-1,2
48325803,26,53,-1,-1,5
48322917,6,40,-1,-1,2
48323179,43,47,-1,-1,3
48324605,23,51,-1,-1,3
48324680,49,58,-1,-1,2
48325646,18,44,-1,-1,7
48324944,9,12,-1,-1,4
48326809,6,15,-1,-1,0
48322873,33,52,-1,-1,0
48326850,1,23,-1,-1,2
48326087,15,19,-1,-1,4
48326834,22,14,-1,-1,3
48326119,49,5,-1,-1,1
48316570,46,27,-1,-1,2
48326164,39,0,-1,-1,2
48325815,13,34,-1,-1,5
48326963,41,58,-1,-1,0
48326579,18,58,-1,-1,6
48322244,8,19,-1,-1,2
48325053,12,47,-1,-1,7
48325324,29,53,-1,-1,7
48322726,40,24,-1,-1,3
48325530,29,37,-1,-1,5
48321544,25,17,-1,-1,6
48325538,33,26,-1,-1,0
48320971,11,45,-1,-1,2
48323612,6,29,-1,-1,5
48325888,56,31,-1,-1,5
48324303,0,6,-1,-1,1
48323669,30,24,-1,-1,2
48326854,50,48,-1,-1,2
48326863,5,52,-1,-1,5
48326928,43,20,-1,-1,2
48319479,23,22,-1,-1,1
48324392,57,31,-1,-1,6
48323880,6,43,-1,-1,6
48324552,51,47,-1,-1,1
48324726,31,28,-1,-1,2
48326327,14,38,-1,-1,0
48325197,3,34,-1,-1,7
48324965,37,44,-1,-1,1
48324657,31,45,-1,-1,1
48324310,34,35,-1,-1,0
48325628,8,52,-1,-1,5
48322235,8,31,-1,-1,4
48321678,28,39,-1,-1,5
48317999,35,29,-1,-1,6
48326511,39,53,-1,-1,2
48326041,26,6,-1,-1,4
48324340,31,11,-1,-1,0
48324204,51,10,-1,-1,1
48326078,50,50,-1,-1,0
48325718,29,38,-1,-1,6
48324833,27,7,-1,-1,0
48309752,4,52,-1,-1,0
48324533,26,11,-1,-1,0
48321977,20,22,-1,-1,7
48319902,52,55,-1,-1,5
48324801,26,39,-1,-1,3
48324966,16,51,-1,-1,2
48325305,6,31,-1,-1,3
48325204,32,37,-1,-1,2
48325059,9,14,-1,-1,1
48325866,4,7,-1,-1,4
48324972,50,21,-1,-1,6
48326890,18,38,-1,-1,6
48320288,16,39,-1,-1,0
48326941,53,11,-1,-1,2
48324323,52,32,-1,-1,3
48326372,31,32,-1,-1,4
48325777,32,56,-1,-1,1
48326010,5,44,-1,-1,2
48325659,12,3,-1,-1,7
48325600,41,48,-1,-1,1
48326769,55,26,-1,-1,1
48324771,22,40,-1,-1,1
48323266,38,32,-1,-1,4
48326602,6,26,-1,-1,6
48321449,23,3,-1,-1,1
48326375,18,8,-1,-1,4
48324136,10,38,-1,-1,3
48324081,31,2,-1,-1,7
48322722,56,57,-1,-1,3
48326879,32,1,-1,-1,0
48325255,29,39,-1,-1,3
48326305,12,2,-1,-1,2
48326563,13,1,-1,-1,2
48326822,58,31,-1,-1,0
48326104,46,35,-1,-1,1
48326664,34,38,-1,-1,2
48326220,52,44,-1,-1,3
48326549,10,20,-1,-1,1
48325512,56,35,-1,-1,1
48326943,12,5,-1,-1,3
48322814,4,50,-1,-1,1
48326272,28,13,-1,-1,1
48322745,22,37,-1,-1,4
48325379,46,19,-1,-1,4
48320592,58,44,-1,-1,0
48325911,24,13,-1,-1,1
48323441,15,3,-1,-1,0
48324058,18,41,-1,-1,7
48326248,7,32,-1,-1,2
48324615,43,51,-1,-1,6
48322359,11,16,-1,-1,4
48323562,46,24,-1,-1,5
48323937,44,44,-1,-1,2
48325054,41,47,-1,-1,5
48326691,51,4,-1,-1,5
48324117,49,8,-1,-1,4
48324382,2,23,-1,-1,0
48324292,19,28,-1,-1,1
48321197,38,33,-1,-1,0
48326547,28,46,-1,-1,2
48319049,0,13,-1,-1,3
48325926,12,38,-1,-1,3
48324490,55,35,-1,-1,7
48324907,29,24,-1,-1,7
48326871,0,1,-1,-1,4
48324892,37,50,-1,-1,3
48326704,28,53,-1,-1,3
48323355,25,32,-1,-1,4
48324610,35,23,-1,-1,4
48324628,26,40,-1,-1,4
48325844,33,48,-1,-1,1
48309993,16,31,-1,-1,1
48325357,57,12,-1,-1,3
48322771,23,56,-1,-1,1
48326283,32,31,-1,-1,1
48319585,25,47,-1,-1,2
48325532,5,7,-1,-1,3
48324121,15,13,-1,-1,1
48323120,47,27,-1,-1,3
48323005,57,47,-1,-1,0
48325674,21,40,-1,-1,7
48320197,57,36,-1,-1,5
48326315,24,55,-1,-1,2
48314525,20,56,-1,-1,0
48321853,0,43,-1,-1,4
48325372,17,13,-1,-1,3
48320240,54,57,-1,-1,1
48314608,0,50,-1,-1,0
48325947,53,20,-1,-1,4
48326948,26,15,-1,-1,5
48323840,57,33,-1,-1,3
48325882,36,30,-1,-1,5
48326695,24,20,-1,-1,3
48323906,26,4,-1,-1,5
48325968,47,49,-1,-1,4
48316721,6,52,-1,-1,3
48321124,32,36,-1,-1,3
48324351,14,53,-1,-1,4
48326263,29,4,-1,-1,6
48324371,49,26,-1,-1,5
48323541,43,42,-1,-1,2
48314429,24,14,-1,-1,6
48325967,0,36,-1,-1,4
48322650,14,8,-1,-1,5
48325937,50,34,-1,-1,7
48325533,11,24,-1,-1,5
48322511,44,51,-1,-1,7
48325072,31,22,-1,-1,3
48316986,4,42,-1,-1,2
48323958,23,36,-1,-1,4
48311057,16,0,-1,-1,2
48320289,46,5,-1,-1,1
48324706,25,56,-1,-1,6
48326336,14,4,-1,-1,1
48323236,40,10,-1,-1,5
48326571,8,28,-1,-1,6
48326552,28,28,-1,-1,7
48321300,56,9,-1,-1,7
48326115,10,39,-1,-1,0
48325848,55,13,-1,-1,0
48325430,11,43,-1,-1,6
48314478,33,45,-1,-1,3
48320779,50,40,-1,-1,4
48320689,3,12,-1,-1,4
48325066,52,24,-1,-1,6
48322394,29,46,-1,-1,2
48324373,11,41,-1,-1,5
48326818,35,56,-1,-1,2
48317435,55,43,-1,-1,3
48314349,8,6,-1,-1,2
48326302,4,26,-1,-1,6
48323810,19,22,-1,-1,2
48324662,33,32,-1,-1,5
48321958,57,5,-1,-1,1
48326791,37,7,-1,-1,7
48316956,53,18,-1,-1,0
48323736,51,2,-1,-1,5
48317994,2,17,-1,-1,3
48323886,45,34,-1,-1,0
48326032,20,30,-1,-1,6
48314399,55,4,-1,-1,1
48326527,49,50,-1,-1,5
48314357,30,48,-1,-1,6
48326601,42,22,-1,-1,7
48318867,10,4,-1,-1,4
48326713,51,54,-1,-1,7
48323775,39,57,-1,-1,3
48325240,2,12,-1,-1,2
48319494,3,8,-1,-1,5
48326763,8,16,-1,-1,7
48324548,33,46,-1,-1,4
48325209,40,41,-1,-1,5
48325409,2,20,-1,-1,5
48325358,32,52,-1,-1,3
48325187,32,46,-1,-1,1
48324369,4,48,-1,-1,1
48315195,36,52,-1,-1,2
48326747,35,12,-1,-1,4
48326867,13,14,-1,-1,6
48322910,3,18,-1,-1,5
48320945,42,6,-1,-1,5
48326612,38,51,-1,-1,2
48312648,4,33,-1,-1,1
48324416,32,53,-1,-1,5
48323064,11,2,-1,-1,6
48321034,18,1,-1,-1,4
48322579,5,25,-1,-1,0
48325667,38,12,-1,-1,4
48325091,24,42,-1,-1,7
48318538,54,31,-1,-1,4
48323970,36,49,-1,-1,2
48322180,58,38,-1,-1,4
48317922,48,35,-1,-1,7
48325078,30,19,-1,-1,6
48323002,41,5,-1,-1,6
48323772,52,37,-1,-1,6
48322993,34,47,-1,-1,2
48319887,12,14,-1,-1,3
48325561,39,44,-1,-1,2
48320700,51,38,-1,-1,0
48318364,19,3,-1,-1,0
48317723,17,44,-1,-1,4
48326841,44,40,-1,-1,4
48324025,43,2,-1,-1,1
48325436,53,31,-1,-1,1
48324519,7,22,-1,-1,4
48322765,0,58,-1,-1,1
48325725,36,19,-1,-1,7
48322408,23,34,-1,-1,1
48326195,35,8,-1,-1,3
48324639,40,9,-1,-1,2
48322131,54,39,-1,-1,4
48323456,28,57,-1,-1,4
48319897,41,40,-1,-1,2
48326148,41,28,-1,-1,0
48324671,26,25,-1,-1,0
48322914,8,0,-1,-1,2
48323655,15,53,-1,-1,1
48321624,41,4,-1,-1,1
48326334,19,23,-1,-1,6
48320708,18,4,-1,-1,5
48325701,26,12,-1,-1,0
48324693,18,19,-1,-1,3
48324256,53,10,-1,-1,5
48325688,38,35,-1,-1,5
48325202,27,20,-1,-1,6
48323845,19,48,-1,-1,3
48322037,13,31,-1,-1,7
48325713,37,13,-1,-1,6
48324512,40,4,-1,-1,2
48325266,26,27,-1,-1,1
48325723,43,38,-1,-1,3
48326332,33,30,-1,-1,2
48323871,11,35,-1,-1,4
48323706,7,29,-1,-1,4
48319768,23,18,-1,-1,6
48326335,55,2,-1,-1,5
48326591,50,17,-1,-1,7
48325269,7,16,-1,-1,1
48322926,55,58,-1,-1,1
48324532,34,50,-1,-1,6
48320633,57,49,-1,-1,7
48326522,29,44,-1,-1,2
48326697,38,6,-1,-1,2
48326094,39,20,-1,-1,2
48325221,2,24,-1,-1,5
48318955,39,28,-1,-1,1
48322794,47,35,-1,-1,2
48323658,1,44,-1,-1,4
48320510,34,18,-1,-1,4
48322804,39,46,-1,-1,3
48313188,7,20,-1,-1,7
48326586,31,44,-1,-1,7
48324175,11,18,-1,-1,3
48325566,43,53,-1,-1,0
48325986,27,40,-1,-1,1
48320504,50,3,-1,-1,2
48320608,9,15,-1,-1,4
48318422,25,52,-1,-1,0
48320924,38,58,-1,-1,2
48326725,24,30,-1,-1,1
48326427,26,45,-1,-1,3
48324969,48,10,-1,-1,6
48323351,7,27,-1,-1,0
48322817,36,58,-1,-1,6
48325550,19,5,-1,-1,5
48325222,33,54,-1,-1,1
48322398,44,3,-1,-1,5
48320315,21,33,-1,-1,6
48325876,28,55,-1,-1,7
48326134,54,42,-1,-1,3
48325633,3,45,-1,-1,1
48325383,52,48,-1,-1,5
48326120,37,31,-1,-1,4
48325991,12,0,-1,-1,4
48325615,55,51,-1,-1,6
48326240,6,32,-1,-1,4
48323230,41,26,-1,-1,1
48324648,13,9,-1,-1,3
48325601,53,7,-1,-1,7
48326082,7,17,-1,-1,3
48326765,51,15,-1,-1,5
48320114,47,2,-1,-1,7
48316051,30,22,-1,-1,2
48322883,10,10,-1,-1,2
48326441,45,5,-1,-1,2
48325292,58,9,-1,-1,6
48325773,47,20,-1,-1,0
48326932,57,29,-1,-1,2
48324381,38,50,-1,-1,5
48326001,7,26,-1,-1,1
48325985,10,2,-1,-1,1
48325910,19,13,-1,-1,1
48326610,3,20,-1,-1,2
48326204,12,22,-1,-1,4
48324206,2,50,-1,-1,1
48316347,7,34,-1,-1,6
48323455,16,46,-1,-1,0
48326544,1,53,-1,-1,2
48325238,57,35,-1,-1,2
48321644,48,16,-1,-1,7
48321629,17,30,-1,-1,3
48326072,47,53,-1,-1,0
48320475,16,55,-1,-1,2
48322080,36,24,-1,-1,7
48326169,15,5,-1,-1,3
48325155,27,42,-1,-1,3
48323717,42,8,-1,-1,1
48324592,28,24,-1,-1,7
48320732,37,57,-1,-1,0
48326508,34,27,-1,-1,0
48326016,49,29,-1,-1,0
48320788,27,6,-1,-1,3
48322401,53,21,-1,-1,4
48321794,50,14,-1,-1,5
48326338,48,44,-1,-1,7
48323859,38,24,-1,-1,3
48323460,5,14,-1,-1,0
48325123,27,14,-1,-1,6
48324999,23,8,-1,-1,7
48318898,47,4,-1,-1,4
48326244,40,25,-1,-1,3
48326175,13,30,-1,-1,5
48324975,37,9,-1,-1,1
48326651,9,5,-1,-1,4
48326631,55,38,-1,-1,7
48326355,42,35,-1,-1,5
48325605,16,43,-1,-1,0
48326730,21,24,-1,-1,3
48325185,20,27,-1,-1,3
48323870,51,32,-1,-1,7
48314351,53,22,-1,-1,6
48325405,0,49,-1,-1,4
48322681,58,33,-1,-1,0
48325624,46,9,-1,-1,4
48325828,32,28,-1,-1,1
48324286,39,51,-1,-1,7
48324169,35,35,-1,-1,5
48324263,10,40,-1,-1,3
48326800,26,51,-1,-1,2
48325939,19,19,-1,-1,5
48325531,26,49,-1,-1,7
48314614,45,53,-1,-1,5
48325205,33,6,-1,-1,4
48326369,18,27,-1,-1,3
48323075,1,0,-1,-1,4
48324837,6,4,-1,-1,2
48316987,16,56,-1,-1,7
48318878,30,44,-1,-1,7
48325993,51,26,-1,-1,2
48320326,23,12,-1,-1,5
48318550,0,4,-1,-1,0
48326694,15,7,-1,-1,5
48321503,14,28,-1,-1,5
48324634,33,31,-1,-1,2
48326459,46,20,-1,-1,3
48325669,19,58,-1,-1,1
48324817,23,16,-1,-1,5
48325092,32,51,-1,-1,2
48320533,57,39,-1,-1,7
48323689,53,34,-1,-1,3
48323038,6,27,-1,-1,2
48322670,28,35,-1,-1,7
48325728,0,19,-1,-1,3
48326495,44,54,-1,-1,5
48325330,22,56,-1,-1,2
48326584,11,48,-1,-1,2
48324825,53,6,-1,-1,1
48314125,43,15,-1,-1,7
48325975,31,7,-1,-1,1
48324872,42,39,-1,-1,4
48325060,10,45,-1,-1,6
48322041,57,15,-1,-1,0
48324428,41,11,-1,-1,7
48325458,36,42,-1,-1,5
48326570,17,29,-1,-1,1
48323138,32,2,-1,-1,3
48325648,14,25,-1,-1,2
48326002,8,3,-1,-1,4
48318847,19,34,-1,-1,4
48326766,34,56,-1,-1,5
48323311,57,6,-1,-1,1
48322362,21,42,-1,-1,0
48326659,37,23,-1,-1,2
48325761,16,7,-1,-1,6
48326786,20,34,-1,-1,5
48326380,0,35,-1,-1,0
48316132,52,45,-1,-1,2
48323703,5,55,-1,-1,6
48323646,55,28,-1,-1,7
48315643,17,27,-1,-1,7
48324585,13,56,-1,-1,3
48325930,28,3,-1,-1,7
48322828,33,14,-1,-1,0
48323324,27,32,-1,-1,0
48326117,51,5,-1,-1,7
48326367,32,32,-1,-1,2
48324141,6,7,-1,-1,4
48321779,3,47,-1,-1,4
48309345,24,56,-1,-1,6
48326215,56,39,-1,-1,4
48324464,27,36,-1,-1,6
48325782,22,21,-1,-1,5
48326434,31,6,-1,-1,3
48323728,14,47,-1,-1,6
48325206,35,4,-1,-1,2
48325231,22,54,-1,-1,2
48326341,20,16,-1,-1,7
48323303,44,29,-1,-1,2
48326925,16,29,-1,-1,6
48325495,27,15,-1,-1,1
48321311,24,39,-1,-1,6
48326561,9,3,-1,-1,4
48319990,46,34,-1,-1,1
48322716,58,16,-1,-1,6
48317456,27,55,-1,-1,4
48316215,52,4,-1,-1,2
48324617,16,10,-1,-1,2
48319734,53,41,-1,-1,6
48324790,6,24,-1,-1,6
48318154,57,4,-1,-1,6
48325625,2,30,-1,-1,7
48325116,7,38,-1,-1,4
48317936,3,32,-1,-1,0
48324661,10,26,-1,-1,7
48320126,45,31,-1,-1,3
48316654,43,50,-1,-1,3
48315919,3,36,-1,-1,5
48322768,35,52,-1,-1,7
48326348,32,55,-1,-1,0
48325649,25,57,-1,-1,1
48326736,45,25,-1,-1,3
48325425,49,41,-1,-1,5
48321699,28,1,-1,-1,0
48324510,32,0,-1,-1,6
48321325,12,55,-1,-1,4
48325575,53,8,-1,-1,5
48326556,56,8,-1,-1,2
48324834,21,10,-1,-1,0
48322266,38,52,-1,-1,1
48320514,53,14,-1,-1,3
48323628,28,17,-1,-1,2
48324940,57,46,-1,-1,1
48325921,5,32,-1,-1,5
48312003,32,50,-1,-1,5
48322887,3,14,-1,-1,0
48310726,16,50,-1,-1,1
48326636,13,4,-1,-1,0
48315416,1,33,-1,-1,6
48323789,57,41,-1,-1,6
48325931,13,45,-1,-1,7
48326141,35,7,-1,-1,2
48325592,31,12,-1,-1,4
48322570,54,43,-1,-1,5
48315817,23,20,-1,-1,3
48322972,0,12,-1,-1,2
48313604,9,0,-1,-1,2
48318888,47,43,-1,-1,4
48324967,5,50,-1,-1,4
48325460,38,27,-1,-1,6
48325410,36,25,-1,-1,1
48325112,49,12,-1,-1,2
48321803,56,2,-1,-1,7
48323795,27,35,-1,-1,6
48322146,33,47,-1,-1,7
48321894,44,18,-1,-1,2
48324514,22,32,-1,-1,7
48326670,15,1,-1,-1,0
48326816,2,11,-1,-1,0
48326877,7,58,-1,-1,7
48320428,19,49,-1,-1,5
48326172,0,27,-1,-1,1
48314337,42,33,-1,-1,4
48326102,30,33,-1,-1,5
48318520,10,57,-1,-1,2
48312237,58,4,-1,-1,6
48317703,55,18,-1,-1,0
48326553,22,35,-1,-1,2
48326742,13,51,-1,-1,7
48326716,47,26,-1,-1,1
48324290,35,47,-1,-1,4
48322222,28,22,-1,-1,1
48321448,26,2,-1,-1,5
48325572,8,46,-1,-1,7
48324418,1,42,-1,-1,6
48324860,51,13,-1,-1,1
48324478,41,53,-1,-1,3
48317145,49,35,-1,-1,6
48322412,28,42,-1,-1,1
48324915,43,10,-1,-1,4
48326776,39,47,-1,-1,0
48324235,23,38,-1,-1,2
48326026,5,35,-1,-1,2
48317751,53,37,-1,-1,2
48326320,6,22,-1,-1,4
48322066,27,50,-1,-1,4
48322853,58,57,-1,-1,7
48316235,42,28,-1,-1,2
48326637,44,38,-1,-1,1
48324625,19,33,-1,-1,4
48324007,24,29,-1,-1,7
48326091,53,1,-1,-1,2
48325252,28,36,-1,-1,0
48326711,57,11,-1,-1,1
48326781,20,28,-1,-1,1
48318410,18,20,-1,-1,6
48324974,50,46,-1,-1,4
48325272,57,28,-1,-1,6
48323422,41,43,-1,-1,5
48326000,9,18,-1,-1,5
48321059,22,49,-1,-1,1
48321464,44,20,-1,-1,5
48326307,43,25,-1,-1,7
48321557,31,37,-1,-1,0
48324374,24,3,-1,-1,6
48318910,47,39,-1,-1,4
48321633,11,49,-1,-1,4
48324167,3,54,-1,-1,3
48322012,0,8,-1,-1,1
48326415,40,22,-1,-1,2
48326420,17,16,-1,-1,6
48324311,54,14,-1,-1,5
48326621,9,10,-1,-1,5
48325621,57,56,-1,-1,1
48326468,6,47,-1,-1,0
48325895,23,13,-1,-1,0
48326454,28,54,-1,-1,5
48324886,3,9,-1,-1,0
48323901,24,50,-1,-1,2
48323276,46,53,-1,-1,5
48322826,32,21,-1,-1,1
48325781,11,51,-1,-1,6
48320741,51,1,-1,-1,5
48326607,43,30,-1,-1,6
48326382,16,53,-1,-1,4
48323281,19,18,-1,-1,1
48322573,55,27,-1,-1,2
48319000,0,28,-1,-1,4
48322434,29,18,-1,-1,2
48326641,53,54,-1,-1,2
48326819,15,4,-1,-1,2
48325948,45,4,-1,-1,0
48325864,13,15,-1,-1,4
48324414,32,54,-1,-1,0
48326479,34,36,-1,-1,4
48326811,30,45,-1,-1,2
48324233,17,46,-1,-1,5
48322537,32,34,-1,-1,3
48324759,11,25,-1,-1,4
48326285,2,25,-1,-1,3
48315809,17,11,-1,-1,6
48325555,23,23,-1,-1,4
48325063,21,35,-1,-1,6
48324994,52,28,-1,-1,6
48325987,58,32,-1,-1,4
48326507,39,15,-1,-1,4
48326051,12,17,-1,-1,3
48326911,41,54,-1,-1,4
48324959,7,44,-1,-1,3
48325907,20,15,-1,-1,7
48326606,9,17,-1,-1,0
48321692,16,52,-1,-1,6
48325741,18,47,-1,-1,0
48326450,43,45,-1,-1,4
48310896,16,15,-1,-1,5
48322182,51,11,-1,-1,6
48323414,31,23,-1,-1,6
48321784,9,20,-1,-1,5
48316910,19,20,-1,-1,6
48324426,31,1,-1,-1,1
48322740,48,9,-1,-1,6
48326292,10,21,-1,-1,5
48324242,48,46,-1,-1,3
48321978,31,3,-1,-1,5
48313095,3,44,-1,-1,6
48322879,48,42,-1,-1,3
48326451,52,31,-1,-1,5
48322218,41,57,-1,-1,1
48316494,54,58,-1,-1,6
48323942,54,23,-1,-1,7
48326635,35,36,-1,-1,0
48324555,27,13,-1,-1,6
48324913,43,24,-1,-1,6
48326475,31,35,-1,-1,3
48323165,16,37,-1,-1,2
48319450,54,34,-1,-1,7
48318175,25,11,-1,-1,3
48324544,55,39,-1,-1,7
48315558,15,2,-1,-1,0
48314170,21,16,-1,-1,0
48324521,23,50,-1,-1,7
48326728,23,26,-1,-1,3
48326540,49,19,-1,-1,2
48319208,19,2,-1,-1,2
48317746,16,42,-1,-1,3
48323261,7,45,-1,-1,3
48326207,25,1,-1,-1,1
48323624,34,4,-1,-1,3
48326812,15,43,-1,-1,0
48325737,19,9,-1,-1,4
48326531,40,16,-1,-1,5
48324379,28,25,-1,-1,1
48315381,5,41,-1,-1,1
48323491,27,9,-1,-1,1
48326376,7,8,-1,-1,1
48320755,0,37,-1,-1,1
48325497,55,17,-1,-1,2
48321923,10,27,-1,-1,3
48326277,35,5,-1,-1,5
48322844,25,49,-1,-1,1
48324864,44,26,-1,-1,3
48316804,50,29,-1,-1,0
48326521,15,49,-1,-1,2
48314275,31,26,-1,-1,3
48323292,45,58,-1,-1,6
48325747,20,3,-1,-1,2
48324563,12,39,-1,-1,1
48324760,17,25,-1,-1,6
48324736,23,47,-1,-1,1
48321558,21,14,-1,-1,0
48326648,49,53,-1,-1,3
48323501,35,2,-1,-1,1
48326699,47,17,-1,-1,0
48323271,9,31,-1,-1,3
48325559,56,17,-1,-1,2
48319703,19,57,-1,-1,4
48323630,48,15,-1,-1,2
48326502,33,17,-1,-1,2
48322979,29,42,-1,-1,5
48323052,14,6,-1,-1,4
48325960,6,56,-1,-1,7
48323816,5,23,-1,-1,5
48323339,32,25,-1,-1,3
48324775,2,27,-1,-1,6
48322136,53,42,-1,-1,6
48325853,10,19,-1,-1,4
48321352,8,58,-1,-1,6
48324215,33,19,-1,-1,6
48326080,7,49,-1,-1,2
48326419,42,26,-1,-1,0
48326788,25,7,-1,-1,1
48324983,31,50,-1,-1,0
48324748,56,16,-1,-1,0
48323747,38,23,-1,-1,4
48325933,10,41,-1,-1,6
48321384,21,8,-1,-1,4
48325570,7,7,-1,-1,6
48307574,44,45,-1,-1,4
48324308,16,41,-1,-1,5
48326712,20,47,-1,-1,6
48322304,39,18,-1,-1,4
48325825,7,18,-1,-1,4
48324582,21,51,-1,-1,5
48321981,15,20,-1,-1,1
48318104,37,27,-1,-1,7
48322487,18,7,-1,-1,3
48325025,31,4,-1,-1,2
48325537,28,51,-1,-1,1
48324887,22,25,-1,-1,2
48318857,48,32,-1,-1,6
48319658,25,13,-1,-1,4
48318886,40,35,-1,-1,5
48319984,21,25,-1,-1,2
48326954,54,48,-1,-1,0
48326572,49,23,-1,-1,6
48326887,36,32,-1,-1,6
48325686,2,32,-1,-1,7
48324822,9,28,-1,-1,7
48326881,28,7,-1,-1,6
48326424,9,24,-1,-1,7
48319525,55,0,-1,-1,2
48326878,37,29,-1,-1,2
48326589,20,38,-1,-1,5
48325082,24,40,-1,-1,6
48324405,6,23,-1,-1,1
48321419,14,17,-1,-1,0
48326750,41,2,-1,-1,0
48326354,17,55,-1,-1,1
48325234,18,51,-1,-1,2
48323627,23,41,-1,-1,1
48318105,14,45,-1,-1,0
48321422,12,11,-1,-1,7
48326910,27,30,-1,-1,5
48321371,3,31,-1,-1,0
48326874,51,6,-1,-1,3
48304158,5,17,-1,-1,3
48317340,4,12,-1,-1,5
48326722,2,6,-1,-1,4
48326779,40,54,-1,-1,6
48324506,45,11,-1,-1,0
48319971,58,25,-1,-1,0
48325392,5,56,-1,-1,5
48323727,28,4,-1,-1,1
48323604,25,34,-1,-1,4
48326223,35,25,-1,-1,2
48322452,40,43,-1,-1,6
48325353,58,48,-1,-1,4
48323043,2,8,-1,-1,5
48324148,56,6,-1,-1,4
48326797,34,21,-1,-1,4
48325755,38,10,-1,-1,5
48323974,54,7,-1,-1,3
48322956,57,53,-1,-1,5
48326931,3,42,-1,-1,2
48322483,33,1,-1,-1,4
48315880,23,58,-1,-1,0
48326455,45,18,-1,-1,1
48320983,56,34,-1,-1,5
48326473,25,22,-1,-1,1
48326862,5,4,-1,-1,7
48319667,40,17,-1,-1,4
48322678,44,43,-1,-1,6
48322582,28,52,-1,-1,2
48325716,24,37,-1,-1,4
48323514,11,10,-1,-1,0
48324051,3,51,-1,-1,0
48326921,48,24,-1,-1,7
48326201,8,5,-1,-1,5
48317232,17,19,-1,-1,4
48322405,32,17,-1,-1,7
48322801,50,8,-1,-1,5
48326620,9,40,-1,-1,7
48325693,1,54,-1,-1,6
48316160,44,0,-1,-1,5
48324216,1,45,-1,-1,5
48326660,40,7,-1,-1,6
48323217,35,32,-1,-1,0
48325077,29,14,-1,-1,7
48325407,31,49,-1,-1,3
48325073,22,13,-1,-1,7
48319513,11,50,-1,-1,1
48325456,26,30,-1,-1,4
48325738,58,28,-1,-1,5
48326239,38,11,-1,-1,5
48326732,52,30,-1,-1,3
48325982,26,24,-1,-1,5
48320942,6,48,-1,-1,4
48326197,42,5,-1,-1,4
48326870,54,36,-1,-1,6
48325180,13,11,-1,-1,2
48325681,49,37,-1,-1,0
48326560,5,22,-1,-1,7
48325999,15,52,-1,-1,4
48315640,48,49,-1,-1,2
48326073,41,34,-1,-1,1
48325175,57,58,-1,-1,6
48323178,20,50,-1,-1,2
48324893,50,23,-1,-1,7
48324754,43,54,-1,-1,5
48325909,38,34,-1,-1,3
48317020,18,15,-1,-1,3
48325707,9,1,-1,-1,7
48323779,37,42,-1,-1,7
48322902,57,17,-1,-1,5
48325630,40,13,-1,-1,6
48321440,50,28,-1,-1,0
48325898,14,30,-1,-1,5
48326243,20,43,-1,-1,0
48324011,34,23,-1,-1,7
48322023,41,41,-1,-1,0
48325464,38,9,-1,-1,7
48323010,2,47,-1,-1,4
48326537,10,31,-1,-1,7
48325668,26,48,-1,-1,5
48320515,50,1,-1,-1,1
48325090,35,16,-1,-1,3
48324576,53,27,-1,-1,7
48326729,50,13,-1,-1,0
48326912,8,2,-1,-1,0
48317831,31,51,-1,-1,4
48318258,56,12,-1,-1,0
48323248,25,42,-1,-1,3
48322281,50,52,-1,-1,2
48320347,51,18,-1,-1,6
48326604,4,23,-1,-1,2
48326135,20,32,-1,-1,5
48325573,38,1,-1,-1,6
48315516,27,58,-1,-1,1
48324622,35,18,-1,-1,2
48326873,46,23,-1,-1,3
48323912,47,19,-1,-1,6
48312799,31,41,-1,-1,5
48322669,54,29,-1,-1,1
48326640,45,28,-1,-1,5
48326793,49,46,-1,-1,0
48324501,38,20,-1,-1,0
48326709,42,25,-1,-1,1
48325388,22,29,-1,-1,0
48314013,23,43,-1,-1,3
48326469,48,1,-1,-1,4
48323447,17,7,-1,-1,1
48326471,57,32,-1,-1,4
48320396,39,40,-1,-1,5
48325699,34,13,-1,-1,1
48325762,5,33,-1,-1,3
48320028,55,19,-1,-1,3
48313009,10,16,-1,-1,3
48326247,21,13,-1,-1,2
48322565,30,36,-1,-1,4
48325892,11,3,-1,-1,6
48323569,1,11,-1,-1,7
48322916,42,47,-1,-1,3
48323112,1,20,-1,-1,1
48316198,1,14,-1,-1,1
48324400,20,12,-1,-1,5
48319442,1,17,-1,-1,3
48319745,54,50,-1,-1,1
48324876,18,24,-1,-1,7
48312603,12,19,-1,-1,7
48320353,45,54,-1,-1,6
48319826,58,41,-1,-1,4
48326564,6,5,-1,-1,4
48314769,11,7,-1,-1,5
48326831,13,36,-1,-1,0
48323962,15,50,-1,-1,0
48319018,42,2,-1,-1,7
48326937,12,53,-1,-1,4
48323884,15,37,-1,-1,1
48325721,23,9,-1,-1,6
48325098,39,33,-1,-1,5
48326514,5,39,-1,-1,7
48326894,24,11,-1,-1,2
48326125,9,29,-1,-1,3
48325476,33,15,-1,-1,3
48324451,46,14,-1,-1,2
48317160,56,21,-1,-1,2
48324722,18,9,-1,-1,6
48325672,8,35,-1,-1,4
48313843,50,0,-1,-1,2
48326632,29,35,-1,-1,5
48326232,24,6,-1,-1,1
48323448,42,19,-1,-1,2
48326964,19,32,-1,-1,3
48326116,19,52,-1,-1,5
48320313,5,57,-1,-1,1
48315239,42,21,-1,-1,1
48326801,6,1,-1,-1,7
48324486,2,28,-1,-1,4
48326743,45,12,-1,-1,2
48325834,52,10,-1,-1,4
48325780,46,18,-1,-1,3
48318475,29,33,-1,-1,3
48325003,4,49,-1,-1,2
48322156,20,41,-1,-1,7
48322128,24,9,-1,-1,3
48325796,52,1,-1,-1,1
48317273,10,3,-1,-1,0
48325877,17,38,-1,-1,6
48326060,52,21,-1,-1,7
48320752,15,34,-1,-1,6
48316183,46,43,-1,-1,3
48326751,22,34,-1,-1,7
48326136,38,4,-1,-1,3
48324573,0,26,-1,-1,4
48325989,14,15,-1,-1,0
48324916,58,18,-1,-1,0
48318918,52,54,-1,-1,4
48322269,42,11,-1,-1,0
48326150,44,53,-1,-1,4
48325140,18,16,-1,-1,3
48320661,50,7,-1,-1,5
48326856,34,0,-1,-1,2
48323987,57,51,-1,-1,2
48325268,28,44,-1,-1,7
48325919,42,37,-1,-1,2
48324779,40,39,-1,-1,6
48319451,48,56,-1,-1,0
48324730,24,18,-1,-1,1
48326895,49,32,-1,-1,3
48324813,31,16,-1,-1,2
48323161,27,26,-1,-1,2
48324488,40,56,-1,-1,3
48324249,39,56,-1,-1,1
48316079,36,18,-1,-1,0
48324106,21,5,-1,-1,4
48325891,3,13,-1,-1,5
48326534,36,38,-1,-1,1
48325030,0,21,-1,-1,4
48325598,1,27,-1,-1,5
48318444,46,4,-1,-1,4
48324177,50,54,-1,-1,3
48326373,21,23,-1,-1,6
48320894,4,13,-1,-1,3
48321487,15,58,-1,-1,1
48325610,18,35,-1,-1,7
48324804,49,24,-1,-1,2
48326261,21,57,-1,-1,5
48322719,37,26,-1,-1,6
48319581,24,19,-1,-1,6
48320108,52,2,-1,-1,1
48323856,14,21,-1,-1,1
48325184,54,41,-1,-1,6
48324716,45,19,-1,-1,7
48316645,40,15,-1,-1,0
48325593,44,33,-1,-1,0
48323104,12,49,-1,-1,1
48323296,10,51,-1,-1,7
48325341,11,58,-1,-1,7
48320195,38,21,-1,-1,0
48316508,38,49,-1,-1,6
48321924,19,39,-1,-1,0
48314938,8,1,-1,-1,7
48325373,39,29,-1,-1,5
48318787,14,37,-1,-1,5
48325225,46,56,-1,-1,6
48321888,42,53,-1,-1,4
48321081,7,50,-1,-1,7
48326827,45,35,-1,-1,0
48326693,18,23,-1,-1,3
48315493,33,3,-1,-1,6
48324461,21,38,-1,-1,7
48326057,56,1,-1,-1,5
48325026,42,13,-1,-1,4
48323215,47,3,-1,-1,7
48318999,0,45,-1,-1,4
48326559,29,21,-1,-1,4
48324936,25,2,-1,-1,4
48317142,40,27,-1,-1,5
48318340,3,55,-1,-1,2
48325846,45,52,-1,-1,0
48321708,52,16,-1,-1,7
48326238,25,10,-1,-1,7
48317832,2,4,-1,-1,7
48324341,50,53,-1,-1,6
48319831,43,3,-1,-1,5
48326749,50,55,-1,-1,2
48325636,23,28,-1,-1,3
48326453,14,16,-1,-1,2
48326199,13,19,-1,-1,3
48323214,52,8,-1,-1,1
48326034,30,6,-1,-1,2
48326638,19,30,-1,-1,4
48325504,32,24,-1,-1,2
48326683,8,25,-1,-1,2
48323668,30,26,-1,-1,7
48325333,11,28,-1,-1,6
48323484,21,47,-1,-1,1
48321813,3,50,-1,-1,5
48326268,52,36,-1,-1,4
48320031,43,32,-1,-1,1
48312455,56,33,-1,-1,1
48326498,58,35,-1,-1,0
48325923,13,37,-1,-1,4
48325953,18,5,-1,-1,1
48325157,11,39,-1,-1,0
48324365,11,54,-1,-1,3
48326227,27,33,-1,-1,4
48321246,45,38,-1,-1,1
48326787,47,41,-1,-1,4
48324782,58,5,-1,-1,0
48326124,31,10,-1,-1,0
48324832,41,17,-1,-1,2
48325257,38,28,-1,-1,2
48323268,20,9,-1,-1,2
48325719,1,12,-1,-1,0
48326414,1,19,-1,-1,7
48326494,13,42,-1,-1,1
48324675,58,36,-1,-1,7
48324802,16,48,-1,-1,7
48322629,47,23,-1,-1,4
48326412,33,38,-1,-1,3
48319099,33,20,-1,-1,2
48310225,46,50,-1,-1,4
48321927,18,49,-1,-1,6
48326828,10,32,-1,-1,4
48324471,31,27,-1,-1,1
48323695,14,43,-1,-1,2
48324398,41,18,-1,-1,1
48326852,45,29,-1,-1,4
48320994,13,12,-1,-1,4
48325449,45,6,-1,-1,6
48325571,53,29,-1,-1,2
48325462,37,34,-1,-1,3
48324910,15,38,-1,-1,1
48325872,52,42,-1,-1,7
48326789,13,10,-1,-1,3
48324334,7,24,-1,-1,2
48323529,16,2,-1,-1,2
48326842,51,24,-1,-1,1
48318826,30,58,-1,-1,2
48322876,50,42,-1,-1,4
48320748,23,57,-1,-1,5
48326593,51,21,-1,-1,4
48324976,9,6,-1,-1,6
48326575,56,11,-1,-1,0
48313645,56,15,-1,-1,5
48322829,43,35,-1,-1,3
48325402,46,26,-1,-1,4
48325469,43,41,-1,-1,6
48320709,43,58,-1,-1,6
48324917,22,17,-1,-1,3
48318541,43,1,-1,-1,2
48317929,6,30,-1,-1,1
48326254,17,6,-1,-1,0
48324228,24,35,-1,-1,4
48326058,41,51,-1,-1,5
48324342,9,57,-1,-1,6
48316755,9,33,-1,-1,5
48323564,16,34,-1,-1,0
48325714,56,18,-1,-1,5
48325237,32,18,-1,-1,6
48321808,31,39,-1,-1,5
48325325,19,54,-1,-1,5
48326394,8,27,-1,-1,3
48324203,22,52,-1,-1,6
48325751,26,44,-1,-1,0
48321288,48,27,-1,-1,5
48326043,26,37,-1,-1,0
48325775,28,27,-1,-1,0
48315876,19,46,-1,-1,1
48325297,40,5,-1,-1,2
48324455,13,41,-1,-1,0
48322461,31,8,-1,-1,7
48325282,35,13,-1,-1,5
48326440,4,25,-1,-1,0
48322248,6,20,-1,-1,0
48319059,19,29,-1,-1,5
48323782,48,40,-1,-1,6
48326946,38,40,-1,-1,5
48319698,42,30,-1,-1,7
48325810,22,24,-1,-1,7
48325934,11,23,-1,-1,1
48325959,3,29,-1,-1,3
48325399,5,36,-1,-1,7
48326662,45,2,-1,-1,0
48320560,47,13,-1,-1,0
48326140,47,54,-1,-1,7
48322941,26,7,-1,-1,4
48324993,24,24,-1,-1,4
48326403,39,36,-1,-1,1
48321636,29,45,-1,-1,4
48326076,37,15,-1,-1,6
48325076,34,51,-1,-1,5
48317347,52,33,-1,-1,3
48323947,11,8,-1,-1,6
48326340,21,32,-1,-1,2
48324534,9,51,-1,-1,1
48325977,22,38,-1,-1,1
48322542,52,11,-1,-1,0
48321942,50,16,-1,-1,2
48325260,33,22,-1,-1,2
48315888,32,38,-1,-1,4
48326548,25,6,-1,-1,5
48325965,46,54,-1,-1,6
48326108,28,16,-1,-1,0
48319771,2,22,-1,-1,1
48322966,51,22,-1,-1,6
48321518,14,3,-1,-1,5
48324672,26,23,-1,-1,3
48323860,15,12,-1,-1,5
48326513,4,56,-1,-1,5
48325586,45,22,-1,-1,1
48323480,2,37,-1,-1,0
48319423,8,44,-1,-1,0
48321370,44,46,-1,-1,6
48326957,1,43,-1,-1,1
48325294,13,22,-1,-1,4
48325191,34,15,-1,-1,2
48324265,9,35,-1,-1,6
48326081,20,37,-1,-1,3
48318469,38,30,-1,-1,0
48325413,30,10,-1,-1,7
48317742,46,33,-1,-1,0
48326539,26,14,-1,-1,5
48322174,57,18,-1,-1,1
48326646,22,3,-1,-1,3
48317250,52,41,-1,-1,0
48324003,19,31,-1,-1,1
48326519,35,20,-1,-1,4
48326566,43,46,-1,-1,2
48325705,26,10,-1,-1,0
48315126,0,14,-1,-1,4
48322249,12,23,-1,-1,0
48325132,41,7,-1,-1,6
48324210,2,1,-1,-1,4
48324609,4,21,-1,-1,3
48322680,45,32,-1,-1,6
48323518,50,25,-1,-1,1
48324496,2,18,-1,-1,7
48319014,33,44,-1,-1,2
48319567,48,31,-1,-1,0
48324336,54,32,-1,-1,3
48320016,14,19,-1,-1,4
48325485,54,28,-1,-1,5
48326353,2,44,-1,-1,6
48325271,39,25,-1,-1,5
48318513,15,46,-1,-1,6
48324938,19,50,-1,-1,6
48323032,6,10,-1,-1,0
48316389,9,32,-1,-1,3
48326383,49,15,-1,-1,5
48321635,15,30,-1,-1,2
48320659,51,35,-1,-1,3
48326717,40,51,-1,-1,1
48326673,27,45,-1,-1,2
48325752,34,43,-1,-1,2
48325823,7,31,-1,-1,5
48324523,20,17,-1,-1,3
48326212,35,40,-1,-1,7
48323586,40,36,-1,-1,7
48319926,25,27,-1,-1,7
48324480,47,30,-1,-1,2
48324630,48,8,-1,-1,4
48325431,30,34,-1,-1,6
48325288,45,23,-1,-1,0
48326250,35,15,-1,-1,4
48324360,16,35,-1,-1,7
48325863,32,30,-1,-1,2
48326225,45,21,-1,-1,5
48320522,8,23,-1,-1,6
48326259,28,30,-1,-1,2
48323558,2,54,-1,-1,3
48319029,30,9,-1,-1,7
48326558,21,22,-1,-1,7
48326847,0,7,-1,-1,4
48319416,10,28,-1,-1,7
48324690,55,44,-1,-1,4
48325804,26,56,-1,-1,3
48322184,34,45,-1,-1,4
48323475,56,40,-1,-1,1
48326899,17,35,-1,-1,2
48326595,1,6,-1,-1,3
48326147,8,41,-1,-1,2
48318195,55,23,-1,-1,1
48325924,24,8,-1,-1,2
48325203,11,5,-1,-1,7
48325545,5,3,-1,-1,1
48316391,24,34,-1,-1,0
48324696,16,36,-1,-1,3
48322886,46,22,-1,-1,7
48324819,12,6,-1,-1,5
48324664,5,6,-1,-1,1
48317392,39,43,-1,-1,6
48326516,36,50,-1,-1,1
48325067,52,34,-1,-1,0
48325427,37,43,-1,-1,5
48324270,12,29,-1,-1,4
48323247,43,49,-1,-1,3
48326287,30,29,-1,-1,4
48325829,27,31,-1,-1,6
48317842,37,56,-1,-1,2
48325534,39,52,-1,-1,6
48322964,2,0,-1,-1,2
48326209,57,26,-1,-1,3
48326758,22,12,-1,-1,1
48325285,32,16,-1,-1,4
48326099,1,36,-1,-1,0
48310095,47,51,-1,-1,5
48322612,50,45,-1,-1,7
48314959,34,53,-1,-1,1
48325411,56,55,-1,-1,0
48326246,35,14,-1,-1,5
48324423,10,35,-1,-1,0
48321175,28,34,-1,-1,6
48322224,50,38,-1,-1,6
48319820,27,1,-1,-1,2
48321616,7,55,-1,-1,4
48326774,45,39,-1,-1,4
48326849,3,58,-1,-1,6
48322961,17,34,-1,-1,3
48312716,49,31,-1,-1,7
48320360,25,53,-1,-1,2
48323319,1,24,-1,-1,5
48320777,0,23,-1,-1,4
48326449,41,49,-1,-1,1
48323464,47,50,-1,-1,2
48325377,3,49,-1,-1,3
48326387,2,33,-1,-1,5
48325902,34,48,-1,-1,5
48324253,22,47,-1,-1,1
48318223,14,49,-1,-1,4
48324524,9,30,-1,-1,0
48323527,25,15,-1,-1,5
48325832,38,41,-1,-1,5
48322566,15,18,-1,-1,6
48324977,34,32,-1,-1,2
48326851,51,40,-1,-1,3
48326205,35,48,-1,-1,3
48326935,24,44,-1,-1,4
48325395,53,44,-1,-1,3
48321730,45,43,-1,-1,6
48325498,32,11,-1,-1,5
48324432,12,4,-1,-1,2
48326532,51,3,-1,-1,3
48326687,46,37,-1,-1,7
48326346,58,40,-1,-1,5
48325943,11,29,-1,-1,2
48311294,15,39,-1,-1,7
48325757,26,16,-1,-1,6
48317719,13,29,-1,-1,3
48318147,29,41,-1,-1,4
48314549,58,24,-1,-1,5
48323607,47,28,-1,-1,3
48321801,40,23,-1,-1,3
48326940,12,27,-1,-1,2
48320897,4,30,-1,-1,4
48321496,51,45,-1,-1,2
48326276,25,48,-1,-1,7
48322758,44,35,-1,-1,1
48324624,1,50,-1,-1,5
48324881,23,1,-1,-1,3
48325857,22,36,-1,-1,4
48323366,6,57,-1,-1,6
48321577,16,14,-1,-1,6
48326837,23,33,-1,-1,3
48326153,4,44,-1,-1,1
48326488,36,8,-1,-1,2
48325049,49,0,-1,-1,4
48322152,21,56,-1,-1,1
48326701,46,38,-1,-1,3
48324187,29,32,-1,-1,6
48326671,45,42,-1,-1,0
48317773,49,57,-1,-1,3
48326590,19,12,-1,-1,0
48324853,47,42,-1,-1,5
48326883,12,45,-1,-1,1
48325849,54,17,-1,-1,5
48325478,44,8,-1,-1,5
48325471,11,12,-1,-1,4
48323147,32,26,-1,-1,7
48326908,24,52,-1,-1,1
48325445,2,21,-1,-1,5
48324362,9,22,-1,-1,5
48326093,29,51,-1,-1,2
48326770,38,56,-1,-1,3
48320649,18,53,-1,-1,7
48326792,42,56,-1,-1,3
48324701,27,39,-1,-1,2
48318699,46,1,-1,-1,7
48308110,57,40,-1,-1,2
48323802,18,11,-1,-1,3
48326431,28,21,-1,-1,6
48307987,53,47,-1,-1,1
48326930,15,31,-1,-1,6
48326754,40,11,-1,-1,0
48325467,10,0,-1,-1,6
48326056,17,42,-1,-1,2
48325970,51,7,-1,-1,0
48326886,27,28,-1,-1,5
48311450,40,1,-1,-1,7
48306838,6,18,-1,-1,1
48326310,33,35,-1,-1,1
48323338,55,25,-1,-1,0
48314706,37,37,-1,-1,2
48312578,57,23,-1,-1,4
48325038,31,46,-1,-1,5
48320420,52,25,-1,-1,3
48317909,30,51,-1,-1,7
48322761,32,45,-1,-1,6
48324181,38,13,-1,-1,6
48323358,3,53,-1,-1,6
48323166,33,41,-1,-1,4
48323036,24,17,-1,-1,2
48324933,34,19,-1,-1,1
48321287,11,52,-1,-1,0
48323408,55,24,-1,-1,7
48324982,25,33,-1,-1,1
48323778,39,12,-1,-1,0
48321590,9,53,-1,-1,1
48322107,2,10,-1,-1,1
48322321,54,40,-1,-1,5
48322599,41,25,-1,-1,5
48325514,0,38,-1,-1,2
48323331,18,22,-1,-1,3
48324774,28,33,-1,-1,4
48326951,35,28,-1,-1,6
48324329,35,49,-1,-1,7
48322937,2,55,-1,-1,7
48326258,16,21,-1,-1,0
48324485,14,29,-1,-1,5
48324792,40,40,-1,-1,4
48317375,4,20,-1,-1,4
48325181,14,44,-1,-1,4
48317709,27,34,-1,-1,0
48325786,20,48,-1,-1,2
48316863,56,56,-1,-1,4
48323953,36,31,-1,-1,3
48323759,52,5,-1,-1,0
48319388,0,3,-1,-1,3
48313989,42,54,-1,-1,0
48326739,44,21,-1,-1,1
48317894,33,27,-1,-1,6
48322686,41,44,-1,-1,5
48317071,49,25,-1,-1,7
48324877,43,12,-1,-1,1
48323396,21,9,-1,-1,5
48326337,39,23,-1,-1,2
48326667,5,9,-1,-1,0
48321109,36,53,-1,-1,2
48326802,15,11,-1,-1,5
48325731,34,8,-1,-1,4
48326611,5,28,-1,-1,3
48326045,39,19,-1,-1,0
48326436,8,7,-1,-1,0
48325275,47,45,-1,-1,4
48325827,15,36,-1,-1,7
48324344,1,7,-1,-1,5
48326297,37,21,-1,-1,1
48325644,10,11,-1,-1,2
48318694,30,2,-1,-1,1
48322622,39,17,-1,-1,0
48326003,8,36,-1,-1,3
48324827,56,28,-1,-1,5
48324543,30,15,-1,-1,1
48325484,8,38,-1,-1,3
48322625,45,16,-1,-1,2
48324550,6,54,-1,-1,2
48322247,58,12,-1,-1,5
48317003,46,16,-1,-1,2
48323869,56,41,-1,-1,4
48326551,29,11,-1,-1,7
48318076,22,45,-1,-1,3
48315948,1,21,-1,-1,0
48321156,3,15,-1,-1,1
48326235,16,45,-1,-1,1
48325682,25,36,-1,-1,7
48326727,23,7,-1,-1,5
48324063,28,10,-1,-1,2
48325980,43,48,-1,-1,0
48325949,15,33,-1,-1,0
48317506,14,34,-1,-1,2
48325691,40,32,-1,-1,7
48322093,10,17,-1,-1,4
48325320,38,39,-1,-1,0
48325800,52,50,-1,-1,6
48325914,27,18,-1,-1,1
48325784,46,52,-1,-1,6
48323483,11,37,-1,-1,3
48326279,51,52,-1,-1,7
48326137,15,24,-1,-1,3
48318873,4,24,-1,-1,1
48326478,34,29,-1,-1,1
48325957,27,41,-1,-1,5
48319715,54,20,-1,-1,6
48326052,56,53,-1,-1,2
48323638,13,46,-1,-1,2
48318660,7,56,-1,-1,2
48322784,21,1,-1,-1,4
48324926,42,23,-1,-1,7
48325447,51,12,-1,-1,0
48326619,24,32,-1,-1,3
48322460,38,43,-1,-1,0
48323245,58,54,-1,-1,4
48321905,6,36,-1,-1,0
48318702,2,5,-1,-1,5
48325095,17,21,-1,-1,3
48324529,41,29,-1,-1,3
48326752,55,49,-1,-1,7
48326186,21,34,-1,-1,3
48325176,53,43,-1,-1,4
48324446,45,30,-1,-1,3
48325567,43,13,-1,-1,7
48321904,12,21,-1,-1,0
48323579,5,37,-1,-1,5
48326707,27,2,-1,-1,4
48321176,26,29,-1,-1,3
48320914,21,31,-1,-1,3
48322096,10,15,-1,-1,6
48325700,54,30,-1,-1,3
48326953,24,38,-1,-1,1
48326493,34,6,-1,-1,5
48323542,38,3,-1,-1,1
48326484,5,13,-1,-1,2
48325161,52,38,-1,-1,2
48326126,33,8,-1,-1,1
48324741,22,10,-1,-1,5
48326063,44,24,-1,-1,0
48321989,57,2,-1,-1,0
48321663,54,24,-1,-1,3
48326256,18,57,-1,-1,2
48325489,21,21,-1,-1,2
48325852,44,37,-1,-1,0
48318396,13,18,-1,-1,2
48321851,52,43,-1,-1,1
48326696,46,29,-1,-1,0
48326260,5,46,-1,-1,7
48325893,9,27,-1,-1,5
48324349,34,37,-1,-1,5
48315925,22,8,-1,-1,5
48323749,29,56,-1,-1,3
48323379,53,57,-1,-1,5
48326868,51,23,-1,-1,3
48325371,9,43,-1,-1,0
48323776,6,11,-1,-1,6
48325618,43,36,-1,-1,1
48325912,21,0,-1,-1,6
48325457,11,57,-1,-1,7
48325654,24,25,-1,-1,1
48318473,45,15,-1,-1,0
48322737,34,25,-1,-1,3
48322720,19,36,-1,-1,2
48322759,33,55,-1,-1,6
48317467,35,53,-1,-1,1
48320410,56,54,-1,-1,6
48325735,22,2,-1,-1,2
48319213,11,55,-1,-1,0
48325233,49,34,-1,-1,5
48324683,7,6,-1,-1,1
48324595,21,46,-1,-1,7
48325995,50,10,-1,-1,1
48322291,32,57,-1,-1,4
48325541,4,5,-1,-1,6
48325722,9,21,-1,-1,2
48321263,19,24,-1,-1,7
48319480,55,29,-1,-1,4
48325156,46,28,-1,-1,6
48324685,27,12,-1,-1,0
48326617,53,15,-1,-1,6
48323672,7,36,-1,-1,2
48324626,39,55,-1,-1,6
48325704,41,14,-1,-1,3
48324863,54,16,-1,-1,5
48324130,44,41,-1,-1,2
48324978,45,10,-1,-1,3
48324472,1,46,-1,-1,7
48324376,9,58,-1,-1,6
48322445,10,42,-1,-1,1
48323389,10,47,-1,-1,7
48325172,37,12,-1,-1,1
48318108,49,36,-1,-1,1
48318006,28,14,-1,-1,0
48324280,21,39,-1,-1,7
48323007,1,4,-1,-1,6
48316435,33,56,-1,-1,0
48321241,18,29,-1,-1,0
48325208,9,16,-1,-1,1
48319004,51,46,-1,-1,4
48322330,45,46,-1,-1,4
48323072,49,33,-1,-1,1
48326820,28,32,-1,-1,0
48326804,32,4,-1,-1,5
48326155,56,43,-1,-1,7
48326577,24,53,-1,-1,7
48326211,17,24,-1,-1,0
48323150,20,57,-1,-1,0
48321972,52,23,-1,-1,5
48321029,57,54,-1,-1,5
48312452,8,47,-1,-1,5
48324950,54,15,-1,-1,1
48320448,47,18,-1,-1,7
48326491,10,50,-1,-1,2
48323139,44,6,-1,-1,2
48324272,36,29,-1,-1,7
48325859,6,12,-1,-1,2
48323444,40,0,-1,-1,4
48310929,35,19,-1,-1,2
48320771,6,6,-1,-1,6
48326843,42,48,-1,-1,4
48324498,31,21,-1,-1,7
48325290,24,23,-1,-1,6
48323182,26,28,-1,-1,1
48325663,5,58,-1,-1,6
48325576,53,19,-1,-1,1
48326284,8,13,-1,-1,2
48326079,16,8,-1,-1,1
48324246,37,25,-1,-1,7
48315902,47,1,-1,-1,5
48326033,41,35,-1,-1,5
48316818,35,50,-1,-1,3
48322780,29,50,-1,-1,7
48316700,46,51,-1,-1,4
48326303,31,20,-1,-1,4
48325344,47,47,-1,-1,2
48317044,10,1,-1,-1,1
48323320,18,52,-1,-1,4
48326738,42,3,-1,-1,6
48325343,30,12,-1,-1,0
48321321,54,52,-1,-1,4
48310963,42,27,-1,-1,7
48323969,41,36,-1,-1,3
48319258,1,48,-1,-1,4
48325137,3,23,-1,-1,1
48319606,27,23,-1,-1,5
48322073,43,9,-1,-1,2
48318423,43,37,-1,-1,0
48319537,37,3,-1,-1,5
48324231,58,30,-1,-1,0
48323125,13,53,-1,-1,5
48324688,29,22,-1,-1,7
48323956,22,33,-1,-1,1
48325244,54,4,-1,-1,1
48321049,39,22,-1,-1,1
48323365,44,36,-1,-1,5
48324902,40,42,-1,-1,5
48326594,42,1,-1,-1,3
48325212,53,32,-1,-1,3
48322060,11,20,-1,-1,5
48326720,23,52,-1,-1,5
48325220,55,33,-1,-1,1
48322575,53,46,-1,-1,1
48318240,30,41,-1,-1,1
48323330,37,39,-1,-1,2
48320492,47,29,-1,-1,1
48324473,37,0,-1,-1,6
48324139,48,20,-1,-1,2
48324173,43,57,-1,-1,5
48326392,27,11,-1,-1,4
48323909,53,2,-1,-1,3
48323189,6,49,-1,-1,0
48323979,0,52,-1,-1,2
48314735,48,23,-1,-1,1
48321612,48,58,-1,-1,1
48326645,53,3,-1,-1,0
48321969,29,25,-1,-1,2
48326844,13,8,-1,-1,5
48324199,26,42,-1,-1,7
48325899,14,36,-1,-1,3
48321151,23,49,-1,-1,5
48324285,45,0,-1,-1,6
48325729,2,36,-1,-1,1
48326388,0,57,-1,-1,4
48319237,39,37,-1,-1,7
48319518,10,25,-1,-1,0
48313637,14,57,-1,-1,0
48323574,45,13,-1,-1,4
48324749,57,1,-1,-1,5
48320609,27,27,-1,-1,6
48324393,20,29,-1,-1,2
48324441,48,36,-1,-1,1
48322020,3,7,-1,-1,5
48323963,55,15,-1,-1,7
48325216,49,11,-1,-1,6
48319305,26,35,-1,-1,1
48321206,1,51,-1,-1,5
48325029,0,2,-1,-1,4
48324856,21,2,-1,-1,0
48321728,10,24,-1,-1,3
48323405,21,3,-1,-1,7
48325988,45,24,-1,-1,5
48323462,49,52,-1,-1,1
48322133,10,49,-1,-1,7
48324700,21,36,-1,-1,2
48326506,40,14,-1,-1,5
48319016,56,50,-1,-1,3
48325262,14,11,-1,-1,4
48325165,48,34,-1,-1,4
48316483,49,39,-1,-1,1
48326196,22,6,-1,-1,2
48315098,46,32,-1,-1,7
48324370,50,30,-1,-1,1
48318643,0,9,-1,-1,0
48325694,15,22,-1,-1,7
48324840,28,37,-1,-1,1
48324211,50,18,-1,-1,6
48325166,20,6,-1,-1,4
48320696,20,0,-1,-1,6
48325656,25,39,-1,-1,4
48325355,14,12,-1,-1,2
48324239,6,46,-1,-1,1
48316941,25,50,-1,-1,6
48326005,46,10,-1,-1,5
48324564,37,55,-1,-1,0
48325870,24,15,-1,-1,4
48315893,50,20,-1,-1,1
48325847,30,46,-1,-1,7
48317970,58,6,-1,-1,4
48325540,55,47,-1,-1,3
48320865,33,51,-1,-1,7
48322975,42,41,-1,-1,1
48325167,17,3,-1,-1,3
48323171,47,52,-1,-1,5
48325000,26,47,-1,-1,6
48322502,0,53,-1,-1,2
48325032,34,54,-1,-1,0
48326462,4,45,-1,-1,7
48323781,29,27,-1,-1,5
48319297,12,34,-1,-1,7
48324103,27,3,-1,-1,7
48320602,48,47,-1,-1,5
48324236,20,20,-1,-1,0
48318673,7,53,-1,-1,2
48325398,27,56,-1,-1,7
48326398,35,37,-1,-1,6
48325334,7,30,-1,-1,4
48325309,18,32,-1,-1,1
48326557,30,17,-1,-1,1
48325770,26,31,-1,-1,7
48325582,49,43,-1,-1,1
48322189,31,30,-1,-1,6
48315980,48,37,-1,-1,2
48326314,54,27,-1,-1,6
48323037,57,9,-1,-1,2
48317516,10,56,-1,-1,6
48326237,17,32,-1,-1,3
48323449,41,32,-1,-1,5
48320469,8,29,-1,-1,0
48326500,47,8,-1,-1,2
48326708,25,35,-1,-1,0
48325242,50,44,-1,-1,7
48320076,4,46,-1,-1,5
48322016,33,43,-1,-1,5
48324635,44,14,-1,-1,4
48326688,7,57,-1,-1,1
48325219,50,15,-1,-1,4
48320853,38,7,-1,-1,1
48311667,15,17,-1,-1,3
48324293,57,50,-1,-1,5
48324363,14,20,-1,-1,1
48326131,44,23,-1,-1,7
48325997,8,17,-1,-1,4
48325375,48,33,-1,-1,7
48324146,41,16,-1,-1,5
48325452,6,38,-1,-1,1
48316914,52,15,-1,-1,6
48311838,50,32,-1,-1,1
48321504,33,28,-1,-1,1
48324927,6,13,-1,-1,5
48326578,2,9,-1,-1,6
48324875,32,12,-1,-1,3
48324867,58,46,-1,-1,4
48321807,7,4,-1,-1,1
48323883,46,21,-1,-1,0
48322264,47,32,-1,-1,2
48325041,17,17,-1,-1,0
48325897,50,36,-1,-1,4
48315722,35,22,-1,-1,5
48323110,14,0,-1,-1,5
48324274,2,42,-1,-1,2
48323106,38,38,-1,-1,6
48326460,38,18,-1,-1,4
48322527,5,8,-1,-1,2
48320051,19,17,-1,-1,6
48324669,34,26,-1,-1,1
48322087,55,45,-1,-1,5
48324332,58,53,-1,-1,7
48326597,9,7,-1,-1,4
48325247,6,51,-1,-1,1
48325587,1,16,-1,-1,2
48325386,30,50,-1,-1,7
48311628,19,53,-1,-1,6
48326328,35,26,-1,-1,4
48322245,38,25,-1,-1,2
48320256,53,4,-1,-1,0
48325885,47,14,-1,-1,6
48321098,45,37,-1,-1,0
48323006,3,33,-1,-1,2
48326748,29,40,-1,-1,6
48324410,32,40,-1,-1,7
48325007,27,49,-1,-1,7
48323965,57,57,-1,-1,1
48324078,31,57,-1,-1,4
48318161,56,26,-1,-1,6
48325461,39,10,-1,-1,2
48324499,46,8,-1,-1,3
48326880,52,51,-1,-1,2
48324481,16,12,-1,-1,0
48326293,8,33,-1,-1,4
48326934,29,23,-1,-1,6
48318928,32,20,-1,-1,6
48326546,11,46,-1,-1,4
48326923,46,40,-1,-1,2
48319749,4,29,-1,-1,1
48326605,11,27,-1,-1,7
48326378,8,22,-1,-1,6
48326344,48,50,-1,-1,2
48317867,21,26,-1,-1,1
48325299,9,38,-1,-1,3
48326191,43,21,-1,-1,6
48325879,17,57,-1,-1,3
48325754,8,57,-1,-1,6
48321901,27,24,-1,-1,3
48325922,38,16,-1,-1,3
48318835,52,47,-1,-1,6
48318209,56,49,-1,-1,0
48325189,34,52,-1,-1,3
48325390,7,25,-1,-1,2
48323625,48,41,-1,-1,1
48321652,53,36,-1,-1,2
48325794,48,7,-1,-1,1
48325711,32,14,-1,-1,7
48318803,17,47,-1,-1,5
48326913,17,18,-1,-1,4
48325164,10,8,-1,-1,5
48312798,1,28,-1,-1,6
48324777,49,51,-1,-1,3
48320545,56,10,-1,-1,1
48318540,40,33,-1,-1,1
48326183,15,25,-1,-1,2
48326213,0,31,-1,-1,4
48325640,28,48,-1,-1,4
48326366,14,9,-1,-1,1
48319353,12,36,-1,-1,7
48304860,20,45,-1,-1,2
48326222,39,1,-1,-1,2
48325022,6,55,-1,-1,3
48322892,17,56,-1,-1,6
48324861,53,45,-1,-1,4
48324839,45,20,-1,-1,6
48319587,30,16,-1,-1,4
48325224,25,18,-1,-1,5
48319738,30,38,-1,-1,0
48325562,48,13,-1,-1,6
48326955,48,52,-1,-1,3
48325475,24,1,-1,-1,0
48314880,5,45,-1,-1,0
48321671,22,58,-1,-1,0
48325210,2,38,-1,-1,1
48325068,14,39,-1,-1,4
48324343,1,9,-1,-1,2
48323544,12,52,-1,-1,7
48323288,38,42,-1,-1,2
48322332,31,52,-1,-1,3
48323227,7,13,-1,-1,1
48321085,39,42,-1,-1,3
48312503,38,54,-1,-1,4
48326876,37,40,-1,-1,6
48321285,32,43,-1,-1,5
48322577,1,22,-1,-1,3
48302053,37,49,-1,-1,2
48321876,13,58,-1,-1,1
48325432,4,16,-1,-1,5
48324212,21,37,-1,-1,0
48319669,20,51,-1,-1,7
48325992,1,10,-1,-1,7
48324692,16,19,-1,-1,0
48325918,22,7,-1,-1,0
48322994,39,31,-1,-1,7
48325316,44,50,-1,-1,6
48325503,31,18,-1,-1,2
48323485,10,12,-1,-1,0
48315863,47,9,-1,-1,6
48324745,34,17,-1,-1,5
48322444,55,56,-1,-1,3
48320177,5,27,-1,-1,6
48326618,54,33,-1,-1,6
48326526,23,39,-1,-1,0
48326234,20,26,-1,-1,6
48319073,23,25,-1,-1,7
48321057,9,50,-1,-1,3
48324643,48,28,-1,-1,2
48326395,47,37,-1,-1,2
48325928,52,56,-1,-1,4
48325651,10,34,-1,-1,1
48326536,30,27,-1,-1,3
48326290,27,44,-1,-1,5
48321253,12,28,-1,-1,7
48326832,46,58,-1,-1,2
48317213,46,3,-1,-1,3
48321386,40,29,-1,-1,5
48326095,19,44,-1,-1,4
48312465,9,46,-1,-1,7
48326409,6,53,-1,-1,5
48325710,12,12,-1,-1,2
48325824,44,10,-1,-1,1
48318809,0,34,-1,-1,3
48322140,46,36,-1,-1,2
48324767,15,16,-1,-1,5
48325173,57,24,-1,-1,2
48324596,27,38,-1,-1,2
48325424,57,16,-1,-1,2
48326731,12,26,-1,-1,6
48325551,29,36,-1,-1,2
48326840,27,53,-1,-1,7
48319647,43,52,-1,-1,1
48326381,10,18,-1,-1,0
48325519,36,51,-1,-1,7
48325381,50,9,-1,-1,5
48324995,24,41,-1,-1,0
48326780,44,27,-1,-1,0
48324330,13,16,-1,-1,2
48322115,45,57,-1,-1,4
48326400,39,3,-1,-1,7
48324284,19,43,-1,-1,5
48323353,38,47,-1,-1,4
48316749,2,40,-1,-1,3
48326448,21,15,-1,-1,2
48325778,34,24,-1,-1,0
48326718,45,48,-1,-1,2
48326496,8,45,-1,-1,0
48314476,43,40,-1,-1,7
48325004,9,56,-1,-1,2
48323299,21,12,-1,-1,0
48326592,33,23,-1,-1,6
48323903,50,41,-1,-1,1
48326668,29,58,-1,-1,0
48326554,22,26,-1,-1,6
48325542,1,32,-1,-1,1
48326939,9,9,-1,-1,1
48321100,24,4,-1,-1,4
48326192,29,1,-1,-1,0
48324930,37,45,-1,-1,2
48321240,36,45,-1,-1,7
48318779,42,36,-1,-1,0
48324656,42,17,-1,-1,1
48326702,34,14,-1,-1,5
48320745,24,0,-1,-1,5
48322943,13,39,-1,-1,1
48322021,41,31,-1,-1,1
48325894,11,44,-1,-1,4
48315078,12,56,-1,-1,5
48326663,46,49,-1,-1,0
48325950,32,9,-1,-1,2
48325065,9,4,-1,-1,5
48324572,5,16,-1,-1,4
48325433,12,43,-1,-1,0
48324679,37,48,-1,-1,3
48319901,50,5,-1,-1,3
48323654,42,51,-1,-1,5
48322696,21,18,-1,-1,3
48320470,53,0,-1,-1,2
48325695,25,51,-1,-1,6
48322775,25,23,-1,-1,1
48326775,55,10,-1,-1,4
48323421,11,15,-1,-1,7
48321857,14,54,-1,-1,5
48316965,6,42,-1,-1,1
48318178,21,28,-1,-1,3
48313815,57,37,-1,-1,1
48320046,12,42,-1,-1,6
48324038,41,50,-1,-1,1
48318822,18,37,-1,-1,3
48326643,46,11,-1,-1,1
48324380,27,46,-1,-1,6
48323226,37,14,-1,-1,5
48324259,22,53,-1,-1,1
48324395,4,4,-1,-1,6
48323701,17,15,-1,-1,6
48310039,53,50,-1,-1,3
48321407,52,29,-1,-1,7
48324050,29,20,-1,-1,6
48325486,0,42,-1,-1,0
48319684,20,1,-1,-1,0
48321051,39,35,-1,-1,4
48323734,58,10,-1,-1,6
48325634,18,6,-1,-1,4
48322380,37,17,-1,-1,4
48323068,33,37,-1,-1,5
48322947,27,54,-1,-1,2
48322796,1,35,-1,-1,5
48325821,15,14,-1,-1,4
48326677,4,22,-1,-1,6
48325745,7,11,-1,-1,1
48316919,13,3,-1,-1,2
48325692,35,34,-1,-1,7
48324299,6,33,-1,-1,3
48325134,47,25,-1,-1,7
48322677,41,38,-1,-1,0
48325437,46,47,-1,-1,3
48325177,58,26,-1,-1,7
48323864,7,14,-1,-1,4
48326156,48,18,-1,-1,1
48320257,6,34,-1,-1,3
48312236,55,8,-1,-1,1
48325793,51,39,-1,-1,5
48313282,41,30,-1,-1,0
48326393,23,45,-1,-1,5
48325569,13,47,-1,-1,4
48323473,29,12,-1,-1,7
48321429,42,32,-1,-1,5
48323741,5,40,-1,-1,7
48325033,24,12,-1,-1,5
48322734,13,38,-1,-1,1
48320097,32,48,-1,-1,7
48325415,10,22,-1,-1,1
48326168,1,30,-1,-1,6
48314164,15,55,-1,-1,1
48326193,20,8,-1,-1,4
48324055,14,41,-1,-1,4
48324250,46,46,-1,-1,4
48321883,51,53,-1,-1,4
48325913,14,7,-1,-1,4
48324536,58,11,-1,-1,7
48326684,37,36,-1,-1,7
48319961,37,32,-1,-1,0
48316451,13,57,-1,-1,2
48323466,3,39,-1,-1,0
48324447,31,5,-1,-1,5
48318530,13,2,-1,-1,2
48326926,57,52,-1,-1,1
48323710,46,0,-1,-1,3
48324684,51,19,-1,-1,6
48326007,26,36,-1,-1,2
48320390,55,53,-1,-1,1
48326221,21,49,-1,-1,3
48318479,39,11,-1,-1,6
48322000,35,0,-1,-1,4
48326681,5,26,-1,-1,1
48326628,44,11,-1,-1,5
48323573,54,11,-1,-1,6
48322276,20,25,-1,-1,3
48326146,15,45,-1,-1,2
48318341,4,2,-1,-1,1
48324904,45,55,-1,-1,5
48307791,7,54,-1,-1,6
48325952,38,8,-1,-1,0
48324763,55,46,-1,-1,0
48324171,55,37,-1,-1,6
48317658,51,49,-1,-1,2
48324746,16,30,-1,-1,6
48320740,50,4,-1,-1,4
48326090,32,5,-1,-1,2
48325744,13,26,-1,-1,5
48323107,12,13,-1,-1,0
48322205,21,53,-1,-1,4
48317672,58,3,-1,-1,7
48317241,18,10,-1,-1,4
48322695,15,10,-1,-1,5
48324004,53,30,-1,-1,7
48325317,53,24,-1,-1,1
48323894,39,16,-1,-1,4
48321595,25,19,-1,-1,6
48326163,4,15,-1,-1,1
48323545,33,24,-1,-1,1
48326433,51,20,-1,-1,0
48324898,18,39,-1,-1,6
48323948,13,52,-1,-1,7
48321657,38,37,-1,-1,2
48325637,47,15,-1,-1,5
48324562,27,8,-1,-1,7
48322091,40,28,-1,-1,6
48326304,40,46,-1,-1,5
48325245,34,41,-1,-1,5
48322938,11,21,-1,-1,5
48326411,10,9,-1,-1,6
48322228,28,2,-1,-1,7
48324663,10,44,-1,-1,2
48324262,30,30,-1,-1,7
48325133,11,30,-1,-1,3
48323801,36,56,-1,-1,3
48317385,2,53,-1,-1,2
48326435,25,3,-1,-1,3
48318010,40,52,-1,-1,1
48326202,1,58,-1,-1,7
48326036,55,50,-1,-1,1
48323622,15,54,-1,-1,3
48326208,34,9,-1,-1,2
48323021,34,28,-1,-1,4
48319691,56,48,-1,-1,0
48324522,8,18,-1,-1,1
48326464,4,1,-1,-1,3
48319011,35,31,-1,-1,1
48325474,2,46,-1,-1,1
48324438,10,48,-1,-1,5
48326599,3,56,-1,-1,0
48318737,13,48,-1,-1,1
48326753,52,14,-1,-1,0
48324267,54,35,-1,-1,6
48323240,6,37,-1,-1,5
48325616,5,48,-1,-1,3
48324762,7,28,-1,-1,7
48324109,6,16,-1,-1,7
48324740,14,10,-1,-1,5
48324071,51,48,-1,-1,6
48320064,42,20,-1,-1,2
48325789,33,25,-1,-1,5
48326906,58,1,-1,-1,4
48324889,33,5,-1,-1,3
48323030,27,43,-1,-1,3
48326525,1,55,-1,-1,1
48320697,28,56,-1,-1,4
48323797,34,57,-1,-1,2
48326061,12,51,-1,-1,4
48322991,20,58,-1,-1,7
48323155,29,2,-1,-1,0
48324107,54,10,-1,-1,7
48326656,40,49,-1,-1,7
48323875,18,14,-1,-1,6
48323746,11,33,-1,-1,3
48324070,25,24,-1,-1,3
48324487,1,47,-1,-1,4
48326626,23,21,-1,-1,7
48317673,42,40,-1,-1,0
48326657,14,32,-1,-1,6
48323666,39,34,-1,-1,7
48313866,26,55,-1,-1,2
48323395,1,38,-1,-1,2
48325526,31,0,-1,-1,6
48322850,54,18,-1,-1,6
48318935,12,18,-1,-1,6
48324016,56,4,-1,-1,4
48326700,36,2,-1,-1,7
48325580,2,3,-1,-1,4
48318695,36,41,-1,-1,0
48324131,3,16,-1,-1,0
48323973,14,2,-1,-1,6
48326022,37,28,-1,-1,5
48324768,30,3,-1,-1,2
48320418,39,4,-1,-1,2
48326836,54,0,-1,-1,2
48316367,25,26,-1,-1,4
48326356,11,40,-1,-1,1
48325042,35,6,-1,-1,0
48322744,23,2,-1,-1,6
48325031,23,4,-1,-1,3
48326689,10,43,-1,-1,1
48326761,2,29,-1,-1,7
48326325,10,7,-1,-1,2
48321107,55,12,-1,-1,7
48326901,34,30,-1,-1,5
48324923,14,56,-1,-1,5
48326555,38,15,-1,-1,2
48326106,46,30,-1,-1,0
48324897,51,43,-1,-1,3
48321834,42,50,-1,-1,0
48325867,37,33,-1,-1,7
48323811,58,8,-1,-1,6
48325019,39,26,-1,-1,4
48324812,7,0,-1,-1,2
48317967,37,41,-1,-1,4
48326068,55,41,-1,-1,3
48326165,4,47,-1,-1,0
48311161,7,48,-1,-1,7
48318563,27,48,-1,-1,4
48322240,58,50,-1,-1,0
48320606,49,18,-1,-1,1
48320058,3,0,-1,-1,5
48323721,2,43,-1,-1,6
48325302,14,46,-1,-1,2
48323812,19,45,-1,-1,0
48322848,38,0,-1,-1,5
48325338,10,14,-1,-1,5
48324097,7,19,-1,-1,2
48324558,49,56,-1,-1,0
48305320,0,15,-1,-1,3
48326845,8,54,-1,-1,3
48325818,5,12,-1,-1,6
48317490,22,18,-1,-1,3
48326782,50,31,-1,-1,5
48326949,20,49,-1,-1,6
48319285,43,56,-1,-1,0
48315846,7,51,-1,-1,2
48326669,28,15,-1,-1,2
48326919,30,23,-1,-1,0
48316503,26,0,-1,-1,5
48324277,30,54,-1,-1,6
48326047,43,6,-1,-1,1
48325771,50,35,-1,-1,4
48322760,54,25,-1,-1,5
48325023,17,5,-1,-1,2
48326359,35,1,-1,-1,2
48323199,17,26,-1,-1,3
48323411,54,1,-1,-1,7
48325971,27,17,-1,-1,0
48326746,21,45,-1,-1,2
48324674,30,47,-1,-1,6
48322901,25,16,-1,-1,1
48323017,45,3,-1,-1,0
48324931,35,10,-1,-1,1
48324964,53,53,-1,-1,0
48325481,11,17,-1,-1,7
48320922,2,52,-1,-1,0
48326942,36,12,-1,-1,7
48325265,13,43,-1,-1,0
48324258,53,12,-1,-1,2
48323966,30,43,-1,-1,6
48322672,20,21,-1,-1,7
48321995,7,33,-1,-1,6
48326154,19,21,-1,-1,1
48325889,15,41,-1,-1,0
48325994,0,0,-1,-1,3
48326600,2,45,-1,-1,5
48324183,43,26,-1,-1,4
48320981,33,49,-1,-1,5
48321334,0,10,-1,-1,4
48322664,32,39,-1,-1,2
48322232,24,27,-1,-1,1
48326438,36,33,-1,-1,6
48325748,41,12,-1,-1,6
48313385,13,28,-1,-1,4
48325188,13,21,-1,-1,3
48325046,21,54,-1,-1,7
48325083,46,12,-1,-1,1
48326407,24,46,-1,-1,6
48323665,19,15,-1,-1,0
48324755,4,18,-1,-1,5
48326703,39,50,-1,-1,6
48322548,42,14,-1,-1,2
48323160,44,22,-1,-1,0
48326064,52,39,-1,-1,4
48324905,26,1,-1,-1,1
48314891,35,43,-1,-1,5
48322270,29,19,-1,-1,2
48324057,34,58,-1,-1,7
48325050,56,24,-1,-1,6
48325009,54,19,-1,-1,6
48324616,24,31,-1,-1,4
48326627,42,55,-1,-1,3
48324493,41,27,-1,-1,1
48326152,4,36,-1,-1,3
48324067,39,14,-1,-1,6
48325696,2,56,-1,-1,4
48325806,43,27,-1,-1,7
48324269,3,10,-1,-1,4
48325626,43,5,-1,-1,6
48326924,11,6,-1,-1,1
48324541,56,38,-1,-1,5
48319766,1,18,-1,-1,1
48325969,21,20,-1,-1,0
48319441,49,1,-1,-1,2
48324850,6,41,-1,-1,0
48314620,57,0,-1,-1,6
48326950,27,21,-1,-1,3
48324652,24,45,-1,-1,2
48326938,49,13,-1,-1,0
48326066,28,47,-1,-1,3
48323522,16,54,-1,-1,7
48326053,11,56,-1,-1,3
48326386,28,58,-1,-1,6
48316604,44,56,-1,-1,6
48311718,15,48,-1,-1,1
48319288,29,55,-1,-1,1
48326857,32,19,-1,-1,3
48323532,28,31,-1,-1,2
48326721,3,52,-1,-1,1
48325170,40,38,-1,-1,3
48322857,8,51,-1,-1,2
48326764,0,29,-1,-1,4
48325154,56,22,-1,-1,1
48326666,29,31,-1,-1,4
48326317,12,33,-1,-1,2
48325563,24,43,-1,-1,5
48324598,9,26,-1,-1,3
48321865,21,48,-1,-1,5
48323157,34,33,-1,-1,6
48325171,17,54,-1,-1,1
48321690,34,16,-1,-1,0
48326679,54,51,-1,-1,4
48326282,57,43,-1,-1,1
48326027,31,25,-1,-1,6
48323342,20,40,-1,-1,1
48322422,13,40,-1,-1,3
48326603,24,26,-1,-1,7
48326368,58,39,-1,-1,6
48321267,15,8,-1,-1,3
48324462,4,3,-1,-1,3
48316566,58,17,-1,-1,0
48326425,57,44,-1,-1,1
48326629,11,14,-1,-1,5
48326642,21,44,-1,-1,5
48324440,41,56,-1,-1,0
48325295,20,24,-1,-1,2
48321700,29,54,-1,-1,4
48318028,34,39,-1,-1,1
48325759,41,10,-1,-1,2
48326759,21,58,-1,-1,2
48326233,26,17,-1,-1,6
48323085,12,41,-1,-1,3
48321742,19,47,-1,-1,2
48326321,54,38,-1,-1,7
48320928,50,51,-1,-1,7
48326114,17,10,-1,-1,2
48326037,26,8,-1,-1,3
48322984,49,28,-1,-1,2
48324961,35,27,-1,-1,5
48325125,37,30,-1,-1,6
48322982,8,39,-1,-1,0
48325855,14,42,-1,-1,4
48318930,8,24,-1,-1,3
48323590,48,51,-1,-1,4
48324698,46,42,-1,-1,5
48325264,42,9,-1,-1,0
48322790,32,41,-1,-1,6
48310663,29,52,-1,-1,0
48315663,29,17,-1,-1,3
48325500,44,15,-1,-1,7
48326296,13,7,-1,-1,7
48319620,22,28,-1,-1,4
48326006,20,39,-1,-1,0
48326167,34,7,-1,-1,3
48324429,26,34,-1,-1,2
48325348,7,21,-1,-1,5
48326545,37,52,-1,-1,1
48323505,51,57,-1,-1,7
48319345,55,20,-1,-1,5
48326945,37,18,-1,-1,6
48324467,55,34,-1,-1,3
48324482,44,1,-1,-1,6
48317113,37,38,-1,-1,7
48324200,45,8,-1,-1,3
48319006,33,42,-1,-1,1
48316521,50,33,-1,-1,4
48326018,11,36,-1,-1,7
48311251,58,49,-1,-1,4
48323761,9,52,-1,-1,5
48326869,42,12,-1,-1,7
48326958,31,31,-1,-1,6
48310865,5,21,-1,-1,0
48325743,9,36,-1,-1,5
48322316,28,45,-1,-1,7
48325661,1,13,-1,-1,2
48324424,13,33,-1,-1,6
48324226,38,2,-1,-1,1
48322592,35,45,-1,-1,5
48325920,30,20,-1,-1,5
48323531,14,50,-1,-1,0
48326439,38,48,-1,-1,3
48326162,4,40,-1,-1,2
48322217,36,46,-1,-1,3
48325664,48,4,-1,-1,7
48313247,17,2,-1,-1,7
48323670,1,34,-1,-1,6
48326364,46,45,-1,-1,6
48324718,51,56,-1,-1,5
48321003,5,0,-1,-1,5
48326083,48,53,-1,-1,1
48326048,1,41,-1,-1,1
48322102,50,39,-1,-1,6
48324658,41,21,-1,-1,5
48325352,29,43,-1,-1,0
48326309,50,37,-1,-1,7
48325687,58,21,-1,-1,0
48320764,12,37,-1,-1,3
48324686,47,44,-1,-1,3
48326286,3,26,-1,-1,0
48323092,51,50,-1,-1,2
48320329,14,26,-1,-1,1
48325061,31,42,-1,-1,3
48325289,18,30,-1,-1,5
48323681,42,7,-1,-1,1
48325056,28,12,-1,-1,3
48324841,25,29,-1,-1,2
48324791,13,44,-1,-1,2
48325614,49,14,-1,-1,5
48326416,58,13,-1,-1,5
48326280,9,54,-1,-1,3
48326024,56,29,-1,-1,7
48320397,32,3,-1,-1,3
48323045,3,24,-1,-1,4
48326312,12,10,-1,-1,5
48325658,5,11,-1,-1,1
48315404,25,30,-1,-1,4
48326655,55,36,-1,-1,7
48324077,18,28,-1,-1,3
48321314,54,3,-1,-1,7
48318019,7,3,-1,-1,4
48326406,39,21,-1,-1,4
48312276,56,0,-1,-1,3
48318770,49,54,-1,-1,4
48322250,37,53,-1,-1,7
48325318,6,14,-1,-1,3
48317924,51,51,-1,-1,5
48325106,19,40,-1,-1,2
48324655,30,21,-1,-1,1
48326838,39,8,-1,-1,5
48326824,30,0,-1,-1,3
48321827,51,9,-1,-1,7
48325119,38,53,-1,-1,1
48325441,57,21,-1,-1,6
48320065,14,48,-1,-1,6
48326430,20,11,-1,-1,3
48326581,52,12,-1,-1,3
48325345,25,20,-1,-1,7
48324115,6,35,-1,-1,7
48317852,42,52,-1,-1,3
48324074,14,33,-1,-1,4
48325527,57,34,-1,-1,7
48326675,25,5,-1,-1,2
48323823,40,50,-1,-1,4
48324769,31,53,-1,-1,1
48325028,22,19,-1,-1,0
48324703,11,19,-1,-1,6
48326288,21,19,-1,-1,6
48320310,50,56,-1,-1,6
48319393,20,54,-1,-1,0
48323118,11,38,-1,-1,0
48319890,35,39,-1,-1,0
48318308,44,34,-1,-1,2
48319607,37,58,-1,-1,1
48325418,36,36,-1,-1,1
48326562,46,6,-1,-1,1
48326062,46,2,-1,-1,5
48326339,21,30,-1,-1,5
48324747,16,6,-1,-1,4
48321210,58,42,-1,-1,6
48318597,54,37,-1,-1,0
48321811,13,54,-1,-1,1
48317590,41,20,-1,-1,6
48322733,52,26,-1,-1,1
48323108,2,26,-1,-1,6
48325052,32,23,-1,-1,0
48325979,55,30,-1,-1,5
48324979,30,7,-1,-1,4
48322267,49,7,-1,-1,2
48323730,26,26,-1,-1,4
48320341,58,58,-1,-1,6
48326474,8,30,-1,-1,0
48326487,25,41,-1,-1,6
48325677,53,9,-1,-1,7
48326443,30,1,-1,-1,4
48326278,54,22,-1,-1,3
48325448,55,57,-1,-1,4
48325808,51,8,-1,-1,7
48322118,24,2,-1,-1,1
48326733,42,16,-1,-1,6
48323357,14,23,-1,-1,6
48323600,41,13,-1,-1,7
48326019,31,14,-1,-1,0
48319284,2,49,-1,-1,5
48316999,56,37,-1,-1,2
48325502,20,13,-1,-1,7
48326482,5,47,-1,-1,5
48326457,55,48,-1,-1,1
48322632,56,20,-1,-1,7
48325487,54,21,-1,-1,5
48325858,1,8,-1,-1,7
48320456,54,12,-1,-1,6
48326839,27,19,-1,-1,4
48321281,8,56,-1,-1,4
48325927,19,7,-1,-1,0
48321701,16,20,-1,-1,1
48326059,37,46,-1,-1,7
48319814,44,32,-1,-1,6
48324160,37,16,-1,-1,2
48311348,53,33,-1,-1,3
48326723,52,19,-1,-1,7
48326661,14,52,-1,-1,6
48320780,37,35,-1,-1,5
48324709,26,41,-1,-1,3
48326961,36,5,-1,-1,4
48318390,52,40,-1,-1,0
48326962,41,52,-1,-1,3
48318025,3,22,-1,-1,4
48323724,38,5,-1,-1,4
48324986,15,51,-1,-1,5
48320656,57,20,-1,-1,1
48326111,16,33,-1,-1,7
48326157,51,31,-1,-1,5
48321543,54,47,-1,-1,4
48322766,9,45,-1,-1,1
48322859,34,12,-1,-1,3
48323857,44,4,-1,-1,5
48326145,18,34,-1,-1,2
48318931,28,43,-1,-1,4
48324419,20,23,-1,-1,4
48318989,46,31,-1,-1,5
48317903,33,29,-1,-1,6
48320760,3,57,-1,-1,6
48321541,30,35,-1,-1,1
48323557,7,5,-1,-1,2
48326294,47,56,-1,-1,7
48317571,4,37,-1,-1,4
48321937,19,35,-1,-1,2
48326654,42,10,-1,-1,2
48319976,51,36,-1,-1,3
48326177,49,40,-1,-1,6
48326528,18,25,-1,-1,0
48324919,35,41,-1,-1,1
48326159,50,2,-1,-1,1
48326858,1,39,-1,-1,0
48326184,24,10,-1,-1,1
48324951,43,29,-1,-1,2
48326807,17,41,-1,-1,2
48321004,2,31,-1,-1,6
48325364,51,34,-1,-1,4
48326596,10,53,-1,-1,6
48323830,49,49,-1,-1,4
48316006,16,44,-1,-1,5
48322601,55,3,-1,-1,5
48325304,45,44,-1,-1,1
48326647,9,48,-1,-1,2
48321420,8,40,-1,-1,7
48320221,56,32,-1,-1,4
48319159,43,28,-1,-1,3
48311528,36,0,-1,-1,4
48321492,40,19,-1,-1,7
48323146,21,41,-1,-1,5
48325230,55,11,-1,-1,6
48325251,13,35,-1,-1,0
48322676,3,37,-1,-1,6
48315788,6,2,-1,-1,4
48322552,19,51,-1,-1,7
48324599,45,41,-1,-1,1
48325990,57,42,-1,-1,1
48325213,5,18,-1,-1,2
48321665,15,35,-1,-1,1
48323589,58,43,-1,-1,0
48326142,57,19,-1,-1,4
48325998,40,37,-1,-1,6
48324845,54,13,-1,-1,2
48322823,52,6,-1,-1,5
48326515,27,57,-1,-1,1
48324554,52,7,-1,-1,7
48326413,56,27,-1,-1,0
48321992,31,55,-1,-1,0
48325574,43,4,-1,-1,6
48325196,20,33,-1,-1,2
48318545,45,36,-1,-1,3
48320841,49,20,-1,-1,5
48326347,22,39,-1,-1,4
48326833,33,12,-1,-1,7
48325941,23,40,-1,-1,1
48322507,5,51,-1,-1,0
48320053,25,9,-1,-1,6
48322549,36,44,-1,-1,2
48320227,5,24,-1,-1,5
48325604,26,57,-1,-1,5
48323148,44,52,-1,-1,3
48325506,36,26,-1,-1,4
48326810,49,10,-1,-1,1
48324219,46,39,-1,-1,2
48325676,40,18,-1,-1,6
48318112,38,31,-1,-1,3
48326333,46,15,-1,-1,0
48322508,14,40,-1,-1,7
48326049,41,46,-1,-1,7
48323673,1,40,-1,-1,2
48326069,40,57,-1,-1,5
48319292,9,13,-1,-1,2
48322254,47,48,-1,-1,5
48313090,58,34,-1,-1,6
48326017,26,9,-1,-1,1
48323738,14,35,-1,-1,6
48319070,35,33,-1,-1,4
48326917,34,31,-1,-1,5
48324300,57,10,-1,-1,7
48323578,48,11,-1,-1,1
48325742,52,35,-1,-1,4
48324150,11,47,-1,-1,2
48319998,12,30,-1,-1,5
48325938,50,58,-1,-1,2
48326418,22,5,-1,-1,5
48321217,40,31,-1,-1,2
48318991,35,3,-1,-1,1
48326112,4,57,-1,-1,7
48326219,1,57,-1,-1,6
48324942,17,23,-1,-1,2
48323854,7,37,-1,-1,5
48325440,14,22,-1,-1,1
48325438,43,11,-1,-1,3
48326796,30,18,-1,-1,7
48326396,11,9,-1,-1,4
48323822,58,22,-1,-1,5
48318783,33,57,-1,-1,6
48324358,52,27,-1,-1,1
48322377,8,34,-1,-1,6
48325792,21,55,-1,-1,5
48325583,11,22,-1,-1,1
48326074,7,23,-1,-1,3
48323057,32,10,-1,-1,4
48326013,8,55,-1,-1,1
48326795,27,4,-1,-1,7
48319300,47,46,-1,-1,0
48325335,47,12,-1,-1,2
48323930,49,6,-1,-1,3
48326582,13,25,-1,-1,6
48321433,58,51,-1,-1,5
48326182,43,8,-1,-1,1
48314219,28,40,-1,-1,6
48323851,31,33,-1,-1,6
48322265,53,40,-1,-1,0
48326231,46,13,-1,-1,7
48324048,10,29,-1,-1,7
48324123,27,51,-1,-1,6
48325199,57,38,-1,-1,2
48324014,37,47,-1,-1,5
48324717,38,17,-1,-1,4
48323652,1,31,-1,-1,7
48321251,18,21,-1,-1,7
48323512,15,21,-1,-1,5
48326920,16,13,-1,-1,6
48320947,50,49,-1,-1,6
48323314,24,47,-1,-1,1
48323290,53,16,-1,-1,6
48326778,35,17,-1,-1,7
48325406,23,19,-1,-1,7
48323275,48,25,-1,-1,0
48323224,47,10,-1,-1,5
48321800,0,40,-1,-1,0
48322736,54,53,-1,-1,2
48315014,0,18,-1,-1,3
48323603,17,53,-1,-1,6
48321516,9,41,-1,-1,6
48326814,41,8,-1,-1,1
48322324,36,6,-1,-1,7
48317180,30,4,-1,-1,3
48323825,5,54,-1,-1,2
48325121,30,42,-1,-1,6
48320354,33,53,-1,-1,2
48324542,24,58,-1,-1,6
48326520,53,55,-1,-1,6
48324525,3,4,-1,-1,7
48323390,49,38,-1,-1,1
48326008,2,48,-1,-1,0
48326255,29,3,-1,-1,0
48323167,16,28,-1,-1,1
48325490,29,28,-1,-1,2
48326216,30,40,-1,-1,4
48300991,26,52,-1,-1,0
48322742,44,12,-1,-1,1
48323763,29,48,-1,-1,6
48324166,14,1,-1,-1,1
48326226,17,52,-1,-1,6
48322098,3,41,-1,-1,1
48324135,58,2,-1,-1,0
48322551,22,55,-1,-1,1
48321037,40,44,-1,-1,5
48326178,43,43,-1,-1,7
48326463,49,9,-1,-1,5
48325055,56,5,-1,-1,7
48326422,1,37,-1,-1,6
48324949,39,24,-1,-1,5
48317610,48,22,-1,-1,7
48322435,1,25,-1,-1,4
48325149,5,42,-1,-1,5
48326902,33,13,-1,-1,4
48324954,34,40,-1,-1,7
48325296,8,11,-1,-1,6
48324781,47,22,-1,-1,3
48323233,42,24,-1,-1,6
48319689,40,45,-1,-1,2
48326517,50,22,-1,-1,4
48324069,48,54,-1,-1,6
48326860,29,57,-1,-1,1
48324579,27,25,-1,-1,6
48323440,22,11,-1,-1,4
48323755,43,7,-1,-1,3
48326512,4,11,-1,-1,1
48318126,42,43,-1,-1,5
48326756,0,47,-1,-1,4
48325525,33,40,-1,-1,4
48322094,25,45,-1,-1,5
48325599,28,20,-1,-1,2
48322531,18,13,-1,-1,6
48326947,8,15,-1,-1,5
48323095,28,49,-1,-1,2
48325128,52,17,-1,-1,4
48316808,34,34,-1,-1,2
48326198,30,32,-1,-1,2
48325254,28,6,-1,-1,0
48326929,13,23,-1,-1,6
48322851,20,14,-1,-1,2
48325147,7,41,-1,-1,1
48326166,38,26,-1,-1,7
48312674,0,30,-1,-1,0
48318524,4,53,-1,-1,1
48323799,10,30,-1,-1,4
48323805,6,44,-1,-1,2
48325954,43,33,-1,-1,4
48325964,17,40,-1,-1,7
48325783,13,5,-1,-1,3
48322123,28,19,-1,-1,6
48323917,26,18,-1,-1,3
48326298,3,2,-1,-1,6
48326181,8,12,-1,-1,5
48326432,45,33,-1,-1,5
48326042,24,28,-1,-1,1
48316296,36,1,-1,-1,3
48325507,27,22,-1,-1,6
48325451,38,22,-1,-1,0
48323304,25,12,-1,-1,5
48326598,49,21,-1,-1,2
48326550,19,55,-1,-1,7
48324127,5,34,-1,-1,0
48325709,53,39,-1,-1,6
48326585,2,51,-1,-1,1
48323996,12,50,-1,-1,3
48323815,56,25,-1,-1,4
48326866,56,44,-1,-1,4
48319865,51,58,-1,-1,1
48312746,9,25,-1,-1,1
48316678,39,48,-1,-1,6
48311581,39,45,-1,-1,7
48322323,15,56,-1,-1,0
48320071,15,9,-1,-1,6
48326772,8,50,-1,-1,3
48326158,53,17,-1,-1,7
48324264,20,55,-1,-1,7
48309602,3,35,-1,-1,5
48325639,51,0,-1,-1,5
48326501,24,5,-1,-1,3
48326829,18,36,-1,-1,4
48321519,50,27,-1,-1,4
48325776,11,34,-1,-1,2
48321920,21,7,-1,-1,6
48324971,52,52,-1,-1,6
48312218,0,51,-1,-1,0
48323526,52,18,-1,-1,4
48326329,13,17,-1,-1,2
48323685,17,20,-1,-1,2
48315362,49,47,-1,-1,4
48326266,51,27,-1,-1,5
48326461,30,14,-1,-1,7
48326653,28,0,-1,-1,4
48324980,0,16,-1,-1,1
48325417,44,47,-1,-1,2
48324695,4,6,-1,-1,5
48318913,48,29,-1,-1,0
48325905,35,51,-1,-1,4
48317201,27,0,-1,-1,2
48325779,41,0,-1,-1,5
48320140,35,58,-1,-1,0
48325631,7,9,-1,-1,4
48320702,50,19,-1,-1,5
48325589,10,23,-1,-1,5
48323552,10,54,-1,-1,4
48326907,2,14,-1,-1,6
48319548,36,17,-1,-1,6
48318671,51,17,-1,-1,2
48321002,46,57,-1,-1,4
48322144,36,40,-1,-1,7
48320527,3,38,-1,-1,0
48321389,4,35,-1,-1,4
48320549,26,43,-1,-1,2
48322799,33,4,-1,-1,2
48323633,11,1,-1,-1,1
48325518,5,31,-1,-1,7
48320324,23,44,-1,-1,3
48320682,11,26,-1,-1,1
48326465,21,50,-1,-1,5
48321952,47,11,-1,-1,5
48326715,52,58,-1,-1,1
48326452,25,54,-1,-1,0
48316213,32,42,-1,-1,5
48325845,38,14,-1,-1,6
48321178,36,39,-1,-1,1
48323657,42,46,-1,-1,6
48326470,55,40,-1,-1,3
48311519,55,54,-1,-1,5
48323793,9,37,-1,-1,3
48326674,15,47,-1,-1,5
48326726,5,38,-1,-1,7
48324088,40,53,-1,-1,6
48323123,20,5,-1,-1,4
48323580,8,49,-1,-1,4
48314521,27,37,-1,-1,6
48325511,31,19,-1,-1,3
48322052,21,11,-1,-1,5
48323577,47,34,-1,-1,7
48319812,37,1,-1,-1,0
48320818,40,48,-1,-1,0
48326762,31,15,-1,-1,3
48323412,23,6,-1,-1,3
48323298,3,27,-1,-1,5
48325662,24,36,-1,-1,6
48324871,49,2,-1,-1,0
48321358,1,26,-1,-1,4
48319672,16,25,-1,-1,4
48321381,41,55,-1,-1,6
48326458,37,51,-1,-1,7
48324583,27,47,-1,-1,1
48326650,40,6,-1,-1,3
48317998,17,12,-1,-1,7
48325868,19,0,-1,-1,5
48325817,18,31,-1,-1,3
48325597,16,57,-1,-1,0
48322663,30,28,-1,-1,4
48326189,24,22,-1,-1,2
48315050,55,14,-1,-1,5
48322001,36,43,-1,-1,1
48325120,51,16,-1,-1,1
48322172,42,38,-1,-1,4
48321539,2,7,-1,-1,1
48325087,6,25,-1,-1,4
48324110,31,34,-1,-1,3
48319057,2,15,-1,-1,3
48323705,41,19,-1,-1,3
48324908,34,44,-1,-1,4
48326308,11,0,-1,-1,4
48316251,2,2,-1,-1,2
48325018,36,47,-1,-1,0
48326543,44,58,-1,-1,6
48323850,42,45,-1,-1,1
48323048,53,58,-1,-1,1
48326936,21,52,-1,-1,1
48326805,33,21,-1,-1,1
48326676,51,42,-1,-1,3
48325955,17,36,-1,-1,6
48324727,8,42,-1,-1,5
48325079,23,14,-1,-1,5
48325435,35,57,-1,-1,3
48325124,9,23,-1,-1,7
48322717,52,57,-1,-1,5
48324644,20,36,-1,-1,4
48326900,51,28,-1,-1,4
48323540,19,1,-1,-1,1
48326224,45,51,-1,-1,5
48323889,36,23,-1,-1,1
48324835,43,44,-1,-1,1
48326281,34,22,-1,-1,3
48322915,52,22,-1,-1,0
48325105,25,21,-1,-1,5
48320864,22,4,-1,-1,3
48325321,7,52,-1,-1,2
48326633,30,11,-1,-1,4
48326322,16,40,-1,-1,4
48315497,24,54,-1,-1,6
48326456,23,42,-1,-1,0
48323312,25,55,-1,-1,0
48325279,8,26,-1,-1,2
48326295,31,56,-1,-1,4
48318982,3,30,-1,-1,1
48322134,17,31,-1,-1,5
48325332,29,7,-1,-1,5
48326861,56,52,-1,-1,1
48319164,53,23,-1,-1,0
48319794,16,18,-1,-1,4
48321817,5,43,-1,-1,7
48325851,44,17,-1,-1,5
48316671,29,15,-1,-1,4
48322390,32,47,-1,-1,6
48325322,45,27,-1,-1,1
48325011,34,20,-1,-1,4
48325543,46,7,-1,-1,5
48323910,7,35,-1,-1,6
48324785,41,45,-1,-1,0
48323549,46,17,-1,-1,5
48326230,39,41,-1,-1,0
48325422,36,57,-1,-1,5
48325811,5,53,-1,-1,7
48326682,57,3,-1,-1,4
48326625,33,58,-1,-1,1
48321058,0,41,-1,-1,2
48325594,48,55,-1,-1,6
48324404,50,6,-1,-1,3
48325403,43,17,-1,-1,2
48325740,0,24,-1,-1,2
48325734,16,23,-1,-1,5
48326442,20,10,-1,-1,1
48326025,54,9,-1,-1,5
48326875,1,52,-1,-1,2
48325819,12,16,-1,-1,0
48321134,0,17,-1,-1,4
48316706,6,45,-1,-1,5
48324803,18,56,-1,-1,5
48326228,21,27,-1,-1,1
48313698,49,45,-1,-1,0
48316634,22,48,-1,-1,1
48325439,12,40,-1,-1,4
48325973,8,20,-1,-1,2
48325805,1,5,-1,-1,7
48325382,6,21,-1,-1,6
48326118,3,11,-1,-1,2
48323769,5,30,-1,-1,5
48322843,48,6,-1,-1,2
48323040,32,15,-1,-1,0
48325708,17,45,-1,-1,0
48321017,50,57,-1,-1,6
48322312,23,27,-1,-1,0
48324151,31,36,-1,-1,1
48325387,22,20,-1,-1,3
48324925,9,44,-1,-1,3
48321359,46,44,-1,-1,1
48325655,33,10,-1,-1,6
48326306,48,3,-1,-1,5
48321255,4,55,-1,-1,5
48321931,33,50,-1,-1,2
48320895,44,9,-1,-1,7
48326267,18,0,-1,-1,6
48321506,29,10,-1,-1,3
48324335,19,10,-1,-1,0
48323951,1,3,-1,-1,7
48315134,40,58,-1,-1,7
48323377,52,13,-1,-1,4
48324508,15,6,-1,-1,5
48324297,24,33,-1,-1,6
48325753,12,46,-1,-1,0
48321611,56,51,-1,-1,2
48322336,33,7,-1,-1,4
48324545,17,8,-1,-1,3
48318339,16,17,-1,-1,0
48319833,26,19,-1,-1,1
48324520,14,55,-1,-1,6
48322846,47,31,-1,-1,5
48325641,13,50,-1,-1,1
48326509,43,0,-1,-1,2
48324997,34,46,-1,-1,2
48313848,18,43,-1,-1,6
48324068,45,45,-1,-1,5
48323539,46,55,-1,-1,2
48322569,55,55,-1,-1,6
48325434,37,22,-1,-1,4
48326505,5,2,-1,-1,2
48326574,29,34,-1,-1,7
48324396,18,42,-1,-1,1
48322494,19,16,-1,-1,2
48325839,44,55,-1,-1,0
48323534,16,49,-1,-1,3
48326523,39,58,-1,-1,2
48319126,11,11,-1,-1,3
48326768,58,7,-1,-1,4
48320345,3,5,-1,-1,7
48323858,29,13,-1,-1,2
48326915,36,48,-1,-1,2
48319558,50,43,-1,-1,4
48320940,48,2,-1,-1,7
48326777,0,46,-1,-1,3
48320870,48,39,-1,-1,0
48326089,22,41,-1,-1,6
48321773,41,3,-1,-1,0
48322333,6,17,-1,-1,1
48322211,56,58,-1,-1,7
48323249,42,34,-1,-1,2
48324604,47,57,-1,-1,3
48326864,30,53,-1,-1,1
48323434,19,8,-1,-1,1
48322805,20,31,-1,-1,2
48325766,44,28,-1,-1,6
48322800,4,0,-1,-1,5
48323001,7,46,-1,-1,5
48326405,10,52,-1,-1,3
48325860,25,14,-1,-1,1
48323684,56,47,-1,-1,3
48324584,24,16,-1,-1,4
48321727,12,24,-1,-1,1
48315933,0,56,-1,-1,4
48325005,30,52,-1,-1,5
48324633,22,57,-1,-1,3
48304775,58,23,-1,-1,4
48318331,2,35,-1,-1,3
48325756,42,44,-1,-1,0
48312246,26,50,-1,-1,4
48321430,42,58,-1,-1,7
48315781,30,56,-1,-1,3
48319991,51,25,-1,-1,5
48326896,8,10,-1,-1,7
48325520,47,33,-1,-1,1
48326966,38,44,-1,-1,5
