0 0 0 0 27 2 27 27 27 27 27 27 0 27 27 0 23 27 19 19 19 23 7 23 0 0 23 6 22 0 23 23 16 22 23 23 23 0 19 133 149 149 68 68 149 68 68 68 68 68 68 68 68 0 4 128 128 4 0 
0 0 0 3 0 27 17 27 27 27 0 27 27 27 27 2 27 0 19 0 7 7 23 23 23 0 0 22 6 22 6 0 0 22 23 23 7 23 133 19 133 133 149 68 68 149 68 68 68 68 68 68 68 0 68 128 4 4 4 
0 0 0 3 3 17 0 27 0 0 27 27 27 27 155 27 2 19 155 7 23 23 23 23 23 23 3 22 22 6 6 3 22 22 23 7 6 23 6 133 133 0 68 149 68 68 68 68 68 68 68 8 69 68 68 4 4 4 68 
0 0 2 2 3 27 27 0 27 27 27 135 27 155 27 155 3 19 155 0 23 0 23 23 23 23 23 23 0 6 6 23 0 22 0 6 6 6 6 0 133 133 4 68 68 68 68 0 4 68 69 68 69 68 68 68 4 69 68 
1 0 2 2 27 27 27 0 0 0 27 27 2 155 155 3 155 19 0 23 7 19 19 19 23 23 0 23 23 6 23 23 22 6 6 6 6 6 68 64 0 68 68 4 68 68 68 68 68 68 68 68 68 68 68 69 68 69 1 
27 1 1 27 131 19 27 0 27 27 27 27 0 155 155 155 23 23 23 0 23 23 23 0 23 23 23 0 23 23 0 23 6 6 6 68 6 68 68 68 68 68 68 68 16 68 68 68 68 68 68 68 68 1 68 68 4 68 130 
27 1 131 27 27 19 0 139 27 0 27 27 155 155 155 0 155 0 7 23 3 23 23 23 23 23 23 23 23 23 23 23 23 23 6 6 0 68 68 1 68 68 68 68 0 68 68 69 69 68 69 0 68 4 0 68 68 0 68 
1 1 155 153 25 155 155 139 139 0 27 155 0 155 0 155 155 23 7 22 7 23 23 23 23 23 23 21 22 22 23 85 85 23 23 68 68 85 68 0 68 68 0 68 68 68 68 69 68 69 68 69 68 128 68 0 68 68 69 
0 155 153 27 155 155 27 27 19 152 19 155 155 155 155 155 155 0 23 23 23 23 23 23 23 23 23 23 23 0 85 0 85 85 23 64 64 68 85 85 68 68 0 68 68 68 68 4 68 0 69 68 0 0 69 69 69 69 69 
139 137 139 27 27 155 3 19 155 155 19 0 155 155 155 155 155 151 0 155 23 23 0 23 23 23 23 23 5 23 0 7 0 0 68 0 0 68 0 68 85 68 68 209 68 1 4 68 68 68 68 4 4 69 68 0 69 68 68 
2 139 27 27 0 3 3 155 155 155 27 0 155 155 0 155 23 151 155 0 147 23 23 23 23 3 23 23 22 5 23 23 5 0 0 0 85 68 85 68 68 68 68 209 68 68 68 68 68 68 68 0 1 0 68 68 0 68 68 
139 0 0 3 2 2 0 155 0 155 0 155 155 0 155 21 155 23 155 23 155 3 0 23 23 23 23 0 5 23 87 87 87 87 85 0 85 85 69 213 133 68 68 68 68 0 68 0 0 0 68 69 69 68 8 0 68 68 68 
11 139 139 0 2 153 155 0 155 155 155 6 147 155 155 155 23 155 23 155 0 87 23 87 155 23 23 87 23 87 87 87 87 23 85 85 85 69 85 85 0 68 5 68 68 68 68 68 68 68 68 69 69 69 0 68 68 68 0 
139 11 0 2 153 2 155 155 155 155 155 155 145 2 155 19 19 23 0 0 0 87 87 155 87 23 155 87 23 23 0 85 85 0 0 0 21 21 5 0 85 5 213 85 85 68 68 68 68 68 68 68 0 68 68 68 0 0 68 
139 139 153 1 153 155 155 155 155 155 155 0 155 155 27 155 19 0 23 23 87 155 87 155 155 0 87 83 0 23 23 0 85 85 85 213 0 0 0 85 213 85 85 85 0 85 0 68 68 68 0 68 0 4 68 68 68 68 68 
153 139 153 153 155 155 155 155 155 155 155 155 2 27 27 155 147 155 0 155 155 155 0 155 155 87 83 87 23 213 213 15 85 85 213 0 213 0 213 213 3 0 68 68 85 68 68 68 68 68 4 68 68 0 144 68 20 68 68 
153 153 153 155 155 143 155 155 155 155 155 155 155 2 155 147 151 147 23 23 155 155 155 155 155 155 87 155 23 213 213 0 85 85 87 0 213 21 1 213 68 213 213 68 85 85 68 68 68 68 68 68 68 68 68 0 68 68 68 
153 153 155 155 155 155 155 155 155 155 155 155 155 155 155 155 7 151 2 155 155 155 0 0 155 155 155 155 21 27 213 213 85 213 213 0 87 0 213 0 68 68 1 0 68 85 68 85 68 68 68 68 68 68 68 68 68 0 68 
153 153 155 155 155 155 155 155 155 155 155 7 155 155 155 7 155 155 155 155 0 155 155 155 155 0 155 21 1 1 213 0 213 213 0 87 87 87 213 85 85 68 68 68 68 68 85 68 68 68 68 68 0 68 68 68 68 68 68 
155 153 153 153 153 0 155 27 155 0 0 155 23 3 155 155 0 155 155 155 155 155 155 155 155 155 155 3 213 213 213 213 0 0 213 0 213 213 0 0 85 1 0 68 68 4 68 68 68 68 0 68 68 0 4 68 0 68 68 
153 0 153 153 155 153 155 138 155 155 155 155 155 155 155 155 155 155 154 154 0 155 155 155 155 155 155 155 0 213 213 0 213 213 213 85 213 213 0 85 85 85 85 128 0 68 68 68 68 0 0 68 68 68 68 68 68 68 68 
155 153 153 155 0 155 138 155 155 155 155 155 155 155 155 155 155 154 155 154 155 155 155 155 155 155 145 155 155 213 0 213 213 197 213 85 213 213 0 85 85 21 81 68 0 68 68 68 68 68 2 68 68 68 68 4 68 68 0 
155 0 155 155 155 155 155 155 155 155 155 2 0 155 155 155 155 21 155 155 155 155 155 155 155 155 155 155 0 2 0 213 213 213 213 213 213 213 5 213 213 85 68 0 68 68 68 68 68 68 2 0 0 68 68 68 68 0 68 
137 155 25 155 139 155 155 155 155 155 155 0 2 3 155 155 21 155 0 155 155 155 155 155 155 155 155 155 0 3 213 213 213 213 213 213 213 213 0 85 85 213 213 213 68 68 68 68 68 68 68 68 68 68 68 4 0 68 68 
155 25 155 25 155 155 155 155 155 155 155 0 155 0 155 3 155 155 0 155 155 0 155 155 155 155 155 155 155 3 213 213 0 213 213 145 0 213 1 213 85 85 213 213 68 68 68 68 68 68 68 0 68 68 68 4 68 0 64 
27 155 139 155 155 155 155 0 155 155 155 155 155 155 153 155 155 155 155 155 155 0 155 153 155 155 155 155 213 0 213 213 213 213 213 213 0 0 213 213 0 213 68 68 68 68 213 0 0 68 68 68 4 0 68 64 0 64 0 
27 155 155 2 155 155 155 155 155 155 155 155 155 155 155 153 155 155 155 27 155 155 155 153 155 0 155 155 155 213 147 213 213 0 213 213 0 0 0 213 213 213 213 68 68 68 213 68 68 68 68 68 68 68 68 64 64 0 64 
13 13 17 27 154 154 155 155 155 155 155 155 155 0 0 0 155 155 154 153 154 153 153 155 155 0 155 155 147 0 213 213 213 213 213 213 213 213 213 213 0 212 133 4 4 68 149 0 68 68 68 0 128 68 68 64 68 64 68 
13 9 154 17 155 155 138 155 155 155 153 155 155 0 155 155 154 154 154 154 154 153 153 155 155 155 155 155 213 213 213 213 213 213 213 213 213 213 213 212 0 213 213 133 68 73 68 73 73 73 73 0 0 68 68 0 68 68 68 
155 155 154 17 0 155 155 155 147 147 155 0 0 155 129 153 0 154 154 154 154 155 155 154 153 155 155 213 1 213 213 213 213 213 213 213 213 213 213 213 213 0 73 73 73 68 13 73 73 73 73 73 68 68 68 68 68 68 68 
155 155 154 154 155 155 155 155 147 155 155 0 155 155 153 154 154 154 154 154 154 154 154 154 155 0 155 213 213 155 213 213 213 213 0 213 0 213 213 213 213 213 73 73 68 8 72 73 73 73 73 73 68 68 68 68 68 68 68 
143 143 155 154 155 155 155 155 155 155 154 2 153 0 155 2 26 154 154 154 154 154 154 155 155 155 0 155 213 213 213 213 1 213 213 213 213 213 213 213 213 213 213 73 0 73 68 73 73 73 0 73 68 68 68 20 68 68 68 
155 155 155 155 155 155 3 155 155 154 152 155 0 155 0 153 154 154 154 152 139 0 0 0 155 154 155 155 155 213 213 213 1 0 0 0 213 213 149 149 0 0 73 73 0 73 0 68 73 0 0 73 72 72 65 68 64 0 68 
143 155 0 2 155 155 154 155 153 155 155 152 155 155 0 155 154 154 154 154 0 0 155 155 155 155 155 155 155 213 213 0 213 213 0 213 213 213 213 213 149 21 73 73 73 73 73 73 73 69 73 65 72 68 68 64 68 64 64 
143 138 2 138 155 0 154 155 0 155 153 153 155 0 154 155 144 154 0 154 154 155 155 155 155 143 155 155 213 213 213 213 213 213 213 87 0 213 213 213 213 73 73 73 73 73 0 73 73 73 72 73 72 68 68 72 0 64 64 
139 0 5 154 154 155 154 154 154 155 155 0 155 155 154 154 144 155 155 155 0 0 155 155 155 147 155 155 149 213 213 213 213 213 213 149 213 213 213 213 73 213 73 73 72 0 9 13 73 73 73 72 72 72 68 72 72 0 64 
139 139 139 154 154 154 154 155 155 23 0 155 12 155 154 155 155 155 154 154 154 154 155 155 155 155 155 153 143 0 0 0 213 213 213 0 213 149 149 85 213 213 73 73 73 73 0 73 0 73 73 72 0 64 72 72 72 68 64 
138 139 138 154 154 154 154 154 26 154 155 155 155 12 155 155 154 154 154 154 155 154 155 155 155 153 153 155 155 213 0 1 213 213 213 213 213 213 1 213 213 9 73 73 73 73 73 73 73 73 73 72 72 0 64 0 0 0 64 
138 138 155 130 130 2 154 154 26 154 154 155 0 155 155 154 0 155 155 155 154 155 155 155 153 155 155 155 0 213 213 213 213 213 213 213 213 213 213 149 213 73 0 73 73 13 73 73 73 0 73 0 72 0 73 0 73 73 73 
139 155 154 154 138 154 154 0 154 154 0 0 154 0 154 155 154 155 155 0 0 0 155 155 155 153 155 0 0 155 213 213 213 0 213 149 213 213 213 213 213 213 73 73 73 72 72 9 73 73 73 73 0 73 73 73 72 73 73 
0 139 155 154 154 154 154 154 154 154 154 155 0 155 0 154 154 154 155 155 155 155 155 155 155 155 155 155 155 0 138 213 213 213 213 213 213 209 209 209 209 212 213 213 73 73 72 72 73 73 73 73 73 0 73 73 73 0 0 
154 154 155 155 154 0 2 2 154 155 155 155 155 155 155 155 154 155 155 155 155 155 3 155 155 155 155 155 155 155 213 213 213 213 213 209 213 213 209 209 209 213 213 213 213 73 73 73 73 73 1 0 73 73 0 73 73 1 65 
154 154 155 23 154 154 154 0 3 154 155 155 155 155 155 0 157 153 155 155 0 155 3 155 0 155 155 155 3 0 213 213 213 213 213 213 213 213 213 213 213 149 213 0 73 73 73 73 73 73 73 73 73 72 0 73 13 1 73 
154 0 155 155 155 155 154 154 0 155 155 155 155 155 2 155 154 155 155 147 155 155 155 155 0 0 155 153 155 0 213 213 213 213 213 213 213 0 213 213 213 213 213 0 1 73 73 0 73 73 73 73 0 73 0 73 73 73 73 
154 145 147 154 155 155 155 0 155 155 154 155 0 2 155 155 0 155 155 155 27 155 155 155 155 155 155 3 155 153 0 213 213 149 213 85 0 0 149 213 213 213 213 73 8 1 73 73 73 73 73 73 73 0 73 72 9 73 73 
145 145 147 147 155 155 147 147 155 155 155 144 144 155 155 155 155 147 155 155 155 147 155 138 3 155 0 0 3 155 213 213 213 213 213 0 213 213 149 149 213 213 213 73 73 73 73 73 73 73 73 9 0 73 0 73 9 73 73 
151 151 147 151 151 147 155 155 154 155 153 2 155 155 155 155 131 155 155 147 155 147 155 155 155 155 155 155 0 155 155 213 213 213 213 0 213 213 213 213 213 213 72 73 13 9 0 73 73 73 73 73 73 73 73 73 73 73 0 
151 145 151 151 0 147 155 155 155 154 155 0 155 155 155 155 155 155 147 147 23 155 155 155 155 155 155 155 147 0 213 213 213 21 213 213 213 213 213 213 85 73 73 73 0 73 0 73 73 73 73 0 73 73 73 73 73 73 73 
151 151 155 147 147 147 147 155 155 155 147 155 155 155 155 155 155 155 155 147 147 154 145 155 3 155 155 153 0 155 155 213 17 155 155 3 81 0 213 213 213 213 73 73 73 73 73 73 73 73 73 72 129 73 73 73 9 73 73 
0 151 155 155 155 0 155 147 155 155 3 155 155 0 1 147 147 155 155 147 0 155 21 155 155 153 155 153 155 155 155 155 154 155 155 155 155 213 213 0 213 213 213 73 0 9 0 73 73 73 73 73 73 73 1 73 73 73 73 
147 151 155 155 139 155 155 155 155 0 0 155 21 145 155 147 147 149 155 3 147 155 155 0 153 139 155 155 155 155 155 155 155 155 155 155 155 81 0 213 213 213 0 73 73 1 73 73 73 73 73 73 0 73 73 73 9 73 73 
11 151 139 155 155 155 155 145 0 0 155 145 145 155 155 147 155 147 155 155 0 155 153 155 155 155 155 155 155 145 155 145 155 147 155 81 155 155 81 213 213 213 213 1 213 213 0 73 0 0 73 0 1 73 73 73 73 73 73 
0 11 0 147 0 155 155 155 0 155 155 3 155 155 155 155 155 18 155 155 143 0 27 155 153 153 155 155 155 155 1 1 139 139 155 81 155 155 213 213 213 213 81 213 213 73 73 0 0 0 5 73 65 0 73 73 73 13 73 
139 139 147 147 147 147 155 155 155 155 155 155 129 155 0 2 155 155 155 153 153 155 155 155 155 155 155 155 155 155 155 153 155 0 155 155 145 81 81 81 213 81 213 133 73 213 213 1 0 5 73 73 65 0 0 0 73 0 73 
0 147 155 147 147 155 0 155 155 155 155 155 155 155 0 147 155 155 145 0 153 154 155 155 155 155 2 155 0 155 81 81 153 155 155 0 155 155 81 81 81 81 17 213 133 72 149 21 5 73 0 65 5 5 0 0 73 73 73 
139 139 0 155 147 0 145 155 155 155 139 139 145 145 155 155 155 145 147 147 147 0 153 155 155 155 17 1 17 17 17 153 81 0 3 145 145 145 0 0 149 149 81 17 213 73 73 73 65 73 73 73 65 73 0 0 0 73 73 
2 139 0 0 155 155 2 155 155 155 0 0 155 4 155 0 147 147 145 147 27 27 27 153 153 155 17 17 17 17 0 81 153 155 145 145 81 145 81 81 0 64 64 0 64 73 73 65 1 73 73 0 73 129 73 0 0 0 73 
3 2 154 155 155 155 155 0 155 155 155 0 155 0 155 0 147 147 0 147 147 27 27 0 155 155 155 17 155 81 0 81 81 17 155 1 147 145 17 0 0 17 0 85 0 73 65 65 65 73 73 1 129 64 1 0 0 0 0 
3 3 7 155 155 155 155 155 155 155 155 155 0 155 0 147 0 147 147 147 147 0 0 155 155 155 155 0 155 0 81 81 81 0 21 155 0 17 17 17 0 0 0 85 85 85 65 65 65 65 65 1 64 64 0 0 0 0 0 
