0 0 0 0 0 0 0 0 0 0 0 3 3 3 0 0 1 1 0 3 0 2 2 0 0 2 0 0 0 0 0 0 0 0 0 0 0 4 4 0 4 4 4 0 0 0 0 4 4 0 0 0 0 0 0 0 0 0 0 
0 0 0 0 0 0 0 0 0 1 0 3 3 3 3 3 1 3 2 2 0 2 0 0 2 0 0 0 0 0 0 0 0 4 0 0 0 0 4 4 0 0 0 0 0 4 4 4 4 0 0 0 0 4 0 0 0 0 0 
0 0 0 0 0 0 0 0 2 0 3 3 0 3 3 1 3 3 3 6 2 2 2 2 0 0 0 2 2 0 0 0 0 0 4 0 0 4 0 4 4 4 4 4 0 4 0 4 4 0 0 4 4 4 0 0 0 0 0 
0 0 0 0 0 0 1 0 1 3 3 3 3 3 0 3 0 3 0 0 6 6 2 2 2 2 0 2 2 2 0 2 0 6 4 4 4 0 4 4 4 4 4 4 4 4 4 0 4 4 4 4 4 0 0 0 0 0 0 
0 1 1 1 0 5 5 5 1 2 0 3 0 3 3 3 3 3 0 0 0 6 2 2 2 2 0 4 2 2 2 2 6 6 6 4 0 0 4 4 4 4 4 4 4 4 4 0 4 4 4 4 4 4 0 4 0 0 0 
0 1 1 1 0 1 5 5 0 2 3 3 0 3 3 3 3 3 0 3 2 3 2 3 2 2 2 4 4 0 0 2 2 0 4 6 6 0 4 4 4 4 4 4 4 4 4 4 4 4 0 4 4 4 0 4 0 0 0 
0 0 0 0 1 5 1 5 2 2 3 3 3 3 3 0 3 3 3 0 3 3 2 3 2 2 2 0 0 0 0 6 6 6 4 6 0 4 4 4 4 4 4 4 4 4 4 4 0 4 0 4 4 0 0 0 0 0 0 
1 1 1 1 5 0 2 1 3 3 3 3 3 0 3 3 3 3 3 3 3 2 3 2 2 2 2 0 6 6 0 0 4 6 4 4 4 4 4 4 4 4 4 4 4 4 4 4 4 0 6 4 4 4 4 0 0 0 4 
1 1 1 0 1 5 5 2 3 3 3 3 1 3 3 3 3 3 3 3 3 3 2 2 2 2 6 0 6 6 6 6 6 4 4 4 4 4 4 4 4 4 4 4 4 4 4 0 4 6 6 4 4 4 4 4 0 6 4 
0 1 1 1 5 5 1 3 3 0 3 3 3 1 3 3 3 3 3 3 3 3 0 0 6 6 6 6 6 4 6 6 6 6 4 4 0 0 4 4 4 0 4 4 4 0 4 4 0 4 6 6 4 4 4 4 6 4 4 
0 0 1 1 1 1 0 0 3 0 0 0 3 3 3 3 3 0 3 3 3 6 6 6 2 0 6 6 6 6 6 6 6 6 4 4 4 4 4 4 4 4 4 4 0 4 6 6 4 4 6 6 4 4 6 6 6 4 0 
0 0 0 1 0 1 0 1 1 0 0 3 3 3 3 3 0 3 3 0 6 6 2 6 6 6 2 6 6 2 0 6 6 2 2 4 6 4 4 4 4 4 4 4 4 4 4 4 4 4 4 4 6 4 4 6 0 4 0 
0 0 1 0 1 0 1 1 1 1 0 3 3 1 3 3 3 3 3 6 2 0 2 4 6 6 6 6 0 6 6 6 6 2 6 4 4 4 6 4 4 2 4 4 4 4 4 4 4 4 4 0 4 4 4 4 0 6 6 
0 0 0 0 0 1 1 1 1 0 3 3 3 0 3 3 3 3 3 3 3 0 2 2 6 0 6 4 6 6 6 6 6 6 0 2 4 6 0 4 4 2 0 4 0 0 0 0 4 0 4 6 0 6 4 6 6 6 6 
1 0 0 0 0 1 0 1 1 0 1 1 3 1 1 3 2 3 0 3 6 3 2 2 0 2 6 6 6 6 0 6 6 2 2 0 4 2 4 0 0 4 0 2 4 6 0 6 6 0 6 6 6 6 6 6 6 6 0 
1 0 0 0 0 1 0 1 1 0 1 3 1 0 0 2 1 3 3 6 4 3 6 2 2 6 2 6 2 6 4 6 6 2 2 2 4 4 2 0 0 2 0 2 2 6 6 6 6 6 6 6 6 6 6 6 0 6 0 
0 0 0 0 0 1 1 1 0 1 1 0 1 1 1 1 3 3 3 0 3 3 0 6 0 2 6 4 6 6 6 0 6 6 6 2 0 2 2 0 0 0 2 0 0 6 0 6 6 6 6 0 6 0 2 6 6 6 6 
0 0 0 0 0 0 1 1 0 0 0 0 0 1 1 0 0 3 3 3 3 3 3 0 6 4 6 6 6 6 4 6 4 4 6 6 2 6 6 6 6 0 2 2 6 6 6 6 6 6 0 6 4 6 0 0 0 0 6 
0 0 0 0 0 0 0 0 0 0 0 0 0 16 16 0 16 0 6 6 3 3 3 3 6 6 6 6 6 6 16 16 4 4 4 4 6 6 6 6 2 0 2 0 2 6 6 6 0 2 6 6 6 2 0 0 6 6 6 
0 0 0 0 0 0 0 0 0 0 0 0 16 16 16 16 16 16 16 0 3 3 3 3 6 0 6 6 6 0 6 16 2 4 4 4 6 6 6 6 2 2 2 2 2 2 2 2 2 2 2 2 2 2 0 2 6 2 2 
0 0 0 0 0 0 0 0 0 0 0 0 0 0 16 0 16 16 3 16 16 6 3 0 16 6 16 16 6 16 16 16 4 4 4 6 4 4 2 0 2 2 0 2 2 2 2 2 2 2 2 0 2 2 2 2 2 2 6 
0 0 0 0 0 0 0 0 0 0 0 0 0 0 16 16 16 3 3 16 16 0 6 16 3 6 16 16 0 0 16 0 0 4 4 6 6 0 2 2 2 2 2 0 2 6 2 16 0 2 0 0 2 2 2 2 2 2 6 
0 0 0 0 0 0 0 0 0 0 0 0 0 0 0 16 16 16 3 16 16 6 16 16 3 0 16 16 16 16 16 16 0 0 4 2 2 2 2 2 2 2 2 0 2 2 2 0 0 2 2 2 2 2 2 2 2 2 2 
0 0 0 0 0 0 0 0 0 0 0 0 0 0 16 16 0 0 0 16 16 0 16 16 16 0 0 1 16 16 16 16 16 16 0 2 0 2 2 0 2 2 0 2 2 2 2 0 2 2 2 2 2 2 0 2 2 2 2 
0 0 0 0 0 0 0 0 0 0 0 0 0 16 0 16 0 16 16 16 16 16 16 16 16 16 16 1 16 16 1 16 16 16 0 0 2 2 0 2 2 2 2 0 2 2 2 2 2 0 2 2 2 2 2 0 0 2 0 
0 4 0 0 16 0 0 0 0 0 0 0 16 16 16 0 16 16 0 16 16 16 16 16 16 0 16 16 16 1 16 1 1 16 16 0 2 2 2 2 2 2 2 2 0 2 2 2 0 2 2 2 2 2 0 2 2 2 2 
0 0 0 16 16 0 0 0 0 0 0 16 16 0 16 16 16 16 0 16 16 16 16 16 16 16 16 16 16 16 0 0 0 16 16 16 0 2 32 0 2 2 2 2 2 2 2 2 2 0 0 2 0 6 2 2 6 0 2 
0 0 0 16 0 16 16 0 0 0 0 16 0 16 16 16 16 16 0 16 16 16 16 16 16 16 0 16 0 1 16 0 0 0 16 16 32 32 16 0 2 0 0 0 2 2 2 2 2 2 2 2 0 0 6 2 2 6 2 
0 0 16 16 0 0 16 16 16 0 0 16 16 16 16 0 16 16 16 16 0 16 0 0 0 16 16 16 0 16 16 16 0 0 16 16 32 16 32 32 16 2 2 2 2 2 2 0 0 0 2 2 0 2 2 0 2 2 2 
0 0 0 0 0 16 16 16 1 0 16 0 16 16 16 16 16 16 0 16 16 16 0 0 0 16 0 16 16 16 0 16 16 16 16 16 16 16 16 16 2 2 2 0 2 2 0 0 2 0 2 2 2 2 2 2 0 0 2 
0 0 0 0 16 16 16 1 16 16 16 0 16 16 16 0 16 16 16 16 16 16 16 16 0 0 16 16 16 16 16 16 16 0 16 16 16 16 16 2 2 2 2 2 2 2 2 6 6 6 2 6 2 2 2 0 0 0 0 
0 0 0 0 0 16 1 0 16 16 0 0 0 0 16 16 0 0 16 16 16 16 0 0 0 16 16 16 16 16 0 16 16 16 16 16 16 16 16 0 16 0 0 2 2 2 6 6 6 0 6 2 2 2 2 2 0 0 0 
0 0 0 0 0 0 0 0 0 0 0 16 16 0 16 16 0 0 16 16 0 16 16 0 16 16 16 16 16 16 0 16 16 16 16 0 16 16 16 2 0 16 2 0 16 16 6 6 6 6 6 2 2 0 0 1 0 0 1 
0 0 0 0 0 0 0 0 0 0 0 16 16 0 0 0 0 0 0 0 0 0 16 0 16 16 0 16 16 16 16 16 16 0 16 16 0 0 16 16 0 2 16 16 16 16 6 6 4 0 0 2 1 0 1 1 1 2 0 
0 0 0 0 0 0 0 0 0 0 0 0 0 0 0 0 0 0 0 0 0 0 0 16 16 16 16 16 0 0 16 16 16 16 16 17 0 16 16 16 16 2 2 16 16 16 0 4 1 1 1 1 1 0 1 1 2 0 0 
0 0 0 0 0 0 0 0 0 0 0 0 0 0 0 0 0 0 0 0 0 0 16 16 16 16 16 16 16 16 16 16 16 0 17 16 16 0 16 16 2 0 16 2 16 0 6 1 1 1 1 1 1 0 1 1 0 0 0 
0 0 0 0 0 0 0 0 0 0 0 0 0 0 0 0 0 0 0 0 0 0 16 16 16 16 16 16 1 16 16 0 16 16 16 17 17 16 0 16 16 16 16 2 2 16 16 16 0 16 0 1 0 1 1 1 0 0 0 
0 0 0 0 0 0 0 0 0 0 0 0 0 0 0 0 0 0 0 0 0 0 16 16 16 16 16 16 16 1 16 16 16 16 16 17 16 16 16 16 0 17 0 0 1 16 1 1 1 1 1 1 1 1 1 1 0 0 1 
0 0 0 0 0 0 0 0 0 0 0 0 0 0 0 0 0 0 0 0 0 16 16 16 16 16 16 16 16 1 0 16 0 16 16 0 16 17 17 17 0 17 0 0 1 0 0 16 0 1 1 0 0 0 1 0 1 0 1 
0 0 0 0 0 0 0 0 0 0 0 0 0 0 0 0 0 0 0 0 0 16 0 0 0 0 16 0 16 16 16 16 16 0 16 17 17 17 17 16 0 0 0 0 1 0 0 16 1 1 1 1 0 1 0 5 0 1 1 
0 0 0 0 0 0 0 0 0 0 0 0 0 0 0 0 0 0 0 0 0 16 0 0 0 0 1 16 16 16 16 16 16 0 0 0 17 0 17 17 16 0 16 1 1 1 1 1 1 1 0 1 1 1 1 0 5 1 1 
0 0 0 0 0 0 0 0 0 0 0 0 0 0 0 0 0 0 0 0 0 0 0 0 0 0 1 0 16 16 16 16 16 0 16 16 0 17 17 0 16 16 0 1 1 1 1 0 0 1 1 1 1 1 1 1 5 0 5 
0 0 0 0 0 0 0 0 0 0 0 0 0 0 0 0 0 0 0 0 0 0 0 0 0 0 0 16 16 16 16 16 0 16 16 0 16 0 0 16 16 0 1 1 0 1 0 1 1 0 0 0 0 0 1 1 5 5 0 
0 0 0 1 0 0 0 0 0 0 0 0 0 0 0 0 0 0 0 0 0 0 0 0 0 0 16 0 0 0 16 0 16 16 0 16 16 0 0 0 16 0 0 0 1 0 0 1 1 0 0 0 1 1 0 1 1 0 0 
0 0 1 0 0 0 0 0 0 0 0 0 0 0 0 0 0 0 0 0 0 0 0 0 0 0 16 0 0 0 0 16 16 16 16 0 0 16 16 0 16 16 0 0 1 0 0 1 1 1 1 0 0 0 0 0 0 0 0 
0 0 0 0 0 0 0 0 0 0 0 0 0 0 0 0 0 0 0 0 0 0 0 0 0 0 0 0 0 0 16 0 16 0 16 16 16 16 0 16 16 0 1 1 1 0 0 0 0 0 1 1 0 0 0 0 0 0 0 
0 0 0 0 0 0 0 0 0 0 0 0 0 0 0 0 0 0 0 0 0 0 0 0 0 0 0 0 0 0 0 16 0 16 16 16 16 16 0 16 16 16 0 1 0 0 0 0 0 0 0 0 0 0 0 0 0 0 0 
0 0 0 0 0 0 0 0 0 0 0 0 0 0 0 0 0 0 0 0 0 0 0 0 0 0 0 0 16 0 0 16 16 16 16 16 16 16 16 0 0 16 0 0 0 0 0 0 0 0 0 0 0 0 0 0 0 0 0 
0 0 0 0 0 0 0 0 0 0 0 0 0 0 0 0 0 0 0 0 0 0 0 0 0 0 0 0 16 16 0 0 16 0 0 0 32 16 16 0 0 0 0 0 0 0 0 0 0 0 0 0 0 0 0 0 0 0 0 
0 0 0 0 0 0 0 0 0 0 0 0 0 0 0 0 0 0 0 0 0 0 0 0 0 0 0 0 16 0 16 16 16 16 0 32 0 16 0 16 0 0 0 0 0 0 0 0 0 0 0 0 0 0 0 0 0 0 0 
0 0 0 0 0 0 0 0 0 0 0 0 0 0 0 0 0 0 0 0 0 0 0 0 0 0 16 16 16 16 16 0 0 16 32 32 16 16 16 16 0 0 0 0 0 0 0 0 0 0 0 0 0 0 0 0 0 0 0 
0 0 0 0 0 0 0 0 0 0 0 0 0 0 0 0 0 0 0 0 0 0 0 0 0 0 16 0 0 0 0 0 0 0 16 0 0 0 1 16 16 0 0 0 0 0 0 0 0 0 0 0 0 0 0 0 0 0 0 
0 0 0 0 0 0 0 0 0 0 0 0 0 0 0 0 0 0 0 0 0 0 0 0 0 0 0 0 0 0 0 0 0 0 16 16 0 0 1 16 0 0 0 0 0 0 0 0 0 0 0 0 0 0 0 0 0 0 0 
0 0 0 0 0 0 0 0 0 0 0 0 0 0 0 0 0 0 0 0 0 0 0 0 0 0 0 0 0 0 0 16 0 0 0 0 0 0 1 0 0 1 0 0 0 0 0 0 0 0 0 0 0 0 0 0 0 0 0 
0 0 0 0 0 0 0 0 0 0 0 0 0 0 0 0 0 0 0 0 0 0 0 0 0 0 0 0 0 0 0 0 0 0 0 16 0 0 1 0 0 0 1 0 0 0 0 0 0 0 0 0 0 0 0 0 0 0 0 
0 0 0 0 0 0 0 0 0 0 0 0 0 0 0 0 0 0 0 0 0 0 0 0 0 0 0 0 0 0 0 0 0 0 0 0 0 0 1 0 0 1 0 0 0 0 0 0 0 0 0 0 0 0 0 0 0 0 0 
0 0 0 0 0 0 0 0 0 0 0 0 0 0 0 0 0 0 0 0 0 0 0 0 0 0 0 0 0 0 0 0 0 0 0 0 0 0 0 0 1 0 1 0 0 0 0 0 0 0 0 0 0 0 0 0 0 0 0 
0 0 0 0 0 0 0 0 0 0 0 0 0 0 0 0 0 0 0 0 0 0 0 0 0 0 0 0 0 0 0 0 0 0 0 0 0 0 0 0 0 1 0 0 0 0 0 0 0 0 0 0 0 0 0 0 0 0 0 
0 0 0 0 0 0 0 0 0 0 0 0 0 0 0 0 0 0 0 0 0 0 0 0 0 0 0 0 0 0 0 0 0 0 0 0 0 0 0 0 0 0 0 0 0 0 0 0 0 0 0 0 4 0 0 0 0 0 0 
