# org_id,org_cellx,org_celly,org_forage_target,org_group_id,org_facing
24312282,16,27,-1,-1,7
24307578,5,18,-1,-1,5
24306340,15,3,-1,-1,1
24312729,7,34,-1,-1,3
24312695,39,22,-1,-1,7
24312576,44,48,-1,-1,3
24312748,25,14,-1,-1,7
24296508,56,30,-1,-1,4
24309390,40,10,-1,-1,4
24312793,9,57,-1,-1,4
24296712,2,0,-1,-1,2
24307938,58,44,-1,-1,4
24290581,49,29,-1,-1,2
24300462,57,3,-1,-1,5
24305029,8,7,-1,-1,0
24312543,31,5,-1,-1,6
24313639,48,18,-1,-1,4
24313723,9,55,-1,-1,1
24312172,53,51,-1,-1,5
24306977,20,4,-1,-1,4
24313598,26,53,-1,-1,1
24308350,54,41,-1,-1,2
24313064,5,27,-1,-1,2
24312192,52,28,-1,-1,6
24300761,32,57,-1,-1,3
24310881,31,13,-1,-1,5
24309618,41,46,-1,-1,0
24304112,49,17,-1,-1,5
24313176,29,36,-1,-1,7
24312510,7,14,-1,-1,6
24309409,58,39,-1,-1,7
24312761,0,36,-1,-1,4
24310799,8,10,-1,-1,4
24309295,7,51,-1,-1,3
24312584,18,9,-1,-1,5
24311691,43,20,-1,-1,3
24313480,49,21,-1,-1,0
24312017,57,44,-1,-1,2
24309525,5,19,-1,-1,4
24312070,56,18,-1,-1,5
24312520,27,7,-1,-1,5
24305051,29,2,-1,-1,5
24312472,26,4,-1,-1,6
24313544,46,18,-1,-1,6
24313406,22,50,-1,-1,3
24305077,0,26,-1,-1,4
24310403,53,14,-1,-1,2
24308550,55,17,-1,-1,3
24311878,25,20,-1,-1,7
24309313,13,29,-1,-1,7
24301490,40,11,-1,-1,4
24299543,39,57,-1,-1,6
24313554,30,53,-1,-1,7
24311234,18,1,-1,-1,7
24311402,37,56,-1,-1,0
24313477,9,15,-1,-1,5
24310063,57,58,-1,-1,2
24310622,51,14,-1,-1,5
24310740,18,17,-1,-1,3
24312815,40,24,-1,-1,0
24310319,21,12,-1,-1,5
24312241,41,19,-1,-1,3
24299857,0,3,-1,-1,2
24313454,34,41,-1,-1,2
24313588,8,1,-1,-1,3
24284319,5,16,-1,-1,3
24304115,33,50,-1,-1,2
24309450,28,12,-1,-1,3
24306840,48,15,-1,-1,5
24310339,52,49,-1,-1,7
24310850,52,19,-1,-1,0
24304972,42,29,-1,-1,5
24312347,28,44,-1,-1,5
24306517,57,39,-1,-1,1
24312992,14,15,-1,-1,1
24311257,51,29,-1,-1,7
24304288,3,46,-1,-1,0
24312173,41,7,-1,-1,3
24313066,37,43,-1,-1,4
24311458,34,56,-1,-1,6
24310782,44,36,-1,-1,3
24313627,16,51,-1,-1,7
24311346,27,31,-1,-1,4
24313511,26,29,-1,-1,4
24313103,55,29,-1,-1,0
24313386,44,20,-1,-1,0
24306372,3,9,-1,-1,7
24312478,37,40,-1,-1,7
24312673,30,9,-1,-1,6
24308487,35,48,-1,-1,1
24309431,10,28,-1,-1,5
24300298,12,2,-1,-1,3
24310905,58,52,-1,-1,4
24313752,55,33,-1,-1,6
24309047,56,54,-1,-1,7
24311343,43,47,-1,-1,1
24313039,29,25,-1,-1,4
24311321,21,40,-1,-1,7
24313611,23,40,-1,-1,5
24312872,6,45,-1,-1,4
24313730,31,22,-1,-1,2
24299744,48,56,-1,-1,5
24309150,42,51,-1,-1,6
24312169,55,0,-1,-1,6
24309749,23,58,-1,-1,6
24313515,51,23,-1,-1,4
24313799,14,24,-1,-1,5
24312640,0,30,-1,-1,0
24310969,29,43,-1,-1,7
24310092,12,51,-1,-1,7
24312280,1,42,-1,-1,6
24303076,19,5,-1,-1,2
24313052,39,8,-1,-1,0
24311844,34,52,-1,-1,5
24309415,56,20,-1,-1,0
24313365,24,23,-1,-1,6
24297384,55,30,-1,-1,6
24310380,8,49,-1,-1,3
24313829,2,37,-1,-1,2
24309906,23,47,-1,-1,3
24311291,0,33,-1,-1,4
24311370,57,11,-1,-1,1
24297656,55,32,-1,-1,0
24309301,5,0,-1,-1,3
24308265,36,43,-1,-1,1
24308059,15,18,-1,-1,4
24313650,13,41,-1,-1,2
24311872,0,18,-1,-1,1
24283975,40,51,-1,-1,7
24310320,28,50,-1,-1,3
24309402,5,40,-1,-1,7
24310036,42,53,-1,-1,2
24301474,50,26,-1,-1,1
24313489,55,21,-1,-1,4
24313023,34,9,-1,-1,2
24310678,32,1,-1,-1,4
24301658,5,23,-1,-1,6
24311133,2,11,-1,-1,5
24309758,46,44,-1,-1,2
24310525,33,27,-1,-1,0
24309570,49,43,-1,-1,7
24310889,35,25,-1,-1,4
24312237,50,20,-1,-1,3
24307701,31,24,-1,-1,0
24313602,12,11,-1,-1,1
24309136,4,5,-1,-1,0
24311622,28,1,-1,-1,1
24312517,32,18,-1,-1,5
24312494,41,20,-1,-1,6
24307432,25,56,-1,-1,1
24305448,42,46,-1,-1,5
24313389,24,21,-1,-1,1
24313180,13,57,-1,-1,2
24307429,39,13,-1,-1,0
24310847,19,35,-1,-1,3
24304042,41,42,-1,-1,4
24311060,25,6,-1,-1,2
24311803,21,2,-1,-1,6
24310204,46,35,-1,-1,0
24311395,17,30,-1,-1,4
24312387,42,36,-1,-1,6
24310149,57,47,-1,-1,1
24305319,19,39,-1,-1,4
24312495,2,13,-1,-1,2
24312117,21,31,-1,-1,6
24308161,38,33,-1,-1,5
24303150,37,15,-1,-1,2
24311313,42,18,-1,-1,5
24307633,58,30,-1,-1,4
24312979,11,31,-1,-1,2
24312924,31,44,-1,-1,3
24303853,33,6,-1,-1,3
24311558,4,51,-1,-1,4
24309116,38,22,-1,-1,1
24310102,32,43,-1,-1,6
24313811,20,40,-1,-1,1
24310508,9,36,-1,-1,3
24305982,9,44,-1,-1,5
24313186,31,53,-1,-1,3
24308996,8,33,-1,-1,6
24307987,11,0,-1,-1,4
24297354,30,2,-1,-1,4
24313287,17,38,-1,-1,5
24312151,32,9,-1,-1,5
24310854,20,7,-1,-1,4
24308226,53,21,-1,-1,7
24300865,58,41,-1,-1,4
24312479,51,33,-1,-1,7
24313534,29,46,-1,-1,0
24309530,3,54,-1,-1,5
24313405,17,28,-1,-1,6
24310687,46,31,-1,-1,1
24312581,21,5,-1,-1,2
24309028,47,39,-1,-1,7
24312154,11,57,-1,-1,3
24311175,58,35,-1,-1,4
24311607,32,15,-1,-1,7
24309151,30,51,-1,-1,2
24309988,30,22,-1,-1,5
24311365,2,36,-1,-1,5
24309786,56,22,-1,-1,0
24311616,20,49,-1,-1,6
24288400,0,14,-1,-1,0
24309529,27,54,-1,-1,4
24312575,40,33,-1,-1,2
24310238,34,46,-1,-1,4
24310090,6,24,-1,-1,2
24305128,15,5,-1,-1,0
24313824,18,29,-1,-1,1
24312340,24,1,-1,-1,4
24312392,20,33,-1,-1,4
24307205,30,57,-1,-1,4
24312177,23,56,-1,-1,3
24310349,44,26,-1,-1,6
24307199,7,4,-1,-1,6
24313516,14,45,-1,-1,5
24310291,55,28,-1,-1,7
24307364,48,22,-1,-1,3
24313380,49,13,-1,-1,2
24312200,49,54,-1,-1,4
24313754,11,26,-1,-1,6
24300407,52,21,-1,-1,6
24310773,49,50,-1,-1,4
24308156,23,7,-1,-1,5
24313680,20,37,-1,-1,7
24305205,36,23,-1,-1,4
24311660,14,31,-1,-1,3
24313643,31,46,-1,-1,0
24301587,6,57,-1,-1,0
24310717,18,28,-1,-1,0
24305722,0,55,-1,-1,2
24305526,38,58,-1,-1,6
24309089,33,10,-1,-1,4
24289849,6,0,-1,-1,6
24304699,39,15,-1,-1,3
24312213,33,9,-1,-1,0
24309983,43,19,-1,-1,3
24312447,19,43,-1,-1,4
24310731,34,54,-1,-1,0
24308229,50,15,-1,-1,7
24312993,38,31,-1,-1,0
24311417,19,58,-1,-1,2
24307079,51,36,-1,-1,3
24311672,3,45,-1,-1,4
24312165,7,39,-1,-1,1
24307075,6,53,-1,-1,5
24313708,25,17,-1,-1,2
24309665,14,16,-1,-1,5
24313434,37,27,-1,-1,6
24313492,1,55,-1,-1,5
24312977,19,56,-1,-1,4
24311557,35,40,-1,-1,4
24306925,40,34,-1,-1,7
24310326,21,8,-1,-1,5
24313630,33,56,-1,-1,1
24302839,14,8,-1,-1,0
24294188,35,58,-1,-1,7
24313662,1,28,-1,-1,4
24313681,51,42,-1,-1,3
24309524,49,44,-1,-1,6
24312756,3,38,-1,-1,7
24310213,32,10,-1,-1,1
24311549,21,56,-1,-1,1
24308809,53,10,-1,-1,5
24310963,18,57,-1,-1,4
24313344,11,44,-1,-1,6
24313262,35,57,-1,-1,3
24311998,43,55,-1,-1,4
24302535,50,44,-1,-1,1
24306462,58,7,-1,-1,0
24311110,26,23,-1,-1,2
24311724,30,29,-1,-1,7
24312868,57,46,-1,-1,5
24306970,36,37,-1,-1,5
24313746,14,48,-1,-1,2
24310200,30,45,-1,-1,0
24311906,15,11,-1,-1,6
24313651,51,1,-1,-1,0
24310471,51,0,-1,-1,4
24309235,34,48,-1,-1,2
24308148,19,15,-1,-1,4
24300238,28,46,-1,-1,3
24313161,9,45,-1,-1,0
24306672,38,2,-1,-1,1
24307400,41,6,-1,-1,1
24305478,56,35,-1,-1,4
24308040,40,25,-1,-1,1
24311545,56,58,-1,-1,6
24285765,56,40,-1,-1,2
24301632,24,26,-1,-1,6
24312604,1,43,-1,-1,1
24309200,25,24,-1,-1,4
24311078,44,41,-1,-1,6
24307467,23,2,-1,-1,1
24311384,13,1,-1,-1,6
24307562,23,5,-1,-1,6
24313510,23,18,-1,-1,7
24312277,26,21,-1,-1,2
24312536,17,9,-1,-1,1
24313569,13,44,-1,-1,6
24298622,25,21,-1,-1,4
24298871,44,51,-1,-1,6
24311336,42,22,-1,-1,7
24309453,28,42,-1,-1,1
24301364,52,53,-1,-1,5
24313577,57,0,-1,-1,2
24311639,42,3,-1,-1,0
24313513,11,43,-1,-1,2
24312349,38,49,-1,-1,5
24294888,50,57,-1,-1,3
24310993,25,32,-1,-1,6
24312006,47,29,-1,-1,5
24312945,0,28,-1,-1,0
24313381,6,56,-1,-1,5
24296828,28,5,-1,-1,1
24313660,16,30,-1,-1,7
24313024,28,10,-1,-1,3
24313316,10,20,-1,-1,0
24311595,6,9,-1,-1,1
24311075,28,35,-1,-1,3
24313158,51,43,-1,-1,1
24307844,15,23,-1,-1,0
24308099,47,32,-1,-1,2
24307430,12,12,-1,-1,2
24306829,7,1,-1,-1,4
24313676,4,37,-1,-1,7
24313537,33,22,-1,-1,1
24312951,0,13,-1,-1,0
24313836,5,32,-1,-1,4
24309940,13,6,-1,-1,1
24311012,12,43,-1,-1,1
24312404,41,44,-1,-1,3
24307648,23,14,-1,-1,3
24313479,31,21,-1,-1,2
24283588,58,14,-1,-1,0
24307618,50,35,-1,-1,0
24308714,44,32,-1,-1,1
24312322,19,55,-1,-1,1
24313761,31,35,-1,-1,7
24305560,16,54,-1,-1,2
24310404,50,10,-1,-1,3
24309266,20,34,-1,-1,1
24309930,4,13,-1,-1,4
24313710,4,1,-1,-1,7
24310579,11,25,-1,-1,2
24312948,34,14,-1,-1,3
24303851,3,34,-1,-1,7
24310737,57,29,-1,-1,6
24307900,47,33,-1,-1,6
24313350,33,40,-1,-1,3
24313843,42,45,-1,-1,3
24313697,9,8,-1,-1,7
24301376,48,34,-1,-1,4
24312728,37,26,-1,-1,1
24309369,56,10,-1,-1,6
24302568,0,27,-1,-1,3
24311577,56,4,-1,-1,0
24313310,4,55,-1,-1,4
24312131,17,42,-1,-1,7
24313130,48,53,-1,-1,2
24313490,54,48,-1,-1,2
24310270,52,12,-1,-1,2
24313812,15,20,-1,-1,3
24307390,39,50,-1,-1,5
24307761,11,3,-1,-1,4
24312641,42,31,-1,-1,6
24283433,57,50,-1,-1,7
24305072,51,16,-1,-1,5
24313594,43,21,-1,-1,6
24312042,6,22,-1,-1,5
24313700,13,25,-1,-1,0
24313788,33,21,-1,-1,1
24312501,45,44,-1,-1,7
24313164,29,39,-1,-1,1
24313522,16,42,-1,-1,1
24305818,33,51,-1,-1,7
24312072,9,0,-1,-1,2
24309070,41,18,-1,-1,6
24309990,42,4,-1,-1,1
24305984,48,54,-1,-1,6
24312802,12,35,-1,-1,1
24305091,55,56,-1,-1,2
24312870,36,31,-1,-1,5
24308777,26,3,-1,-1,7
24310431,10,26,-1,-1,6
24313832,41,43,-1,-1,1
24309526,43,32,-1,-1,3
24313343,4,25,-1,-1,7
24312922,54,9,-1,-1,6
24312818,18,21,-1,-1,6
24311533,49,22,-1,-1,2
24313153,26,27,-1,-1,5
24310046,53,0,-1,-1,4
24312752,14,56,-1,-1,6
24312596,29,5,-1,-1,3
24310568,8,13,-1,-1,7
24313193,36,17,-1,-1,7
24313589,34,43,-1,-1,3
24313610,28,23,-1,-1,3
24310941,18,15,-1,-1,3
24309512,28,48,-1,-1,2
24311612,47,7,-1,-1,1
24306676,40,39,-1,-1,0
24313244,8,26,-1,-1,3
24312938,10,48,-1,-1,2
24312890,43,11,-1,-1,3
24308824,8,41,-1,-1,7
24313328,17,34,-1,-1,4
24310352,13,22,-1,-1,7
24313631,32,32,-1,-1,4
24307304,6,11,-1,-1,3
24308575,35,34,-1,-1,2
24313300,40,15,-1,-1,2
24278098,48,46,-1,-1,1
24312631,32,47,-1,-1,4
24312161,31,38,-1,-1,4
24313839,37,51,-1,-1,7
24313493,15,10,-1,-1,3
24311317,1,32,-1,-1,7
24306422,26,48,-1,-1,2
24306270,50,24,-1,-1,3
24310956,32,4,-1,-1,6
24306712,17,2,-1,-1,2
24312191,24,35,-1,-1,0
24311105,27,17,-1,-1,2
24313621,15,54,-1,-1,5
24311038,41,40,-1,-1,4
24310226,32,23,-1,-1,7
24310085,36,53,-1,-1,5
24313792,20,38,-1,-1,1
24312637,56,31,-1,-1,5
24309358,21,52,-1,-1,4
24312853,2,23,-1,-1,2
24313808,53,2,-1,-1,7
24312235,43,4,-1,-1,5
24310954,16,7,-1,-1,6
24310303,9,48,-1,-1,4
24313789,15,37,-1,-1,1
24308648,19,42,-1,-1,2
24312702,2,38,-1,-1,5
24313384,28,49,-1,-1,0
24311272,47,35,-1,-1,0
24312698,24,52,-1,-1,0
24313641,32,8,-1,-1,7
24312509,51,15,-1,-1,7
24293707,30,56,-1,-1,1
24303842,27,10,-1,-1,5
24312592,12,52,-1,-1,6
24301454,9,49,-1,-1,2
24309413,50,47,-1,-1,4
24308496,49,52,-1,-1,2
24300179,11,9,-1,-1,6
24313565,54,4,-1,-1,1
24289635,56,46,-1,-1,7
24305210,6,39,-1,-1,7
24308412,12,48,-1,-1,1
24309476,37,28,-1,-1,6
24313551,44,42,-1,-1,2
24309855,55,23,-1,-1,0
24310549,5,43,-1,-1,1
24313441,30,37,-1,-1,4
24311266,41,28,-1,-1,4
24313112,11,12,-1,-1,4
24312712,30,43,-1,-1,6
24311506,54,57,-1,-1,5
24313168,19,18,-1,-1,7
24313313,29,16,-1,-1,6
24313088,44,38,-1,-1,1
24312363,38,13,-1,-1,6
24312415,23,48,-1,-1,6
24306537,28,47,-1,-1,0
24311041,47,13,-1,-1,7
24307360,56,32,-1,-1,6
24311667,43,0,-1,-1,6
24309783,55,24,-1,-1,4
24312681,27,39,-1,-1,3
24313457,45,40,-1,-1,3
24304090,2,49,-1,-1,5
24312373,12,15,-1,-1,3
24310686,18,0,-1,-1,2
24302210,41,54,-1,-1,2
24311766,27,5,-1,-1,2
24312514,54,19,-1,-1,1
24310517,0,56,-1,-1,3
24302558,52,17,-1,-1,5
24310861,41,14,-1,-1,3
24312679,13,51,-1,-1,0
24300832,34,53,-1,-1,3
24313586,25,57,-1,-1,6
24311702,50,37,-1,-1,7
24313375,53,23,-1,-1,0
24308773,25,15,-1,-1,5
24312132,52,16,-1,-1,5
24310292,37,50,-1,-1,0
24310869,4,32,-1,-1,1
24311681,7,26,-1,-1,0
24313338,2,18,-1,-1,1
24309371,6,6,-1,-1,4
24294181,43,53,-1,-1,2
24313029,33,37,-1,-1,4
24306715,45,25,-1,-1,2
24299937,38,36,-1,-1,5
24301409,6,19,-1,-1,5
24313814,22,7,-1,-1,3
24311585,40,30,-1,-1,7
24312255,36,35,-1,-1,3
24306291,58,27,-1,-1,7
24312081,18,16,-1,-1,4
24312864,30,24,-1,-1,7
24308506,18,3,-1,-1,2
24307799,42,38,-1,-1,4
24309296,3,8,-1,-1,0
24313608,49,41,-1,-1,4
24303975,41,16,-1,-1,3
24310362,37,14,-1,-1,0
24308865,4,48,-1,-1,0
24312737,27,38,-1,-1,0
24309422,6,10,-1,-1,5
24313306,29,13,-1,-1,0
24313297,14,3,-1,-1,1
24305288,32,30,-1,-1,5
24312457,6,54,-1,-1,7
24312589,43,39,-1,-1,1
24313599,17,46,-1,-1,3
24305501,12,8,-1,-1,7
24303482,15,13,-1,-1,1
24313546,19,31,-1,-1,2
24313053,1,53,-1,-1,1
24313399,48,13,-1,-1,5
24306347,28,21,-1,-1,1
24292869,1,10,-1,-1,1
24313646,33,35,-1,-1,5
24308822,26,33,-1,-1,1
24312398,18,56,-1,-1,7
24313738,6,47,-1,-1,5
24312880,42,10,-1,-1,7
24309098,42,16,-1,-1,1
24302704,0,20,-1,-1,2
24310892,42,14,-1,-1,6
24311292,10,4,-1,-1,2
24312534,21,21,-1,-1,7
24312659,50,40,-1,-1,6
24308421,27,19,-1,-1,7
24307436,49,49,-1,-1,4
24308475,29,3,-1,-1,1
24304071,0,6,-1,-1,4
24306663,52,40,-1,-1,3
24313109,21,23,-1,-1,7
24312160,15,51,-1,-1,4
24312243,30,10,-1,-1,6
24313255,17,44,-1,-1,0
24308734,2,20,-1,-1,3
24311529,18,38,-1,-1,1
24308519,46,57,-1,-1,4
24312411,7,29,-1,-1,6
24313459,43,24,-1,-1,1
24312785,11,55,-1,-1,5
24310436,35,32,-1,-1,6
24312697,22,28,-1,-1,0
24312827,12,19,-1,-1,4
24312449,2,39,-1,-1,7
24305430,5,5,-1,-1,5
24313198,35,52,-1,-1,3
24313823,53,26,-1,-1,3
24311847,33,13,-1,-1,4
24313771,15,9,-1,-1,2
24313748,18,14,-1,-1,5
24312941,31,12,-1,-1,7
24311700,2,21,-1,-1,2
24309449,23,55,-1,-1,2
24312375,0,7,-1,-1,0
24309740,38,41,-1,-1,5
24288848,6,15,-1,-1,3
24312735,26,58,-1,-1,1
24306223,55,46,-1,-1,6
24309666,36,10,-1,-1,1
24311010,11,52,-1,-1,7
24306776,10,56,-1,-1,7
24311747,35,17,-1,-1,4
24313659,31,34,-1,-1,3
24313683,9,54,-1,-1,0
24312402,28,14,-1,-1,4
24301219,8,55,-1,-1,7
24312773,19,49,-1,-1,4
24312320,38,51,-1,-1,6
24311398,22,1,-1,-1,3
24312519,34,17,-1,-1,4
24307453,31,19,-1,-1,4
24302753,16,4,-1,-1,7
24310484,26,10,-1,-1,4
24311599,51,46,-1,-1,4
24309998,48,47,-1,-1,0
24312034,46,52,-1,-1,1
24312044,7,24,-1,-1,0
24301592,54,18,-1,-1,1
24313329,46,32,-1,-1,6
24310202,38,5,-1,-1,7
24311468,8,11,-1,-1,6
24311939,8,50,-1,-1,2
24302427,58,31,-1,-1,0
24312871,51,41,-1,-1,1
24311054,9,7,-1,-1,5
24313261,19,36,-1,-1,0
24309662,42,52,-1,-1,0
24305869,49,35,-1,-1,5
24312805,38,12,-1,-1,3
24310787,43,45,-1,-1,6
24313758,29,49,-1,-1,2
24313543,25,45,-1,-1,0
24309055,35,53,-1,-1,4
24308921,47,4,-1,-1,3
24305439,6,32,-1,-1,1
24313377,1,21,-1,-1,0
24302360,10,3,-1,-1,0
24309181,29,29,-1,-1,0
24313170,42,41,-1,-1,7
24303802,56,55,-1,-1,6
24311657,30,33,-1,-1,7
24295415,58,1,-1,-1,4
24308993,45,47,-1,-1,7
24301509,21,4,-1,-1,0
24309437,58,57,-1,-1,0
24306542,40,45,-1,-1,1
24309678,37,38,-1,-1,5
24312701,39,10,-1,-1,1
24310599,6,52,-1,-1,3
24312137,2,25,-1,-1,7
24313747,45,11,-1,-1,7
24312926,13,12,-1,-1,7
24304961,5,3,-1,-1,5
24312304,57,30,-1,-1,2
24313731,35,5,-1,-1,5
24310272,18,5,-1,-1,3
24310620,4,49,-1,-1,7
24308300,49,33,-1,-1,6
24309261,49,26,-1,-1,4
24312876,27,8,-1,-1,3
24308279,53,16,-1,-1,0
24312842,16,37,-1,-1,1
24311502,30,23,-1,-1,0
24313622,8,36,-1,-1,5
24312975,46,27,-1,-1,7
24312605,34,49,-1,-1,1
24313318,28,36,-1,-1,7
24313695,9,42,-1,-1,2
24310793,53,22,-1,-1,4
24313626,28,27,-1,-1,6
24310682,14,50,-1,-1,5
24311605,2,54,-1,-1,0
24311107,4,8,-1,-1,0
24313665,13,52,-1,-1,7
24310924,35,51,-1,-1,4
24311965,47,26,-1,-1,4
24313574,19,24,-1,-1,6
24313468,31,1,-1,-1,2
24313762,27,24,-1,-1,0
24308638,10,45,-1,-1,3
24303274,45,57,-1,-1,3
24313007,36,41,-1,-1,3
24312515,52,35,-1,-1,2
24313303,47,34,-1,-1,0
24312930,26,15,-1,-1,1
24307327,49,4,-1,-1,2
24304289,42,42,-1,-1,4
24310972,50,7,-1,-1,1
24310460,45,5,-1,-1,1
24309224,25,0,-1,-1,6
24309108,50,22,-1,-1,7
24313105,31,29,-1,-1,7
24312772,36,39,-1,-1,5
24308021,27,46,-1,-1,1
24312597,6,58,-1,-1,0
24311540,41,55,-1,-1,2
24312445,1,12,-1,-1,7
24308789,50,14,-1,-1,0
24312187,13,9,-1,-1,6
24311088,35,8,-1,-1,4
24308775,9,1,-1,-1,4
24304882,43,12,-1,-1,2
24310591,19,8,-1,-1,5
24309107,27,13,-1,-1,0
24308050,57,4,-1,-1,0
24306995,5,26,-1,-1,5
24313022,35,12,-1,-1,4
24307729,11,51,-1,-1,7
24305751,56,8,-1,-1,5
24312741,30,13,-1,-1,5
24312671,40,17,-1,-1,7
24312455,49,7,-1,-1,5
24313385,19,22,-1,-1,1
24304866,43,9,-1,-1,6
24313600,17,29,-1,-1,2
24305086,46,26,-1,-1,4
24313309,46,9,-1,-1,0
24312516,2,57,-1,-1,4
24308373,53,8,-1,-1,5
24312619,7,33,-1,-1,4
24307229,15,7,-1,-1,4
24309483,30,32,-1,-1,2
24312098,43,33,-1,-1,3
24308579,13,42,-1,-1,6
24310646,22,16,-1,-1,0
24310952,34,22,-1,-1,1
24311763,18,2,-1,-1,4
24312226,45,24,-1,-1,6
24308808,39,9,-1,-1,4
24310139,41,10,-1,-1,2
24306915,25,11,-1,-1,5
24311744,1,13,-1,-1,1
24309554,38,29,-1,-1,3
24311638,18,42,-1,-1,4
24299470,39,55,-1,-1,2
24310925,4,53,-1,-1,1
24305659,23,3,-1,-1,4
24313192,34,45,-1,-1,5
24312473,41,4,-1,-1,0
24311926,57,40,-1,-1,6
24311143,24,4,-1,-1,6
24310237,50,48,-1,-1,3
24312973,58,8,-1,-1,4
24312775,27,43,-1,-1,5
24313264,12,41,-1,-1,3
24313538,13,17,-1,-1,1
24311664,18,12,-1,-1,4
24309411,41,12,-1,-1,5
24304847,31,33,-1,-1,4
24309387,41,39,-1,-1,1
24312566,9,30,-1,-1,2
24312289,8,30,-1,-1,3
24309922,15,22,-1,-1,4
24313340,54,17,-1,-1,5
24312845,10,23,-1,-1,5
24311220,10,25,-1,-1,1
24312753,55,6,-1,-1,3
24306070,49,8,-1,-1,0
24311655,23,49,-1,-1,6
24311340,4,18,-1,-1,5
24305621,39,42,-1,-1,2
24310779,11,14,-1,-1,2
24313080,25,47,-1,-1,6
24313113,20,45,-1,-1,5
24313173,39,7,-1,-1,3
24313391,34,8,-1,-1,7
24311391,5,20,-1,-1,7
24313576,26,19,-1,-1,4
24301114,27,44,-1,-1,3
24310898,19,50,-1,-1,1
24310273,2,47,-1,-1,5
24302173,12,5,-1,-1,5
24309495,39,31,-1,-1,6
24305532,55,19,-1,-1,3
24313348,50,43,-1,-1,5
24311466,18,18,-1,-1,3
24306360,17,4,-1,-1,7
24313529,28,31,-1,-1,6
24310550,7,41,-1,-1,1
24311333,57,32,-1,-1,4
24311222,41,24,-1,-1,5
24306463,8,35,-1,-1,3
24313642,0,43,-1,-1,3
24311627,19,14,-1,-1,1
24309956,50,0,-1,-1,6
24312314,20,29,-1,-1,6
24312808,11,42,-1,-1,5
24312856,7,30,-1,-1,4
24312835,19,11,-1,-1,4
24305461,26,0,-1,-1,5
24312084,14,12,-1,-1,3
24310268,34,1,-1,-1,0
24310216,4,56,-1,-1,6
24307588,30,25,-1,-1,1
24306497,56,21,-1,-1,7
24309596,1,58,-1,-1,2
24310515,41,49,-1,-1,0
24313816,14,29,-1,-1,5
24296597,15,0,-1,-1,6
24307237,12,24,-1,-1,4
24306589,4,45,-1,-1,6
24312577,41,51,-1,-1,7
24310019,16,10,-1,-1,6
24309960,38,52,-1,-1,5
24299818,31,18,-1,-1,5
24311816,44,53,-1,-1,1
24311165,14,9,-1,-1,0
24313356,36,33,-1,-1,1
24308631,54,0,-1,-1,6
24299420,54,50,-1,-1,5
24305616,40,46,-1,-1,7
24308158,39,29,-1,-1,6
24294031,55,2,-1,-1,3
24311941,47,38,-1,-1,2
24309166,40,16,-1,-1,2
24306810,32,55,-1,-1,2
24305221,36,32,-1,-1,7
24310183,44,12,-1,-1,3
24312120,22,31,-1,-1,7
24312958,46,24,-1,-1,3
24312283,24,16,-1,-1,7
24300913,37,52,-1,-1,6
24313020,8,9,-1,-1,4
24311302,7,13,-1,-1,1
24310759,57,38,-1,-1,2
24312355,31,10,-1,-1,3
24305746,4,2,-1,-1,7
24312932,26,34,-1,-1,2
24313769,42,23,-1,-1,7
24311813,39,45,-1,-1,4
24307748,52,15,-1,-1,6
24312466,24,12,-1,-1,3
24306485,43,17,-1,-1,0
24313265,35,4,-1,-1,2
24313657,19,26,-1,-1,4
24311348,36,4,-1,-1,7
24311150,7,19,-1,-1,6
24313072,1,40,-1,-1,2
24301590,42,50,-1,-1,5
24313417,54,8,-1,-1,1
24310182,4,23,-1,-1,3
24313715,47,44,-1,-1,4
24313558,36,34,-1,-1,6
24312857,9,3,-1,-1,2
24310786,32,12,-1,-1,4
24312153,39,11,-1,-1,1
24310809,15,8,-1,-1,2
24306654,36,8,-1,-1,6
24313084,52,31,-1,-1,4
24311789,34,13,-1,-1,4
24313058,32,24,-1,-1,2
24311476,35,27,-1,-1,1
24309171,41,22,-1,-1,6
24311312,43,46,-1,-1,1
24313413,26,13,-1,-1,0
24312662,32,51,-1,-1,7
24311853,8,3,-1,-1,3
24313585,22,11,-1,-1,2
24311641,44,47,-1,-1,1
24305530,9,33,-1,-1,2
24313701,24,47,-1,-1,4
24313065,38,21,-1,-1,5
24312294,2,26,-1,-1,7
24313801,25,40,-1,-1,6
24303721,17,0,-1,-1,2
24305830,37,39,-1,-1,7
24308170,42,35,-1,-1,2
24300765,20,15,-1,-1,7
24296202,58,54,-1,-1,0
24308354,34,47,-1,-1,5
24306570,4,47,-1,-1,1
24311759,31,51,-1,-1,6
24309021,25,12,-1,-1,6
24313448,22,51,-1,-1,4
24309829,22,38,-1,-1,4
24312574,3,23,-1,-1,2
24311209,41,17,-1,-1,3
24311295,12,55,-1,-1,7
24303637,8,58,-1,-1,2
24312215,38,54,-1,-1,1
24312483,54,36,-1,-1,5
24311977,42,28,-1,-1,7
24308981,48,6,-1,-1,7
24313302,9,18,-1,-1,7
24310693,14,27,-1,-1,4
24310052,52,22,-1,-1,0
24313292,51,10,-1,-1,5
24313601,37,20,-1,-1,5
24307566,5,36,-1,-1,2
24313154,35,49,-1,-1,4
24307218,53,9,-1,-1,2
24311958,43,7,-1,-1,0
24312063,5,25,-1,-1,1
24312068,55,10,-1,-1,7
24311082,32,11,-1,-1,3
24309989,32,39,-1,-1,5
24306577,6,44,-1,-1,6
24305991,53,25,-1,-1,4
24312122,17,39,-1,-1,6
24313284,27,45,-1,-1,4
24312141,1,24,-1,-1,5
24311270,47,36,-1,-1,1
24312690,15,44,-1,-1,1
24303260,10,6,-1,-1,0
24313271,12,56,-1,-1,0
24300835,44,34,-1,-1,3
24313225,40,41,-1,-1,4
24313654,53,24,-1,-1,6
24311284,15,30,-1,-1,3
24311620,8,40,-1,-1,0
24307973,39,54,-1,-1,3
24308862,29,4,-1,-1,2
24312540,34,19,-1,-1,2
24311224,52,26,-1,-1,2
24312798,40,20,-1,-1,0
24299472,55,37,-1,-1,7
24303356,7,17,-1,-1,7
24311633,10,8,-1,-1,2
24313615,8,45,-1,-1,3
24309978,45,15,-1,-1,2
24313169,32,0,-1,-1,2
24313645,6,16,-1,-1,3
24312733,24,49,-1,-1,1
24308936,39,26,-1,-1,6
24311596,23,11,-1,-1,7
24313060,46,13,-1,-1,6
24313444,29,53,-1,-1,1
24310588,57,41,-1,-1,4
24305933,38,18,-1,-1,5
24292199,48,40,-1,-1,6
24306295,13,0,-1,-1,6
24305608,40,9,-1,-1,0
24313142,43,36,-1,-1,2
24312097,46,14,-1,-1,5
24311172,14,58,-1,-1,6
24308892,17,55,-1,-1,1
24311089,19,25,-1,-1,1
24308211,18,49,-1,-1,4
24310224,3,47,-1,-1,5
24307697,22,57,-1,-1,3
24309561,24,53,-1,-1,7
24312250,20,5,-1,-1,7
24313423,28,24,-1,-1,2
24310542,16,12,-1,-1,6
24301163,45,6,-1,-1,2
24308386,18,4,-1,-1,2
24307042,8,39,-1,-1,1
24308222,4,31,-1,-1,1
24313115,19,37,-1,-1,1
24300593,46,37,-1,-1,5
24311640,46,21,-1,-1,2
24311775,56,27,-1,-1,4
24313669,48,57,-1,-1,4
24313725,16,20,-1,-1,2
24312506,52,27,-1,-1,6
24312092,12,40,-1,-1,7
24313347,10,13,-1,-1,3
24308048,50,8,-1,-1,1
24312974,33,23,-1,-1,6
24276621,45,37,-1,-1,2
24312461,16,34,-1,-1,3
24309356,32,3,-1,-1,3
24313032,51,12,-1,-1,1
24302744,6,28,-1,-1,7
24306981,46,30,-1,-1,1
24300526,2,51,-1,-1,6
24305290,45,55,-1,-1,7
24313228,13,37,-1,-1,0
24309506,3,0,-1,-1,6
24313049,10,43,-1,-1,3
24309190,27,32,-1,-1,1
24310060,7,27,-1,-1,3
24313424,26,31,-1,-1,3
24313666,34,38,-1,-1,3
24313120,26,55,-1,-1,0
24312610,33,48,-1,-1,1
24312525,41,47,-1,-1,1
24313782,1,16,-1,-1,7
24309882,5,2,-1,-1,6
24309728,40,12,-1,-1,0
24296657,33,53,-1,-1,3
24312788,57,2,-1,-1,2
24311383,31,31,-1,-1,5
24313742,0,25,-1,-1,0
24311070,47,9,-1,-1,1
24312727,9,50,-1,-1,3
24313487,4,40,-1,-1,3
24313191,12,58,-1,-1,2
24298633,8,5,-1,-1,3
24310196,50,11,-1,-1,5
24312508,15,25,-1,-1,3
24313550,17,32,-1,-1,3
24309064,24,11,-1,-1,7
24313706,43,16,-1,-1,7
24306273,9,12,-1,-1,4
24311662,23,24,-1,-1,5
24312847,38,7,-1,-1,4
24308930,48,31,-1,-1,6
24313521,19,29,-1,-1,4
24303620,48,10,-1,-1,0
24313828,57,7,-1,-1,2
24312633,30,34,-1,-1,3
24312505,4,11,-1,-1,5
24312657,17,1,-1,-1,7
24312984,25,5,-1,-1,2
24312254,36,30,-1,-1,1
24311163,12,28,-1,-1,2
24310915,34,5,-1,-1,0
24307859,48,58,-1,-1,6
24313597,20,47,-1,-1,6
24311644,5,46,-1,-1,5
24310180,7,42,-1,-1,3
24311873,45,17,-1,-1,2
24301039,8,2,-1,-1,3
24311582,38,45,-1,-1,7
24312743,39,33,-1,-1,6
24313737,39,52,-1,-1,0
24311626,33,5,-1,-1,4
24313382,48,36,-1,-1,4
24308209,0,57,-1,-1,3
24305864,7,25,-1,-1,0
24312799,40,56,-1,-1,4
24312888,16,31,-1,-1,5
24313834,37,10,-1,-1,1
24310498,4,29,-1,-1,0
24312645,21,3,-1,-1,4
24313447,35,29,-1,-1,7
24302052,46,3,-1,-1,1
24313539,7,35,-1,-1,6
24293880,12,9,-1,-1,1
24297772,56,44,-1,-1,5
24312123,28,45,-1,-1,4
24305424,56,13,-1,-1,5
24312806,42,9,-1,-1,2
24313526,5,53,-1,-1,2
24311305,8,44,-1,-1,3
24312197,57,45,-1,-1,5
24307513,29,57,-1,-1,6
24313740,44,18,-1,-1,6
24313054,20,23,-1,-1,4
24311008,16,57,-1,-1,3
24306583,2,3,-1,-1,3
24310987,3,37,-1,-1,0
24311497,22,0,-1,-1,2
24311020,55,11,-1,-1,2
24312738,25,25,-1,-1,7
24312985,7,12,-1,-1,6
24313201,37,33,-1,-1,1
24310297,1,46,-1,-1,5
24313476,36,29,-1,-1,1
24310364,44,29,-1,-1,2
24306813,37,1,-1,-1,7
24308577,12,21,-1,-1,5
24311934,36,49,-1,-1,0
24309458,42,6,-1,-1,3
24313557,31,25,-1,-1,5
24309691,47,22,-1,-1,2
24307100,36,1,-1,-1,1
24296390,38,28,-1,-1,4
24309899,2,5,-1,-1,2
24310744,35,39,-1,-1,1
24305316,24,5,-1,-1,7
24305798,17,6,-1,-1,5
24309928,27,21,-1,-1,1
24311689,10,54,-1,-1,3
24309110,53,11,-1,-1,2
24308620,32,44,-1,-1,3
24299714,15,56,-1,-1,1
24313496,20,6,-1,-1,7
24298590,37,9,-1,-1,3
24313827,21,26,-1,-1,3
24312618,39,14,-1,-1,6
24312672,24,14,-1,-1,6
24312369,15,48,-1,-1,4
24310719,16,2,-1,-1,3
24313690,30,44,-1,-1,4
24311351,1,36,-1,-1,0
24296859,27,0,-1,-1,2
24312997,6,17,-1,-1,6
24312700,36,44,-1,-1,1
24312691,58,40,-1,-1,0
24302006,6,7,-1,-1,1
24291295,29,0,-1,-1,6
24312253,50,34,-1,-1,7
24311362,10,1,-1,-1,7
24311912,49,14,-1,-1,5
24312599,42,48,-1,-1,5
24311960,13,35,-1,-1,2
24286417,14,4,-1,-1,2
24312894,14,22,-1,-1,4
24292050,5,12,-1,-1,5
24301784,0,16,-1,-1,0
24312290,22,43,-1,-1,2
24308469,11,15,-1,-1,5
24313247,29,51,-1,-1,3
24305490,52,11,-1,-1,0
24305198,20,9,-1,-1,1
24301521,56,48,-1,-1,7
24312831,48,43,-1,-1,7
24311149,25,19,-1,-1,3
24313774,14,39,-1,-1,1
24313809,35,54,-1,-1,6
24311945,56,14,-1,-1,4
24313722,32,7,-1,-1,1
24306885,40,53,-1,-1,7
24312158,50,54,-1,-1,1
24313326,4,30,-1,-1,4
24311069,28,57,-1,-1,7
24313165,14,21,-1,-1,3
24313432,17,33,-1,-1,7
24302996,45,38,-1,-1,6
24311464,4,46,-1,-1,0
24313002,9,25,-1,-1,0
24295949,58,0,-1,-1,5
24308806,47,6,-1,-1,3
24298289,22,5,-1,-1,4
24313728,1,1,-1,-1,0
24313596,17,17,-1,-1,5
24312265,43,30,-1,-1,4
24312128,13,39,-1,-1,7
24313062,26,8,-1,-1,5
24285111,50,51,-1,-1,2
24308787,46,23,-1,-1,1
24300258,49,40,-1,-1,1
24313364,40,22,-1,-1,0
24310385,1,22,-1,-1,7
24313355,28,58,-1,-1,2
24309946,32,38,-1,-1,5
24299396,55,8,-1,-1,0
24310907,28,0,-1,-1,6
24313374,55,31,-1,-1,7
24310692,16,44,-1,-1,4
24311950,38,53,-1,-1,4
24305673,2,14,-1,-1,0
24307536,13,58,-1,-1,2
24307098,35,3,-1,-1,4
24308914,25,54,-1,-1,4
24311903,46,54,-1,-1,2
24313833,29,1,-1,-1,4
24311112,25,1,-1,-1,1
24312523,57,13,-1,-1,3
24310458,32,58,-1,-1,0
24291155,53,31,-1,-1,4
24310390,35,20,-1,-1,7
24310841,29,15,-1,-1,0
24310132,36,36,-1,-1,2
24309975,45,3,-1,-1,5
24312032,8,48,-1,-1,2
24307118,1,48,-1,-1,3
24310065,55,7,-1,-1,0
24299826,54,51,-1,-1,5
24308312,48,37,-1,-1,0
24312717,46,49,-1,-1,3
24312001,53,6,-1,-1,0
24312143,29,8,-1,-1,6
24312462,29,18,-1,-1,6
24310885,33,29,-1,-1,5
24310328,5,21,-1,-1,4
24313524,4,35,-1,-1,0
24312507,4,19,-1,-1,1
24313831,2,9,-1,-1,5
24307737,9,31,-1,-1,5
24312980,52,18,-1,-1,0
24306792,18,20,-1,-1,0
24311814,11,22,-1,-1,5
24309312,39,27,-1,-1,4
24311837,35,43,-1,-1,6
24310819,16,6,-1,-1,7
24313388,40,31,-1,-1,6
24312615,34,25,-1,-1,6
24313270,54,31,-1,-1,6
24309298,25,48,-1,-1,5
24308919,54,29,-1,-1,6
24313220,50,19,-1,-1,2
24312185,34,2,-1,-1,6
24307293,42,1,-1,-1,3
24312292,51,50,-1,-1,6
24311914,29,47,-1,-1,6
24312630,3,39,-1,-1,7
24313527,51,11,-1,-1,3
24312991,33,4,-1,-1,3
24312242,29,7,-1,-1,6
24311961,21,11,-1,-1,2
24310577,57,36,-1,-1,0
24307647,25,27,-1,-1,7
24313759,31,16,-1,-1,0
24310288,7,28,-1,-1,6
24308726,15,50,-1,-1,2
24311589,25,29,-1,-1,3
24313074,33,30,-1,-1,0
24311670,21,50,-1,-1,3
24300042,52,55,-1,-1,2
24307248,47,1,-1,-1,4
24313083,48,17,-1,-1,2
24310078,7,31,-1,-1,1
24309862,56,56,-1,-1,5
24310846,38,57,-1,-1,6
24309418,52,44,-1,-1,6
24312296,24,15,-1,-1,0
24313181,2,34,-1,-1,3
24312518,34,33,-1,-1,7
24312073,4,27,-1,-1,1
24313256,12,38,-1,-1,5
24304611,19,10,-1,-1,4
24307801,42,26,-1,-1,6
24312931,46,50,-1,-1,4
24301346,7,16,-1,-1,3
24308689,8,18,-1,-1,1
24295468,57,42,-1,-1,6
24313623,14,25,-1,-1,6
24312526,16,0,-1,-1,3
24312397,53,42,-1,-1,7
24309517,58,42,-1,-1,0
24313478,35,28,-1,-1,2
24309866,43,31,-1,-1,7
24313333,54,40,-1,-1,5
24267864,46,56,-1,-1,7
24301709,51,47,-1,-1,5
24311610,34,15,-1,-1,7
24309969,49,42,-1,-1,5
24313005,57,24,-1,-1,2
24312498,18,35,-1,-1,0
24309385,16,26,-1,-1,7
24309056,30,14,-1,-1,6
24311109,9,53,-1,-1,4
24312112,39,4,-1,-1,3
24310424,46,20,-1,-1,6
24311632,16,16,-1,-1,1
24306103,10,14,-1,-1,0
24312787,14,52,-1,-1,0
24308371,15,55,-1,-1,0
24312156,22,17,-1,-1,4
24306913,35,0,-1,-1,4
24303027,46,0,-1,-1,2
24309083,4,26,-1,-1,0
24299802,6,27,-1,-1,2
24310239,4,6,-1,-1,3
24313633,47,10,-1,-1,3
24303674,48,4,-1,-1,0
24312367,15,52,-1,-1,2
24311423,43,51,-1,-1,7
24313295,29,14,-1,-1,7
24308867,48,50,-1,-1,7
24309642,49,32,-1,-1,2
24312248,4,21,-1,-1,3
24312710,12,30,-1,-1,3
24310336,8,6,-1,-1,2
24311294,43,14,-1,-1,3
24296941,2,58,-1,-1,1
24313736,37,46,-1,-1,0
24313174,38,6,-1,-1,5
24308877,29,31,-1,-1,7
24309699,21,32,-1,-1,0
24313472,20,17,-1,-1,3
24311697,34,11,-1,-1,6
24248955,44,49,-1,-1,5
24311822,0,41,-1,-1,3
24310659,58,33,-1,-1,0
24310369,50,23,-1,-1,1
24300080,49,56,-1,-1,2
24306596,33,49,-1,-1,7
24309727,53,18,-1,-1,5
24313783,18,52,-1,-1,3
24312707,19,40,-1,-1,1
24313470,34,27,-1,-1,3
24312819,46,15,-1,-1,6
24306869,51,19,-1,-1,2
24310574,45,42,-1,-1,2
24313553,48,33,-1,-1,1
24302784,39,39,-1,-1,4
24311315,4,16,-1,-1,0
24310048,49,19,-1,-1,6
24312378,17,51,-1,-1,7
24313212,56,23,-1,-1,2
24310711,52,14,-1,-1,1
24310598,19,32,-1,-1,4
24310346,21,28,-1,-1,2
24293512,2,8,-1,-1,5
24310951,51,25,-1,-1,1
24309213,9,19,-1,-1,5
24313202,20,50,-1,-1,4
24301861,53,5,-1,-1,7
24300388,16,5,-1,-1,4
24311809,18,27,-1,-1,7
24313714,1,39,-1,-1,5
24313437,55,12,-1,-1,4
24307478,5,8,-1,-1,4
24312412,50,42,-1,-1,3
24309994,33,41,-1,-1,3
24309931,23,13,-1,-1,4
24313119,52,3,-1,-1,5
24312849,33,14,-1,-1,7
24309344,7,8,-1,-1,3
24312608,7,49,-1,-1,2
24312667,41,29,-1,-1,3
24311390,0,17,-1,-1,1
24295819,17,3,-1,-1,2
24311500,54,24,-1,-1,0
24309342,11,39,-1,-1,3
24313826,15,24,-1,-1,7
24306374,3,6,-1,-1,6
24313727,5,39,-1,-1,3
24312093,42,12,-1,-1,6
24310327,44,16,-1,-1,4
24313484,2,19,-1,-1,2
24309762,48,16,-1,-1,7
24309968,32,54,-1,-1,4
24306881,7,7,-1,-1,3
24311094,43,49,-1,-1,5
24297092,44,2,-1,-1,7
24309258,15,35,-1,-1,7
24313143,12,7,-1,-1,4
24310858,36,12,-1,-1,7
24306319,25,36,-1,-1,4
24308698,27,50,-1,-1,5
24304810,50,3,-1,-1,5
24300113,46,42,-1,-1,5
24310258,35,18,-1,-1,7
24300773,34,55,-1,-1,6
24310091,10,17,-1,-1,5
24312899,29,38,-1,-1,6
24300527,37,4,-1,-1,4
24311511,39,41,-1,-1,1
24305810,54,30,-1,-1,6
24312803,44,22,-1,-1,4
24311231,27,47,-1,-1,3
24311241,3,48,-1,-1,2
24312548,46,33,-1,-1,4
24310123,0,1,-1,-1,1
24308403,45,0,-1,-1,6
24310220,2,10,-1,-1,1
24313667,4,0,-1,-1,5
24313061,7,48,-1,-1,7
24312881,1,56,-1,-1,1
24313436,47,20,-1,-1,3
24313775,51,18,-1,-1,4
24290619,42,58,-1,-1,2
24307501,53,49,-1,-1,2
24312030,13,46,-1,-1,5
24312405,44,3,-1,-1,1
24313133,41,3,-1,-1,7
24306824,18,6,-1,-1,4
24312568,34,31,-1,-1,7
24308491,52,34,-1,-1,4
24312247,37,37,-1,-1,7
24311805,22,44,-1,-1,5
24313266,29,33,-1,-1,1
24313258,45,54,-1,-1,1
24313519,14,32,-1,-1,6
24312682,2,50,-1,-1,0
24313106,26,47,-1,-1,2
24308202,10,55,-1,-1,1
24302714,41,37,-1,-1,1
24311882,33,28,-1,-1,1
24312734,22,26,-1,-1,0
24308352,0,8,-1,-1,2
24310855,58,21,-1,-1,5
24312571,45,27,-1,-1,2
24312591,1,31,-1,-1,2
24309285,15,45,-1,-1,3
24308652,52,6,-1,-1,3
24312569,24,42,-1,-1,4
24311985,3,14,-1,-1,5
24313453,37,41,-1,-1,2
24312238,24,50,-1,-1,1
24309373,15,21,-1,-1,1
24312940,19,20,-1,-1,6
24312649,41,31,-1,-1,5
24312736,25,52,-1,-1,5
24303118,54,26,-1,-1,5
24309068,48,29,-1,-1,1
24303534,57,52,-1,-1,3
24310837,4,9,-1,-1,4
24312512,30,50,-1,-1,2
24313802,1,49,-1,-1,0
24313351,57,49,-1,-1,6
24309794,22,58,-1,-1,1
24311680,44,4,-1,-1,2
24312843,46,19,-1,-1,6
24308639,43,26,-1,-1,0
24293740,23,10,-1,-1,2
24306260,57,22,-1,-1,3
24313735,23,27,-1,-1,1
24306458,15,2,-1,-1,1
24312643,44,33,-1,-1,5
24313768,56,51,-1,-1,7
24313200,54,49,-1,-1,1
24291153,5,58,-1,-1,1
24298899,55,41,-1,-1,3
24313704,8,51,-1,-1,3
24310803,46,38,-1,-1,7
24310853,31,27,-1,-1,0
24311228,0,2,-1,-1,2
24311825,37,3,-1,-1,1
24313435,45,39,-1,-1,4
24313070,19,54,-1,-1,3
24309974,42,57,-1,-1,7
24309182,56,53,-1,-1,7
24312935,16,22,-1,-1,7
24311173,25,33,-1,-1,7
24304664,45,4,-1,-1,5
24312897,18,37,-1,-1,6
24304524,53,57,-1,-1,7
24311140,17,47,-1,-1,2
24312636,33,12,-1,-1,6
24312770,27,33,-1,-1,1
24305022,45,7,-1,-1,0
24313705,17,54,-1,-1,0
24310417,36,46,-1,-1,0
24312642,10,16,-1,-1,6
24311886,11,13,-1,-1,3
24308605,0,9,-1,-1,2
24313257,24,37,-1,-1,5
24311003,27,51,-1,-1,4
24313367,16,43,-1,-1,4
24308776,58,2,-1,-1,7
24312716,39,21,-1,-1,5
24304202,2,31,-1,-1,6
24313111,34,30,-1,-1,0
24300525,54,55,-1,-1,5
24309540,11,7,-1,-1,4
24309228,19,17,-1,-1,1
24308190,54,53,-1,-1,0
24312837,28,55,-1,-1,7
24295317,41,33,-1,-1,3
24309942,24,30,-1,-1,1
24312655,30,31,-1,-1,0
24313614,28,33,-1,-1,4
24306628,51,38,-1,-1,7
24312178,31,9,-1,-1,3
24308871,34,35,-1,-1,3
24313210,34,3,-1,-1,2
24313820,18,41,-1,-1,3
24303231,54,42,-1,-1,5
24312168,46,25,-1,-1,6
24313547,12,22,-1,-1,2
24313376,27,29,-1,-1,6
24307088,51,34,-1,-1,7
24312307,26,35,-1,-1,6
24308461,17,52,-1,-1,0
24311436,30,3,-1,-1,0
24312905,19,13,-1,-1,5
24311431,29,17,-1,-1,2
24313790,49,31,-1,-1,6
24313733,48,35,-1,-1,5
24313177,53,40,-1,-1,6
24302000,51,54,-1,-1,0
24300049,1,35,-1,-1,4
24283216,2,52,-1,-1,7
24312316,37,45,-1,-1,4
24306744,37,7,-1,-1,7
24305878,48,25,-1,-1,4
24306029,31,36,-1,-1,7
24311079,27,14,-1,-1,0
24298714,51,5,-1,-1,2
24313658,55,54,-1,-1,4
24313030,19,21,-1,-1,7
24312186,5,44,-1,-1,1
24313025,37,49,-1,-1,3
24313390,28,20,-1,-1,1
24310761,49,6,-1,-1,3
24313674,36,22,-1,-1,7
24313764,38,56,-1,-1,2
24295646,33,52,-1,-1,5
24312438,27,35,-1,-1,0
24313085,33,32,-1,-1,2
24311575,27,28,-1,-1,1
24312797,24,24,-1,-1,6
24311772,7,36,-1,-1,6
24307404,45,49,-1,-1,6
24313248,25,9,-1,-1,5
24313096,53,1,-1,-1,0
24312221,23,52,-1,-1,4
24309302,38,1,-1,-1,1
24312104,12,42,-1,-1,7
24310130,50,52,-1,-1,0
24308947,1,6,-1,-1,5
24300770,23,15,-1,-1,4
24312886,26,57,-1,-1,5
24311784,4,7,-1,-1,3
24311838,31,45,-1,-1,7
24310056,18,48,-1,-1,5
24312170,13,53,-1,-1,1
24312813,37,34,-1,-1,7
24310338,52,57,-1,-1,5
24309238,28,25,-1,-1,2
24310377,37,35,-1,-1,6
24304543,44,11,-1,-1,2
24311769,34,40,-1,-1,7
24312338,3,25,-1,-1,1
24297278,51,26,-1,-1,7
24309448,3,51,-1,-1,7
24308378,29,55,-1,-1,6
24311865,7,21,-1,-1,1
24310679,56,29,-1,-1,4
24310698,12,13,-1,-1,5
24301324,5,54,-1,-1,4
24311217,20,51,-1,-1,0
24313462,32,16,-1,-1,1
24313018,14,30,-1,-1,4
24312080,15,31,-1,-1,3
24306486,43,6,-1,-1,2
24313369,26,26,-1,-1,1
24313838,29,24,-1,-1,3
24310039,50,36,-1,-1,1
24308767,25,53,-1,-1,3
24310810,54,15,-1,-1,2
24307285,3,12,-1,-1,3
24306659,47,43,-1,-1,3
24313592,15,14,-1,-1,0
24307479,47,8,-1,-1,3
24300336,58,45,-1,-1,0
24311397,29,19,-1,-1,3
24313371,2,45,-1,-1,2
24309057,46,36,-1,-1,1
24313760,43,57,-1,-1,3
24309163,17,7,-1,-1,6
24311609,35,14,-1,-1,6
24301854,56,25,-1,-1,6
24312491,28,37,-1,-1,7
24303902,30,58,-1,-1,2
24311682,8,37,-1,-1,1
24312782,23,41,-1,-1,4
24311293,44,44,-1,-1,6
24312914,55,43,-1,-1,5
24312323,30,19,-1,-1,3
24313269,37,8,-1,-1,3
24313757,0,40,-1,-1,4
24313268,15,15,-1,-1,2
24312564,48,52,-1,-1,0
24308451,53,3,-1,-1,2
24313305,10,41,-1,-1,5
24313102,46,2,-1,-1,4
24312066,26,24,-1,-1,7
24305055,40,36,-1,-1,4
24309854,41,21,-1,-1,6
24311025,45,14,-1,-1,2
24313412,15,53,-1,-1,4
24313129,11,50,-1,-1,1
24309003,26,2,-1,-1,7
24311542,2,7,-1,-1,4
24311765,10,19,-1,-1,7
24313541,52,39,-1,-1,0
24311268,49,57,-1,-1,7
24312755,9,47,-1,-1,1
24309408,43,10,-1,-1,4
24302152,44,14,-1,-1,2
24307636,39,51,-1,-1,1
24312484,2,28,-1,-1,0
24313135,12,47,-1,-1,2
24311515,38,15,-1,-1,6
24313401,30,27,-1,-1,6
24312611,17,58,-1,-1,2
24312062,13,3,-1,-1,5
24308561,31,15,-1,-1,4
24312453,37,0,-1,-1,3
24312406,22,4,-1,-1,3
24310664,14,35,-1,-1,1
24299936,47,55,-1,-1,4
24299241,52,48,-1,-1,6
24311064,23,1,-1,-1,0
24312261,42,33,-1,-1,1
24300207,12,1,-1,-1,1
24312493,39,34,-1,-1,4
24308959,24,57,-1,-1,0
24311299,48,5,-1,-1,6
24309624,14,14,-1,-1,1
24313243,16,40,-1,-1,1
24313203,19,48,-1,-1,5
24306944,57,31,-1,-1,7
24312503,57,53,-1,-1,0
24310214,58,26,-1,-1,7
24313114,40,54,-1,-1,6
24308379,20,10,-1,-1,2
24312769,4,28,-1,-1,2
24313097,19,34,-1,-1,1
24312925,14,23,-1,-1,2
24309817,25,28,-1,-1,2
24310832,14,6,-1,-1,7
24313469,23,44,-1,-1,0
24311554,2,30,-1,-1,5
24310452,52,8,-1,-1,3
24312271,15,47,-1,-1,2
24313237,0,19,-1,-1,0
24312967,16,29,-1,-1,3
24310772,27,48,-1,-1,0
24313040,54,11,-1,-1,6
24312086,7,45,-1,-1,0
24308868,0,42,-1,-1,4
24309777,32,27,-1,-1,5
24309479,36,20,-1,-1,0
24311376,28,16,-1,-1,2
24294172,54,35,-1,-1,4
24312486,0,38,-1,-1,0
24313057,11,53,-1,-1,3
24311385,28,13,-1,-1,2
24313209,6,50,-1,-1,6
24312266,39,48,-1,-1,2
24311050,5,35,-1,-1,0
24306419,48,38,-1,-1,0
24312281,42,11,-1,-1,2
24313241,34,37,-1,-1,6
24303293,32,53,-1,-1,2
24313584,37,47,-1,-1,4
24312436,44,35,-1,-1,3
24312110,33,11,-1,-1,0
24312029,40,14,-1,-1,0
24311381,56,43,-1,-1,2
24301109,54,39,-1,-1,6
24310818,30,30,-1,-1,0
24312646,39,17,-1,-1,7
24307331,40,21,-1,-1,7
24309398,50,58,-1,-1,7
24312358,34,23,-1,-1,1
24312723,20,27,-1,-1,3
24311830,20,55,-1,-1,5
24305264,51,22,-1,-1,5
24313155,5,6,-1,-1,7
24311504,36,2,-1,-1,6
24311900,17,50,-1,-1,4
24304362,50,28,-1,-1,4
24308780,37,31,-1,-1,1
24313497,12,50,-1,-1,5
24293055,30,54,-1,-1,4
24308007,58,19,-1,-1,4
24313362,10,24,-1,-1,4
24311692,6,5,-1,-1,1
24313632,29,34,-1,-1,6
24304497,3,22,-1,-1,1
24310545,19,6,-1,-1,6
24313745,54,43,-1,-1,5
24310059,36,56,-1,-1,7
24312959,35,11,-1,-1,4
24311901,34,16,-1,-1,4
24308975,52,43,-1,-1,7
24303579,47,25,-1,-1,4
24311969,14,47,-1,-1,5
24313744,11,17,-1,-1,6
24313571,19,16,-1,-1,6
24277715,58,43,-1,-1,4
24311147,45,32,-1,-1,7
24313144,51,49,-1,-1,6
24311168,39,44,-1,-1,3
24313840,11,23,-1,-1,7
24303494,11,20,-1,-1,2
24310645,22,37,-1,-1,2
24310094,24,39,-1,-1,7
24306930,48,30,-1,-1,1
24313640,20,56,-1,-1,1
24313016,18,13,-1,-1,2
24312039,23,29,-1,-1,3
24313693,10,57,-1,-1,1
24313807,42,40,-1,-1,2
24310564,12,27,-1,-1,2
24306967,8,20,-1,-1,0
24311894,36,6,-1,-1,1
24304056,43,25,-1,-1,7
24312074,30,49,-1,-1,7
24310608,20,52,-1,-1,4
24313628,32,37,-1,-1,4
24309760,54,56,-1,-1,5
24308964,9,38,-1,-1,2
24309475,45,9,-1,-1,1
24313392,22,20,-1,-1,6
24300859,24,43,-1,-1,7
24280662,40,58,-1,-1,6
24289327,37,58,-1,-1,6
24307015,49,28,-1,-1,5
24312423,2,33,-1,-1,6
24303801,20,0,-1,-1,6
24302595,45,58,-1,-1,6
24309066,10,51,-1,-1,6
24312094,48,23,-1,-1,0
24313548,18,45,-1,-1,6
24312207,35,45,-1,-1,1
24312968,27,12,-1,-1,4
24305880,25,49,-1,-1,4
24308171,31,4,-1,-1,2
24312937,45,46,-1,-1,3
24313591,2,46,-1,-1,4
24310681,51,58,-1,-1,2
24297550,10,58,-1,-1,1
24307146,51,52,-1,-1,3
24309964,56,7,-1,-1,0
24313048,46,45,-1,-1,0
24303046,47,58,-1,-1,6
24313800,18,10,-1,-1,5
24311703,21,41,-1,-1,1
24306185,40,40,-1,-1,6
24310977,47,2,-1,-1,5
24309401,12,20,-1,-1,3
24309672,3,30,-1,-1,5
24311202,26,14,-1,-1,4
24310290,47,18,-1,-1,4
24312048,18,19,-1,-1,1
24313043,49,25,-1,-1,2
24307048,52,0,-1,-1,6
24309912,4,24,-1,-1,1
24301623,31,49,-1,-1,1
24308500,20,25,-1,-1,3
24304024,41,58,-1,-1,0
24309744,37,18,-1,-1,2
24312634,23,50,-1,-1,1
24307551,39,20,-1,-1,6
24313780,20,54,-1,-1,4
24300702,53,19,-1,-1,7
24311711,28,34,-1,-1,5
24313607,16,14,-1,-1,2
24313182,22,22,-1,-1,0
24312724,42,55,-1,-1,7
24311126,45,18,-1,-1,5
24309873,34,20,-1,-1,2
24311663,54,2,-1,-1,2
24310153,29,58,-1,-1,7
24310713,45,19,-1,-1,7
24312556,35,21,-1,-1,2
24307699,43,43,-1,-1,6
24303038,26,40,-1,-1,4
24309339,47,53,-1,-1,2
24308033,55,49,-1,-1,5
24312809,44,37,-1,-1,3
24310865,37,22,-1,-1,4
24312885,4,17,-1,-1,1
24311339,18,32,-1,-1,5
24306090,11,48,-1,-1,6
24312949,10,34,-1,-1,1
24311845,40,55,-1,-1,5
24311086,34,10,-1,-1,4
24311371,10,12,-1,-1,1
24302250,5,4,-1,-1,4
24311821,12,36,-1,-1,2
24296659,52,58,-1,-1,2
24309292,12,32,-1,-1,4
24312127,25,44,-1,-1,5
24310396,39,23,-1,-1,1
24310777,48,27,-1,-1,0
24313460,17,24,-1,-1,7
24313777,12,16,-1,-1,7
24312836,11,46,-1,-1,4
24311654,2,41,-1,-1,2
24311992,21,24,-1,-1,4
24311465,7,40,-1,-1,3
24309840,31,54,-1,-1,0
24312083,19,46,-1,-1,0
24311854,53,17,-1,-1,0
24310551,7,54,-1,-1,7
24313606,1,14,-1,-1,2
24310126,53,48,-1,-1,2
24313429,33,1,-1,-1,0
24313233,50,53,-1,-1,7
24302150,48,14,-1,-1,6
24311828,5,11,-1,-1,1
24306341,3,56,-1,-1,7
24313368,31,55,-1,-1,2
24312299,33,47,-1,-1,3
24310798,14,13,-1,-1,5
24313285,35,31,-1,-1,2
24305323,46,7,-1,-1,2
24312407,17,13,-1,-1,5
24311876,27,27,-1,-1,0
24313652,32,40,-1,-1,4
24313157,0,10,-1,-1,1
24312190,51,53,-1,-1,4
24311015,16,45,-1,-1,2
24310029,30,46,-1,-1,2
24310141,16,53,-1,-1,5
24312689,0,58,-1,-1,2
24306393,58,47,-1,-1,4
24309262,20,12,-1,-1,0
24304749,24,0,-1,-1,2
24310538,6,3,-1,-1,2
24310758,40,2,-1,-1,4
24313505,15,34,-1,-1,4
24313559,20,31,-1,-1,1
24306681,50,55,-1,-1,1
24311309,5,7,-1,-1,3
24307808,38,55,-1,-1,1
24311995,9,22,-1,-1,7
24313563,49,5,-1,-1,3
24312952,0,45,-1,-1,0
24310357,33,58,-1,-1,7
24313466,31,0,-1,-1,2
24292631,33,34,-1,-1,6
24296998,43,56,-1,-1,4
24310944,9,17,-1,-1,6
24310284,29,52,-1,-1,0
24312658,19,27,-1,-1,4
24298742,52,46,-1,-1,2
24295002,9,32,-1,-1,2
24300738,9,58,-1,-1,7
24306253,38,9,-1,-1,5
24302693,1,54,-1,-1,1
24313512,43,15,-1,-1,5
24306587,54,6,-1,-1,3
24312275,32,36,-1,-1,5
24313426,48,12,-1,-1,5
24291801,9,2,-1,-1,0
24311836,24,48,-1,-1,6
24307883,4,38,-1,-1,3
24311885,24,55,-1,-1,4
24312661,5,22,-1,-1,0
24311288,58,4,-1,-1,0
24311806,12,57,-1,-1,6
24313822,16,25,-1,-1,4
24305356,6,34,-1,-1,0
24313322,21,29,-1,-1,2
24310862,57,15,-1,-1,0
24308311,46,47,-1,-1,1
24313194,13,27,-1,-1,6
24311956,15,27,-1,-1,5
24310222,22,39,-1,-1,5
24303470,6,23,-1,-1,3
24301679,43,13,-1,-1,3
24312547,22,49,-1,-1,4
24312804,19,23,-1,-1,2
24307957,51,37,-1,-1,7
24312688,23,38,-1,-1,3
24311113,5,33,-1,-1,1
24311323,53,39,-1,-1,2
24311181,48,11,-1,-1,1
24306256,45,52,-1,-1,3
24308837,6,8,-1,-1,4
24312129,27,34,-1,-1,3
24310755,7,22,-1,-1,0
24308965,28,18,-1,-1,7
24313160,24,58,-1,-1,6
24312217,16,28,-1,-1,0
24311551,12,31,-1,-1,6
24307332,45,12,-1,-1,2
24301562,45,45,-1,-1,0
24312400,36,19,-1,-1,4
24312927,22,29,-1,-1,1
24306447,58,32,-1,-1,6
24301505,51,6,-1,-1,3
24304034,47,45,-1,-1,5
24290064,53,50,-1,-1,1
24313679,35,42,-1,-1,4
24311946,7,0,-1,-1,6
24309675,30,48,-1,-1,5
24300338,1,0,-1,-1,4
24310097,55,14,-1,-1,1
24307380,19,47,-1,-1,0
24312444,14,41,-1,-1,3
24313293,22,33,-1,-1,6
24311282,29,6,-1,-1,1
24310399,35,55,-1,-1,5
24298893,45,51,-1,-1,0
24304068,0,15,-1,-1,4
24313403,31,43,-1,-1,1
24311413,47,40,-1,-1,0
24286539,58,55,-1,-1,0
24313282,13,48,-1,-1,1
24311665,8,15,-1,-1,7
24309286,49,16,-1,-1,7
24311550,0,22,-1,-1,4
24311666,3,26,-1,-1,2
24313430,47,31,-1,-1,6
24311176,50,31,-1,-1,2
24310981,25,30,-1,-1,4
24309179,44,6,-1,-1,6
24312359,55,25,-1,-1,1
24313637,17,22,-1,-1,2
24311509,13,10,-1,-1,6
24310857,42,27,-1,-1,2
24312258,5,34,-1,-1,5
24312907,32,49,-1,-1,6
24309852,37,24,-1,-1,3
24313207,3,29,-1,-1,2
24310105,16,49,-1,-1,3
24309103,39,47,-1,-1,0
24302453,54,5,-1,-1,7
24311408,4,39,-1,-1,3
24300799,2,29,-1,-1,3
24312602,3,42,-1,-1,5
24310503,15,17,-1,-1,1
24313028,47,51,-1,-1,1
24311349,45,23,-1,-1,7
24303982,46,53,-1,-1,6
24311565,25,42,-1,-1,6
24312138,21,20,-1,-1,3
24310748,45,26,-1,-1,1
24312986,1,2,-1,-1,5
24311440,55,26,-1,-1,1
24313739,19,33,-1,-1,2
24311964,14,10,-1,-1,1
24313131,39,37,-1,-1,1
24312996,23,42,-1,-1,1
24310842,44,24,-1,-1,0
24313699,9,51,-1,-1,7
24313213,34,39,-1,-1,4
24313298,14,11,-1,-1,4
24312176,56,38,-1,-1,7
24309808,25,16,-1,-1,4
24311796,9,34,-1,-1,4
24313491,50,29,-1,-1,6
24306875,39,53,-1,-1,7
24312873,1,47,-1,-1,0
24312739,47,28,-1,-1,6
24302780,33,16,-1,-1,4
24312878,24,25,-1,-1,6
24312972,2,22,-1,-1,7
24307323,55,22,-1,-1,6
24312982,13,28,-1,-1,1
24312287,38,34,-1,-1,2
24307775,56,2,-1,-1,4
24313655,13,34,-1,-1,3
24312531,4,50,-1,-1,2
24307077,26,45,-1,-1,2
24309241,39,0,-1,-1,4
24313625,14,46,-1,-1,3
24309982,17,57,-1,-1,2
24313218,36,54,-1,-1,5
24312121,39,38,-1,-1,7
24310976,57,28,-1,-1,3
24306788,52,38,-1,-1,5
24312555,18,43,-1,-1,5
24307174,0,34,-1,-1,3
24311363,45,10,-1,-1,4
24312693,41,53,-1,-1,7
24311098,35,24,-1,-1,6
24309910,33,43,-1,-1,2
24309868,39,6,-1,-1,6
24311267,31,28,-1,-1,1
24310745,50,27,-1,-1,0
24307885,9,24,-1,-1,3
24310797,27,9,-1,-1,3
24312696,14,36,-1,-1,4
24312385,46,29,-1,-1,1
24309022,42,43,-1,-1,7
24309861,58,50,-1,-1,7
24310878,23,19,-1,-1,1
24313750,48,26,-1,-1,7
24312800,29,21,-1,-1,0
24313336,8,19,-1,-1,2
24311705,29,45,-1,-1,6
24300992,1,50,-1,-1,1
24308032,42,15,-1,-1,0
24312995,28,6,-1,-1,3
24313578,22,24,-1,-1,4
24311387,25,46,-1,-1,5
24312632,32,46,-1,-1,0
24308103,56,3,-1,-1,1
24308291,28,54,-1,-1,2
24306499,14,28,-1,-1,6
24303727,55,38,-1,-1,0
24309129,2,32,-1,-1,1
24313327,11,38,-1,-1,5
24310502,3,5,-1,-1,5
24311767,10,37,-1,-1,6
24300467,41,13,-1,-1,4
24310119,51,55,-1,-1,1
24312579,17,23,-1,-1,7
24313346,32,2,-1,-1,4
24313197,11,32,-1,-1,3
24311791,52,37,-1,-1,0
24311720,58,29,-1,-1,0
24309515,51,27,-1,-1,3
24312896,53,52,-1,-1,4
24311649,50,21,-1,-1,6
24299423,46,34,-1,-1,4
24308044,6,14,-1,-1,0
24291089,57,57,-1,-1,5
24313314,22,10,-1,-1,7
24304287,54,34,-1,-1,3
24312969,36,57,-1,-1,5
24312422,44,27,-1,-1,2
24306381,11,5,-1,-1,3
24312720,4,33,-1,-1,7
24300412,2,55,-1,-1,4
24313717,18,51,-1,-1,3
24311059,35,15,-1,-1,2
24312496,27,16,-1,-1,7
24313568,16,47,-1,-1,1
24310958,19,1,-1,-1,1
24306208,26,54,-1,-1,3
24312722,40,5,-1,-1,6
24312703,18,34,-1,-1,0
24313502,24,18,-1,-1,5
24311773,29,37,-1,-1,2
24310414,44,43,-1,-1,3
24301619,12,49,-1,-1,5
24307301,13,11,-1,-1,5
24306871,1,25,-1,-1,3
24313077,52,51,-1,-1,7
24313613,19,41,-1,-1,3
24313446,18,22,-1,-1,5
24307036,55,15,-1,-1,7
24313152,14,0,-1,-1,4
24313014,17,26,-1,-1,3
24307459,37,5,-1,-1,6
24301567,56,17,-1,-1,3
24313231,11,27,-1,-1,6
24306334,53,58,-1,-1,0
24311877,17,25,-1,-1,1
24310970,21,33,-1,-1,2
24309632,28,11,-1,-1,7
24311967,24,17,-1,-1,7
24300505,47,54,-1,-1,3
24313289,6,33,-1,-1,7
24310802,15,26,-1,-1,2
24309830,38,35,-1,-1,0
24313221,55,52,-1,-1,1
24304598,45,13,-1,-1,7
24311687,54,47,-1,-1,2
24291463,58,16,-1,-1,6
24298549,55,18,-1,-1,5
24309664,20,57,-1,-1,3
24312874,40,23,-1,-1,6
24306444,20,39,-1,-1,7
24307560,45,2,-1,-1,3
24313664,16,19,-1,-1,7
24313501,41,15,-1,-1,1
24298427,46,8,-1,-1,1
24303736,55,3,-1,-1,6
24313118,35,33,-1,-1,1
24313587,2,56,-1,-1,5
24310128,42,30,-1,-1,2
24311679,55,42,-1,-1,7
24312336,14,43,-1,-1,0
24313635,41,34,-1,-1,2
24309774,55,27,-1,-1,7
24304619,1,3,-1,-1,6
24309392,57,6,-1,-1,5
24312570,3,31,-1,-1,4
24312764,9,56,-1,-1,0
24311594,1,57,-1,-1,6
24311028,21,6,-1,-1,7
24313240,26,39,-1,-1,5
24311528,48,0,-1,-1,3
24313383,15,39,-1,-1,1
24301673,45,29,-1,-1,7
24303080,37,53,-1,-1,4
24312085,20,30,-1,-1,1
24307544,13,56,-1,-1,4
24302649,3,28,-1,-1,4
24303279,28,2,-1,-1,4
24312465,11,21,-1,-1,7
24306767,58,53,-1,-1,4
24312047,23,33,-1,-1,6
24308955,38,50,-1,-1,0
24312869,21,54,-1,-1,1
24305809,5,52,-1,-1,6
24310098,21,9,-1,-1,2
24312528,42,47,-1,-1,4
24308615,43,40,-1,-1,6
24313252,12,46,-1,-1,0
24312376,27,26,-1,-1,5
24313037,50,5,-1,-1,6
24310984,6,31,-1,-1,1
24311890,4,14,-1,-1,6
24313260,44,17,-1,-1,4
24312167,39,28,-1,-1,6
24313125,12,25,-1,-1,4
24310936,13,13,-1,-1,0
24311483,4,43,-1,-1,1
24310181,3,20,-1,-1,1
24307823,21,1,-1,-1,2
24313499,40,43,-1,-1,1
24306638,53,12,-1,-1,4
24312825,23,37,-1,-1,0
24304723,8,31,-1,-1,0
24311513,9,29,-1,-1,2
24305962,5,17,-1,-1,2
24309950,29,12,-1,-1,1
24312067,42,13,-1,-1,6
24313195,0,4,-1,-1,1
24295940,46,12,-1,-1,6
24307096,12,4,-1,-1,6
24313636,21,38,-1,-1,2
24301026,3,18,-1,-1,5
24313071,40,38,-1,-1,4
24313199,48,44,-1,-1,1
24313734,27,30,-1,-1,1
24313009,56,50,-1,-1,5
24312943,51,48,-1,-1,7
24307020,46,6,-1,-1,0
24310917,47,12,-1,-1,2
24296897,39,58,-1,-1,2
24311694,28,56,-1,-1,2
24313482,34,29,-1,-1,3
24313536,30,4,-1,-1,2
24307867,14,19,-1,-1,6
24313755,31,3,-1,-1,3
24311905,29,35,-1,-1,5
24313055,3,21,-1,-1,0
24313286,34,34,-1,-1,5
24311344,47,23,-1,-1,7
24313564,28,30,-1,-1,6
24312978,49,24,-1,-1,1
24313167,23,20,-1,-1,1
24304662,40,4,-1,-1,3
24312783,31,47,-1,-1,5
24310142,20,20,-1,-1,4
24309580,50,49,-1,-1,4
24289339,0,51,-1,-1,1
24310464,43,37,-1,-1,2
24310668,36,50,-1,-1,4
24304513,14,5,-1,-1,2
24313656,1,11,-1,-1,2
24313407,4,54,-1,-1,2
24311108,56,5,-1,-1,7
24310560,40,8,-1,-1,0
24313573,13,15,-1,-1,1
24310849,21,30,-1,-1,2
24313498,8,25,-1,-1,3
24312598,30,20,-1,-1,3
24311214,33,46,-1,-1,0
24310184,29,48,-1,-1,7
24304863,51,28,-1,-1,7
24310035,52,10,-1,-1,7
24312301,30,36,-1,-1,0
24310058,53,33,-1,-1,4
24303011,40,42,-1,-1,0
24313570,16,58,-1,-1,1
24312425,27,20,-1,-1,1
24310838,6,26,-1,-1,0
24313713,19,4,-1,-1,5
24308237,56,45,-1,-1,3
24310000,31,11,-1,-1,2
24313593,31,30,-1,-1,5
24313464,15,33,-1,-1,4
24311827,11,33,-1,-1,2
24310590,30,1,-1,-1,2
24313069,47,3,-1,-1,3
24312344,4,22,-1,-1,2
24313419,2,44,-1,-1,6
24312957,31,37,-1,-1,2
24313817,18,33,-1,-1,3
24313691,44,55,-1,-1,7
24310734,29,9,-1,-1,4
24309545,32,21,-1,-1,4
24305811,3,2,-1,-1,5
24304077,41,27,-1,-1,2
24310566,6,4,-1,-1,6
24285827,55,58,-1,-1,7
24311997,32,52,-1,-1,4
24291819,58,51,-1,-1,4
24312572,38,40,-1,-1,1
24311276,31,40,-1,-1,2
24302808,51,32,-1,-1,5
24311518,8,8,-1,-1,7
24305451,56,19,-1,-1,7
24309872,54,45,-1,-1,1
24309237,28,7,-1,-1,2
24310975,52,33,-1,-1,7
24312470,36,3,-1,-1,3
24307670,1,4,-1,-1,6
24310705,38,30,-1,-1,5
24312674,36,21,-1,-1,2
24310961,21,14,-1,-1,4
24311760,21,17,-1,-1,5
24303511,44,10,-1,-1,6
24276860,55,47,-1,-1,2
24313806,5,51,-1,-1,3
24311218,11,1,-1,-1,5
24311951,23,31,-1,-1,5
24302372,57,8,-1,-1,7
24312329,6,37,-1,-1,2
24312911,11,36,-1,-1,6
24313234,39,32,-1,-1,6
24313278,34,44,-1,-1,7
24304829,29,27,-1,-1,3
24305370,7,47,-1,-1,5
24307653,53,30,-1,-1,6
24310523,7,32,-1,-1,3
24309323,29,44,-1,-1,7
24311619,46,4,-1,-1,2
24312236,17,41,-1,-1,7
24311386,24,3,-1,-1,6
24312812,47,17,-1,-1,2
24312830,27,22,-1,-1,0
24309850,45,28,-1,-1,1
24311971,48,3,-1,-1,7
24309128,41,57,-1,-1,7
24313644,50,38,-1,-1,7
24309547,15,40,-1,-1,3
24304434,50,12,-1,-1,0
24313726,36,51,-1,-1,6
24313204,12,37,-1,-1,0
24307123,37,30,-1,-1,7
24309816,52,29,-1,-1,0
24310618,51,24,-1,-1,5
24311154,12,34,-1,-1,1
24306793,49,55,-1,-1,6
24312339,32,22,-1,-1,0
24313253,8,32,-1,-1,4
24313205,52,23,-1,-1,2
24306806,30,5,-1,-1,2
24313528,14,34,-1,-1,5
24311874,57,34,-1,-1,2
24312257,42,7,-1,-1,0
24310068,30,15,-1,-1,3
24313504,33,55,-1,-1,5
24312893,25,8,-1,-1,6
24303774,3,58,-1,-1,6
24312762,43,2,-1,-1,2
24303937,33,8,-1,-1,3
24308900,54,20,-1,-1,1
24311820,49,34,-1,-1,3
24310795,33,7,-1,-1,7
24312075,3,40,-1,-1,7
24313793,38,25,-1,-1,7
24312107,16,38,-1,-1,6
24311287,40,27,-1,-1,0
24304641,56,57,-1,-1,1
24312056,13,26,-1,-1,2
24313272,15,41,-1,-1,3
24310340,55,34,-1,-1,5
24306952,42,34,-1,-1,2
24313471,35,16,-1,-1,6
24309880,39,35,-1,-1,0
24304803,57,27,-1,-1,3
24311066,49,15,-1,-1,3
24313239,2,48,-1,-1,1
24301724,13,55,-1,-1,2
24313797,46,40,-1,-1,1
24312989,38,44,-1,-1,4
24307463,13,5,-1,-1,1
24313638,16,18,-1,-1,0
24308823,24,20,-1,-1,0
24313580,22,40,-1,-1,2
24307927,30,28,-1,-1,7
24309216,3,44,-1,-1,4
24306839,21,46,-1,-1,1
24313214,24,36,-1,-1,7
24313532,8,52,-1,-1,1
24304816,2,53,-1,-1,2
24312194,15,19,-1,-1,0
24309811,56,24,-1,-1,7
24306658,36,24,-1,-1,3
24309671,27,6,-1,-1,2
24311646,40,37,-1,-1,2
24313418,25,13,-1,-1,0
24312765,31,26,-1,-1,5
24309895,30,52,-1,-1,1
24313837,43,18,-1,-1,6
24310373,49,11,-1,-1,4
24307156,0,39,-1,-1,0
24308933,4,36,-1,-1,2
24313729,45,31,-1,-1,5
24304760,2,15,-1,-1,1
24313702,7,43,-1,-1,2
24310959,25,18,-1,-1,1
24312624,45,16,-1,-1,1
24309600,54,44,-1,-1,0
24308505,53,46,-1,-1,0
24307666,46,43,-1,-1,5
24307710,51,31,-1,-1,2
24311377,50,39,-1,-1,7
24306746,39,46,-1,-1,3
24312045,35,26,-1,-1,1
24310619,2,35,-1,-1,2
24312149,3,3,-1,-1,5
24301288,7,10,-1,-1,5
24301435,22,2,-1,-1,2
24312511,3,11,-1,-1,4
24307802,58,11,-1,-1,4
24310501,25,7,-1,-1,5
24313458,39,2,-1,-1,3
24313121,21,57,-1,-1,0
24306017,45,34,-1,-1,6
24309884,33,25,-1,-1,7
24300377,41,56,-1,-1,0
24313581,20,43,-1,-1,1
24310729,18,55,-1,-1,2
24313379,21,16,-1,-1,5
24312994,53,34,-1,-1,6
24313721,50,2,-1,-1,5
24310817,40,18,-1,-1,1
24312374,43,29,-1,-1,6
24313552,18,39,-1,-1,0
24293286,55,53,-1,-1,7
24310714,23,46,-1,-1,7
24307334,19,7,-1,-1,5
24312749,15,42,-1,-1,0
24313230,30,18,-1,-1,7
24312776,22,18,-1,-1,4
24313277,24,45,-1,-1,0
24309322,26,5,-1,-1,3
24313716,11,40,-1,-1,4
24313089,39,43,-1,-1,6
24306428,8,12,-1,-1,1
24313363,28,28,-1,-1,6
24312792,16,56,-1,-1,4
24295431,0,35,-1,-1,4
24310872,38,8,-1,-1,1
24312810,38,19,-1,-1,5
24310707,9,40,-1,-1,2
24312652,22,9,-1,-1,2
24313830,13,21,-1,-1,3
24312163,57,55,-1,-1,1
24311425,24,10,-1,-1,0
24309766,43,52,-1,-1,7
24311182,23,4,-1,-1,3
24312183,44,40,-1,-1,3
24312817,42,24,-1,-1,6
24299184,0,32,-1,-1,0
24312552,17,56,-1,-1,1
24311858,24,54,-1,-1,1
24312102,28,39,-1,-1,3
24313707,32,42,-1,-1,1
24312380,17,15,-1,-1,2
24302768,2,40,-1,-1,2
24312270,1,15,-1,-1,3
24310606,33,18,-1,-1,7
24313370,22,13,-1,-1,0
24313805,31,57,-1,-1,5
24312487,6,36,-1,-1,7
24312100,18,30,-1,-1,2
24312746,11,11,-1,-1,3
24312354,21,42,-1,-1,4
24312485,28,3,-1,-1,0
24308751,49,38,-1,-1,5
24303574,0,52,-1,-1,3
24312647,29,22,-1,-1,3
24283307,48,48,-1,-1,0
24305544,3,1,-1,-1,7
24312629,25,39,-1,-1,5
24313092,38,47,-1,-1,4
24306708,28,32,-1,-1,4
24308619,56,49,-1,-1,3
24313357,31,56,-1,-1,3
24311819,12,6,-1,-1,5
24310824,14,38,-1,-1,2
24312740,23,39,-1,-1,6
24312786,36,48,-1,-1,3
24307903,47,11,-1,-1,5
24308783,44,15,-1,-1,2
24312262,25,26,-1,-1,1
24313582,21,25,-1,-1,6
24301877,8,0,-1,-1,3
24311963,44,30,-1,-1,7
24312193,38,42,-1,-1,7
24293389,55,40,-1,-1,0
24305360,5,45,-1,-1,7
24312024,44,5,-1,-1,4
24310940,6,13,-1,-1,6
24309205,33,26,-1,-1,0
24313409,13,47,-1,-1,3
24309471,2,12,-1,-1,1
24292400,11,2,-1,-1,6
24312147,10,39,-1,-1,3
24311866,52,4,-1,-1,4
24301504,28,52,-1,-1,1
24312136,33,45,-1,-1,7
24312452,7,15,-1,-1,5
24312040,21,7,-1,-1,2
24308671,47,52,-1,-1,5
24313653,20,22,-1,-1,5
24289055,24,56,-1,-1,7
24309836,30,6,-1,-1,1
24306441,38,4,-1,-1,3
24294396,43,50,-1,-1,7
24303665,57,33,-1,-1,0
24313110,12,29,-1,-1,2
24311669,57,16,-1,-1,6
24307687,22,52,-1,-1,4
24312396,4,20,-1,-1,1
24310450,49,18,-1,-1,3
24313196,8,46,-1,-1,5
24311104,51,35,-1,-1,4
24309593,54,21,-1,-1,4
24312751,57,17,-1,-1,3
24313003,8,53,-1,-1,0
24313661,25,22,-1,-1,3
24313488,10,46,-1,-1,0
24311793,17,53,-1,-1,6
24313732,33,57,-1,-1,4
24309535,46,17,-1,-1,0
24310910,11,45,-1,-1,2
24311884,29,23,-1,-1,0
24311631,56,52,-1,-1,3
24303992,1,9,-1,-1,7
24311280,30,11,-1,-1,0
24309932,1,34,-1,-1,5
24312309,25,37,-1,-1,4
24311062,29,26,-1,-1,3
24312820,8,23,-1,-1,0
24308410,27,1,-1,-1,7
24308233,32,20,-1,-1,4
24308539,55,16,-1,-1,1
24313059,16,46,-1,-1,1
24308604,56,47,-1,-1,0
24312936,8,57,-1,-1,5
24311119,27,56,-1,-1,2
24307581,46,28,-1,-1,0
24307542,53,20,-1,-1,5
24311587,6,49,-1,-1,7
24312417,17,48,-1,-1,1
24312352,57,1,-1,-1,7
24310185,24,38,-1,-1,5
24312532,48,32,-1,-1,7
24313525,35,19,-1,-1,0
24307858,25,43,-1,-1,3
24310020,10,18,-1,-1,4
24313686,3,36,-1,-1,7
24310445,5,37,-1,-1,1
24311576,35,13,-1,-1,6
24306501,13,4,-1,-1,0
24311600,10,22,-1,-1,6
24310491,8,43,-1,-1,2
24310808,37,42,-1,-1,4
24312108,29,30,-1,-1,0
24311658,16,55,-1,-1,0
24312732,37,17,-1,-1,5
24312390,35,38,-1,-1,1
24313254,15,12,-1,-1,5
24313503,6,18,-1,-1,4
24309759,55,57,-1,-1,2
24311194,30,41,-1,-1,2
24297342,38,37,-1,-1,6
24307832,5,28,-1,-1,1
24295922,46,11,-1,-1,6
24312920,40,52,-1,-1,6
24304599,56,12,-1,-1,1
24313813,43,42,-1,-1,2
24303631,10,2,-1,-1,6
24300133,19,0,-1,-1,6
24309954,14,55,-1,-1,7
24313134,34,12,-1,-1,4
24312904,7,56,-1,-1,4
24312595,47,48,-1,-1,4
24309773,26,41,-1,-1,1
24313215,10,35,-1,-1,7
24309053,55,50,-1,-1,2
24305142,49,1,-1,-1,5
24311690,34,32,-1,-1,2
24313187,12,39,-1,-1,2
24312578,31,14,-1,-1,6
24304696,20,2,-1,-1,3
24310643,5,30,-1,-1,3
24312246,33,3,-1,-1,6
24294644,58,46,-1,-1,7
24311725,18,40,-1,-1,7
24311856,31,23,-1,-1,0
24312660,27,18,-1,-1,1
24311156,58,12,-1,-1,6
24313342,25,23,-1,-1,0
24313335,32,19,-1,-1,3
24309751,51,21,-1,-1,3
24312264,17,45,-1,-1,4
24313294,13,49,-1,-1,2
24313034,25,58,-1,-1,2
24312279,10,42,-1,-1,1
24313743,38,39,-1,-1,7
24312934,36,13,-1,-1,5
24310462,32,56,-1,-1,1
24309138,1,17,-1,-1,2
24307344,46,51,-1,-1,2
24310775,34,24,-1,-1,3
24309242,30,40,-1,-1,4
24313703,17,19,-1,-1,5
24313175,35,46,-1,-1,4
24311875,26,11,-1,-1,6
24312963,36,7,-1,-1,5
24311800,44,50,-1,-1,0
24301840,57,54,-1,-1,2
24308928,19,38,-1,-1,4
24310918,50,32,-1,-1,0
24307826,40,57,-1,-1,7
24291885,46,58,-1,-1,6
24313818,48,9,-1,-1,1
24312427,35,23,-1,-1,3
24312410,17,37,-1,-1,0
24313620,11,35,-1,-1,2
24300119,50,46,-1,-1,2
24312490,10,33,-1,-1,0
24307178,27,4,-1,-1,7
24309669,41,5,-1,-1,4
24311036,37,32,-1,-1,6
24313334,38,38,-1,-1,7
24304601,46,55,-1,-1,2
24308626,52,24,-1,-1,6
24311811,29,54,-1,-1,4
24297476,39,56,-1,-1,7
24313842,5,31,-1,-1,3
24313276,13,16,-1,-1,6
24307936,22,55,-1,-1,5
24313162,11,54,-1,-1,2
24310612,54,14,-1,-1,4
24311797,7,18,-1,-1,2
24312601,48,55,-1,-1,4
24312988,17,12,-1,-1,2
24309072,42,0,-1,-1,3
24312858,40,48,-1,-1,2
24311846,21,45,-1,-1,5
24305409,9,52,-1,-1,2
24308673,54,7,-1,-1,5
24310095,41,45,-1,-1,5
24313331,10,47,-1,-1,5
24312428,40,35,-1,-1,0
24313556,20,44,-1,-1,7
24313624,35,22,-1,-1,5
24313687,43,22,-1,-1,0
24312504,44,8,-1,-1,6
24313422,31,39,-1,-1,7
24312545,16,9,-1,-1,4
24303188,52,2,-1,-1,1
24312050,17,43,-1,-1,7
24297685,58,23,-1,-1,6
24313128,8,47,-1,-1,7
24306678,28,19,-1,-1,7
24313159,23,30,-1,-1,1
24313474,54,22,-1,-1,3
24308760,42,49,-1,-1,5
24305276,34,58,-1,-1,1
24313291,29,32,-1,-1,6
24313216,4,57,-1,-1,3
24311434,1,37,-1,-1,6
24306694,44,39,-1,-1,5
24308186,57,23,-1,-1,4
24312744,49,12,-1,-1,0
24310334,23,23,-1,-1,1
24303818,49,45,-1,-1,7
24312058,12,14,-1,-1,2
24312883,49,47,-1,-1,1
24312807,38,20,-1,-1,2
24307517,19,2,-1,-1,2
24312823,15,49,-1,-1,5
24313273,10,40,-1,-1,7
24310001,44,54,-1,-1,7
24311430,0,50,-1,-1,4
24307465,31,42,-1,-1,7
24313798,36,18,-1,-1,4
24311955,56,16,-1,-1,3
24301340,25,51,-1,-1,0
24312429,52,52,-1,-1,6
24312709,1,23,-1,-1,0
24305540,32,6,-1,-1,2
24313090,21,53,-1,-1,0
24311375,30,35,-1,-1,0
24313509,26,28,-1,-1,5
24313279,15,57,-1,-1,5
24313616,43,38,-1,-1,5
24313094,8,24,-1,-1,2
24310014,39,12,-1,-1,4
24313749,16,52,-1,-1,4
24310971,51,30,-1,-1,3
24312879,32,31,-1,-1,0
24313787,17,27,-1,-1,6
24313320,13,20,-1,-1,0
24309551,48,49,-1,-1,0
24303527,38,14,-1,-1,4
24312041,34,21,-1,-1,5
24311615,16,21,-1,-1,3
24310658,12,23,-1,-1,3
24312273,46,16,-1,-1,6
24301514,56,15,-1,-1,2
24312683,21,39,-1,-1,4
24308636,33,36,-1,-1,3
24296922,51,17,-1,-1,6
24310722,14,26,-1,-1,6
24312559,38,23,-1,-1,5
24310537,14,44,-1,-1,1
24309637,36,0,-1,-1,4
24312139,32,50,-1,-1,3
24309048,52,9,-1,-1,4
24312544,34,26,-1,-1,5
24311057,22,8,-1,-1,1
24307280,54,32,-1,-1,1
24309999,7,58,-1,-1,7
24313475,5,55,-1,-1,3
24308904,43,44,-1,-1,6
24312685,54,23,-1,-1,0
24304495,37,57,-1,-1,3
24311076,14,42,-1,-1,2
24311325,43,58,-1,-1,6
24312955,34,50,-1,-1,6
24312855,27,11,-1,-1,2
24313796,3,15,-1,-1,3
24310305,6,46,-1,-1,3
24302488,58,15,-1,-1,4
24307659,12,53,-1,-1,2
24312998,32,28,-1,-1,6
24298780,54,52,-1,-1,1
24307496,41,36,-1,-1,5
24312388,46,46,-1,-1,2
24311887,33,15,-1,-1,3
24310708,44,1,-1,-1,1
24301921,10,0,-1,-1,6
24312542,25,35,-1,-1,0
24313188,12,17,-1,-1,3
24312892,20,3,-1,-1,3
24310378,53,56,-1,-1,0
24312389,57,18,-1,-1,1
24303985,16,39,-1,-1,1
24301697,4,15,-1,-1,1
24300217,5,49,-1,-1,2
24313756,6,38,-1,-1,0
24302436,9,6,-1,-1,7
24305238,14,1,-1,-1,2
24287684,56,0,-1,-1,6
24311728,23,28,-1,-1,6
24312220,30,17,-1,-1,3
24309909,7,57,-1,-1,5
24311204,54,10,-1,-1,1
24295037,41,48,-1,-1,1
24311096,50,33,-1,-1,3
24294311,40,44,-1,-1,3
24308344,57,56,-1,-1,3
24299037,39,25,-1,-1,7
24306379,43,48,-1,-1,4
24309583,47,27,-1,-1,3
24309504,42,8,-1,-1,0
24312546,35,7,-1,-1,0
24312046,19,53,-1,-1,0
24304458,51,2,-1,-1,4
24312965,25,10,-1,-1,7
24306903,26,12,-1,-1,7
24311412,0,21,-1,-1,0
24311898,3,52,-1,-1,0
24309926,36,15,-1,-1,7
24312337,32,25,-1,-1,3
24304226,3,49,-1,-1,2
24306238,7,52,-1,-1,1
24311719,44,0,-1,-1,3
24307953,47,42,-1,-1,6
24312013,19,19,-1,-1,6
24308584,9,41,-1,-1,0
24313778,45,1,-1,-1,6
24300758,37,55,-1,-1,4
24311889,33,38,-1,-1,2
24313283,21,35,-1,-1,3
24312037,12,26,-1,-1,3
24309927,37,44,-1,-1,7
24312480,11,41,-1,-1,2
24311332,13,54,-1,-1,1
24309812,28,29,-1,-1,0
24312708,11,16,-1,-1,5
24312458,18,23,-1,-1,3
24312306,49,2,-1,-1,6
24313604,35,2,-1,-1,2
24313408,44,31,-1,-1,4
24312560,58,6,-1,-1,7
24309333,26,46,-1,-1,6
24306275,0,0,-1,-1,3
24306309,37,12,-1,-1,5
24312971,34,28,-1,-1,1
24313682,32,14,-1,-1,1
24311812,20,24,-1,-1,1
24313677,17,14,-1,-1,0
24309599,4,12,-1,-1,5
24309807,48,1,-1,-1,7
24312801,13,36,-1,-1,1
24304922,49,51,-1,-1,7
24301307,1,5,-1,-1,3
24305117,55,39,-1,-1,7
24307716,45,36,-1,-1,7
24305778,57,25,-1,-1,3
24310985,45,30,-1,-1,4
24312022,10,15,-1,-1,1
24312291,35,41,-1,-1,6
24313445,18,36,-1,-1,0
24312233,32,17,-1,-1,3
24310140,0,29,-1,-1,1
24309980,7,20,-1,-1,3
24313518,26,25,-1,-1,1
24306058,8,28,-1,-1,2
24313420,13,33,-1,-1,1
24307176,18,54,-1,-1,4
24312791,11,34,-1,-1,4
24310990,34,18,-1,-1,7
24295115,58,37,-1,-1,0
24312159,58,3,-1,-1,6
24311102,20,42,-1,-1,3
24307200,3,41,-1,-1,4
24313791,0,5,-1,-1,3
24313603,15,32,-1,-1,5
24307185,38,16,-1,-1,1
24313542,29,50,-1,-1,5
24313821,48,8,-1,-1,7
24310875,28,51,-1,-1,4
24312694,34,4,-1,-1,0
24311441,22,45,-1,-1,4
24311141,22,42,-1,-1,3
24311164,33,54,-1,-1,1
24313572,26,7,-1,-1,6
24311928,13,38,-1,-1,1
24312766,12,18,-1,-1,5
24297497,20,58,-1,-1,6
24311833,44,7,-1,-1,2
24311897,9,20,-1,-1,0
24309516,48,41,-1,-1,1
24312687,38,11,-1,-1,3
24310723,32,45,-1,-1,3
24307217,11,58,-1,-1,1
24303393,55,13,-1,-1,5
24313618,36,38,-1,-1,6
24311013,27,37,-1,-1,6
24308828,50,9,-1,-1,7
24313514,15,36,-1,-1,5
24311850,16,15,-1,-1,3
24313795,53,29,-1,-1,6
24311776,24,44,-1,-1,6
24306768,8,4,-1,-1,6
24313694,44,13,-1,-1,5
24313481,20,28,-1,-1,4
24307610,24,29,-1,-1,3
24313461,5,14,-1,-1,5
24313567,22,14,-1,-1,3
24311253,13,45,-1,-1,4
24305050,23,8,-1,-1,2
24313819,8,17,-1,-1,7
24307864,23,45,-1,-1,4
24304386,33,0,-1,-1,4
24309965,11,19,-1,-1,2
24308325,7,6,-1,-1,6
24309280,58,13,-1,-1,4
24295868,51,57,-1,-1,5
24305397,30,7,-1,-1,5
24306153,30,0,-1,-1,6
24312381,48,7,-1,-1,5
24306149,56,6,-1,-1,2
24312960,47,57,-1,-1,3
24312467,20,8,-1,-1,2
24313242,34,57,-1,-1,6
24313122,18,25,-1,-1,7
24311910,26,30,-1,-1,1
24301128,9,21,-1,-1,1
24310231,19,52,-1,-1,7
24313075,3,55,-1,-1,4
24312704,23,21,-1,-1,7
24313560,36,9,-1,-1,4
24297313,0,37,-1,-1,4
24313339,58,48,-1,-1,4
24311232,22,32,-1,-1,2
24313663,16,11,-1,-1,0
24306773,49,48,-1,-1,5
24310187,10,32,-1,-1,7
24312026,8,54,-1,-1,5
24310929,19,51,-1,-1,4
24312719,16,32,-1,-1,5
24308833,45,33,-1,-1,0
24311127,42,54,-1,-1,5
24312706,22,27,-1,-1,6
24310205,58,25,-1,-1,4
24313500,22,35,-1,-1,0
24313027,41,8,-1,-1,5
24307072,56,36,-1,-1,1
24309352,57,48,-1,-1,6
24308243,18,24,-1,-1,2
24313263,52,41,-1,-1,5
24309372,41,38,-1,-1,0
24302737,31,48,-1,-1,3
24313139,6,42,-1,-1,1
24308365,32,48,-1,-1,5
24310324,3,4,-1,-1,2
24313566,53,13,-1,-1,2
24310820,13,50,-1,-1,6
24303168,27,3,-1,-1,6
24310768,24,40,-1,-1,0
24311859,12,45,-1,-1,4
24313301,23,32,-1,-1,7
24312956,17,16,-1,-1,6
24312476,42,25,-1,-1,4
24311409,18,50,-1,-1,0
24309135,53,35,-1,-1,6
24302604,8,21,-1,-1,1
24302741,48,19,-1,-1,1
24311099,0,24,-1,-1,2
24312012,58,28,-1,-1,7
24312976,41,50,-1,-1,5
24312188,25,50,-1,-1,5
24310113,1,26,-1,-1,3
24305000,26,52,-1,-1,2
24313648,5,56,-1,-1,1
24313753,13,23,-1,-1,5
24312116,39,1,-1,-1,7
24310883,31,2,-1,-1,0
24307967,27,52,-1,-1,0
24312916,43,23,-1,-1,6
24304801,49,0,-1,-1,5
24310780,34,7,-1,-1,3
24309127,47,16,-1,-1,7
24312912,1,38,-1,-1,5
24313178,42,37,-1,-1,4
24312426,20,53,-1,-1,0
24312409,53,32,-1,-1,1
24313678,33,39,-1,-1,6
24312860,15,16,-1,-1,0
24302197,53,44,-1,-1,5
24304705,58,58,-1,-1,7
24311369,11,47,-1,-1,3
24312459,27,2,-1,-1,6
24312099,21,13,-1,-1,4
24310825,16,3,-1,-1,3
24312593,27,41,-1,-1,7
24312302,3,33,-1,-1,2
24311975,54,16,-1,-1,2
24313531,53,27,-1,-1,2
24307870,41,52,-1,-1,7
24304203,28,15,-1,-1,3
24310286,28,41,-1,-1,3
24313259,10,50,-1,-1,7
24313372,17,18,-1,-1,3
24309455,1,33,-1,-1,3
24311407,22,12,-1,-1,2
24312431,30,12,-1,-1,3
24309577,20,36,-1,-1,1
24313393,21,27,-1,-1,7
24311893,10,44,-1,-1,7
24312500,43,3,-1,-1,5
24312393,39,3,-1,-1,3
24309772,48,20,-1,-1,1
24313141,32,26,-1,-1,4
24310167,41,25,-1,-1,3
24311260,14,57,-1,-1,0
24311009,4,4,-1,-1,0
24310558,56,9,-1,-1,0
24306184,55,44,-1,-1,4
24311246,31,58,-1,-1,0
24313232,30,39,-1,-1,6
24309403,47,21,-1,-1,6
24313672,5,38,-1,-1,5
24313360,22,30,-1,-1,5
24308071,15,1,-1,-1,0
24312606,55,9,-1,-1,0
24311996,13,24,-1,-1,1
24312091,36,27,-1,-1,3
24311342,37,6,-1,-1,7
24311532,5,41,-1,-1,2
24312538,25,55,-1,-1,4
24312000,56,39,-1,-1,6
24307680,48,51,-1,-1,3
24309015,31,17,-1,-1,7
24301893,58,10,-1,-1,7
24311477,25,31,-1,-1,2
24312317,36,28,-1,-1,6
24313724,20,41,-1,-1,5
24309701,42,5,-1,-1,0
24313465,9,5,-1,-1,7
24311139,13,40,-1,-1,1
24311196,25,34,-1,-1,7
24305897,17,11,-1,-1,1
24313208,1,7,-1,-1,5
24311730,32,33,-1,-1,0
24311991,20,46,-1,-1,5
24297671,53,36,-1,-1,4
24304568,2,2,-1,-1,5
24306700,41,30,-1,-1,6
24313026,37,54,-1,-1,3
24310271,4,10,-1,-1,4
24312002,36,26,-1,-1,1
24310654,45,50,-1,-1,2
24310913,21,18,-1,-1,2
24308618,13,31,-1,-1,4
24312446,16,35,-1,-1,2
24307428,23,9,-1,-1,4
24311019,8,16,-1,-1,5
24306607,52,25,-1,-1,1
24310928,57,10,-1,-1,4
24312670,20,48,-1,-1,1
24309754,27,57,-1,-1,4
24312816,20,13,-1,-1,6
24312010,3,27,-1,-1,7
24309410,54,12,-1,-1,1
24309011,31,20,-1,-1,0
24313086,17,40,-1,-1,2
24313082,36,25,-1,-1,4
24311688,25,3,-1,-1,3
24311896,53,7,-1,-1,4
24311399,13,30,-1,-1,7
24313222,18,8,-1,-1,3
24310979,50,6,-1,-1,5
24308543,45,35,-1,-1,2
24313803,3,7,-1,-1,4
24312644,26,56,-1,-1,1
24311035,56,37,-1,-1,2
24309756,18,31,-1,-1,0
24311686,47,37,-1,-1,6
24307260,3,32,-1,-1,5
24311636,18,26,-1,-1,5
24313123,21,51,-1,-1,7
24307638,37,25,-1,-1,6
24311989,40,0,-1,-1,6
24312135,57,12,-1,-1,6
24313358,52,13,-1,-1,3
24313649,19,45,-1,-1,0
24310158,3,16,-1,-1,4
24311125,8,14,-1,-1,1
24313473,16,33,-1,-1,5
24313227,47,49,-1,-1,2
24311186,42,39,-1,-1,4
24309207,7,50,-1,-1,0
24297146,57,14,-1,-1,1
24313784,52,50,-1,-1,0
24311738,13,19,-1,-1,7
24312620,21,36,-1,-1,3
24311326,10,7,-1,-1,7
24311924,33,24,-1,-1,7
24311177,23,22,-1,-1,7
24309986,39,16,-1,-1,0
24312758,40,7,-1,-1,3
24309484,54,3,-1,-1,4
24309350,47,46,-1,-1,7
24307099,31,50,-1,-1,6
24309381,11,49,-1,-1,5
24305951,37,36,-1,-1,4
24312942,38,46,-1,-1,4
24310055,2,43,-1,-1,0
24312861,22,54,-1,-1,7
24311787,10,27,-1,-1,2
24308622,51,4,-1,-1,3
24312298,12,44,-1,-1,0
24310639,14,18,-1,-1,6
24304003,42,32,-1,-1,3
24311911,20,18,-1,-1,0
24313835,26,1,-1,-1,1
24313439,21,49,-1,-1,4
24312946,32,5,-1,-1,1
24309538,48,42,-1,-1,5
24309621,52,30,-1,-1,0
24313140,45,21,-1,-1,4
24311308,51,3,-1,-1,3
24312962,23,36,-1,-1,7
24313345,36,5,-1,-1,6
24313451,20,19,-1,-1,2
24310104,37,16,-1,-1,5
24313398,53,38,-1,-1,5
24310135,49,23,-1,-1,2
24313684,20,35,-1,-1,6
24312777,8,29,-1,-1,6
24313772,48,39,-1,-1,1
24311300,51,56,-1,-1,1
24313179,27,40,-1,-1,6
24312848,3,50,-1,-1,5
24311508,55,35,-1,-1,1
24310778,24,22,-1,-1,4
24313629,13,43,-1,-1,2
24313675,27,58,-1,-1,7
24312928,10,31,-1,-1,2
24312214,1,19,-1,-1,0
24313044,27,42,-1,-1,7
24306024,31,52,-1,-1,3
24311056,55,36,-1,-1,2
24309030,22,53,-1,-1,5
24313485,1,27,-1,-1,7
24308034,35,37,-1,-1,3
24310934,58,22,-1,-1,7
24312285,19,30,-1,-1,7
24309012,9,26,-1,-1,3
24309016,49,36,-1,-1,4
24309440,0,54,-1,-1,0
24312413,37,19,-1,-1,0
24311871,50,16,-1,-1,2
24312162,21,37,-1,-1,6
24310169,40,19,-1,-1,5
24313050,18,11,-1,-1,1
24310888,10,9,-1,-1,6
24312903,16,36,-1,-1,1
24310361,43,34,-1,-1,5
24308322,31,8,-1,-1,7
24311052,53,55,-1,-1,0
24312184,20,26,-1,-1,7
24309144,41,1,-1,-1,3
24309379,37,48,-1,-1,6
24308263,1,52,-1,-1,7
24306975,5,57,-1,-1,4
24297251,38,32,-1,-1,1
24307652,28,4,-1,-1,3
24309879,7,37,-1,-1,3
24303908,29,10,-1,-1,4
24305023,6,12,-1,-1,2
24306124,51,44,-1,-1,7
24300187,11,4,-1,-1,1
24309463,54,1,-1,-1,0
24312353,15,38,-1,-1,5
24299269,42,19,-1,-1,6
24312550,5,29,-1,-1,1
24311487,47,5,-1,-1,6
24313324,17,36,-1,-1,5
24310115,34,51,-1,-1,6
24311578,56,41,-1,-1,6
24309442,45,22,-1,-1,6
24313280,12,3,-1,-1,3
24313540,54,54,-1,-1,1
24313004,57,9,-1,-1,5
24310479,49,3,-1,-1,3
24310644,17,21,-1,-1,4
24311758,34,6,-1,-1,6
24295183,52,54,-1,-1,5
24312663,10,53,-1,-1,7
24312609,18,53,-1,-1,7
24312327,40,6,-1,-1,2
24313126,26,37,-1,-1,7
24313770,15,29,-1,-1,4
24313281,0,46,-1,-1,4
24310480,36,14,-1,-1,7
24312023,14,2,-1,-1,1
24312639,22,46,-1,-1,4
24298965,58,17,-1,-1,6
24307038,0,44,-1,-1,2
24312628,41,11,-1,-1,6
24305476,44,23,-1,-1,0
24313810,25,41,-1,-1,3
24309349,46,1,-1,-1,6
24304224,49,53,-1,-1,1
24307450,25,38,-1,-1,7
24308210,19,9,-1,-1,2
24293368,40,50,-1,-1,1
24304021,2,16,-1,-1,7
24313696,38,24,-1,-1,0
24307916,11,56,-1,-1,2
24309077,44,46,-1,-1,0
24313794,17,35,-1,-1,0
24299659,50,4,-1,-1,4
24311049,5,9,-1,-1,2
24310805,35,44,-1,-1,3
24312983,8,22,-1,-1,6
24312913,13,2,-1,-1,4
24313523,55,48,-1,-1,4
24312754,33,31,-1,-1,6
24311785,30,26,-1,-1,5
24302611,7,2,-1,-1,5
24300850,53,53,-1,-1,6
24310852,9,11,-1,-1,3
24309536,41,0,-1,-1,3
24299346,33,44,-1,-1,6
24309752,23,51,-1,-1,6
24312675,56,26,-1,-1,2
24313229,6,30,-1,-1,5
24307322,38,10,-1,-1,7
24309684,38,0,-1,-1,3
24303358,58,20,-1,-1,0
24283705,2,6,-1,-1,1
24313046,26,9,-1,-1,5
24306219,44,9,-1,-1,5
24308738,45,48,-1,-1,7
24312565,40,47,-1,-1,1
24308797,28,22,-1,-1,6
24309018,8,34,-1,-1,4
24309945,11,6,-1,-1,4
24303561,9,13,-1,-1,7
24307422,21,0,-1,-1,6
24309429,21,48,-1,-1,3
24313483,57,19,-1,-1,2
24309445,28,17,-1,-1,1
24305605,38,48,-1,-1,4
24311356,17,5,-1,-1,7
24311751,7,9,-1,-1,4
24300995,39,5,-1,-1,0
24310746,1,20,-1,-1,3
24310939,26,20,-1,-1,7
24307786,58,24,-1,-1,7
24312811,45,41,-1,-1,3
24311807,47,15,-1,-1,4
24311723,6,1,-1,-1,4
24308953,3,35,-1,-1,2
24309818,14,7,-1,-1,7
24312901,9,10,-1,-1,1
24311255,21,58,-1,-1,1
24313718,31,6,-1,-1,2
24313549,21,43,-1,-1,1
24312419,34,0,-1,-1,3
24309916,5,24,-1,-1,6
24310310,10,36,-1,-1,0
24308907,5,15,-1,-1,5
24296188,30,55,-1,-1,7
24305505,45,53,-1,-1,6
24309109,57,26,-1,-1,1
24310246,48,28,-1,-1,3
24308001,56,34,-1,-1,5
24312715,56,33,-1,-1,0
24312915,8,27,-1,-1,6
24312451,20,21,-1,-1,3
24312198,3,57,-1,-1,6
24308455,9,9,-1,-1,3
24313712,55,51,-1,-1,7
24308834,44,57,-1,-1,2
24310247,50,13,-1,-1,0
24312781,15,43,-1,-1,4
24313779,36,45,-1,-1,7
24312025,7,23,-1,-1,7
24308593,0,23,-1,-1,1
24312551,11,30,-1,-1,2
24298081,48,2,-1,-1,1
24311915,4,34,-1,-1,5
24309452,37,2,-1,-1,2
24308329,38,17,-1,-1,4
24313036,30,42,-1,-1,2
24309597,37,29,-1,-1,4
24311574,13,7,-1,-1,3
24304867,39,30,-1,-1,1
24313786,27,49,-1,-1,3
24313617,14,33,-1,-1,5
24299948,43,5,-1,-1,0
24310492,14,51,-1,-1,7
24312115,52,20,-1,-1,7
24312768,21,34,-1,-1,7
24313517,13,8,-1,-1,1
24313647,23,16,-1,-1,4
24313304,9,14,-1,-1,7
24310739,23,35,-1,-1,0
24311756,26,49,-1,-1,5
24311208,23,17,-1,-1,6
24311962,10,11,-1,-1,1
24310514,45,56,-1,-1,1
24311083,54,58,-1,-1,6
24307254,19,44,-1,-1,4
24308825,28,8,-1,-1,2
24311345,39,40,-1,-1,5
24311538,42,44,-1,-1,2
24313583,27,36,-1,-1,5
24309324,58,9,-1,-1,0
24313149,49,27,-1,-1,4
24311745,23,6,-1,-1,3
24309943,23,43,-1,-1,4
24308129,50,18,-1,-1,2
24307047,18,58,-1,-1,7
24312635,41,35,-1,-1,0
24308732,35,9,-1,-1,4
24309875,38,26,-1,-1,7
24310275,54,13,-1,-1,2
24313011,43,35,-1,-1,6
24312814,9,43,-1,-1,5
24311401,32,34,-1,-1,3
24313698,18,46,-1,-1,5
24309792,48,24,-1,-1,6
24312970,6,48,-1,-1,2
24310754,40,1,-1,-1,0
24312209,27,15,-1,-1,1
24313431,3,43,-1,-1,0
24309815,7,44,-1,-1,3
24312252,18,44,-1,-1,4
24313486,14,17,-1,-1,4
24310962,30,16,-1,-1,3
24311628,49,46,-1,-1,0
24313387,29,28,-1,-1,2
24308968,46,22,-1,-1,5
24309366,49,39,-1,-1,0
24313685,10,30,-1,-1,2
24311245,52,47,-1,-1,1
24309847,41,26,-1,-1,0
24306395,26,44,-1,-1,6
24312668,27,25,-1,-1,2
24312990,40,32,-1,-1,2
24288913,51,51,-1,-1,1
24303490,5,47,-1,-1,7
24312475,35,36,-1,-1,4
24312906,29,20,-1,-1,6
24313449,44,25,-1,-1,7
24313719,28,38,-1,-1,6
24313250,40,26,-1,-1,7
24306138,36,55,-1,-1,2
24312332,53,15,-1,-1,6
24309531,29,11,-1,-1,1
24310281,41,32,-1,-1,0
24311080,49,10,-1,-1,6
24307866,50,41,-1,-1,4
24312961,23,12,-1,-1,3
24310582,10,21,-1,-1,4
24312318,51,20,-1,-1,3
24313098,14,53,-1,-1,2
24304182,58,34,-1,-1,6
24300788,39,49,-1,-1,1
24311444,22,19,-1,-1,4
24309957,51,39,-1,-1,3
24309277,12,54,-1,-1,6
24312477,7,53,-1,-1,2
24312231,47,24,-1,-1,7
24311131,0,53,-1,-1,1
24311480,46,48,-1,-1,7
24313440,26,36,-1,-1,0
24307418,2,27,-1,-1,3
24313396,22,25,-1,-1,6
24306076,55,20,-1,-1,6
24309336,1,41,-1,-1,2
24312882,35,6,-1,-1,5
24312448,34,36,-1,-1,3
24308913,0,12,-1,-1,1
24309248,33,2,-1,-1,7
24303379,43,54,-1,-1,7
24312208,37,23,-1,-1,2
24304030,30,38,-1,-1,1
24303906,58,18,-1,-1,7
24312095,9,46,-1,-1,4
24312954,6,41,-1,-1,3
24312011,8,42,-1,-1,4
24309327,35,1,-1,-1,1
24298656,52,45,-1,-1,4
24313341,43,27,-1,-1,6
24306701,1,8,-1,-1,2
24308290,44,19,-1,-1,2
24305362,22,3,-1,-1,5
24302791,24,6,-1,-1,6
24302968,53,41,-1,-1,3
24307705,57,21,-1,-1,0
24311954,33,19,-1,-1,5
24307359,1,18,-1,-1,7
24311637,45,8,-1,-1,5
24311984,20,32,-1,-1,5
24310641,55,5,-1,-1,5
24311136,14,37,-1,-1,0
24312898,9,23,-1,-1,3
24312038,29,42,-1,-1,7
24311396,58,5,-1,-1,7
24309044,52,32,-1,-1,1
24306220,7,3,-1,-1,7
24312297,22,34,-1,-1,6
24310652,3,17,-1,-1,2
24312524,8,56,-1,-1,4
24306703,6,51,-1,-1,0
24310833,44,56,-1,-1,5
24303920,55,55,-1,-1,5
24308088,54,38,-1,-1,1
24297688,56,11,-1,-1,0
24310456,19,28,-1,-1,2
24313414,23,34,-1,-1,3
24308024,9,4,-1,-1,3
24313433,10,49,-1,-1,7
24310435,22,48,-1,-1,0
24310433,9,35,-1,-1,3
24312713,20,14,-1,-1,5
24313595,26,51,-1,-1,4
24304620,0,48,-1,-1,3
24311907,54,25,-1,-1,2
24313776,30,21,-1,-1,1
24312953,21,10,-1,-1,7
24311815,19,3,-1,-1,5
24307148,48,45,-1,-1,6
24284854,58,38,-1,-1,5
24311569,7,46,-1,-1,3
24312403,16,17,-1,-1,4
24312284,3,53,-1,-1,4
24310016,39,36,-1,-1,3
24303181,50,50,-1,-1,5
24311983,32,41,-1,-1,1
24294113,44,52,-1,-1,7
24308180,51,40,-1,-1,7
24313562,33,20,-1,-1,4
24312921,24,2,-1,-1,2
24309405,15,58,-1,-1,6
24294809,6,2,-1,-1,5
24311779,14,20,-1,-1,3
24313535,35,10,-1,-1,6
24307330,0,47,-1,-1,0
24313137,16,13,-1,-1,0
24313235,10,52,-1,-1,2
24310248,23,26,-1,-1,5
24308086,1,44,-1,-1,2
24306324,52,36,-1,-1,5
24312028,45,20,-1,-1,2
24307211,24,19,-1,-1,1
24312699,46,39,-1,-1,7
24312408,24,28,-1,-1,1
24294135,50,1,-1,-1,3
24310228,29,40,-1,-1,1
24309991,16,8,-1,-1,5
24303880,55,4,-1,-1,2
24307985,40,3,-1,-1,0
24313138,49,30,-1,-1,7
24308013,6,25,-1,-1,2
24313146,47,19,-1,-1,3
24313421,13,14,-1,-1,4
24305910,4,52,-1,-1,6
24306611,36,52,-1,-1,0
24310107,43,8,-1,-1,4
24313507,18,7,-1,-1,7
24283874,53,37,-1,-1,7
24300161,52,1,-1,-1,7
24307794,30,47,-1,-1,6
24311823,42,21,-1,-1,3
24303691,56,42,-1,-1,2
24312721,46,10,-1,-1,7
24300372,58,36,-1,-1,4
24313765,2,1,-1,-1,0
24300249,1,45,-1,-1,7
24302627,7,55,-1,-1,1
24312656,17,20,-1,-1,5
24306205,5,48,-1,-1,6
24293539,24,7,-1,-1,7
24313321,40,49,-1,-1,6
24311507,50,56,-1,-1,0
24309434,6,43,-1,-1,5
24310030,43,28,-1,-1,5
24312852,36,42,-1,-1,3
24309695,14,54,-1,-1,3
24313841,26,38,-1,-1,5
24312424,5,13,-1,-1,0
24311927,9,27,-1,-1,1
24307853,28,53,-1,-1,2
24313156,24,9,-1,-1,5
24304205,46,5,-1,-1,7
24313332,23,53,-1,-1,2
24296452,54,27,-1,-1,0
24313825,33,17,-1,-1,3
24313692,14,40,-1,-1,6
24313245,51,45,-1,-1,1
24312082,42,17,-1,-1,5
24310938,24,8,-1,-1,5
24313063,21,47,-1,-1,4
24311428,51,9,-1,-1,7
24312326,1,51,-1,-1,2
24307838,57,43,-1,-1,7
24313456,28,26,-1,-1,4
24311352,21,22,-1,-1,3
24309430,32,13,-1,-1,1
24313079,36,16,-1,-1,0
24313767,24,51,-1,-1,2
24313804,10,29,-1,-1,5
24305700,52,5,-1,-1,1
24302539,27,55,-1,-1,2
24309061,40,28,-1,-1,2
24309681,36,11,-1,-1,4
24308516,6,21,-1,-1,2
24311450,36,47,-1,-1,3
24308820,3,19,-1,-1,7
24308450,44,58,-1,-1,6
24312395,27,23,-1,-1,2
24312130,26,17,-1,-1,3
24304486,6,29,-1,-1,3
24312274,11,24,-1,-1,5
24313274,33,42,-1,-1,7
24310472,17,8,-1,-1,2
24312212,40,29,-1,-1,5
24302270,12,0,-1,-1,3
24311226,49,37,-1,-1,1
24312230,6,20,-1,-1,2
24310948,51,7,-1,-1,4
24305169,52,7,-1,-1,5
24311563,23,25,-1,-1,2
24312210,35,56,-1,-1,3
24313107,31,41,-1,-1,6
24310444,14,49,-1,-1,4
24313001,28,9,-1,-1,5
24313450,23,0,-1,-1,2
24313763,28,43,-1,-1,1
24310329,53,47,-1,-1,5
24313184,15,28,-1,-1,6
24302900,54,33,-1,-1,0
24307577,38,3,-1,-1,6
24312919,10,10,-1,-1,5
24312678,35,35,-1,-1,0
24311749,11,37,-1,-1,7
24312335,8,38,-1,-1,6
24308521,24,34,-1,-1,5
24307790,19,12,-1,-1,5
24306000,47,14,-1,-1,5
24312603,57,5,-1,-1,4
24311841,16,48,-1,-1,6
24307861,36,58,-1,-1,0
24307980,0,11,-1,-1,0
24309457,13,18,-1,-1,7
24312832,7,5,-1,-1,4
24305148,26,32,-1,-1,5
24309709,38,27,-1,-1,2
24313670,5,10,-1,-1,0
24313019,4,44,-1,-1,1
24310027,58,56,-1,-1,7
24304924,30,8,-1,-1,2
24311843,22,36,-1,-1,6
24299566,3,13,-1,-1,3
24311560,56,1,-1,-1,4
24302923,11,8,-1,-1,3
24306803,4,58,-1,-1,6
24304502,50,17,-1,-1,2
24313189,57,20,-1,-1,7
24310827,16,41,-1,-1,2
24299694,51,8,-1,-1,5
24305854,7,38,-1,-1,0
24313041,19,57,-1,-1,3
24313785,6,55,-1,-1,1
24306160,2,24,-1,-1,7
24313612,10,5,-1,-1,3
24312055,34,42,-1,-1,7
24308356,2,4,-1,-1,1
24309085,53,28,-1,-1,7
24311602,43,1,-1,-1,0
24310317,20,11,-1,-1,4
24311862,47,0,-1,-1,5
24313815,6,35,-1,-1,7
24309081,1,30,-1,-1,1
24311993,57,37,-1,-1,2
24313068,41,2,-1,-1,7
24310217,47,56,-1,-1,0
24309589,21,19,-1,-1,6
24310919,24,41,-1,-1,1
24310483,41,9,-1,-1,7
24309496,15,6,-1,-1,5
24307460,27,53,-1,-1,1
24309972,22,21,-1,-1,0
24312902,42,20,-1,-1,1
24307740,39,19,-1,-1,3
24311111,20,1,-1,-1,1
24313238,35,50,-1,-1,5
24307621,53,4,-1,-1,6
24311913,50,45,-1,-1,2
24313590,9,16,-1,-1,4
24307087,4,3,-1,-1,1
24308798,25,4,-1,-1,2
24308690,56,28,-1,-1,5
24306716,40,13,-1,-1,6
24312846,29,41,-1,-1,1
24312981,12,33,-1,-1,6
24313766,24,27,-1,-1,4
24312939,55,1,-1,-1,6
24311117,22,47,-1,-1,5
24312622,26,16,-1,-1,3
24308893,33,33,-1,-1,0
24311519,51,13,-1,-1,5
24312005,42,2,-1,-1,7
24303225,57,35,-1,-1,1
24309720,11,10,-1,-1,1
24312840,9,37,-1,-1,6
24313751,22,56,-1,-1,1
24309628,49,20,-1,-1,2
24293528,49,9,-1,-1,5
24313668,35,47,-1,-1,2
24312324,22,41,-1,-1,4
24311355,41,41,-1,-1,2
24313087,54,28,-1,-1,6
24312033,43,41,-1,-1,1
24303460,5,50,-1,-1,2
24310556,24,33,-1,-1,6
24310323,26,22,-1,-1,5
24312319,29,56,-1,-1,2
24312582,15,46,-1,-1,0
24282618,37,13,-1,-1,2
24313415,21,44,-1,-1,2
24305619,44,28,-1,-1,7
24305879,3,24,-1,-1,1
24312027,26,50,-1,-1,7
24310616,57,51,-1,-1,2
24294103,22,6,-1,-1,7
24308802,52,42,-1,-1,7
24313217,25,2,-1,-1,3
24309822,52,56,-1,-1,2
24313741,26,18,-1,-1,0
24285635,54,46,-1,-1,1
24313506,23,54,-1,-1,5
24313416,22,23,-1,-1,7
24312228,39,24,-1,-1,6
24312196,44,21,-1,-1,0
24312219,47,41,-1,-1,2
24310211,13,32,-1,-1,3
24313093,24,46,-1,-1,7
24312929,41,23,-1,-1,2
24311420,31,32,-1,-1,3
24312268,32,29,-1,-1,0
24309513,4,41,-1,-1,6
24308607,1,29,-1,-1,2
24305607,48,21,-1,-1,0
24312680,20,16,-1,-1,0
24311579,21,15,-1,-1,7
24312527,55,45,-1,-1,1
24313337,0,49,-1,-1,3
24311535,5,1,-1,-1,1
24312828,11,29,-1,-1,6
24307311,53,43,-1,-1,0
24311129,15,4,-1,-1,3
24312471,18,47,-1,-1,6
24307438,47,50,-1,-1,3
24313508,22,15,-1,-1,4
24309340,50,30,-1,-1,6
24313047,24,31,-1,-1,6
24313609,9,28,-1,-1,2
24309217,45,43,-1,-1,3
24302632,4,42,-1,-1,5
24304975,2,42,-1,-1,2
24308485,47,30,-1,-1,7
24313671,44,45,-1,-1,0
24312586,37,11,-1,-1,1
24305651,53,54,-1,-1,5
24311583,26,42,-1,-1,3
24304031,0,31,-1,-1,3
24312362,11,28,-1,-1,6
24313773,50,25,-1,-1,2
24308974,7,11,-1,-1,0
24311704,53,45,-1,-1,4
24313711,17,10,-1,-1,4
24308231,11,18,-1,-1,3
24307975,23,57,-1,-1,0
24305572,49,58,-1,-1,2
24309273,35,30,-1,-1,2
24312594,16,23,-1,-1,0
24313099,16,1,-1,-1,5
24302651,46,41,-1,-1,4
24310282,36,40,-1,-1,2
24312468,16,24,-1,-1,4
24313689,10,38,-1,-1,0
24308368,26,6,-1,-1,7
24313495,39,18,-1,-1,2
24311716,2,17,-1,-1,4
24311334,6,40,-1,-1,2
24306933,3,10,-1,-1,3
24305099,16,50,-1,-1,2
24303285,58,49,-1,-1,5
24313150,24,32,-1,-1,2
24311770,5,42,-1,-1,7
24313781,32,35,-1,-1,1
24311835,21,55,-1,-1,1
24310909,9,39,-1,-1,0
24309425,37,21,-1,-1,6
24309256,47,47,-1,-1,1
24312665,17,31,-1,-1,6
24307480,28,40,-1,-1,3
24313720,17,49,-1,-1,4
24312109,54,37,-1,-1,4
24306897,12,10,-1,-1,5
24310650,38,43,-1,-1,1
24309075,24,13,-1,-1,3
24313844,31,7,-1,-1,6
