0 0 0 0 0 0 0 0 0 0 0 0 0 0 0 0 0 0 0 0 0 0 0 0 0 0 0 0 0 0 0 0 0 0 0 0 0 0 4 4 0 0 0 0 0 0 0 0 0 0 0 0 0 0 0 0 0 0 0 
0 0 0 0 0 0 0 0 0 0 0 0 0 0 0 0 0 0 0 0 0 0 0 0 4 0 0 4 0 0 0 4 0 0 0 0 0 0 4 4 0 0 0 0 0 0 0 0 0 0 0 0 0 0 0 0 0 0 0 
0 0 0 0 0 0 0 0 0 1 0 0 0 0 0 0 0 0 0 0 0 16 0 4 0 0 0 4 4 0 4 0 4 4 0 4 0 0 4 4 4 4 0 0 0 4 0 0 0 0 0 0 0 0 0 0 0 0 0 
0 0 0 0 0 0 0 0 0 0 1 0 0 0 0 0 0 0 0 0 0 0 16 0 0 0 0 0 0 0 4 4 4 0 0 0 0 0 4 4 4 4 4 0 0 4 4 0 0 0 0 0 0 0 0 0 0 0 0 
0 0 0 0 0 0 0 0 0 0 0 0 0 0 0 0 0 0 0 0 0 0 16 0 0 0 0 0 0 0 4 0 4 4 4 0 0 4 4 0 4 4 4 0 0 0 0 0 0 0 0 0 0 0 0 0 0 0 0 
0 0 0 0 1 0 0 0 1 1 1 0 0 0 0 0 0 0 0 16 16 0 0 0 0 0 0 0 4 4 0 0 4 4 4 4 4 4 4 4 4 0 4 4 0 0 0 0 0 0 0 0 0 0 0 0 0 0 0 
0 4 0 1 0 0 0 1 0 0 1 0 1 0 0 0 0 0 16 16 0 16 16 0 0 0 4 4 0 0 0 0 4 4 4 4 4 0 4 4 4 0 0 4 0 0 0 0 0 0 0 0 0 0 0 0 0 0 0 
4 4 4 0 0 0 0 0 0 0 1 1 0 1 0 1 4 0 0 16 16 16 16 16 0 4 0 0 0 0 4 4 0 4 4 4 4 4 4 4 0 0 4 0 0 0 0 0 0 0 0 0 0 0 0 0 0 0 0 
0 0 0 0 1 1 0 1 1 1 1 1 0 1 0 1 1 16 16 16 16 16 0 0 0 0 0 0 0 0 0 0 4 4 4 4 4 4 0 0 4 4 4 4 0 0 0 0 0 0 0 0 0 0 0 0 0 0 0 
0 4 0 0 0 1 0 0 1 0 1 1 0 0 0 0 16 0 0 0 0 1 16 16 16 0 0 0 0 0 0 0 0 0 4 4 4 4 0 0 0 4 4 4 0 0 0 0 0 0 0 0 0 0 0 0 0 0 0 
0 0 0 1 0 0 1 0 1 1 1 0 0 1 1 1 1 0 0 0 1 16 0 0 16 0 0 0 0 0 0 0 0 4 4 0 4 4 4 4 0 4 4 0 0 0 0 0 0 0 0 0 0 0 0 0 0 0 0 
0 0 0 0 1 0 1 1 1 1 1 1 1 1 1 1 1 0 0 0 0 0 0 0 0 0 0 0 0 0 0 0 0 0 4 4 4 4 4 4 4 4 0 0 0 0 0 0 0 0 0 0 0 0 0 0 0 0 0 
0 0 0 1 1 1 1 1 1 1 1 0 1 1 1 1 1 0 0 0 0 0 0 0 0 0 0 0 0 0 0 0 0 0 4 4 4 0 4 4 0 4 4 0 0 0 0 0 0 0 0 0 0 0 0 0 0 0 0 
0 0 0 0 0 1 1 0 1 1 0 1 1 0 1 1 1 1 1 0 0 0 0 0 0 0 0 0 0 0 0 0 0 0 0 0 4 4 4 0 0 0 0 0 0 0 0 0 0 0 0 0 0 0 0 0 0 0 0 
0 0 0 0 1 1 1 1 1 0 1 1 1 1 1 1 1 1 0 0 0 0 0 0 0 0 16 0 0 0 0 0 0 0 0 0 4 4 0 0 0 0 0 0 0 0 0 0 0 0 0 0 0 0 0 0 0 0 0 
0 0 0 0 1 1 1 0 1 0 0 1 1 1 1 1 0 0 0 0 0 0 0 0 0 0 16 0 0 0 0 0 0 0 0 4 4 4 0 0 4 0 0 0 0 0 0 0 0 0 0 0 0 0 0 0 0 0 0 
0 0 0 0 0 0 1 1 0 1 1 1 1 1 1 1 0 1 0 0 0 0 0 0 0 0 0 16 0 0 0 0 0 0 0 0 0 0 4 4 0 0 0 0 0 0 0 0 0 0 0 0 0 0 0 0 0 0 0 
0 0 0 0 0 0 1 16 0 0 0 1 0 1 16 0 1 0 0 0 0 0 0 0 0 0 0 0 0 0 0 0 0 0 4 0 0 0 4 4 0 0 0 0 0 0 0 0 0 0 0 0 0 0 0 0 0 0 0 
0 0 0 0 0 0 0 16 0 0 0 0 1 0 0 16 0 0 0 0 0 0 0 0 0 0 0 0 0 0 0 0 0 0 4 0 0 0 4 4 0 0 0 0 0 0 0 0 0 0 0 0 0 0 0 0 0 0 0 
0 0 0 0 0 0 0 16 16 16 0 16 0 1 16 16 0 16 0 0 0 0 0 0 0 0 0 0 0 0 0 0 0 0 0 0 0 4 0 0 0 0 0 0 0 0 0 0 0 0 0 0 0 0 0 0 0 0 0 
0 0 0 0 16 0 16 16 16 16 4 0 16 0 1 16 16 0 16 16 0 0 0 0 0 0 0 0 0 0 0 0 0 0 0 0 0 4 0 0 0 0 0 0 0 0 0 4 4 4 0 0 0 0 0 0 0 0 0 
0 0 0 0 0 16 16 16 16 16 16 0 0 0 0 0 0 4 0 16 0 0 0 0 0 0 0 0 0 0 0 0 0 0 0 0 0 0 0 0 0 0 0 0 4 4 4 4 0 4 0 0 0 0 0 0 0 0 0 
0 0 0 16 0 0 0 16 16 16 16 0 0 0 0 0 0 16 4 4 0 0 0 0 0 0 0 0 0 0 0 4 0 0 0 0 0 0 0 0 0 0 0 4 0 0 0 0 0 0 4 0 0 0 0 0 0 0 0 
0 0 0 0 16 0 0 16 16 16 16 16 0 0 0 0 0 0 4 0 4 0 0 0 0 0 0 0 0 0 4 0 0 0 0 0 0 0 0 0 0 0 4 4 0 4 0 0 0 0 0 0 0 0 0 0 0 0 0 
0 0 16 16 16 0 0 0 0 16 4 4 0 4 0 0 0 0 0 4 0 0 0 0 0 0 0 0 0 0 0 4 0 0 0 0 0 0 0 0 0 0 0 4 0 4 0 0 0 0 0 0 0 0 0 0 0 0 0 
0 0 0 0 16 16 0 16 0 0 4 16 0 16 16 0 0 0 0 4 4 4 4 0 0 0 0 0 0 0 4 0 0 0 0 0 0 0 0 0 0 0 0 4 0 0 4 4 0 0 0 0 0 0 0 0 0 0 0 
0 0 0 16 0 0 0 0 16 16 0 16 16 16 0 16 0 0 0 4 4 4 0 0 0 0 0 0 0 0 0 0 0 0 0 0 0 0 0 0 0 0 4 0 0 0 4 0 0 0 0 0 0 0 0 0 0 0 0 
0 0 0 16 16 0 16 16 16 16 16 0 16 0 0 0 0 0 0 0 4 0 0 0 0 0 0 0 0 0 0 0 0 0 0 0 0 0 0 0 0 0 0 4 0 0 0 4 0 0 0 0 0 0 0 0 0 0 0 
0 0 0 16 16 16 16 0 16 0 0 16 16 16 16 16 16 0 0 0 0 0 0 0 0 0 0 0 0 0 0 0 0 0 0 0 0 16 0 0 0 0 0 4 4 0 0 4 4 4 4 0 0 0 0 0 0 0 0 
0 0 0 16 16 16 16 16 0 0 16 0 16 16 0 16 0 0 0 0 0 0 0 0 0 0 0 0 0 0 0 0 0 0 0 0 0 16 0 0 0 0 0 4 0 4 4 4 16 4 4 0 0 0 0 0 0 0 0 
0 0 0 16 0 0 0 16 0 16 0 16 16 16 16 16 0 0 0 0 0 0 0 0 0 0 0 0 0 0 0 0 0 0 0 0 16 0 0 0 0 0 0 0 4 4 16 16 0 16 0 0 0 0 0 0 0 0 0 
0 0 16 16 0 0 16 16 16 0 0 16 16 16 0 16 16 0 0 0 0 0 0 0 0 0 0 0 0 0 0 0 0 0 0 0 0 0 0 0 0 0 0 16 16 16 16 0 4 4 0 16 0 0 0 0 0 0 0 
0 0 0 16 16 0 16 0 16 16 0 0 0 0 16 0 0 0 0 0 0 0 0 0 0 0 0 0 0 0 0 0 16 16 0 0 0 0 0 0 0 0 0 4 16 16 16 16 4 16 16 0 0 0 0 0 0 0 0 
0 0 0 16 16 0 0 0 0 16 0 0 0 0 0 0 0 0 0 0 0 0 0 0 0 0 0 0 0 0 0 0 0 16 16 16 16 0 16 16 0 16 0 16 16 16 16 16 0 16 0 0 16 16 16 16 0 0 0 
0 0 0 0 0 16 0 0 0 0 0 0 0 0 0 0 0 0 0 0 0 0 0 0 0 0 0 0 0 0 0 0 0 16 0 16 0 16 0 16 0 16 16 16 16 16 16 16 16 16 16 16 16 16 16 0 16 4 0 
5 5 0 0 0 0 0 0 0 0 0 0 0 0 0 0 0 0 0 0 0 0 0 0 0 0 0 0 0 0 0 0 0 16 0 0 16 16 0 0 0 0 16 16 16 16 16 16 16 16 16 16 16 0 16 0 0 0 4 
5 5 0 0 0 0 0 0 0 0 0 0 0 0 0 0 0 0 0 0 0 0 0 0 0 0 0 0 0 0 0 0 0 0 0 0 16 16 0 16 0 16 16 16 16 16 0 16 16 16 16 16 16 16 16 0 0 0 0 
5 5 0 0 0 0 0 0 0 0 0 0 0 5 0 0 0 0 0 0 0 0 0 0 0 0 0 0 0 0 0 0 0 0 0 0 0 16 16 0 16 16 16 16 0 0 16 16 16 16 16 16 16 0 0 0 16 16 4 
4 5 0 0 0 0 0 0 0 0 0 5 5 0 0 0 0 0 0 0 0 0 0 0 0 0 0 0 0 0 0 0 0 0 0 16 16 0 0 0 16 16 16 16 16 0 16 16 0 16 16 16 0 0 16 16 0 16 16 
4 0 0 0 0 0 0 0 0 0 0 5 0 0 5 0 0 0 0 0 0 0 0 0 0 0 0 0 0 0 0 16 0 0 0 16 4 4 0 0 16 0 0 0 16 0 0 16 16 16 16 16 0 16 16 16 0 16 16 
5 0 0 0 0 0 5 5 16 0 0 0 4 4 4 4 4 0 0 0 0 0 0 0 0 0 0 0 0 0 16 16 16 0 16 0 4 0 0 0 0 0 0 16 16 16 16 16 16 16 0 0 0 0 16 16 16 16 0 
5 0 0 0 0 5 5 0 0 16 5 5 5 4 0 4 0 0 0 0 0 0 0 0 0 0 0 0 0 4 0 0 16 0 0 0 0 4 0 0 0 0 0 16 16 0 16 16 16 0 0 16 0 16 0 0 16 16 4 
16 5 0 1 0 0 0 0 0 0 0 5 0 0 4 0 0 0 0 0 4 0 0 0 0 4 0 0 0 4 4 0 4 4 4 16 4 0 0 0 0 0 16 4 16 16 16 16 16 16 16 0 16 16 0 0 0 16 0 
5 5 5 1 5 5 0 0 5 5 0 0 5 1 1 0 5 0 0 0 0 4 0 4 4 4 0 0 0 4 4 0 0 4 0 0 16 0 0 0 0 16 0 0 16 0 0 0 16 16 0 0 0 16 4 4 16 16 16 
5 5 5 1 1 1 5 5 5 5 5 0 5 5 1 5 0 0 0 1 4 0 0 4 4 4 0 0 0 0 0 0 4 0 0 0 0 0 0 0 0 0 0 0 0 0 16 0 0 0 0 0 16 0 0 16 0 16 16 
0 0 0 0 1 1 0 1 4 5 0 1 1 1 5 1 1 4 4 0 1 0 4 0 0 0 4 0 0 0 0 0 4 0 0 0 0 0 0 0 0 0 0 0 0 16 0 0 0 0 0 0 0 0 0 0 0 0 16 
5 0 0 0 0 1 1 4 0 5 5 5 5 5 16 1 1 1 4 4 4 4 4 4 0 0 0 4 4 0 4 0 0 0 0 0 0 0 0 0 0 4 0 0 0 0 0 0 0 0 0 0 0 0 16 16 0 0 0 
5 5 5 5 1 1 1 4 1 1 1 1 5 5 5 1 1 1 4 0 4 4 4 4 0 0 4 4 4 4 4 0 0 0 0 4 4 0 0 0 0 4 4 4 4 0 16 0 16 0 16 16 16 16 0 0 0 0 0 
5 1 1 0 1 1 1 1 0 4 0 5 1 4 5 5 4 1 1 4 4 4 0 4 0 4 4 4 4 0 0 0 0 0 0 0 0 0 0 0 4 4 4 4 0 0 0 16 16 16 0 16 16 16 0 0 0 0 0 
5 1 0 1 1 1 1 1 1 4 1 1 1 0 0 5 0 0 5 5 4 4 0 0 4 4 0 4 0 0 0 0 0 0 0 0 0 0 0 0 4 0 0 0 0 0 0 0 0 16 16 16 16 16 16 0 0 0 0 
0 0 0 1 0 0 8 1 1 0 0 0 4 0 5 1 5 0 5 4 0 4 4 0 4 4 0 0 0 4 0 0 4 0 0 0 0 0 0 0 0 0 0 0 0 0 0 0 16 0 16 16 16 16 0 16 0 0 0 
0 0 1 0 0 0 8 0 1 1 1 1 4 1 1 5 0 4 4 0 4 4 0 4 0 0 4 0 0 4 4 4 4 0 4 0 0 0 0 0 0 4 0 0 4 0 0 0 0 0 0 0 16 16 0 0 0 0 16 
0 0 0 0 0 0 1 0 1 1 0 0 0 1 1 5 0 5 0 0 4 0 0 0 4 0 0 4 4 0 0 0 4 4 0 0 0 0 0 0 0 0 4 0 4 4 0 0 0 0 0 16 0 0 16 0 0 0 16 
0 0 0 0 0 0 0 0 0 0 1 1 0 1 5 5 0 4 1 0 0 4 0 0 0 0 4 4 0 0 0 0 0 0 0 0 0 0 0 0 0 0 0 0 0 4 0 0 0 0 0 0 0 16 0 0 0 0 16 
0 0 0 0 0 0 0 0 5 4 0 5 0 1 1 0 0 4 1 0 1 4 1 0 0 0 0 0 0 0 0 0 0 0 0 0 0 0 0 0 0 0 0 0 0 0 0 0 0 0 0 16 16 0 0 0 0 16 16 
0 0 0 0 0 0 0 5 5 0 0 0 0 1 1 1 0 4 4 1 1 1 1 0 0 0 0 0 0 0 0 0 0 0 0 0 0 0 0 0 0 0 0 0 0 0 0 0 0 0 0 0 0 0 0 0 0 0 0 
0 0 0 0 5 5 5 0 5 5 5 0 5 1 1 1 4 4 4 0 4 1 0 0 0 0 0 0 0 0 0 4 4 0 0 0 0 0 0 0 0 0 0 0 0 0 0 0 0 0 0 0 0 0 0 0 0 0 0 
0 0 0 0 5 5 5 5 0 5 5 5 5 5 5 1 0 4 4 4 1 4 0 1 0 0 0 0 0 0 0 0 0 0 0 0 0 0 0 0 0 0 0 0 0 0 0 0 0 0 0 0 0 0 0 0 0 0 0 
0 0 0 0 0 5 5 5 5 5 0 5 5 0 5 4 4 4 4 4 1 4 0 0 0 0 0 0 0 0 0 0 4 4 0 4 0 0 0 0 0 0 0 0 0 0 0 0 0 0 0 0 0 0 0 0 0 0 0 
