129.958 129.958 129.958 129.958 129.958 129.958 129.958 129.958 129.958 129.958 129.958 129.958 129.958 129.958 129.958 129.958 129.958 129.958 129.958 129.958 129.958 129.958 129.958 129.958 129.958 129.958 129.958 129.958 129.958 129.958 129.958 129.958 129.958 129.958 129.958 129.958 129.958 129.958 129.958 129.958 129.958 129.958 129.958 129.958 129.958 129.958 129.958 129.958 129.958 129.958 129.958 129.958 129.958 129.958 129.958 129.958 129.958 129.958 129.958 
129.958 129.958 129.958 129.958 129.958 129.958 129.958 129.958 129.958 129.958 129.958 129.958 129.958 129.958 129.958 129.958 129.958 129.958 129.958 129.958 129.958 129.958 129.958 129.958 129.958 129.958 129.958 129.958 129.958 129.958 129.958 129.958 129.958 129.958 129.958 129.958 129.958 129.958 129.958 129.958 129.958 129.958 129.958 129.958 129.958 129.958 129.958 129.958 129.958 129.958 129.958 129.958 129.958 129.958 129.958 129.958 129.958 129.958 129.958 
129.958 129.958 129.958 129.958 129.958 129.958 129.958 129.958 129.958 129.958 129.958 129.958 129.958 129.958 129.958 129.958 129.958 129.958 129.958 129.958 129.958 129.958 129.958 129.958 129.958 129.958 129.958 129.958 129.958 129.958 129.958 129.958 129.958 129.958 129.958 129.958 129.958 129.958 129.958 129.958 129.958 129.958 129.958 129.958 129.958 129.958 129.958 129.958 129.958 129.958 129.958 129.958 129.958 129.958 129.958 129.958 129.958 129.958 129.958 
129.958 129.958 129.958 129.958 129.958 129.958 129.958 129.958 129.958 129.958 129.958 129.958 129.958 129.958 129.958 129.958 129.958 129.958 129.958 129.958 129.958 129.958 129.958 129.958 129.958 129.958 129.958 129.958 129.958 129.958 129.958 129.958 129.958 129.958 129.958 129.958 129.958 129.958 129.958 129.958 129.958 129.958 129.958 129.958 129.958 129.958 129.958 129.958 129.958 129.958 129.958 129.958 129.958 129.958 129.958 129.958 129.958 129.958 129.958 
129.958 129.958 129.958 129.958 129.958 129.958 129.958 129.958 129.958 129.958 129.958 129.958 129.958 129.958 129.958 129.958 129.958 129.958 129.958 129.958 129.958 129.958 129.958 129.958 129.958 129.958 129.958 129.958 129.958 129.958 129.958 129.958 129.958 129.958 129.958 129.958 129.958 129.958 129.958 129.958 129.958 129.958 129.958 129.958 129.958 129.958 129.958 129.958 129.958 129.958 129.958 129.958 129.958 129.958 129.958 129.958 129.958 129.958 129.958 
129.958 129.958 129.958 129.958 129.958 129.958 129.958 129.958 129.958 129.958 129.958 129.958 129.958 129.958 129.958 129.958 129.958 129.958 129.958 129.958 129.958 129.958 129.958 129.958 129.958 129.958 129.958 129.958 129.958 129.958 129.958 129.958 129.958 129.958 129.958 129.958 129.958 129.958 129.958 129.958 129.958 129.958 129.958 129.958 129.958 129.958 129.958 129.958 129.958 129.958 129.958 129.958 129.958 129.958 129.958 129.958 129.958 129.958 129.958 
129.958 129.958 129.958 129.958 129.958 129.958 129.958 129.958 129.958 129.958 129.958 129.958 129.958 129.958 129.958 129.958 129.958 129.958 129.958 129.958 129.958 129.958 129.958 129.958 129.958 129.958 129.958 129.958 129.958 129.958 129.958 129.958 129.958 129.958 129.958 129.958 129.958 129.958 129.958 129.958 129.958 129.958 129.958 129.958 129.958 129.958 129.958 129.958 129.958 129.958 129.958 129.958 129.958 129.958 129.958 129.958 129.958 129.958 129.958 
129.958 129.958 129.958 129.958 129.958 129.958 129.958 129.958 129.958 129.958 129.958 129.958 129.958 129.958 129.958 129.958 129.958 129.958 129.958 129.958 129.958 129.958 129.958 129.958 129.958 129.958 129.958 129.958 129.958 129.958 129.958 129.958 129.958 129.958 129.958 129.958 129.958 129.958 129.958 129.958 129.958 129.958 129.958 129.958 129.958 129.958 129.958 129.958 129.958 129.958 129.958 129.958 129.958 129.958 129.958 129.958 129.958 129.958 129.958 
129.958 129.958 129.958 129.958 129.958 129.958 129.958 129.958 129.958 129.958 129.958 129.958 129.958 129.958 129.958 129.958 129.958 129.958 129.958 129.958 129.958 129.958 129.958 129.958 129.958 129.958 129.958 129.958 129.958 129.958 129.958 129.958 129.958 129.958 129.958 129.958 129.958 129.958 129.958 129.958 129.958 129.958 129.958 129.958 129.958 129.958 129.958 129.958 129.958 129.958 129.958 129.958 129.958 129.958 129.958 129.958 129.958 129.958 129.958 
129.958 129.958 129.958 129.958 129.958 129.958 129.958 129.958 129.958 129.958 129.958 129.958 129.958 129.958 129.958 129.958 129.958 129.958 129.958 129.958 129.958 129.958 129.958 129.958 129.958 129.958 129.958 129.958 129.958 129.958 129.958 129.958 129.958 129.958 129.958 129.958 129.958 129.958 129.958 129.958 129.958 129.958 129.958 129.958 129.958 129.958 129.958 129.958 129.958 129.958 129.958 129.958 129.958 129.958 129.958 129.958 129.958 129.958 129.958 
129.958 129.958 129.958 129.958 129.958 129.958 129.958 129.958 129.958 129.958 129.958 129.958 129.958 129.958 129.958 129.958 129.958 129.958 129.958 129.958 129.958 129.958 129.958 129.958 129.958 129.958 129.958 129.958 129.958 129.958 129.958 129.958 129.958 129.958 129.958 129.958 129.958 129.958 129.958 129.958 129.958 129.958 129.958 129.958 129.958 129.958 129.958 129.958 129.958 129.958 129.958 129.958 129.958 129.958 129.958 129.958 129.958 129.958 129.958 
129.958 129.958 129.958 129.958 129.958 129.958 129.958 129.958 129.958 129.958 129.958 129.958 129.958 129.958 129.958 129.958 129.958 129.958 129.958 129.958 129.958 129.958 129.958 129.958 129.958 129.958 129.958 129.958 129.958 129.958 129.958 129.958 129.958 129.958 129.958 129.958 129.958 129.958 129.958 129.958 129.958 129.958 129.958 129.958 129.958 129.958 129.958 129.958 129.958 129.958 129.958 129.958 129.958 129.958 129.958 129.958 129.958 129.958 129.958 
129.958 129.958 129.958 129.958 129.958 129.958 129.958 129.958 129.958 129.958 129.958 129.958 129.958 129.958 129.958 129.958 129.958 129.958 129.958 129.958 129.958 129.958 129.958 129.958 129.958 129.958 129.958 129.958 129.958 129.958 129.958 129.958 129.958 129.958 129.958 129.958 129.958 129.958 129.958 129.958 129.958 129.958 129.958 129.958 129.958 129.958 129.958 129.958 129.958 129.958 129.958 129.958 129.958 129.958 129.958 129.958 129.958 129.958 129.958 
129.958 129.958 129.958 129.958 129.958 129.958 129.958 129.958 129.958 129.958 129.958 129.958 129.958 129.958 129.958 129.958 129.958 129.958 129.958 129.958 129.958 129.958 129.958 129.958 129.958 129.958 129.958 129.958 129.958 129.958 129.958 129.958 129.958 129.958 129.958 129.958 129.958 129.958 129.958 129.958 129.958 129.958 129.958 129.958 129.958 129.958 129.958 129.958 129.958 129.958 129.958 129.958 129.958 129.958 129.958 129.958 129.958 129.958 129.958 
129.958 129.958 129.958 129.958 129.958 129.958 129.958 129.958 129.958 129.958 129.958 129.958 129.958 129.958 129.958 129.958 129.958 129.958 129.958 129.958 129.958 129.958 129.958 129.958 129.958 129.958 129.958 129.958 129.958 129.958 129.958 129.958 129.958 129.958 129.958 129.958 129.958 129.958 129.958 129.958 129.958 129.958 129.958 129.958 129.958 129.958 129.958 129.958 129.958 129.958 129.958 129.958 129.958 129.958 129.958 129.958 129.958 129.958 129.958 
129.958 129.958 129.958 129.958 129.958 129.958 129.958 129.958 129.958 129.958 129.958 129.958 129.958 129.958 129.958 129.958 129.958 129.958 129.958 129.958 129.958 129.958 129.958 129.958 129.958 129.958 129.958 129.958 129.958 129.958 129.958 129.958 129.958 129.958 129.958 129.958 129.958 129.958 129.958 129.958 129.958 129.958 129.958 129.958 129.958 129.958 129.958 129.958 129.958 129.958 129.958 129.958 129.958 129.958 129.958 129.958 129.958 129.958 129.958 
129.958 129.958 129.958 129.958 129.958 129.958 129.958 129.958 129.958 129.958 129.958 129.958 129.958 129.958 129.958 129.958 129.958 129.958 129.958 129.958 129.958 129.958 129.958 129.958 129.958 129.958 129.958 129.958 129.958 129.958 129.958 129.958 129.958 129.958 129.958 129.958 129.958 129.958 129.958 129.958 129.958 129.958 129.958 129.958 129.958 129.958 129.958 129.958 129.958 129.958 129.958 129.958 129.958 129.958 129.958 129.958 129.958 129.958 129.958 
129.958 129.958 129.958 129.958 129.958 129.958 129.958 129.958 129.958 129.958 129.958 129.958 129.958 129.958 129.958 129.958 129.958 129.958 129.958 129.958 129.958 129.958 129.958 129.958 129.958 129.958 129.958 129.958 129.958 129.958 129.958 129.958 129.958 129.958 129.958 129.958 129.958 129.958 129.958 129.958 129.958 129.958 129.958 129.958 129.958 129.958 129.958 129.958 129.958 129.958 129.958 129.958 129.958 129.958 129.958 129.958 129.958 129.958 129.958 
129.958 129.958 129.958 129.958 129.958 129.958 129.958 129.958 129.958 129.958 129.958 129.958 129.958 129.958 129.958 129.958 129.958 129.958 129.958 129.958 129.958 129.958 129.958 129.958 129.958 129.958 129.958 129.958 129.958 129.958 129.958 129.958 129.958 129.958 129.958 129.958 129.958 129.958 129.958 129.958 129.958 129.958 129.958 129.958 129.958 129.958 129.958 129.958 129.958 129.958 129.958 129.958 129.958 129.958 129.958 129.958 129.958 129.958 129.958 
129.958 129.958 129.958 129.958 129.958 129.958 129.958 129.958 129.958 129.958 129.958 129.958 129.958 129.958 129.958 129.958 129.958 129.958 129.958 129.958 129.958 129.958 129.958 129.958 129.958 129.958 129.958 129.958 129.958 129.958 129.958 129.958 129.958 129.958 129.958 129.958 129.958 129.958 129.958 129.958 129.958 129.958 129.958 129.958 129.958 129.958 129.958 129.958 129.958 129.958 129.958 129.958 129.958 129.958 129.958 129.958 129.958 129.958 129.958 
129.958 129.958 129.958 129.958 129.958 129.958 129.958 129.958 129.958 129.958 129.958 129.958 129.958 129.958 129.958 129.958 129.958 129.958 129.958 129.958 129.958 129.958 129.958 129.958 129.958 129.958 129.958 129.958 129.958 129.958 129.958 129.958 129.958 129.958 129.958 129.958 129.958 129.958 129.958 129.958 129.958 129.958 129.958 129.958 129.958 129.958 129.958 129.958 129.958 129.958 129.958 129.958 129.958 129.958 129.958 129.958 129.958 129.958 129.958 
129.958 129.958 129.958 129.958 129.958 129.958 129.958 129.958 129.958 129.958 129.958 129.958 129.958 129.958 129.958 129.958 129.958 129.958 129.958 129.958 129.958 129.958 129.958 129.958 129.958 129.958 129.958 129.958 129.958 129.958 129.958 129.958 129.958 129.958 129.958 129.958 129.958 129.958 129.958 129.958 129.958 129.958 129.958 129.958 129.958 129.958 129.958 129.958 129.958 129.958 129.958 129.958 129.958 129.958 129.958 129.958 129.958 129.958 129.958 
129.958 129.958 129.958 129.958 129.958 129.958 129.958 129.958 129.958 129.958 129.958 129.958 129.958 129.958 129.958 129.958 129.958 129.958 129.958 129.958 129.958 129.958 129.958 129.958 129.958 129.958 129.958 129.958 129.958 129.958 129.958 129.958 129.958 129.958 129.958 129.958 129.958 129.958 129.958 129.958 129.958 129.958 129.958 129.958 129.958 129.958 129.958 129.958 129.958 129.958 129.958 129.958 129.958 129.958 129.958 129.958 129.958 129.958 129.958 
129.958 129.958 129.958 129.958 129.958 129.958 129.958 129.958 129.958 129.958 129.958 129.958 129.958 129.958 129.958 129.958 129.958 129.958 129.958 129.958 129.958 129.958 129.958 129.958 129.958 129.958 129.958 129.958 129.958 129.958 129.958 129.958 129.958 129.958 129.958 129.958 129.958 129.958 129.958 129.958 129.958 129.958 129.958 129.958 129.958 129.958 129.958 129.958 129.958 129.958 129.958 129.958 129.958 129.958 129.958 129.958 129.958 129.958 129.958 
129.958 129.958 129.958 129.958 129.958 129.958 129.958 129.958 129.958 129.958 129.958 129.958 129.958 129.958 129.958 129.958 129.958 129.958 129.958 129.958 129.958 129.958 129.958 129.958 129.958 129.958 129.958 129.958 129.958 129.958 129.958 129.958 129.958 129.958 129.958 129.958 129.958 129.958 129.958 129.958 129.958 129.958 129.958 129.958 129.958 129.958 129.958 129.958 129.958 129.958 129.958 129.958 129.958 129.958 129.958 129.958 129.958 129.958 129.958 
129.958 129.958 129.958 129.958 129.958 129.958 129.958 129.958 129.958 129.958 129.958 129.958 129.958 129.958 129.958 129.958 129.958 129.958 129.958 129.958 129.958 129.958 129.958 129.958 129.958 129.958 129.958 129.958 129.958 129.958 129.958 129.958 129.958 129.958 129.958 129.958 129.958 129.958 129.958 129.958 129.958 129.958 129.958 129.958 129.958 129.958 129.958 129.958 129.958 129.958 129.958 129.958 129.958 129.958 129.958 129.958 129.958 129.958 129.958 
129.958 129.958 129.958 129.958 129.958 129.958 129.958 129.958 129.958 129.958 129.958 129.958 129.958 129.958 129.958 129.958 129.958 129.958 129.958 129.958 129.958 129.958 129.958 129.958 129.958 129.958 129.958 129.958 129.958 129.958 129.958 129.958 129.958 129.958 129.958 129.958 129.958 129.958 129.958 129.958 129.958 129.958 129.958 129.958 129.958 129.958 129.958 129.958 129.958 129.958 129.958 129.958 129.958 129.958 129.958 129.958 129.958 129.958 129.958 
129.958 129.958 129.958 129.958 129.958 129.958 129.958 129.958 129.958 129.958 129.958 129.958 129.958 129.958 129.958 129.958 129.958 129.958 129.958 129.958 129.958 129.958 129.958 129.958 129.958 129.958 129.958 129.958 129.958 129.958 129.958 129.958 129.958 129.958 129.958 129.958 129.958 129.958 129.958 129.958 129.958 129.958 129.958 129.958 129.958 129.958 129.958 129.958 129.958 129.958 129.958 129.958 129.958 129.958 129.958 129.958 129.958 129.958 129.958 
129.958 129.958 129.958 129.958 129.958 129.958 129.958 129.958 129.958 129.958 129.958 129.958 129.958 129.958 129.958 129.958 129.958 129.958 129.958 129.958 129.958 129.958 129.958 129.958 129.958 129.958 129.958 129.958 129.958 129.958 129.958 129.958 129.958 129.958 129.958 129.958 129.958 129.958 129.958 129.958 129.958 129.958 129.958 129.958 129.958 129.958 129.958 129.958 129.958 129.958 129.958 129.958 129.958 129.958 129.958 129.958 129.958 129.958 129.958 
129.958 129.958 129.958 129.958 129.958 129.958 129.958 129.958 129.958 129.958 129.958 129.958 129.958 129.958 129.958 129.958 129.958 129.958 129.958 129.958 129.958 129.958 129.958 129.958 129.958 129.958 129.958 129.958 129.958 129.958 129.958 129.958 129.958 129.958 129.958 129.958 129.958 129.958 129.958 129.958 129.958 129.958 129.958 129.958 129.958 129.958 129.958 129.958 129.958 129.958 129.958 129.958 129.958 129.958 129.958 129.958 129.958 129.958 129.958 
129.958 129.958 129.958 129.958 129.958 129.958 129.958 129.958 129.958 129.958 129.958 129.958 129.958 129.958 129.958 129.958 129.958 129.958 129.958 129.958 129.958 129.958 129.958 129.958 129.958 129.958 129.958 129.958 129.958 129.958 129.958 129.958 129.958 129.958 129.958 129.958 129.958 129.958 129.958 129.958 129.958 129.958 129.958 129.958 129.958 129.958 129.958 129.958 129.958 129.958 129.958 129.958 129.958 129.958 129.958 129.958 129.958 129.958 129.958 
129.958 129.958 129.958 129.958 129.958 129.958 129.958 129.958 129.958 129.958 129.958 129.958 129.958 129.958 129.958 129.958 129.958 129.958 129.958 129.958 129.958 129.958 129.958 129.958 129.958 129.958 129.958 129.958 129.958 129.958 129.958 129.958 129.958 129.958 129.958 129.958 129.958 129.958 129.958 129.958 129.958 129.958 129.958 129.958 129.958 129.958 129.958 129.958 129.958 129.958 129.958 129.958 129.958 129.958 129.958 129.958 129.958 129.958 129.958 
129.958 129.958 129.958 129.958 129.958 129.958 129.958 129.958 129.958 129.958 129.958 129.958 129.958 129.958 129.958 129.958 129.958 129.958 129.958 129.958 129.958 129.958 129.958 129.958 129.958 129.958 129.958 129.958 129.958 129.958 129.958 129.958 129.958 129.958 129.958 129.958 129.958 129.958 129.958 129.958 129.958 129.958 129.958 129.958 129.958 129.958 129.958 129.958 129.958 129.958 129.958 129.958 129.958 129.958 129.958 129.958 129.958 129.958 129.958 
129.958 129.958 129.958 129.958 129.958 129.958 129.958 129.958 129.958 129.958 129.958 129.958 129.958 129.958 129.958 129.958 129.958 129.958 129.958 129.958 129.958 129.958 129.958 129.958 129.958 129.958 129.958 129.958 129.958 129.958 129.958 129.958 129.958 129.958 129.958 129.958 129.958 129.958 129.958 129.958 129.958 129.958 129.958 129.958 129.958 129.958 129.958 129.958 129.958 129.958 129.958 129.958 129.958 129.958 129.958 129.958 129.958 129.958 129.958 
129.958 129.958 129.958 129.958 129.958 129.958 129.958 129.958 129.958 129.958 129.958 129.958 129.958 129.958 129.958 129.958 129.958 129.958 129.958 129.958 129.958 129.958 129.958 129.958 129.958 129.958 129.958 129.958 129.958 129.958 129.958 129.958 129.958 129.958 129.958 129.958 129.958 129.958 129.958 129.958 129.958 129.958 129.958 129.958 129.958 129.958 129.958 129.958 129.958 129.958 129.958 129.958 129.958 129.958 129.958 129.958 129.958 129.958 129.958 
129.958 129.958 129.958 129.958 129.958 129.958 129.958 129.958 129.958 129.958 129.958 129.958 129.958 129.958 129.958 129.958 129.958 129.958 129.958 129.958 129.958 129.958 129.958 129.958 129.958 129.958 129.958 129.958 129.958 129.958 129.958 129.958 129.958 129.958 129.958 129.958 129.958 129.958 129.958 129.958 129.958 129.958 129.958 129.958 129.958 129.958 129.958 129.958 129.958 129.958 129.958 129.958 129.958 129.958 129.958 129.958 129.958 129.958 129.958 
129.958 129.958 129.958 129.958 129.958 129.958 129.958 129.958 129.958 129.958 129.958 129.958 129.958 129.958 129.958 129.958 129.958 129.958 129.958 129.958 129.958 129.958 129.958 129.958 129.958 129.958 129.958 129.958 129.958 129.958 129.958 129.958 129.958 129.958 129.958 129.958 129.958 129.958 129.958 129.958 129.958 129.958 129.958 129.958 129.958 129.958 129.958 129.958 129.958 129.958 129.958 129.958 129.958 129.958 129.958 129.958 129.958 129.958 129.958 
129.958 129.958 129.958 129.958 129.958 129.958 129.958 129.958 129.958 129.958 129.958 129.958 129.958 129.958 129.958 129.958 129.958 129.958 129.958 129.958 129.958 129.958 129.958 129.958 129.958 129.958 129.958 129.958 129.958 129.958 129.958 129.958 129.958 129.958 129.958 129.958 129.958 129.958 129.958 129.958 129.958 129.958 129.958 129.958 129.958 129.958 129.958 129.958 129.958 129.958 129.958 129.958 129.958 129.958 129.958 129.958 129.958 129.958 129.958 
129.958 129.958 129.958 129.958 129.958 129.958 129.958 129.958 129.958 129.958 129.958 129.958 129.958 129.958 129.958 129.958 129.958 129.958 129.958 129.958 129.958 129.958 129.958 129.958 129.958 129.958 129.958 129.958 129.958 129.958 129.958 129.958 129.958 129.958 129.958 129.958 129.958 129.958 129.958 129.958 129.958 129.958 129.958 129.958 129.958 129.958 129.958 129.958 129.958 129.958 129.958 129.958 129.958 129.958 129.958 129.958 129.958 129.958 129.958 
129.958 129.958 129.958 129.958 129.958 129.958 129.958 129.958 129.958 129.958 129.958 129.958 129.958 129.958 129.958 129.958 129.958 129.958 129.958 129.958 129.958 129.958 129.958 129.958 129.958 129.958 129.958 129.958 129.958 129.958 129.958 129.958 129.958 129.958 129.958 129.958 129.958 129.958 129.958 129.958 129.958 129.958 129.958 129.958 129.958 129.958 129.958 129.958 129.958 129.958 129.958 129.958 129.958 129.958 129.958 129.958 129.958 129.958 129.958 
129.958 129.958 129.958 129.958 129.958 129.958 129.958 129.958 129.958 129.958 129.958 129.958 129.958 129.958 129.958 129.958 129.958 129.958 129.958 129.958 129.958 129.958 129.958 129.958 129.958 129.958 129.958 129.958 129.958 129.958 129.958 129.958 129.958 129.958 129.958 129.958 129.958 129.958 129.958 129.958 129.958 129.958 129.958 129.958 129.958 129.958 129.958 129.958 129.958 129.958 129.958 129.958 129.958 129.958 129.958 129.958 129.958 129.958 129.958 
129.958 129.958 129.958 129.958 129.958 129.958 129.958 129.958 129.958 129.958 129.958 129.958 129.958 129.958 129.958 129.958 129.958 129.958 129.958 129.958 129.958 129.958 129.958 129.958 129.958 129.958 129.958 129.958 129.958 129.958 129.958 129.958 129.958 129.958 129.958 129.958 129.958 129.958 129.958 129.958 129.958 129.958 129.958 129.958 129.958 129.958 129.958 129.958 129.958 129.958 129.958 129.958 129.958 129.958 129.958 129.958 129.958 129.958 129.958 
129.958 129.958 129.958 129.958 129.958 129.958 129.958 129.958 129.958 129.958 129.958 129.958 129.958 129.958 129.958 129.958 129.958 129.958 129.958 129.958 129.958 129.958 129.958 129.958 129.958 129.958 129.958 129.958 129.958 129.958 129.958 129.958 129.958 129.958 129.958 129.958 129.958 129.958 129.958 129.958 129.958 129.958 129.958 129.958 129.958 129.958 129.958 129.958 129.958 129.958 129.958 129.958 129.958 129.958 129.958 129.958 129.958 129.958 129.958 
129.958 129.958 129.958 129.958 129.958 129.958 129.958 129.958 129.958 129.958 129.958 129.958 129.958 129.958 129.958 129.958 129.958 129.958 129.958 129.958 129.958 129.958 129.958 129.958 129.958 129.958 129.958 129.958 129.958 129.958 129.958 129.958 129.958 129.958 129.958 129.958 129.958 129.958 129.958 129.958 129.958 129.958 129.958 129.958 129.958 129.958 129.958 129.958 129.958 129.958 129.958 129.958 129.958 129.958 129.958 129.958 129.958 129.958 129.958 
129.958 129.958 129.958 129.958 129.958 129.958 129.958 129.958 129.958 129.958 129.958 129.958 129.958 129.958 129.958 129.958 129.958 129.958 129.958 129.958 129.958 129.958 129.958 129.958 129.958 129.958 129.958 129.958 129.958 129.958 129.958 129.958 129.958 129.958 129.958 129.958 129.958 129.958 129.958 129.958 129.958 129.958 129.958 129.958 129.958 129.958 129.958 129.958 129.958 129.958 129.958 129.958 129.958 129.958 129.958 129.958 129.958 129.958 129.958 
129.958 129.958 129.958 129.958 129.958 129.958 129.958 129.958 129.958 129.958 129.958 129.958 129.958 129.958 129.958 129.958 129.958 129.958 129.958 129.958 129.958 129.958 129.958 129.958 129.958 129.958 129.958 129.958 129.958 129.958 129.958 129.958 129.958 129.958 129.958 129.958 129.958 129.958 129.958 129.958 129.958 129.958 129.958 129.958 129.958 129.958 129.958 129.958 129.958 129.958 129.958 129.958 129.958 129.958 129.958 129.958 129.958 129.958 129.958 
129.958 129.958 129.958 129.958 129.958 129.958 129.958 129.958 129.958 129.958 129.958 129.958 129.958 129.958 129.958 129.958 129.958 129.958 129.958 129.958 129.958 129.958 129.958 129.958 129.958 129.958 129.958 129.958 129.958 129.958 129.958 129.958 129.958 129.958 129.958 129.958 129.958 129.958 129.958 129.958 129.958 129.958 129.958 129.958 129.958 129.958 129.958 129.958 129.958 129.958 129.958 129.958 129.958 129.958 129.958 129.958 129.958 129.958 129.958 
129.958 129.958 129.958 129.958 129.958 129.958 129.958 129.958 129.958 129.958 129.958 129.958 129.958 129.958 129.958 129.958 129.958 129.958 129.958 129.958 129.958 129.958 129.958 129.958 129.958 129.958 129.958 129.958 129.958 129.958 129.958 129.958 129.958 129.958 129.958 129.958 129.958 129.958 129.958 129.958 129.958 129.958 129.958 129.958 129.958 129.958 129.958 129.958 129.958 129.958 129.958 129.958 129.958 129.958 129.958 129.958 129.958 129.958 129.958 
129.958 129.958 129.958 129.958 129.958 129.958 129.958 129.958 129.958 129.958 129.958 129.958 129.958 129.958 129.958 129.958 129.958 129.958 129.958 129.958 129.958 129.958 129.958 129.958 129.958 129.958 129.958 129.958 129.958 129.958 129.958 129.958 129.958 129.958 129.958 129.958 129.958 129.958 129.958 129.958 129.958 129.958 129.958 129.958 129.958 129.958 129.958 129.958 129.958 129.958 129.958 129.958 129.958 129.958 129.958 129.958 129.958 129.958 129.958 
129.958 129.958 129.958 129.958 129.958 129.958 129.958 129.958 129.958 129.958 129.958 129.958 129.958 129.958 129.958 129.958 129.958 129.958 129.958 129.958 129.958 129.958 129.958 129.958 129.958 129.958 129.958 129.958 129.958 129.958 129.958 129.958 129.958 129.958 129.958 129.958 129.958 129.958 129.958 129.958 129.958 129.958 129.958 129.958 129.958 129.958 129.958 129.958 129.958 129.958 129.958 129.958 129.958 129.958 129.958 129.958 129.958 129.958 129.958 
129.958 129.958 129.958 129.958 129.958 129.958 129.958 129.958 129.958 129.958 129.958 129.958 129.958 129.958 129.958 129.958 129.958 129.958 129.958 129.958 129.958 129.958 129.958 129.958 129.958 129.958 129.958 129.958 129.958 129.958 129.958 129.958 129.958 129.958 129.958 129.958 129.958 129.958 129.958 129.958 129.958 129.958 129.958 129.958 129.958 129.958 129.958 129.958 129.958 129.958 129.958 129.958 129.958 129.958 129.958 129.958 129.958 129.958 129.958 
129.958 129.958 129.958 129.958 129.958 129.958 129.958 129.958 129.958 129.958 129.958 129.958 129.958 129.958 129.958 129.958 129.958 129.958 129.958 129.958 129.958 129.958 129.958 129.958 129.958 129.958 129.958 129.958 129.958 129.958 129.958 129.958 129.958 129.958 129.958 129.958 129.958 129.958 129.958 129.958 129.958 129.958 129.958 129.958 129.958 129.958 129.958 129.958 129.958 129.958 129.958 129.958 129.958 129.958 129.958 129.958 129.958 129.958 129.958 
129.958 129.958 129.958 129.958 129.958 129.958 129.958 129.958 129.958 129.958 129.958 129.958 129.958 129.958 129.958 129.958 129.958 129.958 129.958 129.958 129.958 129.958 129.958 129.958 129.958 129.958 129.958 129.958 129.958 129.958 129.958 129.958 129.958 129.958 129.958 129.958 129.958 129.958 129.958 129.958 129.958 129.958 129.958 129.958 129.958 129.958 129.958 129.958 129.958 129.958 129.958 129.958 129.958 129.958 129.958 129.958 129.958 129.958 129.958 
129.958 129.958 129.958 129.958 129.958 129.958 129.958 129.958 129.958 129.958 129.958 129.958 129.958 129.958 129.958 129.958 129.958 129.958 129.958 129.958 129.958 129.958 129.958 129.958 129.958 129.958 129.958 129.958 129.958 129.958 129.958 129.958 129.958 129.958 129.958 129.958 129.958 129.958 129.958 129.958 129.958 129.958 129.958 129.958 129.958 129.958 129.958 129.958 129.958 129.958 129.958 129.958 129.958 129.958 129.958 129.958 129.958 129.958 129.958 
129.958 129.958 129.958 129.958 129.958 129.958 129.958 129.958 129.958 129.958 129.958 129.958 129.958 129.958 129.958 129.958 129.958 129.958 129.958 129.958 129.958 129.958 129.958 129.958 129.958 129.958 129.958 129.958 129.958 129.958 129.958 129.958 129.958 129.958 129.958 129.958 129.958 129.958 129.958 129.958 129.958 129.958 129.958 129.958 129.958 129.958 129.958 129.958 129.958 129.958 129.958 129.958 129.958 129.958 129.958 129.958 129.958 129.958 129.958 
129.958 129.958 129.958 129.958 129.958 129.958 129.958 129.958 129.958 129.958 129.958 129.958 129.958 129.958 129.958 129.958 129.958 129.958 129.958 129.958 129.958 129.958 129.958 129.958 129.958 129.958 129.958 129.958 129.958 129.958 129.958 129.958 129.958 129.958 129.958 129.958 129.958 129.958 129.958 129.958 129.958 129.958 129.958 129.958 129.958 129.958 129.958 129.958 129.958 129.958 129.958 129.958 129.958 129.958 129.958 129.958 129.958 129.958 129.958 
129.958 129.958 129.958 129.958 129.958 129.958 129.958 129.958 129.958 129.958 129.958 129.958 129.958 129.958 129.958 129.958 129.958 129.958 129.958 129.958 129.958 129.958 129.958 129.958 129.958 129.958 129.958 129.958 129.958 129.958 129.958 129.958 129.958 129.958 129.958 129.958 129.958 129.958 129.958 129.958 129.958 129.958 129.958 129.958 129.958 129.958 129.958 129.958 129.958 129.958 129.958 129.958 129.958 129.958 129.958 129.958 129.958 129.958 129.958 
129.958 129.958 129.958 129.958 129.958 129.958 129.958 129.958 129.958 129.958 129.958 129.958 129.958 129.958 129.958 129.958 129.958 129.958 129.958 129.958 129.958 129.958 129.958 129.958 129.958 129.958 129.958 129.958 129.958 129.958 129.958 129.958 129.958 129.958 129.958 129.958 129.958 129.958 129.958 129.958 129.958 129.958 129.958 129.958 129.958 129.958 129.958 129.958 129.958 129.958 129.958 129.958 129.958 129.958 129.958 129.958 129.958 129.958 129.958 
129.958 129.958 129.958 129.958 129.958 129.958 129.958 129.958 129.958 129.958 129.958 129.958 129.958 129.958 129.958 129.958 129.958 129.958 129.958 129.958 129.958 129.958 129.958 129.958 129.958 129.958 129.958 129.958 129.958 129.958 129.958 129.958 129.958 129.958 129.958 129.958 129.958 129.958 129.958 129.958 129.958 129.958 129.958 129.958 129.958 129.958 129.958 129.958 129.958 129.958 129.958 129.958 129.958 129.958 129.958 129.958 129.958 129.958 129.958 
