# org_id,org_cellx,org_celly,org_forage_target,org_group_id,org_facing
19643220,40,13,-1,-1,1
19642253,21,11,-1,-1,7
19642545,16,10,-1,-1,1
19643276,8,14,-1,-1,1
19633880,47,58,-1,-1,5
19643039,32,42,-1,-1,4
19643044,5,20,-1,-1,3
19643601,50,45,-1,-1,3
19638862,39,46,-1,-1,4
19638667,26,0,-1,-1,5
19641639,56,56,-1,-1,3
19643208,1,49,-1,-1,4
19638368,14,31,-1,-1,3
19640305,53,23,-1,-1,1
19642301,4,49,-1,-1,6
19636306,16,24,-1,-1,0
19642069,48,12,-1,-1,7
19643141,40,50,-1,-1,7
19641747,53,1,-1,-1,4
19643555,48,30,-1,-1,0
19642125,1,37,-1,-1,6
19639263,28,45,-1,-1,0
19642863,48,44,-1,-1,2
19642254,55,30,-1,-1,7
19638642,46,51,-1,-1,5
19624301,44,40,-1,-1,0
19636484,12,45,-1,-1,6
19642849,47,52,-1,-1,7
19642816,13,7,-1,-1,4
19642118,42,26,-1,-1,5
19641602,10,33,-1,-1,0
19639741,50,58,-1,-1,1
19642681,50,48,-1,-1,4
19640887,24,13,-1,-1,0
19640524,29,46,-1,-1,4
19642838,52,56,-1,-1,0
19639921,35,20,-1,-1,2
19638414,23,26,-1,-1,0
19640440,40,54,-1,-1,0
19642606,15,22,-1,-1,5
19640481,5,47,-1,-1,2
19641663,5,7,-1,-1,1
19639929,55,23,-1,-1,4
19641825,9,26,-1,-1,2
19642552,0,27,-1,-1,7
19635412,55,32,-1,-1,5
19636039,0,0,-1,-1,4
19643411,7,15,-1,-1,6
19636085,16,9,-1,-1,3
19642676,34,43,-1,-1,1
19639304,9,13,-1,-1,4
19643089,7,32,-1,-1,0
19633007,10,28,-1,-1,4
19639404,56,8,-1,-1,2
19643568,15,9,-1,-1,7
19642182,10,42,-1,-1,1
19642720,30,26,-1,-1,0
19641520,42,2,-1,-1,1
19641836,52,52,-1,-1,4
19639087,5,36,-1,-1,3
19643476,16,32,-1,-1,1
19632764,44,4,-1,-1,0
19639881,57,4,-1,-1,2
19643066,15,12,-1,-1,3
19640008,11,26,-1,-1,5
19642584,10,56,-1,-1,7
19643639,21,26,-1,-1,3
19642521,27,48,-1,-1,3
19641707,15,55,-1,-1,4
19641068,11,36,-1,-1,6
19630219,21,2,-1,-1,3
19642833,52,33,-1,-1,3
19639396,7,51,-1,-1,6
19628491,17,45,-1,-1,7
19640036,20,19,-1,-1,2
19633062,4,42,-1,-1,1
19642438,0,26,-1,-1,7
19642986,5,11,-1,-1,6
19637455,1,15,-1,-1,7
19641483,48,47,-1,-1,6
19641660,1,27,-1,-1,1
19641951,53,8,-1,-1,6
19639456,35,31,-1,-1,5
19639295,20,15,-1,-1,6
19642827,55,47,-1,-1,5
19640988,50,25,-1,-1,3
19641735,57,6,-1,-1,2
19640866,55,54,-1,-1,3
19642999,46,25,-1,-1,3
19642430,35,3,-1,-1,6
19641283,43,44,-1,-1,2
19641280,13,41,-1,-1,0
19643167,2,29,-1,-1,4
19633637,27,21,-1,-1,1
19638534,46,11,-1,-1,3
19640586,37,32,-1,-1,7
19640349,15,21,-1,-1,4
19642872,42,52,-1,-1,5
19639681,13,15,-1,-1,1
19643094,34,47,-1,-1,3
19643384,31,34,-1,-1,2
19639008,53,31,-1,-1,5
19638708,10,41,-1,-1,6
19632010,7,26,-1,-1,4
19642563,43,23,-1,-1,4
19640941,9,32,-1,-1,0
19643028,25,38,-1,-1,6
19641124,2,11,-1,-1,5
19643123,39,28,-1,-1,7
19641360,55,8,-1,-1,0
19643428,52,5,-1,-1,6
19638463,41,58,-1,-1,6
19642023,41,40,-1,-1,6
19643474,1,24,-1,-1,7
19642505,19,44,-1,-1,6
19641519,54,53,-1,-1,0
19634451,6,28,-1,-1,2
19643345,10,30,-1,-1,2
19639590,26,26,-1,-1,2
19642027,5,56,-1,-1,5
19643264,54,43,-1,-1,6
19642983,32,33,-1,-1,3
19641637,27,41,-1,-1,2
19640442,45,6,-1,-1,0
19643587,11,42,-1,-1,5
19642293,49,27,-1,-1,2
19641213,4,54,-1,-1,1
19635308,41,45,-1,-1,7
19643223,31,9,-1,-1,4
19643487,10,36,-1,-1,2
19638711,39,55,-1,-1,3
19642640,52,47,-1,-1,2
19643394,45,58,-1,-1,7
19643419,43,30,-1,-1,1
19642351,30,46,-1,-1,1
19642691,28,52,-1,-1,1
19640637,12,16,-1,-1,4
19642152,57,31,-1,-1,7
19639017,46,35,-1,-1,6
19636512,53,50,-1,-1,0
19642337,7,40,-1,-1,2
19641983,29,34,-1,-1,6
19630329,52,29,-1,-1,5
19642513,3,27,-1,-1,0
19640386,4,36,-1,-1,4
19642121,43,29,-1,-1,0
19643455,16,6,-1,-1,6
19642734,58,45,-1,-1,7
19640423,41,5,-1,-1,1
19640601,49,33,-1,-1,5
19628775,40,33,-1,-1,4
19637639,54,27,-1,-1,1
19641089,31,6,-1,-1,5
19642506,37,19,-1,-1,7
19639487,47,29,-1,-1,3
19642127,26,48,-1,-1,5
19637879,39,23,-1,-1,6
19643247,24,12,-1,-1,2
19636631,46,48,-1,-1,2
19639019,16,52,-1,-1,3
19640198,1,2,-1,-1,0
19637787,29,16,-1,-1,5
19642435,35,29,-1,-1,0
19635205,5,22,-1,-1,6
19641569,40,29,-1,-1,3
19642610,45,18,-1,-1,3
19643627,1,28,-1,-1,2
19640759,17,20,-1,-1,0
19641797,8,25,-1,-1,0
19639946,34,49,-1,-1,5
19634771,39,20,-1,-1,1
19634008,4,24,-1,-1,0
19643241,40,45,-1,-1,7
19641065,50,2,-1,-1,6
19639839,45,20,-1,-1,3
19640816,28,9,-1,-1,6
19642625,35,38,-1,-1,0
19640928,37,53,-1,-1,1
19641925,0,15,-1,-1,7
19641679,16,3,-1,-1,3
19643130,54,22,-1,-1,7
19641271,42,27,-1,-1,7
19641705,47,50,-1,-1,6
19641863,41,34,-1,-1,5
19643007,55,40,-1,-1,1
19640324,48,11,-1,-1,5
19642972,51,23,-1,-1,1
19642585,43,3,-1,-1,0
19642087,55,48,-1,-1,7
19641963,24,44,-1,-1,7
19638774,33,34,-1,-1,0
19641023,18,56,-1,-1,2
19642601,16,39,-1,-1,0
19638191,22,36,-1,-1,1
19643315,58,0,-1,-1,1
19639011,19,57,-1,-1,7
19642543,16,18,-1,-1,6
19638571,32,44,-1,-1,4
19634209,24,36,-1,-1,7
19641024,38,27,-1,-1,1
19640612,4,28,-1,-1,1
19641629,50,16,-1,-1,0
19642060,18,11,-1,-1,1
19638834,34,9,-1,-1,5
19641732,21,39,-1,-1,2
19642055,38,8,-1,-1,6
19636969,23,20,-1,-1,0
19638946,6,30,-1,-1,5
19642057,46,20,-1,-1,6
19640116,9,25,-1,-1,1
19642939,26,2,-1,-1,7
19641935,19,26,-1,-1,4
19640388,4,16,-1,-1,5
19635569,51,13,-1,-1,2
19639397,11,14,-1,-1,1
19642834,14,12,-1,-1,3
19638053,51,18,-1,-1,2
19639244,39,27,-1,-1,2
19641873,30,45,-1,-1,3
19643637,27,17,-1,-1,5
19639046,13,46,-1,-1,4
19635403,27,29,-1,-1,0
19636251,56,14,-1,-1,4
19643536,32,0,-1,-1,7
19639812,12,54,-1,-1,5
19638852,3,56,-1,-1,0
19643095,11,13,-1,-1,4
19643352,36,19,-1,-1,1
19643085,44,22,-1,-1,4
19638972,52,35,-1,-1,4
19641974,26,58,-1,-1,6
19638503,25,27,-1,-1,4
19642385,40,28,-1,-1,1
19634268,47,23,-1,-1,5
19643093,54,14,-1,-1,4
19640314,34,40,-1,-1,4
19642875,16,23,-1,-1,5
19642105,28,5,-1,-1,7
19643323,57,40,-1,-1,4
19643067,57,14,-1,-1,4
19640706,22,25,-1,-1,5
19635406,3,18,-1,-1,1
19641383,42,19,-1,-1,1
19635884,23,54,-1,-1,6
19643469,33,11,-1,-1,1
19642345,54,46,-1,-1,3
19642894,9,11,-1,-1,5
19638940,34,16,-1,-1,4
19642526,25,22,-1,-1,3
19642824,49,12,-1,-1,5
19643372,11,45,-1,-1,1
19643377,33,44,-1,-1,5
19642650,49,47,-1,-1,2
19639162,8,26,-1,-1,6
19636920,40,27,-1,-1,6
19643658,24,58,-1,-1,0
19638059,57,2,-1,-1,5
19642257,8,3,-1,-1,6
19643471,57,22,-1,-1,2
19641118,56,5,-1,-1,7
19641505,53,36,-1,-1,6
19641431,30,2,-1,-1,2
19622730,48,34,-1,-1,6
19638865,27,28,-1,-1,1
19642451,11,9,-1,-1,4
19641514,25,55,-1,-1,6
19643290,38,19,-1,-1,2
19642841,28,22,-1,-1,6
19639903,21,5,-1,-1,4
19636409,44,49,-1,-1,4
19642349,49,10,-1,-1,5
19637038,6,51,-1,-1,7
19643534,55,3,-1,-1,2
19643582,41,20,-1,-1,0
19635971,0,42,-1,-1,3
19641893,18,24,-1,-1,4
19642697,7,4,-1,-1,2
19630408,39,15,-1,-1,4
19642910,47,36,-1,-1,1
19641322,47,16,-1,-1,6
19642215,19,29,-1,-1,3
19641205,44,2,-1,-1,5
19642048,12,22,-1,-1,2
19640693,2,34,-1,-1,6
19638156,25,30,-1,-1,1
19636587,33,8,-1,-1,2
19638333,11,24,-1,-1,6
19638398,29,44,-1,-1,2
19640963,44,31,-1,-1,2
19641890,27,49,-1,-1,3
19641966,9,14,-1,-1,1
19643262,26,54,-1,-1,6
19642631,17,29,-1,-1,5
19643144,15,20,-1,-1,3
19641238,8,37,-1,-1,4
19643571,27,27,-1,-1,6
19639813,7,11,-1,-1,6
19642353,5,2,-1,-1,7
19643079,31,26,-1,-1,5
19641724,23,40,-1,-1,6
19639311,39,1,-1,-1,0
19640667,48,51,-1,-1,2
19634284,57,43,-1,-1,0
19642445,50,55,-1,-1,2
19641119,13,55,-1,-1,0
19639114,45,19,-1,-1,4
19643217,19,53,-1,-1,7
19643435,29,14,-1,-1,6
19642017,17,5,-1,-1,7
19635872,7,57,-1,-1,6
19638743,44,56,-1,-1,2
19640141,5,39,-1,-1,1
19642796,32,28,-1,-1,5
19640825,30,14,-1,-1,5
19643233,31,56,-1,-1,5
19642315,44,21,-1,-1,2
19642044,46,15,-1,-1,7
19639652,52,12,-1,-1,4
19637515,4,25,-1,-1,2
19640943,44,33,-1,-1,3
19637809,1,42,-1,-1,6
19641815,50,10,-1,-1,6
19642024,53,10,-1,-1,2
19640683,3,22,-1,-1,3
19642885,45,55,-1,-1,4
19637262,21,30,-1,-1,5
19640163,9,33,-1,-1,4
19641139,13,27,-1,-1,2
19638824,52,3,-1,-1,7
19640613,21,12,-1,-1,5
19642420,2,46,-1,-1,1
19642080,32,15,-1,-1,6
19632349,13,33,-1,-1,6
19636456,53,17,-1,-1,7
19639406,44,0,-1,-1,4
19639379,54,3,-1,-1,6
19643112,3,57,-1,-1,7
19626526,30,4,-1,-1,0
19637862,37,14,-1,-1,0
19638757,6,50,-1,-1,3
19643525,2,12,-1,-1,5
19643523,36,52,-1,-1,5
19641157,20,9,-1,-1,1
19641599,43,34,-1,-1,4
19640867,25,0,-1,-1,2
19638902,4,48,-1,-1,2
19642891,20,47,-1,-1,2
19641097,43,43,-1,-1,4
19638036,33,32,-1,-1,3
19643260,2,26,-1,-1,6
19642412,52,23,-1,-1,2
19643408,48,55,-1,-1,0
19641052,44,58,-1,-1,6
19643088,52,44,-1,-1,7
19637155,36,4,-1,-1,3
19643271,36,31,-1,-1,1
19633109,47,24,-1,-1,3
19642167,34,51,-1,-1,7
19632288,3,32,-1,-1,7
19641536,49,15,-1,-1,7
19641378,26,42,-1,-1,0
19642719,45,53,-1,-1,2
19640582,27,36,-1,-1,7
19642303,54,24,-1,-1,2
19636678,25,12,-1,-1,6
19641140,51,2,-1,-1,0
19640541,48,38,-1,-1,2
19643514,7,35,-1,-1,7
19641776,29,8,-1,-1,2
19641458,14,48,-1,-1,0
19643578,7,21,-1,-1,0
19642151,55,31,-1,-1,5
19630572,41,24,-1,-1,7
19642613,36,33,-1,-1,1
19643230,18,42,-1,-1,1
19643001,52,36,-1,-1,7
19640861,11,47,-1,-1,1
19640985,6,5,-1,-1,3
19642071,5,4,-1,-1,2
19638121,56,30,-1,-1,5
19641911,23,45,-1,-1,4
19642919,57,19,-1,-1,7
19638211,15,29,-1,-1,0
19641757,27,19,-1,-1,6
19637860,58,28,-1,-1,3
19642994,33,20,-1,-1,3
19640779,16,21,-1,-1,2
19641807,11,53,-1,-1,1
19635352,41,50,-1,-1,1
19643542,47,49,-1,-1,4
19638634,38,50,-1,-1,6
19642192,26,34,-1,-1,2
19641479,50,31,-1,-1,2
19642195,50,34,-1,-1,2
19642854,13,23,-1,-1,1
19637909,58,12,-1,-1,1
19639506,8,2,-1,-1,2
19641232,7,20,-1,-1,6
19642275,44,30,-1,-1,0
19641537,11,43,-1,-1,3
19642300,46,27,-1,-1,5
19642703,37,26,-1,-1,5
19640413,24,9,-1,-1,0
19642470,56,12,-1,-1,6
19638683,25,52,-1,-1,7
19642799,34,7,-1,-1,1
19642865,39,35,-1,-1,7
19636814,14,49,-1,-1,0
19638388,56,39,-1,-1,4
19643218,25,44,-1,-1,7
19638869,12,37,-1,-1,5
19641830,55,15,-1,-1,2
19640904,52,21,-1,-1,0
19642376,19,37,-1,-1,2
19637127,44,3,-1,-1,4
19635198,10,3,-1,-1,2
19643484,45,11,-1,-1,3
19637313,1,53,-1,-1,4
19642668,0,56,-1,-1,3
19643017,39,25,-1,-1,7
19643239,29,2,-1,-1,2
19642959,18,22,-1,-1,7
19643097,8,40,-1,-1,1
19643632,47,40,-1,-1,1
19640772,29,57,-1,-1,5
19638386,32,29,-1,-1,1
19641967,27,40,-1,-1,1
19642458,52,13,-1,-1,3
19641876,46,16,-1,-1,4
19643497,5,57,-1,-1,5
19643378,55,26,-1,-1,0
19637742,47,4,-1,-1,6
19641898,6,34,-1,-1,4
19642693,38,25,-1,-1,4
19640120,7,13,-1,-1,4
19641434,7,5,-1,-1,0
19641246,17,40,-1,-1,2
19637752,42,53,-1,-1,2
19641886,42,37,-1,-1,5
19626117,47,3,-1,-1,5
19643603,50,26,-1,-1,0
19642528,30,43,-1,-1,3
19643477,45,49,-1,-1,2
19640591,26,20,-1,-1,4
19636888,11,29,-1,-1,7
19634392,8,12,-1,-1,5
19636630,13,38,-1,-1,3
19619307,26,38,-1,-1,4
19643516,20,58,-1,-1,4
19639442,8,24,-1,-1,7
19638486,1,35,-1,-1,6
19641188,16,40,-1,-1,1
19643552,27,55,-1,-1,5
19635360,19,3,-1,-1,6
19639308,30,39,-1,-1,5
19640373,51,24,-1,-1,6
19641518,7,43,-1,-1,4
19638598,38,35,-1,-1,2
19640921,13,30,-1,-1,5
19638457,6,22,-1,-1,0
19639367,45,52,-1,-1,5
19641500,30,33,-1,-1,2
19643355,17,58,-1,-1,6
19640027,52,18,-1,-1,2
19643065,55,12,-1,-1,0
19635856,33,18,-1,-1,3
19642221,40,51,-1,-1,6
19639792,54,11,-1,-1,1
19641704,33,30,-1,-1,4
19641044,55,2,-1,-1,3
19639831,0,19,-1,-1,2
19639902,55,29,-1,-1,6
19642260,25,25,-1,-1,1
19640875,44,55,-1,-1,4
19641816,18,4,-1,-1,1
19642651,15,0,-1,-1,5
19639879,0,44,-1,-1,3
19638024,56,17,-1,-1,6
19638740,37,3,-1,-1,0
19641713,5,55,-1,-1,6
19642186,22,40,-1,-1,6
19643121,1,32,-1,-1,1
19637561,42,12,-1,-1,0
19643181,18,35,-1,-1,1
19641765,21,16,-1,-1,0
19642764,9,18,-1,-1,0
19641706,18,54,-1,-1,0
19639191,17,39,-1,-1,5
19640942,38,29,-1,-1,5
19643137,20,11,-1,-1,5
19641161,17,36,-1,-1,1
19643318,19,40,-1,-1,0
19643294,37,54,-1,-1,6
19643641,14,15,-1,-1,1
19632279,29,52,-1,-1,4
19642938,24,17,-1,-1,5
19642861,23,12,-1,-1,3
19643415,14,30,-1,-1,0
19638466,50,49,-1,-1,0
19643599,9,34,-1,-1,5
19642975,38,52,-1,-1,0
19638912,42,45,-1,-1,3
19639474,50,30,-1,-1,0
19643291,2,22,-1,-1,1
19641597,6,18,-1,-1,4
19641642,17,1,-1,-1,3
19642250,57,20,-1,-1,4
19641040,57,25,-1,-1,7
19641544,2,21,-1,-1,0
19640763,23,32,-1,-1,3
19637945,27,53,-1,-1,5
19642251,44,12,-1,-1,1
19643646,34,22,-1,-1,3
19642731,2,51,-1,-1,1
19641209,19,39,-1,-1,7
19642943,19,0,-1,-1,1
19642981,26,4,-1,-1,5
19640486,17,14,-1,-1,7
19642803,8,45,-1,-1,3
19642888,3,52,-1,-1,0
19641785,23,23,-1,-1,5
19643560,36,14,-1,-1,4
19643478,51,50,-1,-1,2
19638126,52,24,-1,-1,3
19641061,39,45,-1,-1,2
19638839,22,10,-1,-1,5
19633981,31,3,-1,-1,6
19641714,19,2,-1,-1,4
19640791,33,58,-1,-1,2
19639860,0,30,-1,-1,7
19643365,47,21,-1,-1,0
19635227,19,21,-1,-1,3
19640491,41,57,-1,-1,4
19638584,16,31,-1,-1,6
19634952,25,5,-1,-1,6
19640226,14,37,-1,-1,0
19642591,42,16,-1,-1,5
19628699,35,58,-1,-1,2
19641297,27,2,-1,-1,1
19640233,43,24,-1,-1,0
19641014,36,15,-1,-1,3
19641840,0,28,-1,-1,6
19640421,35,47,-1,-1,4
19643619,43,10,-1,-1,0
19641017,35,11,-1,-1,4
19638794,37,50,-1,-1,7
19641804,17,17,-1,-1,3
19639687,28,33,-1,-1,4
19637087,17,48,-1,-1,4
19633324,56,47,-1,-1,7
19636208,57,15,-1,-1,0
19642018,11,44,-1,-1,5
19638679,42,3,-1,-1,6
19629519,44,35,-1,-1,5
19642792,34,44,-1,-1,2
19643327,1,23,-1,-1,4
19639959,43,56,-1,-1,5
19643338,3,49,-1,-1,1
19641938,36,20,-1,-1,5
19636882,30,27,-1,-1,1
19635526,10,11,-1,-1,4
19642006,53,53,-1,-1,6
19639966,38,41,-1,-1,2
19642965,52,25,-1,-1,5
19639169,29,30,-1,-1,3
19642207,28,35,-1,-1,2
19640189,58,26,-1,-1,0
19643083,3,45,-1,-1,3
19637823,3,3,-1,-1,5
19642829,49,50,-1,-1,4
19639725,43,36,-1,-1,7
19641516,47,15,-1,-1,6
19635123,36,10,-1,-1,3
19641295,55,44,-1,-1,6
19639152,0,51,-1,-1,7
19642049,27,15,-1,-1,7
19638192,30,21,-1,-1,2
19638241,28,6,-1,-1,5
19638252,2,42,-1,-1,5
19643237,47,2,-1,-1,6
19642688,2,32,-1,-1,6
19642035,28,31,-1,-1,3
19639613,37,40,-1,-1,1
19642021,3,23,-1,-1,3
19622528,7,47,-1,-1,7
19635155,36,30,-1,-1,2
19640404,55,42,-1,-1,5
19643275,48,21,-1,-1,3
19639109,38,49,-1,-1,2
19641325,26,44,-1,-1,2
19641476,25,56,-1,-1,6
19638915,55,34,-1,-1,0
19639964,44,29,-1,-1,7
19635494,8,28,-1,-1,3
19643380,55,4,-1,-1,7
19637462,22,23,-1,-1,6
19638079,15,8,-1,-1,4
19635622,53,14,-1,-1,7
19643201,44,43,-1,-1,6
19639915,11,6,-1,-1,0
19640012,29,35,-1,-1,5
19642397,15,17,-1,-1,6
19623223,44,32,-1,-1,5
19639251,34,55,-1,-1,4
19643213,14,42,-1,-1,1
19640414,33,46,-1,-1,3
19636981,40,37,-1,-1,3
19643562,16,38,-1,-1,3
19642089,56,7,-1,-1,0
19643301,53,48,-1,-1,5
19643593,46,12,-1,-1,4
19641487,40,0,-1,-1,4
19641181,19,33,-1,-1,0
19641719,37,4,-1,-1,5
19641430,44,17,-1,-1,1
19635378,29,0,-1,-1,1
19642165,6,58,-1,-1,6
19638305,18,46,-1,-1,0
19643491,36,56,-1,-1,6
19643251,28,10,-1,-1,0
19642557,24,14,-1,-1,6
19639519,16,28,-1,-1,2
19629615,18,40,-1,-1,6
19638420,1,46,-1,-1,6
19642232,11,54,-1,-1,2
19636930,33,14,-1,-1,4
19641906,33,49,-1,-1,1
19643131,24,0,-1,-1,2
19643602,33,13,-1,-1,6
19643191,34,36,-1,-1,6
19640183,17,9,-1,-1,5
19641824,1,55,-1,-1,1
19643117,2,55,-1,-1,5
19642637,54,38,-1,-1,4
19642813,37,52,-1,-1,4
19641408,36,55,-1,-1,5
19613130,11,39,-1,-1,1
19641388,24,51,-1,-1,2
19642923,18,33,-1,-1,4
19641842,26,10,-1,-1,6
19642202,0,20,-1,-1,3
19639058,53,6,-1,-1,4
19642812,57,24,-1,-1,4
19642427,3,17,-1,-1,0
19642371,20,33,-1,-1,2
19638012,48,56,-1,-1,7
19641528,24,53,-1,-1,1
19637950,9,0,-1,-1,1
19626637,0,18,-1,-1,3
19642372,43,53,-1,-1,4
19643446,23,42,-1,-1,2
19641934,17,27,-1,-1,4
19643243,11,10,-1,-1,2
19643584,35,14,-1,-1,0
19642422,43,22,-1,-1,0
19637119,43,12,-1,-1,6
19640962,17,32,-1,-1,7
19642956,10,15,-1,-1,3
19643054,8,5,-1,-1,2
19643563,11,3,-1,-1,5
19638083,50,7,-1,-1,0
19641833,52,11,-1,-1,4
19639686,19,5,-1,-1,2
19640431,13,49,-1,-1,5
19639578,54,44,-1,-1,1
19641835,6,2,-1,-1,7
19642742,37,29,-1,-1,4
19641035,31,54,-1,-1,5
19638806,9,19,-1,-1,3
19642828,37,13,-1,-1,1
19636828,1,13,-1,-1,2
19643548,41,1,-1,-1,3
19643024,24,6,-1,-1,0
19632274,38,57,-1,-1,4
19638161,21,33,-1,-1,6
19630404,34,20,-1,-1,1
19642237,34,19,-1,-1,3
19642369,41,25,-1,-1,4
19638076,22,11,-1,-1,4
19637357,40,30,-1,-1,2
19643036,34,26,-1,-1,4
19642685,33,3,-1,-1,6
19643324,53,16,-1,-1,0
19639980,21,10,-1,-1,3
19642098,7,12,-1,-1,6
19643400,22,54,-1,-1,5
19642740,28,7,-1,-1,1
19642674,44,25,-1,-1,0
19643379,33,2,-1,-1,1
19635477,52,53,-1,-1,4
19641530,57,47,-1,-1,6
19638766,19,24,-1,-1,6
19642342,26,45,-1,-1,7
19642361,2,53,-1,-1,4
19642045,35,24,-1,-1,2
19643146,56,6,-1,-1,0
19639604,23,52,-1,-1,4
19637715,38,42,-1,-1,4
19639711,0,33,-1,-1,2
19642517,35,2,-1,-1,2
19642111,42,50,-1,-1,6
19637026,28,42,-1,-1,5
19641183,18,52,-1,-1,7
19638609,13,16,-1,-1,4
19638792,10,18,-1,-1,6
19637201,31,16,-1,-1,4
19638901,53,58,-1,-1,7
19641666,22,8,-1,-1,5
19642968,39,32,-1,-1,7
19638699,5,53,-1,-1,3
19642898,22,26,-1,-1,2
19642511,52,16,-1,-1,5
19641965,15,57,-1,-1,6
19640140,55,22,-1,-1,3
19638412,52,2,-1,-1,3
19639141,54,52,-1,-1,3
19641805,23,47,-1,-1,1
19641756,35,10,-1,-1,2
19641672,4,44,-1,-1,0
19640115,9,3,-1,-1,5
19636182,44,24,-1,-1,4
19641866,5,43,-1,-1,0
19641429,34,54,-1,-1,4
19636835,0,1,-1,-1,2
19641579,9,24,-1,-1,2
19638299,15,39,-1,-1,5
19635826,45,27,-1,-1,2
19641673,56,52,-1,-1,5
19631833,50,20,-1,-1,3
19637795,27,23,-1,-1,6
19641353,17,31,-1,-1,2
19638656,51,26,-1,-1,6
19642436,15,40,-1,-1,0
19643360,53,35,-1,-1,6
19637340,14,41,-1,-1,5
19642072,18,21,-1,-1,5
19642665,22,13,-1,-1,1
19641013,56,42,-1,-1,1
19641841,37,41,-1,-1,7
19643122,14,4,-1,-1,6
19641396,17,43,-1,-1,4
19638993,55,51,-1,-1,4
19643458,38,0,-1,-1,6
19641723,14,11,-1,-1,7
19640556,27,13,-1,-1,0
19640522,41,2,-1,-1,5
19641075,22,35,-1,-1,3
19643209,0,4,-1,-1,7
19641999,0,24,-1,-1,4
19641220,51,56,-1,-1,3
19639260,41,21,-1,-1,7
19636289,23,25,-1,-1,3
19641298,32,53,-1,-1,2
19643636,58,29,-1,-1,0
19643042,40,21,-1,-1,0
19640437,55,19,-1,-1,6
19636413,32,19,-1,-1,6
19638112,23,7,-1,-1,2
19642921,53,22,-1,-1,7
19640696,13,53,-1,-1,2
19638864,43,51,-1,-1,1
19636660,21,54,-1,-1,1
19634809,6,17,-1,-1,7
19642862,47,14,-1,-1,3
19643498,42,51,-1,-1,2
19639932,45,33,-1,-1,7
19641557,9,50,-1,-1,1
19642169,25,32,-1,-1,3
19641357,49,31,-1,-1,0
19642173,55,49,-1,-1,3
19635825,6,43,-1,-1,7
19643019,42,21,-1,-1,2
19642905,39,26,-1,-1,0
19642304,2,41,-1,-1,4
19641630,45,1,-1,-1,7
19639559,47,9,-1,-1,3
19639079,25,57,-1,-1,2
19642645,15,2,-1,-1,4
19640555,1,16,-1,-1,3
19643154,58,41,-1,-1,4
19637345,2,45,-1,-1,0
19636842,38,26,-1,-1,5
19642906,50,39,-1,-1,1
19643597,12,43,-1,-1,6
19643573,43,16,-1,-1,3
19639638,8,57,-1,-1,3
19639147,31,52,-1,-1,2
19642056,37,10,-1,-1,0
19640218,8,34,-1,-1,6
19639415,23,4,-1,-1,7
19643499,30,53,-1,-1,3
19641036,16,16,-1,-1,6
19640253,54,35,-1,-1,3
19637913,51,44,-1,-1,1
19639917,10,52,-1,-1,4
19640405,22,14,-1,-1,0
19640497,34,21,-1,-1,4
19643382,38,54,-1,-1,4
19638607,16,12,-1,-1,5
19643460,3,20,-1,-1,1
19642510,17,2,-1,-1,6
19642901,57,38,-1,-1,6
19639448,6,14,-1,-1,3
19643592,19,55,-1,-1,6
19640250,54,51,-1,-1,6
19641857,2,19,-1,-1,1
19641605,4,23,-1,-1,0
19637303,43,38,-1,-1,2
19640716,56,18,-1,-1,1
19641789,30,31,-1,-1,4
19613556,49,23,-1,-1,2
19640571,9,46,-1,-1,2
19641743,39,21,-1,-1,5
19642700,32,51,-1,-1,2
19642496,23,37,-1,-1,5
19641754,15,35,-1,-1,5
19642117,32,49,-1,-1,1
19636734,6,27,-1,-1,1
19641552,45,16,-1,-1,4
19643091,27,5,-1,-1,4
19643604,28,44,-1,-1,7
19642426,45,4,-1,-1,0
19639700,53,3,-1,-1,0
19643392,44,51,-1,-1,3
19632289,23,35,-1,-1,0
19634561,46,23,-1,-1,6
19641554,41,23,-1,-1,0
19640121,30,50,-1,-1,3
19637355,46,50,-1,-1,0
19635784,27,18,-1,-1,0
19637091,26,14,-1,-1,2
19634851,29,26,-1,-1,3
19640407,31,12,-1,-1,5
19640644,40,42,-1,-1,2
19634984,14,33,-1,-1,7
19643265,58,53,-1,-1,0
19642741,46,38,-1,-1,7
19643047,17,53,-1,-1,3
19643561,56,55,-1,-1,5
19640241,50,53,-1,-1,7
19641538,14,27,-1,-1,7
19643363,5,48,-1,-1,4
19637821,19,16,-1,-1,0
19641471,32,13,-1,-1,0
19643575,38,9,-1,-1,2
19641489,5,49,-1,-1,5
19637845,20,1,-1,-1,5
19643166,27,0,-1,-1,6
19641365,10,37,-1,-1,6
19643211,35,16,-1,-1,4
19643282,22,24,-1,-1,3
19643635,11,38,-1,-1,7
19639226,48,33,-1,-1,3
19637106,42,47,-1,-1,2
19642896,7,22,-1,-1,3
19640918,25,1,-1,-1,6
19639982,38,58,-1,-1,0
19636008,56,0,-1,-1,3
19640181,38,15,-1,-1,1
19641038,37,22,-1,-1,5
19640656,37,33,-1,-1,2
19638195,49,6,-1,-1,4
19641058,29,55,-1,-1,5
19637911,5,10,-1,-1,3
19642810,35,25,-1,-1,5
19640802,26,5,-1,-1,3
19642847,32,5,-1,-1,3
19641006,7,17,-1,-1,7
19643255,33,19,-1,-1,7
19639329,51,11,-1,-1,2
19642984,44,19,-1,-1,4
19636784,7,38,-1,-1,7
19634645,17,10,-1,-1,0
19642917,48,43,-1,-1,0
19639521,1,44,-1,-1,3
19636919,10,44,-1,-1,1
19642611,13,31,-1,-1,3
19640265,53,13,-1,-1,4
19637325,3,4,-1,-1,6
19639516,12,1,-1,-1,4
19642892,30,13,-1,-1,7
19634905,51,6,-1,-1,6
19641576,11,55,-1,-1,7
19638238,31,7,-1,-1,4
19643609,12,6,-1,-1,4
19642597,37,38,-1,-1,6
19642858,54,25,-1,-1,6
19639029,14,43,-1,-1,1
19642002,35,57,-1,-1,1
19643434,35,44,-1,-1,0
19641125,37,18,-1,-1,3
19633186,25,4,-1,-1,3
19640375,19,28,-1,-1,2
19640150,5,0,-1,-1,0
19641601,29,43,-1,-1,7
19639025,54,45,-1,-1,7
19637471,25,46,-1,-1,1
19640728,38,53,-1,-1,2
19636521,4,6,-1,-1,5
19642038,13,6,-1,-1,3
19642642,53,43,-1,-1,4
19633902,19,30,-1,-1,6
19637520,26,15,-1,-1,7
19640621,38,34,-1,-1,0
19642481,14,55,-1,-1,0
19642702,44,38,-1,-1,5
19641100,44,7,-1,-1,3
19640340,5,26,-1,-1,5
19642635,39,40,-1,-1,6
19637499,39,34,-1,-1,0
19641636,24,47,-1,-1,3
19637929,3,24,-1,-1,2
19641688,26,1,-1,-1,4
19643231,39,47,-1,-1,5
19641509,15,6,-1,-1,0
19641664,7,42,-1,-1,3
19641173,47,12,-1,-1,2
19637728,13,11,-1,-1,2
19639530,27,20,-1,-1,4
19636599,34,1,-1,-1,5
19639036,5,29,-1,-1,5
19642284,56,10,-1,-1,4
19638311,55,13,-1,-1,3
19633008,52,37,-1,-1,4
19639619,26,39,-1,-1,3
19642313,50,0,-1,-1,0
19640624,46,21,-1,-1,2
19641752,24,42,-1,-1,0
19640229,21,38,-1,-1,2
19639808,25,24,-1,-1,0
19642768,41,47,-1,-1,4
19643012,32,47,-1,-1,0
19640895,15,3,-1,-1,2
19635906,52,8,-1,-1,4
19636277,8,20,-1,-1,7
19639077,4,58,-1,-1,7
19642516,25,17,-1,-1,5
19640841,13,35,-1,-1,6
19641345,38,56,-1,-1,6
19638533,12,51,-1,-1,6
19643344,34,31,-1,-1,0
19639773,20,31,-1,-1,0
19638477,3,30,-1,-1,3
19640194,35,37,-1,-1,3
19640674,12,0,-1,-1,6
19642750,58,10,-1,-1,6
19639696,14,7,-1,-1,6
19640098,11,12,-1,-1,5
19641590,43,5,-1,-1,1
19634947,43,58,-1,-1,0
19643558,41,0,-1,-1,3
19643253,31,14,-1,-1,6
19641571,6,25,-1,-1,3
19640288,55,16,-1,-1,3
19635389,55,6,-1,-1,7
19640479,41,48,-1,-1,2
19637651,46,44,-1,-1,7
19643212,11,19,-1,-1,2
19637265,48,46,-1,-1,3
19635807,19,50,-1,-1,1
19643109,49,7,-1,-1,5
19636318,48,40,-1,-1,6
19633817,42,4,-1,-1,2
19643080,16,57,-1,-1,4
19637745,53,42,-1,-1,0
19642809,0,7,-1,-1,5
19639548,10,49,-1,-1,0
19643395,25,34,-1,-1,3
19640746,37,24,-1,-1,4
19637082,50,32,-1,-1,4
19642501,10,55,-1,-1,5
19642934,20,55,-1,-1,0
19638334,14,16,-1,-1,4
19641589,47,46,-1,-1,7
19641933,50,44,-1,-1,2
19637277,36,2,-1,-1,3
19642316,13,24,-1,-1,1
19642730,51,53,-1,-1,5
19634759,37,27,-1,-1,4
19640630,16,11,-1,-1,4
19642751,39,39,-1,-1,1
19642413,22,5,-1,-1,2
19632727,41,41,-1,-1,5
19642176,20,4,-1,-1,2
19643014,29,11,-1,-1,3
19635212,18,58,-1,-1,3
19642231,21,40,-1,-1,5
19639641,13,44,-1,-1,7
19641943,14,25,-1,-1,6
19642612,25,3,-1,-1,7
19637397,18,48,-1,-1,5
19643588,43,26,-1,-1,2
19640006,49,21,-1,-1,1
19643186,18,34,-1,-1,6
19641786,30,44,-1,-1,4
19639660,15,56,-1,-1,1
19641990,38,43,-1,-1,1
19640778,46,34,-1,-1,2
19641888,21,31,-1,-1,6
19640206,26,29,-1,-1,6
19630872,18,32,-1,-1,4
19641296,42,0,-1,-1,4
19641202,28,50,-1,-1,4
19628788,20,7,-1,-1,7
19641463,41,13,-1,-1,1
19642926,32,6,-1,-1,3
19641678,28,29,-1,-1,5
19632072,4,15,-1,-1,5
19638544,54,17,-1,-1,3
19642953,21,37,-1,-1,7
19643235,37,20,-1,-1,5
19639007,54,6,-1,-1,0
19642815,29,4,-1,-1,4
19638906,30,37,-1,-1,6
19633034,18,15,-1,-1,6
19641467,20,26,-1,-1,4
19638773,52,26,-1,-1,7
19643350,36,53,-1,-1,5
19640308,23,5,-1,-1,7
19639940,21,52,-1,-1,3
19641208,38,11,-1,-1,3
19642887,52,54,-1,-1,6
19638937,9,36,-1,-1,4
19639786,17,37,-1,-1,0
19643319,55,46,-1,-1,3
19634429,57,26,-1,-1,7
19637625,23,30,-1,-1,3
19640848,19,34,-1,-1,4
19639043,31,35,-1,-1,7
19638222,42,5,-1,-1,6
19638930,24,41,-1,-1,7
19637215,32,24,-1,-1,6
19640273,2,36,-1,-1,7
19640948,32,45,-1,-1,3
19633564,45,13,-1,-1,1
19629772,44,54,-1,-1,7
19640164,8,11,-1,-1,7
19641000,12,12,-1,-1,7
19640197,56,37,-1,-1,2
19640979,41,12,-1,-1,3
19642779,30,29,-1,-1,6
19642007,27,11,-1,-1,2
19640982,33,45,-1,-1,0
19640795,12,40,-1,-1,6
19642090,57,29,-1,-1,2
19639322,47,47,-1,-1,1
19643105,31,48,-1,-1,6
19639113,10,43,-1,-1,6
19638816,11,8,-1,-1,4
19635987,58,57,-1,-1,2
19643489,1,54,-1,-1,6
19634057,25,20,-1,-1,4
19640811,50,38,-1,-1,2
19642234,58,24,-1,-1,7
19643569,55,9,-1,-1,7
19643431,38,33,-1,-1,6
19643623,40,23,-1,-1,2
19643086,2,58,-1,-1,2
19641269,42,49,-1,-1,6
19643600,48,3,-1,-1,3
19641568,12,2,-1,-1,0
19639701,24,24,-1,-1,2
19638734,34,11,-1,-1,0
19641631,16,19,-1,-1,0
19639707,30,10,-1,-1,6
19638335,20,36,-1,-1,7
19641313,57,9,-1,-1,0
19640679,33,37,-1,-1,0
19641497,10,27,-1,-1,4
19643451,45,10,-1,-1,7
19641792,14,6,-1,-1,3
19643107,16,14,-1,-1,1
19639068,51,43,-1,-1,5
19641818,15,54,-1,-1,6
19640475,53,9,-1,-1,4
19641991,1,51,-1,-1,1
19642493,55,36,-1,-1,3
19642204,46,30,-1,-1,3
19639666,39,37,-1,-1,4
19636667,10,0,-1,-1,4
19639171,25,41,-1,-1,2
19635531,10,45,-1,-1,5
19637037,53,52,-1,-1,5
19639659,37,58,-1,-1,4
19638440,55,39,-1,-1,1
19640886,29,42,-1,-1,3
19642115,28,49,-1,-1,1
19641920,6,47,-1,-1,2
19642466,47,19,-1,-1,3
19632731,24,49,-1,-1,0
19640852,14,52,-1,-1,4
19643475,51,38,-1,-1,6
19641501,32,23,-1,-1,5
19641392,4,56,-1,-1,7
19642669,28,19,-1,-1,7
19642655,18,29,-1,-1,1
19642918,39,22,-1,-1,5
19638703,57,17,-1,-1,4
19638796,11,40,-1,-1,7
19640727,2,40,-1,-1,3
19633904,8,0,-1,-1,2
19643340,40,9,-1,-1,2
19643383,51,36,-1,-1,5
19638657,38,24,-1,-1,3
19641578,24,40,-1,-1,6
19641913,20,3,-1,-1,4
19643549,57,33,-1,-1,6
19640824,1,9,-1,-1,2
19638471,35,6,-1,-1,3
19639616,58,50,-1,-1,5
19642769,34,29,-1,-1,6
19643092,3,12,-1,-1,5
19642336,25,8,-1,-1,3
19634156,52,22,-1,-1,6
19643541,18,0,-1,-1,5
19639720,3,9,-1,-1,5
19639629,46,45,-1,-1,0
19643257,13,2,-1,-1,7
19640102,58,7,-1,-1,7
19642335,18,38,-1,-1,4
19641992,19,47,-1,-1,5
19642166,25,23,-1,-1,4
19640088,27,32,-1,-1,0
19640633,23,53,-1,-1,4
19635468,47,28,-1,-1,4
19640949,16,22,-1,-1,4
19642587,4,45,-1,-1,2
19636778,36,27,-1,-1,3
19632871,14,10,-1,-1,4
19625456,32,52,-1,-1,0
19643190,16,17,-1,-1,7
19633218,21,18,-1,-1,1
19633305,25,48,-1,-1,4
19640507,34,3,-1,-1,2
19643150,17,26,-1,-1,0
19636918,14,47,-1,-1,1
19642490,22,34,-1,-1,5
19643059,49,0,-1,-1,0
19638049,35,52,-1,-1,4
19642657,23,36,-1,-1,6
19641282,47,42,-1,-1,2
19639480,4,17,-1,-1,0
19641503,25,11,-1,-1,6
19640708,16,53,-1,-1,4
19642670,57,50,-1,-1,4
19639682,55,35,-1,-1,5
19643547,16,7,-1,-1,1
19642271,34,5,-1,-1,6
19641249,49,22,-1,-1,7
19638767,54,23,-1,-1,6
19641350,0,39,-1,-1,5
19637837,8,19,-1,-1,5
19641703,57,34,-1,-1,1
19642144,24,31,-1,-1,1
19640296,49,26,-1,-1,4
19633302,20,23,-1,-1,0
19641633,51,51,-1,-1,7
19642777,30,1,-1,-1,2
19641444,40,8,-1,-1,6
19642819,8,54,-1,-1,0
19641156,11,5,-1,-1,7
19641641,32,30,-1,-1,5
19639208,23,21,-1,-1,1
19641234,51,57,-1,-1,3
19633217,36,18,-1,-1,2
19638543,56,36,-1,-1,1
19643082,16,30,-1,-1,4
19641532,27,42,-1,-1,0
19640192,28,56,-1,-1,3
19634927,3,0,-1,-1,4
19642163,0,14,-1,-1,0
19642319,45,5,-1,-1,4
19643171,15,49,-1,-1,6
19643206,52,38,-1,-1,2
19630944,51,10,-1,-1,6
19639814,13,36,-1,-1,0
19641622,4,5,-1,-1,3
19643180,45,54,-1,-1,5
19640125,26,24,-1,-1,0
19638623,48,20,-1,-1,3
19641257,34,58,-1,-1,7
19640462,11,37,-1,-1,2
19640952,58,58,-1,-1,2
19638695,21,14,-1,-1,3
19642107,25,31,-1,-1,1
19638604,22,55,-1,-1,4
19641819,29,22,-1,-1,2
19642576,12,18,-1,-1,0
19638223,1,58,-1,-1,0
19640313,31,37,-1,-1,5
19642535,51,33,-1,-1,2
19643202,44,45,-1,-1,4
19634689,19,41,-1,-1,1
19640439,11,46,-1,-1,5
19642748,19,15,-1,-1,7
19642710,51,41,-1,-1,6
19641892,58,20,-1,-1,1
19637419,21,42,-1,-1,7
19639732,54,41,-1,-1,5
19641352,39,9,-1,-1,6
19641406,9,42,-1,-1,1
19643444,49,29,-1,-1,0
19640574,34,18,-1,-1,0
19641416,56,25,-1,-1,3
19642971,12,35,-1,-1,1
19639770,52,31,-1,-1,5
19639998,49,44,-1,-1,1
19643405,7,25,-1,-1,3
19643530,10,48,-1,-1,7
19631846,40,32,-1,-1,5
19635849,26,37,-1,-1,5
19631818,6,23,-1,-1,7
19643594,36,38,-1,-1,0
19630850,56,48,-1,-1,1
19638344,45,57,-1,-1,2
19642997,18,25,-1,-1,2
19642259,10,16,-1,-1,1
19643510,39,54,-1,-1,1
19635328,29,20,-1,-1,4
19642966,27,51,-1,-1,2
19642317,51,21,-1,-1,5
19642728,4,39,-1,-1,0
19642869,12,53,-1,-1,1
19639433,27,37,-1,-1,7
19637028,46,5,-1,-1,3
19641204,9,38,-1,-1,4
19643656,24,4,-1,-1,6
19640017,27,1,-1,-1,1
19640670,14,38,-1,-1,4
19639018,32,9,-1,-1,0
19643640,15,41,-1,-1,1
19643057,31,19,-1,-1,2
19642715,28,57,-1,-1,3
19642893,58,1,-1,-1,1
19638672,4,18,-1,-1,5
19640734,39,17,-1,-1,3
19641448,44,27,-1,-1,0
19633694,14,53,-1,-1,2
19641469,53,29,-1,-1,2
19641799,2,9,-1,-1,7
19636013,39,51,-1,-1,5
19642603,48,1,-1,-1,2
19641610,23,22,-1,-1,3
19639532,40,44,-1,-1,7
19639823,2,4,-1,-1,4
19637756,51,16,-1,-1,7
19641635,7,9,-1,-1,3
19643090,10,20,-1,-1,6
19641655,24,56,-1,-1,3
19643300,40,7,-1,-1,6
19643440,57,57,-1,-1,0
19641493,36,25,-1,-1,3
19636050,3,58,-1,-1,7
19642227,7,49,-1,-1,1
19641376,40,53,-1,-1,0
19642224,2,43,-1,-1,6
19641043,17,34,-1,-1,6
19642859,58,5,-1,-1,6
19643210,29,53,-1,-1,5
19635566,20,10,-1,-1,6
19642522,33,16,-1,-1,3
19636597,32,18,-1,-1,1
19638069,22,58,-1,-1,6
19638704,6,56,-1,-1,7
19632720,17,47,-1,-1,3
19637523,1,20,-1,-1,0
19639643,36,57,-1,-1,6
19640015,43,2,-1,-1,2
19642991,23,50,-1,-1,2
19639749,29,7,-1,-1,6
19634802,46,29,-1,-1,3
19640694,51,12,-1,-1,0
19633821,27,12,-1,-1,7
19639873,54,5,-1,-1,7
19643321,15,25,-1,-1,2
19630077,16,13,-1,-1,1
19641916,9,51,-1,-1,3
19635301,38,37,-1,-1,3
19641860,10,8,-1,-1,0
19638557,27,6,-1,-1,2
19641300,33,15,-1,-1,3
19636000,26,6,-1,-1,5
19638807,41,6,-1,-1,7
19634864,29,12,-1,-1,0
19636942,1,26,-1,-1,6
19643615,11,27,-1,-1,5
19634372,40,5,-1,-1,6
19640645,29,6,-1,-1,2
19641608,28,20,-1,-1,5
19639020,56,3,-1,-1,5
19642189,12,56,-1,-1,5
19642272,10,26,-1,-1,3
19640584,58,8,-1,-1,1
19638893,11,28,-1,-1,4
19642063,20,49,-1,-1,3
19638977,15,48,-1,-1,3
19642075,11,34,-1,-1,6
19631499,6,26,-1,-1,1
19643412,12,10,-1,-1,4
19642658,51,29,-1,-1,6
19643402,57,28,-1,-1,0
19643328,40,46,-1,-1,2
19642132,38,2,-1,-1,7
19638066,15,4,-1,-1,2
19641584,4,40,-1,-1,4
19641082,47,20,-1,-1,1
19640066,40,34,-1,-1,0
19632652,43,0,-1,-1,5
19641149,7,23,-1,-1,0
19640796,26,12,-1,-1,1
19636135,41,42,-1,-1,3
19641731,16,26,-1,-1,5
19643081,34,12,-1,-1,7
19630055,25,58,-1,-1,1
19642382,42,10,-1,-1,3
19639908,23,8,-1,-1,3
19631991,27,34,-1,-1,1
19642558,24,32,-1,-1,7
19642414,58,21,-1,-1,5
19642556,34,46,-1,-1,4
19643650,2,31,-1,-1,7
19640031,6,40,-1,-1,6
19641643,13,14,-1,-1,3
19634683,21,50,-1,-1,2
19643000,3,55,-1,-1,4
19641288,31,17,-1,-1,3
19641897,36,1,-1,-1,6
19642306,30,38,-1,-1,5
19641964,22,4,-1,-1,0
19640489,10,22,-1,-1,4
19643195,52,30,-1,-1,0
19641522,31,0,-1,-1,2
19638346,31,45,-1,-1,4
19639009,51,20,-1,-1,0
19642356,18,20,-1,-1,2
19631437,9,16,-1,-1,3
19634817,27,47,-1,-1,5
19635596,8,8,-1,-1,1
19635001,32,35,-1,-1,0
19640731,12,9,-1,-1,6
19642508,51,1,-1,-1,3
19641689,15,7,-1,-1,3
19641355,58,55,-1,-1,5
19642459,22,37,-1,-1,5
19642641,14,36,-1,-1,0
19634361,12,24,-1,-1,2
19642418,20,18,-1,-1,7
19642252,53,19,-1,-1,3
19643216,8,47,-1,-1,3
19639714,20,39,-1,-1,3
19637784,25,13,-1,-1,5
19642206,8,1,-1,-1,5
19643124,31,8,-1,-1,2
19643304,49,57,-1,-1,2
19643170,12,42,-1,-1,3
19642498,55,20,-1,-1,0
19636371,38,48,-1,-1,7
19639997,26,50,-1,-1,5
19641696,38,39,-1,-1,1
19637593,42,32,-1,-1,4
19641667,50,57,-1,-1,0
19642039,40,19,-1,-1,7
19635623,19,4,-1,-1,2
19642433,48,23,-1,-1,5
19642187,17,30,-1,-1,4
19642191,14,5,-1,-1,1
19643168,2,52,-1,-1,4
19640339,46,37,-1,-1,5
19636811,3,33,-1,-1,5
19643410,22,44,-1,-1,2
19636510,12,17,-1,-1,4
19630741,13,19,-1,-1,6
19640951,41,8,-1,-1,3
19639884,44,34,-1,-1,4
19642717,26,53,-1,-1,3
19643531,49,46,-1,-1,2
19641780,13,32,-1,-1,0
19636881,41,19,-1,-1,1
19636547,45,8,-1,-1,2
19639317,3,21,-1,-1,3
19641770,42,55,-1,-1,2
19642311,51,58,-1,-1,5
19635455,6,48,-1,-1,1
19638487,23,27,-1,-1,1
19643579,0,40,-1,-1,6
19640289,58,18,-1,-1,3
19641276,31,10,-1,-1,7
19636373,28,2,-1,-1,0
19640245,21,23,-1,-1,6
19638752,11,17,-1,-1,2
19638583,26,8,-1,-1,3
19636438,30,30,-1,-1,3
19643224,55,53,-1,-1,0
19640569,15,19,-1,-1,7
19642908,24,18,-1,-1,0
19632154,9,56,-1,-1,0
19636015,53,25,-1,-1,5
19641555,49,11,-1,-1,7
19642729,39,13,-1,-1,4
19640990,2,13,-1,-1,0
19641261,26,7,-1,-1,7
19641950,5,42,-1,-1,0
19638482,47,55,-1,-1,5
19642659,17,19,-1,-1,4
19642131,15,5,-1,-1,6
19640922,38,55,-1,-1,0
19643309,56,58,-1,-1,6
19643543,52,0,-1,-1,1
19643576,44,18,-1,-1,5
19618163,1,43,-1,-1,3
19639525,0,31,-1,-1,4
19639958,37,9,-1,-1,6
19641395,8,56,-1,-1,4
19640090,30,58,-1,-1,3
19640498,52,55,-1,-1,7
19641826,25,19,-1,-1,6
19636293,7,50,-1,-1,4
19643349,8,23,-1,-1,6
19641508,27,43,-1,-1,0
19642836,7,33,-1,-1,6
19642757,30,55,-1,-1,5
19640740,48,35,-1,-1,6
19634387,8,55,-1,-1,3
19637573,14,54,-1,-1,3
19641011,58,3,-1,-1,1
19643506,12,3,-1,-1,0
19643526,45,14,-1,-1,5
19639637,0,52,-1,-1,3
19641377,40,20,-1,-1,3
19643048,10,5,-1,-1,6
19638620,7,54,-1,-1,3
19642440,43,8,-1,-1,2
19636017,37,51,-1,-1,7
19638328,33,27,-1,-1,1
19643135,12,55,-1,-1,1
19643381,43,33,-1,-1,2
19633086,33,31,-1,-1,3
19643652,41,30,-1,-1,2
19643313,56,24,-1,-1,3
19642220,30,9,-1,-1,5
19636583,52,20,-1,-1,3
19641649,4,13,-1,-1,5
19639369,38,7,-1,-1,3
19643397,46,6,-1,-1,1
19638230,19,42,-1,-1,7
19642776,55,17,-1,-1,2
19643493,6,8,-1,-1,4
19633724,6,41,-1,-1,5
19643564,31,31,-1,-1,6
19641511,0,43,-1,-1,4
19640299,58,17,-1,-1,3
19643416,37,55,-1,-1,6
19638917,10,21,-1,-1,7
19637599,42,35,-1,-1,5
19641972,13,42,-1,-1,3
19632670,1,0,-1,-1,3
19632283,1,17,-1,-1,2
19641912,12,15,-1,-1,2
19635100,5,50,-1,-1,6
19636395,3,37,-1,-1,2
19640603,17,12,-1,-1,2
19637583,23,49,-1,-1,2
19633342,40,15,-1,-1,7
19641128,32,38,-1,-1,4
19640971,58,4,-1,-1,2
19642733,22,0,-1,-1,2
19641177,16,48,-1,-1,2
19635910,28,18,-1,-1,4
19642161,3,10,-1,-1,6
19640993,50,42,-1,-1,7
19642454,34,37,-1,-1,5
19640600,35,34,-1,-1,4
19636425,2,30,-1,-1,7
19642159,19,38,-1,-1,3
19630926,55,5,-1,-1,0
19639918,42,34,-1,-1,2
19643118,24,8,-1,-1,7
19643631,6,42,-1,-1,3
19642344,16,43,-1,-1,1
19641803,7,1,-1,-1,6
19639431,28,8,-1,-1,4
19639822,25,49,-1,-1,6
19641868,11,58,-1,-1,2
19638527,45,31,-1,-1,0
19643182,30,40,-1,-1,6
19639380,44,5,-1,-1,0
19642716,4,3,-1,-1,2
19643052,44,37,-1,-1,1
19642225,19,9,-1,-1,3
19643284,36,11,-1,-1,3
19643540,28,21,-1,-1,0
19642647,23,15,-1,-1,1
19632377,23,29,-1,-1,0
19643326,40,17,-1,-1,6
19642554,0,5,-1,-1,6
19642567,30,6,-1,-1,0
19641759,9,6,-1,-1,4
19643527,41,18,-1,-1,3
19643590,32,55,-1,-1,1
19637767,33,51,-1,-1,0
19642539,15,30,-1,-1,5
19643504,56,57,-1,-1,6
19637983,38,22,-1,-1,2
19642212,21,22,-1,-1,6
19639841,46,46,-1,-1,5
19639620,58,14,-1,-1,4
19638872,46,7,-1,-1,5
19641535,6,16,-1,-1,0
19642664,29,28,-1,-1,6
19638422,8,50,-1,-1,6
19638337,4,38,-1,-1,2
19640909,13,51,-1,-1,6
19641947,5,40,-1,-1,0
19642963,24,35,-1,-1,6
19641638,26,25,-1,-1,6
19630117,33,17,-1,-1,0
19635008,39,41,-1,-1,7
19640762,36,35,-1,-1,2
19639510,9,49,-1,-1,6
19641603,18,26,-1,-1,6
19643267,13,28,-1,-1,5
19642428,2,25,-1,-1,1
19639517,51,5,-1,-1,3
19642059,58,47,-1,-1,6
19641172,48,16,-1,-1,5
19643106,11,41,-1,-1,0
19642030,16,47,-1,-1,1
19634342,49,4,-1,-1,0
19639364,20,48,-1,-1,7
19637622,25,16,-1,-1,4
19642654,7,29,-1,-1,4
19643142,43,55,-1,-1,3
19637793,14,14,-1,-1,3
19639699,37,1,-1,-1,5
19640152,2,8,-1,-1,2
19642844,33,41,-1,-1,1
19643620,18,31,-1,-1,4
19640625,47,54,-1,-1,7
19641652,1,31,-1,-1,5
19629899,55,37,-1,-1,3
19642174,34,38,-1,-1,0
19643113,47,17,-1,-1,6
19640204,20,22,-1,-1,6
19643436,5,24,-1,-1,1
19638364,8,13,-1,-1,7
19636875,48,15,-1,-1,4
19642570,41,22,-1,-1,3
19642745,43,21,-1,-1,5
19638764,19,54,-1,-1,4
19643297,28,54,-1,-1,3
19641315,14,2,-1,-1,4
19641865,2,5,-1,-1,0
19642782,24,3,-1,-1,3
19642931,47,34,-1,-1,6
19643277,39,18,-1,-1,2
19642015,14,18,-1,-1,4
19641253,42,39,-1,-1,5
19637460,45,47,-1,-1,5
19641228,55,57,-1,-1,4
19643041,40,43,-1,-1,1
19642589,42,58,-1,-1,0
19637096,34,56,-1,-1,1
19641270,32,50,-1,-1,6
19634497,15,45,-1,-1,4
19643462,7,55,-1,-1,3
19642977,45,42,-1,-1,1
19640631,8,22,-1,-1,0
19633055,44,15,-1,-1,7
19638810,38,40,-1,-1,5
19643622,3,7,-1,-1,3
19643586,31,40,-1,-1,1
19635159,9,28,-1,-1,3
19642880,31,22,-1,-1,7
19637569,17,18,-1,-1,2
19642684,36,24,-1,-1,3
19642082,9,15,-1,-1,6
19640833,36,41,-1,-1,2
19641829,28,24,-1,-1,3
19638632,16,0,-1,-1,5
19641620,39,56,-1,-1,2
19642904,1,34,-1,-1,2
19642404,36,16,-1,-1,1
19635535,22,38,-1,-1,1
19639704,17,3,-1,-1,4
19642913,55,50,-1,-1,4
19634440,12,11,-1,-1,3
19637177,42,17,-1,-1,2
19641307,33,54,-1,-1,5
19637859,50,27,-1,-1,5
19636773,29,31,-1,-1,4
19641045,26,28,-1,-1,1
19639447,10,31,-1,-1,4
19639726,5,52,-1,-1,2
19641428,37,0,-1,-1,5
19636007,51,4,-1,-1,0
19640594,6,3,-1,-1,4
19643115,53,27,-1,-1,7
19641411,44,13,-1,-1,1
19640983,18,37,-1,-1,1
19642009,53,32,-1,-1,6
19631299,54,34,-1,-1,2
19641788,50,40,-1,-1,1
19638526,2,18,-1,-1,4
19639948,6,57,-1,-1,2
19643354,27,7,-1,-1,7
19642340,54,47,-1,-1,5
19642578,54,40,-1,-1,1
19642692,44,6,-1,-1,3
19642788,57,37,-1,-1,7
19637318,26,19,-1,-1,6
19641491,43,9,-1,-1,4
19643051,46,24,-1,-1,6
19633515,25,50,-1,-1,1
19643197,53,21,-1,-1,7
19640464,56,21,-1,-1,1
19640958,10,50,-1,-1,5
19642157,43,18,-1,-1,6
19635135,48,48,-1,-1,3
19640255,23,17,-1,-1,3
19643119,50,43,-1,-1,1
19640395,50,54,-1,-1,7
19639374,25,14,-1,-1,3
19627231,22,48,-1,-1,4
19641237,14,40,-1,-1,3
19639794,42,18,-1,-1,0
19642310,5,58,-1,-1,4
19639984,46,26,-1,-1,3
19643553,21,34,-1,-1,6
19641227,39,50,-1,-1,1
19634965,33,57,-1,-1,3
19642483,54,26,-1,-1,4
19640919,34,42,-1,-1,3
19640830,3,51,-1,-1,6
19641751,43,32,-1,-1,5
19642399,42,8,-1,-1,6
19638282,48,0,-1,-1,7
19639126,8,9,-1,-1,4
19628203,41,54,-1,-1,7
19640467,42,57,-1,-1,7
19637427,2,54,-1,-1,2
19643386,58,2,-1,-1,1
19636585,53,33,-1,-1,7
19640295,23,14,-1,-1,1
19634502,28,48,-1,-1,1
19640358,48,24,-1,-1,6
19643145,57,53,-1,-1,2
19642882,57,42,-1,-1,4
19643157,28,47,-1,-1,4
19637422,40,26,-1,-1,1
19638923,41,10,-1,-1,4
19640041,58,19,-1,-1,4
19641993,29,15,-1,-1,5
19639769,35,50,-1,-1,4
19642489,9,2,-1,-1,4
19641693,25,47,-1,-1,0
19642886,36,32,-1,-1,5
19643427,5,16,-1,-1,3
19642794,31,39,-1,-1,0
19640831,35,48,-1,-1,4
19643055,35,7,-1,-1,7
19641585,43,20,-1,-1,6
19634721,36,37,-1,-1,3
19641190,26,3,-1,-1,1
19643204,43,54,-1,-1,6
19643176,43,13,-1,-1,2
19637078,0,23,-1,-1,6
19640483,10,9,-1,-1,5
19641778,47,43,-1,-1,5
19641495,13,37,-1,-1,7
19640636,13,0,-1,-1,6
19641895,43,14,-1,-1,5
19639386,48,29,-1,-1,3
19639890,3,1,-1,-1,1
19628269,34,10,-1,-1,2
19641066,44,20,-1,-1,1
19638784,9,5,-1,-1,1
19639576,10,35,-1,-1,1
19643198,18,12,-1,-1,1
19642479,46,10,-1,-1,6
19638353,57,5,-1,-1,3
19642494,43,6,-1,-1,7
19635607,45,21,-1,-1,3
19643056,12,41,-1,-1,0
19640725,11,16,-1,-1,6
19641436,26,56,-1,-1,2
19635091,21,1,-1,-1,4
19639582,12,52,-1,-1,1
19643337,20,20,-1,-1,7
19643595,18,39,-1,-1,4
19635661,44,53,-1,-1,4
19640223,21,13,-1,-1,0
19641289,23,34,-1,-1,0
19641382,53,54,-1,-1,7
19640471,29,58,-1,-1,3
19636492,8,16,-1,-1,3
19641941,33,4,-1,-1,3
19642789,24,54,-1,-1,6
19639231,31,46,-1,-1,7
19642265,26,21,-1,-1,6
19643136,13,45,-1,-1,6
19639318,17,55,-1,-1,1
19637453,12,23,-1,-1,1
19643329,27,10,-1,-1,5
19638277,40,11,-1,-1,3
19641426,6,55,-1,-1,7
19639195,55,58,-1,-1,5
19642484,26,51,-1,-1,0
19642462,35,49,-1,-1,6
19640156,2,56,-1,-1,6
19641758,43,15,-1,-1,7
19642201,42,25,-1,-1,0
19643070,45,9,-1,-1,0
19642407,31,13,-1,-1,0
19620161,13,26,-1,-1,3
19641577,34,25,-1,-1,6
19637774,53,24,-1,-1,1
19637213,27,46,-1,-1,3
19643104,1,18,-1,-1,1
19643628,7,0,-1,-1,4
19643139,20,24,-1,-1,6
19640916,44,9,-1,-1,6
19643537,49,1,-1,-1,3
19641049,54,15,-1,-1,6
19642553,3,26,-1,-1,3
19642575,5,28,-1,-1,2
19640902,22,29,-1,-1,6
19637223,48,39,-1,-1,4
19635136,18,2,-1,-1,0
19643559,56,40,-1,-1,4
19639382,11,21,-1,-1,2
19640842,45,36,-1,-1,5
19641561,27,44,-1,-1,4
19642638,49,18,-1,-1,6
19641919,6,7,-1,-1,2
19643657,14,34,-1,-1,5
19640809,46,3,-1,-1,0
19642261,37,49,-1,-1,7
19639864,35,22,-1,-1,2
19642519,54,31,-1,-1,4
19637683,23,2,-1,-1,7
19642746,56,53,-1,-1,5
19641417,52,6,-1,-1,1
19639685,33,1,-1,-1,0
19636221,6,33,-1,-1,6
19637691,48,10,-1,-1,3
19643305,21,36,-1,-1,1
19636885,11,33,-1,-1,0
19642586,3,36,-1,-1,1
19640044,58,38,-1,-1,2
19642264,48,5,-1,-1,4
19643071,55,43,-1,-1,1
19631102,1,21,-1,-1,5
19641870,55,28,-1,-1,4
19642290,39,0,-1,-1,7
19641905,18,3,-1,-1,6
19640279,4,35,-1,-1,5
19642595,56,2,-1,-1,7
19642200,30,15,-1,-1,5
19632253,52,32,-1,-1,5
19640260,47,0,-1,-1,0
19642548,15,42,-1,-1,2
19643612,5,6,-1,-1,3
19640127,45,3,-1,-1,3
19637901,50,3,-1,-1,4
19643441,52,7,-1,-1,0
19642579,9,12,-1,-1,6
19642626,37,43,-1,-1,1
19642900,5,37,-1,-1,4
19640813,24,25,-1,-1,6
19643644,16,44,-1,-1,4
19642582,54,16,-1,-1,2
19641327,45,41,-1,-1,4
19642488,38,45,-1,-1,7
19637741,20,5,-1,-1,1
19635358,29,39,-1,-1,1
19643648,35,19,-1,-1,5
19642467,25,33,-1,-1,1
19627296,38,20,-1,-1,2
19629327,30,5,-1,-1,4
19641961,41,35,-1,-1,4
19630630,23,16,-1,-1,6
19641791,12,34,-1,-1,6
19639922,22,3,-1,-1,1
19641772,2,47,-1,-1,6
19638128,21,46,-1,-1,1
19642171,3,41,-1,-1,4
19642874,19,49,-1,-1,3
19642737,9,22,-1,-1,2
19640933,22,43,-1,-1,3
19641142,42,44,-1,-1,3
19640821,14,13,-1,-1,2
19643336,43,27,-1,-1,3
19642160,40,58,-1,-1,6
19643053,35,27,-1,-1,5
19633997,50,22,-1,-1,2
19642219,17,8,-1,-1,2
19641691,33,23,-1,-1,2
19636754,42,9,-1,-1,3
19643116,42,46,-1,-1,1
19641624,34,57,-1,-1,7
19641407,49,37,-1,-1,6
19641302,49,28,-1,-1,5
19634570,46,8,-1,-1,5
19634002,58,36,-1,-1,7
19642446,28,37,-1,-1,3
19642530,4,12,-1,-1,7
19640320,16,36,-1,-1,4
19643199,38,46,-1,-1,1
19642365,16,51,-1,-1,6
19643465,44,44,-1,-1,6
19642845,4,7,-1,-1,0
19642177,39,31,-1,-1,2
19643002,15,15,-1,-1,5
19641887,20,0,-1,-1,4
19641217,5,21,-1,-1,3
19642307,12,13,-1,-1,1
19643087,43,49,-1,-1,2
19638502,7,31,-1,-1,7
19640435,17,49,-1,-1,3
19641883,13,29,-1,-1,0
19643358,27,58,-1,-1,7
19638498,14,39,-1,-1,5
19638092,22,17,-1,-1,4
19642907,25,35,-1,-1,7
19640976,24,38,-1,-1,0
19639676,36,40,-1,-1,6
19641127,41,55,-1,-1,1
19641846,6,38,-1,-1,5
19639413,38,10,-1,-1,3
19643016,45,7,-1,-1,6
19643461,47,7,-1,-1,3
19640309,54,42,-1,-1,7
19643286,1,19,-1,-1,1
19641658,47,13,-1,-1,4
19640865,9,20,-1,-1,3
19640020,9,9,-1,-1,3
19642193,15,37,-1,-1,6
19638005,34,6,-1,-1,5
19630748,28,14,-1,-1,6
19643655,25,54,-1,-1,5
19634360,34,4,-1,-1,3
19639401,58,6,-1,-1,5
19643468,40,1,-1,-1,0
19640384,21,6,-1,-1,1
19642795,8,7,-1,-1,7
19635474,16,41,-1,-1,4
19639826,26,33,-1,-1,2
19642652,42,15,-1,-1,7
19642145,53,55,-1,-1,2
19632345,27,54,-1,-1,1
19637005,55,7,-1,-1,4
19632867,10,34,-1,-1,4
19638139,37,42,-1,-1,6
19641318,20,38,-1,-1,3
19638812,45,26,-1,-1,0
19639549,21,48,-1,-1,4
19643454,30,7,-1,-1,1
19643114,56,54,-1,-1,4
19643298,37,44,-1,-1,6
19638081,38,17,-1,-1,6
19641218,43,42,-1,-1,7
19638054,5,14,-1,-1,1
19643045,22,57,-1,-1,5
19643442,8,21,-1,-1,1
19641275,31,51,-1,-1,4
19642367,21,51,-1,-1,3
19637324,54,4,-1,-1,6
19640851,31,57,-1,-1,3
19643616,41,9,-1,-1,2
19641323,28,58,-1,-1,7
19639960,55,45,-1,-1,7
19633801,36,50,-1,-1,7
19638808,17,21,-1,-1,7
19640354,0,6,-1,-1,7
19642662,49,52,-1,-1,6
19642415,13,10,-1,-1,7
19642699,10,19,-1,-1,2
19642008,12,38,-1,-1,5
19643391,39,30,-1,-1,7
19637863,23,55,-1,-1,6
19641949,11,56,-1,-1,0
19631573,57,35,-1,-1,3
19640980,40,39,-1,-1,0
19642935,7,53,-1,-1,5
19633656,25,2,-1,-1,0
19642499,53,51,-1,-1,6
19641381,26,35,-1,-1,7
19642515,58,46,-1,-1,2
19638416,0,58,-1,-1,4
19642564,49,34,-1,-1,3
19643566,58,31,-1,-1,2
19641291,37,11,-1,-1,0
19642759,48,32,-1,-1,3
19631240,49,16,-1,-1,1
19643511,58,27,-1,-1,7
19642442,46,14,-1,-1,7
19634863,9,53,-1,-1,7
19642618,48,26,-1,-1,1
19636240,35,12,-1,-1,0
19643025,57,1,-1,-1,4
19642763,21,15,-1,-1,1
19639085,30,8,-1,-1,5
19642398,0,16,-1,-1,1
19637273,2,24,-1,-1,5
19636479,41,3,-1,-1,0
19639027,48,54,-1,-1,4
19643390,22,12,-1,-1,6
19643038,50,19,-1,-1,3
19642099,43,17,-1,-1,6
19640714,57,13,-1,-1,0
19635354,50,1,-1,-1,1
19643659,24,20,-1,-1,5
19642214,1,11,-1,-1,6
19641994,46,40,-1,-1,0
19643581,54,48,-1,-1,5
19642495,21,56,-1,-1,5
19643177,17,23,-1,-1,7
19643165,0,3,-1,-1,0
19639392,15,33,-1,-1,3
19643133,13,40,-1,-1,1
19642950,1,5,-1,-1,5
19639492,42,33,-1,-1,6
19636049,36,26,-1,-1,4
19642974,37,35,-1,-1,2
19642941,47,8,-1,-1,7
19643501,10,2,-1,-1,4
19642295,26,43,-1,-1,6
19642241,21,0,-1,-1,1
19637370,16,8,-1,-1,7
19642463,36,51,-1,-1,5
19642560,31,5,-1,-1,2
19642106,29,33,-1,-1,4
19642711,11,0,-1,-1,2
19639130,3,54,-1,-1,5
19641948,28,38,-1,-1,3
19632507,43,35,-1,-1,5
19637537,35,21,-1,-1,4
19642701,22,47,-1,-1,3
19636500,54,49,-1,-1,3
19642363,15,11,-1,-1,3
19643132,38,30,-1,-1,2
19640335,7,19,-1,-1,2
19639883,14,57,-1,-1,4
19633171,17,4,-1,-1,3
19639324,47,25,-1,-1,3
19642164,51,8,-1,-1,3
19641784,55,0,-1,-1,6
19634784,17,44,-1,-1,2
19643335,29,49,-1,-1,7
19640701,34,27,-1,-1,0
19641404,7,52,-1,-1,7
19643159,12,47,-1,-1,0
19631387,32,43,-1,-1,1
19624982,25,29,-1,-1,3
19640743,38,23,-1,-1,1
19637030,17,28,-1,-1,6
19642546,2,16,-1,-1,5
19641793,4,2,-1,-1,5
19635949,26,32,-1,-1,7
19640680,54,39,-1,-1,4
19641596,35,45,-1,-1,2
19641440,9,30,-1,-1,1
19642394,51,3,-1,-1,2
19638434,48,13,-1,-1,6
19643417,48,45,-1,-1,7
19639278,32,26,-1,-1,1
19641762,52,17,-1,-1,7
19643258,3,5,-1,-1,4
19642328,28,1,-1,-1,1
19642945,50,17,-1,-1,3
19641879,50,8,-1,-1,2
19643546,17,35,-1,-1,4
19635965,5,23,-1,-1,5
19642149,2,1,-1,-1,7
19639715,4,41,-1,-1,2
19642032,14,51,-1,-1,1
19641233,26,40,-1,-1,7
19639451,37,21,-1,-1,0
19641546,46,13,-1,-1,0
19639271,6,44,-1,-1,2
19641722,22,51,-1,-1,3
19643439,34,15,-1,-1,6
19632292,40,18,-1,-1,3
19639965,36,6,-1,-1,0
19643438,11,49,-1,-1,2
19640568,45,37,-1,-1,1
19642739,53,18,-1,-1,1
19643413,9,1,-1,-1,1
19640927,29,54,-1,-1,2
19643480,27,50,-1,-1,7
19634192,32,39,-1,-1,5
19643473,48,7,-1,-1,3
19643311,13,52,-1,-1,7
19640532,34,28,-1,-1,4
19640751,22,32,-1,-1,0
19634537,54,7,-1,-1,3
19639763,42,24,-1,-1,6
19643308,31,33,-1,-1,6
19642322,22,2,-1,-1,1
19639744,6,1,-1,-1,7
19643421,41,28,-1,-1,2
19641669,47,45,-1,-1,5
19634498,8,35,-1,-1,4
19641215,41,46,-1,-1,1
19643320,4,29,-1,-1,6
19643266,12,28,-1,-1,5
19642150,45,50,-1,-1,4
19642866,15,51,-1,-1,5
19640505,48,52,-1,-1,5
19641682,13,57,-1,-1,5
19643513,10,13,-1,-1,0
19642821,18,6,-1,-1,5
19634056,45,30,-1,-1,2
19635107,6,9,-1,-1,6
19640191,53,46,-1,-1,2
19633886,34,34,-1,-1,1
19642565,50,36,-1,-1,1
19638261,7,14,-1,-1,0
19641891,53,26,-1,-1,2
19639483,4,43,-1,-1,3
19636626,17,13,-1,-1,5
19635101,35,0,-1,-1,0
19640738,47,22,-1,-1,4
19639663,5,1,-1,-1,1
19641474,13,3,-1,-1,7
19641907,52,15,-1,-1,0
19640707,16,34,-1,-1,0
19640907,33,7,-1,-1,5
19642877,2,39,-1,-1,4
19641885,14,24,-1,-1,6
19643485,40,3,-1,-1,5
19634099,51,22,-1,-1,5
19635162,51,27,-1,-1,3
19639869,29,36,-1,-1,0
19642856,39,14,-1,-1,3
19640301,57,36,-1,-1,5
19635537,38,32,-1,-1,2
19638747,19,25,-1,-1,0
19640062,10,40,-1,-1,6
19640450,20,37,-1,-1,5
19641488,45,40,-1,-1,2
19641506,14,8,-1,-1,1
19642914,2,50,-1,-1,0
19639269,42,20,-1,-1,7
19642760,47,51,-1,-1,4
19641077,47,48,-1,-1,6
19638554,35,42,-1,-1,4
19642523,2,35,-1,-1,4
19642094,28,55,-1,-1,5
19640266,46,28,-1,-1,7
19642359,19,51,-1,-1,7
19640351,21,35,-1,-1,3
19639325,19,32,-1,-1,2
19643647,5,54,-1,-1,4
19641264,58,32,-1,-1,1
19632364,18,27,-1,-1,0
19639716,48,50,-1,-1,0
19634900,15,34,-1,-1,2
19641278,58,42,-1,-1,0
19638302,55,1,-1,-1,1
19641262,36,44,-1,-1,4
19640516,6,39,-1,-1,7
19636034,56,38,-1,-1,5
19639351,34,52,-1,-1,0
19635268,23,18,-1,-1,5
19642767,8,49,-1,-1,7
19642020,1,1,-1,-1,1
19632062,32,7,-1,-1,3
19636442,2,28,-1,-1,4
19642314,9,40,-1,-1,2
19643173,46,56,-1,-1,1
19634009,18,16,-1,-1,2
19642798,8,46,-1,-1,1
19637475,49,39,-1,-1,7
19642269,25,37,-1,-1,5
19639817,17,54,-1,-1,7
19636790,40,38,-1,-1,5
19640007,37,45,-1,-1,5
19641192,26,27,-1,-1,3
19641203,19,31,-1,-1,5
19643606,49,42,-1,-1,2
19642790,50,24,-1,-1,3
19638397,1,40,-1,-1,3
19636652,43,19,-1,-1,4
19640770,58,35,-1,-1,1
19641564,7,37,-1,-1,1
19640177,29,45,-1,-1,0
19640812,11,35,-1,-1,4
19641750,9,8,-1,-1,6
19641293,23,57,-1,-1,0
19636009,0,45,-1,-1,7
19642378,39,16,-1,-1,3
19643250,10,7,-1,-1,3
19642678,8,32,-1,-1,2
19636566,27,24,-1,-1,0
19627642,19,36,-1,-1,0
19641529,9,52,-1,-1,6
19640856,14,56,-1,-1,0
19637633,32,41,-1,-1,0
19636904,27,45,-1,-1,0
19634410,55,38,-1,-1,6
19643151,19,43,-1,-1,2
19639988,32,57,-1,-1,4
19641499,46,49,-1,-1,3
19643205,37,28,-1,-1,0
19642534,23,6,-1,-1,2
19643645,32,31,-1,-1,7
19639476,3,14,-1,-1,5
19630722,25,53,-1,-1,3
19641872,11,51,-1,-1,6
19642721,2,15,-1,-1,2
19639110,24,50,-1,-1,6
19640180,26,23,-1,-1,7
19639793,16,29,-1,-1,1
19641712,11,25,-1,-1,6
19638636,15,16,-1,-1,1
19642955,19,14,-1,-1,1
19632371,32,4,-1,-1,0
19640477,3,38,-1,-1,5
19642487,3,16,-1,-1,2
19640095,40,41,-1,-1,2
19629787,58,43,-1,-1,5
19636068,21,19,-1,-1,5
19635712,41,32,-1,-1,3
19640588,53,40,-1,-1,0
19641918,2,3,-1,-1,3
19643280,6,53,-1,-1,1
19642478,26,30,-1,-1,0
19640690,50,52,-1,-1,3
19643374,6,29,-1,-1,6
19639021,30,57,-1,-1,1
19643490,51,48,-1,-1,2
19642735,49,5,-1,-1,4
19640033,44,8,-1,-1,0
19638985,4,50,-1,-1,2
19640312,6,21,-1,-1,1
19637917,10,14,-1,-1,3
19640172,36,17,-1,-1,4
19639026,6,19,-1,-1,7
19637836,55,24,-1,-1,6
19633885,38,5,-1,-1,7
19642942,30,56,-1,-1,5
19641958,4,20,-1,-1,7
19643343,18,1,-1,-1,4
19640550,32,54,-1,-1,2
19636716,32,14,-1,-1,7
19634259,46,41,-1,-1,7
19624623,36,23,-1,-1,6
19636429,18,23,-1,-1,5
19643347,21,45,-1,-1,0
19642492,11,57,-1,-1,5
19639993,8,15,-1,-1,2
19639306,28,17,-1,-1,2
19641729,49,35,-1,-1,4
19640596,33,10,-1,-1,1
19641062,16,54,-1,-1,1
19639237,8,52,-1,-1,5
19641120,43,50,-1,-1,4
19640079,25,36,-1,-1,4
19642964,16,33,-1,-1,4
19639224,44,46,-1,-1,7
19638481,46,2,-1,-1,4
19640659,15,24,-1,-1,6
19642604,16,2,-1,-1,6
19641072,4,11,-1,-1,2
19642213,8,6,-1,-1,0
19640628,31,41,-1,-1,7
19642629,10,25,-1,-1,1
19635708,23,43,-1,-1,3
19643049,20,52,-1,-1,4
19640538,31,55,-1,-1,1
19641356,12,50,-1,-1,0
19642211,50,21,-1,-1,0
19643278,49,3,-1,-1,3
19642320,31,20,-1,-1,0
19638795,0,2,-1,-1,0
19643155,13,54,-1,-1,4
19642465,15,36,-1,-1,2
19641946,8,44,-1,-1,1
19643169,4,32,-1,-1,0
19637597,26,31,-1,-1,5
19641556,24,16,-1,-1,1
19636421,37,30,-1,-1,1
19641028,55,27,-1,-1,2
19642933,34,33,-1,-1,4
19643387,11,52,-1,-1,7
19642067,24,48,-1,-1,4
19639767,47,10,-1,-1,4
19641193,21,17,-1,-1,3
19643520,8,38,-1,-1,5
19643187,37,2,-1,-1,3
19642299,46,0,-1,-1,6
19636771,51,47,-1,-1,2
19642108,47,56,-1,-1,3
19643008,26,13,-1,-1,3
19642992,39,11,-1,-1,0
19638451,1,36,-1,-1,5
19640219,0,13,-1,-1,4
19643589,58,9,-1,-1,1
19643551,57,0,-1,-1,1
19643193,4,53,-1,-1,2
19641781,6,52,-1,-1,6
19639795,50,9,-1,-1,5
19632334,49,2,-1,-1,5
19635979,9,55,-1,-1,0
19639462,18,28,-1,-1,3
19642785,10,10,-1,-1,0
19638914,25,28,-1,-1,6
19643156,53,7,-1,-1,2
19642851,24,28,-1,-1,7
19642868,46,58,-1,-1,6
19640144,16,5,-1,-1,7
19640692,17,7,-1,-1,1
19640103,7,30,-1,-1,1
19642831,19,35,-1,-1,7
19643505,46,32,-1,-1,7
19639326,32,1,-1,-1,0
19642028,18,43,-1,-1,5
19639149,58,54,-1,-1,3
19639537,56,19,-1,-1,0
19629735,26,17,-1,-1,1
19642460,33,40,-1,-1,0
19640668,0,35,-1,-1,3
19642899,11,22,-1,-1,5
19643148,46,55,-1,-1,1
19642840,12,26,-1,-1,0
19637807,22,42,-1,-1,3
19643128,24,29,-1,-1,1
19641541,28,25,-1,-1,7
19643268,13,58,-1,-1,7
19642531,30,17,-1,-1,0
19642594,57,18,-1,-1,3
19642617,16,42,-1,-1,5
19642533,50,46,-1,-1,1
19638354,29,51,-1,-1,1
19638922,55,56,-1,-1,1
19643334,6,54,-1,-1,6
19639942,34,53,-1,-1,3
19641031,30,0,-1,-1,1
19640406,50,35,-1,-1,4
19643099,8,58,-1,-1,0
19643388,45,35,-1,-1,0
19638494,22,53,-1,-1,7
19641248,52,39,-1,-1,0
19634945,33,35,-1,-1,0
19642070,46,22,-1,-1,1
19642217,21,20,-1,-1,0
19642294,19,48,-1,-1,1
19643303,45,44,-1,-1,6
19643538,50,56,-1,-1,2
19640034,28,39,-1,-1,2
19634921,47,33,-1,-1,6
19639819,0,37,-1,-1,5
19629680,24,55,-1,-1,3
19642581,13,17,-1,-1,7
19640652,31,32,-1,-1,2
19639974,54,30,-1,-1,6
19641504,3,29,-1,-1,7
19641677,11,30,-1,-1,0
19635178,51,46,-1,-1,3
19639533,5,32,-1,-1,2
19640974,4,31,-1,-1,2
19641668,35,51,-1,-1,5
19642486,58,49,-1,-1,7
19641244,42,54,-1,-1,7
19637237,39,24,-1,-1,3
19636649,52,19,-1,-1,6
19640482,16,15,-1,-1,4
19637292,49,8,-1,-1,2
19642184,22,9,-1,-1,1
19638650,53,15,-1,-1,1
19643500,45,23,-1,-1,0
19640237,1,7,-1,-1,6
19635320,35,30,-1,-1,1
19636617,28,51,-1,-1,3
19639802,30,22,-1,-1,6
19643608,28,0,-1,-1,0
19638668,45,24,-1,-1,2
19636594,22,52,-1,-1,1
19638889,10,29,-1,-1,1
19642507,53,5,-1,-1,6
19642374,56,43,-1,-1,7
19643596,8,36,-1,-1,3
19637395,29,19,-1,-1,3
19642416,55,41,-1,-1,5
19640039,19,52,-1,-1,1
19642520,0,12,-1,-1,5
19637644,57,23,-1,-1,0
19639072,23,39,-1,-1,6
19639705,12,7,-1,-1,0
19641687,37,56,-1,-1,0
19642248,42,36,-1,-1,0
19639827,17,46,-1,-1,2
19634380,56,13,-1,-1,7
19635193,44,1,-1,-1,3
19642441,0,36,-1,-1,1
19643654,9,27,-1,-1,3
19632203,14,19,-1,-1,2
19642387,8,33,-1,-1,6
19642286,15,52,-1,-1,1
19640494,35,17,-1,-1,5
19639784,18,10,-1,-1,2
19643361,17,41,-1,-1,0
19634883,57,41,-1,-1,3
19634141,15,18,-1,-1,5
19643192,41,51,-1,-1,1
19641263,17,57,-1,-1,7
19627072,51,39,-1,-1,7
19634727,21,57,-1,-1,4
19641982,39,38,-1,-1,0
19635332,8,31,-1,-1,3
19642630,41,33,-1,-1,0
19641507,4,55,-1,-1,7
19638842,15,26,-1,-1,4
19642270,35,15,-1,-1,0
19643342,15,1,-1,-1,5
19639627,44,14,-1,-1,2
19643020,40,12,-1,-1,4
19638870,42,1,-1,-1,3
19641129,12,4,-1,-1,3
19639060,7,45,-1,-1,6
19640073,57,48,-1,-1,2
19643369,41,11,-1,-1,3
19639722,6,12,-1,-1,5
19625637,32,32,-1,-1,4
19636546,14,22,-1,-1,1
19642870,19,6,-1,-1,4
19643424,33,12,-1,-1,4
19643172,14,50,-1,-1,7
19642713,14,21,-1,-1,7
19642474,57,52,-1,-1,0
19643508,6,15,-1,-1,4
19642334,48,9,-1,-1,5
19635381,26,46,-1,-1,0
19642321,16,35,-1,-1,5
19637019,22,39,-1,-1,6
19637858,6,0,-1,-1,2
19642079,48,31,-1,-1,4
19640267,0,21,-1,-1,0
19643432,27,38,-1,-1,6
19640534,34,8,-1,-1,2
19640901,30,12,-1,-1,3
19643517,45,12,-1,-1,6
19643096,55,18,-1,-1,3
19639467,0,9,-1,-1,7
19640911,54,8,-1,-1,0
19640595,35,8,-1,-1,2
19643310,43,40,-1,-1,7
19640753,57,44,-1,-1,0
19641292,45,34,-1,-1,4
19634957,35,56,-1,-1,0
19641924,53,4,-1,-1,3
19640995,48,4,-1,-1,2
19637685,26,18,-1,-1,1
19630546,28,46,-1,-1,5
19628001,36,39,-1,-1,1
19642509,8,43,-1,-1,3
19642960,15,53,-1,-1,6
19641004,14,46,-1,-1,3
19641985,5,27,-1,-1,1
19640562,14,32,-1,-1,2
19639417,25,15,-1,-1,6
19639399,11,32,-1,-1,5
19643147,21,49,-1,-1,1
19635143,5,30,-1,-1,4
19640673,49,45,-1,-1,6
19634334,13,39,-1,-1,4
19643518,32,11,-1,-1,4
19633082,19,10,-1,-1,5
19637857,58,37,-1,-1,7
19643371,15,46,-1,-1,5
19642758,22,31,-1,-1,3
19642802,28,4,-1,-1,1
19639989,32,40,-1,-1,4
19643611,7,44,-1,-1,5
19643200,42,56,-1,-1,6
19638980,37,37,-1,-1,6
19630369,5,38,-1,-1,4
19640642,9,44,-1,-1,4
19641899,36,0,-1,-1,6
19643225,56,34,-1,-1,3
19635190,27,4,-1,-1,5
19640381,58,13,-1,-1,6
19639818,50,15,-1,-1,3
19643452,22,56,-1,-1,2
19642053,27,33,-1,-1,0
19638175,7,24,-1,-1,4
19643069,36,43,-1,-1,5
19639639,29,9,-1,-1,0
19636217,44,10,-1,-1,7
19642781,5,45,-1,-1,3
19642667,2,14,-1,-1,6
19641614,18,47,-1,-1,1
19642744,19,56,-1,-1,2
19635532,4,19,-1,-1,0
19637250,24,52,-1,-1,4
19643457,15,13,-1,-1,2
19640293,2,44,-1,-1,7
19639344,0,53,-1,-1,1
19638626,24,34,-1,-1,6
19642471,24,46,-1,-1,1
19634129,22,41,-1,-1,5
19642671,36,36,-1,-1,1
19639458,16,56,-1,-1,0
19637588,24,57,-1,-1,3
19640549,51,17,-1,-1,6
19641998,13,5,-1,-1,5
19640456,52,1,-1,-1,4
19639056,29,13,-1,-1,1
19642305,56,44,-1,-1,0
19633973,8,42,-1,-1,4
19643370,52,9,-1,-1,1
19640775,29,27,-1,-1,5
19641335,45,2,-1,-1,7
19638375,31,58,-1,-1,0
19640512,13,21,-1,-1,0
19641123,3,47,-1,-1,3
19639995,20,41,-1,-1,7
19642226,24,37,-1,-1,1
19642309,17,15,-1,-1,6
19640973,1,56,-1,-1,1
19637607,0,38,-1,-1,0
19642437,36,45,-1,-1,4
19635811,50,6,-1,-1,5
19639961,27,52,-1,-1,7
19638921,21,53,-1,-1,4
19641496,35,53,-1,-1,3
19643610,32,37,-1,-1,4
19642633,16,37,-1,-1,3
19635732,45,46,-1,-1,7
19640519,6,46,-1,-1,7
19642850,33,26,-1,-1,4
19639702,57,10,-1,-1,1
19640828,53,38,-1,-1,0
19643248,18,41,-1,-1,5
19643522,13,47,-1,-1,1
19632827,43,1,-1,-1,4
19642065,58,11,-1,-1,7
19642725,52,4,-1,-1,6
19643322,29,56,-1,-1,3
19635077,12,49,-1,-1,0
19642592,24,7,-1,-1,4
19643348,23,3,-1,-1,3
19640174,1,14,-1,-1,7
19641874,18,17,-1,-1,0
19637387,44,26,-1,-1,7
19642134,18,53,-1,-1,1
19642920,52,51,-1,-1,3
19643111,30,51,-1,-1,2
19642012,31,43,-1,-1,1
19636023,36,48,-1,-1,6
19643443,29,40,-1,-1,5
19642455,30,42,-1,-1,1
19643521,29,23,-1,-1,2
19637892,31,49,-1,-1,4
19639695,29,47,-1,-1,4
19641942,43,46,-1,-1,6
19642088,56,45,-1,-1,4
19634939,42,42,-1,-1,1
19643074,44,48,-1,-1,5
19623149,42,13,-1,-1,0
19642037,52,14,-1,-1,7
19638124,42,23,-1,-1,1
19635855,14,23,-1,-1,4
19640389,24,2,-1,-1,3
19642559,25,10,-1,-1,6
19641625,10,1,-1,-1,2
19640166,55,55,-1,-1,2
19642876,9,17,-1,-1,6
19641102,51,42,-1,-1,3
19638200,39,52,-1,-1,6
19638960,39,2,-1,-1,7
19643073,1,47,-1,-1,0
19639463,39,29,-1,-1,1
19641909,22,6,-1,-1,7
19638932,21,21,-1,-1,6
19641929,13,50,-1,-1,3
19634226,9,37,-1,-1,0
19638979,19,1,-1,-1,6
19642013,54,37,-1,-1,2
19643175,2,48,-1,-1,1
19640528,29,29,-1,-1,2
19631748,8,48,-1,-1,0
19641674,43,41,-1,-1,0
19642268,40,36,-1,-1,2
19637581,18,9,-1,-1,3
19636113,30,23,-1,-1,7
19641740,47,39,-1,-1,7
19637451,23,46,-1,-1,0
19643102,24,10,-1,-1,6
19642390,38,36,-1,-1,1
19642370,44,50,-1,-1,4
19641387,35,55,-1,-1,5
19635609,36,13,-1,-1,2
19640874,39,49,-1,-1,5
19642504,21,7,-1,-1,0
19642624,17,11,-1,-1,6
19642808,20,32,-1,-1,2
19642987,46,53,-1,-1,4
19637518,28,41,-1,-1,7
19642062,0,55,-1,-1,1
19643332,56,46,-1,-1,3
19643621,11,4,-1,-1,7
19640327,25,21,-1,-1,3
19630680,54,56,-1,-1,2
19642817,16,50,-1,-1,1
19637276,29,50,-1,-1,6
19634103,10,23,-1,-1,4
19637854,19,11,-1,-1,5
19640378,23,0,-1,-1,7
19640379,36,28,-1,-1,6
19639591,45,43,-1,-1,6
19642765,56,32,-1,-1,7
19641978,37,48,-1,-1,4
19642902,3,28,-1,-1,5
19642909,56,26,-1,-1,4
19634651,10,38,-1,-1,3
19638178,47,30,-1,-1,6
19642627,31,30,-1,-1,7
19639742,10,58,-1,-1,6
19642472,4,47,-1,-1,3
19642243,9,41,-1,-1,6
19642381,54,33,-1,-1,1
19643507,11,48,-1,-1,2
19643414,49,20,-1,-1,7
19642724,32,22,-1,-1,1
19640837,53,34,-1,-1,2
19642687,10,17,-1,-1,2
19638285,54,18,-1,-1,6
19636657,38,31,-1,-1,1
19639581,41,38,-1,-1,5
19640609,32,17,-1,-1,2
19640575,50,47,-1,-1,4
19642619,50,50,-1,-1,5
19641809,36,58,-1,-1,7
19640096,3,42,-1,-1,4
19636775,27,57,-1,-1,6
19642366,43,47,-1,-1,4
19640815,21,43,-1,-1,2
19639851,2,2,-1,-1,5
19638558,6,36,-1,-1,5
19640225,57,58,-1,-1,1
19642666,14,17,-1,-1,7
19643158,43,31,-1,-1,2
19631182,41,27,-1,-1,4
19642988,6,49,-1,-1,3
19636840,5,19,-1,-1,0
19636367,33,28,-1,-1,3
19638125,32,3,-1,-1,0
19642672,40,57,-1,-1,3
19641219,18,7,-1,-1,7
19641274,24,33,-1,-1,1
19639359,16,4,-1,-1,7
19643027,17,0,-1,-1,6
19641613,53,49,-1,-1,5
19641216,30,47,-1,-1,0
19642766,33,43,-1,-1,4
19642801,3,11,-1,-1,1
19643528,3,39,-1,-1,3
19638266,37,25,-1,-1,5
19641721,53,12,-1,-1,5
19639407,48,37,-1,-1,1
19642262,54,20,-1,-1,2
19640626,53,44,-1,-1,5
19641206,22,21,-1,-1,4
19640485,3,40,-1,-1,2
19642990,33,0,-1,-1,0
19642196,44,16,-1,-1,6
19642464,52,42,-1,-1,1
19643574,1,10,-1,-1,7
19642410,37,16,-1,-1,1
19641169,37,57,-1,-1,5
19642429,9,54,-1,-1,5
19641481,1,52,-1,-1,5
19638712,30,25,-1,-1,5
19639886,1,22,-1,-1,7
19642636,30,19,-1,-1,7
19629322,5,41,-1,-1,4
19635688,6,11,-1,-1,5
19640758,47,31,-1,-1,1
19640143,25,43,-1,-1,4
19642175,12,20,-1,-1,4
19640675,31,29,-1,-1,7
19637110,7,16,-1,-1,0
19636647,55,25,-1,-1,0
19640126,15,23,-1,-1,6
19638525,31,38,-1,-1,3
19641549,54,55,-1,-1,4
19633370,28,34,-1,-1,5
19643152,12,33,-1,-1,7
19642040,51,32,-1,-1,1
19643163,31,50,-1,-1,2
19641695,27,39,-1,-1,4
19639373,6,6,-1,-1,6
19634567,50,41,-1,-1,2
19639600,30,49,-1,-1,5
19643316,38,47,-1,-1,6
19639505,29,32,-1,-1,3
19643583,33,24,-1,-1,7
19643472,33,56,-1,-1,1
19639791,40,56,-1,-1,3
19640080,33,38,-1,-1,1
19643649,13,43,-1,-1,4
19637718,58,15,-1,-1,2
19637381,17,33,-1,-1,1
19637699,38,38,-1,-1,0
19641661,26,49,-1,-1,0
19642267,39,42,-1,-1,7
19642380,48,58,-1,-1,4
19629965,47,44,-1,-1,6
19641801,26,16,-1,-1,3
19641374,13,34,-1,-1,1
19634833,11,1,-1,-1,6
19637111,4,9,-1,-1,0
19643207,2,49,-1,-1,1
19643252,33,25,-1,-1,0
19642402,1,33,-1,-1,1
19641453,57,27,-1,-1,5
19642362,29,17,-1,-1,0
19642722,31,4,-1,-1,6
19632565,57,55,-1,-1,4
19642347,38,6,-1,-1,5
19643222,46,31,-1,-1,3
19643149,32,56,-1,-1,5
19626037,24,27,-1,-1,3
19643244,33,5,-1,-1,7
19641348,32,10,-1,-1,0
19640847,29,37,-1,-1,4
19643075,51,9,-1,-1,3
19640560,28,26,-1,-1,4
19638823,38,3,-1,-1,2
19638892,56,9,-1,-1,0
19641113,39,3,-1,-1,4
19643160,1,48,-1,-1,6
19643515,49,48,-1,-1,5
19636675,20,44,-1,-1,2
19643068,23,11,-1,-1,3
19640829,3,48,-1,-1,3
19638952,49,41,-1,-1,0
19642993,54,50,-1,-1,6
19637559,46,39,-1,-1,6
19632069,20,28,-1,-1,2
19641764,56,23,-1,-1,0
19632770,21,8,-1,-1,7
19634536,40,40,-1,-1,1
19642375,39,57,-1,-1,6
19643232,35,18,-1,-1,4
19643607,2,6,-1,-1,6
19643221,22,33,-1,-1,3
19643481,18,8,-1,-1,0
19643015,2,10,-1,-1,4
19638687,0,22,-1,-1,3
19641478,0,8,-1,-1,4
19641680,42,31,-1,-1,4
19642551,52,28,-1,-1,7
19638791,47,26,-1,-1,3
19641927,10,32,-1,-1,3
19643488,24,23,-1,-1,1
19642583,22,46,-1,-1,0
19640348,44,41,-1,-1,4
19638198,37,15,-1,-1,7
19637336,52,49,-1,-1,5
19643396,31,36,-1,-1,0
19643545,9,10,-1,-1,7
19639916,31,15,-1,-1,5
19640151,56,50,-1,-1,7
19643185,27,8,-1,-1,6
19636592,38,44,-1,-1,7
19633191,37,12,-1,-1,1
19634865,5,44,-1,-1,4
19642852,50,12,-1,-1,0
19626667,4,22,-1,-1,2
19641847,14,45,-1,-1,2
19641070,51,28,-1,-1,3
19643393,45,17,-1,-1,0
19641986,55,33,-1,-1,6
19640447,45,25,-1,-1,7
19638895,19,58,-1,-1,2
19642389,26,52,-1,-1,2
19637932,47,27,-1,-1,4
19642331,29,21,-1,-1,1
19642135,5,35,-1,-1,0
19635745,44,52,-1,-1,5
19639004,36,54,-1,-1,0
19640838,20,54,-1,-1,0
19641134,51,19,-1,-1,4
19639931,58,30,-1,-1,1
19640065,46,18,-1,-1,3
19643425,39,6,-1,-1,5
19641110,0,48,-1,-1,2
19642146,45,39,-1,-1,1
19640410,42,22,-1,-1,2
19643403,16,55,-1,-1,2
19638247,3,15,-1,-1,2
19639728,25,18,-1,-1,3
19639762,24,45,-1,-1,5
19641903,22,15,-1,-1,4
19641160,13,4,-1,-1,5
19643299,33,53,-1,-1,0
19639608,31,27,-1,-1,2
19642054,20,27,-1,-1,3
19642092,4,34,-1,-1,5
19639729,10,57,-1,-1,1
19642881,3,35,-1,-1,3
19641154,12,39,-1,-1,6
19639991,35,4,-1,-1,4
19632577,26,57,-1,-1,4
19641543,22,27,-1,-1,3
19631284,0,29,-1,-1,5
19638454,53,56,-1,-1,4
19643524,54,54,-1,-1,4
19643078,14,58,-1,-1,2
19638497,15,47,-1,-1,3
19636636,39,12,-1,-1,1
19641182,7,34,-1,-1,3
19641144,20,6,-1,-1,4
19636191,1,57,-1,-1,7
19643544,46,42,-1,-1,2
19641867,41,31,-1,-1,7
19643529,6,37,-1,-1,0
19635052,12,44,-1,-1,0
19639453,18,55,-1,-1,5
19640930,23,51,-1,-1,1
19641250,20,14,-1,-1,6
19642033,0,10,-1,-1,7
19640436,33,6,-1,-1,3
19642524,47,18,-1,-1,6
19641299,16,45,-1,-1,7
19636589,34,17,-1,-1,7
19637295,28,16,-1,-1,3
19640337,57,49,-1,-1,6
19643613,38,51,-1,-1,0
19636822,28,28,-1,-1,0
19634545,8,18,-1,-1,7
19642915,28,12,-1,-1,5
19637924,40,31,-1,-1,5
19643270,56,31,-1,-1,1
19643492,28,30,-1,-1,3
19642194,5,15,-1,-1,0
19639765,56,15,-1,-1,5
19642222,24,21,-1,-1,3
19640377,53,47,-1,-1,4
19626400,16,58,-1,-1,5
19643293,0,50,-1,-1,4
19641742,30,34,-1,-1,6
19641435,7,36,-1,-1,5
19636714,57,39,-1,-1,3
19641272,43,4,-1,-1,4
19643503,27,56,-1,-1,4
19643557,28,40,-1,-1,7
19639421,45,22,-1,-1,7
19643238,12,5,-1,-1,7
19643554,32,2,-1,-1,1
19638835,12,46,-1,-1,1
19643624,12,32,-1,-1,3
19642247,3,43,-1,-1,5
19639335,52,50,-1,-1,6
19635629,15,43,-1,-1,0
19640412,47,1,-1,-1,1
19639975,37,31,-1,-1,7
19642086,7,10,-1,-1,4
19643580,41,14,-1,-1,1
19642540,48,25,-1,-1,5
19643420,8,30,-1,-1,2
19636079,33,36,-1,-1,2
19641910,27,26,-1,-1,6
19641969,53,11,-1,-1,2
19642648,14,28,-1,-1,3
19643495,57,56,-1,-1,0
19642718,36,9,-1,-1,7
19638780,33,22,-1,-1,1
19642947,12,58,-1,-1,4
19641229,35,13,-1,-1,0
19642025,57,7,-1,-1,2
19640037,7,2,-1,-1,4
19641808,26,47,-1,-1,0
19634471,46,9,-1,-1,5
19638614,56,28,-1,-1,2
19642058,27,30,-1,-1,0
19643375,18,45,-1,-1,7
19639938,34,48,-1,-1,5
19638665,39,19,-1,-1,1
19642593,30,20,-1,-1,3
19642239,48,22,-1,-1,1
19642352,37,23,-1,-1,4
19633532,20,46,-1,-1,2
19641837,28,32,-1,-1,4
19643634,52,57,-1,-1,4
19642005,41,44,-1,-1,4
19640926,36,21,-1,-1,4
19642864,8,53,-1,-1,5
19638873,1,12,-1,-1,3
19640408,57,51,-1,-1,6
19643406,51,14,-1,-1,6
19642137,10,6,-1,-1,2
19641748,50,51,-1,-1,1
19640543,37,6,-1,-1,1
19643288,27,14,-1,-1,3
19635251,58,23,-1,-1,4
19643063,56,1,-1,-1,5
19643030,38,21,-1,-1,7
19642142,56,29,-1,-1,1
19622631,46,17,-1,-1,5
19643570,37,36,-1,-1,4
19642113,8,27,-1,-1,3
19641398,48,49,-1,-1,0
19639435,50,33,-1,-1,0
19641290,3,34,-1,-1,0
19636143,9,47,-1,-1,4
19643567,30,52,-1,-1,2
19635827,23,33,-1,-1,1
19641699,54,12,-1,-1,6
19638720,5,33,-1,-1,7
19641736,39,48,-1,-1,5
19642989,7,18,-1,-1,4
19642649,38,16,-1,-1,4
19639820,15,14,-1,-1,5
19641573,22,49,-1,-1,4
19642998,28,11,-1,-1,5
19631442,46,54,-1,-1,3
19641015,51,35,-1,-1,2
19642958,55,21,-1,-1,6
19641627,40,52,-1,-1,0
19642324,41,52,-1,-1,1
19638351,44,23,-1,-1,4
19633539,43,52,-1,-1,3
19643183,46,19,-1,-1,6
19639743,10,24,-1,-1,3
19641525,9,21,-1,-1,4
19643283,48,2,-1,-1,2
19637487,2,0,-1,-1,3
19632689,41,16,-1,-1,3
19643389,30,35,-1,-1,1
19634343,9,45,-1,-1,0
19636263,36,46,-1,-1,3
19642503,53,28,-1,-1,6
19641671,57,16,-1,-1,1
19643341,16,25,-1,-1,5
19642411,11,23,-1,-1,3
19640657,31,1,-1,-1,3
19641224,42,38,-1,-1,1
19643470,57,8,-1,-1,4
19643129,33,21,-1,-1,4
19642325,3,2,-1,-1,0
19633183,21,9,-1,-1,2
19639800,54,0,-1,-1,2
19640304,40,47,-1,-1,2
19641095,20,43,-1,-1,3
19642569,49,17,-1,-1,3
19640002,1,45,-1,-1,3
19641901,51,15,-1,-1,0
19636741,24,43,-1,-1,1
19643203,40,14,-1,-1,1
19643046,37,34,-1,-1,5
19642393,31,18,-1,-1,3
19643296,41,39,-1,-1,1
19643643,34,30,-1,-1,5
19635840,53,41,-1,-1,4
19639450,42,28,-1,-1,3
19630790,49,51,-1,-1,0
19634860,42,30,-1,-1,0
19642698,27,35,-1,-1,4
19642778,50,18,-1,-1,5
19633501,21,47,-1,-1,6
19643407,33,9,-1,-1,6
19641342,56,33,-1,-1,5
19637822,49,25,-1,-1,0
19641760,49,9,-1,-1,3
19642985,58,34,-1,-1,4
19643229,45,15,-1,-1,6
19640448,18,14,-1,-1,5
19641871,45,32,-1,-1,2
19641894,27,31,-1,-1,6
19643630,7,28,-1,-1,0
19642842,13,56,-1,-1,2
19637150,28,15,-1,-1,2
19641726,5,9,-1,-1,4
19631913,13,8,-1,-1,6
19643642,54,58,-1,-1,5
19640894,17,42,-1,-1,4
19642683,31,44,-1,-1,2
19642114,35,26,-1,-1,2
19642749,26,36,-1,-1,4
19636161,13,12,-1,-1,4
19643423,36,22,-1,-1,4
19642003,8,10,-1,-1,1
19641861,58,48,-1,-1,5
19641644,4,8,-1,-1,3
19642727,5,3,-1,-1,5
19643330,23,19,-1,-1,7
19640981,8,51,-1,-1,5
19636111,54,10,-1,-1,7
19639677,7,46,-1,-1,4
19636104,4,46,-1,-1,0
19642689,5,8,-1,-1,6
19642497,44,42,-1,-1,0
19643034,14,26,-1,-1,5
19643577,54,57,-1,-1,7
19643285,39,43,-1,-1,2
19639345,30,18,-1,-1,1
19640132,57,21,-1,-1,4
19639264,17,6,-1,-1,1
19634922,20,30,-1,-1,7
19640968,25,6,-1,-1,0
19641545,40,22,-1,-1,5
19641794,24,15,-1,-1,1
19642282,4,51,-1,-1,7
19643617,10,39,-1,-1,7
19643110,35,1,-1,-1,5
19642249,22,30,-1,-1,1
19639712,18,36,-1,-1,5
19641769,16,27,-1,-1,4
19641698,5,12,-1,-1,1
19642236,34,0,-1,-1,1
19643064,25,7,-1,-1,1
19639756,58,33,-1,-1,5
19640067,17,22,-1,-1,6
19641336,16,1,-1,-1,3
19639978,41,7,-1,-1,5
19640501,12,25,-1,-1,7
19634610,22,28,-1,-1,4
19630598,4,33,-1,-1,1
19643633,19,22,-1,-1,0
19641773,27,25,-1,-1,5
19641460,42,11,-1,-1,7
19642620,20,21,-1,-1,5
19639788,9,57,-1,-1,7
19642026,53,39,-1,-1,1
19642973,18,13,-1,-1,7
19640978,21,58,-1,-1,5
19637990,43,28,-1,-1,6
19640869,52,10,-1,-1,3
19637997,33,42,-1,-1,3
19638707,24,11,-1,-1,3
19643539,13,13,-1,-1,5
19639276,15,58,-1,-1,4
19642948,0,46,-1,-1,4
19642283,29,1,-1,-1,0
19638460,18,50,-1,-1,1
19643404,57,54,-1,-1,3
19635552,42,48,-1,-1,5
19642154,46,4,-1,-1,1
19643614,53,20,-1,-1,1
19642800,33,55,-1,-1,7
19640653,24,5,-1,-1,1
19641960,53,30,-1,-1,4
19643003,29,25,-1,-1,5
19643295,5,18,-1,-1,0
19643496,38,12,-1,-1,7
19641619,48,17,-1,-1,5
19642450,2,57,-1,-1,0
19639694,54,1,-1,-1,3
19643108,28,53,-1,-1,3
19634662,12,14,-1,-1,7
19626647,51,25,-1,-1,4
19640021,54,9,-1,-1,4
19643072,20,42,-1,-1,3
19641121,11,18,-1,-1,3
19637478,18,5,-1,-1,2
19639334,24,39,-1,-1,3
19638871,27,22,-1,-1,1
19639520,0,41,-1,-1,3
19640558,57,11,-1,-1,5
19640239,54,29,-1,-1,7
19633741,54,21,-1,-1,3
19641827,9,58,-1,-1,6
19624824,53,57,-1,-1,5
19635080,19,19,-1,-1,4
19642401,22,22,-1,-1,5
19637991,41,36,-1,-1,4
19639106,23,56,-1,-1,6
19639934,29,10,-1,-1,6
19642210,11,11,-1,-1,4
19642616,0,57,-1,-1,3
19641592,57,46,-1,-1,1
19641996,45,48,-1,-1,0
19643062,39,10,-1,-1,3
19641817,4,30,-1,-1,2
19635032,40,35,-1,-1,0
19642846,22,20,-1,-1,5
19636986,58,40,-1,-1,5
19641021,25,42,-1,-1,4
19641099,51,49,-1,-1,2
19643572,23,10,-1,-1,6
19642116,24,26,-1,-1,2
19643098,43,57,-1,-1,4
19643011,16,46,-1,-1,5
19639161,58,22,-1,-1,0
19641720,41,29,-1,-1,7
19638990,22,18,-1,-1,3
19642979,15,38,-1,-1,6
19640416,14,1,-1,-1,4
19640424,51,34,-1,-1,1
19642995,36,49,-1,-1,3
19643037,13,48,-1,-1,3
19639797,41,43,-1,-1,1
19640429,0,47,-1,-1,7
19643004,50,11,-1,-1,3
19643535,39,4,-1,-1,0
19633223,50,4,-1,-1,4
19643459,21,27,-1,-1,4
19641277,58,56,-1,-1,7
19643502,43,48,-1,-1,6
19639926,49,24,-1,-1,5
19643076,41,49,-1,-1,2
19642784,38,1,-1,-1,5
19631483,11,15,-1,-1,4
19641962,57,3,-1,-1,4
19641415,12,57,-1,-1,3
19642753,18,49,-1,-1,2
19643035,40,55,-1,-1,6
19642732,1,3,-1,-1,1
19640148,38,28,-1,-1,2
19643226,39,8,-1,-1,5
19643281,19,7,-1,-1,2
19643219,46,57,-1,-1,6
19642233,3,46,-1,-1,6
19643162,45,0,-1,-1,5
19641973,56,49,-1,-1,0
19639267,31,24,-1,-1,2
19633696,0,11,-1,-1,4
19630347,0,32,-1,-1,2
19636925,6,45,-1,-1,6
19643598,58,44,-1,-1,1
19640446,4,14,-1,-1,5
19640940,55,11,-1,-1,4
19641122,2,17,-1,-1,4
19642682,35,9,-1,-1,5
19641987,8,29,-1,-1,0
19643306,29,38,-1,-1,0
19631722,51,55,-1,-1,4
19643339,40,4,-1,-1,4
19640888,42,6,-1,-1,6
19641534,21,55,-1,-1,3
19642839,39,53,-1,-1,6
19638315,21,4,-1,-1,3
19641790,7,56,-1,-1,4
19640460,39,36,-1,-1,6
19642614,56,11,-1,-1,3
19642103,50,28,-1,-1,5
19640048,48,57,-1,-1,2
19642867,52,58,-1,-1,5
19637080,17,56,-1,-1,4
19642879,6,4,-1,-1,0
19639844,23,41,-1,-1,5
19639889,4,1,-1,-1,7
19635967,48,36,-1,-1,6
19643140,12,30,-1,-1,4
19641701,42,14,-1,-1,5
19641198,34,2,-1,-1,2
19639968,41,17,-1,-1,0
19643189,4,21,-1,-1,5
19643398,53,45,-1,-1,1
19642822,28,13,-1,-1,3
19642848,40,48,-1,-1,0
19642278,28,36,-1,-1,7
19642982,15,32,-1,-1,0
19642218,28,3,-1,-1,4
19642980,51,0,-1,-1,2
19641317,23,44,-1,-1,6
19636375,9,43,-1,-1,1
19641041,20,53,-1,-1,2
19640836,12,29,-1,-1,4
19642476,2,7,-1,-1,3
19639212,23,28,-1,-1,7
19639858,57,45,-1,-1,5
19643292,17,51,-1,-1,0
19642180,30,3,-1,-1,7
19635905,31,21,-1,-1,2
19641708,32,48,-1,-1,6
19642747,23,31,-1,-1,5
19643356,43,45,-1,-1,6
19641730,10,53,-1,-1,3
19640473,8,17,-1,-1,2
19640122,0,25,-1,-1,2
19639095,2,20,-1,-1,4
19641405,5,46,-1,-1,1
19641697,52,34,-1,-1,1
19642773,52,41,-1,-1,1
19643456,44,39,-1,-1,3
19641056,40,2,-1,-1,4
19642932,49,56,-1,-1,7
19639507,35,23,-1,-1,4
19642673,7,41,-1,-1,5
19640535,22,7,-1,-1,2
19643467,42,29,-1,-1,0
19640854,17,25,-1,-1,0
19633940,47,53,-1,-1,5
19642036,23,24,-1,-1,2
19635026,39,44,-1,-1,1
19642871,46,33,-1,-1,2
19643134,44,11,-1,-1,0
19639963,48,27,-1,-1,4
19637746,58,25,-1,-1,6
19641452,10,12,-1,-1,5
19643437,28,27,-1,-1,5
19639104,32,12,-1,-1,0
19642712,1,8,-1,-1,2
19638515,20,25,-1,-1,3
19643445,31,11,-1,-1,1
19635869,3,50,-1,-1,4
19643482,33,50,-1,-1,0
19638138,29,3,-1,-1,3
19640247,23,13,-1,-1,7
19634677,40,24,-1,-1,3
19639644,6,35,-1,-1,7
19642608,50,23,-1,-1,4
19642288,56,35,-1,-1,6
19642820,35,35,-1,-1,5
19632626,21,44,-1,-1,4
19643422,34,32,-1,-1,6
19643533,9,4,-1,-1,1
19641928,38,4,-1,-1,5
19641733,58,51,-1,-1,3
19642855,4,27,-1,-1,4
19639010,43,37,-1,-1,5
19642538,36,34,-1,-1,0
19642109,43,11,-1,-1,4
19642762,45,28,-1,-1,0
19640520,51,45,-1,-1,1
19624754,31,2,-1,-1,5
19643409,35,33,-1,-1,4
19643178,42,7,-1,-1,7
19636798,15,31,-1,-1,5
19635013,29,48,-1,-1,7
19642826,54,28,-1,-1,1
19642643,37,7,-1,-1,5
19635728,22,45,-1,-1,5
19641163,52,48,-1,-1,0
19634580,30,32,-1,-1,6
19643629,23,38,-1,-1,3
19640554,18,44,-1,-1,1
19641321,56,20,-1,-1,0
19642076,31,42,-1,-1,1
19641548,30,24,-1,-1,7
19640397,29,5,-1,-1,1
19643325,52,27,-1,-1,5
19627500,31,53,-1,-1,0
19642138,6,24,-1,-1,3
19643366,49,49,-1,-1,7
19639229,15,28,-1,-1,2
19642806,32,20,-1,-1,4
19643618,8,41,-1,-1,3
19637224,12,36,-1,-1,7
19641178,19,18,-1,-1,1
19643018,14,44,-1,-1,5
19634390,10,4,-1,-1,7
19643242,20,35,-1,-1,5
19642126,48,28,-1,-1,7
19642348,2,27,-1,-1,2
19640935,16,20,-1,-1,0
19638207,45,38,-1,-1,1
19640370,33,29,-1,-1,1
19643509,43,25,-1,-1,4
19631060,13,22,-1,-1,2
19639411,24,19,-1,-1,2
19643625,41,56,-1,-1,6
19639289,17,50,-1,-1,0
19643021,54,2,-1,-1,3
19643077,18,30,-1,-1,3
19636073,53,37,-1,-1,5
19643362,41,4,-1,-1,1
19641254,1,6,-1,-1,2
19641032,39,5,-1,-1,4
19636847,7,6,-1,-1,5
19642895,35,41,-1,-1,3
19643453,41,26,-1,-1,5
19634901,5,34,-1,-1,5
19638270,20,50,-1,-1,0
19642797,47,35,-1,-1,5
19639338,48,14,-1,-1,2
19641106,20,34,-1,-1,5
19642323,5,13,-1,-1,5
19642327,20,40,-1,-1,3
19641997,30,41,-1,-1,6
19642514,35,32,-1,-1,1
19641774,6,20,-1,-1,7
19642266,21,24,-1,-1,7
19639690,18,18,-1,-1,0
19640056,19,17,-1,-1,1
19640242,33,39,-1,-1,3
19643385,45,29,-1,-1,4
19642814,58,16,-1,-1,5
19632042,19,46,-1,-1,0
19637268,37,39,-1,-1,4
19643373,22,19,-1,-1,7
19629150,35,28,-1,-1,3
19641439,19,45,-1,-1,5
19638488,14,35,-1,-1,7
19643307,17,16,-1,-1,6
19640803,49,58,-1,-1,4
19627721,24,1,-1,-1,7
19643188,21,29,-1,-1,2
19633466,21,32,-1,-1,1
19642738,5,31,-1,-1,1
19642830,14,29,-1,-1,5
19643605,47,11,-1,-1,1
19641745,29,18,-1,-1,4
19642680,55,14,-1,-1,2
19642946,51,7,-1,-1,6
19634975,14,0,-1,-1,5
19638006,26,9,-1,-1,1
19638065,24,22,-1,-1,1
19641305,58,52,-1,-1,0
19640660,25,40,-1,-1,6
19639234,18,57,-1,-1,4
19640315,4,57,-1,-1,2
19638531,4,4,-1,-1,1
19643591,56,27,-1,-1,4
19643653,4,0,-1,-1,7
19643246,30,48,-1,-1,1
19637777,9,7,-1,-1,4
19642621,47,57,-1,-1,1
19637797,42,40,-1,-1,5
19643565,52,45,-1,-1,5
19643426,34,45,-1,-1,6
19641116,47,32,-1,-1,4
19633255,43,7,-1,-1,7
19643651,49,38,-1,-1,5
19642240,2,38,-1,-1,5
19633703,28,43,-1,-1,7
19642736,37,5,-1,-1,2
19641821,2,23,-1,-1,7
19642775,20,29,-1,-1,2
19641710,9,31,-1,-1,3
19639569,29,41,-1,-1,6
19641486,14,3,-1,-1,4
19636106,35,43,-1,-1,1
19637168,9,23,-1,-1,5
19637973,7,3,-1,-1,6
19640387,35,5,-1,-1,5
19640820,6,31,-1,-1,2
19642051,44,36,-1,-1,0
19635628,3,53,-1,-1,6
19641850,20,16,-1,-1,7
19640333,38,18,-1,-1,6
19642634,32,36,-1,-1,3
19642395,33,33,-1,-1,6
19641645,15,27,-1,-1,4
19642527,4,52,-1,-1,4
19643357,32,58,-1,-1,1
19636564,9,39,-1,-1,7
19643050,10,46,-1,-1,2
19640274,36,29,-1,-1,7
19637925,57,30,-1,-1,7
19642787,36,5,-1,-1,3
19641256,48,8,-1,-1,2
19643287,34,41,-1,-1,4
19641586,30,36,-1,-1,2
19642128,56,22,-1,-1,7
19642646,51,37,-1,-1,2
19643058,30,28,-1,-1,7
19640074,54,32,-1,-1,2
19640330,14,9,-1,-1,3
19643029,21,25,-1,-1,6
19640529,15,10,-1,-1,0
19638281,20,13,-1,-1,7
19643100,2,37,-1,-1,7
19640546,20,56,-1,-1,4
19641459,11,2,-1,-1,5
19642061,1,38,-1,-1,6
19639880,49,43,-1,-1,1
19641563,37,46,-1,-1,5
19638160,3,8,-1,-1,7
19641796,44,47,-1,-1,1
19642596,33,47,-1,-1,0
19636561,49,55,-1,-1,0
19643033,55,10,-1,-1,0
19637320,12,21,-1,-1,6
19642537,1,41,-1,-1,0
19632808,49,30,-1,-1,6
19643214,20,2,-1,-1,7
19640915,46,43,-1,-1,3
19639798,3,13,-1,-1,5
19643302,54,36,-1,-1,5
19635497,30,16,-1,-1,0
19643519,19,13,-1,-1,3
19643005,25,39,-1,-1,4
19640453,49,14,-1,-1,7
19631021,6,32,-1,-1,7
19642355,1,25,-1,-1,2
19633251,49,40,-1,-1,1
19641878,4,26,-1,-1,1
19641328,48,41,-1,-1,1
19641917,31,25,-1,-1,1
19632386,1,30,-1,-1,6
19641385,7,27,-1,-1,1
19640499,32,21,-1,-1,7
19641875,21,28,-1,-1,5
19642928,0,34,-1,-1,2
19641175,23,9,-1,-1,5
19643450,11,31,-1,-1,4
19642962,36,3,-1,-1,2
19629015,27,3,-1,-1,2
19642357,7,58,-1,-1,4
19642936,16,49,-1,-1,1
19639192,17,52,-1,-1,7
19641316,52,46,-1,-1,5
19643143,23,1,-1,-1,2
19639032,41,15,-1,-1,3
19641340,39,7,-1,-1,6
19643550,20,8,-1,-1,2
19642706,45,51,-1,-1,3
19643314,9,29,-1,-1,5
19640455,17,38,-1,-1,7
19642818,20,45,-1,-1,0
19639497,36,47,-1,-1,7
19642052,25,51,-1,-1,2
19641813,10,54,-1,-1,7
19643259,38,13,-1,-1,1
19631535,47,37,-1,-1,7
19642690,56,51,-1,-1,4
19642081,21,3,-1,-1,7
19636322,13,9,-1,-1,5
19640508,14,20,-1,-1,7
19639697,34,23,-1,-1,4
19641107,12,48,-1,-1,0
19642679,28,23,-1,-1,6
19637883,35,36,-1,-1,5
19641133,3,31,-1,-1,1
19640700,34,35,-1,-1,4
19642924,4,37,-1,-1,5
19639051,44,57,-1,-1,5
19642743,49,53,-1,-1,1
19643272,5,5,-1,-1,2
19642916,50,5,-1,-1,1
19633300,20,57,-1,-1,2
19640681,49,19,-1,-1,5
19643006,11,20,-1,-1,5
19641214,37,47,-1,-1,1
19642853,19,23,-1,-1,3
19642607,10,47,-1,-1,5
19640059,11,7,-1,-1,3
19639494,47,5,-1,-1,4
19643464,36,12,-1,-1,7
19641567,27,16,-1,-1,7
19633280,33,48,-1,-1,1
19639806,37,8,-1,-1,6
19641047,5,17,-1,-1,2
19640799,20,12,-1,-1,1
19642843,25,26,-1,-1,7
19641694,35,46,-1,-1,6
19632978,5,25,-1,-1,3
19639935,49,36,-1,-1,4
19641414,50,14,-1,-1,5
19641717,32,34,-1,-1,2
19642823,22,50,-1,-1,7
19640087,50,13,-1,-1,2
19634068,36,8,-1,-1,4
19638248,46,47,-1,-1,0
19643240,30,54,-1,-1,3
19638844,51,52,-1,-1,1
19643194,7,48,-1,-1,6
19640540,57,12,-1,-1,6
19632842,32,8,-1,-1,6
19636701,15,44,-1,-1,7
19636746,3,6,-1,-1,3
19637194,48,42,-1,-1,7
19643060,48,53,-1,-1,6
19630581,57,32,-1,-1,6
19641617,6,10,-1,-1,1
19640182,37,17,-1,-1,7
19642873,25,9,-1,-1,6
19638157,46,52,-1,-1,3
19640997,26,55,-1,-1,7
19642041,46,1,-1,-1,3
19642447,53,2,-1,-1,7
19640101,24,30,-1,-1,0
19641294,40,49,-1,-1,0
19634535,26,11,-1,-1,4
19642628,34,14,-1,-1,6
19641851,41,37,-1,-1,6
19641273,53,0,-1,-1,0
19638978,1,50,-1,-1,2
19641648,51,30,-1,-1,6
19640871,54,19,-1,-1,1
19643585,22,1,-1,-1,5
19643433,26,41,-1,-1,5
19641039,50,37,-1,-1,2
19633919,1,39,-1,-1,1
19637294,10,51,-1,-1,1
19636274,39,58,-1,-1,7
19636511,43,39,-1,-1,7
19640857,30,11,-1,-1,5
19642656,21,41,-1,-1,3
19637179,9,48,-1,-1,2
19637152,33,52,-1,-1,1
19640105,25,45,-1,-1,2
19642653,22,16,-1,-1,3
19641753,11,50,-1,-1,0
19639863,19,27,-1,-1,7
19633460,8,4,-1,-1,5
19642104,47,38,-1,-1,0
19641777,49,32,-1,-1,3
19625969,19,12,-1,-1,7
19643263,20,17,-1,-1,1
19632730,19,8,-1,-1,0
19638933,13,18,-1,-1,5
19643215,7,8,-1,-1,6
19643317,23,48,-1,-1,6
19639971,3,19,-1,-1,0
19642549,7,39,-1,-1,6
19640858,31,47,-1,-1,5
19641425,32,25,-1,-1,4
19643401,12,19,-1,-1,7
19642034,36,7,-1,-1,0
19640396,48,6,-1,-1,5
19639759,39,33,-1,-1,4
19641862,12,27,-1,-1,3
19641115,9,35,-1,-1,4
19641690,34,24,-1,-1,3
19643447,34,13,-1,-1,1
19642181,17,24,-1,-1,6
19638288,56,16,-1,-1,2
19640872,55,52,-1,-1,0
19642122,38,14,-1,-1,7
19638129,48,18,-1,-1,2
19642158,52,40,-1,-1,6
19640627,40,6,-1,-1,7
19643638,32,27,-1,-1,6
19637959,40,16,-1,-1,4
19643227,18,51,-1,-1,5
19642477,35,40,-1,-1,1
19638107,13,20,-1,-1,1
19641413,35,54,-1,-1,1
19639973,47,41,-1,-1,4
19641939,12,8,-1,-1,0
19639845,45,45,-1,-1,4
19640399,4,10,-1,-1,6
19639034,48,19,-1,-1,7
19636220,27,9,-1,-1,7
19631073,40,10,-1,-1,4
19643333,5,51,-1,-1,2
19642889,13,1,-1,-1,0
19641646,34,50,-1,-1,2
19641482,3,44,-1,-1,5
19643245,2,33,-1,-1,3
19642512,58,39,-1,-1,0
19642406,52,43,-1,-1,4
19642016,49,13,-1,-1,4
19640495,32,46,-1,-1,7
19636004,8,39,-1,-1,5
19643463,51,31,-1,-1,7
19642136,29,24,-1,-1,0
19632708,47,6,-1,-1,0
19642403,42,41,-1,-1,6
19639752,18,19,-1,-1,7
19640210,54,13,-1,-1,6
19642518,20,51,-1,-1,7
19635489,3,25,-1,-1,2
19641976,40,25,-1,-1,1
19634591,41,53,-1,-1,7
19642786,32,16,-1,-1,4
19642468,0,17,-1,-1,4
19634250,45,56,-1,-1,3
19637034,12,31,-1,-1,4
19641524,19,20,-1,-1,1
19642632,26,22,-1,-1,7
19638284,51,54,-1,-1,4
19633963,34,39,-1,-1,4
19638246,31,28,-1,-1,5
19642084,1,29,-1,-1,5
19642377,42,43,-1,-1,6
19641616,1,4,-1,-1,1
19642197,50,29,-1,-1,0
19643256,36,42,-1,-1,0
19640931,31,23,-1,-1,6
19638771,0,49,-1,-1,4
19637287,56,4,-1,-1,4
19641980,35,39,-1,-1,6
19632050,46,36,-1,-1,2
19639577,56,41,-1,-1,5
19643359,44,28,-1,-1,0
19643196,7,7,-1,-1,7
19641092,0,54,-1,-1,7
19633285,51,40,-1,-1,1
19642101,15,50,-1,-1,6
19642312,49,54,-1,-1,4
19641477,6,13,-1,-1,4
19640577,23,58,-1,-1,2
19643660,13,25,-1,-1,4
