# org_id,org_cellx,org_celly,org_forage_target,org_group_id,org_facing
84255821,22,52,-1,-1,7
84260888,2,21,-1,-1,7
84253724,37,14,-1,-1,6
84252046,17,6,-1,-1,7
84257136,56,16,-1,-1,3
84252615,24,48,-1,-1,0
84260458,58,55,-1,-1,0
84256878,39,50,-1,-1,3
84259420,32,11,-1,-1,7
84253534,34,53,-1,-1,3
84257784,14,3,-1,-1,2
84257292,21,30,-1,-1,1
84255469,18,4,-1,-1,1
84258111,43,52,-1,-1,3
84258504,15,11,-1,-1,5
84249739,30,27,-1,-1,4
84259530,24,2,-1,-1,4
84257405,7,3,-1,-1,4
84256873,11,8,-1,-1,3
84257920,16,19,-1,-1,3
84260758,4,30,-1,-1,4
84259125,35,37,-1,-1,5
84260763,21,48,-1,-1,0
84260399,11,29,-1,-1,2
84258469,10,48,-1,-1,4
84257465,16,50,-1,-1,1
84260190,58,42,-1,-1,1
84257673,16,47,-1,-1,1
84258747,20,43,-1,-1,1
84260965,10,11,-1,-1,7
84256045,50,21,-1,-1,7
84259621,57,30,-1,-1,3
84259552,32,26,-1,-1,4
84248716,48,25,-1,-1,6
84258081,23,5,-1,-1,0
84260877,1,21,-1,-1,5
84259760,53,47,-1,-1,0
84260057,52,19,-1,-1,5
84258518,35,12,-1,-1,2
84258739,48,52,-1,-1,2
84260220,5,12,-1,-1,6
84260029,4,23,-1,-1,2
84260282,52,38,-1,-1,4
84258074,23,47,-1,-1,5
84258905,45,10,-1,-1,1
84259109,57,11,-1,-1,1
84250250,58,58,-1,-1,4
84257913,46,46,-1,-1,6
84259298,4,13,-1,-1,3
84260621,52,53,-1,-1,7
84255346,52,49,-1,-1,2
84257268,19,27,-1,-1,4
84259067,25,32,-1,-1,6
84259979,0,8,-1,-1,0
84258446,15,27,-1,-1,4
84258787,46,53,-1,-1,5
84256961,1,17,-1,-1,7
84259710,12,18,-1,-1,4
84260720,19,36,-1,-1,5
84258958,19,38,-1,-1,4
84252897,44,2,-1,-1,5
84260334,19,10,-1,-1,1
84254880,51,18,-1,-1,2
84244033,12,39,-1,-1,3
84259082,32,28,-1,-1,4
84253143,12,53,-1,-1,5
84257081,36,38,-1,-1,1
84250330,56,5,-1,-1,4
84258995,56,9,-1,-1,6
84258685,44,58,-1,-1,1
84256337,23,34,-1,-1,0
84260889,35,54,-1,-1,5
84249904,24,56,-1,-1,7
84257435,12,49,-1,-1,6
84259537,37,47,-1,-1,2
84259861,27,13,-1,-1,1
84256481,1,44,-1,-1,0
84251243,40,33,-1,-1,0
84255768,13,53,-1,-1,5
84257730,33,15,-1,-1,4
84260266,17,42,-1,-1,6
84258808,26,33,-1,-1,1
84260229,56,57,-1,-1,5
84251600,42,20,-1,-1,5
84260672,22,32,-1,-1,2
84258409,5,0,-1,-1,3
84246858,3,16,-1,-1,0
84260978,45,11,-1,-1,6
84253919,13,47,-1,-1,0
84255477,40,28,-1,-1,7
84260770,19,25,-1,-1,0
84259756,16,21,-1,-1,1
84259305,44,25,-1,-1,3
84251583,7,40,-1,-1,0
84259799,44,17,-1,-1,1
84259945,30,20,-1,-1,3
84254250,0,46,-1,-1,3
84252986,27,37,-1,-1,7
84260536,27,24,-1,-1,2
84253809,53,48,-1,-1,7
84259110,3,23,-1,-1,6
84260280,23,11,-1,-1,0
84248330,45,45,-1,-1,1
84260784,26,31,-1,-1,6
84258220,14,9,-1,-1,6
84260340,15,15,-1,-1,0
84249809,47,53,-1,-1,3
84256891,45,36,-1,-1,7
84258740,52,43,-1,-1,5
84255523,40,15,-1,-1,5
84255443,47,23,-1,-1,7
84259228,0,51,-1,-1,1
84259165,18,36,-1,-1,1
84257968,17,37,-1,-1,6
84259097,23,54,-1,-1,1
84254869,58,32,-1,-1,6
84260241,46,4,-1,-1,7
84251203,11,23,-1,-1,4
84257332,5,56,-1,-1,6
84253620,30,5,-1,-1,2
84258202,29,52,-1,-1,2
84254000,41,33,-1,-1,5
84260553,25,46,-1,-1,7
84260062,6,45,-1,-1,5
84259789,27,53,-1,-1,1
84260099,17,49,-1,-1,3
84254657,30,44,-1,-1,2
84257116,55,1,-1,-1,7
84250319,10,27,-1,-1,7
84258772,9,56,-1,-1,0
84245901,23,12,-1,-1,6
84259427,19,29,-1,-1,6
84257934,41,54,-1,-1,1
84255021,1,29,-1,-1,6
84260520,57,41,-1,-1,4
84257221,32,54,-1,-1,7
84260834,34,3,-1,-1,1
84259361,20,23,-1,-1,4
84260005,8,32,-1,-1,4
84259147,22,24,-1,-1,5
84253612,13,35,-1,-1,5
84260158,53,14,-1,-1,2
84259640,29,47,-1,-1,4
84255900,55,58,-1,-1,4
84259117,32,38,-1,-1,6
84257889,48,11,-1,-1,2
84258909,33,39,-1,-1,3
84249155,24,30,-1,-1,0
84257886,33,16,-1,-1,3
84260925,48,53,-1,-1,7
84253480,31,16,-1,-1,7
84259899,23,19,-1,-1,5
84259531,10,47,-1,-1,7
84260981,53,51,-1,-1,0
84260966,16,10,-1,-1,6
84253537,22,47,-1,-1,1
84256190,45,21,-1,-1,5
84258414,40,22,-1,-1,7
84257932,7,43,-1,-1,5
84260664,55,6,-1,-1,2
84258215,14,13,-1,-1,3
84260203,29,37,-1,-1,5
84259393,19,46,-1,-1,3
84252613,1,11,-1,-1,7
84260443,53,3,-1,-1,3
84260968,43,27,-1,-1,5
84254649,4,19,-1,-1,0
84256456,51,31,-1,-1,3
84254072,25,20,-1,-1,5
84258849,35,16,-1,-1,7
84255735,53,55,-1,-1,2
84257084,54,20,-1,-1,2
84260314,39,52,-1,-1,7
84258055,20,21,-1,-1,5
84260587,5,27,-1,-1,7
84258034,40,45,-1,-1,6
84257157,47,52,-1,-1,1
84260906,44,28,-1,-1,5
84258170,16,32,-1,-1,7
84260515,24,4,-1,-1,6
84255977,7,35,-1,-1,7
84256523,35,45,-1,-1,6
84254842,14,16,-1,-1,7
84256860,33,26,-1,-1,7
84256464,24,38,-1,-1,2
84257310,35,5,-1,-1,1
84256663,54,14,-1,-1,0
84259484,22,35,-1,-1,7
84257613,7,45,-1,-1,2
84258304,47,41,-1,-1,0
84258877,40,43,-1,-1,3
84250958,5,45,-1,-1,7
84255266,32,27,-1,-1,4
84257163,47,51,-1,-1,6
84258539,0,37,-1,-1,4
84258228,58,53,-1,-1,4
84258235,50,13,-1,-1,4
84260440,49,46,-1,-1,0
84260983,2,55,-1,-1,3
84259656,22,1,-1,-1,5
84253065,19,5,-1,-1,7
84258463,11,12,-1,-1,0
84247364,24,29,-1,-1,4
84260661,46,38,-1,-1,3
84258771,6,12,-1,-1,2
84259901,47,43,-1,-1,4
84253706,56,15,-1,-1,2
84242548,7,44,-1,-1,3
84252336,28,7,-1,-1,1
84255592,25,3,-1,-1,5
84258682,20,20,-1,-1,5
84259178,30,15,-1,-1,0
84247815,43,25,-1,-1,7
84257217,50,29,-1,-1,3
84255788,5,28,-1,-1,5
84260527,1,12,-1,-1,4
84260676,19,41,-1,-1,5
84255364,31,0,-1,-1,0
84260868,18,5,-1,-1,2
84259176,52,57,-1,-1,3
84255985,40,41,-1,-1,1
84258091,51,5,-1,-1,0
84260228,56,18,-1,-1,2
84260487,46,36,-1,-1,2
84260958,15,30,-1,-1,5
84254682,26,23,-1,-1,3
84260690,50,38,-1,-1,0
84260599,56,1,-1,-1,4
84257933,28,9,-1,-1,7
84260450,57,52,-1,-1,3
84260554,58,54,-1,-1,3
84258340,32,2,-1,-1,7
84258626,45,44,-1,-1,1
84256126,32,31,-1,-1,6
84257545,23,9,-1,-1,0
84260174,5,5,-1,-1,3
84245772,4,48,-1,-1,6
84260708,33,41,-1,-1,1
84260613,58,26,-1,-1,5
84260417,34,45,-1,-1,4
84255897,4,7,-1,-1,7
84260279,7,8,-1,-1,1
84252846,7,37,-1,-1,6
84259607,29,18,-1,-1,7
84253538,45,20,-1,-1,4
84260007,49,4,-1,-1,7
84257658,56,24,-1,-1,1
84260394,13,55,-1,-1,0
84257385,17,31,-1,-1,1
84260572,15,4,-1,-1,0
84254060,34,46,-1,-1,1
84258475,57,46,-1,-1,2
84260756,52,5,-1,-1,5
84260825,27,43,-1,-1,2
84257703,36,2,-1,-1,0
84253801,12,50,-1,-1,0
84257295,33,34,-1,-1,0
84260645,28,11,-1,-1,6
84258890,33,19,-1,-1,2
84257203,3,39,-1,-1,7
84260625,58,18,-1,-1,0
84260985,51,41,-1,-1,1
84258176,31,19,-1,-1,2
84260124,9,8,-1,-1,4
84256796,20,24,-1,-1,2
84260006,8,45,-1,-1,6
84255987,36,0,-1,-1,5
84257284,37,46,-1,-1,6
84249616,37,9,-1,-1,4
84255995,37,41,-1,-1,7
84260516,24,49,-1,-1,4
84259768,15,13,-1,-1,6
84260313,40,34,-1,-1,5
84248593,27,7,-1,-1,7
84260307,46,6,-1,-1,7
84257717,39,6,-1,-1,5
84258254,39,1,-1,-1,5
84259651,29,3,-1,-1,7
84258553,34,49,-1,-1,5
84260056,25,43,-1,-1,4
84250363,34,15,-1,-1,0
84256936,16,33,-1,-1,2
84253529,14,10,-1,-1,4
84259076,10,16,-1,-1,4
84260492,37,20,-1,-1,7
84257962,56,10,-1,-1,5
84259847,9,17,-1,-1,4
84258194,33,52,-1,-1,2
84259922,10,39,-1,-1,3
84254807,16,51,-1,-1,5
84260547,38,42,-1,-1,6
84258865,47,18,-1,-1,7
84257804,21,33,-1,-1,5
84258554,31,23,-1,-1,4
84260918,9,4,-1,-1,3
84259086,8,24,-1,-1,2
84259341,21,50,-1,-1,2
84259015,21,17,-1,-1,3
84256542,51,36,-1,-1,6
84260800,1,51,-1,-1,2
84258447,54,0,-1,-1,6
84258537,48,38,-1,-1,5
84250676,42,11,-1,-1,1
84253424,22,11,-1,-1,1
84257905,41,23,-1,-1,0
84260752,34,22,-1,-1,0
84259112,17,50,-1,-1,5
84260506,8,12,-1,-1,6
84255841,34,26,-1,-1,6
84250111,57,33,-1,-1,7
84258293,11,18,-1,-1,5
84259229,51,24,-1,-1,7
84252405,26,50,-1,-1,1
84259831,46,13,-1,-1,6
84260121,16,29,-1,-1,1
84256446,28,44,-1,-1,1
84260971,55,52,-1,-1,6
84252428,57,31,-1,-1,4
84256423,57,25,-1,-1,0
84255327,24,51,-1,-1,7
84260915,20,55,-1,-1,5
84259876,4,1,-1,-1,5
84259694,32,43,-1,-1,6
84260118,15,16,-1,-1,5
84259348,56,45,-1,-1,6
84250554,10,15,-1,-1,6
84259570,28,39,-1,-1,2
84259534,39,58,-1,-1,5
84257193,8,28,-1,-1,0
84256244,14,17,-1,-1,2
84255377,18,30,-1,-1,7
84260821,29,22,-1,-1,7
84259432,20,46,-1,-1,5
84259659,30,40,-1,-1,6
84260887,42,13,-1,-1,5
84256831,23,32,-1,-1,2
84257190,8,56,-1,-1,6
84259977,32,8,-1,-1,5
84258531,7,51,-1,-1,6
84255636,38,51,-1,-1,5
84259702,47,35,-1,-1,2
84257966,48,35,-1,-1,7
84254740,45,3,-1,-1,7
84259486,7,4,-1,-1,6
84259252,40,5,-1,-1,0
84260790,17,56,-1,-1,4
84259376,17,35,-1,-1,1
84259638,13,27,-1,-1,2
84258422,32,25,-1,-1,0
84256200,14,14,-1,-1,6
84258036,56,20,-1,-1,3
84256382,25,14,-1,-1,6
84260396,6,54,-1,-1,7
84259329,0,38,-1,-1,3
84259149,25,56,-1,-1,2
84254342,44,43,-1,-1,2
84255434,58,38,-1,-1,3
84259232,33,0,-1,-1,7
84260145,36,21,-1,-1,4
84257844,54,21,-1,-1,2
84258066,14,25,-1,-1,2
84259297,49,5,-1,-1,4
84254324,50,6,-1,-1,0
84256474,48,43,-1,-1,6
84258925,23,25,-1,-1,6
84259667,45,18,-1,-1,7
84253722,7,5,-1,-1,2
84250215,42,54,-1,-1,2
84256991,15,26,-1,-1,2
84257139,36,8,-1,-1,3
84260811,55,8,-1,-1,2
84254735,5,32,-1,-1,2
84256055,15,33,-1,-1,3
84258754,43,8,-1,-1,0
84260431,8,1,-1,-1,5
84256386,48,47,-1,-1,3
84255428,12,27,-1,-1,0
84245385,51,45,-1,-1,0
84257639,11,46,-1,-1,2
84260623,27,35,-1,-1,6
84254878,6,50,-1,-1,7
84256935,27,32,-1,-1,6
84257500,18,27,-1,-1,0
84253334,8,43,-1,-1,7
84252376,31,51,-1,-1,5
84259626,2,38,-1,-1,2
84248194,21,2,-1,-1,6
84254814,51,15,-1,-1,0
84260224,17,18,-1,-1,7
84253245,54,45,-1,-1,1
84254862,56,28,-1,-1,3
84257560,39,5,-1,-1,5
84254914,19,32,-1,-1,5
84259081,49,56,-1,-1,1
84254127,55,47,-1,-1,0
84257826,36,52,-1,-1,3
84260938,34,17,-1,-1,3
84259882,21,57,-1,-1,6
84258325,6,43,-1,-1,1
84259658,4,2,-1,-1,0
84257037,14,45,-1,-1,3
84259993,27,8,-1,-1,3
84254944,29,11,-1,-1,3
84258915,39,31,-1,-1,5
84258491,26,6,-1,-1,6
84258997,53,42,-1,-1,6
84259365,44,23,-1,-1,3
84258212,31,40,-1,-1,4
84257519,53,43,-1,-1,0
84259956,46,7,-1,-1,5
84257972,52,55,-1,-1,7
84250606,30,56,-1,-1,5
84257235,30,30,-1,-1,6
84256849,32,55,-1,-1,0
84260646,21,8,-1,-1,0
84257912,50,56,-1,-1,1
84259236,17,25,-1,-1,2
84260854,9,40,-1,-1,6
84260941,27,46,-1,-1,6
84260574,7,28,-1,-1,5
84260759,33,29,-1,-1,7
84255079,33,57,-1,-1,5
84258696,38,9,-1,-1,0
84240311,24,15,-1,-1,1
84257161,39,11,-1,-1,6
84260870,49,24,-1,-1,5
84259452,30,57,-1,-1,2
84256276,0,34,-1,-1,3
84259523,6,23,-1,-1,1
84259990,35,39,-1,-1,6
84259860,12,34,-1,-1,7
84260529,22,46,-1,-1,1
84254750,57,10,-1,-1,0
84260534,25,45,-1,-1,7
84260837,56,12,-1,-1,2
84260567,41,12,-1,-1,2
84260549,28,14,-1,-1,3
84260561,22,30,-1,-1,0
84258006,58,48,-1,-1,3
84254761,1,2,-1,-1,0
84248630,39,49,-1,-1,2
84258852,8,19,-1,-1,6
84252440,15,7,-1,-1,1
84257387,35,47,-1,-1,5
84259474,12,22,-1,-1,3
84260323,13,16,-1,-1,3
84256040,5,2,-1,-1,0
84257048,12,28,-1,-1,0
84260061,19,51,-1,-1,5
84260096,47,36,-1,-1,3
84258096,39,23,-1,-1,7
84251818,22,20,-1,-1,4
84259927,25,49,-1,-1,0
84260934,45,50,-1,-1,6
84259048,54,19,-1,-1,3
84260315,17,12,-1,-1,0
84257553,42,44,-1,-1,1
84256925,26,36,-1,-1,1
84258850,1,32,-1,-1,3
84260814,10,43,-1,-1,3
84255846,22,3,-1,-1,2
84259377,13,44,-1,-1,2
84260405,43,55,-1,-1,5
84260436,43,26,-1,-1,0
84260640,13,50,-1,-1,5
84259808,23,31,-1,-1,1
84252390,42,46,-1,-1,6
84257745,36,7,-1,-1,0
84260899,36,51,-1,-1,6
84250981,39,0,-1,-1,1
84259706,46,44,-1,-1,4
84256306,25,16,-1,-1,4
84256470,25,18,-1,-1,6
84255117,23,46,-1,-1,6
84255522,40,30,-1,-1,0
84260884,2,52,-1,-1,2
84257275,18,29,-1,-1,6
84257879,46,41,-1,-1,5
84260013,20,44,-1,-1,2
84259417,0,40,-1,-1,1
84257779,29,17,-1,-1,2
84259060,49,16,-1,-1,0
84255337,56,44,-1,-1,4
84257953,54,33,-1,-1,1
84259713,55,57,-1,-1,6
84260207,13,33,-1,-1,3
84260961,41,15,-1,-1,7
84258200,3,0,-1,-1,0
84259444,2,50,-1,-1,3
84259589,16,16,-1,-1,0
84252150,16,44,-1,-1,4
84259517,54,57,-1,-1,4
84256477,3,29,-1,-1,3
84257030,16,38,-1,-1,6
84253957,41,32,-1,-1,4
84259748,44,37,-1,-1,7
84258302,2,41,-1,-1,0
84257651,54,37,-1,-1,4
84257907,13,21,-1,-1,6
84260788,47,14,-1,-1,4
84258065,36,29,-1,-1,1
84259482,12,29,-1,-1,0
84258738,35,38,-1,-1,4
84253388,43,24,-1,-1,6
84258310,10,21,-1,-1,2
84249233,47,8,-1,-1,0
84260584,23,42,-1,-1,5
84251459,45,39,-1,-1,3
84260808,49,12,-1,-1,2
84256670,29,36,-1,-1,7
84255674,30,54,-1,-1,6
84259022,30,7,-1,-1,2
84259431,3,57,-1,-1,1
84259716,46,33,-1,-1,0
84255548,38,23,-1,-1,7
84259891,54,43,-1,-1,0
84260779,27,15,-1,-1,6
84260112,52,1,-1,-1,1
84255822,20,45,-1,-1,7
84260328,1,55,-1,-1,0
84256548,33,10,-1,-1,5
84259580,27,56,-1,-1,5
84259742,30,53,-1,-1,3
84258874,20,42,-1,-1,1
84259353,19,28,-1,-1,6
84259553,55,2,-1,-1,5
84260275,28,50,-1,-1,1
84257051,56,33,-1,-1,3
84255604,4,12,-1,-1,7
84258206,12,48,-1,-1,5
84260862,24,33,-1,-1,1
84257899,54,31,-1,-1,2
84253211,15,37,-1,-1,2
84259230,26,53,-1,-1,7
84257196,27,17,-1,-1,1
84246771,25,19,-1,-1,6
84258990,17,15,-1,-1,5
84258918,28,45,-1,-1,7
84259332,0,41,-1,-1,0
84260524,11,35,-1,-1,6
84259499,3,46,-1,-1,1
84258445,28,51,-1,-1,7
84259929,32,56,-1,-1,6
84258534,54,26,-1,-1,6
84258858,8,55,-1,-1,6
84259314,40,9,-1,-1,6
84253155,3,1,-1,-1,1
84260718,19,16,-1,-1,1
84256769,20,56,-1,-1,4
84259762,13,0,-1,-1,2
84259611,13,42,-1,-1,3
84259688,11,45,-1,-1,7
84251698,34,44,-1,-1,4
84248649,25,34,-1,-1,0
84258895,7,9,-1,-1,3
84260901,29,57,-1,-1,7
84260356,36,27,-1,-1,5
84246567,31,53,-1,-1,4
84260649,15,12,-1,-1,3
84258288,7,48,-1,-1,0
84260817,11,48,-1,-1,5
84256441,4,33,-1,-1,7
84260843,38,10,-1,-1,7
84257347,45,53,-1,-1,3
84256336,22,25,-1,-1,1
84256841,16,9,-1,-1,4
84260296,44,41,-1,-1,7
84259780,53,25,-1,-1,0
84260578,50,51,-1,-1,6
84255422,15,41,-1,-1,0
84254731,56,31,-1,-1,0
84260350,31,36,-1,-1,6
84259120,42,43,-1,-1,3
84260728,40,18,-1,-1,6
84256356,25,6,-1,-1,2
84249810,0,49,-1,-1,7
84259615,44,46,-1,-1,0
84256544,31,52,-1,-1,5
84260039,41,28,-1,-1,1
84254200,0,54,-1,-1,0
84259471,8,16,-1,-1,0
84241933,35,51,-1,-1,6
84258989,45,47,-1,-1,2
84260345,25,39,-1,-1,2
84260597,8,50,-1,-1,1
84260354,16,6,-1,-1,7
84260777,25,8,-1,-1,2
84260361,6,51,-1,-1,0
84254462,39,35,-1,-1,1
84259325,42,15,-1,-1,5
84254749,15,46,-1,-1,1
84252639,9,35,-1,-1,4
84258568,37,44,-1,-1,1
84255245,23,39,-1,-1,3
84256514,15,5,-1,-1,0
84258517,1,16,-1,-1,4
84257476,55,40,-1,-1,2
84255628,36,54,-1,-1,1
84258030,10,22,-1,-1,5
84258587,40,24,-1,-1,6
84256291,33,4,-1,-1,7
84257325,42,34,-1,-1,0
84256279,35,43,-1,-1,0
84248768,14,46,-1,-1,2
84259962,3,10,-1,-1,2
84253022,30,48,-1,-1,2
84258442,1,23,-1,-1,7
84258441,34,30,-1,-1,7
84257448,40,38,-1,-1,2
84259573,47,25,-1,-1,7
84255104,12,5,-1,-1,0
84260298,42,26,-1,-1,1
84257055,16,49,-1,-1,5
84252682,25,7,-1,-1,2
84259763,21,34,-1,-1,0
84260140,53,34,-1,-1,2
84259743,20,26,-1,-1,5
84258937,9,52,-1,-1,4
84256804,44,51,-1,-1,5
84260947,0,18,-1,-1,5
84258578,21,4,-1,-1,7
84260270,7,22,-1,-1,2
84260956,52,26,-1,-1,1
84257726,46,37,-1,-1,6
84256924,43,34,-1,-1,4
84260590,43,30,-1,-1,4
84257924,21,49,-1,-1,4
84255925,3,5,-1,-1,0
84260730,29,20,-1,-1,6
84258631,17,45,-1,-1,5
84259875,57,36,-1,-1,4
84259343,25,22,-1,-1,6
84260351,13,34,-1,-1,4
84258893,56,41,-1,-1,0
84258653,53,8,-1,-1,0
84253154,6,20,-1,-1,0
84258530,2,29,-1,-1,7
84260373,55,32,-1,-1,2
84259159,12,40,-1,-1,7
84254673,6,13,-1,-1,3
84258449,46,57,-1,-1,7
84257262,50,32,-1,-1,3
84260839,10,57,-1,-1,4
84254378,27,2,-1,-1,6
84251731,19,12,-1,-1,2
84260712,10,53,-1,-1,5
84258241,18,35,-1,-1,4
84259286,22,34,-1,-1,2
84258368,45,29,-1,-1,5
84247831,14,15,-1,-1,5
84260695,22,58,-1,-1,1
84253373,45,5,-1,-1,1
84253033,8,21,-1,-1,0
84258702,24,0,-1,-1,0
84260100,17,0,-1,-1,4
84257923,44,21,-1,-1,7
84257498,51,19,-1,-1,1
84260292,56,25,-1,-1,0
84260383,12,0,-1,-1,3
84259405,26,32,-1,-1,0
84260488,53,7,-1,-1,1
84260987,16,0,-1,-1,0
84258985,22,15,-1,-1,1
84257835,20,2,-1,-1,2
84258942,14,50,-1,-1,1
84253680,24,5,-1,-1,4
84260114,18,0,-1,-1,7
84255705,48,2,-1,-1,6
84259887,21,51,-1,-1,3
84260847,44,26,-1,-1,3
84258258,13,1,-1,-1,1
84253854,0,5,-1,-1,4
84258798,42,57,-1,-1,5
84256138,43,20,-1,-1,1
84256530,11,26,-1,-1,0
84260146,12,47,-1,-1,2
84259582,51,17,-1,-1,4
84254262,37,50,-1,-1,6
84256050,2,47,-1,-1,1
84259299,20,50,-1,-1,0
84259441,3,43,-1,-1,0
84258670,28,21,-1,-1,7
84260977,40,48,-1,-1,2
84254630,5,13,-1,-1,0
84260352,36,3,-1,-1,0
84257642,27,55,-1,-1,2
84259639,0,19,-1,-1,4
84255513,41,2,-1,-1,5
84256633,45,27,-1,-1,7
84258713,4,31,-1,-1,0
84257257,18,39,-1,-1,3
84257596,5,46,-1,-1,4
84257821,15,54,-1,-1,7
84249566,3,47,-1,-1,5
84258250,0,32,-1,-1,2
84260001,36,56,-1,-1,5
84257753,31,31,-1,-1,0
84259496,3,34,-1,-1,4
84259772,1,33,-1,-1,1
84260573,13,17,-1,-1,4
84260010,32,10,-1,-1,1
84260802,11,57,-1,-1,4
84253222,43,48,-1,-1,0
84257168,51,38,-1,-1,7
84259057,10,42,-1,-1,1
84258201,13,10,-1,-1,3
84259745,57,54,-1,-1,5
84259467,29,15,-1,-1,5
84255161,25,27,-1,-1,3
84257555,11,30,-1,-1,4
84257036,46,28,-1,-1,6
84241635,12,15,-1,-1,2
84256950,40,11,-1,-1,1
84259309,53,40,-1,-1,1
84260260,36,40,-1,-1,0
84256509,33,38,-1,-1,3
84255787,49,0,-1,-1,5
84260838,9,31,-1,-1,3
84260103,54,9,-1,-1,3
84247449,46,21,-1,-1,4
84257264,20,22,-1,-1,3
84260526,15,55,-1,-1,4
84259679,14,7,-1,-1,1
84259053,42,48,-1,-1,2
84259063,2,5,-1,-1,2
84259661,41,39,-1,-1,3
84257120,58,13,-1,-1,4
84259966,56,58,-1,-1,3
84260545,57,44,-1,-1,0
84255730,38,26,-1,-1,0
84259074,18,51,-1,-1,5
84260893,54,12,-1,-1,0
84259533,38,8,-1,-1,1
84257558,31,33,-1,-1,1
84259102,39,38,-1,-1,2
84253025,33,42,-1,-1,7
84259359,37,54,-1,-1,6
84256996,24,47,-1,-1,4
84258152,48,3,-1,-1,0
84260659,45,28,-1,-1,4
84253564,27,28,-1,-1,5
84260367,23,35,-1,-1,0
84260890,35,48,-1,-1,6
84257110,53,18,-1,-1,1
84259527,40,51,-1,-1,1
84259407,58,57,-1,-1,4
84259423,45,46,-1,-1,5
84259957,35,42,-1,-1,6
84260225,37,0,-1,-1,1
84260998,41,48,-1,-1,2
84258233,29,0,-1,-1,4
84256832,17,52,-1,-1,7
84260687,46,54,-1,-1,3
84260944,39,42,-1,-1,0
84260291,14,57,-1,-1,3
84260911,18,8,-1,-1,5
84249423,37,22,-1,-1,4
84259585,50,40,-1,-1,2
84257533,28,33,-1,-1,3
84253835,11,21,-1,-1,2
84252978,24,22,-1,-1,7
84257602,37,55,-1,-1,4
84252857,32,13,-1,-1,0
84256130,4,32,-1,-1,5
84260419,54,42,-1,-1,5
84251310,57,21,-1,-1,6
84260424,34,11,-1,-1,7
84258838,11,22,-1,-1,2
84260346,50,58,-1,-1,6
84254303,27,48,-1,-1,0
84256636,15,8,-1,-1,5
84255935,34,1,-1,-1,3
84258107,37,56,-1,-1,6
84259683,8,42,-1,-1,4
84260014,8,17,-1,-1,1
84257270,52,16,-1,-1,0
84260822,18,44,-1,-1,0
84258415,56,7,-1,-1,1
84257463,24,40,-1,-1,6
84258354,3,31,-1,-1,2
84259788,24,58,-1,-1,2
84254664,24,19,-1,-1,7
84254423,57,5,-1,-1,7
84251422,2,25,-1,-1,0
84260344,8,57,-1,-1,5
84252071,28,35,-1,-1,3
84258299,48,40,-1,-1,2
84259715,11,53,-1,-1,3
84259563,18,12,-1,-1,0
84260386,8,39,-1,-1,7
84253866,13,36,-1,-1,7
84255873,14,19,-1,-1,3
84248819,32,36,-1,-1,3
84256689,20,32,-1,-1,5
84259854,3,28,-1,-1,0
84258649,51,34,-1,-1,5
84259751,43,23,-1,-1,3
84259331,47,5,-1,-1,3
84252645,28,29,-1,-1,1
84258930,44,7,-1,-1,1
84256691,35,20,-1,-1,7
84259954,46,30,-1,-1,6
84259119,30,10,-1,-1,2
84258188,4,26,-1,-1,7
84259281,43,54,-1,-1,3
84260551,47,27,-1,-1,1
84257922,3,41,-1,-1,1
84249788,1,40,-1,-1,5
84257902,20,30,-1,-1,5
84260858,43,47,-1,-1,4
84259797,55,39,-1,-1,2
84251880,18,14,-1,-1,2
84256763,50,9,-1,-1,0
84259073,43,38,-1,-1,2
84259154,26,34,-1,-1,3
84260816,48,51,-1,-1,4
84254319,20,19,-1,-1,3
84258330,9,7,-1,-1,6
84259597,46,14,-1,-1,4
84258155,11,44,-1,-1,2
84260433,45,41,-1,-1,3
84258499,21,39,-1,-1,3
84253083,43,46,-1,-1,3
84259747,21,27,-1,-1,0
84260879,54,28,-1,-1,7
84260710,8,11,-1,-1,2
84260967,2,14,-1,-1,4
84260768,47,33,-1,-1,0
84260398,14,24,-1,-1,1
84255887,35,29,-1,-1,7
84260465,39,24,-1,-1,4
84256917,55,29,-1,-1,1
84260823,18,50,-1,-1,6
84259863,22,27,-1,-1,7
84259345,45,17,-1,-1,7
84257014,47,54,-1,-1,3
84253028,3,36,-1,-1,7
84260454,42,7,-1,-1,5
84259728,35,15,-1,-1,5
84259549,5,6,-1,-1,0
84259189,33,47,-1,-1,3
84259181,54,10,-1,-1,5
84254583,40,10,-1,-1,3
84259705,27,30,-1,-1,1
84254542,31,41,-1,-1,0
84259139,14,1,-1,-1,2
84255680,33,40,-1,-1,7
84222625,35,36,-1,-1,7
84259539,4,57,-1,-1,1
84260835,56,37,-1,-1,5
84259451,23,26,-1,-1,2
84260466,19,21,-1,-1,7
84251672,19,52,-1,-1,5
84257516,5,1,-1,-1,7
84258311,21,40,-1,-1,6
84256105,48,58,-1,-1,5
84259200,52,17,-1,-1,7
84256241,42,29,-1,-1,4
84255537,56,8,-1,-1,5
84257180,3,30,-1,-1,7
84253205,52,2,-1,-1,3
84258290,33,32,-1,-1,6
84260182,53,46,-1,-1,2
84258646,29,21,-1,-1,4
84258144,4,34,-1,-1,2
84260025,48,18,-1,-1,3
84258886,1,18,-1,-1,1
84260936,57,26,-1,-1,5
84256204,7,53,-1,-1,4
84260043,12,10,-1,-1,1
84251666,11,50,-1,-1,4
84254164,58,37,-1,-1,7
84256772,56,35,-1,-1,4
84258166,15,25,-1,-1,2
84254771,43,51,-1,-1,2
84260318,8,26,-1,-1,7
84252465,18,48,-1,-1,2
84259757,38,33,-1,-1,2
84260486,7,25,-1,-1,7
84257987,35,52,-1,-1,3
84260604,57,47,-1,-1,3
84260011,33,17,-1,-1,5
84254221,47,4,-1,-1,5
84256788,37,57,-1,-1,7
84259141,44,11,-1,-1,6
84258443,3,14,-1,-1,0
84252423,39,57,-1,-1,2
84259293,26,21,-1,-1,7
84255223,2,36,-1,-1,2
84257146,11,1,-1,-1,4
84260106,11,32,-1,-1,6
84259284,48,50,-1,-1,5
84244106,37,36,-1,-1,5
84260135,4,38,-1,-1,2
84259378,44,13,-1,-1,4
84259340,52,18,-1,-1,5
84259593,33,36,-1,-1,5
84253822,7,16,-1,-1,7
84260634,33,11,-1,-1,1
84250509,37,48,-1,-1,0
84258966,6,41,-1,-1,6
84252069,43,1,-1,-1,7
84253478,17,23,-1,-1,3
84255398,42,31,-1,-1,7
84256861,51,0,-1,-1,0
84255144,40,8,-1,-1,7
84260622,6,10,-1,-1,7
84259697,34,6,-1,-1,5
84260428,42,51,-1,-1,6
84259675,27,52,-1,-1,3
84252543,23,37,-1,-1,3
84259637,51,48,-1,-1,1
84243243,24,26,-1,-1,5
84258323,8,40,-1,-1,5
84260035,41,57,-1,-1,0
84246804,5,10,-1,-1,5
84258277,6,25,-1,-1,7
84254066,20,33,-1,-1,0
84258630,54,1,-1,-1,1
84257655,38,17,-1,-1,0
84259473,10,41,-1,-1,4
84259613,40,16,-1,-1,0
84258135,47,10,-1,-1,4
84260930,0,10,-1,-1,6
84258238,25,11,-1,-1,7
84259783,22,44,-1,-1,5
84260920,47,48,-1,-1,5
84260257,33,22,-1,-1,5
84260699,42,39,-1,-1,0
84260238,58,43,-1,-1,3
84259567,40,2,-1,-1,5
84257711,13,45,-1,-1,4
84255967,35,56,-1,-1,5
84259193,18,32,-1,-1,4
84260322,51,13,-1,-1,4
84249217,17,33,-1,-1,5
84255040,50,16,-1,-1,4
84259446,23,24,-1,-1,2
84253547,5,38,-1,-1,5
84260065,10,19,-1,-1,0
84256905,50,52,-1,-1,5
84250536,49,43,-1,-1,6
84253745,51,1,-1,-1,5
84256471,7,18,-1,-1,6
84258338,9,26,-1,-1,3
84260804,43,10,-1,-1,0
84260036,41,27,-1,-1,4
84244227,30,19,-1,-1,3
84255539,58,7,-1,-1,0
84260726,49,34,-1,-1,4
84259414,33,55,-1,-1,7
84255765,49,55,-1,-1,4
84260734,20,34,-1,-1,0
84256833,6,48,-1,-1,0
84258650,18,6,-1,-1,5
84259483,7,36,-1,-1,4
84260150,16,57,-1,-1,7
84255246,38,7,-1,-1,5
84255757,56,21,-1,-1,6
84255283,43,16,-1,-1,2
84248526,17,44,-1,-1,2
84252906,58,39,-1,-1,0
84259061,33,28,-1,-1,3
84243257,14,27,-1,-1,4
84255191,40,37,-1,-1,3
84259991,43,44,-1,-1,5
84258804,44,4,-1,-1,6
84254899,56,56,-1,-1,7
84255060,44,5,-1,-1,5
84257742,8,37,-1,-1,1
84252028,11,55,-1,-1,1
84258882,41,34,-1,-1,3
84260473,7,26,-1,-1,1
84257678,53,24,-1,-1,0
84253321,1,37,-1,-1,2
84259416,42,23,-1,-1,4
84260513,36,33,-1,-1,5
84260378,19,54,-1,-1,1
84259827,24,37,-1,-1,1
84260844,28,19,-1,-1,6
84244195,34,55,-1,-1,6
84252381,51,29,-1,-1,2
84257667,52,25,-1,-1,4
84255351,37,2,-1,-1,7
84260325,37,38,-1,-1,1
84257977,5,7,-1,-1,1
84253166,23,40,-1,-1,0
84258300,42,16,-1,-1,4
84256881,58,28,-1,-1,1
84256257,51,52,-1,-1,3
84260829,32,53,-1,-1,7
84260650,47,49,-1,-1,1
84254487,26,25,-1,-1,0
84260667,25,15,-1,-1,7
84259080,51,7,-1,-1,3
84258794,58,20,-1,-1,6
84260104,23,8,-1,-1,4
84255638,57,3,-1,-1,1
84250980,54,32,-1,-1,2
84260805,21,5,-1,-1,0
84259472,15,45,-1,-1,4
84257428,11,27,-1,-1,5
84260953,0,12,-1,-1,7
84255514,57,40,-1,-1,4
84254762,33,24,-1,-1,3
84257954,12,54,-1,-1,1
84259241,51,9,-1,-1,4
84256404,49,37,-1,-1,0
84260177,47,9,-1,-1,2
84257650,9,3,-1,-1,1
84255876,46,15,-1,-1,4
84258350,12,43,-1,-1,2
84259773,17,4,-1,-1,3
84260066,16,4,-1,-1,7
84260020,51,55,-1,-1,5
84253925,55,7,-1,-1,6
84260606,32,47,-1,-1,6
84252383,5,47,-1,-1,3
84251011,28,15,-1,-1,6
84258750,31,48,-1,-1,2
84255853,10,38,-1,-1,5
84258777,15,14,-1,-1,0
84254972,45,24,-1,-1,7
84259481,57,34,-1,-1,6
84259999,4,47,-1,-1,2
84257434,13,23,-1,-1,1
84255080,34,48,-1,-1,0
84257982,48,19,-1,-1,3
84259976,52,20,-1,-1,7
84260963,47,32,-1,-1,3
84259729,4,41,-1,-1,6
84260791,38,32,-1,-1,5
84260421,17,41,-1,-1,7
84259791,10,55,-1,-1,4
84259072,44,53,-1,-1,1
84257765,53,44,-1,-1,0
84259146,26,15,-1,-1,0
84259037,10,34,-1,-1,3
84255692,3,55,-1,-1,5
84258757,4,27,-1,-1,2
84259937,57,22,-1,-1,1
84258557,41,51,-1,-1,3
84260084,47,31,-1,-1,1
84258734,9,12,-1,-1,5
84258005,12,37,-1,-1,3
84260159,50,49,-1,-1,5
84258222,2,11,-1,-1,7
84250205,10,32,-1,-1,2
84260719,1,9,-1,-1,0
84260495,18,31,-1,-1,2
84253095,11,33,-1,-1,4
84260181,38,39,-1,-1,6
84255183,21,56,-1,-1,1
84260753,7,17,-1,-1,6
84260024,3,49,-1,-1,4
84260365,1,24,-1,-1,5
84258832,44,33,-1,-1,5
84259587,37,58,-1,-1,1
84256732,36,17,-1,-1,4
84260685,17,2,-1,-1,4
84258879,20,15,-1,-1,6
84250194,4,20,-1,-1,0
84259103,52,36,-1,-1,1
84259953,54,54,-1,-1,0
84259628,9,21,-1,-1,1
84259917,36,48,-1,-1,0
84259826,10,20,-1,-1,4
84258724,27,16,-1,-1,0
84259834,0,53,-1,-1,7
84258295,5,37,-1,-1,4
84248733,39,47,-1,-1,1
84258086,58,33,-1,-1,4
84258205,56,36,-1,-1,7
84260886,18,56,-1,-1,4
84251889,46,17,-1,-1,2
84257306,3,38,-1,-1,5
84259759,52,15,-1,-1,5
84259083,40,32,-1,-1,4
84260833,9,30,-1,-1,6
84249186,10,37,-1,-1,1
84258028,55,51,-1,-1,4
84259265,9,37,-1,-1,2
84257634,18,11,-1,-1,0
84260540,11,14,-1,-1,4
84259879,0,52,-1,-1,1
84260193,39,21,-1,-1,4
84254526,23,45,-1,-1,2
84251982,15,58,-1,-1,2
84260320,56,17,-1,-1,1
84255260,29,4,-1,-1,4
84259447,51,28,-1,-1,3
84260994,58,4,-1,-1,3
84258819,3,8,-1,-1,5
84253101,43,33,-1,-1,4
84259327,53,45,-1,-1,0
84260744,2,43,-1,-1,5
84260586,32,5,-1,-1,0
84260813,13,4,-1,-1,0
84259078,38,0,-1,-1,7
84259686,34,10,-1,-1,0
84254289,26,43,-1,-1,4
84260202,7,49,-1,-1,0
84259680,48,24,-1,-1,6
84260221,6,18,-1,-1,2
84253228,37,29,-1,-1,7
84260194,30,24,-1,-1,4
84259403,46,25,-1,-1,2
84258779,36,14,-1,-1,5
84260857,27,50,-1,-1,6
84259455,33,37,-1,-1,1
84251613,38,36,-1,-1,3
84260072,5,58,-1,-1,6
84260831,11,3,-1,-1,4
84258485,8,30,-1,-1,0
84249078,23,50,-1,-1,4
84248426,54,6,-1,-1,7
84260095,40,58,-1,-1,7
84257792,45,15,-1,-1,2
84257750,9,42,-1,-1,5
84258253,32,33,-1,-1,4
84252700,44,22,-1,-1,6
84259576,5,19,-1,-1,3
84258753,21,0,-1,-1,3
84254532,26,9,-1,-1,3
84257640,12,38,-1,-1,3
84259212,45,32,-1,-1,1
84254040,57,42,-1,-1,2
84255474,10,29,-1,-1,2
84259798,6,32,-1,-1,2
84256221,58,12,-1,-1,4
84256928,49,30,-1,-1,4
84252065,27,47,-1,-1,1
84259372,56,13,-1,-1,3
84258813,2,15,-1,-1,0
84258453,50,37,-1,-1,6
84257485,35,0,-1,-1,4
84260787,54,8,-1,-1,3
84257710,2,57,-1,-1,2
84247650,31,26,-1,-1,7
84258348,15,50,-1,-1,7
84257925,47,13,-1,-1,6
84255457,18,58,-1,-1,6
84257846,16,39,-1,-1,4
84256006,17,3,-1,-1,6
84257031,22,43,-1,-1,0
84251097,37,39,-1,-1,2
84254034,26,0,-1,-1,6
84260305,32,35,-1,-1,0
84256940,12,58,-1,-1,5
84258912,42,28,-1,-1,3
84260786,38,30,-1,-1,3
84258851,23,20,-1,-1,1
84255993,34,37,-1,-1,1
84253953,17,1,-1,-1,4
84259264,56,38,-1,-1,0
84258565,57,24,-1,-1,4
84258244,24,9,-1,-1,1
84259123,11,0,-1,-1,1
84259093,45,54,-1,-1,2
84260338,47,44,-1,-1,3
84260147,55,46,-1,-1,5
84260382,38,18,-1,-1,5
84252584,40,46,-1,-1,6
84260773,3,45,-1,-1,1
84259627,42,4,-1,-1,0
84260355,33,21,-1,-1,1
84254685,9,53,-1,-1,4
84258944,32,22,-1,-1,3
84260697,0,45,-1,-1,4
84260265,26,12,-1,-1,7
84259373,53,27,-1,-1,2
84244812,16,37,-1,-1,3
84253672,5,24,-1,-1,3
84255747,54,50,-1,-1,3
84259195,57,39,-1,-1,1
84260088,17,7,-1,-1,3
84258767,46,40,-1,-1,5
84260856,42,30,-1,-1,0
84251881,49,45,-1,-1,6
84255333,38,58,-1,-1,2
84258596,33,12,-1,-1,7
84259577,3,20,-1,-1,0
84260980,46,23,-1,-1,2
84258492,25,47,-1,-1,6
84258950,40,55,-1,-1,0
84260294,55,49,-1,-1,5
84258516,57,38,-1,-1,2
84250426,5,57,-1,-1,0
84259542,38,24,-1,-1,2
84258610,26,18,-1,-1,0
84259784,43,49,-1,-1,1
84258427,18,42,-1,-1,4
84258456,14,53,-1,-1,0
84259980,38,28,-1,-1,3
84258067,48,42,-1,-1,0
84259594,36,18,-1,-1,1
84256416,0,4,-1,-1,6
84254874,14,6,-1,-1,0
84255581,55,23,-1,-1,0
84259224,10,36,-1,-1,2
84260921,33,2,-1,-1,6
84252444,23,0,-1,-1,4
84252741,23,23,-1,-1,4
84260875,12,23,-1,-1,3
84258801,42,5,-1,-1,3
84257521,45,40,-1,-1,1
84260236,41,24,-1,-1,0
84251012,9,47,-1,-1,7
84255751,25,4,-1,-1,5
84254806,29,7,-1,-1,2
84254594,52,27,-1,-1,6
84260729,51,35,-1,-1,0
84253986,16,56,-1,-1,5
84259653,46,35,-1,-1,1
84258675,25,12,-1,-1,2
84256739,46,31,-1,-1,1
84254204,26,8,-1,-1,7
84258913,25,0,-1,-1,5
84260861,11,58,-1,-1,1
84256946,29,40,-1,-1,6
84260995,27,27,-1,-1,2
84259503,13,28,-1,-1,7
84256889,16,2,-1,-1,2
84260799,11,54,-1,-1,6
84259952,18,2,-1,-1,4
84246070,48,55,-1,-1,6
84257303,20,48,-1,-1,0
84256622,33,48,-1,-1,1
84255593,55,48,-1,-1,7
84258917,35,28,-1,-1,0
84259739,41,43,-1,-1,3
84260514,36,34,-1,-1,2
84260644,40,21,-1,-1,4
84260343,38,13,-1,-1,3
84257967,27,21,-1,-1,4
84259435,36,55,-1,-1,2
84260429,0,35,-1,-1,0
84260796,29,29,-1,-1,2
84257608,41,1,-1,-1,1
84258129,28,8,-1,-1,3
84258223,31,5,-1,-1,2
84255804,51,20,-1,-1,3
84259548,18,17,-1,-1,4
84259213,39,10,-1,-1,1
84256153,28,47,-1,-1,4
84260689,49,20,-1,-1,2
84254366,17,21,-1,-1,1
84255687,45,35,-1,-1,4
84254615,19,49,-1,-1,3
84259846,2,2,-1,-1,5
84260278,29,5,-1,-1,2
84254719,23,53,-1,-1,4
84260722,54,51,-1,-1,0
84256475,11,11,-1,-1,3
84253150,33,18,-1,-1,7
84260517,10,6,-1,-1,7
84255290,42,22,-1,-1,1
84254584,10,8,-1,-1,4
84245219,50,27,-1,-1,0
84250590,7,29,-1,-1,3
84254022,47,34,-1,-1,4
84256709,18,38,-1,-1,7
84258657,46,19,-1,-1,6
84255387,21,10,-1,-1,2
84257386,45,38,-1,-1,1
84255704,58,29,-1,-1,3
84260955,3,13,-1,-1,2
84251928,16,28,-1,-1,4
84258137,15,31,-1,-1,0
84259714,0,29,-1,-1,2
84259400,58,0,-1,-1,1
84255015,31,38,-1,-1,0
84260461,36,26,-1,-1,0
84257983,48,20,-1,-1,1
84258855,23,57,-1,-1,4
84260248,53,26,-1,-1,2
84259874,54,55,-1,-1,6
84260836,57,7,-1,-1,4
84254892,15,6,-1,-1,3
84257547,7,21,-1,-1,2
84257808,26,45,-1,-1,4
84260750,4,10,-1,-1,5
84258953,27,45,-1,-1,5
84246957,3,58,-1,-1,1
84259255,44,35,-1,-1,6
84259967,58,40,-1,-1,0
84259507,42,0,-1,-1,5
84259960,51,51,-1,-1,7
84258361,16,54,-1,-1,5
84259902,0,21,-1,-1,2
84260491,41,13,-1,-1,3
84260550,52,4,-1,-1,0
84260782,47,19,-1,-1,6
84259000,1,28,-1,-1,7
84259893,25,41,-1,-1,7
84257371,8,36,-1,-1,5
84259989,3,54,-1,-1,7
84256310,56,2,-1,-1,2
84260456,41,25,-1,-1,7
84260736,15,39,-1,-1,4
84260760,41,19,-1,-1,4
84257277,43,19,-1,-1,0
84257017,34,56,-1,-1,5
84255222,49,33,-1,-1,2
84259813,4,5,-1,-1,0
84259411,57,15,-1,-1,1
84246787,45,30,-1,-1,3
84255426,51,10,-1,-1,3
84253128,23,4,-1,-1,1
84258271,12,6,-1,-1,5
84257283,25,33,-1,-1,3
84260673,12,11,-1,-1,5
84259324,28,6,-1,-1,4
84258498,10,58,-1,-1,1
84255431,13,3,-1,-1,7
84257904,54,46,-1,-1,2
84255427,5,53,-1,-1,5
84259864,26,3,-1,-1,5
84259262,43,32,-1,-1,0
84250879,7,55,-1,-1,2
84260583,4,14,-1,-1,4
84259090,50,17,-1,-1,5
84259475,45,33,-1,-1,2
84259668,44,20,-1,-1,7
84258938,20,36,-1,-1,1
84257576,19,18,-1,-1,0
84250837,23,48,-1,-1,6
84260562,14,26,-1,-1,4
84256398,49,48,-1,-1,3
84258263,48,9,-1,-1,7
84259413,33,3,-1,-1,0
84255206,21,55,-1,-1,0
84258575,31,35,-1,-1,2
84258900,46,27,-1,-1,3
84252410,45,49,-1,-1,3
84255392,44,0,-1,-1,7
84259841,4,0,-1,-1,5
84256345,21,42,-1,-1,0
84249938,36,53,-1,-1,6
84257091,5,22,-1,-1,7
84260012,49,14,-1,-1,2
84256751,41,20,-1,-1,5
84259395,15,17,-1,-1,7
84259199,51,37,-1,-1,4
84259433,48,12,-1,-1,5
84253036,8,49,-1,-1,0
84256551,49,44,-1,-1,6
84259485,26,17,-1,-1,2
84259382,10,40,-1,-1,0
84260692,30,31,-1,-1,6
84257752,38,34,-1,-1,3
84260997,48,57,-1,-1,5
84256466,25,38,-1,-1,0
84260113,36,24,-1,-1,7
84258436,47,46,-1,-1,5
84253803,41,46,-1,-1,6
84259579,7,0,-1,-1,7
84259335,47,7,-1,-1,5
84260077,16,45,-1,-1,7
84258856,8,54,-1,-1,6
84256577,16,13,-1,-1,2
84260935,41,35,-1,-1,0
84252882,40,20,-1,-1,0
84258755,52,3,-1,-1,6
84259185,31,29,-1,-1,0
84260447,4,55,-1,-1,1
84253040,3,56,-1,-1,3
84257251,25,55,-1,-1,2
84250838,29,24,-1,-1,6
84252136,34,12,-1,-1,0
84259649,27,36,-1,-1,2
84258614,45,22,-1,-1,6
84259543,52,51,-1,-1,0
84259766,34,54,-1,-1,3
84259896,5,29,-1,-1,1
84259877,51,46,-1,-1,0
84258563,19,34,-1,-1,4
84260474,22,13,-1,-1,6
84252763,15,42,-1,-1,4
84260357,3,33,-1,-1,2
84260908,54,2,-1,-1,0
84252670,29,23,-1,-1,3
84258897,17,9,-1,-1,6
84260542,57,48,-1,-1,4
84258680,53,1,-1,-1,6
84257351,48,6,-1,-1,4
84259295,39,51,-1,-1,2
84259853,55,43,-1,-1,4
84239493,6,19,-1,-1,7
84258628,48,8,-1,-1,0
84255348,1,39,-1,-1,5
84257777,25,2,-1,-1,4
84260591,41,26,-1,-1,6
84259774,57,9,-1,-1,5
84255316,2,42,-1,-1,3
84259830,21,29,-1,-1,6
84259240,17,26,-1,-1,3
84256283,6,0,-1,-1,2
84259622,32,41,-1,-1,3
84255732,6,6,-1,-1,1
84259642,38,19,-1,-1,5
84251604,26,14,-1,-1,1
84260136,57,0,-1,-1,5
84259206,2,45,-1,-1,3
84257860,31,9,-1,-1,1
84257256,9,20,-1,-1,2
84255889,44,31,-1,-1,1
84259164,40,40,-1,-1,7
84258249,39,17,-1,-1,2
84259456,4,35,-1,-1,5
84251238,5,39,-1,-1,0
84256576,47,12,-1,-1,0
84260046,4,28,-1,-1,4
84260410,0,20,-1,-1,6
84259379,24,6,-1,-1,6
84259458,41,4,-1,-1,7
84247571,26,20,-1,-1,1
84259135,16,52,-1,-1,6
84258664,53,57,-1,-1,6
84254435,7,27,-1,-1,0
84259140,14,54,-1,-1,1
84258157,21,7,-1,-1,4
84259182,4,43,-1,-1,2
84257106,32,37,-1,-1,6
84247257,2,10,-1,-1,6
84260120,9,58,-1,-1,4
84260683,24,17,-1,-1,1
84255749,33,7,-1,-1,5
84256901,44,54,-1,-1,5
84260523,49,9,-1,-1,0
84257227,44,45,-1,-1,0
84252244,31,21,-1,-1,3
84259636,52,22,-1,-1,0
84260914,30,6,-1,-1,2
84260049,12,16,-1,-1,7
84259654,43,50,-1,-1,5
84257493,26,56,-1,-1,1
84246822,43,18,-1,-1,4
84258605,29,31,-1,-1,6
84253475,56,49,-1,-1,5
84258174,51,2,-1,-1,3
84257706,25,51,-1,-1,6
84258594,2,13,-1,-1,6
84259307,43,56,-1,-1,0
84260795,8,6,-1,-1,6
84260674,20,51,-1,-1,5
84260668,43,6,-1,-1,7
84255766,0,7,-1,-1,5
84248467,39,28,-1,-1,6
84257543,10,3,-1,-1,3
84258982,32,50,-1,-1,0
84254485,42,55,-1,-1,0
84255880,16,53,-1,-1,1
84259740,56,4,-1,-1,6
84257950,10,46,-1,-1,4
84258031,12,36,-1,-1,1
84246869,9,2,-1,-1,0
84256779,42,14,-1,-1,6
84254916,11,42,-1,-1,1
84255823,3,40,-1,-1,2
84259152,40,36,-1,-1,4
84259525,0,0,-1,-1,4
84254971,53,2,-1,-1,4
84252274,18,26,-1,-1,6
84257141,42,37,-1,-1,0
84258377,37,15,-1,-1,1
84256315,47,55,-1,-1,1
84260900,4,4,-1,-1,2
84260250,47,42,-1,-1,0
84249530,9,50,-1,-1,2
84249107,28,16,-1,-1,5
84260960,13,25,-1,-1,5
84257838,44,27,-1,-1,4
84260138,53,9,-1,-1,4
84254310,20,5,-1,-1,0
84255164,54,4,-1,-1,4
84258021,1,56,-1,-1,4
84256747,20,16,-1,-1,0
84253550,38,20,-1,-1,1
84258665,13,19,-1,-1,4
84257551,34,8,-1,-1,7
84260157,40,0,-1,-1,5
84260022,5,42,-1,-1,4
84257202,41,31,-1,-1,5
84260093,1,36,-1,-1,0
84259513,56,43,-1,-1,4
84260828,14,30,-1,-1,2
84260747,3,9,-1,-1,7
84260134,5,25,-1,-1,2
84258595,24,34,-1,-1,6
84260464,21,38,-1,-1,3
84260737,15,9,-1,-1,4
84256806,26,30,-1,-1,1
84245282,16,26,-1,-1,0
84257441,56,39,-1,-1,3
84260696,12,56,-1,-1,5
84255556,9,44,-1,-1,6
84258608,4,11,-1,-1,7
84260162,35,46,-1,-1,7
84257481,14,43,-1,-1,1
84260149,32,32,-1,-1,2
84260867,21,18,-1,-1,1
84259500,10,14,-1,-1,4
84260929,49,2,-1,-1,7
84252140,49,29,-1,-1,1
84260371,55,20,-1,-1,4
84251931,49,40,-1,-1,5
84257951,40,29,-1,-1,4
84253299,38,48,-1,-1,6
84259938,15,32,-1,-1,2
84248299,16,48,-1,-1,6
84259620,42,47,-1,-1,1
84260263,43,53,-1,-1,6
84260749,35,14,-1,-1,5
84254921,19,39,-1,-1,4
84260137,19,33,-1,-1,3
84260468,38,27,-1,-1,7
84252735,15,52,-1,-1,1
84259673,48,15,-1,-1,5
84260068,21,53,-1,-1,2
84260462,39,27,-1,-1,7
84254752,36,15,-1,-1,7
84255425,43,5,-1,-1,6
84255553,8,22,-1,-1,3
84259807,2,27,-1,-1,1
84254517,50,36,-1,-1,0
84257590,26,38,-1,-1,5
84259085,28,42,-1,-1,6
84259928,24,28,-1,-1,1
84256062,50,11,-1,-1,2
84257104,24,53,-1,-1,3
84260015,19,45,-1,-1,7
84258993,37,4,-1,-1,4
84254088,25,52,-1,-1,5
84260721,57,18,-1,-1,0
84255315,48,5,-1,-1,0
84259865,2,24,-1,-1,1
84252255,45,23,-1,-1,4
84257503,55,45,-1,-1,2
84257293,31,34,-1,-1,6
84259540,37,49,-1,-1,2
84258550,15,40,-1,-1,4
84255623,24,25,-1,-1,4
84252267,19,42,-1,-1,7
84260865,47,28,-1,-1,7
84260940,27,25,-1,-1,6
84255074,46,51,-1,-1,7
84260592,24,27,-1,-1,5
84258042,1,3,-1,-1,2
84259019,29,50,-1,-1,7
84256829,29,12,-1,-1,1
84260211,39,34,-1,-1,6
84257769,58,36,-1,-1,7
84254276,29,9,-1,-1,7
84251839,5,8,-1,-1,3
84260675,32,30,-1,-1,4
84251514,37,53,-1,-1,6
84260377,30,52,-1,-1,0
84257484,17,16,-1,-1,4
84257201,50,25,-1,-1,0
84259239,20,28,-1,-1,3
84258204,46,39,-1,-1,4
84260566,7,13,-1,-1,4
84259856,11,31,-1,-1,0
84260187,32,1,-1,-1,7
84258729,32,12,-1,-1,0
84259257,4,36,-1,-1,1
84256443,2,46,-1,-1,1
84259855,19,15,-1,-1,7
84259304,14,56,-1,-1,5
84257943,1,27,-1,-1,2
84259177,12,57,-1,-1,1
84257418,39,3,-1,-1,1
84253324,58,21,-1,-1,4
84260618,10,23,-1,-1,6
84255005,3,44,-1,-1,3
84260259,46,11,-1,-1,2
84259516,11,37,-1,-1,1
84260368,41,17,-1,-1,2
84260711,13,18,-1,-1,3
84260610,10,17,-1,-1,1
84249146,57,49,-1,-1,3
84259920,47,21,-1,-1,1
84255345,15,23,-1,-1,7
84256998,24,31,-1,-1,0
84257713,6,37,-1,-1,0
84259588,43,9,-1,-1,1
84259934,50,0,-1,-1,5
84252425,45,1,-1,-1,7
84257758,22,41,-1,-1,1
84260951,4,51,-1,-1,3
84260810,36,57,-1,-1,1
84258406,11,4,-1,-1,1
84260277,28,25,-1,-1,5
84256228,27,22,-1,-1,0
84260489,9,6,-1,-1,6
84257674,51,21,-1,-1,0
84260075,18,13,-1,-1,5
84258684,20,8,-1,-1,4
84259476,24,52,-1,-1,7
84259501,37,23,-1,-1,2
84259885,8,4,-1,-1,1
84259191,7,23,-1,-1,6
84260563,18,24,-1,-1,5
84259610,14,5,-1,-1,0
84260185,43,15,-1,-1,1
84254326,33,51,-1,-1,3
84260176,4,39,-1,-1,5
84257149,54,35,-1,-1,3
84257648,54,25,-1,-1,7
84257326,21,25,-1,-1,1
84256329,13,57,-1,-1,0
84259366,52,46,-1,-1,5
84259148,7,47,-1,-1,5
84257373,15,24,-1,-1,1
84258236,35,2,-1,-1,7
84260151,28,23,-1,-1,5
84260074,44,40,-1,-1,1
84254239,5,52,-1,-1,5
84258317,51,11,-1,-1,6
84254618,19,44,-1,-1,0
84253074,42,38,-1,-1,6
84260155,54,7,-1,-1,5
84254281,47,11,-1,-1,4
84258145,55,15,-1,-1,6
84259645,24,41,-1,-1,7
84257542,32,0,-1,-1,7
84259518,7,32,-1,-1,4
84258150,7,19,-1,-1,0
84260705,27,6,-1,-1,6
84260403,40,17,-1,-1,6
84257607,53,29,-1,-1,1
84260653,48,17,-1,-1,2
84257911,35,40,-1,-1,3
84252482,48,22,-1,-1,4
84260648,58,23,-1,-1,0
84255739,54,15,-1,-1,5
84260246,18,23,-1,-1,6
84259828,31,43,-1,-1,0
84256436,49,19,-1,-1,6
84260427,49,18,-1,-1,5
84260033,45,48,-1,-1,2
84259737,29,14,-1,-1,5
84258848,56,32,-1,-1,1
84258411,16,17,-1,-1,4
84256368,26,51,-1,-1,5
84253713,25,25,-1,-1,5
84258478,28,38,-1,-1,0
84260262,18,9,-1,-1,1
84260700,22,0,-1,-1,7
84260541,0,36,-1,-1,4
84250087,24,32,-1,-1,5
84256887,44,57,-1,-1,1
84259973,30,49,-1,-1,2
84259215,45,42,-1,-1,5
84255512,37,11,-1,-1,3
84256721,9,29,-1,-1,7
84260423,50,53,-1,-1,2
84259758,17,20,-1,-1,1
84259618,34,32,-1,-1,5
84260252,47,57,-1,-1,0
84260083,21,43,-1,-1,6
84259410,42,36,-1,-1,7
84260003,19,19,-1,-1,4
84256300,28,3,-1,-1,7
84259065,30,39,-1,-1,2
84259725,17,36,-1,-1,4
84251213,18,54,-1,-1,6
84260481,6,3,-1,-1,6
84256288,45,6,-1,-1,4
84257668,0,39,-1,-1,0
84260631,44,55,-1,-1,3
84260849,35,17,-1,-1,2
84258760,40,14,-1,-1,1
84258156,56,14,-1,-1,4
84256571,40,6,-1,-1,7
84258078,37,13,-1,-1,0
84260842,52,12,-1,-1,0
84253007,37,18,-1,-1,1
84257916,54,3,-1,-1,3
84259460,51,49,-1,-1,0
84257409,43,36,-1,-1,2
84258815,54,11,-1,-1,0
84258844,20,14,-1,-1,4
84258321,7,58,-1,-1,0
84256558,36,39,-1,-1,2
84260175,9,49,-1,-1,7
84260898,49,57,-1,-1,0
84259084,22,17,-1,-1,5
84245225,8,23,-1,-1,4
84254860,52,6,-1,-1,6
84251163,11,47,-1,-1,3
84260210,36,16,-1,-1,1
84260615,47,47,-1,-1,0
84252557,42,32,-1,-1,6
84260090,7,34,-1,-1,4
84260859,5,21,-1,-1,2
84251885,50,55,-1,-1,1
84260189,0,17,-1,-1,0
84257766,22,21,-1,-1,0
84259027,34,50,-1,-1,1
84260538,15,29,-1,-1,3
84259358,28,28,-1,-1,6
84258242,49,7,-1,-1,3
84253451,5,11,-1,-1,2
84257763,24,50,-1,-1,6
84258807,8,18,-1,-1,1
84251507,32,20,-1,-1,7
84256885,23,28,-1,-1,3
84259168,30,58,-1,-1,4
84255582,36,4,-1,-1,1
84254224,42,1,-1,-1,0
84255839,17,24,-1,-1,0
84260973,6,31,-1,-1,2
84260512,58,6,-1,-1,6
84258082,34,34,-1,-1,1
84260679,14,40,-1,-1,1
84260389,45,12,-1,-1,4
84258068,16,43,-1,-1,1
84253555,27,38,-1,-1,7
84253918,48,44,-1,-1,5
84256835,11,41,-1,-1,4
84258817,1,52,-1,-1,1
84259559,2,3,-1,-1,5
84255906,32,29,-1,-1,5
84258946,48,48,-1,-1,4
84257499,25,36,-1,-1,6
84260080,33,30,-1,-1,2
84259602,20,6,-1,-1,2
84256676,21,35,-1,-1,6
84244247,36,35,-1,-1,5
84259662,41,6,-1,-1,5
84257869,19,4,-1,-1,6
84258459,45,9,-1,-1,6
84258907,50,28,-1,-1,1
84259566,33,43,-1,-1,5
84259878,5,48,-1,-1,3
84251898,36,10,-1,-1,2
84247599,21,31,-1,-1,5
84250019,19,40,-1,-1,7
84254970,28,5,-1,-1,7
84259315,40,49,-1,-1,6
84258933,22,23,-1,-1,4
84260469,28,57,-1,-1,0
84259047,4,50,-1,-1,0
84260482,6,2,-1,-1,7
84256378,50,5,-1,-1,0
84258796,12,13,-1,-1,1
84260607,36,49,-1,-1,4
84260404,11,6,-1,-1,2
84254960,48,27,-1,-1,4
84260353,57,1,-1,-1,3
84260063,52,14,-1,-1,5
84258104,40,1,-1,-1,1
84259838,29,16,-1,-1,5
84260160,45,58,-1,-1,5
84256718,31,7,-1,-1,0
84256502,49,50,-1,-1,7
84259292,38,55,-1,-1,0
84254989,54,22,-1,-1,4
84260647,47,24,-1,-1,0
84259631,41,9,-1,-1,6
84253322,37,52,-1,-1,4
84258922,30,13,-1,-1,6
84258314,25,44,-1,-1,6
84258540,49,54,-1,-1,0
84256752,20,53,-1,-1,2
84260167,35,26,-1,-1,1
84259186,33,23,-1,-1,4
84260261,36,28,-1,-1,4
84253763,31,46,-1,-1,7
84260709,39,54,-1,-1,2
84259741,31,45,-1,-1,3
84259144,28,34,-1,-1,4
84260397,42,3,-1,-1,1
84258618,5,49,-1,-1,4
84259790,14,32,-1,-1,7
84260479,35,21,-1,-1,1
84259904,12,46,-1,-1,4
84252195,25,1,-1,-1,3
84259612,6,4,-1,-1,3
84254561,17,10,-1,-1,5
84258616,38,43,-1,-1,3
84260522,15,48,-1,-1,5
84260406,28,52,-1,-1,1
84257482,20,52,-1,-1,1
84260227,5,31,-1,-1,1
84258920,28,27,-1,-1,2
84258932,23,33,-1,-1,0
84250978,21,22,-1,-1,7
84257619,52,9,-1,-1,5
84257539,41,45,-1,-1,7
84255940,34,23,-1,-1,3
84259214,30,0,-1,-1,7
84257995,4,29,-1,-1,1
84254679,20,29,-1,-1,6
84256197,12,25,-1,-1,6
84259829,22,49,-1,-1,6
84256309,21,47,-1,-1,2
84258440,58,3,-1,-1,3
84252517,6,7,-1,-1,1
84255784,32,34,-1,-1,2
84258859,11,5,-1,-1,5
84255986,3,4,-1,-1,1
84260913,5,40,-1,-1,4
84259088,32,15,-1,-1,4
84255439,35,6,-1,-1,0
84258661,58,19,-1,-1,0
84255258,3,37,-1,-1,6
84260081,7,15,-1,-1,6
84260413,21,52,-1,-1,6
84256744,12,2,-1,-1,2
84254345,38,31,-1,-1,0
84259623,23,6,-1,-1,1
84258089,7,24,-1,-1,0
84255418,4,21,-1,-1,1
84256052,29,51,-1,-1,3
84260477,6,44,-1,-1,6
84257337,43,7,-1,-1,1
84259696,15,43,-1,-1,7
84260626,29,54,-1,-1,5
84253978,8,8,-1,-1,3
84260716,11,7,-1,-1,5
84246639,31,18,-1,-1,3
84259936,42,19,-1,-1,4
84257194,23,36,-1,-1,4
84260385,37,17,-1,-1,1
84259270,6,56,-1,-1,2
84260531,52,37,-1,-1,3
84260030,28,54,-1,-1,6
84260608,34,13,-1,-1,7
84251734,29,35,-1,-1,7
84255827,13,48,-1,-1,5
84260594,12,17,-1,-1,6
84260362,55,5,-1,-1,2
84256118,43,40,-1,-1,1
84259442,37,7,-1,-1,2
84253987,6,24,-1,-1,3
84258434,56,47,-1,-1,0
84258955,31,47,-1,-1,5
84260774,42,45,-1,-1,7
84259915,15,2,-1,-1,3
84260111,39,13,-1,-1,3
84257480,27,10,-1,-1,7
84260785,57,32,-1,-1,0
84246196,8,3,-1,-1,7
84260110,31,39,-1,-1,4
84260576,40,7,-1,-1,0
84260684,38,44,-1,-1,1
84256454,56,42,-1,-1,2
84254704,13,49,-1,-1,4
84256193,28,43,-1,-1,1
84254729,29,45,-1,-1,3
84257534,31,15,-1,-1,6
84257289,12,32,-1,-1,3
84260416,40,19,-1,-1,0
84260223,24,23,-1,-1,2
84259923,33,20,-1,-1,4
84255545,32,18,-1,-1,5
84256656,17,58,-1,-1,3
84259544,23,17,-1,-1,4
84256807,29,56,-1,-1,6
84246690,48,31,-1,-1,3
84259237,16,22,-1,-1,7
84258812,7,12,-1,-1,3
84260924,8,53,-1,-1,1
84258559,46,22,-1,-1,1
84260445,44,9,-1,-1,3
84260132,40,39,-1,-1,1
84255505,5,9,-1,-1,0
84260702,14,38,-1,-1,6
84259555,46,26,-1,-1,3
84259184,20,31,-1,-1,4
84260931,57,17,-1,-1,1
84258872,31,20,-1,-1,2
84260359,57,14,-1,-1,5
84260624,45,8,-1,-1,4
84255297,40,4,-1,-1,6
84258542,58,17,-1,-1,0
84259687,16,25,-1,-1,5
84259988,18,53,-1,-1,2
84260772,47,37,-1,-1,1
84258505,25,57,-1,-1,3
84256429,41,52,-1,-1,6
84245982,47,26,-1,-1,6
84255068,44,56,-1,-1,7
84248236,58,52,-1,-1,3
84258050,42,27,-1,-1,5
84260570,11,17,-1,-1,4
84259925,6,28,-1,-1,2
84257184,22,50,-1,-1,1
84259682,26,58,-1,-1,1
84260560,17,38,-1,-1,7
84256629,50,26,-1,-1,1
84259136,22,42,-1,-1,0
84259818,25,26,-1,-1,0
84258318,19,24,-1,-1,3
84255089,41,58,-1,-1,0
84259204,25,48,-1,-1,6
84253936,52,58,-1,-1,4
84260605,22,8,-1,-1,6
84260369,6,57,-1,-1,4
84258853,22,31,-1,-1,6
84246377,1,7,-1,-1,2
84260094,41,16,-1,-1,3
84259690,54,41,-1,-1,1
84253476,28,53,-1,-1,3
84258252,20,35,-1,-1,4
84260199,2,6,-1,-1,6
84259907,12,19,-1,-1,5
84260044,38,52,-1,-1,6
84246685,14,35,-1,-1,0
84260962,19,9,-1,-1,1
84257417,13,31,-1,-1,2
84256756,8,10,-1,-1,3
84259469,44,34,-1,-1,2
84257420,15,1,-1,-1,1
84257189,4,53,-1,-1,3
84259672,30,3,-1,-1,2
84255533,13,38,-1,-1,5
84255808,35,30,-1,-1,4
84260040,57,23,-1,-1,1
84253123,3,22,-1,-1,1
84249216,57,28,-1,-1,2
84258543,46,2,-1,-1,7
84258994,52,52,-1,-1,1
84259095,13,46,-1,-1,7
84253577,19,11,-1,-1,3
84251949,21,45,-1,-1,6
84257598,4,56,-1,-1,7
84255568,28,17,-1,-1,0
84254477,54,36,-1,-1,1
84260142,9,0,-1,-1,7
84259490,36,44,-1,-1,1
84256803,8,41,-1,-1,4
84258704,50,42,-1,-1,2
84257390,8,9,-1,-1,7
84255076,33,56,-1,-1,7
84256582,47,58,-1,-1,0
84258947,29,25,-1,-1,7
84260172,5,35,-1,-1,1
84254843,17,17,-1,-1,1
84258768,16,5,-1,-1,7
84260256,5,18,-1,-1,5
84260727,55,11,-1,-1,2
84259248,11,10,-1,-1,1
84257696,44,8,-1,-1,0
84256874,5,26,-1,-1,4
84254520,2,31,-1,-1,4
84258677,7,10,-1,-1,6
84255729,55,28,-1,-1,3
84258327,34,24,-1,-1,3
84260654,46,0,-1,-1,5
84257801,7,33,-1,-1,2
84260989,17,30,-1,-1,4
84259130,4,40,-1,-1,7
84259421,33,54,-1,-1,1
84259972,49,41,-1,-1,0
84255964,1,50,-1,-1,0
84257980,40,35,-1,-1,0
84255408,38,56,-1,-1,3
84259115,35,9,-1,-1,7
84255098,8,33,-1,-1,4
84259733,20,49,-1,-1,7
84258834,17,29,-1,-1,5
84257029,37,34,-1,-1,4
84252799,52,7,-1,-1,3
84255405,34,20,-1,-1,1
84257592,26,57,-1,-1,2
84260484,47,50,-1,-1,1
84254103,44,30,-1,-1,0
84260116,24,57,-1,-1,2
84257628,33,46,-1,-1,5
84258749,50,31,-1,-1,5
84259364,24,12,-1,-1,6
84255270,22,53,-1,-1,3
84254823,43,4,-1,-1,1
84257486,13,26,-1,-1,4
84259650,38,50,-1,-1,2
84251444,38,35,-1,-1,7
84257803,42,56,-1,-1,2
84244071,10,0,-1,-1,4
84255871,46,58,-1,-1,5
84258613,43,3,-1,-1,2
84259674,38,21,-1,-1,6
84260863,24,1,-1,-1,0
84259695,55,55,-1,-1,1
84260511,1,35,-1,-1,2
84252351,22,7,-1,-1,6
84260781,17,27,-1,-1,1
84260411,0,31,-1,-1,4
84260853,30,36,-1,-1,0
84260660,29,28,-1,-1,7
84256958,9,41,-1,-1,2
84258353,58,22,-1,-1,1
84260797,53,6,-1,-1,6
84257549,28,31,-1,-1,7
84260490,57,4,-1,-1,4
84259723,4,45,-1,-1,7
84259387,3,21,-1,-1,7
84259558,9,9,-1,-1,2
84258934,47,0,-1,-1,6
84260438,54,18,-1,-1,3
84257340,9,16,-1,-1,1
84259931,38,5,-1,-1,3
84254527,29,43,-1,-1,2
84260733,51,44,-1,-1,1
84260776,46,20,-1,-1,7
84259508,33,35,-1,-1,0
84256725,23,1,-1,-1,4
84259203,4,42,-1,-1,6
84255039,30,4,-1,-1,7
84259171,10,44,-1,-1,7
84256409,46,12,-1,-1,6
84258275,33,49,-1,-1,3
84260297,56,23,-1,-1,3
84250338,18,15,-1,-1,6
84255646,13,37,-1,-1,6
84259036,58,16,-1,-1,0
84256242,15,47,-1,-1,1
84257647,3,27,-1,-1,0
84259666,31,4,-1,-1,6
84253501,3,42,-1,-1,2
84260585,37,31,-1,-1,2
84260959,21,9,-1,-1,0
84257722,42,9,-1,-1,1
84257384,25,21,-1,-1,1
84260815,20,27,-1,-1,5
84260363,20,13,-1,-1,7
84258976,55,37,-1,-1,7
84258941,19,14,-1,-1,0
84260603,17,43,-1,-1,4
84257121,44,24,-1,-1,2
84258759,58,9,-1,-1,6
84259785,31,17,-1,-1,0
84249077,12,42,-1,-1,0
84259323,44,38,-1,-1,1
84260444,58,34,-1,-1,4
84250090,39,46,-1,-1,5
84258718,57,2,-1,-1,6
84251579,37,30,-1,-1,4
84257883,26,4,-1,-1,0
84257412,56,22,-1,-1,2
84255908,46,56,-1,-1,0
84258382,32,4,-1,-1,2
84258452,3,48,-1,-1,4
84260820,41,40,-1,-1,3
84257075,15,21,-1,-1,1
84257975,27,4,-1,-1,1
84259824,27,5,-1,-1,4
84257959,43,45,-1,-1,6
84260348,0,30,-1,-1,7
84260735,55,41,-1,-1,7
84256088,10,31,-1,-1,2
84257035,34,38,-1,-1,2
84255538,55,44,-1,-1,7
84260632,0,24,-1,-1,4
84245138,44,50,-1,-1,6
84260463,10,1,-1,-1,3
84259113,54,44,-1,-1,4
84258656,1,10,-1,-1,5
84253755,39,56,-1,-1,6
84258261,0,25,-1,-1,3
84253046,27,58,-1,-1,6
84258562,24,14,-1,-1,2
84254800,31,12,-1,-1,1
84256964,2,17,-1,-1,2
84256890,38,14,-1,-1,7
84260923,50,15,-1,-1,6
84250661,55,21,-1,-1,0
84254400,5,50,-1,-1,1
84251104,28,40,-1,-1,3
84252716,32,46,-1,-1,5
84259007,29,44,-1,-1,2
84257657,18,55,-1,-1,7
84260339,50,43,-1,-1,6
84259512,30,32,-1,-1,1
84260767,29,39,-1,-1,0
84258383,14,42,-1,-1,6
84259205,1,8,-1,-1,5
84258977,48,56,-1,-1,0
84257080,8,13,-1,-1,5
84260841,54,30,-1,-1,5
84258980,55,54,-1,-1,1
84259342,46,55,-1,-1,1
84260905,21,6,-1,-1,2
84258380,30,25,-1,-1,2
84260617,32,49,-1,-1,3
84260715,39,48,-1,-1,6
84259004,32,7,-1,-1,0
84253372,6,58,-1,-1,2
84255342,34,16,-1,-1,6
84259547,38,15,-1,-1,5
84258625,55,38,-1,-1,4
84256604,1,20,-1,-1,1
84260945,43,13,-1,-1,2
84259497,52,10,-1,-1,0
84259823,51,27,-1,-1,3
84259187,2,32,-1,-1,0
84256938,32,58,-1,-1,3
84256397,10,49,-1,-1,5
84257865,25,5,-1,-1,6
84260809,21,44,-1,-1,4
84259108,14,11,-1,-1,3
84254943,18,34,-1,-1,6
84259259,19,55,-1,-1,7
84256682,37,3,-1,-1,2
84259226,52,30,-1,-1,1
84260892,20,40,-1,-1,3
84260748,27,18,-1,-1,2
84244957,21,28,-1,-1,1
84257479,10,18,-1,-1,6
84260449,18,45,-1,-1,7
84258168,25,23,-1,-1,2
84255339,37,43,-1,-1,1
84258501,48,39,-1,-1,7
84259978,53,21,-1,-1,0
84260326,32,23,-1,-1,4
84254380,28,36,-1,-1,2
84258190,48,16,-1,-1,2
84260824,27,42,-1,-1,6
84259280,35,19,-1,-1,4
84257754,37,37,-1,-1,3
84259700,17,34,-1,-1,3
84258668,8,51,-1,-1,1
84256778,42,41,-1,-1,4
84259949,53,32,-1,-1,7
84258101,46,45,-1,-1,2
84260912,5,43,-1,-1,4
84259851,4,46,-1,-1,7
84255269,42,53,-1,-1,6
84260897,4,52,-1,-1,5
84259439,20,10,-1,-1,4
84259557,3,35,-1,-1,5
84256201,14,12,-1,-1,0
84252448,19,57,-1,-1,6
84258968,53,28,-1,-1,7
84253487,30,29,-1,-1,3
84257530,13,41,-1,-1,7
84260480,1,14,-1,-1,7
84259024,19,0,-1,-1,6
84258251,48,1,-1,-1,0
84259625,58,25,-1,-1,0
84260455,10,7,-1,-1,4
84259793,23,55,-1,-1,2
84258736,31,6,-1,-1,5
84259303,36,58,-1,-1,5
84250160,46,29,-1,-1,2
84257432,46,32,-1,-1,3
84260982,6,9,-1,-1,5
84259681,18,47,-1,-1,7
84256524,44,14,-1,-1,4
84260470,15,51,-1,-1,5
84259836,8,0,-1,-1,3
84258709,3,11,-1,-1,5
84254025,36,20,-1,-1,0
84250974,53,16,-1,-1,6
84259494,9,43,-1,-1,7
84259246,30,35,-1,-1,0
84257453,39,32,-1,-1,6
84253888,26,54,-1,-1,2
84260704,14,44,-1,-1,2
84256238,6,16,-1,-1,0
84259017,21,46,-1,-1,4
84260055,21,19,-1,-1,7
84260746,55,4,-1,-1,0
84256843,19,47,-1,-1,0
84257367,18,33,-1,-1,0
84260364,6,53,-1,-1,1
84259825,52,13,-1,-1,5
84258367,45,4,-1,-1,6
84258602,8,25,-1,-1,6
84260293,50,22,-1,-1,3
84257365,2,0,-1,-1,3
84259336,38,45,-1,-1,5
84255597,20,0,-1,-1,1
84259430,13,30,-1,-1,2
84250507,56,26,-1,-1,0
84256798,21,12,-1,-1,4
84243487,54,58,-1,-1,6
84255806,13,9,-1,-1,3
84260903,41,49,-1,-1,3
84260642,13,13,-1,-1,7
84258580,35,35,-1,-1,0
84256623,3,18,-1,-1,3
84260302,47,40,-1,-1,7
84259755,2,39,-1,-1,7
84260757,56,46,-1,-1,4
84260171,9,51,-1,-1,5
84259735,37,27,-1,-1,3
84259924,15,18,-1,-1,2
84252568,29,34,-1,-1,7
84259334,14,47,-1,-1,0
84257561,39,7,-1,-1,2
84260801,3,19,-1,-1,0
84256266,6,14,-1,-1,2
84257601,44,49,-1,-1,0
84260101,54,17,-1,-1,2
84259532,48,54,-1,-1,0
84253187,50,10,-1,-1,5
84257056,38,49,-1,-1,2
84258175,51,50,-1,-1,4
84258423,55,18,-1,-1,1
84260267,57,35,-1,-1,6
84260045,28,10,-1,-1,7
84258528,4,22,-1,-1,1
84254836,41,44,-1,-1,7
84260232,39,26,-1,-1,5
84250488,6,47,-1,-1,6
84248787,27,12,-1,-1,4
84258910,56,52,-1,-1,3
84258765,32,3,-1,-1,7
84245559,23,27,-1,-1,4
84260611,35,23,-1,-1,5
84255775,31,3,-1,-1,2
84259504,13,20,-1,-1,3
84257564,30,16,-1,-1,5
84260636,27,33,-1,-1,6
84259608,26,47,-1,-1,7
84257290,38,4,-1,-1,6
84251987,52,31,-1,-1,4
84260869,23,49,-1,-1,5
84259175,39,16,-1,-1,0
84260571,36,11,-1,-1,0
84258555,2,19,-1,-1,7
84259870,41,0,-1,-1,7
84259578,38,2,-1,-1,2
84260910,0,15,-1,-1,6
84256573,50,20,-1,-1,2
84259337,44,19,-1,-1,0
84259564,17,28,-1,-1,6
84259253,53,11,-1,-1,6
84259801,22,4,-1,-1,2
84259750,49,6,-1,-1,7
84258112,25,40,-1,-1,7
84259599,53,33,-1,-1,2
84248507,55,24,-1,-1,7
84257006,28,12,-1,-1,1
84259491,13,22,-1,-1,2
84257182,30,33,-1,-1,4
84260331,1,57,-1,-1,1
84254570,26,48,-1,-1,3
84257955,12,7,-1,-1,3
84258346,35,24,-1,-1,0
84255340,37,35,-1,-1,2
84260289,17,40,-1,-1,4
84260581,29,1,-1,-1,2
84260939,51,25,-1,-1,0
84260002,33,5,-1,-1,5
84258745,12,44,-1,-1,2
84260521,26,29,-1,-1,0
84260028,32,17,-1,-1,5
84251910,2,23,-1,-1,3
84259753,54,29,-1,-1,5
84260984,18,52,-1,-1,0
84255162,24,46,-1,-1,5
84259401,36,36,-1,-1,1
84257715,53,35,-1,-1,6
84260494,7,50,-1,-1,3
84254973,14,48,-1,-1,6
84259959,18,41,-1,-1,0
84259684,36,41,-1,-1,4
84258960,8,20,-1,-1,1
84253122,28,56,-1,-1,2
84249467,10,28,-1,-1,4
84259040,53,39,-1,-1,4
84258378,30,50,-1,-1,5
84260060,37,25,-1,-1,6
84257433,55,10,-1,-1,1
84255903,4,44,-1,-1,3
84258508,18,21,-1,-1,1
84256254,1,34,-1,-1,1
84255544,15,36,-1,-1,3
84260285,47,56,-1,-1,5
84257400,28,32,-1,-1,3
84258426,5,15,-1,-1,7
84260691,3,17,-1,-1,6
84258715,2,54,-1,-1,1
84253103,14,2,-1,-1,4
84258936,14,55,-1,-1,2
84255176,45,34,-1,-1,1
84260558,7,52,-1,-1,2
84258400,28,18,-1,-1,6
84257595,0,56,-1,-1,2
84260738,50,1,-1,-1,4
84241142,29,26,-1,-1,5
84258063,55,17,-1,-1,7
84258355,0,28,-1,-1,5
84245444,47,30,-1,-1,6
84260235,33,27,-1,-1,3
84260042,55,13,-1,-1,1
84260907,28,22,-1,-1,6
84259867,22,45,-1,-1,5
84260317,6,46,-1,-1,7
84257988,36,19,-1,-1,6
84257348,20,11,-1,-1,4
84257474,51,16,-1,-1,6
84260496,13,39,-1,-1,2
84247771,23,3,-1,-1,1
84255656,0,33,-1,-1,3
84260071,31,54,-1,-1,6
84260242,38,57,-1,-1,0
84258454,55,50,-1,-1,7
84258974,57,27,-1,-1,6
84258451,40,42,-1,-1,4
84260472,9,34,-1,-1,4
84257812,1,30,-1,-1,6
84259054,2,4,-1,-1,5
84257294,56,54,-1,-1,5
84256896,56,53,-1,-1,1
84252895,27,26,-1,-1,3
84258600,34,43,-1,-1,1
84259839,31,42,-1,-1,2
84260670,22,51,-1,-1,2
84259077,43,17,-1,-1,4
84258524,5,44,-1,-1,4
84257686,24,20,-1,-1,5
84259671,40,25,-1,-1,1
84253045,53,12,-1,-1,4
84255527,26,24,-1,-1,6
84258343,56,6,-1,-1,6
84260379,0,3,-1,-1,6
84252503,21,58,-1,-1,3
84250961,43,21,-1,-1,6
84258571,52,41,-1,-1,6
84257477,32,44,-1,-1,7
84258029,4,58,-1,-1,0
84259939,55,16,-1,-1,6
84256500,36,50,-1,-1,2
84255645,17,14,-1,-1,6
84260200,3,6,-1,-1,4
84258645,16,35,-1,-1,2
84258707,28,55,-1,-1,3
84259528,46,52,-1,-1,3
84259803,46,34,-1,-1,5
84256983,58,8,-1,-1,5
84257050,25,53,-1,-1,7
84260885,8,27,-1,-1,0
84255529,34,36,-1,-1,0
84259399,45,14,-1,-1,1
84260637,15,28,-1,-1,0
84242511,13,54,-1,-1,3
84257369,58,30,-1,-1,7
84260037,16,11,-1,-1,1
84255999,0,11,-1,-1,3
84260173,44,6,-1,-1,7
84255981,43,29,-1,-1,0
84236689,57,19,-1,-1,7
84260630,9,25,-1,-1,7
84259409,43,28,-1,-1,5
84251064,53,19,-1,-1,3
84256990,53,41,-1,-1,1
84259817,46,24,-1,-1,5
84256830,13,7,-1,-1,2
84260073,17,51,-1,-1,3
84257759,26,7,-1,-1,2
84260755,14,8,-1,-1,2
84253654,53,0,-1,-1,3
84259884,31,24,-1,-1,6
84260564,55,26,-1,-1,0
84257890,38,16,-1,-1,6
84260196,55,31,-1,-1,6
84260771,18,46,-1,-1,5
84259375,43,31,-1,-1,6
84256587,52,32,-1,-1,3
84260273,4,8,-1,-1,0
84260412,17,46,-1,-1,0
84254416,49,8,-1,-1,1
84257179,34,0,-1,-1,7
84258164,37,26,-1,-1,2
84255792,43,58,-1,-1,0
84259561,54,5,-1,-1,6
84256997,16,46,-1,-1,4
84259209,22,12,-1,-1,6
84259822,53,13,-1,-1,7
84258073,2,37,-1,-1,5
84258402,48,23,-1,-1,4
84260381,8,5,-1,-1,2
84260880,49,35,-1,-1,3
84259032,6,35,-1,-1,4
84254808,52,50,-1,-1,2
84259944,7,42,-1,-1,4
84245860,31,37,-1,-1,0
84259368,4,24,-1,-1,0
84260680,24,42,-1,-1,2
84259151,34,57,-1,-1,6
84258169,9,57,-1,-1,3
84260872,15,49,-1,-1,5
84259011,40,52,-1,-1,4
84258569,6,17,-1,-1,7
84258717,17,19,-1,-1,5
84259619,16,23,-1,-1,1
84260601,20,18,-1,-1,4
84260972,28,26,-1,-1,1
84251915,12,52,-1,-1,4
84248959,24,54,-1,-1,2
84248670,31,44,-1,-1,3
84260846,35,41,-1,-1,5
84260107,10,13,-1,-1,2
84258564,48,36,-1,-1,1
84260342,56,51,-1,-1,1
84260948,12,20,-1,-1,7
84260131,29,13,-1,-1,1
84260639,22,26,-1,-1,4
84258276,14,4,-1,-1,3
84253327,1,48,-1,-1,2
84259210,42,21,-1,-1,7
84242162,42,33,-1,-1,3
84259961,18,18,-1,-1,7
84259133,19,50,-1,-1,7
84248924,23,18,-1,-1,1
84260108,31,58,-1,-1,4
84256077,1,45,-1,-1,7
84259180,25,31,-1,-1,0
84246327,44,48,-1,-1,6
84259786,32,52,-1,-1,5
84255639,33,31,-1,-1,7
84255591,53,30,-1,-1,2
84258940,30,38,-1,-1,1
84257442,10,33,-1,-1,0
84260600,34,47,-1,-1,5
84260504,18,28,-1,-1,5
84255540,29,46,-1,-1,2
84254623,39,40,-1,-1,2
84256900,10,5,-1,-1,4
84260589,57,57,-1,-1,6
84254343,8,29,-1,-1,1
84258573,27,19,-1,-1,2
84260301,2,12,-1,-1,3
84259035,47,45,-1,-1,1
84258124,32,21,-1,-1,6
84258590,29,49,-1,-1,7
84256116,32,40,-1,-1,1
84260919,31,14,-1,-1,7
84256465,33,50,-1,-1,1
84259950,53,37,-1,-1,2
84259604,38,12,-1,-1,4
84258438,58,1,-1,-1,3
84260658,6,33,-1,-1,5
84255840,19,31,-1,-1,4
84258998,31,11,-1,-1,4
84250784,41,7,-1,-1,6
84259445,36,46,-1,-1,4
84252679,40,53,-1,-1,3
84253407,3,50,-1,-1,3
84255831,44,10,-1,-1,4
84260798,40,31,-1,-1,2
84260304,35,53,-1,-1,2
84260079,9,22,-1,-1,2
84258964,18,57,-1,-1,6
84255118,58,14,-1,-1,1
84255483,16,41,-1,-1,1
84256478,44,1,-1,-1,2
84260041,32,19,-1,-1,4
84259648,52,45,-1,-1,5
84260952,26,42,-1,-1,1
84260707,51,32,-1,-1,4
84259811,28,1,-1,-1,7
84254733,8,35,-1,-1,5
84259412,57,53,-1,-1,0
84254687,1,13,-1,-1,4
84260195,45,57,-1,-1,1
84258761,21,14,-1,-1,0
84260652,47,1,-1,-1,1
84254778,4,25,-1,-1,0
84255173,15,34,-1,-1,1
84256992,58,31,-1,-1,5
84252842,28,20,-1,-1,4
84260682,13,2,-1,-1,6
84252125,2,33,-1,-1,3
84253310,54,53,-1,-1,3
84260629,26,27,-1,-1,5
84254781,5,41,-1,-1,1
84257871,25,28,-1,-1,1
84259796,58,46,-1,-1,7
84257574,5,30,-1,-1,7
84260499,1,54,-1,-1,0
84256735,9,19,-1,-1,7
84259550,19,3,-1,-1,5
84259905,23,15,-1,-1,4
84260882,32,9,-1,-1,7
84260208,41,36,-1,-1,7
84257580,8,48,-1,-1,2
84257964,6,49,-1,-1,1
84260183,56,40,-1,-1,5
84260390,41,18,-1,-1,5
84255113,9,15,-1,-1,2
84244890,52,11,-1,-1,2
84260251,26,2,-1,-1,3
84258106,26,22,-1,-1,0
84259397,34,58,-1,-1,4
84258701,27,40,-1,-1,4
84260048,37,51,-1,-1,5
84257720,45,0,-1,-1,6
84259719,41,47,-1,-1,2
84256399,57,12,-1,-1,1
84260537,0,27,-1,-1,6
84260530,42,52,-1,-1,6
84260054,45,7,-1,-1,7
84258996,29,6,-1,-1,2
84260876,57,45,-1,-1,4
84260432,28,4,-1,-1,0
84260612,17,53,-1,-1,6
84250269,4,37,-1,-1,2
84260922,10,50,-1,-1,6
84260651,49,36,-1,-1,0
84255184,54,40,-1,-1,0
84259502,48,21,-1,-1,3
84258291,5,4,-1,-1,0
84250036,41,14,-1,-1,0
84260330,48,41,-1,-1,0
84256482,14,49,-1,-1,5
84259511,42,18,-1,-1,5
84250567,10,56,-1,-1,1
84259044,0,26,-1,-1,1
84260765,7,39,-1,-1,5
84259339,23,29,-1,-1,5
84256208,40,50,-1,-1,6
84257840,21,16,-1,-1,4
84258433,54,38,-1,-1,1
84260156,35,22,-1,-1,5
84251861,20,9,-1,-1,6
84256215,20,38,-1,-1,3
84260806,22,37,-1,-1,4
84254528,52,29,-1,-1,0
84259984,1,58,-1,-1,3
84255824,50,35,-1,-1,7
84256492,52,8,-1,-1,6
84260329,37,40,-1,-1,3
84260979,48,7,-1,-1,4
84246021,56,34,-1,-1,7
84260231,26,37,-1,-1,3
84260832,51,57,-1,-1,3
84258806,16,31,-1,-1,3
84257073,22,19,-1,-1,2
84259892,44,15,-1,-1,2
84257394,20,4,-1,-1,1
84258097,26,41,-1,-1,0
84260401,2,1,-1,-1,1
84260928,24,7,-1,-1,4
84257823,34,25,-1,-1,4
84260850,1,15,-1,-1,4
84259964,28,37,-1,-1,1
84250918,42,8,-1,-1,0
84260321,55,0,-1,-1,2
84258719,39,18,-1,-1,4
84257837,0,6,-1,-1,4
84256449,44,42,-1,-1,1
84255800,34,18,-1,-1,2
84256180,6,22,-1,-1,3
84253282,6,5,-1,-1,7
84257888,15,22,-1,-1,4
84254443,39,45,-1,-1,7
84260803,52,42,-1,-1,7
84258847,8,31,-1,-1,4
84259921,14,36,-1,-1,2
84258693,41,29,-1,-1,2
84260370,38,53,-1,-1,5
84257789,6,55,-1,-1,4
84260300,16,34,-1,-1,6
84254839,43,35,-1,-1,4
84253974,19,13,-1,-1,3
84260188,58,51,-1,-1,1
84257903,5,54,-1,-1,6
84260076,30,21,-1,-1,3
84259328,33,44,-1,-1,2
84258027,26,26,-1,-1,7
84258945,23,43,-1,-1,6
84260243,47,2,-1,-1,6
84259238,41,37,-1,-1,0
84260191,53,58,-1,-1,5
84258333,56,0,-1,-1,3
84255214,3,26,-1,-1,3
84255359,30,34,-1,-1,2
84260568,7,2,-1,-1,7
84260258,30,2,-1,-1,7
84259996,2,26,-1,-1,0
84251835,53,22,-1,-1,2
84259726,44,39,-1,-1,3
84254175,6,1,-1,-1,1
84259478,1,41,-1,-1,3
84260295,43,14,-1,-1,7
84260732,37,45,-1,-1,0
84260819,32,48,-1,-1,3
84260393,50,3,-1,-1,1
84260508,19,1,-1,-1,2
84260993,29,8,-1,-1,0
84252800,42,50,-1,-1,6
84254661,38,25,-1,-1,0
84259781,31,55,-1,-1,6
84256335,50,14,-1,-1,6
84256659,42,6,-1,-1,6
84257829,41,56,-1,-1,0
84259111,30,45,-1,-1,2
84257402,56,55,-1,-1,4
84259804,55,22,-1,-1,7
84258791,51,58,-1,-1,2
84255761,52,39,-1,-1,3
84260569,8,34,-1,-1,1
84257810,33,45,-1,-1,0
84254888,0,58,-1,-1,6
84259363,30,23,-1,-1,7
84250575,34,40,-1,-1,4
84256263,21,15,-1,-1,3
84260812,7,54,-1,-1,4
84260871,44,47,-1,-1,2
84260949,50,33,-1,-1,6
84260434,13,43,-1,-1,7
84256381,7,38,-1,-1,1
84260532,30,51,-1,-1,7
84257894,34,21,-1,-1,6
84252350,11,13,-1,-1,2
84249057,0,44,-1,-1,0
84259926,26,35,-1,-1,7
84254981,28,24,-1,-1,5
84260505,27,23,-1,-1,7
84257662,35,55,-1,-1,1
84252828,21,26,-1,-1,0
84260723,38,40,-1,-1,5
84260766,3,7,-1,-1,6
84257875,18,20,-1,-1,1
84257591,45,13,-1,-1,1
84259245,52,44,-1,-1,7
84259940,38,11,-1,-1,6
84258921,14,31,-1,-1,4
84258373,35,50,-1,-1,5
84255957,22,55,-1,-1,3
84258703,36,45,-1,-1,6
84259312,26,10,-1,-1,0
84260452,43,2,-1,-1,3
84259034,40,27,-1,-1,5
84256607,27,41,-1,-1,0
84260964,41,21,-1,-1,3
84260082,30,14,-1,-1,2
84259898,56,50,-1,-1,6
84259070,12,31,-1,-1,4
84258125,51,22,-1,-1,7
84260793,2,48,-1,-1,1
84259134,15,0,-1,-1,0
84248513,44,32,-1,-1,6
84255590,16,40,-1,-1,4
84258120,36,5,-1,-1,3
84256584,23,44,-1,-1,4
84260170,36,32,-1,-1,4
84259868,19,2,-1,-1,7
84255497,49,25,-1,-1,0
84259764,34,9,-1,-1,7
84260239,12,24,-1,-1,4
84257508,53,10,-1,-1,5
84259116,49,26,-1,-1,5
84259881,35,4,-1,-1,3
84260201,15,57,-1,-1,5
84259320,29,41,-1,-1,0
84260970,50,18,-1,-1,0
84260222,8,47,-1,-1,2
84260635,26,1,-1,-1,0
84259179,15,38,-1,-1,0
84256597,52,34,-1,-1,5
84256360,27,11,-1,-1,5
84260539,25,10,-1,-1,5
84259003,24,36,-1,-1,5
84257380,21,36,-1,-1,7
84260525,26,55,-1,-1,1
84257464,36,43,-1,-1,5
84259551,26,11,-1,-1,1
84256484,31,2,-1,-1,6
84247366,11,25,-1,-1,1
84258004,6,15,-1,-1,2
84259872,34,33,-1,-1,4
84259981,3,12,-1,-1,5
84260609,29,53,-1,-1,0
84256827,37,12,-1,-1,3
84260678,25,37,-1,-1,4
84254047,11,56,-1,-1,6
84260874,2,35,-1,-1,7
84259515,31,25,-1,-1,4
84258019,50,46,-1,-1,6
84260213,19,37,-1,-1,3
84259693,56,30,-1,-1,1
84257969,51,6,-1,-1,1
84249265,11,9,-1,-1,4
84260409,30,9,-1,-1,0
84259678,17,54,-1,-1,3
84258285,12,51,-1,-1,6
84260638,17,32,-1,-1,1
84260418,49,27,-1,-1,3
84258826,22,38,-1,-1,0
84260902,48,29,-1,-1,3
84253443,42,40,-1,-1,4
84260891,13,14,-1,-1,5
84258306,29,42,-1,-1,3
84259942,2,30,-1,-1,6
84258633,22,29,-1,-1,7
84260565,11,20,-1,-1,4
84259068,26,44,-1,-1,0
84258448,30,12,-1,-1,1
84256112,36,13,-1,-1,4
84258477,23,16,-1,-1,4
84253338,34,39,-1,-1,1
84260851,40,13,-1,-1,3
84242798,1,25,-1,-1,5
84257272,31,28,-1,-1,5
84256899,25,58,-1,-1,6
84259271,56,3,-1,-1,2
84259660,20,12,-1,-1,7
84254413,45,56,-1,-1,4
84258054,20,37,-1,-1,4
84257410,53,54,-1,-1,0
84254896,23,51,-1,-1,5
84260119,45,31,-1,-1,7
84257851,20,57,-1,-1,3
84259883,27,34,-1,-1,1
84260446,35,13,-1,-1,0
84260502,28,49,-1,-1,0
84260655,40,12,-1,-1,0
84258396,15,44,-1,-1,0
84242004,44,18,-1,-1,2
84259266,56,19,-1,-1,2
84260754,44,52,-1,-1,7
84260245,40,23,-1,-1,6
84259277,39,19,-1,-1,6
84260533,25,54,-1,-1,2
84260451,51,40,-1,-1,5
84259143,52,35,-1,-1,0
84255417,27,1,-1,-1,0
84260627,27,20,-1,-1,1
84257271,25,29,-1,-1,5
84256280,39,41,-1,-1,2
84260380,13,8,-1,-1,6
84253702,6,38,-1,-1,0
84259946,20,47,-1,-1,4
84260337,54,49,-1,-1,5
84247735,4,16,-1,-1,5
84260507,43,12,-1,-1,2
84260895,39,55,-1,-1,0
84258229,15,56,-1,-1,3
84259858,39,37,-1,-1,5
84257785,39,22,-1,-1,7
84258264,12,14,-1,-1,6
84257054,22,18,-1,-1,5
84260852,34,31,-1,-1,6
84260996,54,24,-1,-1,0
84257242,44,44,-1,-1,6
84258379,24,16,-1,-1,7
84260186,20,25,-1,-1,5
84260807,23,7,-1,-1,4
84257532,51,23,-1,-1,6
84258786,35,31,-1,-1,3
84259461,19,58,-1,-1,0
84258269,58,27,-1,-1,1
84258860,35,18,-1,-1,1
84259536,12,33,-1,-1,5
84258986,26,49,-1,-1,0
84258320,5,34,-1,-1,7
84246654,11,28,-1,-1,4
84253201,9,23,-1,-1,0
84259776,43,11,-1,-1,1
84255855,57,50,-1,-1,1
84247488,42,17,-1,-1,5
84256776,7,31,-1,-1,6
84260840,1,42,-1,-1,6
84253347,45,51,-1,-1,0
84258497,37,42,-1,-1,0
84255689,10,10,-1,-1,1
84259438,4,54,-1,-1,0
84260778,51,33,-1,-1,5
84243600,47,16,-1,-1,5
84260559,20,54,-1,-1,2
84260306,53,17,-1,-1,1
84255108,27,57,-1,-1,4
84259014,51,30,-1,-1,0
84257188,54,39,-1,-1,2
84260742,2,16,-1,-1,1
84260448,57,37,-1,-1,4
84259676,45,55,-1,-1,5
84255069,28,2,-1,-1,0
84259992,52,56,-1,-1,1
84258037,13,5,-1,-1,1
84258016,33,6,-1,-1,1
84260792,9,18,-1,-1,6
84259114,44,36,-1,-1,3
84258884,12,4,-1,-1,1
84254155,24,10,-1,-1,3
84260976,37,5,-1,-1,7
84257020,50,4,-1,-1,1
84248211,18,7,-1,-1,6
84254385,27,51,-1,-1,0
84260244,23,10,-1,-1,1
84256684,3,53,-1,-1,7
84259609,29,2,-1,-1,2
84259699,43,43,-1,-1,3
84259285,35,57,-1,-1,7
84240857,29,27,-1,-1,1
84236811,24,55,-1,-1,7
84258635,40,26,-1,-1,1
84260422,47,3,-1,-1,4
84259857,6,11,-1,-1,6
84259243,6,42,-1,-1,6
84256343,8,7,-1,-1,7
84259843,22,2,-1,-1,5
84258662,50,2,-1,-1,1
84260139,19,22,-1,-1,4
84249836,16,58,-1,-1,5
84248053,0,1,-1,-1,5
84260415,35,11,-1,-1,3
84260375,49,3,-1,-1,3
84260826,54,56,-1,-1,5
84249552,12,21,-1,-1,7
84259795,24,35,-1,-1,2
84259157,29,32,-1,-1,6
84260864,35,49,-1,-1,4
84260376,54,23,-1,-1,3
84247344,38,46,-1,-1,0
84259357,13,40,-1,-1,0
84251686,42,49,-1,-1,4
84260234,17,5,-1,-1,0
84259965,11,38,-1,-1,3
84252693,18,25,-1,-1,6
84259918,9,32,-1,-1,1
84252587,24,13,-1,-1,5
84257220,16,15,-1,-1,4
84260388,14,22,-1,-1,7
84257624,37,6,-1,-1,4
84260827,26,52,-1,-1,0
84256422,37,28,-1,-1,3
84252909,50,24,-1,-1,3
84253995,21,24,-1,-1,3
84260437,19,35,-1,-1,0
84259306,39,12,-1,-1,1
84256325,22,39,-1,-1,7
84245770,46,18,-1,-1,0
84260299,54,16,-1,-1,0
84259761,6,27,-1,-1,5
84260557,15,35,-1,-1,2
84256367,19,53,-1,-1,7
84259468,2,9,-1,-1,4
84259595,43,37,-1,-1,6
84259172,28,41,-1,-1,3
84259701,10,12,-1,-1,7
84260091,34,51,-1,-1,3
84257024,48,32,-1,-1,6
84254405,13,56,-1,-1,4
84260577,4,3,-1,-1,1
84258444,39,43,-1,-1,0
84259174,30,11,-1,-1,2
84260332,0,50,-1,-1,2
84260212,19,23,-1,-1,7
84259520,11,39,-1,-1,1
84260866,57,8,-1,-1,5
84259586,14,33,-1,-1,1
84259603,34,27,-1,-1,7
84259583,1,47,-1,-1,3
84260662,43,22,-1,-1,2
84260942,17,8,-1,-1,1
84254539,16,27,-1,-1,0
84260009,22,10,-1,-1,5
84257751,23,56,-1,-1,3
84258227,55,19,-1,-1,2
84253425,28,13,-1,-1,3
84258773,51,12,-1,-1,6
84260426,29,55,-1,-1,4
84260860,57,56,-1,-1,6
84256095,53,38,-1,-1,4
84259880,46,5,-1,-1,0
84250816,27,14,-1,-1,6
84259107,33,1,-1,-1,4
84258774,40,56,-1,-1,0
84255558,55,35,-1,-1,2
84257506,12,30,-1,-1,4
84258931,43,39,-1,-1,3
84259919,58,49,-1,-1,2
84254898,31,13,-1,-1,1
84260588,51,3,-1,-1,1
84260497,22,57,-1,-1,0
84260264,3,24,-1,-1,5
84258025,50,44,-1,-1,3
84258217,58,35,-1,-1,1
84256720,1,4,-1,-1,0
84255923,3,25,-1,-1,5
84256962,6,39,-1,-1,4
84252475,42,35,-1,-1,3
84260425,0,47,-1,-1,1
84259202,13,32,-1,-1,4
84256602,9,10,-1,-1,7
84258547,24,45,-1,-1,6
84260896,0,23,-1,-1,2
84258116,41,38,-1,-1,4
84260493,34,28,-1,-1,3
84259624,13,15,-1,-1,1
84254193,1,26,-1,-1,4
84257361,9,45,-1,-1,3
84258775,10,54,-1,-1,6
84256916,28,48,-1,-1,5
84260739,41,42,-1,-1,2
84259635,22,54,-1,-1,1
84260435,1,46,-1,-1,2
84258305,28,0,-1,-1,1
84252962,58,15,-1,-1,3
84260926,14,37,-1,-1,2
84259805,13,29,-1,-1,5
84258651,2,44,-1,-1,0
84260501,21,13,-1,-1,5
84260975,35,8,-1,-1,3
84260349,32,6,-1,-1,0
84258345,24,8,-1,-1,0
84256522,45,43,-1,-1,2
84259155,39,44,-1,-1,6
84258493,0,55,-1,-1,0
84256987,43,57,-1,-1,1
84260904,21,37,-1,-1,7
84258160,46,48,-1,-1,2
84258641,22,6,-1,-1,0
84259943,39,30,-1,-1,2
84243085,10,45,-1,-1,5
84256650,1,5,-1,-1,6
84253450,49,28,-1,-1,1
84260883,2,34,-1,-1,0
84258730,34,52,-1,-1,7
84260848,10,26,-1,-1,2
84255676,50,54,-1,-1,1
84259592,2,58,-1,-1,6
84250561,47,20,-1,-1,7
84259900,26,19,-1,-1,4
84254952,55,33,-1,-1,4
84253427,48,4,-1,-1,6
84260254,33,33,-1,-1,6
84260442,34,2,-1,-1,0
84259749,8,44,-1,-1,2
84258099,31,8,-1,-1,1
84260596,0,48,-1,-1,7
84258959,53,23,-1,-1,7
84260284,36,30,-1,-1,1
84260677,46,9,-1,-1,6
84260916,35,25,-1,-1,4
84256814,16,30,-1,-1,2
84258839,41,53,-1,-1,0
84258935,42,10,-1,-1,7
84259541,4,9,-1,-1,3
84256255,50,41,-1,-1,0
84258489,31,1,-1,-1,6
84257816,27,3,-1,-1,4
84257853,54,47,-1,-1,7
84259835,9,36,-1,-1,5
84259601,47,29,-1,-1,6
84249988,21,32,-1,-1,2
84258296,11,16,-1,-1,2
84244278,33,14,-1,-1,3
84258948,5,16,-1,-1,7
84257467,52,47,-1,-1,5
84260990,1,22,-1,-1,6
84258828,12,55,-1,-1,7
84258113,55,34,-1,-1,3
84257509,18,19,-1,-1,0
84252043,36,25,-1,-1,2
84259137,57,13,-1,-1,2
84253956,58,44,-1,-1,2
84260663,4,49,-1,-1,7
84253026,55,53,-1,-1,3
84257114,46,16,-1,-1,1
84252334,49,31,-1,-1,2
84253606,16,18,-1,-1,5
84259998,23,13,-1,-1,5
84255045,3,51,-1,-1,5
84258939,30,17,-1,-1,7
84259480,0,9,-1,-1,0
84254176,50,12,-1,-1,4
84258800,27,54,-1,-1,6
84260762,27,44,-1,-1,2
84258678,56,11,-1,-1,3
84260927,52,28,-1,-1,0
84260206,37,32,-1,-1,1
84259450,7,7,-1,-1,4
84258552,46,3,-1,-1,6
84260333,1,49,-1,-1,7
84254983,5,55,-1,-1,2
84260169,48,10,-1,-1,3
84260457,14,29,-1,-1,0
84259647,22,36,-1,-1,5
84257979,0,16,-1,-1,1
84259712,14,41,-1,-1,3
84255813,30,18,-1,-1,2
84255132,13,24,-1,-1,6
84259477,16,1,-1,-1,0
84257529,10,25,-1,-1,7
84260126,47,6,-1,-1,7
84260917,42,2,-1,-1,1
84257663,39,14,-1,-1,5
84256575,19,20,-1,-1,2
84260656,43,42,-1,-1,6
84260467,41,41,-1,-1,4
84259721,23,21,-1,-1,1
84259488,51,26,-1,-1,1
84257143,32,42,-1,-1,3
84255441,22,22,-1,-1,3
84247983,1,1,-1,-1,5
84257231,20,58,-1,-1,7
84260268,47,38,-1,-1,0
84255475,19,48,-1,-1,2
84260471,52,21,-1,-1,5
84251653,38,38,-1,-1,6
84260909,55,27,-1,-1,3
84257393,49,10,-1,-1,5
84260052,4,17,-1,-1,3
84257005,46,50,-1,-1,5
84260943,9,55,-1,-1,4
84259273,50,48,-1,-1,3
84252811,42,42,-1,-1,7
84258177,5,51,-1,-1,4
84260070,32,51,-1,-1,3
84260180,41,50,-1,-1,6
84257170,37,21,-1,-1,0
84259001,52,23,-1,-1,4
84256166,37,33,-1,-1,3
84258313,6,30,-1,-1,3
84259894,7,20,-1,-1,3
84255073,10,2,-1,-1,4
84257158,11,36,-1,-1,5
84260144,57,29,-1,-1,0
84255227,16,20,-1,-1,6
84260855,7,30,-1,-1,2
84251603,15,10,-1,-1,1
84259402,25,30,-1,-1,1
84252603,10,9,-1,-1,1
84260141,11,43,-1,-1,2
84257135,30,8,-1,-1,3
84260724,31,57,-1,-1,7
84260483,28,58,-1,-1,6
84255055,39,53,-1,-1,7
84259002,50,30,-1,-1,5
84258970,15,19,-1,-1,2
84260018,51,47,-1,-1,7
84260794,41,8,-1,-1,2
84254817,17,57,-1,-1,1
84260595,20,7,-1,-1,4
84258008,31,22,-1,-1,4
84260400,2,18,-1,-1,4
84260476,55,42,-1,-1,1
84259055,38,37,-1,-1,7
84258876,12,41,-1,-1,5
84259842,24,39,-1,-1,3
84251487,30,47,-1,-1,3
84257215,50,39,-1,-1,6
84251945,11,24,-1,-1,4
84258916,9,13,-1,-1,3
84255160,16,7,-1,-1,2
84260281,32,57,-1,-1,6
84260053,22,40,-1,-1,1
84258286,21,54,-1,-1,2
84256647,18,16,-1,-1,1
84254033,35,33,-1,-1,0
84257097,35,27,-1,-1,0
84259227,6,36,-1,-1,2
84259244,49,47,-1,-1,5
84254597,22,9,-1,-1,0
84259075,31,30,-1,-1,7
84259787,2,8,-1,-1,7
84258334,16,3,-1,-1,4
84260548,52,0,-1,-1,5
84258165,25,50,-1,-1,0
84254414,5,17,-1,-1,7
84258410,48,26,-1,-1,0
84252563,36,12,-1,-1,1
84260954,58,10,-1,-1,0
84257396,34,7,-1,-1,1
84259664,38,29,-1,-1,4
84258782,12,26,-1,-1,7
84259492,36,6,-1,-1,6
84258273,10,35,-1,-1,6
84257554,2,22,-1,-1,0
84259930,29,33,-1,-1,4
84260026,24,43,-1,-1,5
84257756,16,8,-1,-1,5
84260713,8,46,-1,-1,6
84258683,7,6,-1,-1,5
84244991,22,48,-1,-1,2
84257178,35,58,-1,-1,7
84260745,50,7,-1,-1,0
84258644,29,38,-1,-1,0
84258049,37,1,-1,-1,7
84260198,38,22,-1,-1,6
84260688,58,45,-1,-1,3
84254643,40,47,-1,-1,3
84257885,36,22,-1,-1,2
84260105,24,21,-1,-1,2
84260498,13,12,-1,-1,2
84260500,24,24,-1,-1,5
84255248,18,22,-1,-1,0
84259514,0,13,-1,-1,4
84258211,6,34,-1,-1,0
84254339,53,56,-1,-1,4
84260503,3,3,-1,-1,2
84259391,32,14,-1,-1,5
84258307,34,42,-1,-1,7
84260878,49,17,-1,-1,7
84253732,58,47,-1,-1,4
84259440,2,49,-1,-1,4
84258721,7,46,-1,-1,5
84256346,23,41,-1,-1,3
84245042,51,4,-1,-1,5
84258503,23,38,-1,-1,2
84259947,31,32,-1,-1,4
84260204,23,52,-1,-1,1
84252430,28,46,-1,-1,1
84257692,30,55,-1,-1,0
84260347,3,32,-1,-1,6
84260269,35,10,-1,-1,3
84259546,46,47,-1,-1,0
84259121,13,6,-1,-1,1
84256140,35,34,-1,-1,0
84258193,38,47,-1,-1,4
84256010,41,22,-1,-1,4
84253784,29,48,-1,-1,7
84260669,8,52,-1,-1,4
84260775,14,18,-1,-1,5
84256508,21,41,-1,-1,7
84260226,9,39,-1,-1,6
84254770,53,31,-1,-1,7
84260308,55,36,-1,-1,0
84260725,45,52,-1,-1,4
84259845,41,5,-1,-1,3
84258246,49,39,-1,-1,7
84257063,3,52,-1,-1,3
84252005,49,23,-1,-1,1
84248453,14,52,-1,-1,0
84259997,41,55,-1,-1,0
84260974,51,54,-1,-1,6
84252408,27,49,-1,-1,4
84259188,56,27,-1,-1,4
84259971,50,23,-1,-1,6
84259278,5,36,-1,-1,3
84260986,14,58,-1,-1,2
84250256,22,56,-1,-1,2
84259634,58,56,-1,-1,6
84245755,39,29,-1,-1,3
84258999,16,36,-1,-1,1
84260845,44,12,-1,-1,5
84246631,1,38,-1,-1,7
84259771,6,52,-1,-1,5
84251323,40,3,-1,-1,5
84260290,14,51,-1,-1,1
84257302,10,51,-1,-1,0
84259056,52,24,-1,-1,5
84259985,29,19,-1,-1,1
84258681,50,34,-1,-1,7
84260694,49,38,-1,-1,5
84259126,48,33,-1,-1,2
84260693,4,15,-1,-1,4
84260047,51,8,-1,-1,7
84259820,25,24,-1,-1,2
84259160,19,56,-1,-1,2
84257488,25,35,-1,-1,4
84256869,26,28,-1,-1,4
84260051,34,14,-1,-1,5
84260179,30,41,-1,-1,5
84254893,48,49,-1,-1,0
84250866,39,15,-1,-1,1
84251955,30,42,-1,-1,3
84252650,42,25,-1,-1,2
84258464,11,51,-1,-1,3
84260686,42,58,-1,-1,0
84258712,9,38,-1,-1,0
84260209,46,10,-1,-1,5
84259840,17,55,-1,-1,6
84259453,30,43,-1,-1,0
84259096,49,15,-1,-1,3
84257814,4,6,-1,-1,4
84258210,8,38,-1,-1,6
84259526,34,4,-1,-1,3
84258544,17,48,-1,-1,1
84260992,24,44,-1,-1,7
84259655,29,30,-1,-1,1
84259969,37,16,-1,-1,3
84260741,32,24,-1,-1,4
84258802,22,28,-1,-1,2
84258617,57,6,-1,-1,0
84256741,15,53,-1,-1,4
84257828,44,16,-1,-1,4
84258140,27,9,-1,-1,7
84259903,15,20,-1,-1,1
84257802,6,29,-1,-1,1
84258606,1,53,-1,-1,4
84257318,50,19,-1,-1,1
84259275,17,39,-1,-1,7
84255563,45,25,-1,-1,7
84254885,3,2,-1,-1,7
84257956,36,42,-1,-1,2
84257514,45,16,-1,-1,7
84257455,14,20,-1,-1,1
84258903,48,13,-1,-1,7
84260391,36,37,-1,-1,7
84258316,2,40,-1,-1,2
84250735,2,53,-1,-1,6
84260205,57,20,-1,-1,4
84253364,53,49,-1,-1,0
84257398,45,26,-1,-1,7
84260067,49,42,-1,-1,5
84259575,12,35,-1,-1,7
84260316,8,2,-1,-1,2
84259279,7,56,-1,-1,2
84258634,57,16,-1,-1,0
84258797,6,21,-1,-1,5
84258583,35,7,-1,-1,2
84254871,27,29,-1,-1,2
84255907,0,14,-1,-1,4
84257131,34,29,-1,-1,7
84257355,51,53,-1,-1,5
84258281,20,1,-1,-1,3
84260703,27,39,-1,-1,4
84260372,25,13,-1,-1,4
84258672,1,19,-1,-1,4
84258904,8,14,-1,-1,6
84255870,48,45,-1,-1,3
84253068,23,2,-1,-1,1
84251325,46,42,-1,-1,0
84257727,18,1,-1,-1,6
84259529,11,49,-1,-1,0
84253094,55,9,-1,-1,4
84255996,19,8,-1,-1,1
84260783,10,4,-1,-1,4
84256102,43,41,-1,-1,0
84260593,48,28,-1,-1,3
84260021,33,13,-1,-1,1
84256677,11,19,-1,-1,3
84257281,9,46,-1,-1,2
84258130,21,3,-1,-1,3
84257627,11,15,-1,-1,7
84260086,10,52,-1,-1,4
84255615,9,11,-1,-1,3
84260064,24,3,-1,-1,1
84256020,55,25,-1,-1,7
84259963,38,54,-1,-1,7
84259268,0,2,-1,-1,1
84258811,25,9,-1,-1,1
84257483,33,9,-1,-1,0
84259873,50,45,-1,-1,0
84258425,26,39,-1,-1,4
84256109,1,6,-1,-1,3
84260402,54,34,-1,-1,2
84260216,32,39,-1,-1,4
84260161,52,54,-1,-1,2
84260988,11,34,-1,-1,7
84253439,36,31,-1,-1,4
84260197,22,33,-1,-1,6
84259173,52,48,-1,-1,3
84260008,56,29,-1,-1,7
84254990,33,58,-1,-1,4
84260408,34,5,-1,-1,5
84255400,18,10,-1,-1,3
84260932,39,8,-1,-1,0
84256496,11,52,-1,-1,2
84259058,30,26,-1,-1,2
84258178,51,14,-1,-1,7
84259948,40,44,-1,-1,5
84259775,53,15,-1,-1,4
84259437,5,20,-1,-1,1
84260714,8,58,-1,-1,1
84259704,1,0,-1,-1,3
84256886,40,54,-1,-1,5
84259657,7,1,-1,-1,1
84257798,55,30,-1,-1,6
84252177,17,13,-1,-1,7
84255829,39,20,-1,-1,5
84260097,50,8,-1,-1,5
84257861,38,1,-1,-1,3
84253218,9,33,-1,-1,6
84258654,53,36,-1,-1,7
84258883,24,11,-1,-1,4
84258495,42,12,-1,-1,3
84256618,23,58,-1,-1,3
84255898,6,26,-1,-1,4
84241816,19,30,-1,-1,3
84259616,0,57,-1,-1,0
84252480,0,22,-1,-1,6
84260459,52,33,-1,-1,0
84260698,5,14,-1,-1,4
84251588,19,26,-1,-1,3
84250317,58,5,-1,-1,1
84255803,26,16,-1,-1,7
84260764,44,3,-1,-1,4
84256234,5,3,-1,-1,3
84256486,16,55,-1,-1,3
84260283,16,24,-1,-1,2
84252089,58,2,-1,-1,1
84259669,36,1,-1,-1,6
84259554,20,17,-1,-1,6
84256583,1,43,-1,-1,2
84259975,41,10,-1,-1,1
84260602,2,28,-1,-1,3
84260016,35,1,-1,-1,1
84260017,26,40,-1,-1,7
84248795,45,37,-1,-1,2
84257440,12,3,-1,-1,6
84260272,13,52,-1,-1,4
84260319,55,14,-1,-1,4
84258764,11,2,-1,-1,2
84260237,49,32,-1,-1,1
84252188,39,39,-1,-1,3
84256184,37,24,-1,-1,6
84259448,54,27,-1,-1,4
84259167,37,8,-1,-1,6
84259849,7,11,-1,-1,6
84260666,14,39,-1,-1,1
84254575,47,39,-1,-1,0
84260109,33,25,-1,-1,5
84257541,2,20,-1,-1,5
84260288,39,9,-1,-1,5
84249392,49,1,-1,-1,7
84252530,41,11,-1,-1,5
84260133,34,41,-1,-1,1
84260969,18,37,-1,-1,3
84257606,38,3,-1,-1,7
84254116,18,43,-1,-1,7
84252245,45,19,-1,-1,7
84259794,10,24,-1,-1,4
84258100,30,46,-1,-1,0
84260165,7,57,-1,-1,0
84260439,46,8,-1,-1,2
84259632,53,52,-1,-1,2
84259042,58,11,-1,-1,1
84248012,46,49,-1,-1,5
84256176,30,1,-1,-1,6
84260247,37,10,-1,-1,2
84260154,38,6,-1,-1,6
84257910,49,22,-1,-1,4
84260335,32,45,-1,-1,7
84259183,12,8,-1,-1,6
84259406,14,23,-1,-1,3
84250452,34,19,-1,-1,5
84252331,15,3,-1,-1,1
84256301,21,20,-1,-1,7
84257250,31,56,-1,-1,2
84256730,24,18,-1,-1,4
84258846,57,43,-1,-1,7
84257278,57,51,-1,-1,3
84260441,23,22,-1,-1,7
84260392,21,11,-1,-1,0
84259767,22,5,-1,-1,2
84257133,9,54,-1,-1,0
84248483,48,14,-1,-1,4
84260395,49,21,-1,-1,2
84259043,21,23,-1,-1,4
84257770,53,20,-1,-1,4
84256625,14,34,-1,-1,4
84255105,50,47,-1,-1,6
84259198,49,53,-1,-1,1
84258742,49,13,-1,-1,7
84245035,14,28,-1,-1,3
84258393,2,7,-1,-1,5
84257490,31,10,-1,-1,1
84255743,9,24,-1,-1,1
84260830,51,56,-1,-1,7
84256096,34,35,-1,-1,2
84258908,40,57,-1,-1,3
84257085,4,18,-1,-1,2
84255819,55,12,-1,-1,0
84258638,56,48,-1,-1,3
84255261,18,49,-1,-1,6
84259318,27,31,-1,-1,2
84260360,58,41,-1,-1,5
84252631,53,50,-1,-1,4
84258875,49,49,-1,-1,2
84256737,13,51,-1,-1,2
84260253,36,23,-1,-1,3
84259360,28,30,-1,-1,1
84256793,9,5,-1,-1,4
84259276,9,48,-1,-1,5
84260310,26,5,-1,-1,6
84258869,57,55,-1,-1,3
84259434,35,3,-1,-1,5
84258197,16,42,-1,-1,1
84253554,14,0,-1,-1,1
84260681,9,28,-1,-1,5
84260937,20,3,-1,-1,4
84259951,12,9,-1,-1,6
84258676,49,51,-1,-1,7
84259689,12,45,-1,-1,5
84259614,5,33,-1,-1,1
84256173,13,58,-1,-1,2
84260946,26,13,-1,-1,7
84258189,12,12,-1,-1,5
84258857,36,9,-1,-1,2
84257617,48,30,-1,-1,6
84259498,32,16,-1,-1,3
84260933,20,41,-1,-1,1
84257935,19,43,-1,-1,0
84248272,51,39,-1,-1,7
84258725,48,0,-1,-1,7
84252266,7,14,-1,-1,3
84258071,36,47,-1,-1,4
84260420,39,2,-1,-1,1
84243834,50,57,-1,-1,1
84253043,31,27,-1,-1,1
84257936,12,1,-1,-1,1
84256965,2,51,-1,-1,2
84260366,41,3,-1,-1,0
84259347,21,1,-1,-1,7
84257518,57,58,-1,-1,2
84259287,46,1,-1,-1,7
84255609,55,56,-1,-1,5
84257320,42,24,-1,-1,6
84260873,17,22,-1,-1,1
84260510,0,43,-1,-1,4
84258418,44,29,-1,-1,4
84259127,6,8,-1,-1,4
84258161,19,7,-1,-1,6
84249915,49,52,-1,-1,1
84257712,47,17,-1,-1,3
84254734,31,49,-1,-1,3
84245056,39,36,-1,-1,7
84260582,48,46,-1,-1,1
84259897,58,50,-1,-1,5
84259852,19,17,-1,-1,4
84260555,31,50,-1,-1,6
84259426,53,5,-1,-1,0
84260740,5,23,-1,-1,4
84260619,16,12,-1,-1,7
84258748,2,56,-1,-1,2
84257788,53,4,-1,-1,2
84260991,30,37,-1,-1,2
84253159,22,14,-1,-1,3
84255236,53,53,-1,-1,3
84258825,3,15,-1,-1,5
84259046,39,25,-1,-1,6
84260115,41,30,-1,-1,2
84260620,38,41,-1,-1,1
84255779,49,11,-1,-1,7
84260312,43,0,-1,-1,3
84257422,11,40,-1,-1,3
84256545,30,22,-1,-1,0
84258294,50,50,-1,-1,7
84258666,46,43,-1,-1,0
84260163,58,24,-1,-1,2
84259591,25,17,-1,-1,5
84260544,39,4,-1,-1,3
84256864,23,30,-1,-1,4
84260657,7,41,-1,-1,0
84256836,51,42,-1,-1,4
84258686,45,2,-1,-1,6
84250986,51,43,-1,-1,6
84257111,29,58,-1,-1,2
84260327,8,15,-1,-1,5
84259871,16,14,-1,-1,0
84254084,23,14,-1,-1,2
84259261,54,48,-1,-1,2
84260027,22,16,-1,-1,6
84260050,39,33,-1,-1,2
84256383,35,32,-1,-1,6
84259779,35,44,-1,-1,6
84259026,20,39,-1,-1,5
84255200,47,15,-1,-1,1
84259670,14,21,-1,-1,0
84250710,30,28,-1,-1,1
84258659,6,40,-1,-1,5
84256773,49,58,-1,-1,2
84257511,37,19,-1,-1,0
84253195,48,37,-1,-1,0
84259219,47,22,-1,-1,2
84260633,1,31,-1,-1,2
84257944,33,8,-1,-1,3
84258700,54,13,-1,-1,3
84258470,55,3,-1,-1,7
84257867,18,3,-1,-1,4
84259104,52,40,-1,-1,6
84260671,27,0,-1,-1,2
84259388,48,34,-1,-1,5
84259833,33,53,-1,-1,6
84258248,26,46,-1,-1,3
84260580,9,27,-1,-1,2
84259734,10,30,-1,-1,3
84258428,0,42,-1,-1,3
84256762,9,1,-1,-1,4
84260957,18,40,-1,-1,1
84257852,17,11,-1,-1,5
84258462,25,42,-1,-1,0
84260950,17,47,-1,-1,4
84259933,9,14,-1,-1,4
84259916,54,52,-1,-1,0
84259844,21,21,-1,-1,0
84259197,19,6,-1,-1,0
84260751,13,11,-1,-1,1
84260999,29,10,-1,-1,3
