2 2 2 2 0 0 1 1 0 0 0 0 0 1 1 0 3 3 0 3 68 68 68 68 0 0 6 6 6 6 0 4 4 4 4 4 4 4 0 4 4 4 4 4 0 0 1 1 1 0 0 0 64 0 0 0 0 0 0 
2 2 0 0 0 0 0 1 2 1 0 0 0 2 2 0 3 0 3 0 0 0 0 0 0 0 6 6 0 6 6 4 4 4 6 4 4 4 4 0 4 4 4 0 0 4 0 0 1 0 0 0 0 0 0 0 0 0 0 
4 4 0 0 0 1 1 1 1 1 0 0 2 2 3 3 3 3 3 0 68 0 4 0 6 0 0 64 6 6 4 6 4 6 4 4 4 4 4 0 4 4 4 4 0 0 0 0 0 0 0 0 0 0 0 64 0 0 0 
4 4 4 4 1 0 1 1 1 0 0 1 0 0 3 2 3 3 3 0 0 4 0 4 6 6 6 64 64 4 6 6 6 6 0 4 4 0 4 4 4 0 0 0 0 0 0 0 0 0 0 0 0 0 64 0 0 0 0 
4 0 4 4 1 0 1 1 1 1 1 1 1 0 0 2 3 3 16 16 18 0 4 4 0 6 6 64 6 6 6 6 6 0 4 4 4 4 4 4 4 4 0 0 0 0 0 0 32 0 0 0 0 64 0 0 0 0 0 
1 1 4 1 1 1 0 1 1 1 1 1 1 1 0 3 3 3 18 18 18 6 4 4 6 6 6 6 6 6 6 6 4 4 4 4 4 4 0 4 4 4 0 0 0 0 0 0 32 0 0 0 0 0 0 0 0 0 0 
1 4 1 1 1 1 1 0 1 1 1 1 0 64 1 3 0 3 16 18 18 6 4 18 0 0 6 6 6 6 6 6 6 6 4 4 4 4 4 4 4 4 4 0 0 0 0 0 32 32 0 32 0 0 0 0 0 0 0 
1 1 1 0 1 0 0 0 1 1 0 1 1 64 1 3 3 3 3 3 32 18 4 4 18 6 6 6 0 0 6 34 6 6 6 4 4 0 4 4 4 0 4 4 0 0 0 0 32 32 32 32 0 0 0 0 0 0 0 
0 1 1 1 1 0 1 1 1 1 129 0 1 1 3 3 3 3 3 3 3 18 18 18 2 0 6 6 6 6 34 6 4 6 6 6 4 4 4 4 4 4 4 36 0 0 0 0 32 32 0 0 0 0 0 0 0 0 0 
129 1 1 1 0 1 1 1 1 0 0 129 1 1 3 3 3 0 3 3 3 18 18 2 2 0 64 6 6 6 6 34 6 0 0 4 4 4 4 4 4 36 36 36 1 0 0 0 32 32 0 0 0 0 0 36 0 0 0 
129 0 0 1 0 1 1 1 4 1 129 1 1 3 1 1 3 0 3 3 18 18 2 2 2 6 6 6 4 6 0 0 6 6 0 4 4 4 4 4 36 36 4 36 36 0 0 0 4 0 0 0 4 0 0 36 36 0 0 
1 1 1 1 1 1 1 1 1 1 1 3 1 1 1 3 3 3 3 3 3 18 2 2 0 2 6 6 6 6 6 6 6 6 6 4 4 4 36 36 36 4 4 0 32 0 0 0 4 0 0 4 0 0 0 4 0 0 0 
1 1 129 129 1 1 1 1 1 1 1 1 3 3 0 3 3 3 3 3 0 2 0 18 18 2 0 6 6 6 34 0 6 2 4 0 4 4 36 36 36 4 4 4 0 2 32 4 4 36 36 4 0 0 4 36 36 0 0 
1 1 129 1 129 1 129 1 1 1 1 64 3 0 0 3 16 3 3 2 0 18 18 18 18 6 6 6 6 6 6 6 4 36 4 4 4 4 36 36 36 4 4 36 2 32 0 32 36 36 36 32 32 4 4 4 32 0 0 
0 68 1 1 129 129 1 0 0 1 68 1 20 3 3 3 3 18 2 2 2 18 18 18 16 6 6 6 6 6 6 6 36 4 0 36 4 36 36 36 36 36 36 36 36 2 36 32 36 48 36 32 48 0 4 4 4 32 0 
0 1 0 68 129 1 4 4 0 1 1 1 1 3 3 3 3 3 3 3 18 18 18 18 18 6 18 6 18 6 6 6 4 36 36 36 36 36 36 0 36 36 36 0 36 36 36 5 36 36 48 48 48 36 4 4 0 0 0 
1 0 68 129 129 1 4 4 1 68 68 1 20 0 3 3 3 20 3 18 18 18 18 18 18 18 18 6 18 36 20 6 36 36 36 36 36 36 0 36 36 36 32 32 36 36 32 32 36 48 48 48 32 0 4 4 0 0 0 
1 4 4 68 4 4 4 4 1 68 68 4 4 68 20 3 18 20 18 18 16 18 18 18 18 2 18 18 48 48 6 36 36 36 36 4 0 36 0 36 36 36 32 0 36 36 0 0 32 0 32 0 32 32 32 32 4 0 16 
1 1 4 4 4 4 4 4 4 4 4 68 4 68 20 3 0 20 0 20 20 18 18 18 18 18 16 48 48 48 48 48 48 48 36 4 36 36 0 36 36 36 32 32 32 0 32 32 0 64 48 0 32 0 32 0 0 16 32 
1 1 4 4 4 0 4 4 4 4 4 4 68 20 20 20 20 20 20 2 18 18 18 18 0 18 16 48 48 0 48 48 36 36 0 36 36 36 100 36 36 36 36 0 48 32 36 36 48 48 32 48 48 32 0 0 112 32 32 
1 1 4 0 68 68 4 0 4 0 4 4 20 20 20 20 20 20 20 20 18 0 18 18 18 18 18 48 48 48 48 48 48 36 36 36 68 36 36 0 36 36 0 48 48 36 36 36 0 48 48 0 48 32 32 48 112 32 32 
0 4 4 68 0 4 68 4 0 4 20 20 20 1 64 0 0 20 20 0 20 18 0 18 18 0 0 48 48 0 48 48 36 0 36 36 36 68 36 36 36 16 48 48 36 48 48 0 36 48 36 36 32 32 48 48 48 32 32 
0 0 0 4 4 4 4 0 4 4 4 20 20 1 64 64 4 20 16 18 18 18 18 18 18 18 48 48 48 0 0 0 48 0 32 32 32 36 36 0 36 16 48 36 36 48 0 36 36 36 36 48 36 48 48 48 48 32 32 
0 0 4 4 4 68 4 4 0 0 4 4 20 20 20 20 20 20 20 16 20 0 18 18 18 0 48 48 0 48 48 36 0 48 32 0 32 36 36 36 36 0 0 34 36 48 48 48 48 0 0 32 32 48 48 112 16 112 32 
0 4 4 68 68 68 4 68 68 4 4 4 4 20 20 20 20 16 0 16 20 20 0 18 3 48 48 48 48 48 48 20 48 48 48 32 32 36 48 36 48 36 36 34 48 48 32 48 48 112 112 112 48 48 48 112 112 16 48 
0 0 0 0 68 0 68 68 68 68 4 20 20 20 68 0 16 20 20 20 20 20 17 17 192 64 48 48 48 48 0 48 0 48 48 0 32 36 36 36 36 36 36 48 48 0 0 0 16 48 112 112 48 48 48 112 112 17 16 
0 4 4 68 4 0 68 64 0 4 4 20 20 0 68 68 20 20 0 20 20 16 144 17 0 64 0 48 0 48 48 48 48 48 0 48 32 4 36 36 0 48 34 34 48 48 48 32 34 34 48 48 48 112 112 112 17 48 48 
4 0 0 0 0 68 64 64 4 16 4 4 20 68 0 0 68 20 20 1 17 144 144 17 17 17 17 48 48 0 48 48 48 48 0 48 0 16 0 0 48 0 48 48 0 34 48 48 48 48 34 48 48 112 112 48 112 32 48 
0 4 0 0 4 68 68 4 16 0 68 68 68 68 20 68 20 20 17 1 16 17 17 0 17 17 48 32 32 48 48 48 16 48 48 48 16 0 48 48 48 16 48 48 48 48 48 48 48 48 48 48 48 48 48 4 48 48 48 
0 0 0 4 0 0 0 0 4 20 0 68 0 68 68 68 68 20 20 17 17 17 17 17 17 17 17 48 48 17 48 48 48 48 48 34 48 0 48 32 48 48 48 48 0 48 48 48 48 48 48 48 48 48 4 48 48 48 48 
0 0 0 4 4 68 0 4 4 4 0 68 4 4 68 68 68 68 17 0 17 17 17 17 17 17 17 48 17 17 0 48 48 48 32 48 34 48 48 48 48 48 48 48 48 48 48 48 48 48 48 48 4 48 48 48 48 48 48 
0 0 4 4 68 4 4 4 4 4 0 68 68 68 68 68 17 17 17 0 16 17 17 17 17 16 17 17 17 17 17 48 48 48 48 48 48 48 34 48 48 48 48 48 48 48 48 48 0 0 16 0 16 4 48 48 48 48 48 
0 0 0 0 0 4 4 0 4 68 0 68 68 68 68 68 68 0 1 17 17 17 17 17 16 17 16 16 16 17 0 17 48 32 32 4 48 34 48 48 0 48 48 48 48 48 48 48 0 16 16 48 0 16 48 80 16 18 48 
0 64 0 0 0 64 0 0 4 0 64 0 0 4 4 68 68 1 17 17 2 17 17 0 17 16 17 17 17 17 17 17 17 32 48 4 34 48 2 48 48 48 18 48 48 48 48 82 16 82 48 16 16 16 48 80 48 48 48 
0 0 2 0 64 0 64 64 64 64 64 64 64 1 0 1 1 1 17 17 17 16 16 17 16 17 17 17 1 17 17 0 17 48 6 16 4 0 0 2 48 18 48 18 48 48 0 48 82 48 82 82 82 16 48 80 0 48 82 
0 2 2 0 0 64 64 0 192 192 192 192 64 1 0 1 1 1 1 1 1 17 17 17 17 17 17 1 1 17 17 17 17 17 16 16 0 0 82 0 18 18 18 18 48 48 82 82 48 48 48 48 0 48 0 48 48 82 16 
2 2 0 64 0 64 64 64 64 192 192 192 64 1 128 1 1 1 17 1 1 17 17 17 1 1 17 17 17 17 0 17 17 17 0 48 0 48 18 82 18 18 16 0 48 48 48 82 82 82 48 82 48 48 80 48 48 48 16 
0 2 64 64 64 64 64 64 0 0 192 64 0 192 1 128 1 1 1 0 1 17 17 0 1 1 4 17 17 17 17 17 48 0 48 48 64 0 48 18 0 16 16 0 48 48 82 82 82 82 82 82 48 48 48 0 0 16 16 
0 0 64 64 64 64 64 64 0 64 192 64 0 64 0 1 1 1 0 0 1 1 17 0 1 1 1 0 17 17 17 17 32 48 64 48 48 64 0 80 80 0 82 0 82 48 82 192 82 82 0 82 82 48 18 0 0 82 82 
0 0 64 192 0 64 0 0 192 192 64 64 64 0 1 1 0 1 1 17 17 1 17 17 17 17 1 16 17 0 17 32 16 64 48 48 0 82 82 48 80 0 82 82 82 82 82 82 82 82 82 82 82 82 82 0 0 2 82 
0 64 0 192 192 192 64 0 192 64 192 192 0 0 192 0 1 192 0 1 128 1 17 17 17 17 16 16 17 17 16 17 64 0 48 64 64 64 64 48 82 66 18 82 80 80 82 82 82 0 80 82 82 82 82 2 0 2 82 
0 64 0 0 0 192 192 192 192 192 64 192 192 192 132 192 192 192 0 128 0 1 0 17 16 16 16 0 16 64 16 0 192 64 64 0 64 82 82 82 82 0 82 18 0 82 16 82 82 82 0 82 18 82 82 0 2 2 2 
0 0 0 0 192 0 0 0 128 128 192 192 0 192 132 192 0 0 1 0 0 1 17 17 0 192 192 16 64 64 64 192 192 64 64 64 80 82 82 82 82 82 66 64 82 82 82 82 82 82 18 18 82 82 0 82 82 82 2 
0 0 0 192 0 192 192 0 192 192 192 192 192 0 192 192 128 1 192 192 128 128 0 17 17 192 192 192 64 64 192 192 192 192 64 80 80 64 82 82 82 66 82 66 82 64 82 82 82 82 0 0 0 82 82 82 0 130 130 
0 0 0 192 192 192 192 192 192 192 192 192 192 192 192 192 128 0 192 192 192 128 0 17 0 17 192 0 64 192 192 0 192 64 192 80 80 64 82 82 82 66 66 66 66 66 64 82 18 18 82 2 0 82 82 82 82 82 2 
0 0 0 192 192 192 192 192 128 128 192 128 192 192 192 192 128 128 0 192 128 128 0 0 64 192 64 192 64 192 64 192 64 192 192 64 80 64 64 66 82 66 66 0 66 64 2 2 2 82 0 82 0 2 82 80 82 0 82 
0 0 0 0 192 192 192 0 128 192 128 192 192 192 192 128 128 128 192 64 64 128 128 192 64 64 64 64 192 0 192 192 0 64 192 192 0 64 64 66 82 82 66 64 80 66 2 0 2 66 0 0 2 2 2 82 82 82 2 
0 0 0 128 192 192 192 0 128 128 192 192 192 128 192 128 128 0 128 128 128 64 192 128 64 64 64 0 192 0 192 192 64 192 192 192 64 66 64 66 66 0 0 66 64 64 2 2 2 66 64 2 2 2 2 82 82 82 2 
128 128 0 0 192 192 0 0 0 128 192 128 128 128 192 0 128 128 192 128 192 128 192 192 192 64 0 128 192 192 192 192 82 82 64 64 66 64 0 66 64 64 66 0 66 66 0 2 66 66 130 66 130 2 2 2 82 0 0 
0 0 0 0 0 0 0 192 0 192 128 128 128 192 128 128 192 128 128 128 128 192 0 0 64 192 0 192 192 64 64 192 0 192 192 64 64 0 66 66 66 64 66 66 64 0 66 66 66 66 66 130 130 2 0 0 2 0 0 
128 128 128 0 0 0 0 192 192 192 128 128 128 128 128 128 128 128 192 128 192 192 192 0 192 192 192 192 64 192 64 192 192 192 192 192 64 66 66 66 64 66 66 66 0 82 66 66 66 66 2 66 66 130 2 0 2 2 0 
128 0 0 0 0 128 128 0 64 192 192 0 128 128 128 128 128 128 128 192 192 128 192 0 192 192 192 0 64 192 192 0 192 128 2 0 0 192 66 66 66 66 66 66 82 66 2 2 2 66 64 66 0 0 0 2 0 0 0 
0 128 0 64 192 192 128 128 0 192 192 192 128 128 128 128 128 128 128 0 128 192 192 0 192 0 192 192 192 192 192 80 192 0 0 64 0 0 192 66 66 66 64 66 66 2 2 2 66 64 66 2 2 2 2 2 2 0 0 
128 128 0 64 64 128 128 128 192 192 192 128 128 128 128 128 128 128 192 192 128 128 192 192 192 192 192 192 192 192 192 80 80 80 192 192 0 192 66 0 66 66 66 66 66 66 0 0 0 66 130 130 2 0 130 2 2 0 0 
128 128 0 192 192 0 128 128 128 192 128 128 0 128 0 0 0 128 192 128 128 192 192 192 192 192 192 192 192 192 192 0 80 2 2 0 192 192 192 0 192 66 2 66 66 130 2 2 64 2 0 2 130 130 2 2 2 2 0 
128 0 0 192 192 192 192 0 0 192 0 0 192 128 0 0 0 0 128 128 128 128 0 192 192 192 192 192 192 192 192 0 192 64 128 192 192 192 192 192 128 192 66 66 0 130 130 128 0 2 2 130 2 2 2 0 2 64 2 
0 192 0 0 192 192 192 192 128 0 192 0 192 0 0 0 0 192 0 0 128 128 128 0 128 0 192 192 192 192 192 192 192 192 192 192 192 192 192 192 192 64 64 0 64 128 64 2 64 64 128 2 130 2 2 0 0 0 0 
192 192 192 192 128 192 0 192 0 0 0 0 0 0 0 0 0 0 0 0 128 128 128 128 128 128 192 192 128 192 64 64 64 192 64 192 192 192 192 192 192 64 0 64 0 130 64 64 64 128 128 2 0 2 2 0 0 0 0 
128 0 192 192 192 128 192 192 0 0 0 0 0 0 0 0 0 0 0 0 0 128 128 128 128 0 0 128 192 192 64 64 0 192 192 192 192 192 192 192 0 64 64 0 0 0 130 64 128 0 0 2 0 2 2 2 0 0 0 
