102.968 102.968 102.968 102.968 102.968 102.968 102.968 102.968 102.968 102.968 102.968 102.968 102.968 102.968 102.968 102.968 102.968 102.968 102.968 102.968 102.968 102.968 102.968 102.968 102.968 102.968 102.968 102.968 102.968 102.968 102.968 102.968 102.968 102.968 102.968 102.968 102.968 102.968 102.968 102.968 102.968 102.968 102.968 102.968 102.968 102.968 102.968 102.968 102.968 102.968 102.968 102.968 102.968 102.968 102.968 102.968 102.968 102.968 102.968 
102.968 102.968 102.968 102.968 102.968 102.968 102.968 102.968 102.968 102.968 102.968 102.968 102.968 102.968 102.968 102.968 102.968 102.968 102.968 102.968 102.968 102.968 102.968 102.968 102.968 102.968 102.968 102.968 102.968 102.968 102.968 102.968 102.968 102.968 102.968 102.968 102.968 102.968 102.968 102.968 102.968 102.968 102.968 102.968 102.968 102.968 102.968 102.968 102.968 102.968 102.968 102.968 102.968 102.968 102.968 102.968 102.968 102.968 102.968 
102.968 102.968 102.968 102.968 102.968 102.968 102.968 102.968 102.968 102.968 102.968 102.968 102.968 102.968 102.968 102.968 102.968 102.968 102.968 102.968 102.968 102.968 102.968 102.968 102.968 102.968 102.968 102.968 102.968 102.968 102.968 102.968 102.968 102.968 102.968 102.968 102.968 102.968 102.968 102.968 102.968 102.968 102.968 102.968 102.968 102.968 102.968 102.968 102.968 102.968 102.968 102.968 102.968 102.968 102.968 102.968 102.968 102.968 102.968 
102.968 102.968 102.968 102.968 102.968 102.968 102.968 102.968 102.968 102.968 102.968 102.968 102.968 102.968 102.968 102.968 102.968 102.968 102.968 102.968 102.968 102.968 102.968 102.968 102.968 102.968 102.968 102.968 102.968 102.968 102.968 102.968 102.968 102.968 102.968 102.968 102.968 102.968 102.968 102.968 102.968 102.968 102.968 102.968 102.968 102.968 102.968 102.968 102.968 102.968 102.968 102.968 102.968 102.968 102.968 102.968 102.968 102.968 102.968 
102.968 102.968 102.968 102.968 102.968 102.968 102.968 102.968 102.968 102.968 102.968 102.968 102.968 102.968 102.968 102.968 102.968 102.968 102.968 102.968 102.968 102.968 102.968 102.968 102.968 102.968 102.968 102.968 102.968 102.968 102.968 102.968 102.968 102.968 102.968 102.968 102.968 102.968 102.968 102.968 102.968 102.968 102.968 102.968 102.968 102.968 102.968 102.968 102.968 102.968 102.968 102.968 102.968 102.968 102.968 102.968 102.968 102.968 102.968 
102.968 102.968 102.968 102.968 102.968 102.968 102.968 102.968 102.968 102.968 102.968 102.968 102.968 102.968 102.968 102.968 102.968 102.968 102.968 102.968 102.968 102.968 102.968 102.968 102.968 102.968 102.968 102.968 102.968 102.968 102.968 102.968 102.968 102.968 102.968 102.968 102.968 102.968 102.968 102.968 102.968 102.968 102.968 102.968 102.968 102.968 102.968 102.968 102.968 102.968 102.968 102.968 102.968 102.968 102.968 102.968 102.968 102.968 102.968 
102.968 102.968 102.968 102.968 102.968 102.968 102.968 102.968 102.968 102.968 102.968 102.968 102.968 102.968 102.968 102.968 102.968 102.968 102.968 102.968 102.968 102.968 102.968 102.968 102.968 102.968 102.968 102.968 102.968 102.968 102.968 102.968 102.968 102.968 102.968 102.968 102.968 102.968 102.968 102.968 102.968 102.968 102.968 102.968 102.968 102.968 102.968 102.968 102.968 102.968 102.968 102.968 102.968 102.968 102.968 102.968 102.968 102.968 102.968 
102.968 102.968 102.968 102.968 102.968 102.968 102.968 102.968 102.968 102.968 102.968 102.968 102.968 102.968 102.968 102.968 102.968 102.968 102.968 102.968 102.968 102.968 102.968 102.968 102.968 102.968 102.968 102.968 102.968 102.968 102.968 102.968 102.968 102.968 102.968 102.968 102.968 102.968 102.968 102.968 102.968 102.968 102.968 102.968 102.968 102.968 102.968 102.968 102.968 102.968 102.968 102.968 102.968 102.968 102.968 102.968 102.968 102.968 102.968 
102.968 102.968 102.968 102.968 102.968 102.968 102.968 102.968 102.968 102.968 102.968 102.968 102.968 102.968 102.968 102.968 102.968 102.968 102.968 102.968 102.968 102.968 102.968 102.968 102.968 102.968 102.968 102.968 102.968 102.968 102.968 102.968 102.968 102.968 102.968 102.968 102.968 102.968 102.968 102.968 102.968 102.968 102.968 102.968 102.968 102.968 102.968 102.968 102.968 102.968 102.968 102.968 102.968 102.968 102.968 102.968 102.968 102.968 102.968 
102.968 102.968 102.968 102.968 102.968 102.968 102.968 102.968 102.968 102.968 102.968 102.968 102.968 102.968 102.968 102.968 102.968 102.968 102.968 102.968 102.968 102.968 102.968 102.968 102.968 102.968 102.968 102.968 102.968 102.968 102.968 102.968 102.968 102.968 102.968 102.968 102.968 102.968 102.968 102.968 102.968 102.968 102.968 102.968 102.968 102.968 102.968 102.968 102.968 102.968 102.968 102.968 102.968 102.968 102.968 102.968 102.968 102.968 102.968 
102.968 102.968 102.968 102.968 102.968 102.968 102.968 102.968 102.968 102.968 102.968 102.968 102.968 102.968 102.968 102.968 102.968 102.968 102.968 102.968 102.968 102.968 102.968 102.968 102.968 102.968 102.968 102.968 102.968 102.968 102.968 102.968 102.968 102.968 102.968 102.968 102.968 102.968 102.968 102.968 102.968 102.968 102.968 102.968 102.968 102.968 102.968 102.968 102.968 102.968 102.968 102.968 102.968 102.968 102.968 102.968 102.968 102.968 102.968 
102.968 102.968 102.968 102.968 102.968 102.968 102.968 102.968 102.968 102.968 102.968 102.968 102.968 102.968 102.968 102.968 102.968 102.968 102.968 102.968 102.968 102.968 102.968 102.968 102.968 102.968 102.968 102.968 102.968 102.968 102.968 102.968 102.968 102.968 102.968 102.968 102.968 102.968 102.968 102.968 102.968 102.968 102.968 102.968 102.968 102.968 102.968 102.968 102.968 102.968 102.968 102.968 102.968 102.968 102.968 102.968 102.968 102.968 102.968 
102.968 102.968 102.968 102.968 102.968 102.968 102.968 102.968 102.968 102.968 102.968 102.968 102.968 102.968 102.968 102.968 102.968 102.968 102.968 102.968 102.968 102.968 102.968 102.968 102.968 102.968 102.968 102.968 102.968 102.968 102.968 102.968 102.968 102.968 102.968 102.968 102.968 102.968 102.968 102.968 102.968 102.968 102.968 102.968 102.968 102.968 102.968 102.968 102.968 102.968 102.968 102.968 102.968 102.968 102.968 102.968 102.968 102.968 102.968 
102.968 102.968 102.968 102.968 102.968 102.968 102.968 102.968 102.968 102.968 102.968 102.968 102.968 102.968 102.968 102.968 102.968 102.968 102.968 102.968 102.968 102.968 102.968 102.968 102.968 102.968 102.968 102.968 102.968 102.968 102.968 102.968 102.968 102.968 102.968 102.968 102.968 102.968 102.968 102.968 102.968 102.968 102.968 102.968 102.968 102.968 102.968 102.968 102.968 102.968 102.968 102.968 102.968 102.968 102.968 102.968 102.968 102.968 102.968 
102.968 102.968 102.968 102.968 102.968 102.968 102.968 102.968 102.968 102.968 102.968 102.968 102.968 102.968 102.968 102.968 102.968 102.968 102.968 102.968 102.968 102.968 102.968 102.968 102.968 102.968 102.968 102.968 102.968 102.968 102.968 102.968 102.968 102.968 102.968 102.968 102.968 102.968 102.968 102.968 102.968 102.968 102.968 102.968 102.968 102.968 102.968 102.968 102.968 102.968 102.968 102.968 102.968 102.968 102.968 102.968 102.968 102.968 102.968 
102.968 102.968 102.968 102.968 102.968 102.968 102.968 102.968 102.968 102.968 102.968 102.968 102.968 102.968 102.968 102.968 102.968 102.968 102.968 102.968 102.968 102.968 102.968 102.968 102.968 102.968 102.968 102.968 102.968 102.968 102.968 102.968 102.968 102.968 102.968 102.968 102.968 102.968 102.968 102.968 102.968 102.968 102.968 102.968 102.968 102.968 102.968 102.968 102.968 102.968 102.968 102.968 102.968 102.968 102.968 102.968 102.968 102.968 102.968 
102.968 102.968 102.968 102.968 102.968 102.968 102.968 102.968 102.968 102.968 102.968 102.968 102.968 102.968 102.968 102.968 102.968 102.968 102.968 102.968 102.968 102.968 102.968 102.968 102.968 102.968 102.968 102.968 102.968 102.968 102.968 102.968 102.968 102.968 102.968 102.968 102.968 102.968 102.968 102.968 102.968 102.968 102.968 102.968 102.968 102.968 102.968 102.968 102.968 102.968 102.968 102.968 102.968 102.968 102.968 102.968 102.968 102.968 102.968 
102.968 102.968 102.968 102.968 102.968 102.968 102.968 102.968 102.968 102.968 102.968 102.968 102.968 102.968 102.968 102.968 102.968 102.968 102.968 102.968 102.968 102.968 102.968 102.968 102.968 102.968 102.968 102.968 102.968 102.968 102.968 102.968 102.968 102.968 102.968 102.968 102.968 102.968 102.968 102.968 102.968 102.968 102.968 102.968 102.968 102.968 102.968 102.968 102.968 102.968 102.968 102.968 102.968 102.968 102.968 102.968 102.968 102.968 102.968 
102.968 102.968 102.968 102.968 102.968 102.968 102.968 102.968 102.968 102.968 102.968 102.968 102.968 102.968 102.968 102.968 102.968 102.968 102.968 102.968 102.968 102.968 102.968 102.968 102.968 102.968 102.968 102.968 102.968 102.968 102.968 102.968 102.968 102.968 102.968 102.968 102.968 102.968 102.968 102.968 102.968 102.968 102.968 102.968 102.968 102.968 102.968 102.968 102.968 102.968 102.968 102.968 102.968 102.968 102.968 102.968 102.968 102.968 102.968 
102.968 102.968 102.968 102.968 102.968 102.968 102.968 102.968 102.968 102.968 102.968 102.968 102.968 102.968 102.968 102.968 102.968 102.968 102.968 102.968 102.968 102.968 102.968 102.968 102.968 102.968 102.968 102.968 102.968 102.968 102.968 102.968 102.968 102.968 102.968 102.968 102.968 102.968 102.968 102.968 102.968 102.968 102.968 102.968 102.968 102.968 102.968 102.968 102.968 102.968 102.968 102.968 102.968 102.968 102.968 102.968 102.968 102.968 102.968 
102.968 102.968 102.968 102.968 102.968 102.968 102.968 102.968 102.968 102.968 102.968 102.968 102.968 102.968 102.968 102.968 102.968 102.968 102.968 102.968 102.968 102.968 102.968 102.968 102.968 102.968 102.968 102.968 102.968 102.968 102.968 102.968 102.968 102.968 102.968 102.968 102.968 102.968 102.968 102.968 102.968 102.968 102.968 102.968 102.968 102.968 102.968 102.968 102.968 102.968 102.968 102.968 102.968 102.968 102.968 102.968 102.968 102.968 102.968 
102.968 102.968 102.968 102.968 102.968 102.968 102.968 102.968 102.968 102.968 102.968 102.968 102.968 102.968 102.968 102.968 102.968 102.968 102.968 102.968 102.968 102.968 102.968 102.968 102.968 102.968 102.968 102.968 102.968 102.968 102.968 102.968 102.968 102.968 102.968 102.968 102.968 102.968 102.968 102.968 102.968 102.968 102.968 102.968 102.968 102.968 102.968 102.968 102.968 102.968 102.968 102.968 102.968 102.968 102.968 102.968 102.968 102.968 102.968 
102.968 102.968 102.968 102.968 102.968 102.968 102.968 102.968 102.968 102.968 102.968 102.968 102.968 102.968 102.968 102.968 102.968 102.968 102.968 102.968 102.968 102.968 102.968 102.968 102.968 102.968 102.968 102.968 102.968 102.968 102.968 102.968 102.968 102.968 102.968 102.968 102.968 102.968 102.968 102.968 102.968 102.968 102.968 102.968 102.968 102.968 102.968 102.968 102.968 102.968 102.968 102.968 102.968 102.968 102.968 102.968 102.968 102.968 102.968 
102.968 102.968 102.968 102.968 102.968 102.968 102.968 102.968 102.968 102.968 102.968 102.968 102.968 102.968 102.968 102.968 102.968 102.968 102.968 102.968 102.968 102.968 102.968 102.968 102.968 102.968 102.968 102.968 102.968 102.968 102.968 102.968 102.968 102.968 102.968 102.968 102.968 102.968 102.968 102.968 102.968 102.968 102.968 102.968 102.968 102.968 102.968 102.968 102.968 102.968 102.968 102.968 102.968 102.968 102.968 102.968 102.968 102.968 102.968 
102.968 102.968 102.968 102.968 102.968 102.968 102.968 102.968 102.968 102.968 102.968 102.968 102.968 102.968 102.968 102.968 102.968 102.968 102.968 102.968 102.968 102.968 102.968 102.968 102.968 102.968 102.968 102.968 102.968 102.968 102.968 102.968 102.968 102.968 102.968 102.968 102.968 102.968 102.968 102.968 102.968 102.968 102.968 102.968 102.968 102.968 102.968 102.968 102.968 102.968 102.968 102.968 102.968 102.968 102.968 102.968 102.968 102.968 102.968 
102.968 102.968 102.968 102.968 102.968 102.968 102.968 102.968 102.968 102.968 102.968 102.968 102.968 102.968 102.968 102.968 102.968 102.968 102.968 102.968 102.968 102.968 102.968 102.968 102.968 102.968 102.968 102.968 102.968 102.968 102.968 102.968 102.968 102.968 102.968 102.968 102.968 102.968 102.968 102.968 102.968 102.968 102.968 102.968 102.968 102.968 102.968 102.968 102.968 102.968 102.968 102.968 102.968 102.968 102.968 102.968 102.968 102.968 102.968 
102.968 102.968 102.968 102.968 102.968 102.968 102.968 102.968 102.968 102.968 102.968 102.968 102.968 102.968 102.968 102.968 102.968 102.968 102.968 102.968 102.968 102.968 102.968 102.968 102.968 102.968 102.968 102.968 102.968 102.968 102.968 102.968 102.968 102.968 102.968 102.968 102.968 102.968 102.968 102.968 102.968 102.968 102.968 102.968 102.968 102.968 102.968 102.968 102.968 102.968 102.968 102.968 102.968 102.968 102.968 102.968 102.968 102.968 102.968 
102.968 102.968 102.968 102.968 102.968 102.968 102.968 102.968 102.968 102.968 102.968 102.968 102.968 102.968 102.968 102.968 102.968 102.968 102.968 102.968 102.968 102.968 102.968 102.968 102.968 102.968 102.968 102.968 102.968 102.968 102.968 102.968 102.968 102.968 102.968 102.968 102.968 102.968 102.968 102.968 102.968 102.968 102.968 102.968 102.968 102.968 102.968 102.968 102.968 102.968 102.968 102.968 102.968 102.968 102.968 102.968 102.968 102.968 102.968 
102.968 102.968 102.968 102.968 102.968 102.968 102.968 102.968 102.968 102.968 102.968 102.968 102.968 102.968 102.968 102.968 102.968 102.968 102.968 102.968 102.968 102.968 102.968 102.968 102.968 102.968 102.968 102.968 102.968 102.968 102.968 102.968 102.968 102.968 102.968 102.968 102.968 102.968 102.968 102.968 102.968 102.968 102.968 102.968 102.968 102.968 102.968 102.968 102.968 102.968 102.968 102.968 102.968 102.968 102.968 102.968 102.968 102.968 102.968 
102.968 102.968 102.968 102.968 102.968 102.968 102.968 102.968 102.968 102.968 102.968 102.968 102.968 102.968 102.968 102.968 102.968 102.968 102.968 102.968 102.968 102.968 102.968 102.968 102.968 102.968 102.968 102.968 102.968 102.968 102.968 102.968 102.968 102.968 102.968 102.968 102.968 102.968 102.968 102.968 102.968 102.968 102.968 102.968 102.968 102.968 102.968 102.968 102.968 102.968 102.968 102.968 102.968 102.968 102.968 102.968 102.968 102.968 102.968 
102.968 102.968 102.968 102.968 102.968 102.968 102.968 102.968 102.968 102.968 102.968 102.968 102.968 102.968 102.968 102.968 102.968 102.968 102.968 102.968 102.968 102.968 102.968 102.968 102.968 102.968 102.968 102.968 102.968 102.968 102.968 102.968 102.968 102.968 102.968 102.968 102.968 102.968 102.968 102.968 102.968 102.968 102.968 102.968 102.968 102.968 102.968 102.968 102.968 102.968 102.968 102.968 102.968 102.968 102.968 102.968 102.968 102.968 102.968 
102.968 102.968 102.968 102.968 102.968 102.968 102.968 102.968 102.968 102.968 102.968 102.968 102.968 102.968 102.968 102.968 102.968 102.968 102.968 102.968 102.968 102.968 102.968 102.968 102.968 102.968 102.968 102.968 102.968 102.968 102.968 102.968 102.968 102.968 102.968 102.968 102.968 102.968 102.968 102.968 102.968 102.968 102.968 102.968 102.968 102.968 102.968 102.968 102.968 102.968 102.968 102.968 102.968 102.968 102.968 102.968 102.968 102.968 102.968 
102.968 102.968 102.968 102.968 102.968 102.968 102.968 102.968 102.968 102.968 102.968 102.968 102.968 102.968 102.968 102.968 102.968 102.968 102.968 102.968 102.968 102.968 102.968 102.968 102.968 102.968 102.968 102.968 102.968 102.968 102.968 102.968 102.968 102.968 102.968 102.968 102.968 102.968 102.968 102.968 102.968 102.968 102.968 102.968 102.968 102.968 102.968 102.968 102.968 102.968 102.968 102.968 102.968 102.968 102.968 102.968 102.968 102.968 102.968 
102.968 102.968 102.968 102.968 102.968 102.968 102.968 102.968 102.968 102.968 102.968 102.968 102.968 102.968 102.968 102.968 102.968 102.968 102.968 102.968 102.968 102.968 102.968 102.968 102.968 102.968 102.968 102.968 102.968 102.968 102.968 102.968 102.968 102.968 102.968 102.968 102.968 102.968 102.968 102.968 102.968 102.968 102.968 102.968 102.968 102.968 102.968 102.968 102.968 102.968 102.968 102.968 102.968 102.968 102.968 102.968 102.968 102.968 102.968 
102.968 102.968 102.968 102.968 102.968 102.968 102.968 102.968 102.968 102.968 102.968 102.968 102.968 102.968 102.968 102.968 102.968 102.968 102.968 102.968 102.968 102.968 102.968 102.968 102.968 102.968 102.968 102.968 102.968 102.968 102.968 102.968 102.968 102.968 102.968 102.968 102.968 102.968 102.968 102.968 102.968 102.968 102.968 102.968 102.968 102.968 102.968 102.968 102.968 102.968 102.968 102.968 102.968 102.968 102.968 102.968 102.968 102.968 102.968 
102.968 102.968 102.968 102.968 102.968 102.968 102.968 102.968 102.968 102.968 102.968 102.968 102.968 102.968 102.968 102.968 102.968 102.968 102.968 102.968 102.968 102.968 102.968 102.968 102.968 102.968 102.968 102.968 102.968 102.968 102.968 102.968 102.968 102.968 102.968 102.968 102.968 102.968 102.968 102.968 102.968 102.968 102.968 102.968 102.968 102.968 102.968 102.968 102.968 102.968 102.968 102.968 102.968 102.968 102.968 102.968 102.968 102.968 102.968 
102.968 102.968 102.968 102.968 102.968 102.968 102.968 102.968 102.968 102.968 102.968 102.968 102.968 102.968 102.968 102.968 102.968 102.968 102.968 102.968 102.968 102.968 102.968 102.968 102.968 102.968 102.968 102.968 102.968 102.968 102.968 102.968 102.968 102.968 102.968 102.968 102.968 102.968 102.968 102.968 102.968 102.968 102.968 102.968 102.968 102.968 102.968 102.968 102.968 102.968 102.968 102.968 102.968 102.968 102.968 102.968 102.968 102.968 102.968 
102.968 102.968 102.968 102.968 102.968 102.968 102.968 102.968 102.968 102.968 102.968 102.968 102.968 102.968 102.968 102.968 102.968 102.968 102.968 102.968 102.968 102.968 102.968 102.968 102.968 102.968 102.968 102.968 102.968 102.968 102.968 102.968 102.968 102.968 102.968 102.968 102.968 102.968 102.968 102.968 102.968 102.968 102.968 102.968 102.968 102.968 102.968 102.968 102.968 102.968 102.968 102.968 102.968 102.968 102.968 102.968 102.968 102.968 102.968 
102.968 102.968 102.968 102.968 102.968 102.968 102.968 102.968 102.968 102.968 102.968 102.968 102.968 102.968 102.968 102.968 102.968 102.968 102.968 102.968 102.968 102.968 102.968 102.968 102.968 102.968 102.968 102.968 102.968 102.968 102.968 102.968 102.968 102.968 102.968 102.968 102.968 102.968 102.968 102.968 102.968 102.968 102.968 102.968 102.968 102.968 102.968 102.968 102.968 102.968 102.968 102.968 102.968 102.968 102.968 102.968 102.968 102.968 102.968 
102.968 102.968 102.968 102.968 102.968 102.968 102.968 102.968 102.968 102.968 102.968 102.968 102.968 102.968 102.968 102.968 102.968 102.968 102.968 102.968 102.968 102.968 102.968 102.968 102.968 102.968 102.968 102.968 102.968 102.968 102.968 102.968 102.968 102.968 102.968 102.968 102.968 102.968 102.968 102.968 102.968 102.968 102.968 102.968 102.968 102.968 102.968 102.968 102.968 102.968 102.968 102.968 102.968 102.968 102.968 102.968 102.968 102.968 102.968 
102.968 102.968 102.968 102.968 102.968 102.968 102.968 102.968 102.968 102.968 102.968 102.968 102.968 102.968 102.968 102.968 102.968 102.968 102.968 102.968 102.968 102.968 102.968 102.968 102.968 102.968 102.968 102.968 102.968 102.968 102.968 102.968 102.968 102.968 102.968 102.968 102.968 102.968 102.968 102.968 102.968 102.968 102.968 102.968 102.968 102.968 102.968 102.968 102.968 102.968 102.968 102.968 102.968 102.968 102.968 102.968 102.968 102.968 102.968 
102.968 102.968 102.968 102.968 102.968 102.968 102.968 102.968 102.968 102.968 102.968 102.968 102.968 102.968 102.968 102.968 102.968 102.968 102.968 102.968 102.968 102.968 102.968 102.968 102.968 102.968 102.968 102.968 102.968 102.968 102.968 102.968 102.968 102.968 102.968 102.968 102.968 102.968 102.968 102.968 102.968 102.968 102.968 102.968 102.968 102.968 102.968 102.968 102.968 102.968 102.968 102.968 102.968 102.968 102.968 102.968 102.968 102.968 102.968 
102.968 102.968 102.968 102.968 102.968 102.968 102.968 102.968 102.968 102.968 102.968 102.968 102.968 102.968 102.968 102.968 102.968 102.968 102.968 102.968 102.968 102.968 102.968 102.968 102.968 102.968 102.968 102.968 102.968 102.968 102.968 102.968 102.968 102.968 102.968 102.968 102.968 102.968 102.968 102.968 102.968 102.968 102.968 102.968 102.968 102.968 102.968 102.968 102.968 102.968 102.968 102.968 102.968 102.968 102.968 102.968 102.968 102.968 102.968 
102.968 102.968 102.968 102.968 102.968 102.968 102.968 102.968 102.968 102.968 102.968 102.968 102.968 102.968 102.968 102.968 102.968 102.968 102.968 102.968 102.968 102.968 102.968 102.968 102.968 102.968 102.968 102.968 102.968 102.968 102.968 102.968 102.968 102.968 102.968 102.968 102.968 102.968 102.968 102.968 102.968 102.968 102.968 102.968 102.968 102.968 102.968 102.968 102.968 102.968 102.968 102.968 102.968 102.968 102.968 102.968 102.968 102.968 102.968 
102.968 102.968 102.968 102.968 102.968 102.968 102.968 102.968 102.968 102.968 102.968 102.968 102.968 102.968 102.968 102.968 102.968 102.968 102.968 102.968 102.968 102.968 102.968 102.968 102.968 102.968 102.968 102.968 102.968 102.968 102.968 102.968 102.968 102.968 102.968 102.968 102.968 102.968 102.968 102.968 102.968 102.968 102.968 102.968 102.968 102.968 102.968 102.968 102.968 102.968 102.968 102.968 102.968 102.968 102.968 102.968 102.968 102.968 102.968 
102.968 102.968 102.968 102.968 102.968 102.968 102.968 102.968 102.968 102.968 102.968 102.968 102.968 102.968 102.968 102.968 102.968 102.968 102.968 102.968 102.968 102.968 102.968 102.968 102.968 102.968 102.968 102.968 102.968 102.968 102.968 102.968 102.968 102.968 102.968 102.968 102.968 102.968 102.968 102.968 102.968 102.968 102.968 102.968 102.968 102.968 102.968 102.968 102.968 102.968 102.968 102.968 102.968 102.968 102.968 102.968 102.968 102.968 102.968 
102.968 102.968 102.968 102.968 102.968 102.968 102.968 102.968 102.968 102.968 102.968 102.968 102.968 102.968 102.968 102.968 102.968 102.968 102.968 102.968 102.968 102.968 102.968 102.968 102.968 102.968 102.968 102.968 102.968 102.968 102.968 102.968 102.968 102.968 102.968 102.968 102.968 102.968 102.968 102.968 102.968 102.968 102.968 102.968 102.968 102.968 102.968 102.968 102.968 102.968 102.968 102.968 102.968 102.968 102.968 102.968 102.968 102.968 102.968 
102.968 102.968 102.968 102.968 102.968 102.968 102.968 102.968 102.968 102.968 102.968 102.968 102.968 102.968 102.968 102.968 102.968 102.968 102.968 102.968 102.968 102.968 102.968 102.968 102.968 102.968 102.968 102.968 102.968 102.968 102.968 102.968 102.968 102.968 102.968 102.968 102.968 102.968 102.968 102.968 102.968 102.968 102.968 102.968 102.968 102.968 102.968 102.968 102.968 102.968 102.968 102.968 102.968 102.968 102.968 102.968 102.968 102.968 102.968 
102.968 102.968 102.968 102.968 102.968 102.968 102.968 102.968 102.968 102.968 102.968 102.968 102.968 102.968 102.968 102.968 102.968 102.968 102.968 102.968 102.968 102.968 102.968 102.968 102.968 102.968 102.968 102.968 102.968 102.968 102.968 102.968 102.968 102.968 102.968 102.968 102.968 102.968 102.968 102.968 102.968 102.968 102.968 102.968 102.968 102.968 102.968 102.968 102.968 102.968 102.968 102.968 102.968 102.968 102.968 102.968 102.968 102.968 102.968 
102.968 102.968 102.968 102.968 102.968 102.968 102.968 102.968 102.968 102.968 102.968 102.968 102.968 102.968 102.968 102.968 102.968 102.968 102.968 102.968 102.968 102.968 102.968 102.968 102.968 102.968 102.968 102.968 102.968 102.968 102.968 102.968 102.968 102.968 102.968 102.968 102.968 102.968 102.968 102.968 102.968 102.968 102.968 102.968 102.968 102.968 102.968 102.968 102.968 102.968 102.968 102.968 102.968 102.968 102.968 102.968 102.968 102.968 102.968 
102.968 102.968 102.968 102.968 102.968 102.968 102.968 102.968 102.968 102.968 102.968 102.968 102.968 102.968 102.968 102.968 102.968 102.968 102.968 102.968 102.968 102.968 102.968 102.968 102.968 102.968 102.968 102.968 102.968 102.968 102.968 102.968 102.968 102.968 102.968 102.968 102.968 102.968 102.968 102.968 102.968 102.968 102.968 102.968 102.968 102.968 102.968 102.968 102.968 102.968 102.968 102.968 102.968 102.968 102.968 102.968 102.968 102.968 102.968 
102.968 102.968 102.968 102.968 102.968 102.968 102.968 102.968 102.968 102.968 102.968 102.968 102.968 102.968 102.968 102.968 102.968 102.968 102.968 102.968 102.968 102.968 102.968 102.968 102.968 102.968 102.968 102.968 102.968 102.968 102.968 102.968 102.968 102.968 102.968 102.968 102.968 102.968 102.968 102.968 102.968 102.968 102.968 102.968 102.968 102.968 102.968 102.968 102.968 102.968 102.968 102.968 102.968 102.968 102.968 102.968 102.968 102.968 102.968 
102.968 102.968 102.968 102.968 102.968 102.968 102.968 102.968 102.968 102.968 102.968 102.968 102.968 102.968 102.968 102.968 102.968 102.968 102.968 102.968 102.968 102.968 102.968 102.968 102.968 102.968 102.968 102.968 102.968 102.968 102.968 102.968 102.968 102.968 102.968 102.968 102.968 102.968 102.968 102.968 102.968 102.968 102.968 102.968 102.968 102.968 102.968 102.968 102.968 102.968 102.968 102.968 102.968 102.968 102.968 102.968 102.968 102.968 102.968 
102.968 102.968 102.968 102.968 102.968 102.968 102.968 102.968 102.968 102.968 102.968 102.968 102.968 102.968 102.968 102.968 102.968 102.968 102.968 102.968 102.968 102.968 102.968 102.968 102.968 102.968 102.968 102.968 102.968 102.968 102.968 102.968 102.968 102.968 102.968 102.968 102.968 102.968 102.968 102.968 102.968 102.968 102.968 102.968 102.968 102.968 102.968 102.968 102.968 102.968 102.968 102.968 102.968 102.968 102.968 102.968 102.968 102.968 102.968 
102.968 102.968 102.968 102.968 102.968 102.968 102.968 102.968 102.968 102.968 102.968 102.968 102.968 102.968 102.968 102.968 102.968 102.968 102.968 102.968 102.968 102.968 102.968 102.968 102.968 102.968 102.968 102.968 102.968 102.968 102.968 102.968 102.968 102.968 102.968 102.968 102.968 102.968 102.968 102.968 102.968 102.968 102.968 102.968 102.968 102.968 102.968 102.968 102.968 102.968 102.968 102.968 102.968 102.968 102.968 102.968 102.968 102.968 102.968 
102.968 102.968 102.968 102.968 102.968 102.968 102.968 102.968 102.968 102.968 102.968 102.968 102.968 102.968 102.968 102.968 102.968 102.968 102.968 102.968 102.968 102.968 102.968 102.968 102.968 102.968 102.968 102.968 102.968 102.968 102.968 102.968 102.968 102.968 102.968 102.968 102.968 102.968 102.968 102.968 102.968 102.968 102.968 102.968 102.968 102.968 102.968 102.968 102.968 102.968 102.968 102.968 102.968 102.968 102.968 102.968 102.968 102.968 102.968 
102.968 102.968 102.968 102.968 102.968 102.968 102.968 102.968 102.968 102.968 102.968 102.968 102.968 102.968 102.968 102.968 102.968 102.968 102.968 102.968 102.968 102.968 102.968 102.968 102.968 102.968 102.968 102.968 102.968 102.968 102.968 102.968 102.968 102.968 102.968 102.968 102.968 102.968 102.968 102.968 102.968 102.968 102.968 102.968 102.968 102.968 102.968 102.968 102.968 102.968 102.968 102.968 102.968 102.968 102.968 102.968 102.968 102.968 102.968 
102.968 102.968 102.968 102.968 102.968 102.968 102.968 102.968 102.968 102.968 102.968 102.968 102.968 102.968 102.968 102.968 102.968 102.968 102.968 102.968 102.968 102.968 102.968 102.968 102.968 102.968 102.968 102.968 102.968 102.968 102.968 102.968 102.968 102.968 102.968 102.968 102.968 102.968 102.968 102.968 102.968 102.968 102.968 102.968 102.968 102.968 102.968 102.968 102.968 102.968 102.968 102.968 102.968 102.968 102.968 102.968 102.968 102.968 102.968 
102.968 102.968 102.968 102.968 102.968 102.968 102.968 102.968 102.968 102.968 102.968 102.968 102.968 102.968 102.968 102.968 102.968 102.968 102.968 102.968 102.968 102.968 102.968 102.968 102.968 102.968 102.968 102.968 102.968 102.968 102.968 102.968 102.968 102.968 102.968 102.968 102.968 102.968 102.968 102.968 102.968 102.968 102.968 102.968 102.968 102.968 102.968 102.968 102.968 102.968 102.968 102.968 102.968 102.968 102.968 102.968 102.968 102.968 102.968 
