# org_id,org_cellx,org_celly,org_forage_target,org_group_id,org_facing
52514292,29,8,-1,-1,7
52510199,37,34,-1,-1,0
52516330,6,8,-1,-1,5
52511296,9,54,-1,-1,5
52517385,52,6,-1,-1,1
52515677,0,53,-1,-1,4
52508176,6,50,-1,-1,4
52505632,30,18,-1,-1,0
52513799,35,39,-1,-1,7
52514467,24,48,-1,-1,1
52514498,44,57,-1,-1,2
52516684,35,49,-1,-1,7
52511519,34,37,-1,-1,2
52513509,22,1,-1,-1,6
52510655,58,26,-1,-1,0
52517432,24,2,-1,-1,5
52517582,25,52,-1,-1,6
52509307,51,10,-1,-1,7
52513769,29,55,-1,-1,3
52513407,54,27,-1,-1,7
52510895,36,32,-1,-1,0
52515363,2,57,-1,-1,0
52516511,9,38,-1,-1,5
52515953,38,19,-1,-1,3
52509724,58,33,-1,-1,4
52517520,57,9,-1,-1,4
52517427,54,53,-1,-1,1
52516190,32,35,-1,-1,1
52516810,43,57,-1,-1,7
52516052,8,16,-1,-1,5
52513335,4,48,-1,-1,2
52515113,18,56,-1,-1,7
52515182,5,2,-1,-1,7
52515441,45,30,-1,-1,1
52514930,41,24,-1,-1,0
52515918,14,42,-1,-1,3
52516457,11,10,-1,-1,4
52516679,31,1,-1,-1,0
52515629,0,14,-1,-1,4
52515145,9,12,-1,-1,7
52513906,12,30,-1,-1,1
52515966,32,33,-1,-1,2
52507999,6,36,-1,-1,1
52517371,26,35,-1,-1,6
52514319,39,38,-1,-1,3
52503018,47,8,-1,-1,5
52503349,33,4,-1,-1,6
52514746,15,23,-1,-1,3
52501720,55,10,-1,-1,5
52505096,33,58,-1,-1,6
52516631,12,40,-1,-1,5
52502603,31,54,-1,-1,2
52513715,9,2,-1,-1,1
52517402,6,15,-1,-1,3
52515791,49,37,-1,-1,0
52516415,42,11,-1,-1,2
52511896,27,17,-1,-1,0
52512064,39,20,-1,-1,7
52515628,1,11,-1,-1,0
52502936,44,52,-1,-1,2
52515696,37,52,-1,-1,7
52516479,53,52,-1,-1,3
52512025,12,47,-1,-1,0
52516112,51,49,-1,-1,7
52514878,9,32,-1,-1,6
52511904,31,40,-1,-1,6
52511118,7,58,-1,-1,7
52486709,24,58,-1,-1,2
52514061,31,0,-1,-1,2
52507463,17,39,-1,-1,5
52516655,27,20,-1,-1,3
52516273,44,45,-1,-1,4
52517252,18,14,-1,-1,2
52516244,51,24,-1,-1,2
52517243,24,54,-1,-1,3
52508622,46,23,-1,-1,6
52515990,57,13,-1,-1,3
52517440,22,26,-1,-1,7
52503121,19,53,-1,-1,7
52516812,27,25,-1,-1,1
52516683,38,1,-1,-1,5
52517016,36,24,-1,-1,1
52513982,28,56,-1,-1,6
52516070,26,17,-1,-1,0
52516315,38,21,-1,-1,0
52512925,12,33,-1,-1,4
52507489,58,50,-1,-1,6
52517130,57,5,-1,-1,6
52515651,8,37,-1,-1,1
52515039,48,34,-1,-1,3
52513379,47,36,-1,-1,0
52514796,41,20,-1,-1,3
52516701,53,45,-1,-1,7
52512809,30,30,-1,-1,5
52512291,0,3,-1,-1,4
52517205,41,25,-1,-1,2
52517210,24,17,-1,-1,0
52516732,13,34,-1,-1,4
52511621,57,0,-1,-1,4
52516066,20,14,-1,-1,5
52510662,40,34,-1,-1,1
52517400,28,42,-1,-1,3
52514550,20,9,-1,-1,1
52514528,56,5,-1,-1,7
52516638,53,17,-1,-1,2
52516671,49,26,-1,-1,6
52517481,28,8,-1,-1,5
52514097,0,40,-1,-1,4
52514162,51,48,-1,-1,5
52517555,19,47,-1,-1,3
52512750,12,20,-1,-1,0
52517410,14,11,-1,-1,4
52515936,27,4,-1,-1,2
52511802,12,24,-1,-1,5
52513456,10,53,-1,-1,5
52514665,40,3,-1,-1,1
52514989,58,12,-1,-1,4
52516551,45,13,-1,-1,6
52509425,36,29,-1,-1,7
52510686,22,18,-1,-1,0
52513451,35,33,-1,-1,5
52516091,20,51,-1,-1,3
52517099,25,7,-1,-1,2
52513904,32,19,-1,-1,6
52515074,13,2,-1,-1,0
52515787,7,37,-1,-1,3
52517384,49,1,-1,-1,4
52516167,8,52,-1,-1,4
52517005,1,6,-1,-1,6
52517215,27,8,-1,-1,2
52516313,54,37,-1,-1,3
52513385,24,26,-1,-1,5
52516115,10,7,-1,-1,1
52511093,39,4,-1,-1,3
52515468,57,36,-1,-1,6
52512242,5,52,-1,-1,3
52517461,45,10,-1,-1,4
52516331,1,18,-1,-1,1
52516157,8,57,-1,-1,2
52515390,9,48,-1,-1,5
52517112,56,7,-1,-1,4
52517351,22,41,-1,-1,1
52514857,34,27,-1,-1,4
52513213,12,53,-1,-1,2
52511972,29,16,-1,-1,7
52505530,58,0,-1,-1,6
52515722,23,54,-1,-1,3
52516423,23,30,-1,-1,5
52516336,13,19,-1,-1,7
52515116,3,54,-1,-1,4
52513054,33,54,-1,-1,0
52512139,13,17,-1,-1,1
52515944,46,1,-1,-1,1
52514098,24,22,-1,-1,6
52512315,38,9,-1,-1,5
52509550,6,27,-1,-1,0
52516530,22,56,-1,-1,5
52514527,6,41,-1,-1,4
52515764,4,37,-1,-1,2
52512582,14,45,-1,-1,2
52516907,12,44,-1,-1,7
52517585,15,44,-1,-1,5
52514751,22,13,-1,-1,0
52513585,44,24,-1,-1,5
52514393,22,36,-1,-1,1
52516029,19,16,-1,-1,3
52515508,57,6,-1,-1,2
52517106,40,9,-1,-1,4
52515454,50,55,-1,-1,2
52512814,4,24,-1,-1,3
52517468,30,42,-1,-1,4
52506861,10,19,-1,-1,7
52516668,0,41,-1,-1,4
52515657,4,58,-1,-1,7
52510581,45,53,-1,-1,6
52516630,25,37,-1,-1,5
52515916,35,13,-1,-1,5
52515932,9,53,-1,-1,4
52512731,36,22,-1,-1,5
52515258,48,37,-1,-1,5
52513464,36,45,-1,-1,3
52505984,56,22,-1,-1,2
52514033,48,24,-1,-1,7
52505757,49,8,-1,-1,3
52515482,23,2,-1,-1,3
52511267,50,41,-1,-1,5
52516953,39,37,-1,-1,4
52514780,3,41,-1,-1,6
52512950,42,29,-1,-1,6
52513772,46,24,-1,-1,6
52516926,31,47,-1,-1,6
52508164,17,46,-1,-1,4
52515538,23,9,-1,-1,2
52516174,34,57,-1,-1,4
52512024,31,30,-1,-1,0
52515328,44,50,-1,-1,3
52516034,40,14,-1,-1,4
52516458,21,48,-1,-1,0
52514637,21,50,-1,-1,2
52510068,42,37,-1,-1,5
52517365,44,2,-1,-1,0
52517454,6,49,-1,-1,2
52517160,29,0,-1,-1,3
52511237,19,15,-1,-1,4
52516714,2,37,-1,-1,5
52517422,57,32,-1,-1,1
52513467,42,56,-1,-1,4
52511132,49,29,-1,-1,5
52517482,6,21,-1,-1,3
52516612,53,16,-1,-1,0
52516103,49,15,-1,-1,5
52516037,13,9,-1,-1,4
52517258,10,5,-1,-1,5
52514129,12,48,-1,-1,0
52509475,49,43,-1,-1,4
52516223,11,46,-1,-1,3
52516954,35,3,-1,-1,2
52512192,53,54,-1,-1,4
52516967,20,10,-1,-1,4
52511661,47,33,-1,-1,1
52516690,32,42,-1,-1,1
52512818,11,13,-1,-1,4
52517332,48,13,-1,-1,2
52513795,24,49,-1,-1,4
52515285,12,5,-1,-1,0
52515530,57,44,-1,-1,3
52512995,47,27,-1,-1,4
52514981,12,12,-1,-1,6
52516610,10,16,-1,-1,6
52512371,50,34,-1,-1,6
52517464,1,32,-1,-1,2
52502440,11,53,-1,-1,4
52517430,42,45,-1,-1,6
52516615,55,1,-1,-1,5
52516724,58,4,-1,-1,5
52514271,35,23,-1,-1,5
52517228,34,33,-1,-1,1
52509354,56,39,-1,-1,6
52512205,7,6,-1,-1,4
52513828,6,16,-1,-1,0
52513781,32,36,-1,-1,0
52515594,39,39,-1,-1,7
52512740,44,43,-1,-1,1
52511669,0,11,-1,-1,3
52516787,28,34,-1,-1,6
52517174,21,35,-1,-1,1
52512015,56,11,-1,-1,1
52516106,15,11,-1,-1,1
52514003,55,38,-1,-1,3
52511029,25,1,-1,-1,2
52515319,12,3,-1,-1,6
52516727,7,11,-1,-1,0
52514423,6,22,-1,-1,3
52512099,5,12,-1,-1,7
52504588,51,12,-1,-1,7
52514229,41,45,-1,-1,4
52514403,5,0,-1,-1,3
52514233,1,19,-1,-1,1
52517247,4,17,-1,-1,3
52516584,51,13,-1,-1,7
52517256,7,48,-1,-1,7
52511599,12,0,-1,-1,3
52517207,42,48,-1,-1,0
52515127,0,58,-1,-1,2
52514055,2,19,-1,-1,0
52510499,23,37,-1,-1,5
52514115,26,40,-1,-1,4
52512625,15,50,-1,-1,0
52514068,27,45,-1,-1,3
52517150,13,12,-1,-1,5
52513275,36,40,-1,-1,3
52512394,47,26,-1,-1,4
52512188,57,20,-1,-1,1
52516469,41,4,-1,-1,2
52510112,14,31,-1,-1,2
52515998,35,45,-1,-1,3
52514646,41,19,-1,-1,7
52516826,16,29,-1,-1,1
52507657,30,51,-1,-1,6
52517589,2,34,-1,-1,3
52503943,14,12,-1,-1,5
52517273,24,47,-1,-1,5
52517155,37,7,-1,-1,5
52516354,32,7,-1,-1,1
52512008,41,57,-1,-1,3
52513351,10,36,-1,-1,7
52515471,53,19,-1,-1,6
52516081,36,52,-1,-1,3
52510294,24,53,-1,-1,2
52507331,57,52,-1,-1,1
52514654,44,56,-1,-1,1
52515975,39,24,-1,-1,4
52517209,46,58,-1,-1,1
52514140,16,8,-1,-1,4
52515822,37,22,-1,-1,4
52514644,3,5,-1,-1,5
52517311,15,0,-1,-1,3
52515738,54,41,-1,-1,2
52513997,22,49,-1,-1,5
52511995,40,22,-1,-1,6
52512330,18,29,-1,-1,4
52517324,45,45,-1,-1,3
52515642,11,2,-1,-1,1
52514217,26,56,-1,-1,0
52508216,32,17,-1,-1,1
52509029,5,41,-1,-1,7
52512079,9,6,-1,-1,4
52516505,41,10,-1,-1,5
52508103,53,31,-1,-1,6
52517088,13,14,-1,-1,4
52514497,16,39,-1,-1,2
52516640,9,25,-1,-1,6
52517502,57,50,-1,-1,2
52515933,2,39,-1,-1,0
52516996,4,47,-1,-1,5
52513857,54,12,-1,-1,4
52513887,33,10,-1,-1,3
52508874,36,38,-1,-1,5
52514863,18,34,-1,-1,5
52514312,47,22,-1,-1,2
52516305,17,31,-1,-1,2
52516715,57,1,-1,-1,0
52510635,43,58,-1,-1,1
52515498,38,46,-1,-1,1
52516676,33,9,-1,-1,7
52512289,16,14,-1,-1,2
52514573,57,27,-1,-1,3
52516888,20,25,-1,-1,3
52515655,29,46,-1,-1,3
52513156,14,47,-1,-1,7
52517537,14,58,-1,-1,1
52517534,45,6,-1,-1,4
52516419,23,21,-1,-1,4
52515381,51,21,-1,-1,2
52516743,37,40,-1,-1,3
52517123,39,2,-1,-1,3
52516963,41,46,-1,-1,7
52516895,36,6,-1,-1,5
52511016,8,6,-1,-1,4
52511809,35,29,-1,-1,3
52517564,46,37,-1,-1,3
52514284,21,20,-1,-1,3
52515883,44,17,-1,-1,3
52516496,22,12,-1,-1,0
52516381,27,16,-1,-1,3
52514215,18,53,-1,-1,7
52517199,24,1,-1,-1,1
52517389,50,58,-1,-1,2
52516830,10,21,-1,-1,0
52517415,2,46,-1,-1,7
52505048,3,46,-1,-1,3
52516041,26,12,-1,-1,0
52511853,58,28,-1,-1,7
52516153,33,3,-1,-1,2
52510957,38,0,-1,-1,5
52516879,13,22,-1,-1,0
52506641,50,29,-1,-1,4
52517594,39,35,-1,-1,4
52514669,56,53,-1,-1,0
52516731,23,14,-1,-1,3
52515358,19,14,-1,-1,6
52516014,13,58,-1,-1,1
52513597,0,51,-1,-1,4
52512759,31,4,-1,-1,2
52516656,48,2,-1,-1,6
52515652,51,17,-1,-1,4
52513484,57,25,-1,-1,7
52514979,21,53,-1,-1,0
52505594,25,33,-1,-1,1
52511814,42,27,-1,-1,4
52517529,23,46,-1,-1,7
52515671,24,5,-1,-1,5
52516775,32,18,-1,-1,4
52516688,18,50,-1,-1,3
52513230,26,1,-1,-1,5
52514722,32,27,-1,-1,2
52516163,13,41,-1,-1,5
52516719,56,25,-1,-1,1
52516581,46,44,-1,-1,4
52514733,5,45,-1,-1,7
52515848,40,8,-1,-1,3
52510003,48,22,-1,-1,5
52510572,8,53,-1,-1,6
52517574,54,36,-1,-1,6
52515884,20,47,-1,-1,6
52514038,53,51,-1,-1,6
52516757,8,51,-1,-1,7
52515035,41,49,-1,-1,6
52516643,25,5,-1,-1,0
52516343,27,15,-1,-1,2
52515405,24,0,-1,-1,4
52514891,5,54,-1,-1,1
52516776,30,34,-1,-1,2
52517004,8,9,-1,-1,7
52516819,14,39,-1,-1,2
52517320,4,55,-1,-1,3
52517497,8,35,-1,-1,3
52509428,9,41,-1,-1,0
52514428,47,21,-1,-1,1
52517022,4,44,-1,-1,3
52513246,44,30,-1,-1,3
52515931,42,6,-1,-1,2
52511473,2,42,-1,-1,5
52511866,27,56,-1,-1,7
52512171,1,44,-1,-1,1
52516751,42,17,-1,-1,5
52509615,26,3,-1,-1,7
52516799,13,42,-1,-1,5
52514453,33,35,-1,-1,7
52516351,23,8,-1,-1,6
52516599,35,22,-1,-1,7
52512282,25,53,-1,-1,0
52517508,38,18,-1,-1,5
52513345,44,1,-1,-1,7
52515474,57,18,-1,-1,6
52512385,27,53,-1,-1,2
52517496,32,14,-1,-1,4
52514725,32,23,-1,-1,6
52516712,44,49,-1,-1,1
52511202,5,49,-1,-1,0
52517071,39,26,-1,-1,1
52516318,58,2,-1,-1,0
52517292,16,11,-1,-1,1
52514726,41,47,-1,-1,2
52516653,22,42,-1,-1,1
52517533,20,12,-1,-1,4
52510564,0,54,-1,-1,3
52515047,25,8,-1,-1,6
52517591,20,34,-1,-1,0
52516258,37,26,-1,-1,2
52512937,24,3,-1,-1,6
52515996,18,21,-1,-1,6
52515460,43,12,-1,-1,6
52515676,4,40,-1,-1,6
52516594,37,12,-1,-1,6
52514565,8,8,-1,-1,0
52517246,21,40,-1,-1,4
52516497,31,25,-1,-1,2
52515713,46,15,-1,-1,6
52517472,0,5,-1,-1,0
52516176,38,47,-1,-1,7
52515183,16,47,-1,-1,7
52492712,56,58,-1,-1,6
52517313,48,35,-1,-1,2
52516462,31,53,-1,-1,3
52516346,2,44,-1,-1,1
52513313,15,45,-1,-1,2
52510599,22,10,-1,-1,7
52516079,37,3,-1,-1,1
52515314,13,53,-1,-1,0
52516847,55,58,-1,-1,2
52506549,21,24,-1,-1,2
52508805,43,52,-1,-1,7
52517164,58,38,-1,-1,5
52513308,8,55,-1,-1,1
52516020,14,25,-1,-1,6
52515298,13,3,-1,-1,6
52508681,16,4,-1,-1,6
52513533,55,50,-1,-1,5
52514363,51,4,-1,-1,3
52513348,35,10,-1,-1,6
52513381,20,57,-1,-1,3
52515532,30,29,-1,-1,4
52517244,35,47,-1,-1,0
52517151,3,52,-1,-1,3
52517588,9,10,-1,-1,0
52512803,0,23,-1,-1,1
52515102,17,6,-1,-1,1
52517519,30,37,-1,-1,6
52512504,2,10,-1,-1,6
52514151,29,41,-1,-1,7
52512464,52,11,-1,-1,5
52517181,47,45,-1,-1,0
52515770,10,49,-1,-1,1
52517059,28,9,-1,-1,3
52517052,42,36,-1,-1,7
52517387,1,4,-1,-1,7
52514693,23,44,-1,-1,0
52514698,56,8,-1,-1,1
52512272,10,13,-1,-1,7
52514022,13,48,-1,-1,3
52512789,54,35,-1,-1,7
52514351,15,24,-1,-1,0
52516335,23,51,-1,-1,7
52512601,4,54,-1,-1,3
52497303,42,42,-1,-1,6
52513936,31,33,-1,-1,6
52514632,29,44,-1,-1,0
52517352,42,54,-1,-1,2
52516486,44,4,-1,-1,7
52515917,13,31,-1,-1,1
52516503,37,17,-1,-1,7
52515630,36,41,-1,-1,4
52511232,17,57,-1,-1,3
52512999,4,57,-1,-1,0
52515278,56,29,-1,-1,6
52517406,56,44,-1,-1,0
52515717,20,38,-1,-1,0
52504232,48,1,-1,-1,4
52517489,32,13,-1,-1,3
52517014,2,13,-1,-1,4
52516734,36,36,-1,-1,5
52499306,30,32,-1,-1,3
52511596,0,0,-1,-1,3
52516023,14,23,-1,-1,5
52517091,39,7,-1,-1,5
52516181,53,37,-1,-1,5
52511645,6,17,-1,-1,5
52517599,36,1,-1,-1,1
52508543,18,24,-1,-1,1
52516911,41,9,-1,-1,2
52509727,16,43,-1,-1,4
52514870,51,29,-1,-1,0
52516216,9,29,-1,-1,0
52517398,48,41,-1,-1,4
52516102,34,38,-1,-1,6
52516606,10,39,-1,-1,3
52515968,27,1,-1,-1,0
52513766,4,32,-1,-1,4
52517382,12,27,-1,-1,6
52516759,26,33,-1,-1,4
52516148,18,30,-1,-1,6
52513070,56,18,-1,-1,1
52509764,22,23,-1,-1,0
52516046,40,42,-1,-1,7
52516294,1,40,-1,-1,7
52513586,20,18,-1,-1,3
52510805,22,58,-1,-1,7
52510724,56,24,-1,-1,3
52516593,17,5,-1,-1,3
52515045,40,32,-1,-1,3
52516254,27,5,-1,-1,7
52515262,30,53,-1,-1,2
52506992,21,37,-1,-1,6
52514952,33,28,-1,-1,6
52507841,55,43,-1,-1,2
52514218,29,25,-1,-1,0
52516379,1,3,-1,-1,2
52515960,11,28,-1,-1,4
52511878,58,49,-1,-1,0
52516784,11,48,-1,-1,0
52517134,12,51,-1,-1,7
52517394,7,42,-1,-1,0
52513790,32,38,-1,-1,3
52515864,47,53,-1,-1,2
52515704,2,18,-1,-1,3
52516592,26,38,-1,-1,7
52517557,2,31,-1,-1,0
52515735,3,6,-1,-1,2
52511446,16,20,-1,-1,3
52512108,52,42,-1,-1,5
52516851,38,17,-1,-1,0
52515581,17,10,-1,-1,3
52510261,58,9,-1,-1,0
52510902,43,48,-1,-1,4
52502054,43,19,-1,-1,7
52517080,41,12,-1,-1,1
52514505,56,35,-1,-1,1
52513001,39,16,-1,-1,2
52514384,17,28,-1,-1,3
52510317,34,3,-1,-1,5
52510573,47,46,-1,-1,1
52511243,19,31,-1,-1,3
52515888,47,42,-1,-1,4
52512649,11,3,-1,-1,3
52516741,8,3,-1,-1,2
52507900,1,7,-1,-1,7
52506935,38,23,-1,-1,5
52517545,39,30,-1,-1,3
52514109,31,51,-1,-1,6
52512594,16,52,-1,-1,6
52516447,16,13,-1,-1,4
52514349,46,48,-1,-1,2
52516675,50,15,-1,-1,4
52513138,48,52,-1,-1,3
52516899,28,53,-1,-1,3
52515017,51,40,-1,-1,7
52517456,22,6,-1,-1,1
52517504,25,58,-1,-1,1
52511286,12,42,-1,-1,7
52515638,33,26,-1,-1,7
52516302,50,48,-1,-1,7
52507713,58,45,-1,-1,0
52506267,54,14,-1,-1,2
52509773,57,14,-1,-1,5
52514510,40,50,-1,-1,5
52509758,23,10,-1,-1,2
52515838,46,45,-1,-1,6
52516779,52,36,-1,-1,5
52515755,39,54,-1,-1,3
52514865,50,40,-1,-1,2
52517395,13,56,-1,-1,1
52517234,10,17,-1,-1,2
52516578,19,17,-1,-1,6
52509944,43,53,-1,-1,7
52513680,44,18,-1,-1,3
52517476,34,4,-1,-1,2
52510022,38,43,-1,-1,2
52514636,3,47,-1,-1,2
52516831,51,28,-1,-1,1
52510131,26,9,-1,-1,3
52516141,25,49,-1,-1,1
52516438,30,5,-1,-1,3
52516401,57,35,-1,-1,7
52502810,2,32,-1,-1,3
52516969,9,13,-1,-1,0
52507362,58,32,-1,-1,0
52512655,36,14,-1,-1,7
52513499,55,48,-1,-1,7
52517128,58,13,-1,-1,0
52517340,18,8,-1,-1,3
52509419,29,19,-1,-1,0
52516716,33,1,-1,-1,0
52516989,20,23,-1,-1,4
52514779,42,32,-1,-1,2
52510745,17,56,-1,-1,7
52516465,22,25,-1,-1,1
52515188,13,21,-1,-1,3
52513696,4,39,-1,-1,1
52511404,48,38,-1,-1,5
52516058,18,55,-1,-1,2
52511631,17,13,-1,-1,3
52516998,25,39,-1,-1,0
52515231,2,21,-1,-1,3
52513537,36,16,-1,-1,2
52512591,21,42,-1,-1,0
52505561,50,42,-1,-1,5
52516307,8,42,-1,-1,4
52516740,27,39,-1,-1,2
52516098,27,49,-1,-1,5
52512031,57,55,-1,-1,3
52514418,58,30,-1,-1,4
52511332,55,32,-1,-1,5
52516862,37,8,-1,-1,1
52511298,54,50,-1,-1,4
52514879,22,11,-1,-1,6
52510336,25,20,-1,-1,1
52517039,44,36,-1,-1,6
52509286,49,7,-1,-1,6
52510637,26,23,-1,-1,7
52511182,28,49,-1,-1,0
52515662,13,33,-1,-1,6
52515448,3,24,-1,-1,5
52510156,46,42,-1,-1,3
52514892,30,6,-1,-1,5
52517417,31,12,-1,-1,4
52516869,51,25,-1,-1,6
52515824,33,57,-1,-1,5
52513224,36,46,-1,-1,0
52515566,43,49,-1,-1,1
52516786,19,57,-1,-1,5
52511549,4,26,-1,-1,0
52511116,37,48,-1,-1,3
52515232,9,37,-1,-1,2
52517326,24,40,-1,-1,5
52511901,36,0,-1,-1,4
52517216,15,29,-1,-1,6
52516993,55,2,-1,-1,1
52516626,58,24,-1,-1,7
52501416,46,6,-1,-1,1
52517443,2,12,-1,-1,0
52516271,22,5,-1,-1,4
52516498,39,5,-1,-1,0
52515544,41,26,-1,-1,5
52515325,50,22,-1,-1,0
52506090,36,34,-1,-1,0
52517572,58,31,-1,-1,0
52513233,52,24,-1,-1,1
52513669,14,13,-1,-1,3
52514719,26,8,-1,-1,6
52517437,23,48,-1,-1,3
52511227,13,18,-1,-1,7
52516664,49,0,-1,-1,3
52512798,22,20,-1,-1,5
52517414,7,12,-1,-1,7
52515091,47,55,-1,-1,6
52517195,34,51,-1,-1,5
52516028,43,4,-1,-1,1
52513685,58,17,-1,-1,0
52507717,5,19,-1,-1,7
52508036,10,3,-1,-1,2
52514836,49,56,-1,-1,3
52506787,14,40,-1,-1,5
52517396,51,32,-1,-1,5
52513033,17,4,-1,-1,2
52512737,51,15,-1,-1,7
52511984,12,43,-1,-1,3
52517527,26,46,-1,-1,7
52499208,20,0,-1,-1,2
52511584,32,47,-1,-1,5
52516607,0,39,-1,-1,4
52505823,44,46,-1,-1,0
52517603,12,6,-1,-1,2
52513850,7,18,-1,-1,7
52512013,36,58,-1,-1,6
52516242,34,50,-1,-1,6
52514749,48,27,-1,-1,0
52511905,18,13,-1,-1,4
52515525,7,16,-1,-1,2
52516861,38,39,-1,-1,3
52514545,2,15,-1,-1,0
52514062,6,0,-1,-1,3
52508845,7,13,-1,-1,0
52512219,9,39,-1,-1,3
52514525,22,15,-1,-1,4
52516613,28,22,-1,-1,3
52515682,28,44,-1,-1,4
52516483,40,44,-1,-1,0
52515287,51,9,-1,-1,6
52517017,49,48,-1,-1,6
52516065,46,13,-1,-1,6
52517360,50,56,-1,-1,6
52515384,46,41,-1,-1,4
52501372,33,8,-1,-1,5
52512769,53,48,-1,-1,5
52517286,29,14,-1,-1,7
52516619,9,14,-1,-1,6
52505413,23,28,-1,-1,2
52511922,44,38,-1,-1,0
52515611,44,41,-1,-1,2
52516746,44,39,-1,-1,0
52509079,49,9,-1,-1,6
52515496,44,42,-1,-1,2
52506560,49,54,-1,-1,0
52515109,14,7,-1,-1,4
52515318,25,3,-1,-1,1
52509991,29,7,-1,-1,1
52513131,48,26,-1,-1,0
52516078,48,20,-1,-1,7
52514313,56,1,-1,-1,1
52517297,30,21,-1,-1,2
52517237,26,6,-1,-1,6
52508486,1,39,-1,-1,7
52515801,16,57,-1,-1,3
52508777,20,32,-1,-1,4
52514543,24,45,-1,-1,3
52508966,8,14,-1,-1,0
52516260,39,48,-1,-1,3
52515361,20,27,-1,-1,2
52512608,56,50,-1,-1,5
52516277,46,32,-1,-1,0
52512023,34,15,-1,-1,7
52514078,14,41,-1,-1,0
52515236,41,34,-1,-1,1
52514426,55,17,-1,-1,7
52516200,53,46,-1,-1,7
52505876,40,18,-1,-1,3
52515601,25,15,-1,-1,5
52515730,24,51,-1,-1,0
52515296,52,22,-1,-1,2
52516365,14,56,-1,-1,7
52508283,6,39,-1,-1,7
52515712,40,56,-1,-1,5
52513255,3,28,-1,-1,0
52515887,44,32,-1,-1,1
52517441,50,39,-1,-1,4
52517010,40,15,-1,-1,3
52517524,20,45,-1,-1,2
52510659,18,31,-1,-1,3
52516204,46,11,-1,-1,6
52517458,32,26,-1,-1,6
52514559,30,56,-1,-1,4
52501212,35,36,-1,-1,1
52516575,46,27,-1,-1,2
52505237,25,38,-1,-1,2
52517487,16,28,-1,-1,7
52513741,47,1,-1,-1,3
52512613,28,14,-1,-1,2
52510040,57,58,-1,-1,2
52514686,11,49,-1,-1,3
52516910,4,11,-1,-1,4
52515083,32,0,-1,-1,4
52517061,35,6,-1,-1,3
52515731,58,35,-1,-1,6
52516965,35,1,-1,-1,0
52514634,28,21,-1,-1,6
52516611,47,19,-1,-1,0
52515911,37,41,-1,-1,4
52514643,3,33,-1,-1,6
52512870,58,8,-1,-1,6
52513250,24,55,-1,-1,4
52514949,46,36,-1,-1,3
52516279,57,15,-1,-1,1
52517357,49,36,-1,-1,5
52514165,27,30,-1,-1,5
52514066,55,46,-1,-1,1
52512483,57,51,-1,-1,1
52516184,57,46,-1,-1,7
52515132,19,40,-1,-1,7
52514591,8,33,-1,-1,6
52515505,31,44,-1,-1,2
52514513,43,54,-1,-1,5
52510886,21,26,-1,-1,6
52516950,16,5,-1,-1,0
52514507,6,14,-1,-1,2
52516495,53,13,-1,-1,1
52517065,5,44,-1,-1,3
52517516,29,31,-1,-1,5
52517372,17,26,-1,-1,4
52512734,16,46,-1,-1,6
52513601,31,10,-1,-1,1
52517550,42,25,-1,-1,5
52510810,32,2,-1,-1,1
52514128,34,23,-1,-1,6
52515908,11,37,-1,-1,0
52517031,23,42,-1,-1,3
52515334,38,24,-1,-1,7
52516076,14,28,-1,-1,7
52511784,3,31,-1,-1,7
52516597,15,33,-1,-1,2
52515100,53,56,-1,-1,7
52514307,47,44,-1,-1,1
52510079,55,21,-1,-1,0
52514666,26,58,-1,-1,1
52515775,31,23,-1,-1,4
52516918,7,4,-1,-1,7
52514860,30,4,-1,-1,4
52516417,21,14,-1,-1,3
52513435,9,49,-1,-1,6
52510982,40,16,-1,-1,4
52517114,46,51,-1,-1,5
52516546,31,24,-1,-1,1
52517451,16,44,-1,-1,5
52511130,21,58,-1,-1,6
52516110,45,39,-1,-1,3
52517547,46,18,-1,-1,5
52514481,9,28,-1,-1,6
52514739,23,7,-1,-1,5
52512530,21,22,-1,-1,6
52491546,18,4,-1,-1,6
52515408,39,3,-1,-1,6
52514561,48,19,-1,-1,2
52514440,16,38,-1,-1,0
52517051,17,32,-1,-1,4
52516319,25,11,-1,-1,7
52512805,8,28,-1,-1,1
52517041,15,22,-1,-1,7
52515475,6,40,-1,-1,3
52515018,53,49,-1,-1,7
52516922,10,18,-1,-1,2
52517587,38,26,-1,-1,1
52517299,20,53,-1,-1,4
52516974,9,42,-1,-1,0
52517490,17,29,-1,-1,1
52516524,12,16,-1,-1,3
52517261,41,50,-1,-1,2
52516372,33,47,-1,-1,0
52515204,9,50,-1,-1,2
52515451,43,44,-1,-1,1
52514922,27,11,-1,-1,4
52512975,40,53,-1,-1,2
52515923,45,49,-1,-1,6
52514570,34,45,-1,-1,5
52517027,19,52,-1,-1,2
52516262,12,8,-1,-1,5
52516409,37,57,-1,-1,7
52515549,17,51,-1,-1,0
52514679,50,25,-1,-1,5
52512871,40,57,-1,-1,5
52515379,8,34,-1,-1,5
52516897,30,23,-1,-1,1
52515186,55,13,-1,-1,2
52517021,58,40,-1,-1,4
52516400,22,40,-1,-1,1
52505316,4,56,-1,-1,2
52517374,12,22,-1,-1,7
52509103,13,26,-1,-1,4
52510214,3,26,-1,-1,0
52516481,25,54,-1,-1,3
52508337,45,7,-1,-1,3
52517192,53,8,-1,-1,5
52514021,44,27,-1,-1,4
52516205,31,18,-1,-1,2
52516742,1,23,-1,-1,4
52511752,6,19,-1,-1,3
52517057,34,39,-1,-1,3
52512922,30,40,-1,-1,5
52511843,56,40,-1,-1,1
52512602,11,50,-1,-1,5
52514028,18,58,-1,-1,7
52515501,14,9,-1,-1,1
52515436,4,31,-1,-1,4
52517269,47,5,-1,-1,2
52513900,44,13,-1,-1,4
52516475,1,50,-1,-1,1
52515898,27,29,-1,-1,6
52513956,16,10,-1,-1,5
52517420,31,35,-1,-1,6
52514670,22,4,-1,-1,3
52513012,15,26,-1,-1,6
52517012,29,13,-1,-1,6
52512220,30,43,-1,-1,4
52517435,10,40,-1,-1,7
52511944,40,29,-1,-1,7
52512666,15,47,-1,-1,4
52515748,22,48,-1,-1,1
52516726,45,56,-1,-1,4
52513785,58,22,-1,-1,6
52510596,15,57,-1,-1,2
52517276,36,44,-1,-1,5
52515829,54,29,-1,-1,5
52516165,44,3,-1,-1,7
52517079,34,16,-1,-1,3
52516652,15,8,-1,-1,3
52513241,23,5,-1,-1,2
52516547,47,17,-1,-1,5
52517576,50,1,-1,-1,1
52517260,43,28,-1,-1,6
52516846,27,23,-1,-1,6
52516952,50,7,-1,-1,6
52515987,0,18,-1,-1,4
52517125,11,18,-1,-1,3
52508699,1,38,-1,-1,5
52512874,54,43,-1,-1,3
52512484,41,2,-1,-1,0
52512161,6,11,-1,-1,6
52514843,44,25,-1,-1,3
52515156,41,31,-1,-1,2
52514691,4,2,-1,-1,1
52516549,54,48,-1,-1,3
52510450,7,21,-1,-1,4
52506714,7,22,-1,-1,5
52515680,25,34,-1,-1,0
52514444,58,34,-1,-1,0
52516093,56,23,-1,-1,6
52511861,23,52,-1,-1,1
52516835,51,52,-1,-1,4
52514399,27,10,-1,-1,0
52509730,4,12,-1,-1,5
52510733,32,51,-1,-1,6
52509531,43,32,-1,-1,1
52517190,26,44,-1,-1,5
52516272,48,21,-1,-1,5
52516711,1,25,-1,-1,3
52517084,16,23,-1,-1,3
52512754,46,30,-1,-1,7
52516303,11,25,-1,-1,5
52514911,4,46,-1,-1,7
52516299,58,48,-1,-1,6
52515449,23,50,-1,-1,1
52513757,51,51,-1,-1,4
52509919,17,24,-1,-1,7
52514880,20,54,-1,-1,2
52509807,2,11,-1,-1,1
52516590,31,48,-1,-1,4
52514159,6,18,-1,-1,6
52511284,53,38,-1,-1,2
52516482,33,6,-1,-1,6
52514867,27,13,-1,-1,3
52516104,1,0,-1,-1,6
52516800,18,0,-1,-1,4
52515785,30,52,-1,-1,2
52500693,40,6,-1,-1,5
52516633,45,24,-1,-1,5
52513966,28,5,-1,-1,5
52517544,41,27,-1,-1,2
52513565,38,42,-1,-1,5
52517266,30,39,-1,-1,0
52514624,35,41,-1,-1,5
52506956,57,10,-1,-1,5
52515749,34,19,-1,-1,3
52511023,9,1,-1,-1,2
52512332,39,33,-1,-1,0
52516424,44,15,-1,-1,1
52515526,7,52,-1,-1,1
52513879,39,25,-1,-1,7
52516629,0,31,-1,-1,0
52512421,16,27,-1,-1,1
52515257,15,42,-1,-1,3
52517108,38,45,-1,-1,0
52511038,55,22,-1,-1,3
52517152,5,5,-1,-1,1
52514845,57,39,-1,-1,0
52515912,56,3,-1,-1,1
52514803,47,49,-1,-1,1
52515123,48,10,-1,-1,7
52517248,17,18,-1,-1,4
52516793,32,55,-1,-1,4
52516604,1,33,-1,-1,6
52513664,38,30,-1,-1,1
52516815,18,35,-1,-1,3
52516320,50,24,-1,-1,4
52507474,33,23,-1,-1,5
52516562,1,12,-1,-1,6
52516891,3,43,-1,-1,6
52515694,43,39,-1,-1,2
52517162,16,1,-1,-1,1
52514957,27,6,-1,-1,0
52517375,6,6,-1,-1,2
52513002,43,46,-1,-1,6
52515252,17,16,-1,-1,2
52506201,2,17,-1,-1,4
52516033,8,48,-1,-1,3
52517074,45,57,-1,-1,4
52514985,33,50,-1,-1,2
52501325,58,5,-1,-1,4
52516840,31,27,-1,-1,1
52514433,50,8,-1,-1,0
52517020,39,6,-1,-1,6
52516901,28,45,-1,-1,3
52495656,10,32,-1,-1,0
52517393,10,33,-1,-1,7
52512894,28,46,-1,-1,3
52513640,41,54,-1,-1,6
52516855,26,15,-1,-1,0
52515131,50,14,-1,-1,6
52516535,48,43,-1,-1,4
52516450,41,1,-1,-1,3
52516964,53,9,-1,-1,5
52514729,42,10,-1,-1,6
52513353,40,33,-1,-1,4
52517230,2,33,-1,-1,2
52513209,55,56,-1,-1,2
52517434,56,51,-1,-1,0
52516765,47,0,-1,-1,6
52516370,32,52,-1,-1,4
52506638,5,21,-1,-1,6
52515860,26,27,-1,-1,6
52515060,25,19,-1,-1,1
52515935,9,47,-1,-1,1
52512235,55,8,-1,-1,6
52515346,2,24,-1,-1,5
52504107,54,16,-1,-1,2
52514774,1,2,-1,-1,5
52507049,45,38,-1,-1,0
52513149,12,13,-1,-1,7
52516433,33,38,-1,-1,0
52514885,28,24,-1,-1,4
52515564,54,19,-1,-1,0
52515417,55,28,-1,-1,7
52512637,28,30,-1,-1,2
52510580,52,14,-1,-1,7
52513734,22,28,-1,-1,6
52513923,22,35,-1,-1,3
52511406,1,53,-1,-1,6
52516900,48,15,-1,-1,1
52517411,36,43,-1,-1,6
52516798,53,12,-1,-1,0
52514353,53,25,-1,-1,2
52513029,43,55,-1,-1,2
52514491,37,50,-1,-1,5
52517111,55,45,-1,-1,3
52515177,14,32,-1,-1,7
52515656,52,47,-1,-1,0
52516730,28,23,-1,-1,2
52517008,8,32,-1,-1,5
52510973,12,58,-1,-1,2
52517329,4,1,-1,-1,0
52513788,43,51,-1,-1,6
52516654,20,43,-1,-1,4
52517194,21,11,-1,-1,1
52515826,27,27,-1,-1,7
52517118,48,17,-1,-1,4
52517379,35,12,-1,-1,4
52499449,28,25,-1,-1,6
52516373,38,5,-1,-1,0
52512194,46,7,-1,-1,0
52515246,24,42,-1,-1,4
52516605,26,43,-1,-1,1
52514290,46,0,-1,-1,6
52513003,39,57,-1,-1,3
52516644,26,31,-1,-1,5
52517305,24,4,-1,-1,4
52513142,39,14,-1,-1,3
52513375,14,15,-1,-1,0
52512773,9,7,-1,-1,1
52516939,4,4,-1,-1,2
52511319,43,25,-1,-1,1
52509421,55,49,-1,-1,2
52516563,46,55,-1,-1,3
52512174,38,33,-1,-1,2
52515828,25,36,-1,-1,2
52515422,20,39,-1,-1,2
52517453,4,30,-1,-1,0
52513402,39,55,-1,-1,0
52515483,29,12,-1,-1,3
52515620,20,33,-1,-1,2
52517584,20,6,-1,-1,3
52514676,6,32,-1,-1,6
52516852,57,12,-1,-1,0
52514964,14,50,-1,-1,2
52516749,12,39,-1,-1,7
52516554,46,4,-1,-1,6
52513720,3,38,-1,-1,0
52511114,19,46,-1,-1,1
52516288,48,12,-1,-1,4
52496629,51,35,-1,-1,1
52514107,26,48,-1,-1,4
52515217,48,8,-1,-1,3
52509340,19,30,-1,-1,4
52506704,51,31,-1,-1,7
52515316,57,45,-1,-1,3
52514137,20,30,-1,-1,1
52515834,27,9,-1,-1,5
52516063,31,3,-1,-1,7
52517178,50,50,-1,-1,7
52504976,11,44,-1,-1,5
52512398,18,23,-1,-1,7
52514249,3,15,-1,-1,3
52516266,57,28,-1,-1,1
52517506,1,16,-1,-1,5
52511602,13,39,-1,-1,6
52517211,43,20,-1,-1,2
52510038,41,14,-1,-1,6
52513411,3,19,-1,-1,0
52517388,54,7,-1,-1,0
52513702,56,0,-1,-1,3
52510012,40,1,-1,-1,3
52516342,18,11,-1,-1,2
52513115,7,53,-1,-1,4
52514539,30,17,-1,-1,0
52511495,8,12,-1,-1,0
52516383,39,41,-1,-1,5
52516821,24,52,-1,-1,5
52514016,14,37,-1,-1,5
52509555,28,48,-1,-1,1
52516089,52,0,-1,-1,3
52516723,29,47,-1,-1,3
52515840,20,50,-1,-1,0
52517077,6,7,-1,-1,2
52511027,57,22,-1,-1,0
52511146,13,24,-1,-1,6
52506308,49,31,-1,-1,6
52515299,31,5,-1,-1,0
52498043,16,37,-1,-1,2
52501288,4,27,-1,-1,1
52512419,37,45,-1,-1,3
52517364,49,38,-1,-1,2
52515010,5,6,-1,-1,4
52511942,12,36,-1,-1,3
52504805,10,52,-1,-1,6
52499598,40,36,-1,-1,3
52514558,10,44,-1,-1,1
52512709,45,42,-1,-1,2
52514280,51,53,-1,-1,5
52512710,17,47,-1,-1,0
52514243,0,30,-1,-1,0
52515901,14,0,-1,-1,6
52514667,0,6,-1,-1,0
52512065,17,12,-1,-1,7
52517577,25,12,-1,-1,7
52512796,1,58,-1,-1,6
52511570,21,51,-1,-1,7
52513679,43,45,-1,-1,7
52516854,25,48,-1,-1,3
52516548,54,46,-1,-1,2
52515592,3,13,-1,-1,3
52514255,26,37,-1,-1,6
52516466,13,46,-1,-1,6
52513881,34,43,-1,-1,5
52515573,14,29,-1,-1,6
52515425,7,30,-1,-1,3
52517507,53,26,-1,-1,3
52514110,8,20,-1,-1,0
52510827,39,15,-1,-1,6
52514621,3,16,-1,-1,1
52517532,35,51,-1,-1,3
52512583,49,46,-1,-1,0
52514990,43,47,-1,-1,7
52512560,28,16,-1,-1,3
52514378,33,14,-1,-1,2
52515565,58,43,-1,-1,7
52515037,56,43,-1,-1,0
52514962,36,50,-1,-1,7
52504859,50,16,-1,-1,5
52502598,5,7,-1,-1,1
52506110,51,38,-1,-1,0
52505841,53,36,-1,-1,4
52513739,46,28,-1,-1,3
52515176,24,29,-1,-1,5
52500649,30,58,-1,-1,1
52517257,32,20,-1,-1,7
52514555,11,15,-1,-1,7
52513449,20,20,-1,-1,4
52513368,1,54,-1,-1,1
52513780,1,24,-1,-1,2
52517601,5,16,-1,-1,0
52513038,41,0,-1,-1,2
52515823,10,48,-1,-1,0
52514706,21,34,-1,-1,1
52491527,34,55,-1,-1,0
52516404,53,33,-1,-1,1
52516348,45,12,-1,-1,2
52514309,17,42,-1,-1,5
52515853,53,32,-1,-1,1
52515166,49,34,-1,-1,7
52517255,12,37,-1,-1,4
52511008,35,9,-1,-1,5
52511347,22,29,-1,-1,7
52506839,25,46,-1,-1,5
52516977,17,40,-1,-1,0
52517397,44,28,-1,-1,6
52512889,7,31,-1,-1,2
52517294,15,31,-1,-1,4
52515291,14,48,-1,-1,2
52515957,12,57,-1,-1,6
52514619,55,4,-1,-1,4
52504810,48,3,-1,-1,6
52510266,2,56,-1,-1,2
52517333,47,30,-1,-1,6
52516865,52,31,-1,-1,4
52514858,45,25,-1,-1,5
52515387,6,56,-1,-1,7
52514006,19,3,-1,-1,2
52516561,52,52,-1,-1,1
52515814,37,51,-1,-1,5
52512708,17,54,-1,-1,7
52514557,16,0,-1,-1,2
52513030,52,13,-1,-1,7
52516188,21,32,-1,-1,2
52517553,22,32,-1,-1,7
52511980,12,19,-1,-1,0
52511772,1,42,-1,-1,7
52515782,24,36,-1,-1,0
52512835,5,13,-1,-1,5
52516778,52,56,-1,-1,1
52506468,44,16,-1,-1,4
52513804,54,52,-1,-1,6
52515418,51,30,-1,-1,6
52517349,30,25,-1,-1,1
52516529,49,3,-1,-1,2
52516560,18,42,-1,-1,6
52513405,45,27,-1,-1,4
52512100,45,11,-1,-1,2
52517062,53,53,-1,-1,6
52500655,9,58,-1,-1,7
52516179,32,45,-1,-1,5
52512068,33,25,-1,-1,5
52514252,56,34,-1,-1,1
52515609,8,49,-1,-1,4
52510639,16,17,-1,-1,2
52517341,51,57,-1,-1,0
52510252,51,47,-1,-1,7
52514721,6,45,-1,-1,4
52514451,7,25,-1,-1,3
52513494,28,7,-1,-1,3
52517040,39,34,-1,-1,4
52516125,47,4,-1,-1,7
52516090,2,41,-1,-1,3
52514830,54,39,-1,-1,3
52517166,4,15,-1,-1,1
52511288,48,30,-1,-1,6
52516829,23,53,-1,-1,5
52515168,26,51,-1,-1,5
52514609,3,49,-1,-1,5
52510322,28,33,-1,-1,7
52516552,47,7,-1,-1,6
52516286,41,56,-1,-1,3
52517295,21,4,-1,-1,5
52515536,37,35,-1,-1,3
52510802,11,9,-1,-1,5
52516459,32,48,-1,-1,2
52516291,45,17,-1,-1,7
52512415,48,51,-1,-1,5
52514437,25,30,-1,-1,2
52513774,1,37,-1,-1,6
52517450,18,40,-1,-1,0
52515196,2,8,-1,-1,7
52516774,29,21,-1,-1,4
52517505,34,47,-1,-1,6
52515312,25,2,-1,-1,4
52516369,14,18,-1,-1,4
52517551,16,25,-1,-1,2
52512954,4,29,-1,-1,4
52516878,18,57,-1,-1,6
52515756,6,54,-1,-1,2
52510905,58,27,-1,-1,5
52514963,56,55,-1,-1,7
52507881,33,33,-1,-1,3
52516306,54,23,-1,-1,1
52515964,55,9,-1,-1,2
52513797,23,34,-1,-1,1
52517442,20,1,-1,-1,4
52516005,22,17,-1,-1,6
52509908,27,3,-1,-1,4
52506317,18,15,-1,-1,4
52514377,10,55,-1,-1,1
52507788,41,6,-1,-1,7
52516999,38,52,-1,-1,7
52512329,49,28,-1,-1,7
52505099,3,48,-1,-1,3
52510927,12,4,-1,-1,3
52515078,27,31,-1,-1,7
52514216,9,55,-1,-1,2
52517401,10,10,-1,-1,0
52513092,27,0,-1,-1,2
52510828,44,48,-1,-1,7
52517460,15,52,-1,-1,3
52516972,35,15,-1,-1,1
52515889,53,50,-1,-1,2
52509834,0,4,-1,-1,0
52505978,40,5,-1,-1,5
52499062,0,13,-1,-1,3
52515492,25,40,-1,-1,7
52514656,11,17,-1,-1,3
52511848,32,6,-1,-1,4
52517034,52,44,-1,-1,7
52516022,34,14,-1,-1,0
52515356,0,49,-1,-1,0
52512793,56,57,-1,-1,2
52515943,49,30,-1,-1,1
52516300,14,24,-1,-1,7
52510009,29,28,-1,-1,5
52511883,40,40,-1,-1,0
52514745,57,48,-1,-1,4
52510095,4,0,-1,-1,2
52517085,9,34,-1,-1,7
52516700,37,14,-1,-1,7
52506172,17,37,-1,-1,4
52512080,55,3,-1,-1,1
52514077,37,24,-1,-1,3
52516357,15,38,-1,-1,7
52517104,9,51,-1,-1,1
52514413,37,6,-1,-1,0
52509352,46,17,-1,-1,2
52516792,7,5,-1,-1,7
52516287,51,41,-1,-1,3
52516393,10,31,-1,-1,6
52513443,12,18,-1,-1,0
52516156,43,14,-1,-1,2
52501617,11,55,-1,-1,2
52516568,50,45,-1,-1,4
52512680,12,10,-1,-1,5
52516328,27,14,-1,-1,5
52515103,23,11,-1,-1,2
52513653,40,52,-1,-1,6
52508088,38,37,-1,-1,5
52514914,29,22,-1,-1,2
52515776,35,54,-1,-1,4
52516217,23,35,-1,-1,5
52514014,58,47,-1,-1,4
52517418,26,22,-1,-1,1
52517413,40,17,-1,-1,4
52516956,36,18,-1,-1,6
52508679,17,17,-1,-1,3
52516962,47,39,-1,-1,7
52511893,44,23,-1,-1,0
52515461,31,45,-1,-1,3
52513040,2,0,-1,-1,2
52507451,10,28,-1,-1,7
52515250,53,3,-1,-1,3
52517222,28,58,-1,-1,7
52511566,47,3,-1,-1,7
52516585,22,21,-1,-1,2
52510235,52,49,-1,-1,0
52513073,37,58,-1,-1,2
52515736,16,26,-1,-1,1
52516164,51,26,-1,-1,2
52516199,33,5,-1,-1,6
52510629,20,24,-1,-1,4
52491580,42,16,-1,-1,4
52514198,25,50,-1,-1,0
52514119,52,32,-1,-1,4
52516789,39,12,-1,-1,1
52517445,28,31,-1,-1,5
52515546,21,19,-1,-1,3
52515808,36,35,-1,-1,3
52517304,53,42,-1,-1,4
52511051,55,27,-1,-1,2
52514815,1,45,-1,-1,6
52516781,24,7,-1,-1,4
52506666,38,35,-1,-1,1
52516866,24,15,-1,-1,1
52515485,12,41,-1,-1,1
52511151,4,33,-1,-1,2
52517064,0,16,-1,-1,1
52514044,33,0,-1,-1,2
52515463,10,57,-1,-1,3
52512376,32,1,-1,-1,1
52516667,23,6,-1,-1,4
52509521,48,36,-1,-1,5
52514394,11,39,-1,-1,4
52514608,38,4,-1,-1,4
52517135,28,52,-1,-1,5
52514291,35,0,-1,-1,6
52514629,12,38,-1,-1,6
52504956,0,50,-1,-1,3
52516338,24,30,-1,-1,1
52517254,55,18,-1,-1,0
52509570,48,33,-1,-1,2
52513583,5,50,-1,-1,0
52513478,42,51,-1,-1,3
52517188,18,33,-1,-1,5
52509646,18,22,-1,-1,0
52517578,29,52,-1,-1,1
52517331,7,47,-1,-1,2
52517463,28,10,-1,-1,6
52514288,16,32,-1,-1,3
52516131,2,38,-1,-1,0
52516824,45,5,-1,-1,3
52515069,37,28,-1,-1,5
52516139,29,17,-1,-1,5
52516092,35,43,-1,-1,3
52514898,55,53,-1,-1,5
52517392,3,1,-1,-1,4
52501651,11,58,-1,-1,1
52514776,6,47,-1,-1,4
52515561,42,38,-1,-1,1
52515616,45,32,-1,-1,4
52507035,42,35,-1,-1,1
52516533,12,45,-1,-1,6
52515302,40,43,-1,-1,6
52513588,28,17,-1,-1,1
52513008,13,32,-1,-1,1
52514253,29,54,-1,-1,5
52514153,6,3,-1,-1,5
52516528,22,37,-1,-1,2
52514375,52,27,-1,-1,3
52516359,30,19,-1,-1,3
52515065,33,43,-1,-1,4
52514711,9,5,-1,-1,3
52515742,2,50,-1,-1,2
52513395,16,41,-1,-1,1
52515367,45,16,-1,-1,3
52517517,12,25,-1,-1,0
52514350,42,14,-1,-1,1
52505262,58,44,-1,-1,4
52509333,52,7,-1,-1,2
52517488,34,35,-1,-1,0
52513890,40,26,-1,-1,0
52515766,52,21,-1,-1,5
52515951,10,37,-1,-1,4
52513859,52,26,-1,-1,0
52516137,8,1,-1,-1,5
52515879,39,0,-1,-1,5
52517137,50,11,-1,-1,1
52514144,51,16,-1,-1,5
52517570,52,39,-1,-1,4
52514220,50,18,-1,-1,5
52516767,49,53,-1,-1,3
52516951,34,36,-1,-1,1
52514203,22,54,-1,-1,3
52517318,39,17,-1,-1,5
52513293,36,15,-1,-1,6
52503286,29,38,-1,-1,7
52516500,48,58,-1,-1,7
52513937,34,17,-1,-1,2
52512657,51,33,-1,-1,6
52515752,11,27,-1,-1,2
52506994,56,36,-1,-1,1
52517571,18,41,-1,-1,1
52516478,27,47,-1,-1,3
52513816,38,12,-1,-1,0
52516921,52,30,-1,-1,7
52507779,35,55,-1,-1,3
52515648,27,46,-1,-1,5
52512319,33,31,-1,-1,0
52516934,3,7,-1,-1,7
52515636,1,1,-1,-1,1
52516994,13,37,-1,-1,5
52512563,17,55,-1,-1,2
52517554,1,29,-1,-1,1
52517590,32,44,-1,-1,0
52517491,5,26,-1,-1,1
52513883,20,29,-1,-1,5
52515234,56,52,-1,-1,3
52513833,13,35,-1,-1,0
52515006,44,8,-1,-1,2
52516396,38,25,-1,-1,7
52516055,17,23,-1,-1,2
52515066,24,18,-1,-1,1
52510359,50,35,-1,-1,4
52510890,25,57,-1,-1,1
52514822,10,23,-1,-1,2
52515026,13,15,-1,-1,2
52515376,37,30,-1,-1,3
52512551,55,52,-1,-1,2
52512482,33,41,-1,-1,3
52516035,19,43,-1,-1,4
52515452,45,46,-1,-1,7
52513728,54,49,-1,-1,0
52516916,12,11,-1,-1,4
52516651,53,39,-1,-1,1
52512303,18,10,-1,-1,5
52514456,43,38,-1,-1,4
52517245,28,3,-1,-1,2
52513235,38,55,-1,-1,0
52516600,20,17,-1,-1,0
52515623,7,9,-1,-1,5
52515965,45,43,-1,-1,5
52514250,7,10,-1,-1,2
52515531,28,32,-1,-1,6
52514388,33,32,-1,-1,1
52513389,43,26,-1,-1,4
52517561,47,28,-1,-1,6
52514925,19,23,-1,-1,3
52494155,24,56,-1,-1,1
52513297,22,16,-1,-1,3
52503991,56,17,-1,-1,5
52513014,58,58,-1,-1,7
52517238,36,42,-1,-1,1
52517298,16,48,-1,-1,0
52517477,14,34,-1,-1,3
52509314,41,40,-1,-1,6
52508984,30,48,-1,-1,3
52511948,54,2,-1,-1,6
52512916,13,1,-1,-1,6
52516394,34,9,-1,-1,0
52508339,14,1,-1,-1,6
52515761,16,54,-1,-1,2
52509999,57,54,-1,-1,0
52513329,25,45,-1,-1,0
52513066,9,36,-1,-1,6
52517182,23,31,-1,-1,5
52516738,15,5,-1,-1,0
52517285,37,27,-1,-1,2
52514184,56,32,-1,-1,6
52515058,22,53,-1,-1,1
52515524,58,37,-1,-1,4
52512852,1,21,-1,-1,0
52514965,5,27,-1,-1,1
52517045,33,30,-1,-1,3
52512524,40,10,-1,-1,0
52515464,57,37,-1,-1,0
52509691,32,31,-1,-1,4
52514012,24,24,-1,-1,4
52517032,7,40,-1,-1,0
52512538,29,39,-1,-1,7
52508092,16,16,-1,-1,1
52511123,52,37,-1,-1,3
52514308,47,13,-1,-1,0
52515588,38,34,-1,-1,7
52506551,14,16,-1,-1,6
52516933,58,21,-1,-1,7
52516942,2,9,-1,-1,1
52513750,9,24,-1,-1,0
52509931,2,43,-1,-1,1
52515507,6,53,-1,-1,2
52517309,8,25,-1,-1,1
52511270,37,44,-1,-1,3
52516355,35,38,-1,-1,7
52514731,31,16,-1,-1,7
52510944,56,41,-1,-1,5
52516909,17,21,-1,-1,6
52512172,38,8,-1,-1,5
52516516,55,44,-1,-1,4
52517293,58,55,-1,-1,7
52514471,14,36,-1,-1,5
52517139,55,25,-1,-1,6
52491173,6,30,-1,-1,5
52517581,21,9,-1,-1,0
52511911,57,47,-1,-1,6
52513892,26,26,-1,-1,1
52517235,39,51,-1,-1,1
52517583,20,44,-1,-1,2
52515372,9,19,-1,-1,5
52516867,46,5,-1,-1,3
52516632,49,50,-1,-1,1
52516823,38,50,-1,-1,6
52514714,31,34,-1,-1,5
52517287,41,23,-1,-1,7
52512028,5,47,-1,-1,6
52511675,48,6,-1,-1,4
52513815,22,14,-1,-1,0
52513432,24,43,-1,-1,7
52510582,5,56,-1,-1,2
52517343,11,30,-1,-1,1
52516997,49,44,-1,-1,4
52516791,35,16,-1,-1,7
52516885,33,17,-1,-1,2
52510548,56,19,-1,-1,1
52509289,58,16,-1,-1,4
52513969,32,56,-1,-1,1
52513157,34,28,-1,-1,2
52516875,43,13,-1,-1,5
52517015,31,37,-1,-1,6
52516044,3,21,-1,-1,2
52515424,26,2,-1,-1,3
52517214,32,50,-1,-1,3
52514427,26,16,-1,-1,2
52513097,29,9,-1,-1,2
52515947,36,25,-1,-1,7
52511764,51,37,-1,-1,3
52516051,4,34,-1,-1,0
52513155,20,48,-1,-1,5
52508395,54,4,-1,-1,4
52516720,32,22,-1,-1,2
52516698,44,37,-1,-1,5
52514560,46,39,-1,-1,0
52513457,18,48,-1,-1,6
52516456,28,57,-1,-1,7
52516722,7,1,-1,-1,1
52516049,21,7,-1,-1,7
52512895,17,49,-1,-1,4
52508654,1,34,-1,-1,4
52513868,27,7,-1,-1,1
52517203,39,22,-1,-1,0
52514700,32,57,-1,-1,5
52517186,43,34,-1,-1,3
52514263,45,20,-1,-1,1
52517037,56,20,-1,-1,3
52517291,36,53,-1,-1,4
52517219,23,25,-1,-1,7
52515626,5,57,-1,-1,7
52514894,51,56,-1,-1,3
52516470,48,7,-1,-1,5
52515255,40,20,-1,-1,0
52514630,46,54,-1,-1,6
52514205,52,53,-1,-1,5
52517264,40,13,-1,-1,0
52514256,47,6,-1,-1,5
52515562,50,27,-1,-1,1
52509087,33,12,-1,-1,1
52515688,20,28,-1,-1,4
52507132,2,14,-1,-1,1
52510612,38,32,-1,-1,5
52509575,1,13,-1,-1,5
52517095,19,28,-1,-1,0
52516752,26,47,-1,-1,3
52515800,20,58,-1,-1,6
52508532,43,23,-1,-1,5
52513554,41,28,-1,-1,5
52517444,42,49,-1,-1,6
52516006,47,29,-1,-1,2
52508281,42,40,-1,-1,2
52514598,36,10,-1,-1,2
52515994,57,17,-1,-1,2
52510448,30,24,-1,-1,6
52514073,9,43,-1,-1,1
52513854,10,41,-1,-1,6
52517115,51,8,-1,-1,2
52511609,42,53,-1,-1,5
52516412,7,17,-1,-1,6
52512163,45,52,-1,-1,1
52514099,6,12,-1,-1,4
52517552,0,52,-1,-1,4
52513952,18,26,-1,-1,5
52516312,19,0,-1,-1,2
52517066,29,26,-1,-1,4
52515733,54,20,-1,-1,5
52517528,37,55,-1,-1,1
52516385,46,2,-1,-1,1
52513431,15,58,-1,-1,7
52515382,27,33,-1,-1,6
52516896,31,9,-1,-1,2
52507732,32,4,-1,-1,1
52510333,5,37,-1,-1,1
52511897,41,11,-1,-1,7
52516941,29,49,-1,-1,2
52515899,1,8,-1,-1,4
52516269,30,50,-1,-1,7
52515685,39,52,-1,-1,5
52515289,38,6,-1,-1,4
52515159,37,11,-1,-1,5
52512344,37,19,-1,-1,7
52517342,51,22,-1,-1,7
52516128,34,22,-1,-1,4
52516705,37,15,-1,-1,6
52516771,46,43,-1,-1,4
52511545,52,45,-1,-1,6
52514277,20,13,-1,-1,0
52517221,39,45,-1,-1,4
52515456,30,20,-1,-1,4
52517224,30,44,-1,-1,6
52514909,36,48,-1,-1,4
52515404,38,51,-1,-1,6
52513188,35,40,-1,-1,5
52512948,45,15,-1,-1,5
52517054,19,34,-1,-1,6
52477351,39,36,-1,-1,3
52515350,13,54,-1,-1,6
52516883,52,15,-1,-1,6
52511034,43,30,-1,-1,7
52507734,29,42,-1,-1,3
52509709,3,8,-1,-1,3
52512009,24,37,-1,-1,2
52515703,41,13,-1,-1,7
52510430,3,9,-1,-1,3
52517241,9,31,-1,-1,7
52513980,0,33,-1,-1,0
52512700,13,40,-1,-1,1
52515805,24,11,-1,-1,1
52514310,50,12,-1,-1,1
52508350,35,34,-1,-1,4
52516577,5,8,-1,-1,6
52515727,9,9,-1,-1,0
52516750,35,28,-1,-1,1
52516057,2,5,-1,-1,0
52515989,47,37,-1,-1,0
52517558,45,9,-1,-1,7
52508134,3,30,-1,-1,5
52516442,19,37,-1,-1,4
52509105,2,22,-1,-1,3
52515954,25,56,-1,-1,4
52512229,34,6,-1,-1,0
52515906,7,56,-1,-1,4
52514297,41,38,-1,-1,3
52512256,43,33,-1,-1,3
52514358,11,11,-1,-1,7
52513770,17,44,-1,-1,4
52517083,18,9,-1,-1,3
52516410,36,23,-1,-1,6
52505628,41,58,-1,-1,6
52517262,0,35,-1,-1,2
52511218,20,3,-1,-1,1
52503297,11,45,-1,-1,5
52516697,33,15,-1,-1,3
52514179,19,10,-1,-1,1
52515042,8,36,-1,-1,4
52517566,16,51,-1,-1,7
52502123,17,2,-1,-1,4
52516166,6,20,-1,-1,5
52516508,50,5,-1,-1,1
52516509,12,46,-1,-1,7
52516881,10,27,-1,-1,4
52515191,15,20,-1,-1,4
52516280,27,35,-1,-1,6
52516591,0,2,-1,-1,0
52514373,26,52,-1,-1,5
52517127,17,7,-1,-1,4
52517073,43,0,-1,-1,6
52516677,16,6,-1,-1,7
52516455,37,20,-1,-1,6
52514192,15,36,-1,-1,7
52509859,56,30,-1,-1,0
52515151,35,32,-1,-1,3
52512168,27,57,-1,-1,4
52516113,0,9,-1,-1,4
52516813,12,9,-1,-1,2
52507561,2,49,-1,-1,1
52517098,51,45,-1,-1,7
52512318,35,5,-1,-1,0
52516553,26,18,-1,-1,7
52516036,50,4,-1,-1,3
52514877,30,38,-1,-1,0
52514190,2,16,-1,-1,5
52513474,3,53,-1,-1,2
52515406,40,58,-1,-1,6
52517602,7,55,-1,-1,5
52515073,34,44,-1,-1,5
52515832,40,0,-1,-1,6
52512857,38,36,-1,-1,5
52514502,43,10,-1,-1,7
52516710,39,1,-1,-1,3
52516991,14,20,-1,-1,3
52513628,19,50,-1,-1,2
52504597,46,38,-1,-1,3
52512184,15,15,-1,-1,2
52516292,40,51,-1,-1,7
52517471,30,15,-1,-1,2
52516439,31,36,-1,-1,4
52514834,50,33,-1,-1,6
52516947,36,51,-1,-1,3
52511575,22,34,-1,-1,7
52513848,48,25,-1,-1,1
52517267,30,10,-1,-1,7
52517185,33,46,-1,-1,1
52515821,1,5,-1,-1,2
52517138,17,38,-1,-1,5
52517133,30,57,-1,-1,2
52512825,56,16,-1,-1,5
52516555,22,33,-1,-1,2
52515663,27,51,-1,-1,1
52516693,11,22,-1,-1,6
52516428,24,27,-1,-1,4
52516366,11,16,-1,-1,0
52514342,34,54,-1,-1,0
52512943,37,32,-1,-1,2
52516689,27,43,-1,-1,2
52515962,54,15,-1,-1,1
52511636,39,18,-1,-1,1
52511795,14,3,-1,-1,1
52516108,29,10,-1,-1,1
52514953,49,49,-1,-1,6
52515165,32,8,-1,-1,5
52516448,37,49,-1,-1,5
52517240,11,51,-1,-1,6
52515303,19,13,-1,-1,0
52515807,6,29,-1,-1,4
52516191,17,41,-1,-1,0
52514035,58,11,-1,-1,6
52511650,51,18,-1,-1,3
52516523,31,8,-1,-1,4
52515434,27,28,-1,-1,1
52516095,26,39,-1,-1,3
52505667,9,45,-1,-1,0
52510849,52,58,-1,-1,6
52511971,47,57,-1,-1,4
52512906,4,35,-1,-1,1
52517180,16,2,-1,-1,7
52506494,53,30,-1,-1,0
52516507,12,55,-1,-1,6
52510619,55,12,-1,-1,1
52511070,3,56,-1,-1,1
52515882,38,57,-1,-1,1
52516845,50,36,-1,-1,2
52515928,33,13,-1,-1,1
52516452,10,24,-1,-1,4
52517501,4,6,-1,-1,3
52517030,50,26,-1,-1,3
52505898,45,34,-1,-1,0
52516929,33,34,-1,-1,6
52511876,11,35,-1,-1,3
52514687,8,17,-1,-1,1
52507969,9,56,-1,-1,0
52513183,6,37,-1,-1,6
52498035,44,58,-1,-1,0
52513745,33,29,-1,-1,5
52517439,15,14,-1,-1,4
52510562,19,33,-1,-1,2
52516589,22,31,-1,-1,3
52505358,49,12,-1,-1,4
52517378,9,22,-1,-1,4
52516598,26,10,-1,-1,0
52515723,40,47,-1,-1,0
52514681,2,47,-1,-1,3
52510312,35,20,-1,-1,0
52516713,49,52,-1,-1,3
52514737,5,15,-1,-1,4
52508123,57,2,-1,-1,3
52516898,13,11,-1,-1,1
52499759,18,6,-1,-1,1
52515331,46,57,-1,-1,4
52509094,40,37,-1,-1,6
52509441,29,5,-1,-1,2
52516327,38,3,-1,-1,4
52514663,33,51,-1,-1,4
52517171,38,53,-1,-1,6
52512639,16,9,-1,-1,2
52515274,3,35,-1,-1,7
52516333,46,47,-1,-1,6
52513556,9,30,-1,-1,4
52515679,12,29,-1,-1,7
52516367,46,20,-1,-1,2
52516770,40,38,-1,-1,7
52516628,18,20,-1,-1,6
52515199,17,48,-1,-1,4
52517592,40,2,-1,-1,3
52516122,41,43,-1,-1,3
52511757,8,41,-1,-1,5
52511989,6,46,-1,-1,6
52517144,32,25,-1,-1,3
52517136,31,42,-1,-1,1
52514549,36,3,-1,-1,1
52516349,5,46,-1,-1,4
52517140,14,35,-1,-1,0
52514239,46,12,-1,-1,1
52516625,16,55,-1,-1,7
52512281,41,41,-1,-1,5
52508535,39,49,-1,-1,7
52515780,55,11,-1,-1,3
52514085,3,14,-1,-1,4
52510598,44,21,-1,-1,3
52513975,25,29,-1,-1,2
52509553,34,2,-1,-1,1
52509925,13,20,-1,-1,4
52509144,44,6,-1,-1,4
52516882,37,25,-1,-1,5
52511665,6,44,-1,-1,3
52516871,44,5,-1,-1,3
52515261,13,44,-1,-1,3
52516692,23,36,-1,-1,2
52513331,57,26,-1,-1,3
52511780,1,17,-1,-1,6
52516665,37,16,-1,-1,3
52517495,26,49,-1,-1,4
52515741,47,14,-1,-1,4
52517068,29,18,-1,-1,4
52515411,48,0,-1,-1,2
52514572,4,52,-1,-1,6
52517253,56,4,-1,-1,7
52511934,51,44,-1,-1,5
52507775,55,19,-1,-1,5
52517346,27,58,-1,-1,2
52502896,36,20,-1,-1,7
52516937,9,16,-1,-1,3
52516182,52,51,-1,-1,6
52515541,46,53,-1,-1,3
52517271,39,29,-1,-1,7
52515863,13,6,-1,-1,5
52516031,23,26,-1,-1,2
52514563,0,46,-1,-1,2
52507643,21,39,-1,-1,4
52516811,55,34,-1,-1,3
52512221,22,0,-1,-1,4
52516001,28,1,-1,-1,0
52514577,21,18,-1,-1,0
52517465,12,1,-1,-1,3
52517035,12,15,-1,-1,3
52517503,38,49,-1,-1,1
52517279,54,21,-1,-1,7
52510766,51,55,-1,-1,5
52513933,1,27,-1,-1,0
52513503,54,22,-1,-1,2
52513569,41,5,-1,-1,6
52514750,40,31,-1,-1,5
52501055,44,9,-1,-1,2
52510578,27,34,-1,-1,3
52517540,42,13,-1,-1,6
52516957,32,29,-1,-1,1
52515930,21,15,-1,-1,3
52513551,20,26,-1,-1,3
52516229,49,20,-1,-1,7
52512479,7,23,-1,-1,5
52516880,55,15,-1,-1,7
52513678,27,26,-1,-1,7
52514754,48,18,-1,-1,7
52516270,36,11,-1,-1,0
52515130,37,1,-1,-1,5
52512018,51,7,-1,-1,6
52517163,37,54,-1,-1,4
52503873,21,17,-1,-1,7
52517515,45,3,-1,-1,0
52515178,36,55,-1,-1,7
52505351,47,52,-1,-1,7
52516441,33,7,-1,-1,4
52514614,57,4,-1,-1,7
52517526,15,1,-1,-1,1
52516762,56,28,-1,-1,1
52512935,58,6,-1,-1,6
52512947,55,41,-1,-1,3
52517047,5,40,-1,-1,3
52513676,33,11,-1,-1,3
52515869,8,46,-1,-1,3
52514352,49,41,-1,-1,1
52516253,11,19,-1,-1,3
52516194,10,43,-1,-1,0
52516573,21,49,-1,-1,4
52517265,15,37,-1,-1,7
52516872,57,33,-1,-1,7
52512422,50,9,-1,-1,6
52515207,29,32,-1,-1,5
52517290,8,5,-1,-1,0
52509371,1,10,-1,-1,3
52513093,55,14,-1,-1,0
52515220,6,43,-1,-1,7
52517090,47,48,-1,-1,3
52509508,18,44,-1,-1,4
52512347,30,7,-1,-1,1
52515414,45,40,-1,-1,6
52505825,15,56,-1,-1,6
52516959,10,25,-1,-1,1
52507780,35,18,-1,-1,2
52515007,38,40,-1,-1,7
52513165,43,5,-1,-1,5
52515373,9,52,-1,-1,6
52516321,7,7,-1,-1,2
52499792,38,29,-1,-1,1
52516206,39,9,-1,-1,2
52514337,19,22,-1,-1,5
52516362,34,49,-1,-1,2
52506445,46,35,-1,-1,3
52511353,56,46,-1,-1,1
52517509,56,6,-1,-1,2
52517187,4,25,-1,-1,0
52516817,0,48,-1,-1,1
52513505,52,19,-1,-1,7
52510177,0,15,-1,-1,2
52515052,17,35,-1,-1,3
52517053,6,2,-1,-1,3
52515280,45,0,-1,-1,5
52506298,58,3,-1,-1,0
52516525,48,39,-1,-1,2
52516927,37,4,-1,-1,5
52515211,56,38,-1,-1,0
52517536,48,5,-1,-1,0
52513242,20,42,-1,-1,7
52517060,57,19,-1,-1,1
52516196,4,7,-1,-1,6
52515570,53,20,-1,-1,5
52514283,38,41,-1,-1,5
52517449,47,15,-1,-1,6
52516161,10,2,-1,-1,0
52512973,7,32,-1,-1,5
52517579,45,8,-1,-1,5
52516695,45,47,-1,-1,6
52514781,4,41,-1,-1,6
52517126,57,8,-1,-1,0
52517355,22,24,-1,-1,1
52515213,37,9,-1,-1,2
52512606,29,58,-1,-1,6
52515729,41,37,-1,-1,1
52515815,24,39,-1,-1,2
52515607,21,45,-1,-1,2
52515171,7,49,-1,-1,5
52514995,30,46,-1,-1,2
52516203,5,22,-1,-1,2
52515617,5,14,-1,-1,1
52517043,43,36,-1,-1,4
52517302,47,25,-1,-1,0
52517368,25,42,-1,-1,2
52517380,5,29,-1,-1,1
52516444,42,5,-1,-1,6
52517336,56,33,-1,-1,6
52507581,19,51,-1,-1,3
52510647,26,14,-1,-1,4
52512961,18,39,-1,-1,1
52509980,1,30,-1,-1,7
52511547,22,22,-1,-1,4
52516887,9,44,-1,-1,2
52515672,35,42,-1,-1,2
52515470,29,50,-1,-1,1
52517562,6,23,-1,-1,5
52517436,48,9,-1,-1,6
52514821,40,23,-1,-1,0
52517277,24,16,-1,-1,1
52516780,54,17,-1,-1,0
52513027,3,57,-1,-1,7
52514494,19,38,-1,-1,6
52516399,26,54,-1,-1,7
52515385,55,55,-1,-1,4
52516418,2,45,-1,-1,4
52516247,0,29,-1,-1,4
52516083,1,55,-1,-1,5
52515002,32,30,-1,-1,2
52511950,17,45,-1,-1,1
52513091,19,58,-1,-1,2
52514635,46,34,-1,-1,1
52517321,5,51,-1,-1,1
52514628,14,19,-1,-1,7
52517494,19,48,-1,-1,1
52513049,9,57,-1,-1,5
52514521,42,41,-1,-1,4
52508854,50,37,-1,-1,5
52516721,16,40,-1,-1,7
52505977,37,37,-1,-1,7
52515147,18,27,-1,-1,4
52517470,28,26,-1,-1,1
52516893,46,25,-1,-1,3
52517102,2,1,-1,-1,5
52513970,0,44,-1,-1,1
52508302,56,12,-1,-1,2
52510641,29,2,-1,-1,5
52514849,23,27,-1,-1,0
52509977,44,20,-1,-1,7
52506928,7,46,-1,-1,0
52511721,21,54,-1,-1,0
52509326,11,41,-1,-1,5
52515757,13,28,-1,-1,1
52514825,32,39,-1,-1,5
52514405,6,5,-1,-1,0
52516857,10,4,-1,-1,6
52515427,31,49,-1,-1,7
52516673,45,50,-1,-1,1
52517455,31,7,-1,-1,5
52516324,41,52,-1,-1,3
52511567,19,44,-1,-1,5
52503372,21,57,-1,-1,4
52513713,58,57,-1,-1,4
52515032,43,50,-1,-1,2
52513039,28,38,-1,-1,0
52514847,19,19,-1,-1,6
52514300,41,35,-1,-1,0
52516446,5,1,-1,-1,1
52514206,11,47,-1,-1,1
52515956,49,25,-1,-1,0
52505075,48,47,-1,-1,0
52513805,17,20,-1,-1,4
52517535,18,36,-1,-1,1
52513636,15,55,-1,-1,5
52514983,40,39,-1,-1,3
52513976,41,3,-1,-1,3
52516853,31,11,-1,-1,5
52516384,0,26,-1,-1,0
52514968,44,34,-1,-1,6
52516326,25,10,-1,-1,0
52512823,30,47,-1,-1,2
52510674,39,11,-1,-1,2
52514260,12,26,-1,-1,3
52515875,12,7,-1,-1,3
52504271,3,18,-1,-1,2
52515584,33,40,-1,-1,1
52509088,5,3,-1,-1,7
52515403,54,25,-1,-1,5
52509431,23,41,-1,-1,3
52516152,49,32,-1,-1,1
52513838,38,7,-1,-1,4
52515469,30,54,-1,-1,7
52514999,42,1,-1,-1,4
52512265,10,9,-1,-1,2
52510756,8,58,-1,-1,0
52513107,23,3,-1,-1,4
52510406,0,8,-1,-1,1
52515093,43,18,-1,-1,6
52517263,34,12,-1,-1,5
52516426,27,2,-1,-1,5
52515347,40,45,-1,-1,2
52508914,44,14,-1,-1,0
52516149,54,58,-1,-1,6
52510001,3,34,-1,-1,3
52516816,53,23,-1,-1,4
52514615,38,54,-1,-1,6
52499835,13,47,-1,-1,6
52517259,42,2,-1,-1,0
52517116,39,23,-1,-1,5
52515605,55,0,-1,-1,2
52514141,34,48,-1,-1,5
52515098,32,9,-1,-1,2
52517486,19,39,-1,-1,2
52516519,44,10,-1,-1,1
52516636,30,0,-1,-1,2
52513822,25,35,-1,-1,6
52515649,21,28,-1,-1,0
52515242,3,25,-1,-1,4
52513810,4,22,-1,-1,5
52514770,49,45,-1,-1,1
52507437,22,51,-1,-1,5
52516461,15,41,-1,-1,6
52514268,0,42,-1,-1,4
52516169,16,56,-1,-1,7
52517575,25,18,-1,-1,4
52513548,53,58,-1,-1,2
52516198,1,31,-1,-1,5
52514298,37,13,-1,-1,2
52515306,27,50,-1,-1,3
52510977,32,5,-1,-1,3
52510795,13,0,-1,-1,5
52513217,57,42,-1,-1,2
52515248,51,58,-1,-1,6
52509272,32,34,-1,-1,4
52516602,6,58,-1,-1,0
52508163,24,35,-1,-1,3
52514338,0,27,-1,-1,3
52516420,12,17,-1,-1,3
52516966,30,2,-1,-1,7
52513954,20,11,-1,-1,5
52509872,50,57,-1,-1,1
52512149,8,4,-1,-1,1
52511708,41,42,-1,-1,0
52514303,1,36,-1,-1,7
52514777,41,16,-1,-1,1
52503568,42,0,-1,-1,2
52517474,14,54,-1,-1,7
52513948,32,40,-1,-1,3
52509400,11,40,-1,-1,1
52517218,19,8,-1,-1,7
52512952,42,31,-1,-1,0
52515556,47,31,-1,-1,3
52517288,55,35,-1,-1,6
52516472,24,13,-1,-1,1
52516670,19,21,-1,-1,5
52514757,25,6,-1,-1,3
52515467,15,13,-1,-1,6
52514311,11,8,-1,-1,0
52517272,39,13,-1,-1,7
52515276,50,47,-1,-1,7
52513996,0,1,-1,-1,0
52516289,22,3,-1,-1,4
52517103,49,18,-1,-1,7
52513524,20,49,-1,-1,1
52509465,23,16,-1,-1,6
52513869,46,16,-1,-1,5
52513343,52,34,-1,-1,5
52506286,18,47,-1,-1,2
52515686,38,44,-1,-1,0
52515488,36,31,-1,-1,7
52514084,48,23,-1,-1,3
52516045,46,49,-1,-1,4
52517306,45,33,-1,-1,5
52516973,22,9,-1,-1,5
52516510,28,40,-1,-1,6
52514974,53,41,-1,-1,2
52511207,34,26,-1,-1,5
52517573,7,34,-1,-1,6
52516339,27,44,-1,-1,4
52498618,56,13,-1,-1,5
52503113,50,43,-1,-1,1
52513993,2,3,-1,-1,5
52516657,19,54,-1,-1,3
52516432,56,27,-1,-1,1
52517001,34,41,-1,-1,3
52512664,19,32,-1,-1,1
52516958,18,5,-1,-1,3
52510303,38,22,-1,-1,7
52517325,14,14,-1,-1,0
52516849,10,0,-1,-1,2
52516520,43,11,-1,-1,7
52508635,52,12,-1,-1,3
52517328,55,7,-1,-1,0
52509852,13,51,-1,-1,7
52517086,35,52,-1,-1,5
52517447,26,19,-1,-1,7
52510829,11,54,-1,-1,0
52517270,58,53,-1,-1,4
52516086,48,53,-1,-1,3
52513541,38,16,-1,-1,4
52516363,54,34,-1,-1,0
52513682,30,13,-1,-1,2
52516928,26,4,-1,-1,0
52516298,50,53,-1,-1,3
52517369,41,32,-1,-1,2
52515511,31,55,-1,-1,4
52516902,31,28,-1,-1,1
52514487,41,48,-1,-1,0
52512185,8,47,-1,-1,3
52516557,9,46,-1,-1,7
52517227,12,49,-1,-1,6
52502513,52,29,-1,-1,3
52509000,6,4,-1,-1,6
52517386,33,49,-1,-1,4
52517301,46,33,-1,-1,4
52517147,8,18,-1,-1,3
52517593,2,29,-1,-1,5
52516255,35,8,-1,-1,5
52517423,21,16,-1,-1,3
52517531,3,50,-1,-1,3
52517513,38,14,-1,-1,7
52514907,11,33,-1,-1,0
52510415,21,13,-1,-1,3
52516704,18,32,-1,-1,3
52516290,14,43,-1,-1,3
52511696,51,54,-1,-1,6
52517569,46,26,-1,-1,5
52512581,44,11,-1,-1,1
52517317,14,30,-1,-1,7
52517092,10,26,-1,-1,2
52513552,15,21,-1,-1,0
52512661,58,39,-1,-1,4
52510425,47,38,-1,-1,5
52514625,39,50,-1,-1,1
52515711,5,17,-1,-1,1
52514112,38,11,-1,-1,1
52516797,26,21,-1,-1,7
52517044,6,1,-1,-1,7
52514093,48,29,-1,-1,1
52516245,24,50,-1,-1,7
52514295,17,14,-1,-1,4
52508156,38,27,-1,-1,0
52511059,44,44,-1,-1,5
52516134,22,57,-1,-1,3
52513930,26,32,-1,-1,6
52517419,20,41,-1,-1,2
52515907,23,1,-1,-1,0
52510471,41,55,-1,-1,1
52515661,56,26,-1,-1,2
52517407,16,12,-1,-1,3
52514742,48,4,-1,-1,0
52512767,26,24,-1,-1,0
52514851,33,53,-1,-1,7
52510403,42,34,-1,-1,3
52515264,35,50,-1,-1,5
52504973,35,14,-1,-1,6
52509878,48,49,-1,-1,2
52504887,39,32,-1,-1,1
52510155,15,46,-1,-1,5
52507863,58,7,-1,-1,4
52511251,48,56,-1,-1,6
52514917,14,2,-1,-1,4
52513606,48,14,-1,-1,2
52512465,21,5,-1,-1,3
52516117,29,11,-1,-1,6
52515802,55,26,-1,-1,4
52513391,9,40,-1,-1,1
52515650,37,18,-1,-1,6
52509107,45,4,-1,-1,4
52515011,16,49,-1,-1,6
52514786,40,11,-1,-1,3
52507753,6,52,-1,-1,5
52514601,30,9,-1,-1,6
52515871,34,53,-1,-1,2
52515484,19,6,-1,-1,5
52515612,48,54,-1,-1,4
52515977,30,12,-1,-1,0
52511299,42,4,-1,-1,2
52508060,38,38,-1,-1,7
52517122,56,31,-1,-1,2
52512932,31,20,-1,-1,5
52514158,42,12,-1,-1,6
52512527,7,33,-1,-1,4
52515774,33,42,-1,-1,7
52514762,45,22,-1,-1,3
52516252,38,48,-1,-1,5
52517173,40,35,-1,-1,4
52517376,17,43,-1,-1,2
52516422,25,23,-1,-1,7
52515297,52,57,-1,-1,6
52515286,36,7,-1,-1,7
52511356,58,1,-1,-1,4
52515693,47,24,-1,-1,6
52517499,2,25,-1,-1,3
52515866,29,56,-1,-1,5
52517101,3,3,-1,-1,1
52515946,51,46,-1,-1,0
52516988,3,32,-1,-1,5
52511080,27,22,-1,-1,7
52516085,8,23,-1,-1,4
52517231,4,10,-1,-1,6
52516493,25,28,-1,-1,2
52497065,49,24,-1,-1,1
52516620,50,52,-1,-1,5
52516646,47,2,-1,-1,4
52513034,21,38,-1,-1,5
52517383,5,53,-1,-1,4
52515163,53,34,-1,-1,3
52513895,47,32,-1,-1,6
52517391,12,52,-1,-1,7
52511386,25,32,-1,-1,4
52511775,53,0,-1,-1,6
52516772,19,26,-1,-1,6
52513444,14,21,-1,-1,6
52513665,3,42,-1,-1,2
52512058,11,38,-1,-1,4
52511511,56,45,-1,-1,4
52498348,29,57,-1,-1,3
52509389,34,56,-1,-1,2
52509504,13,45,-1,-1,2
52514882,22,27,-1,-1,0
52517226,8,11,-1,-1,5
52516531,32,49,-1,-1,2
52517598,49,2,-1,-1,5
52517399,45,29,-1,-1,1
52514816,39,43,-1,-1,7
52513823,9,3,-1,-1,3
52505921,53,18,-1,-1,3
52511111,10,6,-1,-1,7
52516251,27,18,-1,-1,0
52517284,37,43,-1,-1,4
52514382,50,17,-1,-1,0
52517110,36,13,-1,-1,1
52513535,20,37,-1,-1,2
52516219,31,43,-1,-1,5
52504769,57,16,-1,-1,2
52515465,18,51,-1,-1,4
52512069,6,25,-1,-1,7
52512072,24,44,-1,-1,5
52513946,44,47,-1,-1,0
52512248,25,47,-1,-1,5
52514971,10,22,-1,-1,2
52514270,46,19,-1,-1,0
52516608,21,12,-1,-1,3
52511608,15,39,-1,-1,5
52505832,25,9,-1,-1,6
52514743,21,6,-1,-1,2
52517438,8,40,-1,-1,1
52515106,47,58,-1,-1,1
52509091,27,41,-1,-1,7
52515118,22,55,-1,-1,3
52513683,28,0,-1,-1,5
52515480,1,26,-1,-1,6
52504889,27,42,-1,-1,3
52508849,2,26,-1,-1,7
52512365,31,50,-1,-1,5
52513511,0,34,-1,-1,0
52516708,13,57,-1,-1,0
52516281,26,50,-1,-1,6
52516696,18,12,-1,-1,3
52517146,3,29,-1,-1,3
52517170,42,39,-1,-1,3
52513053,24,38,-1,-1,2
52507953,17,8,-1,-1,4
52516860,24,8,-1,-1,2
52516758,23,39,-1,-1,0
52516136,21,52,-1,-1,0
52517484,42,19,-1,-1,2
52515952,19,49,-1,-1,6
52515088,42,7,-1,-1,5
52510392,58,41,-1,-1,4
52517283,7,50,-1,-1,5
52517067,13,4,-1,-1,3
52517282,15,49,-1,-1,2
52517217,10,56,-1,-1,1
52513907,15,7,-1,-1,3
52517232,9,20,-1,-1,4
52514959,32,54,-1,-1,0
52517356,9,17,-1,-1,6
52505693,43,41,-1,-1,1
52508641,8,0,-1,-1,2
52517425,33,2,-1,-1,6
52513724,10,46,-1,-1,6
52515517,52,50,-1,-1,7
52513388,25,27,-1,-1,6
52517189,13,5,-1,-1,3
52514381,51,3,-1,-1,5
52509799,42,33,-1,-1,7
52510545,17,25,-1,-1,6
52513273,40,55,-1,-1,5
52517543,1,52,-1,-1,4
52515786,31,38,-1,-1,1
52516375,46,14,-1,-1,1
52517424,51,20,-1,-1,1
52514367,30,1,-1,-1,0
52516832,1,14,-1,-1,3
52509989,41,8,-1,-1,4
52517541,37,47,-1,-1,2
52505185,24,46,-1,-1,2
52512958,53,2,-1,-1,0
52509770,31,17,-1,-1,2
52510899,28,19,-1,-1,0
52513929,10,35,-1,-1,1
52515878,21,3,-1,-1,0
52515819,43,24,-1,-1,0
52514278,46,9,-1,-1,1
52516072,39,10,-1,-1,5
52515128,54,47,-1,-1,6
52514900,17,19,-1,-1,0
52511503,20,56,-1,-1,4
52516499,43,16,-1,-1,5
52515435,52,20,-1,-1,7
52515172,53,43,-1,-1,2
52515333,14,44,-1,-1,3
52513812,55,57,-1,-1,3
52515926,53,21,-1,-1,3
52516761,45,44,-1,-1,5
52517479,35,19,-1,-1,4
52512993,46,8,-1,-1,7
52511001,10,12,-1,-1,7
52514354,6,24,-1,-1,5
52515716,48,57,-1,-1,0
52517024,39,8,-1,-1,2
52515734,17,27,-1,-1,0
52517201,1,56,-1,-1,4
52515839,43,29,-1,-1,4
52504850,7,38,-1,-1,7
52517546,30,36,-1,-1,6
52517334,45,58,-1,-1,6
52515494,17,52,-1,-1,6
52515292,6,28,-1,-1,0
52514893,2,55,-1,-1,1
52513925,54,33,-1,-1,6
52516218,23,18,-1,-1,2
52517002,28,11,-1,-1,3
52509763,23,45,-1,-1,7
52516660,25,21,-1,-1,6
52512908,16,24,-1,-1,7
52506788,17,30,-1,-1,6
52516451,52,55,-1,-1,1
52513965,18,17,-1,-1,1
52510096,43,31,-1,-1,7
52515214,38,28,-1,-1,2
52515155,34,32,-1,-1,4
52516822,3,17,-1,-1,0
52516621,27,55,-1,-1,2
52517483,44,51,-1,-1,7
52514888,46,46,-1,-1,1
52515873,0,43,-1,-1,2
52513871,31,57,-1,-1,1
52515235,25,51,-1,-1,5
52509046,42,28,-1,-1,6
52509718,7,27,-1,-1,7
52514282,53,10,-1,-1,6
52515428,24,25,-1,-1,2
52514841,36,47,-1,-1,3
52506669,58,36,-1,-1,0
52516737,30,31,-1,-1,2
52516227,2,54,-1,-1,6
52514727,31,29,-1,-1,6
52504948,58,15,-1,-1,4
52512882,30,49,-1,-1,0
52510245,4,51,-1,-1,3
52517296,55,29,-1,-1,3
52511824,6,57,-1,-1,6
52516622,11,5,-1,-1,5
52513592,20,15,-1,-1,3
52516944,49,5,-1,-1,5
52517412,45,37,-1,-1,1
52507192,36,2,-1,-1,4
52513839,28,43,-1,-1,1
52514189,9,15,-1,-1,2
52516159,35,2,-1,-1,7
52517153,42,9,-1,-1,3
52515958,43,21,-1,-1,3
52509809,18,54,-1,-1,1
52511461,54,10,-1,-1,4
52513762,57,41,-1,-1,6
52516935,32,46,-1,-1,7
52517268,20,16,-1,-1,1
52516265,38,15,-1,-1,2
52513469,35,25,-1,-1,3
52507391,29,40,-1,-1,3
52514108,0,25,-1,-1,0
52513645,40,49,-1,-1,2
52506516,37,36,-1,-1,1
52512778,4,20,-1,-1,7
52514314,43,37,-1,-1,3
52516435,36,37,-1,-1,7
52515004,52,2,-1,-1,0
52516069,0,19,-1,-1,4
52515692,4,19,-1,-1,4
52514717,34,8,-1,-1,7
52494984,43,27,-1,-1,7
52510070,5,24,-1,-1,7
52511633,34,0,-1,-1,2
52515963,3,39,-1,-1,5
52512532,49,57,-1,-1,2
52515993,42,52,-1,-1,1
52515238,2,58,-1,-1,2
52514540,26,34,-1,-1,4
52515388,11,32,-1,-1,1
52516558,10,8,-1,-1,7
52513754,57,30,-1,-1,4
52510045,1,49,-1,-1,3
52517373,23,29,-1,-1,2
52516284,55,47,-1,-1,2
52514046,10,58,-1,-1,2
52516874,9,4,-1,-1,4
52517478,5,36,-1,-1,5
52514785,51,14,-1,-1,4
52511731,29,1,-1,-1,0
52515836,8,38,-1,-1,4
52515543,11,34,-1,-1,2
52510339,46,50,-1,-1,6
52514506,7,45,-1,-1,4
52514048,57,3,-1,-1,2
52514289,27,54,-1,-1,4
52516490,1,43,-1,-1,5
52515016,19,18,-1,-1,1
52515353,37,23,-1,-1,2
52515146,49,13,-1,-1,0
52512612,18,37,-1,-1,5
52517556,12,32,-1,-1,6
52516614,23,57,-1,-1,1
52514493,33,22,-1,-1,1
52502680,27,37,-1,-1,0
52507917,39,56,-1,-1,3
52514053,35,24,-1,-1,3
52514191,52,18,-1,-1,7
52517580,33,45,-1,-1,6
52513998,20,5,-1,-1,2
52514213,15,3,-1,-1,3
52515995,28,36,-1,-1,0
52515891,50,13,-1,-1,2
52517347,20,4,-1,-1,3
52517011,0,37,-1,-1,1
52509821,39,28,-1,-1,0
52516809,28,50,-1,-1,2
52514436,53,15,-1,-1,1
52513967,1,47,-1,-1,4
52514238,25,13,-1,-1,6
52513060,26,11,-1,-1,1
52516537,19,41,-1,-1,5
52516173,25,55,-1,-1,3
52517176,6,35,-1,-1,4
52515189,17,34,-1,-1,3
52517330,50,2,-1,-1,7
52514343,31,15,-1,-1,4
52517179,57,29,-1,-1,1
52517354,15,12,-1,-1,4
52507288,3,44,-1,-1,7
52507706,5,58,-1,-1,2
52516474,46,52,-1,-1,1
52517229,48,44,-1,-1,4
52513882,40,19,-1,-1,5
52510846,23,38,-1,-1,4
52515927,26,45,-1,-1,1
52508203,10,54,-1,-1,7
52516843,5,42,-1,-1,2
52513446,52,16,-1,-1,4
52515394,43,7,-1,-1,5
52516924,20,21,-1,-1,1
52515275,5,31,-1,-1,2
52516019,15,28,-1,-1,3
52517196,0,12,-1,-1,4
52514199,32,12,-1,-1,5
52514976,36,26,-1,-1,5
52512562,2,6,-1,-1,2
52510435,28,51,-1,-1,7
52512717,18,16,-1,-1,0
52508548,49,27,-1,-1,2
52516449,33,21,-1,-1,5
52513495,56,9,-1,-1,2
52513600,19,42,-1,-1,7
52516389,55,42,-1,-1,1
52510445,57,31,-1,-1,0
52516220,21,0,-1,-1,3
52517335,7,14,-1,-1,7
52517191,37,46,-1,-1,5
52515019,29,20,-1,-1,0
52513782,46,31,-1,-1,4
52516232,54,56,-1,-1,5
52517323,24,57,-1,-1,4
52516948,35,37,-1,-1,3
52514852,7,36,-1,-1,6
52510942,23,23,-1,-1,3
52517223,34,13,-1,-1,3
52517448,57,7,-1,-1,3
52517421,9,18,-1,-1,7
52517457,29,3,-1,-1,4
52515095,15,27,-1,-1,2
52515732,31,26,-1,-1,4
52514568,42,8,-1,-1,3
52516193,54,1,-1,-1,7
52515529,27,36,-1,-1,0
52517048,39,47,-1,-1,2
52516494,43,2,-1,-1,0
52516569,45,28,-1,-1,5
52516522,24,9,-1,-1,6
52516807,41,18,-1,-1,3
52513320,23,13,-1,-1,5
52516356,43,56,-1,-1,1
52513263,54,32,-1,-1,0
52506043,2,28,-1,-1,2
52516961,20,36,-1,-1,0
52517026,1,46,-1,-1,3
52510600,12,54,-1,-1,2
52517029,24,21,-1,-1,3
52513197,27,32,-1,-1,5
52505955,10,20,-1,-1,0
52512829,54,18,-1,-1,2
52514590,25,0,-1,-1,5
52515392,12,50,-1,-1,1
52516158,8,22,-1,-1,6
52516208,14,27,-1,-1,1
52515817,47,41,-1,-1,7
52515137,15,32,-1,-1,0
52512785,51,27,-1,-1,7
52511546,18,3,-1,-1,6
52511884,35,35,-1,-1,4
52517124,4,9,-1,-1,3
52507536,22,43,-1,-1,6
52516859,35,53,-1,-1,0
52516195,26,30,-1,-1,2
52516391,41,51,-1,-1,2
52516766,52,28,-1,-1,6
52510932,8,39,-1,-1,1
52515144,1,57,-1,-1,6
52503643,48,31,-1,-1,4
52515572,24,20,-1,-1,0
52513532,19,29,-1,-1,0
52505253,45,51,-1,-1,0
52517452,40,48,-1,-1,1
52516844,15,9,-1,-1,7
52508690,32,41,-1,-1,7
52516634,43,6,-1,-1,5
52517089,7,39,-1,-1,0
52509460,25,44,-1,-1,6
52513620,22,45,-1,-1,7
52517538,11,52,-1,-1,6
52515355,53,27,-1,-1,2
52515142,45,35,-1,-1,2
52516407,52,25,-1,-1,1
52517348,16,19,-1,-1,4
52516213,2,27,-1,-1,6
52511306,24,28,-1,-1,3
52516504,2,7,-1,-1,2
52516642,7,51,-1,-1,5
52506746,20,55,-1,-1,4
52517249,3,51,-1,-1,1
52517512,6,42,-1,-1,7
52514856,33,56,-1,-1,2
52516983,54,28,-1,-1,5
52516564,11,23,-1,-1,6
52516886,36,33,-1,-1,3
52515313,54,51,-1,-1,3
52513735,19,35,-1,-1,1
52516403,15,25,-1,-1,1
52509938,27,52,-1,-1,3
52517303,11,36,-1,-1,1
52505329,6,51,-1,-1,4
52514261,22,46,-1,-1,7
52516007,25,24,-1,-1,6
52517042,49,33,-1,-1,5
52514618,36,54,-1,-1,3
52514766,31,39,-1,-1,5
52514207,3,27,-1,-1,5
52512644,27,38,-1,-1,0
52516788,40,7,-1,-1,7
52514104,55,33,-1,-1,0
52516735,33,27,-1,-1,5
52511313,57,57,-1,-1,5
52513971,45,23,-1,-1,6
52514941,14,10,-1,-1,1
52512440,16,30,-1,-1,0
52509440,37,2,-1,-1,3
52515595,23,20,-1,-1,4
52507915,28,18,-1,-1,7
52516073,16,3,-1,-1,7
52510516,37,5,-1,-1,0
52517359,42,26,-1,-1,3
52511106,9,27,-1,-1,3
52512565,50,31,-1,-1,2
52515120,18,46,-1,-1,2
52517344,34,10,-1,-1,1
52511699,53,11,-1,-1,7
52507611,31,21,-1,-1,4
52509547,50,44,-1,-1,2
52512628,33,48,-1,-1,3
52511031,8,31,-1,-1,2
52516747,26,5,-1,-1,4
52514688,58,18,-1,-1,4
52509932,50,32,-1,-1,4
52516919,34,1,-1,-1,0
52514775,8,15,-1,-1,0
52517521,45,55,-1,-1,5
52517025,15,48,-1,-1,5
52515900,52,43,-1,-1,5
52516745,25,43,-1,-1,4
52515841,47,34,-1,-1,3
52515610,28,12,-1,-1,5
52512420,18,38,-1,-1,5
52515576,4,43,-1,-1,2
52514617,50,38,-1,-1,3
52517157,4,13,-1,-1,7
52516397,42,30,-1,-1,2
52511236,43,1,-1,-1,0
52515396,21,44,-1,-1,1
52512739,32,21,-1,-1,1
52517213,13,50,-1,-1,2
52517208,13,36,-1,-1,6
52517475,2,23,-1,-1,7
52512293,18,28,-1,-1,1
52514285,47,16,-1,-1,1
52516985,22,44,-1,-1,1
52516836,19,11,-1,-1,4
52515419,27,24,-1,-1,0
52514826,10,51,-1,-1,5
52517274,4,23,-1,-1,6
52515528,22,39,-1,-1,7
52515279,21,25,-1,-1,4
52517204,56,14,-1,-1,2
52516618,8,27,-1,-1,6
52513024,47,9,-1,-1,6
52515444,37,10,-1,-1,7
52511198,26,29,-1,-1,1
52513294,0,55,-1,-1,2
52507696,15,53,-1,-1,6
52513269,7,41,-1,-1,6
52517131,54,54,-1,-1,5
52516912,2,2,-1,-1,1
52515340,2,30,-1,-1,1
52513802,12,56,-1,-1,4
52514828,54,6,-1,-1,7
52517462,52,48,-1,-1,7
52515948,25,26,-1,-1,5
52516143,33,36,-1,-1,0
52516304,0,22,-1,-1,0
52515097,30,33,-1,-1,7
52516025,1,20,-1,-1,2
52515040,53,28,-1,-1,6
52515687,21,10,-1,-1,2
52517038,31,46,-1,-1,3
52516267,24,41,-1,-1,2
52517405,44,53,-1,-1,4
52509949,54,55,-1,-1,0
52515249,56,54,-1,-1,2
52513922,35,48,-1,-1,2
52515621,21,31,-1,-1,6
52513968,38,58,-1,-1,7
52515321,14,17,-1,-1,2
52512182,36,19,-1,-1,1
52517567,52,3,-1,-1,2
52516003,15,16,-1,-1,0
52515794,30,35,-1,-1,5
52517087,48,46,-1,-1,7
52515991,49,21,-1,-1,5
52510763,14,53,-1,-1,0
52514566,37,53,-1,-1,7
52517459,56,42,-1,-1,5
52514587,51,42,-1,-1,4
52506346,36,4,-1,-1,4
52515634,33,55,-1,-1,1
52510648,4,3,-1,-1,4
52514086,9,0,-1,-1,2
52515493,47,35,-1,-1,6
52517530,54,42,-1,-1,7
52516350,22,30,-1,-1,0
52515865,2,36,-1,-1,5
52511413,46,10,-1,-1,2
52517281,52,38,-1,-1,5
52517236,47,51,-1,-1,4
52511147,38,2,-1,-1,5
52516539,7,28,-1,-1,2
52516238,6,48,-1,-1,5
52515455,39,27,-1,-1,6
52516739,35,30,-1,-1,1
52515057,23,15,-1,-1,3
52515126,12,14,-1,-1,0
52516347,34,40,-1,-1,3
52510742,17,50,-1,-1,1
52516364,58,46,-1,-1,4
52516464,46,40,-1,-1,2
52515506,17,22,-1,-1,6
52516870,32,10,-1,-1,2
52507272,31,52,-1,-1,3
52515395,49,51,-1,-1,5
52515547,54,5,-1,-1,0
52511917,28,55,-1,-1,1
52517493,23,32,-1,-1,3
52507971,23,0,-1,-1,6
52516309,41,15,-1,-1,1
52515804,15,40,-1,-1,3
52515341,23,4,-1,-1,2
52512706,35,31,-1,-1,0
52513259,48,11,-1,-1,0
52514473,54,0,-1,-1,4
52512571,31,13,-1,-1,0
52514675,22,52,-1,-1,0
52515599,23,19,-1,-1,7
52516534,8,43,-1,-1,2
52512784,21,2,-1,-1,6
52516658,15,2,-1,-1,4
52517514,4,42,-1,-1,0
52513387,32,58,-1,-1,6
52517316,23,17,-1,-1,7
52517319,31,41,-1,-1,4
52515393,2,53,-1,-1,6
52508026,58,29,-1,-1,0
52511112,35,27,-1,-1,7
52515837,10,29,-1,-1,5
52515510,2,52,-1,-1,6
52516833,36,12,-1,-1,1
52517409,8,30,-1,-1,5
52516979,42,20,-1,-1,6
52517143,41,33,-1,-1,7
52517518,40,27,-1,-1,5
52516666,41,44,-1,-1,0
52506990,3,58,-1,-1,2
52516661,49,47,-1,-1,4
52511927,33,52,-1,-1,0
52517511,44,0,-1,-1,2
52516601,33,18,-1,-1,7
52513429,29,43,-1,-1,3
52508866,13,55,-1,-1,6
52514642,30,3,-1,-1,4
52511337,0,32,-1,-1,0
52516588,49,19,-1,-1,4
52517220,29,6,-1,-1,2
52514794,35,4,-1,-1,3
52516682,55,54,-1,-1,7
52516186,36,21,-1,-1,6
52517367,20,35,-1,-1,0
52516425,18,19,-1,-1,0
52513088,25,17,-1,-1,4
52511541,0,47,-1,-1,0
52517467,20,40,-1,-1,5
52515765,28,28,-1,-1,0
52515061,3,45,-1,-1,6
52516649,55,20,-1,-1,5
52515326,50,28,-1,-1,0
52515349,34,42,-1,-1,4
52515591,3,23,-1,-1,2
52517361,21,33,-1,-1,7
52510384,17,33,-1,-1,0
52516047,33,24,-1,-1,0
52515674,41,7,-1,-1,0
52517565,26,7,-1,-1,1
52498280,54,40,-1,-1,0
52514100,44,55,-1,-1,4
52516473,36,17,-1,-1,7
52512255,7,20,-1,-1,1
52514884,4,53,-1,-1,4
52514386,41,29,-1,-1,1
52514938,4,36,-1,-1,7
52514090,58,20,-1,-1,5
52515850,26,53,-1,-1,0
52513786,23,40,-1,-1,3
52516056,11,4,-1,-1,3
52513742,3,37,-1,-1,6
52514010,12,23,-1,-1,5
52514969,7,29,-1,-1,0
52517539,7,43,-1,-1,6
52500895,36,28,-1,-1,5
52510803,56,2,-1,-1,2
52510579,55,24,-1,-1,7
52514439,22,7,-1,-1,2
52512864,53,40,-1,-1,1
52516121,8,21,-1,-1,7
52508454,32,24,-1,-1,2
52516274,24,31,-1,-1,0
52516436,53,14,-1,-1,6
52517312,21,36,-1,-1,4
52516995,20,46,-1,-1,7
52516039,11,42,-1,-1,7
52515368,58,56,-1,-1,4
52516151,28,27,-1,-1,7
52516576,8,45,-1,-1,5
52517480,13,16,-1,-1,2
52514889,11,24,-1,-1,0
52516133,25,31,-1,-1,1
52516565,54,8,-1,-1,7
52513844,56,15,-1,-1,5
52516559,20,7,-1,-1,1
52507441,17,0,-1,-1,2
52514958,49,23,-1,-1,0
52516250,41,30,-1,-1,7
52514692,24,10,-1,-1,1
52513602,49,6,-1,-1,0
52516940,3,20,-1,-1,7
52508707,52,46,-1,-1,3
52509637,13,13,-1,-1,1
52512812,29,53,-1,-1,2
52517310,16,36,-1,-1,1
52516054,38,56,-1,-1,0
52515519,35,17,-1,-1,6
52516096,49,17,-1,-1,3
52513950,49,55,-1,-1,2
52517403,31,14,-1,-1,2
52514482,40,46,-1,-1,6
52502986,51,0,-1,-1,6
52517093,53,35,-1,-1,0
52506161,18,49,-1,-1,6
52515614,6,38,-1,-1,0
52514095,45,48,-1,-1,3
52515615,58,42,-1,-1,4
52507812,51,6,-1,-1,7
52516699,8,29,-1,-1,6
52517510,47,50,-1,-1,3
52512854,4,14,-1,-1,2
52517142,11,31,-1,-1,2
52510847,50,51,-1,-1,3
52516358,16,42,-1,-1,4
52515225,44,7,-1,-1,2
52515890,37,33,-1,-1,5
52514472,19,24,-1,-1,1
52504569,29,30,-1,-1,4
52512677,37,38,-1,-1,2
52504960,6,31,-1,-1,0
52514951,51,23,-1,-1,7
52512232,51,39,-1,-1,7
52515351,16,58,-1,-1,7
52500109,50,54,-1,-1,1
52515792,5,39,-1,-1,2
52513282,0,21,-1,-1,0
52514924,26,57,-1,-1,3
52514088,13,10,-1,-1,4
52514485,29,35,-1,-1,7
52515724,16,15,-1,-1,7
52517307,12,28,-1,-1,0
52516406,17,9,-1,-1,3
52516211,9,8,-1,-1,6
52505386,45,54,-1,-1,1
52501108,52,40,-1,-1,0
52515831,41,22,-1,-1,6
52516060,13,49,-1,-1,0
52512984,27,48,-1,-1,1
52513361,55,23,-1,-1,2
52507690,2,20,-1,-1,1
52515431,3,12,-1,-1,1
52504642,51,43,-1,-1,2
52517377,0,57,-1,-1,4
52515698,0,7,-1,-1,4
52514463,11,0,-1,-1,2
52517121,15,19,-1,-1,4
52515743,48,45,-1,-1,4
52517280,42,58,-1,-1,7
52513229,22,8,-1,-1,7
52513479,5,20,-1,-1,1
52516526,32,16,-1,-1,2
52516978,48,28,-1,-1,0
52513849,49,4,-1,-1,6
52515001,1,22,-1,-1,0
52508070,30,26,-1,-1,4
52516639,42,15,-1,-1,3
52516100,25,25,-1,-1,2
52504836,3,4,-1,-1,4
52516322,34,30,-1,-1,7
52517469,22,2,-1,-1,2
52507043,21,23,-1,-1,6
52513649,19,4,-1,-1,2
52514538,5,9,-1,-1,2
52516521,29,15,-1,-1,0
52516376,7,26,-1,-1,0
52511127,29,23,-1,-1,1
52512117,58,14,-1,-1,0
52516904,30,11,-1,-1,6
52514594,18,1,-1,-1,0
52516038,14,57,-1,-1,6
52510664,4,21,-1,-1,5
52515985,10,14,-1,-1,5
52515086,0,17,-1,-1,0
52510755,33,37,-1,-1,5
52507655,16,33,-1,-1,5
52515056,48,42,-1,-1,6
52516011,11,57,-1,-1,3
52513731,39,19,-1,-1,0
52507558,47,54,-1,-1,0
52512652,23,12,-1,-1,1
52516402,26,13,-1,-1,2
52515370,21,1,-1,-1,1
52515466,5,10,-1,-1,3
52509580,43,17,-1,-1,5
52517600,36,30,-1,-1,5
52515094,29,29,-1,-1,0
52516317,0,38,-1,-1,3
52516501,42,23,-1,-1,6
52515000,25,4,-1,-1,5
52510738,18,7,-1,-1,4
52516413,42,24,-1,-1,6
52515430,13,38,-1,-1,2
52514017,17,3,-1,-1,6
52516839,55,31,-1,-1,4
52513751,34,58,-1,-1,2
52514508,5,33,-1,-1,5
52507467,52,4,-1,-1,2
52514262,4,45,-1,-1,3
52515999,34,20,-1,-1,1
52513657,16,45,-1,-1,1
52511268,13,30,-1,-1,2
52513830,51,5,-1,-1,6
52515754,19,9,-1,-1,4
52509018,34,21,-1,-1,2
52517100,16,31,-1,-1,2
52515810,39,58,-1,-1,1
52510201,15,35,-1,-1,1
52513985,54,38,-1,-1,7
52514222,1,15,-1,-1,7
52513268,48,55,-1,-1,3
52516917,36,39,-1,-1,6
52512783,23,43,-1,-1,7
52517049,36,9,-1,-1,3
52513193,0,10,-1,-1,4
52516411,9,26,-1,-1,6
52511469,48,16,-1,-1,7
52507957,55,30,-1,-1,1
52512543,51,19,-1,-1,6
52514059,45,36,-1,-1,5
52517500,18,45,-1,-1,0
52513943,28,54,-1,-1,2
52516744,32,32,-1,-1,2
52517597,26,0,-1,-1,4
52516480,10,1,-1,-1,7
52514597,47,18,-1,-1,2
52503775,18,43,-1,-1,4
52516275,47,12,-1,-1,0
52515833,53,22,-1,-1,3
52513278,36,5,-1,-1,4
52515354,53,4,-1,-1,7
52516024,4,49,-1,-1,0
52513426,51,50,-1,-1,5
52512469,50,30,-1,-1,3
52515982,11,21,-1,-1,2
52514118,57,24,-1,-1,2
52514994,25,22,-1,-1,3
52505393,24,19,-1,-1,7
52517184,42,46,-1,-1,7
52516623,4,16,-1,-1,7
52514947,36,49,-1,-1,2
52511181,33,20,-1,-1,5
52510195,14,4,-1,-1,7
52516240,43,42,-1,-1,5
52513158,49,14,-1,-1,0
52513169,8,50,-1,-1,4
52512553,28,6,-1,-1,7
52516132,34,52,-1,-1,5
52511266,32,28,-1,-1,2
52515271,16,53,-1,-1,7
52517300,31,32,-1,-1,4
52514695,52,23,-1,-1,5
52515919,5,43,-1,-1,7
52517289,57,23,-1,-1,7
52509295,19,56,-1,-1,1
52513202,45,41,-1,-1,1
52510273,19,45,-1,-1,4
52515938,14,38,-1,-1,5
52516873,34,5,-1,-1,3
52516930,23,56,-1,-1,0
52517069,13,7,-1,-1,2
52516341,7,54,-1,-1,4
52517056,30,14,-1,-1,0
52515327,34,18,-1,-1,2
52498285,11,12,-1,-1,1
52512047,45,14,-1,-1,1
52516009,58,10,-1,-1,7
52513666,23,58,-1,-1,6
52513974,15,6,-1,-1,2
52516513,47,47,-1,-1,5
52514082,7,24,-1,-1,2
52515580,54,11,-1,-1,3
52512691,53,5,-1,-1,1
52510510,12,31,-1,-1,1
52514320,50,3,-1,-1,1
52516685,13,23,-1,-1,1
52515640,53,47,-1,-1,3
52516803,58,19,-1,-1,4
52516858,52,41,-1,-1,5
52516706,34,29,-1,-1,0
52516368,54,44,-1,-1,4
52516430,38,20,-1,-1,5
52515063,58,51,-1,-1,6
52515851,42,50,-1,-1,6
52509212,19,7,-1,-1,6
52516678,57,53,-1,-1,3
52515618,5,30,-1,-1,2
52515683,57,43,-1,-1,3
52516119,8,2,-1,-1,2
52515442,45,19,-1,-1,6
52516905,49,16,-1,-1,3
52515856,34,46,-1,-1,0
52513671,50,10,-1,-1,6
52505878,43,35,-1,-1,3
52517096,45,26,-1,-1,6
52517560,2,48,-1,-1,5
52511973,26,55,-1,-1,1
52515582,41,36,-1,-1,5
52513983,21,55,-1,-1,5
52508936,5,48,-1,-1,1
52514026,43,3,-1,-1,3
52514835,57,49,-1,-1,3
52517345,55,51,-1,-1,3
52515453,19,25,-1,-1,6
52516570,14,33,-1,-1,3
52516641,24,6,-1,-1,1
52516955,27,19,-1,-1,5
52517350,16,35,-1,-1,6
52503564,29,24,-1,-1,0
52515551,22,47,-1,-1,3
52511377,8,13,-1,-1,2
52514871,40,25,-1,-1,0
52517197,7,8,-1,-1,4
52505582,8,7,-1,-1,0
52514172,28,2,-1,-1,1
52517568,57,56,-1,-1,0
52517097,49,11,-1,-1,4
52514454,44,12,-1,-1,1
52510928,19,12,-1,-1,4
52516387,17,15,-1,-1,2
52511391,23,33,-1,-1,7
52517485,20,31,-1,-1,1
52517063,6,33,-1,-1,6
52517169,17,11,-1,-1,3
52512005,52,8,-1,-1,1
52513112,39,40,-1,-1,5
52516325,8,54,-1,-1,0
52517426,44,40,-1,-1,2
52517404,28,13,-1,-1,4
52516209,10,15,-1,-1,0
52512007,32,53,-1,-1,4
52515173,57,38,-1,-1,1
52511979,21,47,-1,-1,2
52517105,34,11,-1,-1,7
52516908,9,33,-1,-1,2
52515639,56,56,-1,-1,2
52517308,44,26,-1,-1,4
52517239,5,32,-1,-1,2
52516485,48,40,-1,-1,3
52517523,43,9,-1,-1,7
52515659,44,35,-1,-1,6
52515870,39,46,-1,-1,4
52517498,40,30,-1,-1,5
52516903,9,11,-1,-1,6
52516850,21,46,-1,-1,7
52517275,51,2,-1,-1,2
52512603,49,35,-1,-1,4
52510850,4,18,-1,-1,0
52516484,42,18,-1,-1,7
52514488,26,41,-1,-1,6
52516155,44,22,-1,-1,3
52513584,10,47,-1,-1,7
52516150,54,13,-1,-1,4
52516707,46,21,-1,-1,5
52508818,23,55,-1,-1,5
52512514,11,6,-1,-1,4
52514475,57,11,-1,-1,6
52516906,14,51,-1,-1,6
52514864,3,2,-1,-1,0
52516984,31,58,-1,-1,1
52514330,50,20,-1,-1,0
52514605,12,35,-1,-1,4
52516207,43,15,-1,-1,2
52515240,34,34,-1,-1,2
52513210,28,47,-1,-1,3
52517408,37,39,-1,-1,3
52515265,56,21,-1,-1,6
52516914,53,6,-1,-1,7
52516296,47,10,-1,-1,7
52517233,14,52,-1,-1,6
52515896,14,26,-1,-1,2
52513481,44,29,-1,-1,6
52512115,23,22,-1,-1,3
52503727,0,24,-1,-1,2
52517370,7,19,-1,-1,6
52511002,7,0,-1,-1,3
52515514,9,23,-1,-1,4
52515197,34,31,-1,-1,2
52503169,7,57,-1,-1,7
52512725,19,36,-1,-1,2
52511200,31,22,-1,-1,5
52516109,13,43,-1,-1,5
52517072,35,57,-1,-1,4
52517177,49,42,-1,-1,7
52517028,54,3,-1,-1,3
52516915,49,22,-1,-1,4
52514091,4,8,-1,-1,6
52512936,45,2,-1,-1,3
52514778,32,11,-1,-1,6
52515585,26,42,-1,-1,5
52499656,6,26,-1,-1,2
52517120,5,55,-1,-1,7
52516308,7,44,-1,-1,4
52515226,14,22,-1,-1,0
52517058,49,40,-1,-1,3
52502559,1,9,-1,-1,2
52512380,6,13,-1,-1,3
52510301,20,2,-1,-1,2
52516512,17,1,-1,-1,4
52515162,14,6,-1,-1,0
52514103,56,47,-1,-1,6
52516687,1,28,-1,-1,7
52517337,30,27,-1,-1,0
52510721,2,51,-1,-1,7
52505875,9,21,-1,-1,2
52515301,16,22,-1,-1,3
52514244,29,48,-1,-1,3
52514273,28,35,-1,-1,5
52515979,24,34,-1,-1,6
52517113,8,19,-1,-1,4
52512063,54,57,-1,-1,7
52517586,50,21,-1,-1,6
52516144,50,19,-1,-1,4
52517595,22,19,-1,-1,3
52511821,51,1,-1,-1,7
52503092,10,30,-1,-1,3
52512403,33,44,-1,-1,6
52507825,19,27,-1,-1,4
52504958,16,7,-1,-1,5
52515064,29,27,-1,-1,0
52510844,15,18,-1,-1,0
52517225,19,1,-1,-1,0
52515522,9,35,-1,-1,3
52517339,55,6,-1,-1,0
52515397,35,7,-1,-1,1
52516975,3,55,-1,-1,6
52517198,49,58,-1,-1,0
52514782,15,10,-1,-1,3
52510431,56,37,-1,-1,6
52516892,40,54,-1,-1,1
52516177,33,39,-1,-1,3
52513744,42,43,-1,-1,4
52517172,0,36,-1,-1,0
52508610,18,52,-1,-1,3
52516949,35,44,-1,-1,7
52502303,3,36,-1,-1,1
52516923,11,1,-1,-1,1
52515187,24,33,-1,-1,4
52515136,52,1,-1,-1,7
52513891,6,10,-1,-1,4
52512037,3,11,-1,-1,0
52516361,32,43,-1,-1,7
52510575,7,35,-1,-1,4
52516753,30,55,-1,-1,6
52516586,8,24,-1,-1,3
52514397,35,58,-1,-1,2
52512375,13,27,-1,-1,5
52515718,45,1,-1,-1,3
52517525,21,27,-1,-1,6
52509840,23,49,-1,-1,7
52516241,4,38,-1,-1,7
52517431,20,22,-1,-1,5
52515221,16,34,-1,-1,5
52517168,40,21,-1,-1,3
52515771,5,34,-1,-1,5
52516256,43,22,-1,-1,1
52516392,8,56,-1,-1,7
52516647,32,37,-1,-1,4
52516814,43,8,-1,-1,4
52516224,22,38,-1,-1,1
52516864,52,9,-1,-1,3
52511389,16,21,-1,-1,0
52517107,18,25,-1,-1,7
52516502,19,5,-1,-1,1
52516782,27,12,-1,-1,0
52515545,11,14,-1,-1,3
52515740,29,37,-1,-1,6
52515300,30,28,-1,-1,1
52504914,24,12,-1,-1,1
52503774,37,56,-1,-1,2
52508245,46,56,-1,-1,0
52515691,52,33,-1,-1,4
52512631,55,36,-1,-1,2
52508136,17,58,-1,-1,2
52516920,26,36,-1,-1,3
52517322,30,41,-1,-1,4
52516527,47,20,-1,-1,6
52508906,42,44,-1,-1,6
52515111,39,42,-1,-1,1
52517159,1,41,-1,-1,2
52512434,31,56,-1,-1,1
52517559,28,37,-1,-1,7
52516222,54,31,-1,-1,0
52510725,8,26,-1,-1,6
52514370,52,54,-1,-1,2
52512156,1,35,-1,-1,6
52515632,52,17,-1,-1,3
52515893,44,33,-1,-1,3
52516311,5,23,-1,-1,3
52516316,37,0,-1,-1,6
52517381,48,32,-1,-1,5
52517165,34,24,-1,-1,5
52515371,39,31,-1,-1,5
52508506,54,45,-1,-1,0
52517141,4,5,-1,-1,6
52513964,36,56,-1,-1,4
52514520,30,45,-1,-1,1
52513219,30,22,-1,-1,7
52515457,15,17,-1,-1,4
52510882,21,21,-1,-1,0
52514861,31,6,-1,-1,3
52516408,20,8,-1,-1,6
52515523,0,56,-1,-1,4
52515020,4,50,-1,-1,5
52514052,7,2,-1,-1,0
52516748,39,53,-1,-1,6
52515981,20,19,-1,-1,0
52515458,51,11,-1,-1,7
52505767,47,43,-1,-1,0
52514136,15,34,-1,-1,3
52514783,58,54,-1,-1,0
52511611,15,43,-1,-1,5
52508170,12,34,-1,-1,6
52515015,8,44,-1,-1,7
52515338,55,16,-1,-1,2
52512539,40,12,-1,-1,3
52505579,28,41,-1,-1,5
52514344,51,36,-1,-1,4
52517036,0,28,-1,-1,3
52512249,52,5,-1,-1,5
52513453,3,40,-1,-1,6
52513540,7,3,-1,-1,3
52516795,40,24,-1,-1,3
52517492,13,29,-1,-1,1
52516544,35,56,-1,-1,7
52516518,28,15,-1,-1,3
52516378,25,16,-1,-1,1
52507689,44,54,-1,-1,3
52517366,44,31,-1,-1,1
52508141,11,26,-1,-1,1
52513820,13,8,-1,-1,5
52515416,21,30,-1,-1,5
52514187,27,40,-1,-1,2
52512617,26,28,-1,-1,6
52509976,29,36,-1,-1,5
52516111,57,40,-1,-1,4
52516669,53,44,-1,-1,6
52515701,45,21,-1,-1,3
52511956,11,43,-1,-1,5
52517161,11,29,-1,-1,1
52514583,14,49,-1,-1,5
52514859,3,10,-1,-1,4
52514504,53,29,-1,-1,1
52516945,57,34,-1,-1,1
52516868,46,22,-1,-1,4
52515902,3,22,-1,-1,2
52512726,42,21,-1,-1,1
52515818,36,57,-1,-1,3
52513526,18,18,-1,-1,0
52510949,36,8,-1,-1,1
52517183,56,10,-1,-1,4
52514542,29,51,-1,-1,1
52512848,14,5,-1,-1,3
52506233,5,4,-1,-1,7
52517055,44,19,-1,-1,0
52517000,42,22,-1,-1,0
52514305,41,21,-1,-1,4
52517013,5,28,-1,-1,1
52516027,35,46,-1,-1,3
52516863,36,27,-1,-1,6
52516579,33,19,-1,-1,0
52516603,34,7,-1,-1,5
52516970,0,45,-1,-1,4
52516980,48,50,-1,-1,3
52517596,11,7,-1,-1,2
52515895,37,31,-1,-1,5
52516257,21,56,-1,-1,6
52516477,35,21,-1,-1,3
52510690,10,38,-1,-1,0
52514603,39,21,-1,-1,7
52508289,28,4,-1,-1,0
52517129,10,11,-1,-1,3
52514765,3,0,-1,-1,2
52516237,47,23,-1,-1,5
52516071,58,25,-1,-1,4
52502245,2,4,-1,-1,0
52515777,21,29,-1,-1,1
52513285,55,37,-1,-1,5
52516818,30,8,-1,-1,6
52499673,16,18,-1,-1,0
52511161,41,17,-1,-1,4
52514641,52,10,-1,-1,6
52516645,49,10,-1,-1,7
52515369,51,34,-1,-1,6
52511297,41,53,-1,-1,5
52510998,2,40,-1,-1,0
52514299,46,3,-1,-1,2
52500958,58,52,-1,-1,0
52516990,21,43,-1,-1,2
52508292,55,39,-1,-1,7
52514396,47,56,-1,-1,4
52517390,47,11,-1,-1,1
52516538,24,14,-1,-1,7
52517046,50,6,-1,-1,3
52513108,6,55,-1,-1,4
52512687,29,33,-1,-1,6
52508147,10,45,-1,-1,3
52505255,55,5,-1,-1,2
52516471,18,2,-1,-1,3
52517109,54,9,-1,-1,1
52516214,7,15,-1,-1,0
52517363,1,51,-1,-1,7
52517358,42,3,-1,-1,7
52514940,37,29,-1,-1,6
52493104,10,50,-1,-1,6
52510444,13,52,-1,-1,5
52516170,15,51,-1,-1,7
52507468,50,0,-1,-1,2
52515472,27,21,-1,-1,4
52516018,38,13,-1,-1,6
52515283,6,34,-1,-1,6
52515577,31,19,-1,-1,0
52511277,21,8,-1,-1,5
52514987,15,30,-1,-1,0
52517563,19,20,-1,-1,0
52516783,53,7,-1,-1,0
52514241,21,41,-1,-1,3
52515842,2,35,-1,-1,3
52516703,42,55,-1,-1,4
52513712,40,4,-1,-1,7
52508251,42,57,-1,-1,3
52508018,25,41,-1,-1,3
52505264,0,20,-1,-1,4
52517007,53,57,-1,-1,2
52512744,50,23,-1,-1,3
52514020,11,20,-1,-1,1
52517006,4,28,-1,-1,7
52517003,40,28,-1,-1,6
52508709,19,55,-1,-1,3
52512355,26,20,-1,-1,4
52511397,45,18,-1,-1,1
52509519,23,24,-1,-1,3
52516982,14,46,-1,-1,7
52515976,32,15,-1,-1,1
52513317,14,8,-1,-1,5
52516310,19,2,-1,-1,6
52516637,17,36,-1,-1,6
52516231,5,38,-1,-1,5
52514317,24,32,-1,-1,5
52511983,53,24,-1,-1,2
52514389,13,25,-1,-1,3
52514744,14,55,-1,-1,0
52517433,53,1,-1,-1,6
52517075,26,25,-1,-1,0
52512545,28,29,-1,-1,2
52513779,54,26,-1,-1,5
52517278,31,2,-1,-1,1
52513122,35,26,-1,-1,4
52513539,54,30,-1,-1,0
52514034,50,46,-1,-1,1
52517327,38,31,-1,-1,3
52517212,15,54,-1,-1,6
52508957,11,56,-1,-1,2
52517200,22,50,-1,-1,2
52502451,43,40,-1,-1,7
52516760,28,39,-1,-1,0
52515224,25,14,-1,-1,4
52509823,43,43,-1,-1,1
52514212,53,55,-1,-1,3
52501369,56,48,-1,-1,2
52517314,29,34,-1,-1,4
52514772,35,11,-1,-1,2
52517542,41,39,-1,-1,5
52516015,55,40,-1,-1,1
52513920,58,23,-1,-1,5
52514978,32,3,-1,-1,2
52517117,34,25,-1,-1,2
52515014,38,10,-1,-1,5
52516890,37,42,-1,-1,6
52509805,42,47,-1,-1,6
52511834,23,47,-1,-1,6
52510785,28,20,-1,-1,6
52509110,50,49,-1,-1,2
52516543,30,16,-1,-1,3
52513436,54,24,-1,-1,2
52510872,45,31,-1,-1,7
52515699,52,35,-1,-1,6
52512317,20,52,-1,-1,7
52514357,37,21,-1,-1,7
52517132,5,25,-1,-1,7
52517353,56,49,-1,-1,2
52517154,47,40,-1,-1,7
52516729,17,53,-1,-1,2
52513861,49,39,-1,-1,4
52514450,12,21,-1,-1,0
52513801,15,4,-1,-1,1
52513234,39,44,-1,-1,4
52515773,10,42,-1,-1,6
52513991,5,11,-1,-1,6
52499894,10,34,-1,-1,6
52514466,57,21,-1,-1,0
52512284,31,31,-1,-1,3
52514339,5,35,-1,-1,2
52516352,12,2,-1,-1,6
52512374,8,10,-1,-1,7
52512257,48,48,-1,-1,4
52511776,1,48,-1,-1,2
52513567,6,9,-1,-1,3
52516650,29,45,-1,-1,5
52514272,24,23,-1,-1,5
52515637,5,18,-1,-1,3
52515521,46,29,-1,-1,2
52515046,33,16,-1,-1,1
52512549,16,50,-1,-1,7
52515125,40,41,-1,-1,2
52517604,29,4,-1,-1,6
