# org_id,org_cellx,org_celly,org_forage_target,org_group_id,org_facing
52374794,24,35,-1,-1,6
52376285,11,18,-1,-1,2
52375992,34,51,-1,-1,7
52380910,56,24,-1,-1,2
52371986,35,41,-1,-1,1
52380929,19,42,-1,-1,7
52380575,31,51,-1,-1,5
52380585,46,39,-1,-1,6
52379821,29,20,-1,-1,3
52375756,33,46,-1,-1,1
52380534,42,29,-1,-1,0
52377655,18,24,-1,-1,1
52380310,29,11,-1,-1,0
52380029,26,3,-1,-1,5
52365138,0,13,-1,-1,4
52371609,17,41,-1,-1,2
52366809,2,16,-1,-1,6
52370330,36,12,-1,-1,2
52378460,13,9,-1,-1,0
52381101,53,4,-1,-1,3
52377767,8,44,-1,-1,6
52377341,40,0,-1,-1,2
52381115,39,19,-1,-1,0
52379230,54,1,-1,-1,0
52379345,38,5,-1,-1,1
52372574,13,27,-1,-1,4
52379921,54,58,-1,-1,2
52380068,3,17,-1,-1,7
52379954,15,33,-1,-1,7
52380352,46,19,-1,-1,1
52378184,0,48,-1,-1,0
52378602,6,5,-1,-1,6
52377990,47,52,-1,-1,6
52380668,14,23,-1,-1,2
52372577,51,47,-1,-1,1
52380397,19,15,-1,-1,1
52377773,47,32,-1,-1,5
52375422,14,36,-1,-1,7
52378747,55,46,-1,-1,1
52379982,27,9,-1,-1,1
52377798,29,33,-1,-1,6
52378888,45,18,-1,-1,1
52379987,27,24,-1,-1,6
52380969,33,40,-1,-1,1
52380810,41,44,-1,-1,1
52378165,3,48,-1,-1,7
52377288,21,36,-1,-1,3
52377346,14,1,-1,-1,7
52379983,32,4,-1,-1,5
52380657,30,23,-1,-1,4
52380049,57,2,-1,-1,0
52379994,9,15,-1,-1,0
52379110,52,56,-1,-1,4
52380388,7,12,-1,-1,3
52379266,18,41,-1,-1,5
52381059,45,3,-1,-1,5
52380797,56,35,-1,-1,6
52380789,50,14,-1,-1,7
52378773,14,28,-1,-1,7
52380372,42,18,-1,-1,6
52379399,41,45,-1,-1,5
52380258,31,24,-1,-1,1
52372965,52,29,-1,-1,1
52379024,40,12,-1,-1,2
52381137,6,24,-1,-1,4
52378805,54,36,-1,-1,5
52378628,55,16,-1,-1,3
52377873,58,0,-1,-1,6
52375107,17,51,-1,-1,3
52376635,14,26,-1,-1,5
52380880,49,29,-1,-1,1
52380699,25,30,-1,-1,7
52376564,53,41,-1,-1,7
52380020,4,42,-1,-1,5
52381128,9,2,-1,-1,1
52380616,2,7,-1,-1,0
52380956,23,56,-1,-1,7
52381193,32,23,-1,-1,2
52375193,35,45,-1,-1,2
52380146,7,45,-1,-1,0
52375924,14,18,-1,-1,2
52379739,25,29,-1,-1,1
52378452,18,25,-1,-1,2
52380212,9,16,-1,-1,6
52379041,36,30,-1,-1,2
52376083,29,43,-1,-1,6
52364994,15,51,-1,-1,2
52381170,44,48,-1,-1,4
52378206,12,52,-1,-1,0
52374288,7,55,-1,-1,2
52378537,0,40,-1,-1,4
52379241,16,22,-1,-1,2
52380919,31,38,-1,-1,5
52375180,42,41,-1,-1,3
52380358,28,21,-1,-1,6
52380717,8,2,-1,-1,1
52369731,54,55,-1,-1,1
52380819,39,52,-1,-1,0
52380297,39,7,-1,-1,5
52369745,53,22,-1,-1,0
52370526,13,47,-1,-1,1
52377064,32,39,-1,-1,7
52378220,20,21,-1,-1,2
52376159,20,2,-1,-1,0
52381066,39,5,-1,-1,7
52381060,35,48,-1,-1,6
52380924,41,9,-1,-1,4
52372804,12,0,-1,-1,3
52379190,37,20,-1,-1,1
52378047,0,10,-1,-1,0
52378331,0,46,-1,-1,0
52379405,36,8,-1,-1,5
52370482,32,29,-1,-1,3
52378972,50,11,-1,-1,3
52372539,29,21,-1,-1,7
52378375,7,25,-1,-1,0
52378979,42,0,-1,-1,2
52380309,2,29,-1,-1,3
52381152,12,21,-1,-1,4
52379598,33,48,-1,-1,7
52380154,16,19,-1,-1,6
52377661,35,51,-1,-1,5
52381164,32,57,-1,-1,6
52379372,5,37,-1,-1,6
52377247,25,32,-1,-1,5
52373872,38,22,-1,-1,5
52378584,56,56,-1,-1,1
52373469,15,3,-1,-1,6
52373083,27,26,-1,-1,0
52374356,42,23,-1,-1,7
52370845,58,45,-1,-1,6
52375928,41,30,-1,-1,0
52377078,45,10,-1,-1,6
52380620,52,38,-1,-1,1
52376519,54,2,-1,-1,5
52379144,58,23,-1,-1,4
52369993,44,21,-1,-1,6
52380450,2,18,-1,-1,7
52379977,39,28,-1,-1,6
52380325,1,9,-1,-1,6
52378956,13,36,-1,-1,3
52378523,46,14,-1,-1,7
52375830,47,56,-1,-1,7
52379306,57,57,-1,-1,4
52380120,11,24,-1,-1,5
52378592,19,2,-1,-1,7
52379383,34,54,-1,-1,3
52377709,57,14,-1,-1,6
52378720,47,11,-1,-1,2
52380076,28,13,-1,-1,3
52379321,0,14,-1,-1,2
52380188,44,47,-1,-1,3
52375517,8,16,-1,-1,4
52376674,37,11,-1,-1,5
52380137,30,16,-1,-1,1
52375894,53,46,-1,-1,3
52381029,43,33,-1,-1,3
52374135,12,25,-1,-1,7
52378200,5,31,-1,-1,2
52380178,22,31,-1,-1,4
52378845,17,21,-1,-1,6
52381108,17,14,-1,-1,1
52378970,31,42,-1,-1,5
52380688,15,20,-1,-1,4
52380959,0,12,-1,-1,4
52378985,56,18,-1,-1,4
52369760,4,18,-1,-1,7
52378037,4,31,-1,-1,6
52377790,3,34,-1,-1,1
52375606,4,55,-1,-1,2
52381139,13,46,-1,-1,4
52376216,5,5,-1,-1,4
52378448,15,28,-1,-1,3
52380471,40,46,-1,-1,0
52364641,36,58,-1,-1,7
52380504,19,40,-1,-1,6
52378915,12,48,-1,-1,2
52381087,11,42,-1,-1,0
52377574,52,27,-1,-1,5
52380288,25,12,-1,-1,2
52380228,35,26,-1,-1,2
52369140,17,2,-1,-1,6
52376914,29,28,-1,-1,7
52381135,11,58,-1,-1,1
52380392,30,2,-1,-1,2
52379108,17,45,-1,-1,3
52381111,3,57,-1,-1,5
52380304,4,47,-1,-1,6
52380393,29,42,-1,-1,1
52378697,32,42,-1,-1,7
52380747,36,38,-1,-1,2
52372032,0,5,-1,-1,3
52377808,50,53,-1,-1,7
52378809,52,39,-1,-1,5
52380590,46,21,-1,-1,5
52377650,23,28,-1,-1,7
52380477,36,13,-1,-1,5
52378818,19,4,-1,-1,7
52380423,39,36,-1,-1,2
52371911,37,56,-1,-1,2
52374072,13,44,-1,-1,2
52373236,8,19,-1,-1,6
52380753,22,57,-1,-1,3
52379160,46,30,-1,-1,1
52379708,25,38,-1,-1,1
52380634,36,57,-1,-1,2
52378418,33,39,-1,-1,5
52377817,41,58,-1,-1,7
52380967,11,5,-1,-1,3
52379352,13,33,-1,-1,0
52380719,31,45,-1,-1,7
52374873,17,8,-1,-1,7
52380175,21,39,-1,-1,0
52379342,24,54,-1,-1,4
52380465,39,56,-1,-1,3
52372005,45,25,-1,-1,7
52380484,14,17,-1,-1,3
52374946,38,8,-1,-1,7
52378348,27,47,-1,-1,1
52377310,27,20,-1,-1,2
52369762,34,57,-1,-1,3
52379607,9,37,-1,-1,6
52379299,41,21,-1,-1,6
52380224,18,23,-1,-1,7
52377979,25,44,-1,-1,3
52381027,20,26,-1,-1,3
52380291,16,27,-1,-1,1
52369539,32,55,-1,-1,7
52377031,1,12,-1,-1,2
52380315,46,11,-1,-1,1
52365865,2,20,-1,-1,3
52381119,55,11,-1,-1,0
52380573,46,45,-1,-1,2
52367732,0,9,-1,-1,0
52372424,14,54,-1,-1,0
52380889,57,45,-1,-1,7
52377742,32,6,-1,-1,0
52380530,58,13,-1,-1,5
52379989,2,51,-1,-1,2
52380641,6,56,-1,-1,4
52374089,33,11,-1,-1,5
52379098,50,24,-1,-1,6
52380134,31,56,-1,-1,7
52379949,48,5,-1,-1,4
52376905,26,29,-1,-1,3
52369394,15,29,-1,-1,4
52371700,15,43,-1,-1,7
52376167,10,14,-1,-1,1
52380401,41,29,-1,-1,2
52381089,56,9,-1,-1,0
52379746,4,58,-1,-1,6
52375819,5,36,-1,-1,3
52375494,32,15,-1,-1,3
52380985,50,20,-1,-1,1
52377838,10,22,-1,-1,4
52381001,9,57,-1,-1,2
52379008,56,51,-1,-1,7
52378900,44,12,-1,-1,5
52376839,1,13,-1,-1,3
52381178,29,4,-1,-1,3
52377848,9,42,-1,-1,6
52375322,2,45,-1,-1,2
52371672,16,40,-1,-1,0
52379822,21,43,-1,-1,0
52380606,15,18,-1,-1,2
52380731,31,44,-1,-1,7
52375599,53,13,-1,-1,3
52373637,13,3,-1,-1,1
52370913,24,36,-1,-1,1
52359920,33,37,-1,-1,5
52381047,2,57,-1,-1,1
52380743,29,5,-1,-1,4
52381122,43,40,-1,-1,5
52381133,32,18,-1,-1,4
52381099,28,45,-1,-1,1
52380780,5,24,-1,-1,6
52379357,47,35,-1,-1,2
52380860,19,54,-1,-1,0
52362556,37,27,-1,-1,6
52380636,12,11,-1,-1,6
52380710,8,46,-1,-1,1
52380373,20,48,-1,-1,6
52379227,42,2,-1,-1,2
52378544,14,3,-1,-1,0
52380757,23,39,-1,-1,4
52380317,10,33,-1,-1,3
52379502,16,16,-1,-1,3
52380054,3,52,-1,-1,2
52370822,23,40,-1,-1,1
52380453,8,15,-1,-1,7
52380435,51,15,-1,-1,2
52377852,22,33,-1,-1,1
52373279,16,14,-1,-1,0
52378835,45,50,-1,-1,7
52381016,57,17,-1,-1,6
52372601,58,51,-1,-1,4
52371573,27,58,-1,-1,2
52379663,49,49,-1,-1,5
52374621,40,36,-1,-1,3
52373674,17,52,-1,-1,5
52378142,48,6,-1,-1,3
52375744,0,7,-1,-1,3
52379501,43,57,-1,-1,4
52377212,30,35,-1,-1,6
52379140,40,10,-1,-1,6
52373787,50,39,-1,-1,0
52379180,20,16,-1,-1,1
52379665,32,36,-1,-1,1
52380079,17,50,-1,-1,3
52373572,20,4,-1,-1,3
52380642,2,53,-1,-1,0
52369727,2,2,-1,-1,1
52379830,38,29,-1,-1,2
52380946,5,42,-1,-1,1
52380663,36,31,-1,-1,5
52380042,19,49,-1,-1,5
52380369,31,31,-1,-1,7
52380375,18,26,-1,-1,5
52380569,13,28,-1,-1,3
52381083,13,16,-1,-1,5
52379650,27,27,-1,-1,0
52379220,2,38,-1,-1,7
52378246,14,19,-1,-1,0
52377947,46,33,-1,-1,3
52368966,36,37,-1,-1,6
52379997,47,14,-1,-1,7
52379517,56,40,-1,-1,1
52376378,17,13,-1,-1,0
52381054,36,0,-1,-1,6
52369776,44,11,-1,-1,1
52381102,46,50,-1,-1,4
52380628,30,57,-1,-1,3
52376751,34,31,-1,-1,0
52372861,30,48,-1,-1,2
52380116,11,45,-1,-1,4
52371673,57,13,-1,-1,4
52379628,39,15,-1,-1,3
52379666,14,13,-1,-1,1
52379154,37,19,-1,-1,7
52379113,16,3,-1,-1,5
52380617,39,42,-1,-1,6
52377658,24,43,-1,-1,7
52380173,14,35,-1,-1,6
52380842,15,11,-1,-1,5
52371934,35,25,-1,-1,2
52375488,4,44,-1,-1,4
52379009,34,58,-1,-1,7
52381207,48,9,-1,-1,0
52377201,48,31,-1,-1,6
52374832,39,41,-1,-1,6
52380587,41,27,-1,-1,4
52379693,27,57,-1,-1,5
52376618,47,43,-1,-1,3
52376692,40,24,-1,-1,6
52373137,50,45,-1,-1,6
52370459,58,31,-1,-1,7
52369910,33,2,-1,-1,7
52374923,43,26,-1,-1,2
52380512,48,55,-1,-1,3
52380932,39,10,-1,-1,2
52380462,46,47,-1,-1,4
52379214,7,21,-1,-1,2
52374917,16,37,-1,-1,5
52380818,54,35,-1,-1,5
52378332,11,4,-1,-1,1
52377411,58,42,-1,-1,4
52375504,37,47,-1,-1,5
52378860,12,43,-1,-1,2
52377607,27,52,-1,-1,3
52378388,28,26,-1,-1,6
52378367,39,39,-1,-1,1
52380069,21,22,-1,-1,3
52379419,51,46,-1,-1,2
52377421,32,33,-1,-1,6
52379967,19,13,-1,-1,2
52371886,4,28,-1,-1,3
52374655,13,54,-1,-1,6
52376646,56,22,-1,-1,6
52378639,45,34,-1,-1,6
52380051,50,31,-1,-1,1
52380633,57,7,-1,-1,6
52378299,25,41,-1,-1,3
52379129,48,58,-1,-1,7
52380109,52,19,-1,-1,7
52375335,55,20,-1,-1,7
52371336,56,3,-1,-1,0
52377423,50,29,-1,-1,1
52378253,13,39,-1,-1,2
52380327,5,43,-1,-1,2
52378178,23,9,-1,-1,3
52378279,4,19,-1,-1,2
52381149,33,30,-1,-1,3
52376845,2,23,-1,-1,4
52380340,24,25,-1,-1,2
52381144,42,53,-1,-1,3
52376374,49,6,-1,-1,1
52380395,56,50,-1,-1,0
52373441,30,58,-1,-1,2
52380708,23,18,-1,-1,6
52380683,48,4,-1,-1,3
52378119,52,7,-1,-1,4
52379992,31,8,-1,-1,7
52376833,46,36,-1,-1,4
52381050,56,25,-1,-1,6
52380407,42,27,-1,-1,4
52379766,18,53,-1,-1,0
52377691,11,56,-1,-1,1
52380417,38,18,-1,-1,0
52377006,27,32,-1,-1,7
52379918,34,47,-1,-1,1
52378103,15,48,-1,-1,1
52381022,30,9,-1,-1,0
52380536,55,30,-1,-1,7
52378488,13,57,-1,-1,3
52380088,20,30,-1,-1,1
52380922,12,7,-1,-1,5
52378919,40,49,-1,-1,7
52380776,1,15,-1,-1,5
52374105,58,12,-1,-1,7
52379743,41,16,-1,-1,4
52380964,5,12,-1,-1,5
52377089,34,23,-1,-1,6
52373689,21,3,-1,-1,2
52376166,11,8,-1,-1,3
52378060,51,56,-1,-1,5
52377684,2,44,-1,-1,3
52378322,11,28,-1,-1,1
52379642,46,28,-1,-1,6
52375148,33,28,-1,-1,7
52380670,47,51,-1,-1,4
52372248,28,43,-1,-1,6
52367108,52,12,-1,-1,5
52380666,10,45,-1,-1,4
52370653,24,28,-1,-1,4
52373714,44,41,-1,-1,6
52369850,9,3,-1,-1,4
52378392,12,19,-1,-1,3
52380542,18,49,-1,-1,0
52378072,10,30,-1,-1,6
52380157,56,13,-1,-1,2
52380149,48,38,-1,-1,1
52375063,50,0,-1,-1,5
52374583,40,47,-1,-1,5
52379258,55,1,-1,-1,1
52374890,10,0,-1,-1,2
52376566,39,37,-1,-1,3
52378802,45,24,-1,-1,0
52380242,46,13,-1,-1,4
52380913,30,13,-1,-1,6
52379439,56,8,-1,-1,5
52381092,12,23,-1,-1,6
52359131,16,58,-1,-1,2
52379206,30,39,-1,-1,0
52378118,0,44,-1,-1,0
52379973,27,39,-1,-1,6
52381157,29,37,-1,-1,7
52378535,58,26,-1,-1,4
52377066,15,24,-1,-1,6
52380099,14,39,-1,-1,1
52380346,38,37,-1,-1,2
52379084,25,16,-1,-1,1
52379659,55,37,-1,-1,2
52366819,0,6,-1,-1,0
52380549,55,26,-1,-1,4
52381154,0,58,-1,-1,2
52379819,25,51,-1,-1,2
52374200,58,11,-1,-1,0
52378832,29,49,-1,-1,2
52380785,2,13,-1,-1,1
52379498,9,38,-1,-1,2
52378164,6,53,-1,-1,6
52377459,44,2,-1,-1,3
52368285,55,12,-1,-1,6
52368926,7,20,-1,-1,4
52377641,50,56,-1,-1,5
52373308,4,27,-1,-1,7
52380562,27,36,-1,-1,6
52380763,38,23,-1,-1,2
52377623,25,43,-1,-1,2
52380439,39,20,-1,-1,0
52378876,7,56,-1,-1,4
52378909,57,8,-1,-1,3
52369450,37,33,-1,-1,6
52376707,17,10,-1,-1,4
52378242,26,40,-1,-1,7
52379729,10,43,-1,-1,3
52378004,54,20,-1,-1,1
52380839,41,33,-1,-1,7
52378924,43,22,-1,-1,4
52372942,6,50,-1,-1,2
52379622,26,44,-1,-1,5
52379962,10,17,-1,-1,2
52378875,45,7,-1,-1,5
52378479,11,12,-1,-1,0
52368835,47,3,-1,-1,2
52381107,32,10,-1,-1,4
52376359,2,43,-1,-1,6
52380363,8,36,-1,-1,7
52378136,3,50,-1,-1,5
52379552,45,33,-1,-1,7
52377465,24,14,-1,-1,2
52378641,36,35,-1,-1,1
52378533,56,26,-1,-1,2
52379205,33,16,-1,-1,1
52377318,21,28,-1,-1,5
52378507,54,25,-1,-1,1
52380599,49,11,-1,-1,2
52379304,7,47,-1,-1,3
52374075,27,7,-1,-1,5
52370272,17,43,-1,-1,2
52377451,27,30,-1,-1,0
52375252,8,5,-1,-1,6
52380452,50,47,-1,-1,7
52379062,48,42,-1,-1,5
52377366,22,49,-1,-1,1
52377815,38,17,-1,-1,5
52375911,14,11,-1,-1,6
52374126,1,56,-1,-1,7
52376680,13,51,-1,-1,0
52376367,39,12,-1,-1,1
52379651,28,44,-1,-1,3
52380305,35,3,-1,-1,5
52374623,11,30,-1,-1,5
52380501,25,14,-1,-1,4
52381090,23,47,-1,-1,3
52376278,43,24,-1,-1,2
52380814,25,54,-1,-1,2
52378834,9,44,-1,-1,5
52375760,6,26,-1,-1,7
52372627,9,4,-1,-1,7
52381180,33,20,-1,-1,3
52377209,58,1,-1,-1,0
52380832,12,58,-1,-1,6
52380447,3,47,-1,-1,4
52378988,24,17,-1,-1,0
52380505,43,25,-1,-1,7
52377807,7,44,-1,-1,7
52379775,20,27,-1,-1,4
52376982,17,22,-1,-1,7
52378362,28,22,-1,-1,0
52374222,13,42,-1,-1,4
52374561,6,41,-1,-1,4
52368875,5,18,-1,-1,7
52378482,33,47,-1,-1,0
52375974,36,47,-1,-1,7
52380348,49,50,-1,-1,1
52378594,12,38,-1,-1,4
52379609,5,34,-1,-1,3
52374664,8,6,-1,-1,3
52380342,23,15,-1,-1,4
52379415,52,14,-1,-1,3
52380949,55,45,-1,-1,6
52376573,41,40,-1,-1,3
52380857,56,31,-1,-1,1
52376013,5,53,-1,-1,7
52375398,42,28,-1,-1,6
52374830,39,3,-1,-1,0
52381109,9,8,-1,-1,3
52379926,16,32,-1,-1,4
52378947,36,15,-1,-1,1
52379240,41,7,-1,-1,2
52380411,1,26,-1,-1,0
52378363,1,51,-1,-1,6
52380914,50,34,-1,-1,3
52378160,6,30,-1,-1,3
52380934,16,29,-1,-1,0
52380908,51,14,-1,-1,2
52376342,6,40,-1,-1,4
52375220,31,17,-1,-1,6
52380813,18,46,-1,-1,0
52380446,26,12,-1,-1,7
52379721,25,56,-1,-1,0
52379551,7,19,-1,-1,6
52379838,25,37,-1,-1,7
52379348,51,4,-1,-1,7
52377529,28,8,-1,-1,6
52379263,15,5,-1,-1,7
52377369,43,7,-1,-1,7
52377178,8,18,-1,-1,4
52380413,48,34,-1,-1,2
52372464,54,37,-1,-1,2
52376349,22,15,-1,-1,3
52376565,6,58,-1,-1,2
52380457,58,24,-1,-1,4
52372853,5,49,-1,-1,2
52373926,4,52,-1,-1,3
52373865,14,12,-1,-1,7
52372966,30,53,-1,-1,5
52357132,36,48,-1,-1,7
52380773,35,27,-1,-1,2
52375672,7,34,-1,-1,1
52375841,38,36,-1,-1,1
52381194,35,42,-1,-1,1
52373635,51,40,-1,-1,0
52375669,39,2,-1,-1,2
52375954,10,35,-1,-1,2
52380817,44,22,-1,-1,1
52377289,44,55,-1,-1,7
52379394,19,16,-1,-1,1
52375053,2,40,-1,-1,1
52343266,46,55,-1,-1,5
52375414,22,5,-1,-1,1
52378134,12,45,-1,-1,5
52380939,34,53,-1,-1,0
52373367,24,21,-1,-1,6
52359543,41,28,-1,-1,2
52375554,4,29,-1,-1,2
52380730,14,40,-1,-1,7
52377141,48,23,-1,-1,0
52377435,24,7,-1,-1,3
52372803,11,2,-1,-1,4
52380625,48,11,-1,-1,6
52379460,42,58,-1,-1,1
52380506,54,14,-1,-1,6
52362271,52,44,-1,-1,1
52379457,14,33,-1,-1,4
52373820,36,50,-1,-1,3
52379964,21,7,-1,-1,3
52377326,3,43,-1,-1,4
52377339,18,18,-1,-1,5
52380442,24,33,-1,-1,2
52380656,42,14,-1,-1,2
52379052,5,16,-1,-1,2
52370420,38,3,-1,-1,4
52375379,5,22,-1,-1,6
52378406,20,58,-1,-1,2
52380909,53,29,-1,-1,6
52375540,57,24,-1,-1,4
52380855,40,33,-1,-1,7
52377823,38,19,-1,-1,2
52379689,30,20,-1,-1,3
52377524,6,10,-1,-1,2
52376183,30,5,-1,-1,3
52375735,3,33,-1,-1,3
52377278,19,56,-1,-1,4
52380492,43,18,-1,-1,3
52379669,8,57,-1,-1,4
52379260,46,57,-1,-1,2
52379186,33,45,-1,-1,1
52380399,13,38,-1,-1,0
52380145,28,12,-1,-1,0
52375643,45,6,-1,-1,3
52377521,16,55,-1,-1,7
52378882,22,28,-1,-1,7
52379023,40,28,-1,-1,6
52381008,51,21,-1,-1,2
52378244,45,44,-1,-1,6
52376315,6,52,-1,-1,2
52380787,39,9,-1,-1,5
52379238,47,8,-1,-1,7
52371438,56,0,-1,-1,6
52379387,58,38,-1,-1,6
52376296,43,2,-1,-1,0
52378896,30,52,-1,-1,1
52378386,13,24,-1,-1,0
52380207,0,18,-1,-1,0
52376373,1,32,-1,-1,2
52380772,30,37,-1,-1,7
52374317,26,58,-1,-1,7
52378430,24,4,-1,-1,4
52376976,40,13,-1,-1,0
52380289,36,26,-1,-1,7
52377906,6,36,-1,-1,4
52367173,2,9,-1,-1,2
52379438,18,10,-1,-1,5
52380662,20,1,-1,-1,3
52377725,26,22,-1,-1,6
52379398,27,11,-1,-1,6
52380128,56,21,-1,-1,6
52378403,11,29,-1,-1,7
52380557,30,31,-1,-1,4
52378612,26,36,-1,-1,6
52377480,42,40,-1,-1,2
52378050,55,23,-1,-1,3
52380706,43,27,-1,-1,7
52380849,51,16,-1,-1,4
52379887,33,31,-1,-1,2
52377721,23,34,-1,-1,4
52381175,48,3,-1,-1,7
52380110,19,25,-1,-1,1
52377999,36,18,-1,-1,7
52381018,45,48,-1,-1,4
52380961,28,54,-1,-1,5
52380421,26,6,-1,-1,3
52381042,56,46,-1,-1,5
52378879,53,49,-1,-1,2
52360813,21,34,-1,-1,5
52374884,5,9,-1,-1,1
52379410,57,42,-1,-1,7
52379840,47,44,-1,-1,3
52381074,0,32,-1,-1,0
52380935,7,40,-1,-1,2
52379471,45,4,-1,-1,5
52381211,14,9,-1,-1,3
52380008,42,50,-1,-1,3
52379900,22,38,-1,-1,1
52379774,15,36,-1,-1,3
52380709,53,37,-1,-1,1
52380129,42,38,-1,-1,4
52377985,27,13,-1,-1,7
52378274,49,58,-1,-1,1
52378620,9,29,-1,-1,2
52373995,56,6,-1,-1,5
52378426,36,42,-1,-1,3
52378241,27,38,-1,-1,5
52379911,15,39,-1,-1,4
52376496,57,4,-1,-1,4
52373323,26,14,-1,-1,0
52373029,37,4,-1,-1,3
52378807,34,40,-1,-1,3
52379711,9,47,-1,-1,7
52381174,1,42,-1,-1,7
52377012,1,16,-1,-1,0
52374506,39,54,-1,-1,5
52378842,57,53,-1,-1,5
52380577,6,13,-1,-1,4
52380141,40,1,-1,-1,1
52378824,26,57,-1,-1,1
52378390,43,9,-1,-1,4
52381039,21,48,-1,-1,1
52380382,32,1,-1,-1,7
52378861,40,48,-1,-1,1
52370130,15,45,-1,-1,7
52379601,45,13,-1,-1,0
52379942,9,32,-1,-1,2
52372827,55,27,-1,-1,4
52381071,17,30,-1,-1,1
52374966,8,43,-1,-1,0
52377608,38,38,-1,-1,0
52379414,46,20,-1,-1,2
52375764,46,8,-1,-1,2
52380316,11,54,-1,-1,4
52375532,21,2,-1,-1,6
52375216,50,18,-1,-1,4
52380566,48,28,-1,-1,7
52373996,21,38,-1,-1,3
52379803,55,39,-1,-1,7
52380675,23,50,-1,-1,1
52379608,57,58,-1,-1,2
52378509,10,53,-1,-1,2
52377019,54,11,-1,-1,3
52377588,43,13,-1,-1,3
52379422,49,36,-1,-1,0
52378447,40,29,-1,-1,3
52378125,36,41,-1,-1,4
52379682,4,8,-1,-1,3
52371303,7,0,-1,-1,5
52378511,12,34,-1,-1,2
52377996,41,10,-1,-1,0
52375902,49,1,-1,-1,7
52379674,39,30,-1,-1,3
52367458,58,14,-1,-1,4
52373495,8,22,-1,-1,0
52375670,43,29,-1,-1,3
52379503,35,10,-1,-1,7
52378057,46,52,-1,-1,4
52380170,44,38,-1,-1,2
52380166,49,7,-1,-1,0
52371235,26,33,-1,-1,4
52381075,9,31,-1,-1,7
52380881,28,25,-1,-1,2
52377572,32,48,-1,-1,7
52377406,37,40,-1,-1,2
52380540,20,51,-1,-1,7
52372445,0,23,-1,-1,4
52369347,1,25,-1,-1,5
52377156,28,28,-1,-1,5
52370477,5,8,-1,-1,2
52380144,24,41,-1,-1,2
52377230,39,58,-1,-1,2
52375377,44,3,-1,-1,4
52372429,35,37,-1,-1,0
52372112,35,38,-1,-1,2
52378963,53,33,-1,-1,6
52381185,38,14,-1,-1,3
52378063,15,16,-1,-1,3
52376877,26,10,-1,-1,5
52374357,24,51,-1,-1,4
52371440,43,32,-1,-1,4
52380040,28,15,-1,-1,5
52374507,51,48,-1,-1,4
52376002,42,25,-1,-1,4
52379346,12,14,-1,-1,2
52374961,26,19,-1,-1,6
52357045,48,50,-1,-1,6
52379719,28,4,-1,-1,2
52374119,20,20,-1,-1,6
52379800,32,16,-1,-1,0
52380749,14,4,-1,-1,4
52379030,1,6,-1,-1,7
52377172,48,35,-1,-1,2
52380830,38,39,-1,-1,6
52378148,31,22,-1,-1,0
52379480,28,58,-1,-1,7
52375247,48,46,-1,-1,3
52376898,25,39,-1,-1,6
52377042,53,23,-1,-1,1
52380973,36,25,-1,-1,3
52381202,18,34,-1,-1,4
52380412,10,42,-1,-1,0
52374473,43,21,-1,-1,5
52378547,35,1,-1,-1,0
52371454,48,56,-1,-1,0
52366080,49,0,-1,-1,4
52378095,52,58,-1,-1,2
52376814,19,9,-1,-1,5
52379456,8,29,-1,-1,4
52380825,50,23,-1,-1,5
52371610,26,35,-1,-1,5
52379625,22,11,-1,-1,5
52380941,51,35,-1,-1,6
52379012,33,44,-1,-1,5
52379044,20,41,-1,-1,4
52380981,4,49,-1,-1,4
52380086,26,47,-1,-1,5
52380626,29,7,-1,-1,6
52375634,24,10,-1,-1,6
52376636,13,40,-1,-1,5
52374967,11,55,-1,-1,4
52375184,23,22,-1,-1,6
52380160,35,50,-1,-1,4
52371132,21,58,-1,-1,2
52377313,0,56,-1,-1,0
52373049,53,55,-1,-1,7
52379079,8,51,-1,-1,4
52380430,4,43,-1,-1,3
52377845,1,19,-1,-1,1
52380905,36,16,-1,-1,5
52379107,55,2,-1,-1,5
52380135,10,26,-1,-1,2
52379893,37,12,-1,-1,6
52371482,19,14,-1,-1,4
52380527,7,16,-1,-1,3
52376193,31,11,-1,-1,0
52371731,38,32,-1,-1,1
52379772,44,10,-1,-1,5
52379454,53,27,-1,-1,6
52378981,40,32,-1,-1,5
52381130,14,20,-1,-1,5
52378710,52,2,-1,-1,0
52381096,58,25,-1,-1,4
52376693,36,49,-1,-1,4
52378593,58,2,-1,-1,4
52369552,10,5,-1,-1,3
52380669,52,48,-1,-1,5
52379257,50,16,-1,-1,7
52379446,3,2,-1,-1,0
52377132,17,0,-1,-1,6
52379740,49,48,-1,-1,3
52375663,8,12,-1,-1,0
52374431,22,7,-1,-1,7
52380096,32,21,-1,-1,7
52380221,29,0,-1,-1,6
52381204,39,48,-1,-1,1
52380262,29,1,-1,-1,5
52380092,25,27,-1,-1,6
52379046,2,56,-1,-1,7
52380640,4,33,-1,-1,2
52378539,31,49,-1,-1,7
52377935,54,18,-1,-1,7
52376702,55,0,-1,-1,2
52378351,50,19,-1,-1,1
52380470,49,16,-1,-1,6
52380552,7,28,-1,-1,1
52379630,29,54,-1,-1,6
52372104,3,6,-1,-1,7
52379953,24,44,-1,-1,0
52376227,18,32,-1,-1,6
52367118,16,54,-1,-1,3
52373006,53,38,-1,-1,6
52380463,39,43,-1,-1,6
52375711,12,30,-1,-1,0
52379748,45,11,-1,-1,0
52379152,20,6,-1,-1,2
52379538,35,54,-1,-1,7
52375111,40,4,-1,-1,3
52377774,47,58,-1,-1,6
52380965,43,5,-1,-1,3
52378730,26,56,-1,-1,3
52377424,28,14,-1,-1,1
52379952,8,7,-1,-1,7
52380648,2,11,-1,-1,7
52374687,23,2,-1,-1,0
52380293,55,17,-1,-1,1
52379417,34,55,-1,-1,5
52378783,15,31,-1,-1,0
52375522,31,47,-1,-1,7
52373524,31,10,-1,-1,1
52378622,3,12,-1,-1,1
52380894,2,42,-1,-1,7
52380689,4,40,-1,-1,1
52375933,46,4,-1,-1,1
52380792,42,10,-1,-1,4
52376158,7,53,-1,-1,3
52381134,17,37,-1,-1,1
52378726,42,22,-1,-1,4
52378800,22,27,-1,-1,5
52380700,36,44,-1,-1,2
52378522,13,45,-1,-1,1
52378089,8,13,-1,-1,1
52380464,36,56,-1,-1,2
52377430,45,31,-1,-1,4
52368877,14,46,-1,-1,3
52381177,30,32,-1,-1,2
52381179,38,44,-1,-1,7
52380911,38,16,-1,-1,7
52378840,13,41,-1,-1,7
52376828,31,32,-1,-1,0
52378767,45,41,-1,-1,1
52379293,50,33,-1,-1,2
52379187,8,39,-1,-1,7
52381181,33,6,-1,-1,6
52380800,16,38,-1,-1,3
52381187,51,34,-1,-1,0
52353427,24,0,-1,-1,2
52377552,40,30,-1,-1,7
52380779,46,15,-1,-1,2
52362703,30,43,-1,-1,4
52376630,57,56,-1,-1,5
52379504,54,51,-1,-1,2
52380545,30,15,-1,-1,6
52379561,4,38,-1,-1,7
52380247,34,8,-1,-1,5
52380426,38,52,-1,-1,0
52381053,52,0,-1,-1,5
52378850,35,28,-1,-1,0
52380893,3,8,-1,-1,1
52379723,47,5,-1,-1,5
52380734,29,29,-1,-1,5
52380829,42,51,-1,-1,6
52379807,40,44,-1,-1,7
52379750,16,34,-1,-1,3
52377277,33,12,-1,-1,6
52378866,26,30,-1,-1,2
52377122,36,36,-1,-1,5
52381138,34,44,-1,-1,5
52368747,13,34,-1,-1,0
52379329,47,0,-1,-1,2
52379268,20,31,-1,-1,2
52374198,24,39,-1,-1,6
52368632,46,6,-1,-1,7
52380217,50,6,-1,-1,3
52378425,25,53,-1,-1,6
52377730,51,55,-1,-1,1
52372451,0,54,-1,-1,0
52377251,17,46,-1,-1,0
52379993,52,43,-1,-1,5
52373759,54,7,-1,-1,3
52380191,36,6,-1,-1,7
52376902,33,54,-1,-1,2
52377584,1,1,-1,-1,6
52377887,28,0,-1,-1,5
52380131,53,58,-1,-1,0
52380741,38,56,-1,-1,0
52378153,58,50,-1,-1,4
52379251,44,9,-1,-1,1
52374468,19,28,-1,-1,6
52376372,49,43,-1,-1,6
52376109,22,2,-1,-1,5
52380523,34,15,-1,-1,4
52380441,34,17,-1,-1,7
52374261,6,15,-1,-1,3
52380868,54,28,-1,-1,7
52380947,26,49,-1,-1,2
52371532,31,21,-1,-1,7
52379849,30,54,-1,-1,2
52377473,49,8,-1,-1,5
52376106,13,52,-1,-1,1
52379116,33,29,-1,-1,6
52379833,12,41,-1,-1,1
52380255,14,56,-1,-1,6
52377931,43,11,-1,-1,1
52374932,23,16,-1,-1,4
52377545,32,37,-1,-1,4
52378696,54,41,-1,-1,1
52380596,43,36,-1,-1,6
52374919,55,29,-1,-1,6
52380240,12,26,-1,-1,4
52380015,4,32,-1,-1,0
52376250,11,46,-1,-1,2
52380438,3,5,-1,-1,0
52377998,48,45,-1,-1,3
52380248,23,35,-1,-1,1
52380574,16,8,-1,-1,3
52379728,9,17,-1,-1,0
52379813,32,47,-1,-1,7
52381023,24,49,-1,-1,7
52374058,2,4,-1,-1,3
52365067,12,6,-1,-1,3
52381117,10,44,-1,-1,7
52379336,34,19,-1,-1,5
52376832,8,58,-1,-1,0
52377135,24,56,-1,-1,6
52378906,18,15,-1,-1,3
52380794,13,19,-1,-1,6
52375434,48,53,-1,-1,7
52378262,18,51,-1,-1,0
52379571,14,47,-1,-1,0
52380580,18,2,-1,-1,3
52379002,19,53,-1,-1,0
52378182,23,41,-1,-1,2
52379646,1,53,-1,-1,6
52377517,49,44,-1,-1,2
52380503,57,9,-1,-1,3
52379843,3,13,-1,-1,6
52379479,31,26,-1,-1,0
52379516,0,11,-1,-1,3
52374644,31,40,-1,-1,7
52376806,40,22,-1,-1,0
52380560,16,7,-1,-1,5
52380140,14,48,-1,-1,4
52380525,36,46,-1,-1,5
52373493,44,36,-1,-1,7
52371366,58,58,-1,-1,0
52380771,4,21,-1,-1,3
52375907,21,32,-1,-1,3
52381081,55,55,-1,-1,3
52380025,37,48,-1,-1,4
52377592,36,2,-1,-1,5
52376042,11,21,-1,-1,2
52375716,51,44,-1,-1,3
52380387,0,34,-1,-1,4
52378492,8,50,-1,-1,2
52380833,31,46,-1,-1,4
52379976,35,12,-1,-1,6
52380186,39,17,-1,-1,2
52380043,31,23,-1,-1,7
52379279,12,51,-1,-1,3
52375656,49,39,-1,-1,6
52379117,50,35,-1,-1,0
52373578,25,5,-1,-1,6
52378478,52,15,-1,-1,0
52375278,5,50,-1,-1,2
52378226,12,1,-1,-1,3
52377396,50,41,-1,-1,0
52378399,32,53,-1,-1,0
52379678,11,35,-1,-1,2
52380761,8,54,-1,-1,7
52379340,21,12,-1,-1,7
52370601,5,7,-1,-1,2
52377215,9,51,-1,-1,1
52379969,26,51,-1,-1,5
52380098,42,42,-1,-1,6
52365401,13,8,-1,-1,3
52381209,19,30,-1,-1,6
52377744,14,8,-1,-1,5
52379125,13,12,-1,-1,6
52375608,16,45,-1,-1,4
52377267,2,19,-1,-1,7
52371888,55,34,-1,-1,7
52377051,30,44,-1,-1,3
52378623,24,1,-1,-1,0
52380976,40,54,-1,-1,3
52378374,10,46,-1,-1,1
52380432,9,54,-1,-1,1
52380547,9,53,-1,-1,5
52380578,37,45,-1,-1,6
52374626,3,14,-1,-1,6
52373718,54,56,-1,-1,6
52374604,21,46,-1,-1,1
52378377,1,38,-1,-1,7
52380920,46,17,-1,-1,0
52381100,18,28,-1,-1,1
52380230,21,20,-1,-1,0
52379858,52,23,-1,-1,1
52375523,52,34,-1,-1,2
52372283,17,58,-1,-1,6
52380263,0,57,-1,-1,4
52379482,52,52,-1,-1,2
52380274,13,18,-1,-1,3
52378493,8,21,-1,-1,4
52378759,16,2,-1,-1,1
52377778,31,2,-1,-1,1
52379360,53,20,-1,-1,7
52380333,34,6,-1,-1,3
52376948,44,15,-1,-1,5
52378974,36,5,-1,-1,2
52378934,41,47,-1,-1,7
52380161,54,21,-1,-1,1
52379135,7,33,-1,-1,5
52371895,22,56,-1,-1,4
52380615,51,39,-1,-1,5
52376290,22,53,-1,-1,3
52377966,26,9,-1,-1,6
52379644,57,47,-1,-1,6
52379955,57,23,-1,-1,1
52380266,15,46,-1,-1,1
52376403,18,38,-1,-1,3
52380036,1,24,-1,-1,5
52380433,25,57,-1,-1,5
52377934,58,33,-1,-1,7
52379891,39,29,-1,-1,3
52378670,15,44,-1,-1,3
52379817,5,3,-1,-1,3
52372672,26,1,-1,-1,0
52378414,36,39,-1,-1,5
52380060,23,10,-1,-1,6
52379512,12,33,-1,-1,6
52380403,30,38,-1,-1,0
52373065,30,30,-1,-1,3
52380895,55,8,-1,-1,1
52380223,4,3,-1,-1,0
52380420,2,0,-1,-1,5
52381003,41,32,-1,-1,2
52380611,51,12,-1,-1,3
52380844,46,16,-1,-1,3
52362986,15,8,-1,-1,6
52377057,19,19,-1,-1,3
52379672,22,25,-1,-1,6
52372167,33,22,-1,-1,5
52380526,1,46,-1,-1,5
52381028,35,52,-1,-1,4
52376338,8,26,-1,-1,4
52380489,47,39,-1,-1,5
52374345,16,0,-1,-1,2
52381214,32,50,-1,-1,3
52378632,7,35,-1,-1,3
52378379,6,19,-1,-1,1
52375210,58,41,-1,-1,0
52379867,18,30,-1,-1,2
52372880,58,9,-1,-1,5
52379712,11,3,-1,-1,5
52377857,27,54,-1,-1,3
52379275,55,56,-1,-1,4
52371376,12,47,-1,-1,1
52377677,5,30,-1,-1,4
52380528,50,12,-1,-1,3
52380455,18,21,-1,-1,7
52380532,31,54,-1,-1,0
52379359,32,13,-1,-1,1
52380125,39,0,-1,-1,2
52381123,39,13,-1,-1,1
52378364,13,5,-1,-1,2
52379376,5,35,-1,-1,5
52380010,58,40,-1,-1,0
52378003,4,7,-1,-1,7
52377731,42,11,-1,-1,7
52381131,9,40,-1,-1,3
52378627,0,31,-1,-1,4
52373407,22,44,-1,-1,3
52378790,30,14,-1,-1,5
52377138,10,3,-1,-1,2
52380643,52,36,-1,-1,4
52379873,28,35,-1,-1,7
52375068,41,0,-1,-1,6
52379408,7,50,-1,-1,7
52377557,32,7,-1,-1,5
52380712,15,22,-1,-1,7
52371201,42,48,-1,-1,1
52375917,37,13,-1,-1,2
52376798,27,17,-1,-1,6
52380816,19,17,-1,-1,4
52377718,1,52,-1,-1,6
52380152,7,23,-1,-1,3
52379320,25,31,-1,-1,0
52379643,49,33,-1,-1,1
52380427,51,6,-1,-1,3
52380298,33,58,-1,-1,6
52374458,43,28,-1,-1,4
52379132,28,9,-1,-1,4
52379806,52,18,-1,-1,3
52374828,22,32,-1,-1,5
52378464,37,9,-1,-1,2
52378777,10,9,-1,-1,6
52380195,51,52,-1,-1,5
52379475,26,26,-1,-1,3
52377726,20,13,-1,-1,3
52376490,33,15,-1,-1,5
52367444,30,40,-1,-1,3
52379597,23,13,-1,-1,5
52379901,51,38,-1,-1,7
52379229,53,2,-1,-1,4
52380177,5,52,-1,-1,4
52380801,5,33,-1,-1,3
52375712,53,15,-1,-1,0
52372964,8,48,-1,-1,3
52379542,53,51,-1,-1,3
52380888,30,25,-1,-1,3
52378017,4,23,-1,-1,2
52380360,21,1,-1,-1,6
52379390,3,27,-1,-1,3
52376111,56,14,-1,-1,5
52380122,48,33,-1,-1,0
52372309,4,50,-1,-1,7
52378504,1,21,-1,-1,3
52379406,4,57,-1,-1,1
52379519,37,15,-1,-1,2
52380139,42,56,-1,-1,0
52378922,22,0,-1,-1,2
52373962,3,29,-1,-1,1
52380377,30,34,-1,-1,7
52377248,28,6,-1,-1,1
52377250,3,37,-1,-1,4
52380123,46,25,-1,-1,6
52376477,38,15,-1,-1,3
52380925,34,26,-1,-1,5
52377981,35,58,-1,-1,7
52378141,0,49,-1,-1,1
52373146,0,51,-1,-1,3
52380181,30,11,-1,-1,0
52379277,16,47,-1,-1,0
52380809,9,48,-1,-1,1
52381006,46,42,-1,-1,0
52380481,51,8,-1,-1,3
52380711,34,27,-1,-1,0
52376019,19,47,-1,-1,0
52374812,25,7,-1,-1,4
52366552,13,0,-1,-1,6
52379919,25,46,-1,-1,6
52379228,28,7,-1,-1,1
52378337,11,44,-1,-1,4
52377861,42,15,-1,-1,4
52377462,48,17,-1,-1,2
52379027,32,27,-1,-1,5
52378024,50,42,-1,-1,6
52380028,42,5,-1,-1,4
52378756,43,39,-1,-1,4
52380041,30,42,-1,-1,5
52381172,46,7,-1,-1,0
52379158,22,47,-1,-1,3
52375165,45,52,-1,-1,0
52374097,53,30,-1,-1,3
52358066,17,4,-1,-1,4
52380383,23,8,-1,-1,3
52378389,24,40,-1,-1,2
52378795,31,16,-1,-1,0
52376907,11,13,-1,-1,4
52377690,46,2,-1,-1,2
52379385,43,43,-1,-1,5
52379936,26,45,-1,-1,4
52379636,14,2,-1,-1,1
52378742,2,37,-1,-1,0
52377151,19,52,-1,-1,6
52379392,47,2,-1,-1,3
52374690,44,17,-1,-1,0
52373796,9,11,-1,-1,3
52378613,56,55,-1,-1,1
52380389,11,50,-1,-1,7
52376560,16,5,-1,-1,3
52378067,41,34,-1,-1,4
52375994,20,10,-1,-1,7
52375998,3,42,-1,-1,1
52371756,44,5,-1,-1,7
52379758,50,46,-1,-1,7
52376271,44,53,-1,-1,6
52373165,44,43,-1,-1,1
52374496,54,10,-1,-1,6
52377550,19,48,-1,-1,6
52373160,58,55,-1,-1,0
52378643,30,41,-1,-1,6
52371853,6,12,-1,-1,4
52379404,55,22,-1,-1,6
52380784,33,18,-1,-1,0
52379647,23,12,-1,-1,6
52379564,28,30,-1,-1,0
52376778,36,1,-1,-1,4
52375660,18,35,-1,-1,1
52379146,49,24,-1,-1,7
52380163,25,40,-1,-1,6
52379327,7,41,-1,-1,6
52375475,3,53,-1,-1,3
52379898,38,50,-1,-1,6
52380583,0,38,-1,-1,4
52379794,18,29,-1,-1,1
52379616,20,29,-1,-1,7
52374274,36,53,-1,-1,2
52380425,10,55,-1,-1,7
52378042,33,49,-1,-1,1
52368937,6,43,-1,-1,5
52380187,29,22,-1,-1,6
52380087,18,56,-1,-1,3
52378827,37,25,-1,-1,4
52378227,21,18,-1,-1,7
52375797,21,14,-1,-1,7
52379099,23,6,-1,-1,6
52379823,8,35,-1,-1,7
52379928,13,35,-1,-1,3
52380278,44,16,-1,-1,2
52377523,47,40,-1,-1,4
52377765,13,49,-1,-1,2
52379782,20,52,-1,-1,7
52379734,19,6,-1,-1,6
52380133,1,27,-1,-1,5
52380314,56,39,-1,-1,3
52380727,51,41,-1,-1,0
52378666,26,18,-1,-1,2
52380594,17,31,-1,-1,3
52373176,45,15,-1,-1,3
52380290,55,52,-1,-1,2
52380886,23,20,-1,-1,3
52375171,46,31,-1,-1,4
52376038,38,33,-1,-1,0
52379481,41,13,-1,-1,2
52369690,16,57,-1,-1,3
52376398,5,11,-1,-1,3
52378976,43,4,-1,-1,1
52380632,26,13,-1,-1,3
52378286,39,26,-1,-1,4
52369619,51,58,-1,-1,7
52380601,40,45,-1,-1,7
52369722,21,52,-1,-1,3
52380928,49,14,-1,-1,6
52380064,22,55,-1,-1,1
52380231,44,50,-1,-1,6
52378481,16,17,-1,-1,5
52370460,58,21,-1,-1,4
52379413,6,7,-1,-1,7
52376967,37,1,-1,-1,7
52379709,43,19,-1,-1,1
52380984,40,14,-1,-1,1
52378151,21,51,-1,-1,1
52379777,44,29,-1,-1,2
52378240,54,5,-1,-1,3
52378574,10,11,-1,-1,1
52378703,46,37,-1,-1,2
52380510,50,43,-1,-1,6
52381031,21,26,-1,-1,5
52380142,53,44,-1,-1,5
52374027,54,4,-1,-1,3
52376761,27,40,-1,-1,7
52375364,13,15,-1,-1,5
52374958,48,22,-1,-1,6
52375709,53,45,-1,-1,4
52373455,3,30,-1,-1,5
52375673,25,33,-1,-1,4
52377764,10,32,-1,-1,3
52378030,38,49,-1,-1,7
52376459,15,26,-1,-1,0
52376605,42,55,-1,-1,6
52380355,27,6,-1,-1,2
52373027,35,0,-1,-1,5
52379579,46,34,-1,-1,0
52381094,1,35,-1,-1,5
52377418,54,30,-1,-1,2
52369654,58,8,-1,-1,7
52380847,35,57,-1,-1,3
52381129,31,7,-1,-1,4
52380085,47,33,-1,-1,7
52376515,20,39,-1,-1,7
52366228,37,52,-1,-1,7
52380172,21,16,-1,-1,1
52361588,18,58,-1,-1,0
52379916,3,0,-1,-1,5
52377827,39,1,-1,-1,5
52379472,25,23,-1,-1,2
52376149,55,44,-1,-1,4
52381182,24,27,-1,-1,1
52375074,19,57,-1,-1,4
52376258,3,31,-1,-1,3
52368610,9,26,-1,-1,3
52379710,31,29,-1,-1,1
52377577,40,31,-1,-1,4
52378721,16,12,-1,-1,3
52378958,52,37,-1,-1,1
52381082,53,7,-1,-1,0
52379865,55,14,-1,-1,1
52381021,40,56,-1,-1,5
52376682,32,45,-1,-1,2
52379802,35,8,-1,-1,1
52371502,7,30,-1,-1,5
52380729,32,14,-1,-1,2
52377345,56,47,-1,-1,2
52379566,40,43,-1,-1,3
52377926,22,42,-1,-1,6
52379509,3,36,-1,-1,7
52380306,31,34,-1,-1,0
52374112,20,37,-1,-1,0
52380778,39,21,-1,-1,1
52379492,48,30,-1,-1,0
52380475,21,17,-1,-1,2
52379085,49,4,-1,-1,4
52378904,37,34,-1,-1,1
52379957,0,26,-1,-1,3
52379591,20,22,-1,-1,4
52380685,43,48,-1,-1,7
52377761,43,3,-1,-1,4
52371540,50,48,-1,-1,2
52376336,16,4,-1,-1,7
52380739,17,1,-1,-1,1
52381048,5,13,-1,-1,1
52379300,37,3,-1,-1,4
52378416,57,37,-1,-1,7
52376099,14,5,-1,-1,5
52378474,21,23,-1,-1,1
52374782,33,56,-1,-1,6
52380751,42,21,-1,-1,5
52378912,27,35,-1,-1,6
52380701,45,9,-1,-1,2
52373457,34,10,-1,-1,7
52377114,21,24,-1,-1,3
52376931,14,42,-1,-1,6
52377496,19,45,-1,-1,7
52380746,6,44,-1,-1,6
52379974,23,37,-1,-1,4
52381191,54,33,-1,-1,1
52375934,43,0,-1,-1,6
52361547,7,8,-1,-1,4
52377938,38,42,-1,-1,6
52376322,25,50,-1,-1,2
52380619,52,45,-1,-1,3
52381085,1,48,-1,-1,5
52379172,41,12,-1,-1,1
52378350,13,10,-1,-1,7
52364816,50,27,-1,-1,2
52379545,47,4,-1,-1,0
52380013,33,36,-1,-1,1
52380400,23,17,-1,-1,2
52381097,55,49,-1,-1,6
52377958,23,45,-1,-1,1
52379963,0,27,-1,-1,0
52367291,52,5,-1,-1,7
52377639,18,48,-1,-1,6
52380184,30,46,-1,-1,5
52375217,40,57,-1,-1,3
52380301,53,54,-1,-1,1
52369171,57,1,-1,-1,7
52379649,50,32,-1,-1,6
52380704,20,25,-1,-1,7
52377380,56,11,-1,-1,0
52369279,12,9,-1,-1,3
52380627,47,19,-1,-1,1
52380554,8,41,-1,-1,1
52380937,29,45,-1,-1,5
52370464,37,55,-1,-1,0
52380159,51,27,-1,-1,2
52366043,11,1,-1,-1,6
52379055,23,14,-1,-1,3
52373428,37,2,-1,-1,4
52377154,17,25,-1,-1,4
52380193,4,56,-1,-1,0
52375949,11,34,-1,-1,3
52378688,15,10,-1,-1,2
52359493,2,22,-1,-1,0
52374668,43,54,-1,-1,5
52379816,27,46,-1,-1,6
52376843,42,34,-1,-1,1
52380646,4,48,-1,-1,2
52374994,50,3,-1,-1,1
52379943,55,24,-1,-1,7
52375100,22,20,-1,-1,4
52381034,21,54,-1,-1,5
52376529,5,56,-1,-1,4
52379496,19,11,-1,-1,6
52379716,10,18,-1,-1,0
52373196,38,1,-1,-1,5
52380127,37,22,-1,-1,5
52363551,3,19,-1,-1,3
52369595,48,29,-1,-1,4
52374085,56,42,-1,-1,4
52372251,39,22,-1,-1,2
52377635,12,35,-1,-1,3
52376307,18,8,-1,-1,4
52380954,1,14,-1,-1,7
52381198,0,50,-1,-1,3
52380533,18,3,-1,-1,5
52370502,30,17,-1,-1,7
52368313,55,5,-1,-1,4
52374701,21,11,-1,-1,6
52379034,11,47,-1,-1,5
52379850,3,10,-1,-1,6
52379215,44,34,-1,-1,5
52379801,54,39,-1,-1,3
52380912,24,11,-1,-1,0
52375970,18,16,-1,-1,5
52378597,48,10,-1,-1,1
52378857,1,49,-1,-1,5
52361581,13,13,-1,-1,5
52380576,42,45,-1,-1,3
52380379,28,40,-1,-1,3
52375658,28,11,-1,-1,6
52376991,19,27,-1,-1,4
52376624,45,17,-1,-1,6
52378739,37,51,-1,-1,1
52380093,53,43,-1,-1,7
52381035,2,36,-1,-1,4
52372564,53,52,-1,-1,3
52373647,27,14,-1,-1,3
52379560,43,41,-1,-1,6
52380721,10,40,-1,-1,0
52380115,22,46,-1,-1,5
52366074,11,36,-1,-1,3
52373785,23,48,-1,-1,0
52377849,55,9,-1,-1,4
52374732,11,49,-1,-1,5
52374118,33,43,-1,-1,3
52380219,16,42,-1,-1,6
52378353,43,47,-1,-1,6
52380461,47,38,-1,-1,0
52381192,40,6,-1,-1,1
52368924,39,31,-1,-1,5
52380229,3,45,-1,-1,1
52379010,28,48,-1,-1,4
52377095,18,5,-1,-1,3
52379654,1,3,-1,-1,2
52379694,41,5,-1,-1,2
52376671,56,1,-1,-1,7
52380555,44,8,-1,-1,1
52375196,45,29,-1,-1,1
52379389,2,25,-1,-1,4
52376699,57,46,-1,-1,0
52372291,58,32,-1,-1,6
52376846,9,36,-1,-1,6
52371500,32,49,-1,-1,5
52368939,8,0,-1,-1,5
52380507,38,27,-1,-1,2
52377888,33,14,-1,-1,4
52378715,51,23,-1,-1,6
52379436,25,24,-1,-1,5
52380517,0,0,-1,-1,2
52380026,1,43,-1,-1,3
52370826,54,8,-1,-1,1
52379688,45,19,-1,-1,1
52380059,26,39,-1,-1,1
52380165,26,0,-1,-1,6
52381148,29,19,-1,-1,0
52379680,23,19,-1,-1,5
52380564,55,13,-1,-1,1
52379278,19,10,-1,-1,5
52374698,46,56,-1,-1,1
52379403,45,1,-1,-1,7
52375787,14,21,-1,-1,5
52380718,11,52,-1,-1,4
52381036,6,22,-1,-1,0
52379946,21,15,-1,-1,0
52379485,43,12,-1,-1,4
52375094,11,31,-1,-1,1
52379040,55,35,-1,-1,0
52380359,37,8,-1,-1,0
52380565,8,10,-1,-1,2
52380853,47,48,-1,-1,5
52375991,55,6,-1,-1,7
52380253,4,25,-1,-1,4
52376530,22,3,-1,-1,5
52374878,12,5,-1,-1,6
52379189,33,23,-1,-1,4
52361833,57,34,-1,-1,5
52376034,16,6,-1,-1,1
52378437,22,23,-1,-1,1
52379341,17,36,-1,-1,0
52369920,47,10,-1,-1,7
52373573,7,17,-1,-1,1
52378275,8,17,-1,-1,6
52376233,21,55,-1,-1,4
52379645,48,12,-1,-1,2
52377025,30,36,-1,-1,2
52381176,18,14,-1,-1,7
52379296,26,52,-1,-1,1
52377694,44,14,-1,-1,6
52381044,40,15,-1,-1,2
52380198,2,33,-1,-1,6
52378590,45,16,-1,-1,7
52380723,7,13,-1,-1,3
52379295,18,9,-1,-1,7
52379338,47,34,-1,-1,4
52370121,3,15,-1,-1,4
52377858,35,19,-1,-1,7
52380074,46,0,-1,-1,3
52379328,24,29,-1,-1,5
52380945,7,48,-1,-1,7
52380589,21,25,-1,-1,6
52379633,45,22,-1,-1,6
52377182,33,21,-1,-1,0
52371667,4,11,-1,-1,2
52376677,42,43,-1,-1,1
52372955,6,4,-1,-1,1
52380795,37,42,-1,-1,6
52380728,6,18,-1,-1,5
52379718,51,5,-1,-1,7
52374145,27,23,-1,-1,2
52379981,10,27,-1,-1,3
52380511,16,24,-1,-1,3
52379753,18,1,-1,-1,7
52377627,47,23,-1,-1,0
52377240,3,11,-1,-1,4
52377689,25,19,-1,-1,0
52373371,34,39,-1,-1,5
52372874,4,39,-1,-1,3
52381183,22,17,-1,-1,5
52375872,31,58,-1,-1,0
52373869,29,10,-1,-1,6
52377426,49,2,-1,-1,6
52380006,10,54,-1,-1,5
52378441,25,52,-1,-1,6
52377984,15,40,-1,-1,5
52380518,1,20,-1,-1,0
52380313,17,44,-1,-1,2
52379771,51,45,-1,-1,1
52376971,43,37,-1,-1,0
52381065,54,16,-1,-1,7
52375758,48,8,-1,-1,7
52380035,0,3,-1,-1,4
52377929,57,6,-1,-1,6
52376766,30,33,-1,-1,4
52379520,48,0,-1,-1,2
52380866,18,50,-1,-1,5
52368270,4,20,-1,-1,1
52380624,23,38,-1,-1,4
52376174,15,58,-1,-1,2
52370536,6,29,-1,-1,1
52380330,34,45,-1,-1,4
52380997,41,23,-1,-1,2
52363984,30,55,-1,-1,5
52378685,53,14,-1,-1,7
52372281,49,31,-1,-1,2
52380483,0,53,-1,-1,4
52379931,2,15,-1,-1,5
52379440,10,39,-1,-1,7
52362349,38,2,-1,-1,4
52373053,36,54,-1,-1,3
52381073,14,14,-1,-1,4
52381013,8,52,-1,-1,7
52373334,13,25,-1,-1,2
52379433,41,11,-1,-1,7
52377264,36,17,-1,-1,1
52377705,48,27,-1,-1,6
52380210,28,5,-1,-1,6
52378066,0,8,-1,-1,0
52381086,53,19,-1,-1,1
52378551,11,23,-1,-1,1
52380982,25,35,-1,-1,2
52370919,4,9,-1,-1,1
52376456,5,28,-1,-1,3
52378260,7,31,-1,-1,0
52377477,49,28,-1,-1,5
52376812,20,57,-1,-1,1
52375070,46,10,-1,-1,4
52379339,45,32,-1,-1,6
52379317,51,19,-1,-1,4
52378844,53,47,-1,-1,5
52379395,8,40,-1,-1,4
52379687,8,9,-1,-1,6
52378163,26,48,-1,-1,3
52376747,3,56,-1,-1,0
52380334,51,51,-1,-1,1
52378005,23,3,-1,-1,4
52379546,30,28,-1,-1,4
52378571,5,2,-1,-1,5
52380953,21,56,-1,-1,6
52379528,34,22,-1,-1,4
52372773,32,20,-1,-1,4
52373208,47,18,-1,-1,0
52373252,19,3,-1,-1,0
52370128,38,45,-1,-1,2
52377544,56,49,-1,-1,2
52380454,34,36,-1,-1,1
52368737,5,58,-1,-1,1
52379535,11,25,-1,-1,1
52378753,28,17,-1,-1,6
52379072,13,50,-1,-1,7
52381200,35,30,-1,-1,1
52381201,17,6,-1,-1,3
52378459,18,54,-1,-1,1
52379529,22,54,-1,-1,7
52380280,22,35,-1,-1,1
52375812,16,33,-1,-1,5
52380466,32,30,-1,-1,3
52380572,49,19,-1,-1,5
52379990,4,45,-1,-1,7
52380917,8,8,-1,-1,3
52377003,23,33,-1,-1,0
52377901,54,38,-1,-1,4
52377322,20,32,-1,-1,5
52379219,42,52,-1,-1,3
52377977,36,27,-1,-1,6
52379272,26,41,-1,-1,2
52373402,5,19,-1,-1,5
52378907,51,42,-1,-1,7
52368135,50,22,-1,-1,0
52380595,7,52,-1,-1,7
52379940,12,54,-1,-1,6
52379412,30,0,-1,-1,3
52378998,56,32,-1,-1,0
52377263,54,54,-1,-1,5
52381091,55,47,-1,-1,6
52380820,6,33,-1,-1,1
52381112,53,9,-1,-1,5
52376891,13,37,-1,-1,6
52380618,51,0,-1,-1,6
52380158,23,52,-1,-1,3
52375813,48,48,-1,-1,5
52381186,37,7,-1,-1,2
52378538,52,42,-1,-1,0
52378719,29,18,-1,-1,5
52380406,47,26,-1,-1,6
52379500,35,13,-1,-1,2
52380850,28,19,-1,-1,2
52375001,35,39,-1,-1,4
52381032,5,1,-1,-1,6
52380493,42,31,-1,-1,2
52379844,37,35,-1,-1,7
52380225,37,58,-1,-1,7
52380398,11,43,-1,-1,2
52375325,26,11,-1,-1,1
52379429,10,41,-1,-1,2
52380697,45,2,-1,-1,5
52378717,29,9,-1,-1,7
52372587,20,15,-1,-1,4
52374385,20,56,-1,-1,0
52375181,15,13,-1,-1,2
52378634,21,0,-1,-1,6
52374992,31,39,-1,-1,1
52377220,12,37,-1,-1,3
52376069,1,36,-1,-1,2
52378923,56,12,-1,-1,6
52376706,38,9,-1,-1,5
52379584,2,12,-1,-1,5
52379292,0,37,-1,-1,1
52374585,56,41,-1,-1,3
52379308,44,57,-1,-1,4
52379880,50,30,-1,-1,5
52380960,25,42,-1,-1,1
52376394,11,40,-1,-1,0
52378871,35,20,-1,-1,7
52379237,7,42,-1,-1,6
52380970,20,50,-1,-1,0
52378586,55,18,-1,-1,0
52378254,11,32,-1,-1,1
52372135,13,30,-1,-1,6
52377910,44,46,-1,-1,2
52380365,47,13,-1,-1,0
52380681,12,53,-1,-1,7
52377429,20,24,-1,-1,4
52375790,48,24,-1,-1,4
52375694,44,56,-1,-1,1
52379449,46,41,-1,-1,2
52371395,29,12,-1,-1,0
52377992,35,9,-1,-1,5
52374266,40,16,-1,-1,4
52380892,57,32,-1,-1,3
52378055,49,37,-1,-1,6
52379575,13,32,-1,-1,1
52379112,46,29,-1,-1,4
52379884,12,31,-1,-1,0
52380782,39,25,-1,-1,4
52379216,9,39,-1,-1,7
52376119,17,35,-1,-1,3
52373617,22,21,-1,-1,4
52379592,47,6,-1,-1,4
52380011,50,52,-1,-1,6
52377821,19,58,-1,-1,2
52377712,10,24,-1,-1,6
52378784,18,13,-1,-1,5
52377158,7,39,-1,-1,4
52375738,56,7,-1,-1,0
52375941,51,1,-1,-1,1
52375338,19,43,-1,-1,0
52379937,27,2,-1,-1,3
52378901,6,28,-1,-1,4
52379879,26,25,-1,-1,3
52380237,49,57,-1,-1,6
52378601,35,5,-1,-1,3
52379789,35,11,-1,-1,2
52375476,51,10,-1,-1,2
52377715,16,20,-1,-1,3
52368519,0,17,-1,-1,0
52379569,44,32,-1,-1,1
52379757,27,53,-1,-1,1
52378355,34,28,-1,-1,2
52380362,28,18,-1,-1,0
52379245,27,37,-1,-1,2
52374767,38,25,-1,-1,2
52379183,8,47,-1,-1,2
52379913,8,1,-1,-1,3
52375667,17,26,-1,-1,3
52380065,56,57,-1,-1,5
52378764,35,53,-1,-1,3
52367586,41,57,-1,-1,5
52381155,14,38,-1,-1,6
52368317,36,24,-1,-1,6
52380994,53,53,-1,-1,3
52379778,53,18,-1,-1,7
52380055,16,30,-1,-1,4
52380203,25,2,-1,-1,5
52375632,29,52,-1,-1,7
52376878,52,9,-1,-1,7
52371076,29,48,-1,-1,5
52381038,6,21,-1,-1,6
52381055,50,49,-1,-1,0
52375346,31,53,-1,-1,3
52380821,24,31,-1,-1,0
52379920,40,19,-1,-1,0
52378626,50,26,-1,-1,5
52376777,39,49,-1,-1,1
52375906,41,48,-1,-1,1
52379527,55,42,-1,-1,0
52375176,25,55,-1,-1,4
52379885,18,57,-1,-1,5
52380621,30,47,-1,-1,4
52377397,2,46,-1,-1,6
52377553,49,25,-1,-1,2
52380591,36,33,-1,-1,0
52374367,25,4,-1,-1,1
52380684,53,10,-1,-1,3
52381156,8,32,-1,-1,5
52376270,18,40,-1,-1,0
52375981,18,12,-1,-1,5
52381196,34,11,-1,-1,2
52377687,22,41,-1,-1,0
52373948,41,19,-1,-1,6
52380824,57,25,-1,-1,6
52375733,34,48,-1,-1,0
52378682,14,45,-1,-1,2
52380234,19,33,-1,-1,4
52369509,57,18,-1,-1,1
52374240,50,36,-1,-1,4
52380992,11,0,-1,-1,6
52381153,27,8,-1,-1,2
52379968,9,35,-1,-1,2
52375557,55,28,-1,-1,2
52376495,44,23,-1,-1,6
52380765,33,33,-1,-1,0
52377570,7,2,-1,-1,1
52380725,40,53,-1,-1,3
52380613,35,23,-1,-1,4
52380952,28,52,-1,-1,1
52376298,58,48,-1,-1,0
52376156,37,29,-1,-1,6
52380705,6,35,-1,-1,3
52380162,34,56,-1,-1,4
52363096,52,26,-1,-1,1
52380321,16,41,-1,-1,0
52379192,20,34,-1,-1,1
52378221,58,44,-1,-1,4
52377413,46,27,-1,-1,6
52369823,41,2,-1,-1,4
52378792,22,39,-1,-1,6
52376300,3,3,-1,-1,1
52381068,35,29,-1,-1,1
52371791,56,48,-1,-1,1
52379905,46,5,-1,-1,6
52378953,12,17,-1,-1,4
52380326,9,23,-1,-1,2
52377542,31,15,-1,-1,4
52377527,55,53,-1,-1,6
52381019,42,1,-1,-1,5
52369219,1,18,-1,-1,6
52379842,21,10,-1,-1,0
52378801,19,18,-1,-1,4
52377221,51,20,-1,-1,0
52380926,30,49,-1,-1,6
52375629,7,18,-1,-1,4
52377932,38,43,-1,-1,3
52379768,15,56,-1,-1,5
52376406,43,58,-1,-1,1
52381210,6,55,-1,-1,0
52373023,40,5,-1,-1,5
52367312,36,32,-1,-1,6
52380264,57,3,-1,-1,7
52381015,27,3,-1,-1,7
52378261,46,32,-1,-1,3
52379150,12,49,-1,-1,6
52377243,43,42,-1,-1,0
52378616,34,18,-1,-1,5
52381051,17,24,-1,-1,3
52380538,31,1,-1,-1,6
52379157,39,50,-1,-1,0
52376060,11,53,-1,-1,7
52380644,20,44,-1,-1,5
52374239,55,58,-1,-1,6
52378831,27,48,-1,-1,4
52379999,50,2,-1,-1,6
52379301,23,5,-1,-1,3
52374838,24,23,-1,-1,0
52380558,25,21,-1,-1,1
52376377,25,26,-1,-1,7
52380103,9,56,-1,-1,1
52380812,31,9,-1,-1,6
52380691,17,54,-1,-1,7
52379602,21,13,-1,-1,2
52378821,7,36,-1,-1,4
52380405,15,27,-1,-1,1
52372771,18,0,-1,-1,2
52379951,40,40,-1,-1,1
52379210,56,36,-1,-1,1
52377671,38,51,-1,-1,7
52373173,25,58,-1,-1,2
52380213,12,50,-1,-1,4
52380834,48,19,-1,-1,0
52378007,55,15,-1,-1,5
52375242,16,36,-1,-1,6
52378665,15,42,-1,-1,6
52381199,24,18,-1,-1,5
52375019,41,39,-1,-1,4
52372172,11,10,-1,-1,6
52380167,50,5,-1,-1,5
52378633,57,54,-1,-1,7
52380031,19,55,-1,-1,4
52378536,53,40,-1,-1,2
52371650,8,30,-1,-1,2
52381165,20,3,-1,-1,7
52371758,57,5,-1,-1,0
52374309,48,32,-1,-1,6
52374909,12,15,-1,-1,7
52379022,34,50,-1,-1,4
52375680,15,30,-1,-1,1
52375930,10,56,-1,-1,7
52371186,17,17,-1,-1,0
52375999,53,1,-1,-1,0
52371558,3,54,-1,-1,3
52378435,16,28,-1,-1,2
52379450,5,45,-1,-1,6
52377309,42,32,-1,-1,1
52380024,6,0,-1,-1,3
52371923,29,40,-1,-1,1
52375103,10,23,-1,-1,7
52376664,33,17,-1,-1,3
52379506,11,20,-1,-1,7
52380777,45,27,-1,-1,0
52379221,1,39,-1,-1,2
52379231,12,3,-1,-1,0
52380603,4,30,-1,-1,3
52380061,1,0,-1,-1,5
52376112,17,18,-1,-1,7
52380114,43,46,-1,-1,2
52375392,49,13,-1,-1,5
52371245,10,2,-1,-1,6
52378917,21,49,-1,-1,1
52379156,38,4,-1,-1,6
52379725,41,31,-1,-1,4
52376015,5,48,-1,-1,5
52369605,8,11,-1,-1,2
52377613,30,1,-1,-1,1
52376929,29,2,-1,-1,4
52378352,10,13,-1,-1,6
52375032,13,48,-1,-1,1
52380551,7,37,-1,-1,3
52375786,37,53,-1,-1,3
52380899,17,23,-1,-1,7
52378713,47,36,-1,-1,6
52380018,57,20,-1,-1,2
52377050,19,46,-1,-1,5
52371142,53,56,-1,-1,0
52380664,50,40,-1,-1,5
52381168,28,49,-1,-1,1
52377335,30,56,-1,-1,4
52370948,55,25,-1,-1,2
52370709,44,0,-1,-1,5
52377695,7,4,-1,-1,4
52378234,10,52,-1,-1,0
52381037,51,3,-1,-1,4
52377707,34,14,-1,-1,4
52379763,5,29,-1,-1,4
52381140,49,3,-1,-1,2
52378513,42,6,-1,-1,5
52379638,58,35,-1,-1,5
52379781,26,38,-1,-1,5
52375971,36,43,-1,-1,3
52379961,22,52,-1,-1,4
52379998,14,32,-1,-1,2
52380563,19,20,-1,-1,2
52374219,47,57,-1,-1,3
52380182,39,33,-1,-1,4
52380169,51,53,-1,-1,5
52380174,9,14,-1,-1,3
52376027,36,23,-1,-1,0
52369435,46,48,-1,-1,7
52380516,52,51,-1,-1,7
52376407,41,36,-1,-1,4
52379872,32,32,-1,-1,4
52380189,7,29,-1,-1,4
52378918,32,34,-1,-1,1
52378889,23,7,-1,-1,1
52374499,58,20,-1,-1,7
52379991,6,49,-1,-1,0
52379549,5,6,-1,-1,4
52380848,6,1,-1,-1,1
52380302,44,31,-1,-1,7
52377385,15,21,-1,-1,3
52377155,34,5,-1,-1,0
52380300,8,31,-1,-1,3
52379580,44,4,-1,-1,7
52359154,20,14,-1,-1,3
52374173,57,35,-1,-1,1
52381136,49,55,-1,-1,7
52379603,31,12,-1,-1,1
52380871,9,22,-1,-1,6
52378766,46,51,-1,-1,7
52375363,7,49,-1,-1,2
52379505,25,8,-1,-1,7
52380999,38,31,-1,-1,6
52380283,0,52,-1,-1,4
52373595,14,51,-1,-1,4
52379724,31,41,-1,-1,0
52380319,13,23,-1,-1,1
52378608,24,2,-1,-1,3
52378145,27,28,-1,-1,3
52380882,55,7,-1,-1,0
52376073,8,14,-1,-1,3
52377438,16,21,-1,-1,1
52375058,32,28,-1,-1,6
52380361,48,41,-1,-1,1
52378342,6,54,-1,-1,5
52379792,27,41,-1,-1,0
52376815,11,37,-1,-1,4
52376194,34,3,-1,-1,0
52380740,54,31,-1,-1,6
52380983,13,55,-1,-1,6
52378903,52,8,-1,-1,4
52380951,52,33,-1,-1,2
52374771,22,36,-1,-1,6
52380990,57,41,-1,-1,2
52380381,25,9,-1,-1,2
52371419,31,18,-1,-1,5
52378787,4,34,-1,-1,1
52375009,6,23,-1,-1,4
52378087,25,49,-1,-1,4
52368277,58,15,-1,-1,7
52380890,39,4,-1,-1,5
52378026,45,20,-1,-1,1
52379225,1,28,-1,-1,5
52378701,51,13,-1,-1,6
52377740,2,21,-1,-1,5
52381146,12,8,-1,-1,5
52379627,38,6,-1,-1,4
52374620,37,6,-1,-1,7
52372594,0,24,-1,-1,1
52380216,32,38,-1,-1,7
52380938,36,19,-1,-1,7
52374710,26,42,-1,-1,4
52379458,31,30,-1,-1,3
52375454,14,49,-1,-1,6
52378600,51,50,-1,-1,6
52379351,37,46,-1,-1,2
52379184,50,21,-1,-1,6
52374272,58,22,-1,-1,4
52379944,54,52,-1,-1,3
52376726,38,57,-1,-1,6
52379411,55,36,-1,-1,5
52377944,11,41,-1,-1,4
52375301,5,44,-1,-1,1
52378190,39,34,-1,-1,5
52380841,50,17,-1,-1,5
52378412,17,9,-1,-1,1
52376870,43,56,-1,-1,1
52380698,16,46,-1,-1,1
52377598,46,18,-1,-1,6
52370402,10,58,-1,-1,6
52380307,10,28,-1,-1,7
52379464,29,57,-1,-1,4
52377806,20,46,-1,-1,1
52381143,31,48,-1,-1,2
52379239,13,31,-1,-1,5
52375989,46,53,-1,-1,5
52375528,39,44,-1,-1,1
52381040,20,28,-1,-1,5
52377120,24,57,-1,-1,5
52379271,42,30,-1,-1,4
52374050,33,35,-1,-1,0
52376489,35,34,-1,-1,2
52379302,58,49,-1,-1,7
52377377,23,31,-1,-1,5
52380781,22,10,-1,-1,3
52380901,13,11,-1,-1,7
52381067,27,49,-1,-1,1
52379445,49,27,-1,-1,4
52381120,51,32,-1,-1,5
52380837,51,28,-1,-1,2
52381030,37,16,-1,-1,4
52373117,25,47,-1,-1,2
52376157,24,5,-1,-1,5
52380218,1,5,-1,-1,5
52379491,49,21,-1,-1,1
52369556,18,55,-1,-1,1
52378955,18,7,-1,-1,7
52373794,28,37,-1,-1,6
52377645,54,6,-1,-1,6
52378517,9,12,-1,-1,0
52377826,0,47,-1,-1,0
52375571,25,10,-1,-1,7
52381195,28,23,-1,-1,5
52380126,17,56,-1,-1,7
52379742,49,23,-1,-1,5
52379910,34,2,-1,-1,6
52380693,42,36,-1,-1,3
52381206,8,38,-1,-1,6
52371693,43,35,-1,-1,5
52378204,20,23,-1,-1,2
52376957,13,53,-1,-1,5
52381057,49,30,-1,-1,5
52378138,7,54,-1,-1,6
52379249,35,6,-1,-1,7
52379453,19,23,-1,-1,6
52376538,35,17,-1,-1,2
52377537,37,44,-1,-1,1
52380205,7,3,-1,-1,0
52380445,27,43,-1,-1,7
52378494,14,25,-1,-1,1
52372002,0,39,-1,-1,4
52379032,43,55,-1,-1,0
52380759,43,23,-1,-1,7
52370022,42,33,-1,-1,2
52377975,48,44,-1,-1,6
52379536,52,32,-1,-1,6
52368393,25,1,-1,-1,7
52378928,5,23,-1,-1,1
52380479,16,23,-1,-1,6
52370103,33,51,-1,-1,0
52376981,0,28,-1,-1,3
52380112,37,28,-1,-1,0
52378646,54,47,-1,-1,5
52377736,25,11,-1,-1,0
52377673,8,24,-1,-1,7
52376695,34,12,-1,-1,5
52379539,8,3,-1,-1,2
52381190,27,51,-1,-1,4
52372691,24,9,-1,-1,0
52380879,9,21,-1,-1,6
52378990,5,27,-1,-1,4
52378360,33,27,-1,-1,2
52370399,31,37,-1,-1,7
52378500,31,5,-1,-1,1
52379374,9,25,-1,-1,5
52379752,16,51,-1,-1,1
52376306,0,29,-1,-1,4
52380550,31,43,-1,-1,2
52379088,58,54,-1,-1,4
52381009,3,41,-1,-1,4
52380515,18,47,-1,-1,6
52379853,35,56,-1,-1,4
52380979,44,40,-1,-1,6
52378035,35,24,-1,-1,0
52379576,19,1,-1,-1,1
52380451,24,20,-1,-1,6
52378885,29,30,-1,-1,4
52378826,37,41,-1,-1,7
52380586,47,41,-1,-1,5
52380713,28,2,-1,-1,5
52381167,11,11,-1,-1,0
52374172,28,36,-1,-1,6
52379972,35,16,-1,-1,3
52378718,14,7,-1,-1,0
52359762,11,17,-1,-1,3
52378618,51,30,-1,-1,6
52381025,57,38,-1,-1,0
52377082,26,20,-1,-1,1
52380469,45,14,-1,-1,5
52375142,5,20,-1,-1,4
52380364,57,49,-1,-1,4
52379554,34,20,-1,-1,5
52381114,48,18,-1,-1,1
52379493,48,2,-1,-1,5
52380498,7,1,-1,-1,5
52369201,2,14,-1,-1,3
52378704,53,12,-1,-1,6
52370076,20,38,-1,-1,7
52380807,24,26,-1,-1,0
52375362,41,6,-1,-1,5
52377818,26,55,-1,-1,6
52375969,23,11,-1,-1,3
52379568,48,51,-1,-1,2
52379915,54,46,-1,-1,7
52377948,23,26,-1,-1,4
52380733,18,17,-1,-1,7
52380659,53,11,-1,-1,4
52380649,53,8,-1,-1,6
52380371,16,9,-1,-1,0
52379695,12,40,-1,-1,7
52380582,56,15,-1,-1,0
52381105,15,6,-1,-1,6
52380113,46,44,-1,-1,7
52378936,32,12,-1,-1,1
52371674,4,2,-1,-1,2
52380118,28,24,-1,-1,4
52380758,50,9,-1,-1,2
52380495,54,19,-1,-1,2
52380883,12,28,-1,-1,1
52377223,41,14,-1,-1,4
52376771,21,21,-1,-1,1
52379559,16,10,-1,-1,7
52379201,36,29,-1,-1,6
52380676,24,52,-1,-1,5
52378330,37,39,-1,-1,6
52374295,49,20,-1,-1,5
52376823,3,46,-1,-1,3
52378462,5,57,-1,-1,4
52376455,28,57,-1,-1,2
52379424,29,56,-1,-1,0
52377629,57,50,-1,-1,4
52381088,46,46,-1,-1,2
52375410,20,40,-1,-1,2
52380672,37,37,-1,-1,3
52380609,9,28,-1,-1,5
52364134,20,9,-1,-1,0
52379441,3,9,-1,-1,1
52377249,53,31,-1,-1,4
52373277,49,52,-1,-1,6
52378378,15,54,-1,-1,2
52379188,28,46,-1,-1,7
52376274,15,53,-1,-1,7
52379922,44,28,-1,-1,1
52380410,47,12,-1,-1,0
52377469,44,25,-1,-1,2
52380808,5,4,-1,-1,3
52378407,37,31,-1,-1,6
52376639,57,48,-1,-1,1
52381103,10,12,-1,-1,7
52380862,57,26,-1,-1,3
52367769,22,43,-1,-1,5
52380394,10,6,-1,-1,7
52372407,40,58,-1,-1,2
52379095,40,41,-1,-1,4
52379244,4,46,-1,-1,2
52380331,55,3,-1,-1,3
52372332,33,24,-1,-1,0
52379780,34,49,-1,-1,6
52378653,50,8,-1,-1,3
52379020,19,5,-1,-1,2
52378303,7,58,-1,-1,6
52378408,9,27,-1,-1,1
52380838,39,47,-1,-1,3
52379745,29,27,-1,-1,7
52377703,43,6,-1,-1,5
52380673,37,54,-1,-1,4
52377111,47,17,-1,-1,2
52380791,33,55,-1,-1,7
52376772,37,30,-1,-1,4
52379318,48,1,-1,-1,1
52375444,52,54,-1,-1,2
52380579,33,53,-1,-1,4
52380877,28,27,-1,-1,6
52377585,6,48,-1,-1,5
52379319,43,10,-1,-1,2
52375133,23,30,-1,-1,7
52378323,18,27,-1,-1,3
52380468,15,17,-1,-1,7
52381166,12,12,-1,-1,2
52379717,40,7,-1,-1,7
52380966,1,7,-1,-1,6
52379831,8,4,-1,-1,4
52379679,29,13,-1,-1,0
52379313,12,4,-1,-1,7
52376199,25,45,-1,-1,6
52377342,51,33,-1,-1,3
52370523,54,26,-1,-1,7
52375676,4,24,-1,-1,1
52376517,15,41,-1,-1,7
52365262,48,49,-1,-1,7
52373982,54,27,-1,-1,4
52381132,2,58,-1,-1,2
52363247,18,11,-1,-1,1
52376284,5,41,-1,-1,3
52380368,6,39,-1,-1,0
52381161,44,19,-1,-1,4
52380845,57,10,-1,-1,4
52380522,17,38,-1,-1,5
52377526,11,38,-1,-1,5
52370506,56,45,-1,-1,1
52379883,6,32,-1,-1,1
52381007,49,15,-1,-1,4
52377233,58,39,-1,-1,5
52379912,21,45,-1,-1,3
52372358,41,46,-1,-1,6
52372741,37,38,-1,-1,0
52378568,4,41,-1,-1,5
52373886,47,7,-1,-1,7
52372459,31,0,-1,-1,3
52374273,35,55,-1,-1,3
52374642,24,47,-1,-1,7
52372796,1,8,-1,-1,5
52379521,52,10,-1,-1,4
52368217,42,26,-1,-1,2
52374574,12,18,-1,-1,4
52374032,17,11,-1,-1,1
52374689,24,37,-1,-1,4
52381158,34,1,-1,-1,2
52379105,53,32,-1,-1,6
52381213,29,51,-1,-1,7
52378251,42,35,-1,-1,5
52378108,10,1,-1,-1,1
52380156,51,36,-1,-1,6
52370641,32,51,-1,-1,0
52377618,17,12,-1,-1,2
52380414,5,32,-1,-1,5
52377813,51,54,-1,-1,0
52380897,14,53,-1,-1,6
52380806,45,35,-1,-1,6
52380155,36,21,-1,-1,7
52380991,5,10,-1,-1,4
52378019,51,25,-1,-1,1
52380593,26,31,-1,-1,7
52375136,56,16,-1,-1,1
52375742,33,19,-1,-1,6
52379637,42,4,-1,-1,4
52379909,26,15,-1,-1,0
52371506,50,58,-1,-1,6
52377685,45,53,-1,-1,7
52380485,17,53,-1,-1,3
52366879,53,42,-1,-1,1
52377927,28,55,-1,-1,3
52377038,26,7,-1,-1,2
52377916,44,18,-1,-1,7
52380385,4,14,-1,-1,6
52379971,48,26,-1,-1,1
52381197,53,26,-1,-1,1
52373575,36,14,-1,-1,6
52375353,9,24,-1,-1,7
52375821,57,33,-1,-1,3
52379513,43,8,-1,-1,5
52374300,17,3,-1,-1,1
52375027,47,37,-1,-1,6
52375789,3,16,-1,-1,1
52380667,14,31,-1,-1,0
52378213,34,38,-1,-1,3
52374722,56,52,-1,-1,0
52379841,20,17,-1,-1,7
52377871,42,13,-1,-1,6
52380876,36,20,-1,-1,3
52381188,37,24,-1,-1,4
52380690,42,20,-1,-1,0
52380275,48,40,-1,-1,1
52378205,46,38,-1,-1,6
52379555,55,10,-1,-1,0
52379686,43,52,-1,-1,7
52378100,35,22,-1,-1,3
52380658,11,22,-1,-1,3
52380904,20,43,-1,-1,3
52381070,8,28,-1,-1,4
52379431,38,0,-1,-1,2
52369522,10,47,-1,-1,6
52377599,33,34,-1,-1,6
52380374,43,34,-1,-1,1
52367093,15,19,-1,-1,7
52380436,33,13,-1,-1,2
52381014,42,47,-1,-1,2
52378506,57,28,-1,-1,7
52371755,3,1,-1,-1,2
52381110,42,12,-1,-1,4
52374477,21,9,-1,-1,7
52377514,27,34,-1,-1,3
52379397,50,44,-1,-1,4
52378987,55,48,-1,-1,0
52379175,11,9,-1,-1,3
52380294,0,25,-1,-1,3
52380486,58,7,-1,-1,7
52376524,38,20,-1,-1,1
52381080,9,33,-1,-1,4
52378893,17,5,-1,-1,7
52378927,45,42,-1,-1,5
52380270,8,55,-1,-1,7
52380682,58,30,-1,-1,7
52376080,20,53,-1,-1,2
52379986,49,53,-1,-1,1
52378124,11,33,-1,-1,4
52374651,38,53,-1,-1,2
52370855,34,30,-1,-1,4
52380256,19,44,-1,-1,5
52373957,53,3,-1,-1,2
52381061,35,18,-1,-1,6
52380736,51,11,-1,-1,2
52379667,21,37,-1,-1,0
52380581,40,9,-1,-1,0
52380003,37,32,-1,-1,4
52372199,4,5,-1,-1,7
52379070,57,22,-1,-1,6
52374374,0,16,-1,-1,4
52381208,48,57,-1,-1,3
52378630,39,23,-1,-1,2
52378570,1,30,-1,-1,6
52380755,33,25,-1,-1,2
52377594,55,4,-1,-1,2
52378288,39,18,-1,-1,0
52379047,19,24,-1,-1,3
52364467,22,37,-1,-1,1
52380254,23,29,-1,-1,0
52379103,46,54,-1,-1,3
52380764,45,37,-1,-1,2
52377515,44,6,-1,-1,2
52379547,2,30,-1,-1,1
52379250,25,36,-1,-1,5
52379975,40,35,-1,-1,1
52377879,34,21,-1,-1,3
52379895,14,0,-1,-1,4
52379233,9,49,-1,-1,3
52379038,1,58,-1,-1,0
52378117,2,17,-1,-1,2
52378935,51,17,-1,-1,5
52380874,12,56,-1,-1,1
52377102,15,55,-1,-1,5
52379612,11,15,-1,-1,3
52371501,45,57,-1,-1,5
52378454,14,30,-1,-1,5
52377239,30,50,-1,-1,5
52380349,20,19,-1,-1,5
52374877,12,20,-1,-1,7
52378926,34,13,-1,-1,4
52380827,17,16,-1,-1,5
52374232,54,43,-1,-1,0
52379461,24,12,-1,-1,5
52380147,4,54,-1,-1,7
52377591,23,43,-1,-1,2
52380422,24,46,-1,-1,7
52375155,6,6,-1,-1,5
52374852,53,57,-1,-1,6
52380571,19,21,-1,-1,5
52374895,2,10,-1,-1,3
52376301,52,57,-1,-1,6
52379442,40,26,-1,-1,7
52378395,24,24,-1,-1,0
52370762,4,26,-1,-1,7
52376723,7,15,-1,-1,4
52379703,23,25,-1,-1,7
52380584,53,39,-1,-1,6
52378854,6,51,-1,-1,2
52377841,23,58,-1,-1,2
52379988,24,42,-1,-1,7
52378422,21,6,-1,-1,4
52377812,47,27,-1,-1,1
52376658,12,2,-1,-1,3
52380244,31,28,-1,-1,0
52377872,34,9,-1,-1,3
52380996,41,54,-1,-1,2
52371051,34,35,-1,-1,5
52380353,3,20,-1,-1,3
52372728,34,42,-1,-1,0
52374678,22,34,-1,-1,4
52380971,10,10,-1,-1,4
52376785,14,57,-1,-1,1
52376946,15,7,-1,-1,3
52381045,30,18,-1,-1,3
52377501,22,50,-1,-1,2
52375189,36,40,-1,-1,6
52380286,41,41,-1,-1,4
52380852,9,6,-1,-1,0
52380802,38,12,-1,-1,5
52375289,58,3,-1,-1,6
52380323,34,7,-1,-1,5
52380987,51,49,-1,-1,5
52374104,48,7,-1,-1,5
52378453,57,15,-1,-1,1
52378477,52,50,-1,-1,5
52377354,4,16,-1,-1,4
52377587,15,9,-1,-1,4
52377422,23,49,-1,-1,1
52380867,54,32,-1,-1,6
52378636,13,21,-1,-1,6
52376606,15,15,-1,-1,2
52379092,5,17,-1,-1,2
52375865,13,20,-1,-1,5
52381072,6,46,-1,-1,1
52376578,9,10,-1,-1,7
52379825,8,33,-1,-1,4
52379799,42,9,-1,-1,7
52379432,28,39,-1,-1,6
52369030,15,23,-1,-1,2
52372259,57,29,-1,-1,4
52380391,40,17,-1,-1,7
52380357,39,55,-1,-1,2
52375723,52,21,-1,-1,7
52380986,2,27,-1,-1,1
52379323,46,22,-1,-1,4
52376144,32,5,-1,-1,7
52379477,23,21,-1,-1,3
52380856,41,8,-1,-1,4
52378442,10,57,-1,-1,2
52374329,56,29,-1,-1,5
52376086,51,24,-1,-1,4
52379941,24,15,-1,-1,0
52380107,20,45,-1,-1,5
52373132,15,4,-1,-1,3
52375636,35,36,-1,-1,5
52379218,14,6,-1,-1,3
52370772,56,17,-1,-1,2
52381118,4,10,-1,-1,4
52378768,40,20,-1,-1,7
52380661,27,16,-1,-1,0
52378591,32,9,-1,-1,5
52377062,26,54,-1,-1,4
52377720,18,39,-1,-1,3
52379366,52,6,-1,-1,2
52378315,4,0,-1,-1,6
52372043,30,45,-1,-1,6
52380916,16,26,-1,-1,6
52379657,2,8,-1,-1,5
52377768,14,29,-1,-1,4
52380265,28,47,-1,-1,6
52379400,29,44,-1,-1,4
52377379,29,46,-1,-1,1
52379532,45,55,-1,-1,6
52370425,47,46,-1,-1,0
52378650,45,0,-1,-1,2
52378290,20,55,-1,-1,4
52380760,32,40,-1,-1,0
52380703,54,42,-1,-1,6
52376499,14,15,-1,-1,5
52378320,41,22,-1,-1,2
52372282,9,7,-1,-1,2
52380324,39,46,-1,-1,0
52380318,50,55,-1,-1,6
52377228,33,1,-1,-1,0
52374867,23,53,-1,-1,3
52379764,19,36,-1,-1,5
52378560,48,20,-1,-1,0
52376984,47,15,-1,-1,5
52372669,52,53,-1,-1,3
52380136,7,32,-1,-1,2
52380185,26,53,-1,-1,6
52373704,20,49,-1,-1,1
52378357,42,39,-1,-1,6
52374853,49,56,-1,-1,5
52376063,5,21,-1,-1,1
52381077,2,55,-1,-1,3
52378214,32,26,-1,-1,0
52371444,50,13,-1,-1,5
52380095,30,26,-1,-1,6
52372967,6,8,-1,-1,0
52378994,8,27,-1,-1,3
52378916,55,38,-1,-1,2
52380199,28,16,-1,-1,0
52373584,41,56,-1,-1,0
52380695,49,47,-1,-1,4
52379285,9,34,-1,-1,5
52372017,1,54,-1,-1,6
52376417,37,21,-1,-1,7
52376401,55,40,-1,-1,7
52381106,39,6,-1,-1,6
52380861,15,47,-1,-1,2
52381069,50,15,-1,-1,4
52372461,39,24,-1,-1,7
52380828,41,18,-1,-1,4
52369989,50,28,-1,-1,2
52375624,41,24,-1,-1,0
52375223,0,1,-1,-1,1
52378278,26,16,-1,-1,1
52377466,19,38,-1,-1,7
52380281,10,29,-1,-1,2
52376615,29,31,-1,-1,2
52379618,33,52,-1,-1,7
52380720,35,4,-1,-1,2
52373758,23,0,-1,-1,2
52377101,49,10,-1,-1,2
52380671,47,49,-1,-1,6
52381017,5,38,-1,-1,1
52381121,27,56,-1,-1,5
52377173,16,1,-1,-1,7
52380567,28,33,-1,-1,5
52379923,19,50,-1,-1,7
52379484,51,37,-1,-1,0
52378449,7,10,-1,-1,3
52378472,35,44,-1,-1,7
52378122,23,54,-1,-1,7
52380345,40,50,-1,-1,0
52369656,24,38,-1,-1,4
52376959,12,16,-1,-1,0
52380001,24,16,-1,-1,7
52370730,35,43,-1,-1,7
52369801,27,1,-1,-1,0
52378914,3,7,-1,-1,4
52373387,56,53,-1,-1,0
52378774,24,32,-1,-1,2
52381203,27,25,-1,-1,3
52378817,9,58,-1,-1,0
52377160,12,29,-1,-1,5
52379585,44,54,-1,-1,2
52380220,49,22,-1,-1,6
52380756,14,37,-1,-1,1
52379861,26,28,-1,-1,0
52380022,36,10,-1,-1,1
52380859,38,48,-1,-1,4
52378642,6,11,-1,-1,6
52380508,38,13,-1,-1,2
52378711,7,26,-1,-1,6
52378270,32,24,-1,-1,5
52379355,15,37,-1,-1,3
52381002,21,50,-1,-1,1
52378598,6,25,-1,-1,3
52380822,48,39,-1,-1,0
52380623,14,16,-1,-1,6
52380196,35,46,-1,-1,3
52376505,30,22,-1,-1,1
52379570,38,26,-1,-1,0
52375803,18,20,-1,-1,4
52380245,44,37,-1,-1,1
52380843,22,48,-1,-1,5
52380955,10,21,-1,-1,2
52372925,32,54,-1,-1,0
52373668,17,39,-1,-1,1
52380799,30,19,-1,-1,6
52380261,34,34,-1,-1,6
52380404,38,21,-1,-1,1
52379751,53,17,-1,-1,7
52369957,32,58,-1,-1,1
52381010,31,35,-1,-1,2
52380100,6,9,-1,-1,0
52374364,56,37,-1,-1,4
52378534,27,4,-1,-1,5
52375381,32,43,-1,-1,6
52377268,9,46,-1,-1,3
52374898,9,50,-1,-1,3
52380478,8,23,-1,-1,3
52376179,45,39,-1,-1,6
52375952,45,5,-1,-1,3
52377897,57,30,-1,-1,2
52379845,26,50,-1,-1,0
52377445,24,3,-1,-1,7
52372649,37,50,-1,-1,5
52380277,6,31,-1,-1,0
52380494,18,33,-1,-1,7
52376549,7,51,-1,-1,6
52379122,23,32,-1,-1,5
52379370,2,5,-1,-1,0
52375291,35,32,-1,-1,2
52372452,18,31,-1,-1,1
52380424,12,27,-1,-1,4
52379455,13,14,-1,-1,5
52377547,41,50,-1,-1,1
52379427,9,20,-1,-1,3
52374141,39,27,-1,-1,6
52379917,11,39,-1,-1,2
52380437,27,29,-1,-1,5
52375704,42,49,-1,-1,0
52380680,41,17,-1,-1,7
52378280,1,4,-1,-1,7
52379582,54,0,-1,-1,2
52380993,1,11,-1,-1,7
52379469,20,35,-1,-1,1
52379524,28,51,-1,-1,5
52375877,33,26,-1,-1,2
52379735,55,43,-1,-1,5
52379692,37,0,-1,-1,4
52371519,46,49,-1,-1,0
52380872,26,27,-1,-1,1
52376177,53,16,-1,-1,2
52372946,46,24,-1,-1,4
52380249,33,42,-1,-1,4
52378497,30,21,-1,-1,7
52369851,46,40,-1,-1,4
52371079,58,27,-1,-1,4
52375890,50,51,-1,-1,3
52378469,40,37,-1,-1,5
52378328,39,51,-1,-1,0
52378921,16,39,-1,-1,4
52378661,35,40,-1,-1,7
52376964,51,43,-1,-1,1
52380039,4,12,-1,-1,4
52380295,30,27,-1,-1,4
52368976,24,58,-1,-1,6
52378056,27,50,-1,-1,6
52379762,20,12,-1,-1,1
52379818,41,35,-1,-1,7
52379984,3,28,-1,-1,3
52372213,47,22,-1,-1,2
52380285,0,20,-1,-1,4
52376186,54,24,-1,-1,4
52378245,48,43,-1,-1,2
52381058,54,23,-1,-1,5
52379029,56,4,-1,-1,5
52376586,57,43,-1,-1,6
52379906,22,30,-1,-1,0
52380227,11,27,-1,-1,5
52380896,18,52,-1,-1,2
52373118,23,4,-1,-1,4
52377363,29,50,-1,-1,5
52376690,43,53,-1,-1,5
52379786,1,29,-1,-1,1
52379005,12,46,-1,-1,2
52376234,41,25,-1,-1,1
52377566,7,6,-1,-1,7
52378516,5,55,-1,-1,3
52375096,26,2,-1,-1,5
52378326,35,35,-1,-1,2
52378732,6,38,-1,-1,5
52379014,27,55,-1,-1,7
52378690,17,19,-1,-1,0
52378016,0,21,-1,-1,0
52375269,52,30,-1,-1,1
52374597,32,8,-1,-1,6
52365235,47,24,-1,-1,5
52380232,32,3,-1,-1,2
52373644,47,29,-1,-1,0
52379343,28,50,-1,-1,2
52377347,22,9,-1,-1,7
52378948,25,6,-1,-1,0
52381116,37,36,-1,-1,6
52380774,16,43,-1,-1,2
52378456,3,40,-1,-1,1
52380744,36,22,-1,-1,7
52371759,6,14,-1,-1,7
52377964,47,42,-1,-1,3
52379732,41,3,-1,-1,4
52380903,22,29,-1,-1,5
52380472,45,40,-1,-1,4
52366972,1,33,-1,-1,1
52369891,14,24,-1,-1,2
52381064,47,55,-1,-1,4
52374603,20,7,-1,-1,0
52380694,1,47,-1,-1,7
52376661,2,26,-1,-1,4
52380084,11,16,-1,-1,6
52372187,48,25,-1,-1,0
52378655,15,50,-1,-1,3
52375731,40,42,-1,-1,6
52380748,16,15,-1,-1,1
52380204,16,44,-1,-1,6
52379243,34,24,-1,-1,6
52381124,23,55,-1,-1,7
52380376,22,24,-1,-1,6
52378384,44,27,-1,-1,1
52380190,24,22,-1,-1,6
52379656,39,8,-1,-1,1
52380660,45,28,-1,-1,7
52373184,19,31,-1,-1,3
52377794,58,28,-1,-1,6
52376523,5,14,-1,-1,6
52379978,19,39,-1,-1,4
52371450,57,36,-1,-1,0
52375810,56,20,-1,-1,5
52380531,46,23,-1,-1,1
52371979,12,10,-1,-1,5
52373131,45,21,-1,-1,1
52376562,37,26,-1,-1,2
52378558,38,11,-1,-1,5
52380936,24,50,-1,-1,7
52381078,15,49,-1,-1,0
52374425,33,32,-1,-1,0
52374478,47,16,-1,-1,1
52380474,40,39,-1,-1,0
52381012,43,38,-1,-1,3
52379677,8,56,-1,-1,2
52378573,29,14,-1,-1,7
52378678,1,50,-1,-1,5
52376528,45,26,-1,-1,3
52379332,18,43,-1,-1,6
52379478,30,4,-1,-1,4
52376510,34,25,-1,-1,2
52380238,50,1,-1,-1,3
52375179,10,15,-1,-1,2
52374080,53,6,-1,-1,2
52380488,27,18,-1,-1,0
52373383,47,54,-1,-1,5
52380343,3,22,-1,-1,2
52378863,35,33,-1,-1,4
52366839,32,46,-1,-1,7
52377367,58,10,-1,-1,4
52377204,40,55,-1,-1,3
52380614,18,42,-1,-1,6
52378700,9,13,-1,-1,1
52374779,53,28,-1,-1,3
52379164,7,46,-1,-1,3
52372544,2,6,-1,-1,7
52380005,25,20,-1,-1,0
52380651,54,12,-1,-1,2
52378684,5,15,-1,-1,7
52372509,28,42,-1,-1,6
52380078,15,25,-1,-1,1
52380900,36,3,-1,-1,3
52377951,48,13,-1,-1,1
52375839,40,51,-1,-1,7
52376087,44,45,-1,-1,0
52368432,10,51,-1,-1,0
52379760,23,36,-1,-1,5
52377054,52,31,-1,-1,3
52380707,47,45,-1,-1,3
52375138,43,16,-1,-1,0
52380977,44,51,-1,-1,1
52381173,30,7,-1,-1,4
52380762,41,1,-1,-1,5
52377014,22,13,-1,-1,0
52380752,3,39,-1,-1,0
52380796,3,44,-1,-1,5
52379855,49,26,-1,-1,7
52367605,31,33,-1,-1,3
52379082,52,24,-1,-1,6
52378966,39,16,-1,-1,6
52381162,39,57,-1,-1,5
52371392,30,6,-1,-1,0
52380012,29,16,-1,-1,3
52374383,52,47,-1,-1,6
52378667,9,45,-1,-1,2
52374441,31,36,-1,-1,3
52380456,26,46,-1,-1,5
52381142,18,36,-1,-1,1
52374772,5,46,-1,-1,0
52378531,56,34,-1,-1,7
52379662,48,21,-1,-1,1
52371463,22,58,-1,-1,1
52379081,24,19,-1,-1,0
52378660,17,27,-1,-1,0
52377024,31,25,-1,-1,4
52378236,47,31,-1,-1,3
52373986,54,22,-1,-1,2
52377099,31,4,-1,-1,4
52378583,34,41,-1,-1,6
52377568,21,53,-1,-1,5
52378880,43,20,-1,-1,5
52374103,9,9,-1,-1,2
52377133,47,25,-1,-1,7
52370578,33,41,-1,-1,4
52379196,34,43,-1,-1,2
52378816,7,27,-1,-1,6
52380974,30,24,-1,-1,3
52379793,9,41,-1,-1,5
52380070,13,43,-1,-1,1
52373481,0,36,-1,-1,3
52380347,50,38,-1,-1,3
52378621,40,3,-1,-1,7
52378491,41,43,-1,-1,2
52379550,10,36,-1,-1,4
52379143,7,24,-1,-1,1
52380665,35,15,-1,-1,2
52380002,23,24,-1,-1,2
52375579,4,37,-1,-1,7
52379369,9,52,-1,-1,0
52378580,30,8,-1,-1,4
52377781,36,4,-1,-1,0
52378294,49,46,-1,-1,4
52376748,4,4,-1,-1,1
52380906,53,25,-1,-1,3
52378520,20,33,-1,-1,5
52379168,20,36,-1,-1,5
52376175,51,9,-1,-1,7
52378484,19,26,-1,-1,6
52381184,10,7,-1,-1,4
52378110,3,26,-1,-1,1
52378168,57,11,-1,-1,7
52373097,45,46,-1,-1,3
52380341,41,37,-1,-1,7
52377295,3,4,-1,-1,3
52380072,38,40,-1,-1,1
52377942,52,17,-1,-1,1
52378104,16,13,-1,-1,5
52379779,23,23,-1,-1,2
52380328,33,4,-1,-1,4
52380654,26,24,-1,-1,7
52379459,25,48,-1,-1,7
52372915,32,31,-1,-1,7
52376773,14,27,-1,-1,5
52378723,37,17,-1,-1,6
52379731,48,15,-1,-1,5
52379288,36,51,-1,-1,0
52379834,29,24,-1,-1,7
52370316,11,26,-1,-1,1
52371114,5,0,-1,-1,6
52380940,33,10,-1,-1,7
52378002,9,1,-1,-1,1
52380071,44,58,-1,-1,1
52379615,44,39,-1,-1,4
52381043,15,52,-1,-1,4
52375390,52,46,-1,-1,3
52372857,57,21,-1,-1,2
52380529,53,35,-1,-1,7
52379848,11,14,-1,-1,1
52378434,2,48,-1,-1,3
52380677,32,41,-1,-1,1
52376236,50,37,-1,-1,0
52379462,28,38,-1,-1,2
52372629,21,42,-1,-1,6
52377759,2,52,-1,-1,3
52376134,42,46,-1,-1,1
52378849,21,40,-1,-1,3
52378687,33,9,-1,-1,0
52376913,2,39,-1,-1,5
52377001,2,54,-1,-1,2
52380851,4,51,-1,-1,7
52376358,43,14,-1,-1,5
52380535,29,8,-1,-1,4
52378883,3,49,-1,-1,3
52377036,28,3,-1,-1,2
52380338,28,56,-1,-1,7
52379203,20,5,-1,-1,1
52379702,16,25,-1,-1,1
52380604,2,34,-1,-1,6
52379888,58,53,-1,-1,7
52380798,57,19,-1,-1,2
52380409,29,23,-1,-1,5
52380250,32,25,-1,-1,7
52381076,13,26,-1,-1,2
52378691,33,3,-1,-1,5
52381163,44,20,-1,-1,5
52374745,0,2,-1,-1,0
52372144,43,30,-1,-1,4
52380308,12,39,-1,-1,0
52380543,13,29,-1,-1,1
52379525,49,54,-1,-1,3
52380732,50,4,-1,-1,6
52373336,15,0,-1,-1,5
52380180,39,11,-1,-1,6
52362791,46,58,-1,-1,7
52381169,21,44,-1,-1,2
52379829,19,29,-1,-1,7
52380766,31,50,-1,-1,6
52375423,54,44,-1,-1,1
52363912,19,7,-1,-1,1
52380459,31,3,-1,-1,4
52380467,55,21,-1,-1,7
52379854,15,14,-1,-1,2
52375272,32,0,-1,-1,5
52378734,52,22,-1,-1,1
52380222,6,17,-1,-1,2
52378195,31,57,-1,-1,4
52381151,4,17,-1,-1,4
52364963,3,23,-1,-1,7
52379000,17,47,-1,-1,3
52377371,17,42,-1,-1,4
52381145,26,8,-1,-1,0
52376665,19,0,-1,-1,6
52378450,29,47,-1,-1,1
52380770,3,18,-1,-1,7
52380081,32,56,-1,-1,0
52380292,21,57,-1,-1,3
52378157,6,57,-1,-1,7
52376450,56,38,-1,-1,3
52379886,17,33,-1,-1,4
52377816,29,6,-1,-1,5
52376091,1,44,-1,-1,6
52379924,34,37,-1,-1,0
52381212,42,7,-1,-1,3
52379401,56,43,-1,-1,0
52380206,40,52,-1,-1,6
52376973,41,52,-1,-1,4
52378075,21,19,-1,-1,1
52379668,9,18,-1,-1,0
52381079,56,23,-1,-1,6
52366881,5,26,-1,-1,6
52374944,30,29,-1,-1,3
52373976,28,10,-1,-1,1
52381041,54,50,-1,-1,7
52380502,52,55,-1,-1,0
52375612,56,28,-1,-1,7
52379577,2,41,-1,-1,7
52380963,3,35,-1,-1,3
52378222,22,26,-1,-1,7
52375509,34,4,-1,-1,5
52380726,15,12,-1,-1,2
52371705,32,35,-1,-1,4
52379134,30,10,-1,-1,5
52372176,54,45,-1,-1,2
52378191,38,54,-1,-1,2
52371806,0,22,-1,-1,2
52379371,21,35,-1,-1,2
52366069,58,4,-1,-1,6
52380815,43,45,-1,-1,5
52381095,6,42,-1,-1,7
52374286,41,26,-1,-1,5
52380745,52,25,-1,-1,5
52380279,28,31,-1,-1,7
52368267,29,3,-1,-1,3
52380769,10,19,-1,-1,1
52379344,13,4,-1,-1,0
52373712,0,30,-1,-1,4
52380786,56,5,-1,-1,2
52379018,41,55,-1,-1,1
52380509,5,54,-1,-1,1
52378256,16,50,-1,-1,2
52378201,16,31,-1,-1,4
52379945,21,27,-1,-1,2
52380048,33,7,-1,-1,1
52378910,36,28,-1,-1,5
52380988,0,35,-1,-1,2
52379567,46,3,-1,-1,7
52374886,19,8,-1,-1,0
52373592,29,41,-1,-1,6
52381049,47,50,-1,-1,6
52379083,46,1,-1,-1,6
52376318,4,1,-1,-1,1
52378631,47,53,-1,-1,3
52378672,32,2,-1,-1,5
52379738,4,15,-1,-1,4
52375591,0,4,-1,-1,4
52376481,55,50,-1,-1,7
52378873,27,15,-1,-1,2
52376937,15,1,-1,-1,7
52380009,45,23,-1,-1,5
52377956,24,34,-1,-1,2
52374408,42,54,-1,-1,1
52376031,16,56,-1,-1,3
52380942,20,8,-1,-1,0
52379894,14,55,-1,-1,2
52377034,24,6,-1,-1,2
52376207,21,4,-1,-1,5
52377179,6,34,-1,-1,0
52374114,52,49,-1,-1,3
52375586,43,50,-1,-1,2
52347827,5,25,-1,-1,4
52380995,30,12,-1,-1,6
52379930,48,36,-1,-1,4
52376402,49,34,-1,-1,1
52377312,37,49,-1,-1,2
52373628,12,57,-1,-1,7
52380429,24,13,-1,-1,2
52378686,28,1,-1,-1,7
52376912,39,40,-1,-1,4
52377290,42,3,-1,-1,0
52374976,25,22,-1,-1,3
52375082,42,37,-1,-1,5
52378041,13,56,-1,-1,6
52377015,2,1,-1,-1,1
52380339,26,17,-1,-1,4
52379444,44,7,-1,-1,0
52380091,17,49,-1,-1,5
52371869,56,19,-1,-1,2
52379246,58,36,-1,-1,0
52376135,37,23,-1,-1,1
52362126,44,13,-1,-1,2
52376827,11,7,-1,-1,1
52369345,44,1,-1,-1,2
52375069,34,46,-1,-1,0
52367029,16,52,-1,-1,5
52380192,19,51,-1,-1,1
52376292,32,11,-1,-1,3
52380884,23,1,-1,-1,1
52379754,34,29,-1,-1,7
52373443,58,34,-1,-1,4
52379995,52,41,-1,-1,0
52380678,18,19,-1,-1,2
52375699,54,17,-1,-1,5
52380007,35,49,-1,-1,0
52380869,51,57,-1,-1,4
52373732,33,8,-1,-1,3
52380117,58,52,-1,-1,7
52380299,17,29,-1,-1,0
52381147,29,15,-1,-1,7
52380805,51,29,-1,-1,2
52376818,54,49,-1,-1,0
52380124,46,12,-1,-1,4
52375720,26,5,-1,-1,2
52368417,21,8,-1,-1,0
52380215,54,3,-1,-1,3
52376988,6,47,-1,-1,6
52373531,58,18,-1,-1,6
52379294,6,37,-1,-1,3
52379234,22,18,-1,-1,0
52380921,43,15,-1,-1,4
52380016,10,20,-1,-1,5
52378354,43,31,-1,-1,0
52381159,17,28,-1,-1,1
52369917,52,35,-1,-1,1
52377234,56,33,-1,-1,5
52377968,34,32,-1,-1,2
52377244,15,38,-1,-1,3
52378698,16,53,-1,-1,6
52373651,58,46,-1,-1,0
52377904,20,54,-1,-1,4
52379309,30,3,-1,-1,6
52378192,7,14,-1,-1,6
52379378,8,20,-1,-1,2
52378782,43,1,-1,-1,7
52379851,54,53,-1,-1,2
52377914,25,28,-1,-1,3
52380077,16,48,-1,-1,3
52377061,45,58,-1,-1,0
52378369,29,32,-1,-1,1
52377997,38,55,-1,-1,6
52377909,35,47,-1,-1,3
52379430,5,51,-1,-1,4
52376482,1,37,-1,-1,5
52377959,31,6,-1,-1,5
52379720,24,45,-1,-1,1
52378829,53,5,-1,-1,1
52380101,14,44,-1,-1,4
52375357,27,21,-1,-1,4
52377086,11,48,-1,-1,4
52379979,22,22,-1,-1,5
52378149,58,5,-1,-1,0
52376283,22,1,-1,-1,1
52374516,31,27,-1,-1,3
52376801,19,34,-1,-1,7
52379557,54,15,-1,-1,5
52380415,50,25,-1,-1,4
52380491,12,36,-1,-1,2
52376265,38,35,-1,-1,3
52376652,12,24,-1,-1,0
52381160,56,10,-1,-1,7
52377227,30,51,-1,-1,6
52379437,4,35,-1,-1,1
52369516,58,16,-1,-1,4
52379270,0,42,-1,-1,3
52377440,57,40,-1,-1,2
52374589,1,40,-1,-1,3
52380637,10,4,-1,-1,4
52376883,29,38,-1,-1,3
52380702,26,32,-1,-1,7
52380519,31,52,-1,-1,0
52380183,42,57,-1,-1,7
52373880,55,31,-1,-1,7
52381127,40,23,-1,-1,7
52377663,42,44,-1,-1,1
52380943,29,58,-1,-1,2
52377860,49,32,-1,-1,0
52379798,22,19,-1,-1,5
52368630,14,58,-1,-1,7
52380835,0,45,-1,-1,0
52381084,4,36,-1,-1,6
52375926,8,45,-1,-1,2
52379634,50,57,-1,-1,0
52380271,43,49,-1,-1,7
52380419,14,34,-1,-1,6
52375595,0,41,-1,-1,3
52379697,58,6,-1,-1,4
52374899,55,32,-1,-1,4
52372523,4,53,-1,-1,6
52380335,40,25,-1,-1,2
52377772,40,34,-1,-1,0
52379727,42,17,-1,-1,3
52380320,27,42,-1,-1,3
52378954,35,7,-1,-1,5
52379393,11,6,-1,-1,1
52380524,41,4,-1,-1,1
52377105,47,20,-1,-1,4
52377758,25,17,-1,-1,4
52380927,57,51,-1,-1,1
52380390,46,43,-1,-1,5
52369890,54,48,-1,-1,2
52380783,11,57,-1,-1,3
52379715,7,9,-1,-1,5
52380968,20,42,-1,-1,7
52378011,24,8,-1,-1,3
52367955,16,11,-1,-1,3
52379927,41,49,-1,-1,4
52375589,29,53,-1,-1,5
52379356,20,47,-1,-1,1
52380724,13,2,-1,-1,5
52378884,10,8,-1,-1,3
52378074,38,7,-1,-1,1
52380873,26,21,-1,-1,4
52379869,23,42,-1,-1,6
52380998,46,9,-1,-1,2
52381098,38,47,-1,-1,6
52380556,27,0,-1,-1,4
52380840,44,44,-1,-1,4
52372859,40,2,-1,-1,1
52366154,51,18,-1,-1,4
52377634,29,55,-1,-1,7
52379145,48,14,-1,-1,1
52381126,49,35,-1,-1,1
52370868,41,42,-1,-1,5
52376859,20,11,-1,-1,4
52379068,38,24,-1,-1,2
52373755,14,10,-1,-1,4
52371252,27,45,-1,-1,5
52376132,26,37,-1,-1,0
52379722,1,2,-1,-1,6
52380443,13,17,-1,-1,3
52379783,4,6,-1,-1,0
52380915,47,30,-1,-1,5
52376172,17,55,-1,-1,4
52371797,21,33,-1,-1,3
52379624,23,46,-1,-1,1
52381046,56,2,-1,-1,6
52377747,25,15,-1,-1,6
52380715,18,44,-1,-1,1
52380045,2,50,-1,-1,0
52379131,32,19,-1,-1,4
52377769,8,34,-1,-1,6
52380930,26,43,-1,-1,5
52377332,31,20,-1,-1,5
52374577,40,38,-1,-1,7
52381024,20,0,-1,-1,2
52379950,33,38,-1,-1,6
52378562,53,24,-1,-1,2
52379814,43,17,-1,-1,3
52378625,12,22,-1,-1,7
52372152,33,0,-1,-1,3
52380539,57,52,-1,-1,1
52376863,44,33,-1,-1,5
52372840,24,53,-1,-1,6
52375761,22,45,-1,-1,0
52375307,3,51,-1,-1,6
52375641,17,40,-1,-1,0
52380923,55,41,-1,-1,0
52379707,20,18,-1,-1,2
52380487,1,23,-1,-1,0
52376369,22,14,-1,-1,5
52378890,48,16,-1,-1,5
52372420,48,37,-1,-1,2
52377508,1,10,-1,-1,3
52377810,18,37,-1,-1,6
52378991,49,40,-1,-1,4
52373346,43,51,-1,-1,0
52380885,17,15,-1,-1,3
52374575,37,5,-1,-1,0
52378577,42,19,-1,-1,7
52380602,8,42,-1,-1,6
52379859,37,14,-1,-1,2
52377009,10,25,-1,-1,0
52380804,3,55,-1,-1,5
52371321,9,55,-1,-1,2
52380738,19,32,-1,-1,3
52380902,46,35,-1,-1,1
52377306,18,6,-1,-1,3
52379043,27,22,-1,-1,0
52380722,13,6,-1,-1,3
52380402,57,31,-1,-1,3
52380918,45,30,-1,-1,2
52379365,0,43,-1,-1,3
52380638,42,8,-1,-1,0
52379811,19,22,-1,-1,3
52377930,6,45,-1,-1,0
52378263,51,26,-1,-1,6
52380019,0,55,-1,-1,0
52380679,26,23,-1,-1,6
52379996,19,37,-1,-1,2
52377668,8,49,-1,-1,6
52380017,21,41,-1,-1,7
52373816,19,41,-1,-1,5
52373735,47,9,-1,-1,2
52379683,42,16,-1,-1,0
52377281,22,12,-1,-1,2
52378268,58,47,-1,-1,0
52379773,49,51,-1,-1,5
52379213,5,47,-1,-1,3
52380482,35,14,-1,-1,6
52378271,34,52,-1,-1,5
52374542,27,31,-1,-1,4
52380179,17,48,-1,-1,1
52376238,14,41,-1,-1,4
52370274,55,54,-1,-1,7
52380119,7,43,-1,-1,2
52374517,40,21,-1,-1,5
52374476,21,31,-1,-1,3
52381011,4,13,-1,-1,3
52377714,1,17,-1,-1,7
52378743,32,17,-1,-1,3
52370531,58,19,-1,-1,0
52380811,40,8,-1,-1,1
52380737,50,10,-1,-1,6
52379069,36,9,-1,-1,4
52381150,22,6,-1,-1,2
52376181,49,12,-1,-1,6
52378402,29,34,-1,-1,7
52370412,39,53,-1,-1,5
52379959,54,9,-1,-1,0
52375309,55,19,-1,-1,4
52375677,12,44,-1,-1,6
52379031,54,29,-1,-1,6
52380050,49,45,-1,-1,7
52376596,45,8,-1,-1,4
52376884,56,58,-1,-1,2
52380080,0,19,-1,-1,1
52379684,7,7,-1,-1,7
52380236,37,10,-1,-1,1
52376024,2,35,-1,-1,2
52373973,17,32,-1,-1,2
52379785,26,4,-1,-1,0
52372506,12,32,-1,-1,2
52374977,5,39,-1,-1,6
52372405,47,21,-1,-1,6
52380790,52,4,-1,-1,0
52373916,7,57,-1,-1,4
52377448,41,38,-1,-1,3
52377924,38,28,-1,-1,7
52376541,22,16,-1,-1,7
52376327,34,0,-1,-1,3
52372671,25,3,-1,-1,7
52379882,45,56,-1,-1,2
52381189,21,29,-1,-1,3
52379467,24,55,-1,-1,6
52379486,21,30,-1,-1,2
52379714,16,35,-1,-1,6
52379796,51,2,-1,-1,4
52378255,42,24,-1,-1,5
52371323,6,2,-1,-1,7
52380448,53,48,-1,-1,5
52380052,51,22,-1,-1,0
52379847,27,19,-1,-1,6
52374158,45,45,-1,-1,6
52378556,16,18,-1,-1,6
52379860,39,38,-1,-1,3
52373377,49,17,-1,-1,6
52379749,44,30,-1,-1,4
52379124,49,5,-1,-1,6
52380490,27,10,-1,-1,6
52377432,28,34,-1,-1,4
52379066,50,50,-1,-1,6
52371584,25,0,-1,-1,3
52369270,3,24,-1,-1,1
52377970,29,36,-1,-1,3
52380608,15,57,-1,-1,4
52379104,15,2,-1,-1,4
52377699,19,12,-1,-1,5
52380153,8,25,-1,-1,3
52380754,1,22,-1,-1,5
52381104,2,49,-1,-1,2
52378203,1,41,-1,-1,3
52379565,21,5,-1,-1,4
52378980,12,55,-1,-1,0
52377216,29,26,-1,-1,7
52380356,28,32,-1,-1,6
52378975,58,56,-1,-1,5
52375645,13,58,-1,-1,0
52376811,7,22,-1,-1,5
52378905,18,45,-1,-1,1
52369713,43,44,-1,-1,3
52380164,38,34,-1,-1,4
52381000,39,32,-1,-1,6
52378657,35,2,-1,-1,5
52381125,52,3,-1,-1,0
52380023,16,49,-1,-1,1
52374632,36,55,-1,-1,6
52377881,27,12,-1,-1,1
52379610,13,7,-1,-1,5
52379326,23,27,-1,-1,1
52371596,38,41,-1,-1,7
52380652,32,22,-1,-1,2
52380854,1,31,-1,-1,5
52380243,31,13,-1,-1,5
52379846,49,38,-1,-1,1
52376837,39,14,-1,-1,4
52373655,57,39,-1,-1,0
52374883,56,27,-1,-1,7
52378606,53,0,-1,-1,3
52376805,44,24,-1,-1,5
52379939,56,30,-1,-1,0
52376930,58,17,-1,-1,4
52371713,46,26,-1,-1,2
52380104,10,34,-1,-1,4
52379064,48,47,-1,-1,5
52371663,1,55,-1,-1,6
52381056,41,20,-1,-1,0
52375229,1,45,-1,-1,6
52376616,12,42,-1,-1,7
52375833,33,5,-1,-1,0
52377830,15,35,-1,-1,5
52380444,7,38,-1,-1,4
52378778,38,30,-1,-1,7
52379877,50,7,-1,-1,5
52377506,25,13,-1,-1,3
52377387,21,47,-1,-1,0
52381062,2,31,-1,-1,7
52379809,29,39,-1,-1,1
52376506,1,57,-1,-1,3
52378239,2,47,-1,-1,2
52376767,58,57,-1,-1,4
52369490,3,58,-1,-1,6
52379784,36,52,-1,-1,2
52378962,44,35,-1,-1,7
52376231,58,37,-1,-1,4
52380499,8,37,-1,-1,1
52380408,45,54,-1,-1,1
52379499,18,4,-1,-1,7
52380931,57,27,-1,-1,7
52377847,14,22,-1,-1,0
52375304,47,47,-1,-1,6
52376123,15,32,-1,-1,6
52376849,54,40,-1,-1,6
52373507,2,3,-1,-1,5
52380211,3,21,-1,-1,6
52377213,49,18,-1,-1,3
52380767,41,53,-1,-1,2
52380788,26,34,-1,-1,1
52378576,27,33,-1,-1,0
52379929,13,1,-1,-1,0
52380647,15,34,-1,-1,7
52378813,17,20,-1,-1,2
52380775,4,22,-1,-1,4
52371604,25,25,-1,-1,1
52378212,37,57,-1,-1,5
52378869,7,11,-1,-1,3
52379904,9,30,-1,-1,2
52369339,49,9,-1,-1,3
52367327,49,41,-1,-1,2
52374568,11,19,-1,-1,0
52379639,14,50,-1,-1,3
52372173,9,19,-1,-1,5
52381052,10,48,-1,-1,1
52380975,9,5,-1,-1,5
52377757,48,52,-1,-1,3
52378579,56,44,-1,-1,5
52380354,29,17,-1,-1,7
52380521,28,53,-1,-1,5
52377502,54,57,-1,-1,6
52380645,23,44,-1,-1,5
52378032,39,45,-1,-1,2
52380537,34,16,-1,-1,1
52380329,14,43,-1,-1,7
52380132,25,34,-1,-1,7
52379641,9,0,-1,-1,6
52379933,28,29,-1,-1,2
52376176,28,41,-1,-1,6
52372098,0,15,-1,-1,3
52378931,57,55,-1,-1,2
52376872,36,34,-1,-1,5
52378417,8,53,-1,-1,1
52374501,51,7,-1,-1,7
52377616,3,38,-1,-1,7
52380989,27,44,-1,-1,4
52372560,55,51,-1,-1,4
52380891,52,13,-1,-1,2
52380460,17,57,-1,-1,5
52381033,45,43,-1,-1,7
52380750,36,45,-1,-1,6
52368082,9,43,-1,-1,7
52379914,53,21,-1,-1,4
52379178,31,14,-1,-1,5
52378677,45,36,-1,-1,5
52376904,2,28,-1,-1,6
52379331,7,5,-1,-1,1
52379001,52,1,-1,-1,1
52377551,53,34,-1,-1,5
52380303,6,20,-1,-1,6
52376122,41,51,-1,-1,0
52379985,49,42,-1,-1,2
52380742,17,7,-1,-1,3
52374177,38,58,-1,-1,7
52370893,45,38,-1,-1,3
52377753,45,47,-1,-1,6
52379050,40,27,-1,-1,1
52375356,47,1,-1,-1,2
52377811,27,5,-1,-1,4
52379970,57,0,-1,-1,2
52380653,56,54,-1,-1,6
52379935,28,20,-1,-1,4
52381093,2,24,-1,-1,1
52377894,34,33,-1,-1,7
52380972,36,11,-1,-1,7
52379473,24,48,-1,-1,5
52379036,18,22,-1,-1,4
52376722,38,46,-1,-1,2
52373471,13,22,-1,-1,6
52378957,41,15,-1,-1,0
52375965,10,49,-1,-1,1
52379658,45,12,-1,-1,5
52380639,58,43,-1,-1,4
52380978,51,31,-1,-1,2
52380622,55,33,-1,-1,3
52379581,54,34,-1,-1,6
52380863,10,50,-1,-1,1
52380696,52,20,-1,-1,5
52371577,53,50,-1,-1,7
52379832,47,28,-1,-1,2
52379759,44,52,-1,-1,1
52376724,44,49,-1,-1,6
52365078,19,35,-1,-1,7
52376679,55,57,-1,-1,5
52379586,54,13,-1,-1,3
52376361,45,49,-1,-1,4
52381004,32,52,-1,-1,4
52380336,58,29,-1,-1,0
52379827,57,12,-1,-1,2
52371542,6,16,-1,-1,5
52379337,57,44,-1,-1,0
52372736,38,10,-1,-1,1
52380476,37,18,-1,-1,6
52380846,40,11,-1,-1,2
52378150,6,3,-1,-1,5
52377877,52,40,-1,-1,7
52377565,50,54,-1,-1,6
52377766,22,51,-1,-1,2
52377077,2,32,-1,-1,2
52373172,44,26,-1,-1,5
52380514,35,31,-1,-1,5
52366474,45,51,-1,-1,0
52362789,11,51,-1,-1,6
52381205,44,42,-1,-1,7
52378385,35,21,-1,-1,5
52380957,25,18,-1,-1,6
52379956,31,55,-1,-1,5
52381113,22,8,-1,-1,1
52379358,29,25,-1,-1,3
52374500,39,35,-1,-1,4
52380480,23,51,-1,-1,3
52367278,33,57,-1,-1,4
52381141,22,40,-1,-1,2
52376068,48,54,-1,-1,6
52378159,32,44,-1,-1,3
52380148,24,30,-1,-1,5
52377637,1,34,-1,-1,1
52380631,22,4,-1,-1,2
52373408,37,43,-1,-1,1
52379402,31,19,-1,-1,6
52379733,23,57,-1,-1,7
52379812,3,25,-1,-1,4
52375244,3,32,-1,-1,5
52379466,14,52,-1,-1,7
52378819,33,50,-1,-1,6
52378130,5,40,-1,-1,1
52379212,52,28,-1,-1,6
52377533,52,16,-1,-1,1
52366882,40,18,-1,-1,5
52380548,12,13,-1,-1,7
52378121,17,34,-1,-1,0
52377788,10,16,-1,-1,5
52376920,36,7,-1,-1,7
52373219,57,16,-1,-1,7
52375076,52,11,-1,-1,3
52379142,6,27,-1,-1,7
52374370,10,37,-1,-1,3
52380350,29,35,-1,-1,0
52374954,53,36,-1,-1,4
52379741,10,31,-1,-1,1
52381215,10,38,-1,-1,5
