57.2728 57.2728 57.2728 57.2728 57.2728 57.2728 57.2728 57.2728 57.2728 57.2728 57.2728 57.2728 57.2728 57.2728 57.2728 57.2728 57.2728 57.2728 57.2728 57.2728 57.2728 57.2728 57.2728 57.2728 57.2728 57.2728 57.2728 57.2728 57.2728 57.2728 57.2728 57.2728 57.2728 57.2728 57.2728 57.2728 57.2728 57.2728 57.2728 57.2728 57.2728 57.2728 57.2728 57.2728 57.2728 57.2728 57.2728 57.2728 57.2728 57.2728 57.2728 57.2728 57.2728 57.2728 57.2728 57.2728 57.2728 57.2728 57.2728 
57.2728 57.2728 57.2728 57.2728 57.2728 57.2728 57.2728 57.2728 57.2728 57.2728 57.2728 57.2728 57.2728 57.2728 57.2728 57.2728 57.2728 57.2728 57.2728 57.2728 57.2728 57.2728 57.2728 57.2728 57.2728 57.2728 57.2728 57.2728 57.2728 57.2728 57.2728 57.2728 57.2728 57.2728 57.2728 57.2728 57.2728 57.2728 57.2728 57.2728 57.2728 57.2728 57.2728 57.2728 57.2728 57.2728 57.2728 57.2728 57.2728 57.2728 57.2728 57.2728 57.2728 57.2728 57.2728 57.2728 57.2728 57.2728 57.2728 
57.2728 57.2728 57.2728 57.2728 57.2728 57.2728 57.2728 57.2728 57.2728 57.2728 57.2728 57.2728 57.2728 57.2728 57.2728 57.2728 57.2728 57.2728 57.2728 57.2728 57.2728 57.2728 57.2728 57.2728 57.2728 57.2728 57.2728 57.2728 57.2728 57.2728 57.2728 57.2728 57.2728 57.2728 57.2728 57.2728 57.2728 57.2728 57.2728 57.2728 57.2728 57.2728 57.2728 57.2728 57.2728 57.2728 57.2728 57.2728 57.2728 57.2728 57.2728 57.2728 57.2728 57.2728 57.2728 57.2728 57.2728 57.2728 57.2728 
57.2728 57.2728 57.2728 57.2728 57.2728 57.2728 57.2728 57.2728 57.2728 57.2728 57.2728 57.2728 57.2728 57.2728 57.2728 57.2728 57.2728 57.2728 57.2728 57.2728 57.2728 57.2728 57.2728 57.2728 57.2728 57.2728 57.2728 57.2728 57.2728 57.2728 57.2728 57.2728 57.2728 57.2728 57.2728 57.2728 57.2728 57.2728 57.2728 57.2728 57.2728 57.2728 57.2728 57.2728 57.2728 57.2728 57.2728 57.2728 57.2728 57.2728 57.2728 57.2728 57.2728 57.2728 57.2728 57.2728 57.2728 57.2728 57.2728 
57.2728 57.2728 57.2728 57.2728 57.2728 57.2728 57.2728 57.2728 57.2728 57.2728 57.2728 100 57.2728 57.2728 57.2728 57.2728 57.2728 57.2728 57.2728 57.2728 57.2728 57.2728 57.2728 100 57.2728 57.2728 57.2728 57.2728 57.2728 57.2728 57.2728 57.2728 57.2728 57.2728 57.2728 100 57.2728 57.2728 57.2728 57.2728 57.2728 57.2728 57.2728 57.2728 57.2728 57.2728 57.2728 100 57.2728 57.2728 57.2728 57.2728 57.2728 57.2728 57.2728 57.2728 57.2728 57.2728 57.2728 
57.2728 57.2728 57.2728 57.2728 57.2728 57.2728 57.2728 57.2728 100 100 100 100 100 100 100 57.2728 57.2728 57.2728 57.2728 57.2728 99.75 100 100 99.75 100 100 100 57.2728 57.2728 57.2728 57.2728 57.2728 100 100 100 100 100 100 100 57.2728 57.2728 57.2728 57.2728 57.2728 100 100 100 100 100 100 100 57.2728 57.2728 57.2728 57.2728 57.2728 57.2728 57.2728 57.2728 
57.2728 57.2728 57.2728 57.2728 57.2728 57.2728 57.2728 100 100 100 100 100 100 100 100 100 57.2728 57.2728 57.2728 99.75 100 100 100 100 99.75 100 100 100 57.2728 57.2728 57.2728 99.75 100 99.75 100 100 100 100 100 100 57.2728 57.2728 57.2728 100 100 100 100 100 100 100 100 100 57.2728 57.2728 57.2728 57.2728 57.2728 57.2728 57.2728 
57.2728 57.2728 57.2728 57.2728 57.2728 57.2728 100 100 100 100 100 100 100 100 100 100 100 57.2728 100 100 100 99.75 99.75 100 99.75 99.75 100 100 100 57.2728 100 99.75 99.75 100 100 99.75 100 100 100 100 100 57.2728 100 100 100 100 100 100 100 100 100 100 100 57.2728 57.2728 57.2728 57.2728 57.2728 57.2728 
57.2728 57.2728 57.2728 57.2728 57.2728 100 100 100 100 100 100 100 100 100 100 100 100 100 100 100 100 100 99.75 100 99.75 99.75 100 100 100 100 100 100 100 100 100 100 99.75 100 100 100 100 100 100 100 100 100 100 100 100 100 100 100 100 100 57.2728 57.2728 57.2728 57.2728 57.2728 
57.2728 57.2728 57.2728 57.2728 57.2728 100 100 100 100 100 100 100 100 100 100 100 100 100 100 100 100 100 100 99.75 100 100 100 99.75 99.75 100 99.75 99.75 100 100 100 99.75 99.75 99.75 100 100 100 100 100 100 100 100 100 100 100 100 100 100 100 100 57.2728 57.2728 57.2728 57.2728 57.2728 
57.2728 57.2728 57.2728 57.2728 57.2728 100 100 100 100 100 100 100 100 100 100 100 100 100 100 100 100 100 99.75 100 100 100 100 100 100 100 100 99.75 100 100 99.75 100 99.75 99.75 100 100 100 100 100 100 100 100 100 100 100 100 100 100 100 100 57.2728 57.2728 57.2728 57.2728 57.2728 
57.2728 57.2728 57.2728 57.2728 100 100 100 100 100 100 100 100 100 100 100 100 100 100 100 99.75 100 100 99.75 100 100 100 100 100 100 100 100 99.75 100 100 100 99.75 99.75 100 100 100 100 100 100 100 100 100 100 100 100 100 100 100 100 100 100 57.2728 57.2728 57.2728 57.2728 
57.2728 57.2728 57.2728 57.2728 57.2728 100 100 100 100 100 100 100 100 100 100 100 100 100 100 100 99.75 100 100 99.75 99.75 99.75 100 100 100 100 100 100 99.75 99.75 100 100 100 100 100 99.75 100 100 100 100 100 100 100 100 100 100 100 100 100 100 57.2728 57.2728 57.2728 57.2728 57.2728 
57.2728 57.2728 57.2728 57.2728 57.2728 100 100 100 100 100 100 100 100 100 100 100 100 100 100 100 100 100 100 100 100 99.75 99.75 100 100 100 100 99.75 100 100 100 99.75 100 100 100 100 100 100 100 100 100 100 100 100 100 100 100 100 100 100 57.2728 57.2728 57.2728 57.2728 57.2728 
57.2728 57.2728 57.2728 57.2728 57.2728 100 100 100 100 100 100 100 100 100 100 100 100 100 99.75 100 100 100 100 99.75 99.75 100 100 99.75 100 100 100 100 100 99.75 99.75 100 99.75 100 100 100 99.75 100 100 100 100 100 100 100 100 100 100 100 100 100 57.2728 57.2728 57.2728 57.2728 57.2728 
57.2728 57.2728 57.2728 57.2728 57.2728 57.2728 100 100 100 100 100 100 100 100 100 100 100 57.2728 99.75 100 100 100 100 100 100 100 100 100 100 57.2728 100 100 99.75 100 99.75 100 100 100 99.75 100 100 57.2728 100 100 100 100 100 100 100 100 100 100 100 57.2728 57.2728 57.2728 57.2728 57.2728 57.2728 
57.2728 57.2728 57.2728 57.2728 57.2728 57.2728 57.2728 100 100 100 100 100 100 100 100 100 57.2728 57.2728 57.2728 100 99.75 100 100 100 99.75 100 100 100 57.2728 57.2728 57.2728 100 100 100 100 100 100 100 100 99.75 57.2728 57.2728 57.2728 100 100 100 100 100 100 100 100 100 57.2728 57.2728 57.2728 57.2728 57.2728 57.2728 57.2728 
57.2728 57.2728 57.2728 57.2728 57.2728 57.2728 57.2728 57.2728 100 100 100 100 100 100 100 57.2728 57.2728 57.2728 57.2728 57.2728 100 100 100 100 100 100 100 57.2728 57.2728 57.2728 57.2728 57.2728 100 100 100 100 100 100 100 57.2728 57.2728 57.2728 57.2728 57.2728 100 100 100 100 100 100 100 57.2728 57.2728 57.2728 57.2728 57.2728 57.2728 57.2728 57.2728 
57.2728 57.2728 57.2728 57.2728 57.2728 57.2728 57.2728 100 100 100 100 100 100 100 100 100 57.2728 57.2728 57.2728 100 100 100 100 100 99.75 100 100 100 57.2728 57.2728 57.2728 100 99.75 99.75 100 99.5006 99.75 100 100 100 57.2728 57.2728 57.2728 99.75 100 99.75 100 100 100 100 100 100 57.2728 57.2728 57.2728 57.2728 57.2728 57.2728 57.2728 
57.2728 57.2728 57.2728 57.2728 57.2728 57.2728 100 100 100 100 100 100 100 100 100 100 100 57.2728 100 100 100 100 100 99.75 100 100 100 100 100 57.2728 100 100 99.75 100 99.75 100 100 100 100 100 99.75 57.2728 100 99.75 99.75 100 99.75 99.75 100 99.75 99.75 100 100 57.2728 57.2728 57.2728 57.2728 57.2728 57.2728 
57.2728 57.2728 57.2728 57.2728 57.2728 100 100 100 100 100 100 100 100 100 100 100 100 100 100 100 100 100 100 100 100 100 100 100 100 99.75 100 100 99.75 100 100 100 100 99.75 99.75 99.75 99.75 100 100 100 100 100 100 100 99.75 100 99.75 99.75 100 100 57.2728 57.2728 57.2728 57.2728 57.2728 
57.2728 57.2728 57.2728 57.2728 57.2728 100 100 100 100 100 100 100 100 100 100 100 100 100 100 100 100 99.75 100 100 100 100 100 100 100 100 100 99.75 100 100 100 100 100 100 100 100 99.75 100 100 100 100 100 100 100 100 100 100 99.75 99.75 100 57.2728 57.2728 57.2728 57.2728 57.2728 
57.2728 57.2728 57.2728 57.2728 57.2728 100 100 100 100 100 100 100 100 100 100 100 100 100 100 99.75 99.5006 99.75 100 100 100 100 100 100 100 100 99.75 100 99.75 99.75 99.75 100 100 99.75 100 100 100 100 100 100 99.75 99.75 99.75 99.75 100 100 99.75 100 100 100 57.2728 57.2728 57.2728 57.2728 57.2728 
57.2728 57.2728 57.2728 57.2728 100 100 100 100 100 100 100 100 100 100 100 100 100 100 100 100 100 100 100 100 99.75 100 100 99.75 100 100 100 100 100 99.75 100 100 100 100 99.75 100 100 100 100 100 100 100 99.75 99.75 100 100 100 100 100 100 99.75 57.2728 57.2728 57.2728 57.2728 
57.2728 57.2728 57.2728 57.2728 57.2728 100 100 100 100 100 100 100 100 100 100 100 100 100 100 99.75 100 100 100 99.75 100 100 99.75 99.75 100 100 99.75 100 100 100 100 99.75 100 100 100 100 100 100 99.75 100 100 100 100 100 100 100 99.75 100 100 100 57.2728 57.2728 57.2728 57.2728 57.2728 
57.2728 57.2728 57.2728 57.2728 57.2728 100 100 100 100 100 100 100 100 100 100 100 100 100 99.75 100 100 100 100 100 100 100 100 100 100 99.75 100 99.75 99.75 100 100 100 100 100 100 99.75 99.75 100 100 100 100 99.75 100 100 100 99.75 99.75 100 100 100 57.2728 57.2728 57.2728 57.2728 57.2728 
57.2728 57.2728 57.2728 57.2728 57.2728 100 100 100 100 100 100 100 100 100 100 100 100 100 99.5006 99.75 100 99.75 100 100 100 100 100 100 100 100 100 100 100 100 99.75 100 100 100 100 100 99.5006 99.75 100 99.5006 99.75 100 99.75 100 99.75 99.75 99.75 99.75 100 100 57.2728 57.2728 57.2728 57.2728 57.2728 
57.2728 57.2728 57.2728 57.2728 57.2728 57.2728 100 100 100 100 100 100 100 100 100 100 100 57.2728 100 100 99.75 99.75 99.75 100 100 100 100 100 100 57.2728 100 100 100 100 100 99.75 100 100 100 100 100 57.2728 100 100 100 100 99.75 100 99.75 99.75 99.5006 99.75 99.75 57.2728 57.2728 57.2728 57.2728 57.2728 57.2728 
57.2728 57.2728 57.2728 57.2728 57.2728 57.2728 57.2728 100 100 100 100 100 100 100 100 100 57.2728 57.2728 57.2728 100 100 100 100 100 100 100 100 100 57.2728 57.2728 57.2728 100 100 100 99.75 100 100 100 100 100 57.2728 57.2728 57.2728 100 100 100 99.75 100 99.75 100 100 100 57.2728 57.2728 57.2728 57.2728 57.2728 57.2728 57.2728 
57.2728 57.2728 57.2728 57.2728 57.2728 57.2728 57.2728 57.2728 100 100 100 100 100 100 100 57.2728 57.2728 57.2728 57.2728 57.2728 100 100 100 100 100 100 100 57.2728 57.2728 57.2728 57.2728 57.2728 100 100 100 100 100 100 100 57.2728 57.2728 57.2728 57.2728 57.2728 100 100 100 100 100 100 100 57.2728 57.2728 57.2728 57.2728 57.2728 57.2728 57.2728 57.2728 
57.2728 57.2728 57.2728 57.2728 57.2728 57.2728 57.2728 100 99.75 100 100 100 100 100 100 99.75 57.2728 57.2728 57.2728 100 100 100 100 100 100 100 100 100 57.2728 57.2728 57.2728 100 100 100 100 100 100 100 100 100 57.2728 57.2728 57.2728 100 100 100 100 100 100 100 100 100 57.2728 57.2728 57.2728 57.2728 57.2728 57.2728 57.2728 
57.2728 57.2728 57.2728 57.2728 57.2728 57.2728 100 99.75 100 100 100 100 100 99.75 99.75 100 99.75 57.2728 100 100 100 100 100 100 100 100 100 100 100 57.2728 100 100 100 100 100 100 100 100 100 100 100 57.2728 100 100 100 100 100 100 100 100 100 100 100 57.2728 57.2728 57.2728 57.2728 57.2728 57.2728 
57.2728 57.2728 57.2728 57.2728 57.2728 99.75 100 100 100 100 100 99.75 99.75 99.75 100 100 100 100 100 100 100 100 100 100 100 100 100 100 100 100 100 100 100 100 100 100 100 100 100 100 100 100 100 100 100 100 100 100 100 100 100 100 100 100 57.2728 57.2728 57.2728 57.2728 57.2728 
57.2728 57.2728 57.2728 57.2728 57.2728 100 99.75 99.75 100 100 100 100 100 99.75 100 100 99.75 100 100 100 100 100 100 100 100 100 100 100 100 100 100 100 100 100 100 100 100 100 100 100 100 100 100 100 100 100 100 100 100 100 100 100 100 100 57.2728 57.2728 57.2728 57.2728 57.2728 
57.2728 57.2728 57.2728 57.2728 57.2728 100 100 99.75 99.75 100 100 99.75 100 99.5006 100 100 99.75 100 100 100 100 100 100 100 100 100 100 100 100 100 100 100 100 100 100 100 100 100 100 100 100 100 100 100 100 100 100 100 100 100 100 100 100 100 57.2728 57.2728 57.2728 57.2728 57.2728 
57.2728 57.2728 57.2728 57.2728 100 100 99.75 100 100 100 100 100 100 100 100 100 100 100 100 100 100 100 100 100 100 100 100 100 100 100 100 100 100 100 100 100 100 100 100 100 100 100 100 100 100 100 100 100 100 100 100 100 100 100 100 57.2728 57.2728 57.2728 57.2728 
57.2728 57.2728 57.2728 57.2728 57.2728 99.75 99.75 99.75 100 99.75 99.75 100 100 100 100 100 100 100 100 100 100 100 100 100 100 100 100 100 100 100 100 100 100 100 100 100 100 100 100 100 100 100 100 100 100 100 100 100 100 100 100 100 100 100 57.2728 57.2728 57.2728 57.2728 57.2728 
57.2728 57.2728 57.2728 57.2728 57.2728 100 99.75 100 100 99.75 100 99.75 99.75 100 100 100 100 100 100 100 100 100 100 100 100 100 100 100 100 100 100 100 100 100 100 100 100 100 100 100 100 100 100 100 100 100 100 100 100 100 100 100 100 100 57.2728 57.2728 57.2728 57.2728 57.2728 
57.2728 57.2728 57.2728 57.2728 57.2728 100 100 99.75 99.75 99.75 100 100 100 100 100 100 99.75 100 100 100 100 100 100 100 100 100 100 100 100 100 100 100 100 100 100 100 100 100 100 100 100 100 100 100 100 100 100 100 100 100 100 100 100 100 57.2728 57.2728 57.2728 57.2728 57.2728 
57.2728 57.2728 57.2728 57.2728 57.2728 57.2728 100 99.75 99.75 100 100 100 100 100 100 100 100 57.2728 100 100 100 100 100 100 100 100 100 100 100 57.2728 100 100 100 100 100 100 100 100 100 100 100 57.2728 100 100 100 100 100 100 100 100 100 100 100 57.2728 57.2728 57.2728 57.2728 57.2728 57.2728 
57.2728 57.2728 57.2728 57.2728 57.2728 57.2728 57.2728 100 99.75 99.75 100 99.75 100 100 100 100 57.2728 57.2728 57.2728 100 100 100 100 100 100 100 100 100 57.2728 57.2728 57.2728 100 100 100 100 100 100 100 100 100 57.2728 57.2728 57.2728 100 100 100 100 100 100 100 100 100 57.2728 57.2728 57.2728 57.2728 57.2728 57.2728 57.2728 
57.2728 57.2728 57.2728 57.2728 57.2728 57.2728 57.2728 57.2728 100 100 100 100 100 100 100 57.2728 57.2728 57.2728 57.2728 57.2728 100 100 100 100 100 100 100 57.2728 57.2728 57.2728 57.2728 57.2728 100 100 100 100 100 100 100 57.2728 57.2728 57.2728 57.2728 57.2728 100 100 100 100 100 100 100 57.2728 57.2728 57.2728 57.2728 57.2728 57.2728 57.2728 57.2728 
57.2728 57.2728 57.2728 57.2728 57.2728 57.2728 57.2728 99.75 99.75 99.75 100 99.75 100 100 100 100 57.2728 57.2728 57.2728 100 100 100 99.75 100 100 100 100 100 57.2728 57.2728 57.2728 100 100 100 100 100 100 100 100 100 57.2728 57.2728 57.2728 100 99.75 100 100 100 100 99.75 100 100 57.2728 57.2728 57.2728 57.2728 57.2728 57.2728 57.2728 
57.2728 57.2728 57.2728 57.2728 57.2728 57.2728 99.75 100 100 100 100 99.75 99.75 99.75 100 100 100 57.2728 100 100 100 100 100 100 100 100 99.75 99.75 100 57.2728 100 100 100 100 100 100 100 100 100 100 100 57.2728 100 100 100 100 100 100 100 99.75 100 100 100 57.2728 57.2728 57.2728 57.2728 57.2728 57.2728 
57.2728 57.2728 57.2728 57.2728 57.2728 100 100 99.75 99.75 100 100 100 100 100 100 100 99.75 100 100 100 100 100 99.75 99.75 100 100 100 100 100 100 100 100 100 100 100 100 100 100 100 100 100 100 100 100 100 99.75 100 100 100 99.75 100 100 100 100 57.2728 57.2728 57.2728 57.2728 57.2728 
57.2728 57.2728 57.2728 57.2728 57.2728 100 100 100 100 100 100 100 100 100 100 99.75 100 100 100 100 99.75 100 100 100 100 100 100 100 100 100 100 100 100 100 100 100 100 100 100 100 100 100 100 100 100 100 100 100 99.75 100 100 100 100 100 57.2728 57.2728 57.2728 57.2728 57.2728 
57.2728 57.2728 57.2728 57.2728 57.2728 100 99.75 99.75 100 99.75 99.75 100 100 100 100 99.75 100 100 100 100 100 100 100 100 100 100 99.75 99.75 99.75 100 100 100 100 100 100 100 100 100 100 100 100 100 100 100 100 99.75 100 100 99.75 100 100 100 100 99.75 57.2728 57.2728 57.2728 57.2728 57.2728 
57.2728 57.2728 57.2728 57.2728 100 99.75 99.75 100 100 99.75 100 100 99.75 99.75 100 100 100 100 100 100 100 99.75 100 100 100 99.75 99.75 99.75 100 100 100 100 100 100 100 100 100 100 100 100 100 100 100 99.75 99.75 100 100 99.75 100 100 99.75 100 99.75 99.75 99.75 57.2728 57.2728 57.2728 57.2728 
57.2728 57.2728 57.2728 57.2728 57.2728 100 100 100 100 100 100 99.75 100 100 100 100 99.75 100 100 100 100 99.75 100 100 100 100 100 100 100 100 100 100 100 100 100 100 100 100 100 100 100 100 100 100 99.75 100 100 100 99.75 100 100 100 99.5006 99.75 57.2728 57.2728 57.2728 57.2728 57.2728 
57.2728 57.2728 57.2728 57.2728 57.2728 100 100 100 100 100 99.75 100 99.75 100 100 100 100 100 99.75 99.75 99.75 100 99.75 99.75 100 100 99.75 100 100 100 100 100 100 100 100 100 100 100 100 100 100 100 100 100 99.75 100 100 100 100 100 100 99.75 99.75 99.75 57.2728 57.2728 57.2728 57.2728 57.2728 
57.2728 57.2728 57.2728 57.2728 57.2728 100 100 100 100 100 100 99.75 100 99.75 99.75 99.75 100 100 100 100 99.75 99.75 99.75 100 100 100 100 99.75 100 100 100 100 100 100 100 100 100 100 100 100 100 100 100 99.75 100 100 100 100 100 100 100 99.75 100 99.75 57.2728 57.2728 57.2728 57.2728 57.2728 
57.2728 57.2728 57.2728 57.2728 57.2728 57.2728 100 99.75 100 100 99.75 100 99.75 99.75 100 99.75 99.75 57.2728 100 100 99.75 100 99.75 100 100 100 100 100 100 57.2728 100 100 100 100 100 100 100 100 100 100 100 57.2728 99.75 100 100 100 100 100 100 100 99.75 100 100 57.2728 57.2728 57.2728 57.2728 57.2728 57.2728 
57.2728 57.2728 57.2728 57.2728 57.2728 57.2728 57.2728 99.75 100 99.75 100 99.75 99.75 99.75 100 100 57.2728 57.2728 57.2728 100 100 99.75 100 100 100 100 100 100 57.2728 57.2728 57.2728 100 100 100 100 100 100 100 100 100 57.2728 57.2728 57.2728 99.75 99.75 99.75 100 100 100 100 100 100 57.2728 57.2728 57.2728 57.2728 57.2728 57.2728 57.2728 
57.2728 57.2728 57.2728 57.2728 57.2728 57.2728 57.2728 57.2728 100 100 99.75 99.75 100 100 100 57.2728 57.2728 57.2728 57.2728 57.2728 100 100 100 100 100 100 100 57.2728 57.2728 57.2728 57.2728 57.2728 100 100 100 100 100 100 100 57.2728 57.2728 57.2728 57.2728 57.2728 99.75 99.75 100 100 100 100 100 57.2728 57.2728 57.2728 57.2728 57.2728 57.2728 57.2728 57.2728 
57.2728 57.2728 57.2728 57.2728 57.2728 57.2728 57.2728 57.2728 57.2728 57.2728 57.2728 100 57.2728 57.2728 57.2728 57.2728 57.2728 57.2728 57.2728 57.2728 57.2728 57.2728 57.2728 100 57.2728 57.2728 57.2728 57.2728 57.2728 57.2728 57.2728 57.2728 57.2728 57.2728 57.2728 100 57.2728 57.2728 57.2728 57.2728 57.2728 57.2728 57.2728 57.2728 57.2728 57.2728 57.2728 100 57.2728 57.2728 57.2728 57.2728 57.2728 57.2728 57.2728 57.2728 57.2728 57.2728 57.2728 
57.2728 57.2728 57.2728 57.2728 57.2728 57.2728 57.2728 57.2728 57.2728 57.2728 57.2728 57.2728 57.2728 57.2728 57.2728 57.2728 57.2728 57.2728 57.2728 57.2728 57.2728 57.2728 57.2728 57.2728 57.2728 57.2728 57.2728 57.2728 57.2728 57.2728 57.2728 57.2728 57.2728 57.2728 57.2728 57.2728 57.2728 57.2728 57.2728 57.2728 57.2728 57.2728 57.2728 57.2728 57.2728 57.2728 57.2728 57.2728 57.2728 57.2728 57.2728 57.2728 57.2728 57.2728 57.2728 57.2728 57.2728 57.2728 57.2728 
57.2728 57.2728 57.2728 57.2728 57.2728 57.2728 57.2728 57.2728 57.2728 57.2728 57.2728 57.2728 57.2728 57.2728 57.2728 57.2728 57.2728 57.2728 57.2728 57.2728 57.2728 57.2728 57.2728 57.2728 57.2728 57.2728 57.2728 57.2728 57.2728 57.2728 57.2728 57.2728 57.2728 57.2728 57.2728 57.2728 57.2728 57.2728 57.2728 57.2728 57.2728 57.2728 57.2728 57.2728 57.2728 57.2728 57.2728 57.2728 57.2728 57.2728 57.2728 57.2728 57.2728 57.2728 57.2728 57.2728 57.2728 57.2728 57.2728 
57.2728 57.2728 57.2728 57.2728 57.2728 57.2728 57.2728 57.2728 57.2728 57.2728 57.2728 57.2728 57.2728 57.2728 57.2728 57.2728 57.2728 57.2728 57.2728 57.2728 57.2728 57.2728 57.2728 57.2728 57.2728 57.2728 57.2728 57.2728 57.2728 57.2728 57.2728 57.2728 57.2728 57.2728 57.2728 57.2728 57.2728 57.2728 57.2728 57.2728 57.2728 57.2728 57.2728 57.2728 57.2728 57.2728 57.2728 57.2728 57.2728 57.2728 57.2728 57.2728 57.2728 57.2728 57.2728 57.2728 57.2728 57.2728 57.2728 
57.2728 57.2728 57.2728 57.2728 57.2728 57.2728 57.2728 57.2728 57.2728 57.2728 57.2728 57.2728 57.2728 57.2728 57.2728 57.2728 57.2728 57.2728 57.2728 57.2728 57.2728 57.2728 57.2728 57.2728 57.2728 57.2728 57.2728 57.2728 57.2728 57.2728 57.2728 57.2728 57.2728 57.2728 57.2728 57.2728 57.2728 57.2728 57.2728 57.2728 57.2728 57.2728 57.2728 57.2728 57.2728 57.2728 57.2728 57.2728 57.2728 57.2728 57.2728 57.2728 57.2728 57.2728 57.2728 57.2728 57.2728 57.2728 57.2728 
