447 447 214 0 447 447 447 447 447 447 447 511 511 511 511 511 511 0 0 511 511 511 511 511 511 511 511 511 511 511 511 511 511 511 511 511 511 511 149 511 0 511 511 511 511 511 511 511 137 511 0 0 0 511 447 447 511 511 447 
447 214 0 447 14 447 447 447 447 0 511 511 511 511 511 511 511 0 511 511 511 0 511 0 511 0 511 511 511 511 0 129 129 511 511 10 129 194 511 2 511 0 511 0 511 2 0 0 511 0 511 511 511 223 511 447 447 511 0 
447 0 447 447 447 447 447 447 447 447 511 511 511 511 511 0 511 511 511 0 511 511 511 511 0 129 511 0 511 511 511 0 0 511 511 0 0 0 511 10 0 511 511 511 511 511 511 511 148 511 511 0 511 511 511 447 447 511 511 
447 447 447 447 447 447 447 447 447 137 511 130 0 511 511 511 511 511 511 137 130 511 511 511 511 511 511 511 511 511 511 511 511 130 511 511 511 385 511 511 511 511 511 511 511 511 491 137 511 511 511 511 511 511 511 511 447 447 447 
447 447 447 447 447 447 447 447 0 447 0 447 447 447 0 511 511 511 511 511 511 511 511 511 511 511 511 511 511 511 511 511 511 511 137 511 0 511 511 511 511 511 511 511 137 511 0 511 511 511 193 193 0 511 511 447 447 447 447 
447 447 447 447 447 447 447 447 447 447 447 0 447 0 447 511 511 128 137 511 511 511 511 0 511 511 511 0 511 137 511 511 511 511 511 0 511 137 511 511 511 511 511 0 511 511 511 511 511 511 511 511 511 511 511 511 447 447 0 
447 447 447 447 447 447 447 447 0 447 447 511 447 447 0 195 511 0 157 128 511 511 511 511 511 0 137 511 0 511 0 511 511 511 511 511 139 0 511 511 0 511 136 0 511 511 511 511 0 511 511 10 511 511 511 511 0 511 511 
0 447 447 447 447 128 447 447 511 447 0 447 511 511 511 511 195 0 511 511 0 511 511 511 129 129 511 511 137 511 195 511 511 511 511 0 128 0 511 511 0 511 511 511 75 0 0 0 0 511 10 511 511 0 511 511 511 511 128 
447 447 447 0 447 447 447 0 447 511 0 511 511 511 203 511 0 511 511 511 511 511 511 511 511 511 0 511 511 511 511 511 511 511 511 511 511 511 0 511 511 511 511 0 511 511 511 511 0 511 511 511 511 511 511 511 511 511 511 
447 0 0 447 447 0 447 447 511 511 511 511 511 0 129 203 203 511 511 511 137 0 511 195 511 511 511 511 511 511 445 511 0 511 511 511 511 137 138 511 511 511 0 0 511 511 511 511 0 511 0 511 511 144 511 511 511 511 511 
447 447 164 447 0 0 511 202 0 511 0 511 511 511 0 511 511 511 511 140 0 511 0 511 511 511 0 511 511 511 511 511 511 511 511 511 511 511 511 511 511 511 511 139 511 511 511 511 511 511 511 0 144 511 511 511 511 511 0 
447 511 447 511 130 447 511 447 511 511 511 511 137 511 0 511 511 511 511 453 0 0 0 0 169 511 511 511 511 223 511 511 511 511 511 511 511 511 0 193 511 511 511 511 511 511 511 511 511 511 511 511 0 139 0 511 511 0 511 
447 511 511 511 511 0 447 447 447 511 0 511 511 0 511 511 511 511 511 511 0 511 511 223 0 0 511 511 223 511 511 0 511 511 453 511 511 511 129 511 511 511 511 0 511 511 0 511 511 511 511 511 511 511 0 511 511 511 511 
511 511 511 511 511 0 447 447 447 511 137 511 511 0 511 511 511 0 511 511 511 511 0 0 511 511 0 511 203 511 511 511 511 511 0 0 511 511 511 134 511 511 0 511 511 128 511 137 511 511 0 511 511 511 137 511 511 511 511 
511 511 447 0 0 511 447 511 137 194 511 511 511 137 511 137 511 511 0 129 511 511 511 511 194 0 511 511 0 511 511 511 511 511 511 511 511 511 511 511 511 511 511 0 511 511 511 511 511 511 511 511 511 511 0 511 0 511 0 
511 511 511 447 0 511 511 511 511 511 128 511 511 511 511 511 511 511 511 511 511 511 511 511 0 511 511 511 203 511 511 511 511 511 511 511 186 511 511 511 511 511 511 511 2 0 511 511 511 511 157 511 511 0 511 511 511 511 511 
511 511 511 511 0 511 511 511 511 511 511 511 511 511 511 0 511 511 511 511 511 0 511 511 511 0 511 0 511 511 511 511 511 511 511 511 0 511 511 511 137 511 511 511 128 0 2 0 0 0 511 511 511 0 511 511 511 511 0 
0 511 511 511 511 203 511 136 511 511 0 203 511 511 511 0 511 0 511 511 511 511 511 0 511 0 511 511 511 511 511 511 511 511 0 511 0 0 511 511 511 511 0 511 511 511 511 511 129 511 0 511 511 511 511 511 0 511 511 
511 511 511 511 511 511 511 511 511 511 203 511 511 511 128 0 511 511 511 511 511 511 511 511 511 511 511 193 511 511 511 511 511 511 511 511 0 511 511 0 511 193 511 511 129 511 511 511 0 511 511 511 511 511 511 0 511 511 511 
511 511 511 511 200 511 511 511 511 0 511 511 0 511 511 511 511 511 511 511 129 0 0 157 511 511 511 0 511 511 511 0 203 511 511 511 0 511 511 511 511 128 511 511 511 129 511 203 511 511 511 511 511 511 137 0 511 511 137 
511 0 511 2 0 0 511 511 511 511 511 0 511 511 511 511 223 0 511 186 511 511 511 511 511 0 511 511 0 511 129 511 0 511 511 511 511 0 511 511 511 137 511 511 511 511 0 511 511 511 511 130 0 511 137 0 511 511 0 
511 0 511 511 511 511 511 511 0 511 129 511 0 128 511 511 511 0 0 511 511 511 511 511 511 511 511 511 0 0 511 129 511 0 511 137 192 129 511 511 203 511 223 128 511 511 511 511 511 511 511 203 0 511 511 8 511 129 196 
511 192 129 511 129 511 0 511 511 511 511 511 511 0 511 195 511 511 511 201 511 511 511 511 511 511 511 511 511 511 0 511 511 0 511 0 511 511 0 511 0 511 169 0 0 511 139 511 511 511 10 511 511 511 511 511 511 511 511 
511 511 511 0 136 511 511 511 511 511 511 129 511 511 511 511 511 511 511 511 511 0 128 203 511 511 511 511 511 511 0 511 511 511 511 0 0 511 511 511 511 511 511 193 193 511 511 511 511 511 511 511 0 511 511 0 511 511 511 
511 0 511 137 511 511 511 129 511 511 511 0 511 511 511 511 511 511 511 0 511 511 0 0 129 511 511 0 0 511 511 511 0 511 511 511 511 453 511 0 511 0 511 511 0 511 511 511 195 511 511 511 511 511 0 511 129 511 0 
511 0 0 511 511 511 511 511 511 511 223 511 128 511 511 511 511 511 511 511 137 196 511 511 511 0 511 511 511 511 511 511 511 511 511 511 511 511 453 511 511 511 511 511 511 511 511 0 511 511 129 511 0 0 0 511 0 157 511 
453 511 511 511 511 511 511 0 511 511 511 128 511 511 511 511 511 511 511 511 511 511 511 0 511 0 192 511 511 0 511 0 511 511 511 0 511 511 511 511 511 511 511 511 511 511 0 511 511 511 511 0 511 0 511 511 192 511 511 
0 511 511 511 511 511 511 511 511 511 511 137 511 511 511 511 511 511 0 511 511 511 511 0 129 0 511 511 0 511 511 511 511 0 511 511 511 0 511 511 511 511 511 203 511 511 129 128 511 511 511 511 511 137 511 511 0 0 511 
511 511 511 192 511 511 169 511 511 137 511 511 0 511 511 511 0 511 511 511 511 511 511 511 511 511 511 511 511 511 511 511 511 511 511 0 0 511 511 0 511 511 511 511 511 511 192 192 511 0 511 511 511 511 511 511 511 511 192 
511 511 0 511 0 511 511 202 511 511 511 511 511 511 511 511 511 0 511 511 511 511 511 511 511 0 511 511 511 511 511 511 511 511 129 0 129 0 511 511 511 511 0 511 511 511 511 511 511 511 511 511 511 511 511 511 511 511 511 
511 511 20 511 453 511 511 511 511 511 511 511 511 511 0 511 511 511 511 511 511 511 511 511 511 511 511 511 511 0 511 136 136 511 0 0 511 511 511 511 511 511 511 511 511 511 511 511 0 511 128 0 511 511 511 511 511 137 0 
0 511 511 0 511 129 0 511 511 0 511 511 511 201 511 511 0 511 0 511 511 511 511 511 511 511 511 0 511 511 511 511 511 511 511 511 511 2 511 511 511 0 511 511 0 511 511 511 0 511 511 511 0 511 511 511 511 511 511 
511 511 511 511 0 511 511 511 511 511 511 511 129 511 511 511 511 453 511 0 511 511 511 511 0 453 511 0 511 511 511 511 511 511 129 511 511 511 0 511 511 511 511 0 511 137 511 511 511 511 511 511 511 511 511 511 511 0 511 
511 511 511 137 511 0 511 511 0 0 223 453 511 511 0 511 511 511 511 511 0 0 0 511 511 511 511 511 511 511 511 0 511 511 511 129 511 511 511 0 511 511 511 511 511 511 511 511 129 511 511 137 511 511 511 203 511 511 511 
511 0 511 0 511 511 511 511 511 511 511 511 511 511 511 0 511 511 511 511 511 193 0 0 511 511 511 195 511 511 128 511 511 511 511 511 511 511 511 169 137 511 511 511 511 511 511 511 511 511 511 0 0 511 511 193 157 511 0 
511 511 0 0 137 511 2 511 511 511 511 511 0 129 511 0 511 511 129 453 511 511 511 511 511 511 511 511 511 137 511 129 511 511 137 0 511 511 0 511 511 511 0 511 511 511 0 511 511 0 511 203 511 511 511 511 511 511 0 
511 511 511 511 511 511 0 511 511 511 511 511 511 511 0 511 195 511 453 511 511 0 511 511 195 511 511 511 511 511 511 511 511 511 511 0 511 511 0 0 0 0 137 140 511 511 511 511 511 511 0 511 511 511 129 0 0 0 511 
511 389 511 511 137 511 511 137 511 511 511 10 0 511 0 195 511 0 511 511 0 511 511 511 511 137 203 137 511 511 511 511 511 8 511 128 511 511 0 511 511 511 511 201 511 511 511 0 0 511 511 511 511 511 511 511 511 511 511 
0 511 511 511 511 511 511 511 511 129 10 511 511 511 511 511 511 511 0 511 511 511 511 511 511 137 511 511 511 511 511 511 0 511 0 511 511 511 214 128 511 511 511 511 137 511 511 511 0 511 511 511 511 511 0 511 511 129 138 
511 511 511 511 511 0 511 511 203 137 511 511 511 511 511 137 511 511 511 511 511 511 511 511 511 511 511 511 511 186 511 511 511 0 453 511 511 0 511 511 511 0 511 0 511 0 511 511 214 511 511 511 511 511 511 511 0 511 0 
511 511 511 511 511 192 511 511 511 0 511 511 511 511 511 511 511 511 0 511 0 511 511 511 511 511 511 0 511 0 453 511 511 511 511 511 511 511 511 511 511 511 511 511 133 128 511 511 511 0 511 511 511 511 511 511 511 511 0 
511 511 511 511 511 511 511 511 511 511 511 511 511 511 511 2 511 511 192 0 511 511 511 511 511 0 511 511 511 511 511 453 511 511 511 0 0 511 511 511 511 511 511 128 511 511 511 511 511 511 511 511 511 511 0 0 511 511 511 
511 511 0 128 511 511 511 511 511 137 223 511 511 511 203 511 511 0 511 197 0 511 511 511 511 511 511 511 511 511 511 511 136 511 511 511 511 511 511 511 511 511 511 511 511 511 511 511 511 511 511 511 0 511 511 137 511 511 511 
511 2 511 511 511 511 0 511 511 511 511 192 511 136 511 193 511 193 0 511 0 0 137 129 511 511 511 511 511 511 511 0 0 511 511 0 0 511 511 511 0 511 511 511 511 511 511 0 128 511 511 193 0 203 511 129 511 511 511 
511 511 0 0 137 511 511 511 511 511 0 511 511 0 511 511 203 511 0 511 511 129 511 0 511 511 511 0 511 128 511 511 0 511 511 511 511 511 0 0 511 511 511 223 0 0 511 511 511 511 511 511 511 511 0 0 511 511 511 
511 511 511 0 129 511 511 511 137 511 511 453 0 192 511 511 511 203 2 511 511 511 0 511 511 511 511 511 511 195 511 0 511 511 511 511 511 511 511 511 511 511 511 223 511 511 0 511 511 511 511 2 0 511 511 0 511 66 511 
511 0 511 511 511 511 511 137 511 511 511 511 0 511 453 511 0 511 511 511 511 511 0 203 511 129 511 511 128 129 214 511 511 511 511 511 511 511 0 511 0 511 511 0 511 511 511 511 511 511 0 511 511 511 511 511 511 511 511 
511 511 511 511 511 0 511 0 511 511 511 511 511 511 511 453 453 511 0 511 0 0 0 511 511 146 223 511 0 511 0 511 511 203 511 511 511 453 511 511 511 511 511 511 511 223 511 511 511 0 214 511 511 511 511 0 137 511 511 
511 511 511 511 511 128 511 203 511 511 0 511 511 511 511 511 0 511 511 511 511 511 0 511 511 0 223 511 511 511 0 511 511 511 511 511 511 511 511 511 511 478 511 511 511 511 511 511 511 511 511 511 511 511 203 511 511 511 511 
0 511 194 0 136 511 511 2 511 193 511 511 0 511 511 511 511 511 511 511 511 128 128 511 137 511 511 511 511 511 511 511 511 511 511 511 511 511 511 511 511 511 0 511 0 0 511 0 129 511 511 0 511 511 511 511 511 511 511 
511 511 511 0 0 0 511 511 511 511 0 511 511 0 511 511 511 511 0 511 511 511 511 0 511 511 511 511 0 511 511 511 511 511 511 511 511 511 511 511 0 511 0 511 511 511 203 511 511 511 0 511 511 511 511 511 511 511 0 
511 147 511 511 511 0 223 511 511 0 203 511 511 511 511 511 511 0 192 511 0 511 511 511 511 0 223 0 511 0 511 511 511 192 511 453 511 511 511 511 128 511 511 10 511 511 511 511 511 511 511 511 511 193 511 0 214 511 0 
511 511 511 0 511 511 0 511 511 511 129 157 511 128 129 511 511 511 511 511 0 0 511 511 0 511 511 511 511 511 0 0 223 0 453 511 511 511 511 511 511 511 511 511 511 511 511 511 0 511 511 511 0 137 511 511 511 511 223 
511 511 511 137 0 511 511 0 511 511 129 0 511 193 0 511 511 511 511 453 511 129 511 511 511 511 511 129 0 511 203 511 511 511 511 137 511 511 511 511 511 223 511 511 511 511 0 511 511 511 511 511 511 511 511 0 511 511 511 
511 511 511 0 511 0 0 511 0 8 0 511 511 511 511 511 511 511 511 203 511 511 511 511 511 511 511 511 511 511 511 511 511 511 511 511 511 511 511 193 511 511 0 0 511 511 511 511 0 0 0 511 511 511 511 0 511 511 0 
0 137 511 511 511 511 0 511 137 136 511 511 511 0 0 511 511 511 511 511 511 511 511 0 511 203 511 511 511 511 511 511 0 511 511 195 511 511 511 511 0 192 511 511 511 0 511 511 0 157 511 511 137 511 511 511 511 511 129 
453 214 511 511 194 0 128 0 511 511 511 511 511 0 511 511 511 0 0 511 511 0 511 511 511 511 137 0 0 0 511 511 511 511 511 511 511 511 511 511 0 0 511 511 511 0 511 511 0 511 511 511 511 511 511 144 0 511 511 
453 511 511 194 511 132 0 511 203 511 511 511 128 511 511 0 203 511 0 511 511 169 511 0 511 511 255 511 511 511 511 0 0 0 511 0 0 511 385 511 203 511 134 0 511 511 511 130 137 511 511 511 511 511 511 511 511 511 453 
69 511 0 511 511 136 128 511 0 511 511 511 511 129 0 0 511 511 511 511 511 511 511 511 511 0 511 511 511 0 192 511 511 203 129 511 136 511 511 0 203 0 511 511 511 137 511 511 511 511 511 0 0 0 511 511 511 453 453 
