71 71 0 7 7 7 71 0 0 71 71 7 7 71 71 0 7 0 5 5 71 7 7 7 7 71 71 71 71 71 71 0 71 71 71 36 71 71 71 4 71 71 71 0 71 3 3 7 0 0 65 4 4 69 65 65 65 65 7 
71 71 71 0 70 71 7 71 36 71 0 1 7 71 71 7 0 7 71 71 5 7 7 7 71 7 7 71 36 71 7 71 71 71 71 71 71 71 71 0 71 0 71 70 0 71 3 67 0 0 71 65 0 65 69 69 0 65 65 
71 71 71 7 71 71 71 71 71 71 67 67 71 71 7 71 71 71 7 71 71 71 0 2 7 7 71 0 71 71 71 71 0 71 71 71 0 71 71 71 71 70 71 71 71 71 0 71 71 71 36 65 69 69 69 7 7 7 7 
0 71 7 71 7 0 71 0 71 71 71 71 7 0 71 7 7 7 71 3 7 7 71 6 7 71 71 71 71 71 71 71 71 71 71 71 71 69 71 71 71 70 70 71 71 71 5 67 71 7 7 7 69 7 7 7 7 4 7 
71 71 71 7 71 71 71 71 71 71 69 7 71 7 71 7 69 69 71 71 71 71 71 71 71 5 224 71 71 71 71 71 0 0 71 71 71 69 71 71 71 0 71 71 71 71 67 71 0 7 7 7 7 0 7 7 69 69 7 
71 70 36 71 71 71 71 71 71 69 71 7 7 7 0 71 71 71 71 71 71 5 69 0 71 7 71 71 71 0 71 7 71 7 71 71 71 71 71 71 71 71 71 71 71 36 36 3 0 0 7 7 7 7 7 0 7 69 7 
71 71 36 65 0 71 71 71 71 71 71 71 0 71 71 7 71 71 71 71 71 71 71 71 7 70 7 70 7 71 7 7 7 6 0 71 71 71 71 71 71 71 0 71 66 66 71 3 3 7 70 7 3 7 69 7 69 0 68 
71 71 71 71 71 71 69 71 71 7 7 71 71 71 71 7 71 71 71 71 71 71 71 71 0 7 68 7 71 71 7 7 7 6 71 71 7 7 7 71 71 71 71 71 71 0 71 3 0 70 70 65 7 7 7 68 4 69 68 
71 71 71 71 71 71 71 71 69 71 71 71 71 71 0 71 71 71 71 0 65 71 71 0 71 7 68 7 71 7 7 7 7 7 71 7 71 7 71 69 71 71 0 71 71 69 69 3 7 7 65 65 65 7 69 69 69 4 68 
0 71 0 71 0 71 71 0 71 70 70 71 71 71 7 71 71 71 0 71 71 65 71 0 36 36 36 7 7 7 68 7 7 71 98 71 7 6 71 71 5 7 71 0 71 71 4 3 3 7 65 65 69 7 36 69 0 69 69 
71 0 71 67 71 71 71 71 71 71 71 71 71 71 7 71 71 71 71 71 71 0 71 71 71 67 6 71 71 65 7 7 7 68 0 7 7 69 0 71 71 7 7 68 68 3 3 3 68 68 7 71 0 7 69 69 69 69 96 
71 71 71 71 71 71 71 71 71 71 71 71 36 71 71 4 6 71 71 36 71 71 0 0 71 67 71 0 69 69 71 71 71 6 7 7 7 7 7 0 67 7 71 7 0 71 70 71 68 68 71 4 71 69 71 71 69 96 0 
71 71 71 0 71 0 71 71 71 7 7 71 71 36 0 68 71 71 6 6 71 71 71 71 67 71 71 71 71 71 71 71 71 0 0 67 67 7 7 68 7 67 71 71 71 71 71 67 67 0 71 71 67 71 71 71 0 69 69 
4 0 69 69 70 71 71 71 71 7 7 66 71 7 4 7 7 71 71 71 71 71 71 71 71 71 71 71 71 0 71 71 71 71 68 71 71 0 0 67 67 7 71 71 71 71 67 67 36 71 71 0 71 71 71 71 69 69 2 
0 4 71 71 71 71 71 71 71 7 0 0 3 70 0 7 36 7 71 71 71 71 71 71 0 71 71 71 71 71 0 71 71 0 71 71 71 67 71 67 36 71 71 71 71 71 71 71 71 71 71 71 71 71 71 71 71 69 2 
71 71 71 71 98 71 70 71 6 71 71 3 71 70 71 0 71 71 71 71 0 71 71 71 71 71 71 36 71 71 71 71 71 71 71 69 67 67 71 0 36 3 71 71 71 71 71 69 71 71 71 71 71 71 71 71 71 71 4 
71 71 0 0 98 71 71 71 71 6 71 3 0 0 71 71 71 71 71 71 71 71 71 71 71 71 71 71 36 71 71 71 0 67 67 67 67 67 68 71 3 228 228 71 71 71 71 71 71 71 0 71 71 71 71 71 0 4 71 
71 71 71 98 71 0 71 36 0 71 71 71 71 71 71 32 71 71 71 71 0 71 71 0 71 71 71 71 71 71 71 71 71 71 67 4 71 71 71 71 0 71 71 71 71 0 71 71 71 71 71 4 0 71 71 224 71 71 71 
71 71 71 71 98 71 71 0 71 4 71 71 71 71 71 71 32 71 71 71 71 71 70 71 71 7 71 71 71 71 71 71 71 0 67 67 71 71 71 71 71 71 71 71 71 71 71 0 71 71 71 71 0 71 71 71 0 7 71 
71 71 71 71 71 71 71 71 0 4 71 36 71 71 71 71 4 71 71 71 71 71 71 71 71 3 0 68 68 71 71 0 71 71 71 67 71 67 67 71 67 67 67 71 71 71 71 71 71 71 71 0 71 71 71 71 7 7 7 
0 71 71 69 7 7 0 71 71 71 71 0 71 71 71 71 71 71 71 70 71 71 71 71 71 0 3 0 71 0 71 71 0 71 71 71 67 71 67 67 67 67 66 71 71 0 71 71 71 71 71 71 0 71 71 7 71 7 0 
3 71 71 69 69 7 0 71 71 71 71 71 71 71 71 71 0 71 0 71 71 71 71 71 71 71 71 71 0 71 71 71 71 71 71 71 71 67 0 67 67 71 66 71 71 71 71 71 71 71 71 71 71 71 71 71 34 71 0 
71 71 71 71 71 71 71 71 71 71 71 0 71 71 71 71 71 69 71 71 71 71 0 71 71 71 71 67 71 71 68 71 71 71 67 0 71 71 67 67 0 71 67 71 71 71 6 71 71 0 71 71 71 0 7 71 71 34 71 
71 71 71 71 71 71 71 71 7 0 71 71 71 71 69 71 0 71 71 71 69 71 0 71 71 71 71 71 2 71 67 67 67 71 71 71 198 198 67 67 1 71 71 198 71 198 71 6 71 71 71 71 69 7 71 71 71 69 69 
71 71 71 71 71 71 71 69 71 0 71 0 71 71 71 71 71 71 71 0 71 71 71 71 71 71 69 67 67 71 71 71 71 71 71 71 71 198 67 71 71 198 198 198 198 0 67 0 71 71 7 5 7 71 71 71 71 71 69 
71 70 71 71 71 71 71 0 71 71 71 7 71 71 71 0 71 71 0 71 71 6 71 0 0 71 71 71 71 0 71 69 69 71 71 71 198 198 71 198 71 198 198 198 198 198 198 198 198 71 67 7 7 7 7 67 66 7 69 
71 71 71 71 70 71 71 71 0 71 7 7 71 0 71 71 71 71 71 71 71 6 71 71 71 69 0 0 198 71 198 71 71 71 0 71 198 198 0 0 71 0 0 198 0 198 198 198 0 71 71 7 7 7 0 0 67 71 71 
71 71 4 71 71 66 71 71 71 71 71 71 71 71 71 71 71 71 71 71 71 71 71 71 71 71 71 0 0 71 0 71 65 198 198 198 198 198 71 0 4 198 198 0 198 198 198 198 198 0 71 0 4 7 198 71 69 71 71 
71 4 0 71 71 71 71 71 71 71 6 69 71 71 0 71 71 71 71 71 71 244 198 0 244 244 71 0 198 71 198 65 198 198 198 198 0 198 71 71 198 198 198 198 198 198 0 38 198 196 194 71 198 198 71 71 71 71 4 
71 70 69 71 71 71 0 69 0 0 0 71 71 71 0 71 71 71 71 71 71 0 244 198 244 244 198 70 198 198 198 198 198 198 0 198 224 198 198 198 198 198 0 198 198 198 198 198 196 71 198 194 198 198 198 69 71 71 71 
71 71 71 71 71 71 71 71 71 36 71 71 71 67 67 71 71 244 244 0 244 244 244 244 244 198 198 198 198 198 198 198 198 198 198 198 224 198 198 198 198 198 196 198 0 0 0 0 198 6 198 194 198 194 194 194 71 71 71 
71 71 71 7 71 71 71 71 71 69 69 71 71 71 240 71 71 67 71 244 196 244 0 244 244 0 198 198 198 198 198 198 198 198 198 0 198 198 198 198 198 198 0 198 198 0 198 198 198 198 0 198 194 198 194 0 69 71 71 
71 116 71 71 71 112 112 71 71 71 71 71 224 71 0 244 244 71 71 244 244 244 198 244 198 244 0 198 0 198 0 198 198 70 198 198 198 198 68 240 198 198 198 198 198 198 198 198 0 194 0 198 198 0 71 71 71 198 71 
71 116 71 71 112 71 240 0 0 244 0 71 244 71 0 244 244 0 244 244 244 244 244 244 244 100 244 198 198 244 0 198 198 198 0 198 0 240 240 198 198 198 198 198 194 198 194 198 194 194 198 198 194 198 194 103 71 0 198 
116 116 116 116 240 240 240 48 0 244 71 244 244 71 244 244 244 244 244 244 0 0 244 244 244 100 198 198 244 0 244 244 244 0 0 0 230 240 240 240 240 198 198 198 198 0 194 198 0 198 194 194 194 194 194 66 198 4 198 
116 0 116 116 240 48 128 112 240 240 244 244 244 0 0 0 244 244 244 0 0 0 244 244 244 198 198 244 244 240 198 244 244 240 240 240 198 240 96 198 198 0 198 198 194 194 3 194 198 198 194 0 194 192 66 198 71 198 4 
116 116 116 116 112 112 112 240 244 244 240 244 0 244 244 244 244 244 0 196 244 244 244 244 0 244 244 198 244 244 244 198 240 240 240 198 240 240 198 198 4 198 198 198 198 0 194 194 194 198 198 198 194 4 198 0 198 198 198 
116 116 116 116 244 112 240 244 240 244 244 244 0 244 0 244 244 244 0 112 112 244 240 240 244 244 0 244 244 244 244 244 240 0 240 240 240 0 198 198 198 64 198 0 198 198 194 194 198 198 0 194 0 194 4 198 198 198 198 
116 36 0 244 228 112 244 116 4 244 244 244 244 0 244 244 244 244 244 132 0 244 0 244 0 240 244 240 0 244 244 244 244 244 240 0 198 240 0 38 0 198 198 0 198 194 194 194 198 198 0 198 0 194 198 198 0 198 198 
116 112 112 244 244 244 116 116 0 244 0 244 244 0 244 244 244 244 0 112 132 244 0 240 244 240 244 240 240 240 244 244 244 240 240 0 198 198 198 0 198 198 198 198 194 194 194 194 194 0 192 194 160 198 194 194 198 198 194 
116 112 112 244 244 132 244 52 116 240 244 244 244 244 244 244 244 240 244 244 164 240 132 132 244 240 240 240 240 240 0 240 240 240 176 198 198 198 198 198 0 0 198 0 0 0 194 194 198 198 194 198 198 198 194 198 198 194 194 
112 112 0 0 244 244 244 244 116 244 244 0 244 0 244 244 240 244 244 164 0 240 240 240 240 240 240 240 240 240 244 240 244 176 96 194 0 0 198 198 198 198 198 198 198 194 0 0 198 198 194 4 198 194 196 194 198 198 198 
116 36 100 244 244 244 244 244 0 164 160 244 0 244 244 244 244 244 244 196 244 244 240 240 240 240 240 240 240 240 240 244 244 244 160 194 0 38 194 194 0 198 194 194 194 198 194 198 198 0 194 0 4 194 194 194 198 198 198 
116 112 68 116 116 244 244 244 244 244 244 240 240 240 244 244 244 0 196 240 240 0 244 240 240 0 240 240 240 0 198 240 240 160 198 198 194 194 128 194 194 194 194 198 194 194 198 198 198 194 198 198 198 0 194 198 194 194 194 
112 0 116 52 52 52 244 244 96 244 0 0 0 240 244 244 244 240 0 67 240 0 0 240 244 240 240 240 240 240 240 240 240 240 198 0 0 194 194 194 194 194 194 194 194 198 198 0 198 0 194 198 0 198 4 198 194 194 194 
0 112 244 116 244 244 244 180 244 244 240 240 240 240 240 0 240 240 244 244 244 244 240 244 240 240 240 0 240 240 198 198 0 240 240 0 194 194 240 240 240 194 194 198 198 198 198 0 0 0 0 198 198 198 198 198 194 0 194 
0 244 4 116 244 244 244 0 180 0 244 244 240 244 244 240 240 240 160 244 244 244 240 0 244 240 0 0 240 240 240 0 2 0 198 240 194 0 194 194 160 240 194 198 198 198 198 196 194 194 198 198 0 198 198 198 0 198 198 
244 4 116 116 244 244 240 244 244 244 244 244 244 240 0 240 240 240 240 240 240 240 240 240 176 0 240 240 240 240 240 240 240 0 194 0 194 194 194 160 194 0 194 6 198 198 198 70 0 198 198 198 198 198 64 198 198 194 198 
244 244 244 244 244 244 244 240 244 160 244 0 240 244 240 240 240 240 240 240 240 240 240 240 240 0 240 240 240 194 194 194 0 198 0 194 194 0 0 194 0 198 0 198 0 0 198 198 198 0 0 0 198 198 198 0 198 198 194 
244 244 244 244 244 244 244 164 244 244 244 244 0 240 244 240 240 240 240 240 240 240 240 240 240 240 244 240 194 240 194 0 198 198 194 194 192 194 194 194 0 194 194 194 194 198 198 198 198 70 198 198 198 2 2 198 194 4 194 
244 244 244 244 244 244 116 116 244 160 116 116 244 240 240 240 224 240 0 0 240 240 240 240 240 240 244 244 192 240 240 194 194 198 0 0 194 0 194 0 194 0 194 194 194 198 198 198 194 198 0 198 198 68 194 194 66 2 0 
244 0 96 240 116 244 244 116 116 116 244 240 116 244 244 224 240 240 240 240 240 240 240 240 0 244 244 0 240 240 240 240 240 240 0 194 198 198 0 194 0 194 194 194 0 198 0 194 198 0 198 198 0 0 0 194 66 6 0 
244 96 244 240 240 116 244 244 244 244 244 244 240 240 240 240 240 240 240 240 240 240 240 240 240 244 244 0 240 240 194 240 194 240 194 0 0 198 198 194 194 194 194 194 194 194 194 194 194 198 198 198 198 198 70 66 194 198 194 
96 244 228 0 128 240 240 0 116 240 244 240 244 240 228 240 224 240 240 128 96 240 0 240 240 240 240 240 240 240 0 194 240 194 194 198 160 198 198 198 194 194 0 194 0 0 194 194 0 194 70 198 198 198 198 198 198 198 198 
96 228 240 0 128 132 112 240 240 224 240 244 0 240 244 0 240 240 240 240 116 96 240 0 240 240 0 240 240 0 240 240 240 194 198 198 198 198 0 0 198 0 194 194 66 194 0 194 194 194 194 198 198 198 0 198 0 198 198 
112 244 244 244 244 112 240 112 0 116 116 240 240 240 228 244 244 240 240 240 244 240 96 240 240 0 240 240 0 240 0 240 240 198 198 198 198 198 198 194 0 194 194 194 0 194 194 194 2 70 198 198 198 198 198 198 0 198 0 
112 100 0 244 112 0 112 0 128 116 116 240 240 0 240 228 244 244 240 240 240 240 240 240 240 240 240 240 0 240 240 0 240 240 240 198 6 6 194 194 194 194 194 194 194 194 194 66 194 198 194 198 198 198 198 198 198 198 194 
100 100 244 0 112 112 160 0 112 116 0 240 240 240 244 228 244 0 240 240 240 240 0 160 240 240 240 240 240 240 0 240 240 240 198 240 244 244 244 0 194 194 194 194 194 194 194 194 194 198 194 198 0 0 198 198 198 198 198 
65 65 0 112 112 112 112 116 0 0 240 240 240 240 240 164 240 240 244 244 240 0 240 160 240 240 240 240 240 224 0 96 240 0 0 240 244 0 100 194 194 194 194 194 194 194 0 194 194 194 198 198 198 0 198 0 194 194 198 
