115.3 115.3 115.3 115.3 115.3 115.3 115.3 115.3 115.3 115.3 115.3 115.3 115.3 115.3 115.3 115.3 115.3 115.3 115.3 115.3 115.3 115.3 115.3 115.3 115.3 115.3 115.3 115.3 115.3 115.3 115.3 115.3 115.3 115.3 115.3 115.3 115.3 115.3 115.3 115.3 115.3 115.3 115.3 115.3 115.3 115.3 115.3 115.3 115.3 115.3 115.3 115.3 115.3 115.3 115.3 115.3 115.3 115.3 115.3 
115.3 115.3 115.3 115.3 115.3 115.3 115.3 115.3 115.3 115.3 115.3 115.3 115.3 115.3 115.3 115.3 115.3 115.3 115.3 115.3 115.3 115.3 115.3 115.3 115.3 115.3 115.3 115.3 115.3 115.3 115.3 115.3 115.3 115.3 115.3 115.3 115.3 115.3 115.3 115.3 115.3 115.3 115.3 115.3 115.3 115.3 115.3 115.3 115.3 115.3 115.3 115.3 115.3 115.3 115.3 115.3 115.3 115.3 115.3 
115.3 115.3 115.3 115.3 115.3 115.3 115.3 115.3 115.3 115.3 115.3 115.3 115.3 115.3 115.3 115.3 115.3 115.3 115.3 115.3 115.3 115.3 115.3 115.3 115.3 115.3 115.3 115.3 115.3 115.3 115.3 115.3 115.3 115.3 115.3 115.3 115.3 115.3 115.3 115.3 115.3 115.3 115.3 115.3 115.3 115.3 115.3 115.3 115.3 115.3 115.3 115.3 115.3 115.3 115.3 115.3 115.3 115.3 115.3 
115.3 115.3 115.3 115.3 115.3 115.3 115.3 115.3 115.3 115.3 115.3 115.3 115.3 115.3 115.3 115.3 115.3 115.3 115.3 115.3 115.3 115.3 115.3 115.3 115.3 115.3 115.3 115.3 115.3 115.3 115.3 115.3 115.3 115.3 115.3 115.3 115.3 115.3 115.3 115.3 115.3 115.3 115.3 115.3 115.3 115.3 115.3 115.3 115.3 115.3 115.3 115.3 115.3 115.3 115.3 115.3 115.3 115.3 115.3 
115.3 115.3 115.3 115.3 115.3 115.3 115.3 115.3 115.3 115.3 115.3 115.3 115.3 115.3 115.3 115.3 115.3 115.3 115.3 115.3 115.3 115.3 115.3 115.3 115.3 115.3 115.3 115.3 115.3 115.3 115.3 115.3 115.3 115.3 115.3 115.3 115.3 115.3 115.3 115.3 115.3 115.3 115.3 115.3 115.3 115.3 115.3 115.3 115.3 115.3 115.3 115.3 115.3 115.3 115.3 115.3 115.3 115.3 115.3 
115.3 115.3 115.3 115.3 115.3 115.3 115.3 115.3 115.3 115.3 115.3 115.3 115.3 115.3 115.3 115.3 115.3 115.3 115.3 115.3 115.3 115.3 115.3 115.3 115.3 115.3 115.3 115.3 115.3 115.3 115.3 115.3 115.3 115.3 115.3 115.3 115.3 115.3 115.3 115.3 115.3 115.3 115.3 115.3 115.3 115.3 115.3 115.3 115.3 115.3 115.3 115.3 115.3 115.3 115.3 115.3 115.3 115.3 115.3 
115.3 115.3 115.3 115.3 115.3 115.3 115.3 115.3 115.3 115.3 115.3 115.3 115.3 115.3 115.3 115.3 115.3 115.3 115.3 115.3 115.3 115.3 115.3 115.3 115.3 115.3 115.3 115.3 115.3 115.3 115.3 115.3 115.3 115.3 115.3 115.3 115.3 115.3 115.3 115.3 115.3 115.3 115.3 115.3 115.3 115.3 115.3 115.3 115.3 115.3 115.3 115.3 115.3 115.3 115.3 115.3 115.3 115.3 115.3 
115.3 115.3 115.3 115.3 115.3 115.3 115.3 115.3 115.3 115.3 115.3 115.3 115.3 115.3 115.3 115.3 115.3 115.3 115.3 115.3 115.3 115.3 115.3 115.3 115.3 115.3 115.3 115.3 115.3 115.3 115.3 115.3 115.3 115.3 115.3 115.3 115.3 115.3 115.3 115.3 115.3 115.3 115.3 115.3 115.3 115.3 115.3 115.3 115.3 115.3 115.3 115.3 115.3 115.3 115.3 115.3 115.3 115.3 115.3 
115.3 115.3 115.3 115.3 115.3 115.3 115.3 115.3 115.3 115.3 115.3 115.3 115.3 115.3 115.3 115.3 115.3 115.3 115.3 115.3 115.3 115.3 115.3 115.3 115.3 115.3 115.3 115.3 115.3 115.3 115.3 115.3 115.3 115.3 115.3 115.3 115.3 115.3 115.3 115.3 115.3 115.3 115.3 115.3 115.3 115.3 115.3 115.3 115.3 115.3 115.3 115.3 115.3 115.3 115.3 115.3 115.3 115.3 115.3 
115.3 115.3 115.3 115.3 115.3 115.3 115.3 115.3 115.3 115.3 115.3 115.3 115.3 115.3 115.3 115.3 115.3 115.3 115.3 115.3 115.3 115.3 115.3 115.3 115.3 115.3 115.3 115.3 115.3 115.3 115.3 115.3 115.3 115.3 115.3 115.3 115.3 115.3 115.3 115.3 115.3 115.3 115.3 115.3 115.3 115.3 115.3 115.3 115.3 115.3 115.3 115.3 115.3 115.3 115.3 115.3 115.3 115.3 115.3 
115.3 115.3 115.3 115.3 115.3 115.3 115.3 115.3 115.3 115.3 115.3 115.3 115.3 115.3 115.3 115.3 115.3 115.3 115.3 115.3 115.3 115.3 115.3 115.3 115.3 115.3 115.3 115.3 115.3 115.3 115.3 115.3 115.3 115.3 115.3 115.3 115.3 115.3 115.3 115.3 115.3 115.3 115.3 115.3 115.3 115.3 115.3 115.3 115.3 115.3 115.3 115.3 115.3 115.3 115.3 115.3 115.3 115.3 115.3 
115.3 115.3 115.3 115.3 115.3 115.3 115.3 115.3 115.3 115.3 115.3 115.3 115.3 115.3 115.3 115.3 115.3 115.3 115.3 115.3 115.3 115.3 115.3 115.3 115.3 115.3 115.3 115.3 115.3 115.3 115.3 115.3 115.3 115.3 115.3 115.3 115.3 115.3 115.3 115.3 115.3 115.3 115.3 115.3 115.3 115.3 115.3 115.3 115.3 115.3 115.3 115.3 115.3 115.3 115.3 115.3 115.3 115.3 115.3 
115.3 115.3 115.3 115.3 115.3 115.3 115.3 115.3 115.3 115.3 115.3 115.3 115.3 115.3 115.3 115.3 115.3 115.3 115.3 115.3 115.3 115.3 115.3 115.3 115.3 115.3 115.3 115.3 115.3 115.3 115.3 115.3 115.3 115.3 115.3 115.3 115.3 115.3 115.3 115.3 115.3 115.3 115.3 115.3 115.3 115.3 115.3 115.3 115.3 115.3 115.3 115.3 115.3 115.3 115.3 115.3 115.3 115.3 115.3 
115.3 115.3 115.3 115.3 115.3 115.3 115.3 115.3 115.3 115.3 115.3 115.3 115.3 115.3 115.3 115.3 115.3 115.3 115.3 115.3 115.3 115.3 115.3 115.3 115.3 115.3 115.3 115.3 115.3 115.3 115.3 115.3 115.3 115.3 115.3 115.3 115.3 115.3 115.3 115.3 115.3 115.3 115.3 115.3 115.3 115.3 115.3 115.3 115.3 115.3 115.3 115.3 115.3 115.3 115.3 115.3 115.3 115.3 115.3 
115.3 115.3 115.3 115.3 115.3 115.3 115.3 115.3 115.3 115.3 115.3 115.3 115.3 115.3 115.3 115.3 115.3 115.3 115.3 115.3 115.3 115.3 115.3 115.3 115.3 115.3 115.3 115.3 115.3 115.3 115.3 115.3 115.3 115.3 115.3 115.3 115.3 115.3 115.3 115.3 115.3 115.3 115.3 115.3 115.3 115.3 115.3 115.3 115.3 115.3 115.3 115.3 115.3 115.3 115.3 115.3 115.3 115.3 115.3 
115.3 115.3 115.3 115.3 115.3 115.3 115.3 115.3 115.3 115.3 115.3 115.3 115.3 115.3 115.3 115.3 115.3 115.3 115.3 115.3 115.3 115.3 115.3 115.3 115.3 115.3 115.3 115.3 115.3 115.3 115.3 115.3 115.3 115.3 115.3 115.3 115.3 115.3 115.3 115.3 115.3 115.3 115.3 115.3 115.3 115.3 115.3 115.3 115.3 115.3 115.3 115.3 115.3 115.3 115.3 115.3 115.3 115.3 115.3 
115.3 115.3 115.3 115.3 115.3 115.3 115.3 115.3 115.3 115.3 115.3 115.3 115.3 115.3 115.3 115.3 115.3 115.3 115.3 115.3 115.3 115.3 115.3 115.3 115.3 115.3 115.3 115.3 115.3 115.3 115.3 115.3 115.3 115.3 115.3 115.3 115.3 115.3 115.3 115.3 115.3 115.3 115.3 115.3 115.3 115.3 115.3 115.3 115.3 115.3 115.3 115.3 115.3 115.3 115.3 115.3 115.3 115.3 115.3 
115.3 115.3 115.3 115.3 115.3 115.3 115.3 115.3 115.3 115.3 115.3 115.3 115.3 115.3 115.3 115.3 115.3 115.3 115.3 115.3 115.3 115.3 115.3 115.3 115.3 115.3 115.3 115.3 115.3 115.3 115.3 115.3 115.3 115.3 115.3 115.3 115.3 115.3 115.3 115.3 115.3 115.3 115.3 115.3 115.3 115.3 115.3 115.3 115.3 115.3 115.3 115.3 115.3 115.3 115.3 115.3 115.3 115.3 115.3 
115.3 115.3 115.3 115.3 115.3 115.3 115.3 115.3 115.3 115.3 115.3 115.3 115.3 115.3 115.3 115.3 115.3 115.3 115.3 115.3 115.3 115.3 115.3 115.3 115.3 115.3 115.3 115.3 115.3 115.3 115.3 115.3 115.3 115.3 115.3 115.3 115.3 115.3 115.3 115.3 115.3 115.3 115.3 115.3 115.3 115.3 115.3 115.3 115.3 115.3 115.3 115.3 115.3 115.3 115.3 115.3 115.3 115.3 115.3 
115.3 115.3 115.3 115.3 115.3 115.3 115.3 115.3 115.3 115.3 115.3 115.3 115.3 115.3 115.3 115.3 115.3 115.3 115.3 115.3 115.3 115.3 115.3 115.3 115.3 115.3 115.3 115.3 115.3 115.3 115.3 115.3 115.3 115.3 115.3 115.3 115.3 115.3 115.3 115.3 115.3 115.3 115.3 115.3 115.3 115.3 115.3 115.3 115.3 115.3 115.3 115.3 115.3 115.3 115.3 115.3 115.3 115.3 115.3 
115.3 115.3 115.3 115.3 115.3 115.3 115.3 115.3 115.3 115.3 115.3 115.3 115.3 115.3 115.3 115.3 115.3 115.3 115.3 115.3 115.3 115.3 115.3 115.3 115.3 115.3 115.3 115.3 115.3 115.3 115.3 115.3 115.3 115.3 115.3 115.3 115.3 115.3 115.3 115.3 115.3 115.3 115.3 115.3 115.3 115.3 115.3 115.3 115.3 115.3 115.3 115.3 115.3 115.3 115.3 115.3 115.3 115.3 115.3 
115.3 115.3 115.3 115.3 115.3 115.3 115.3 115.3 115.3 115.3 115.3 115.3 115.3 115.3 115.3 115.3 115.3 115.3 115.3 115.3 115.3 115.3 115.3 115.3 115.3 115.3 115.3 115.3 115.3 115.3 115.3 115.3 115.3 115.3 115.3 115.3 115.3 115.3 115.3 115.3 115.3 115.3 115.3 115.3 115.3 115.3 115.3 115.3 115.3 115.3 115.3 115.3 115.3 115.3 115.3 115.3 115.3 115.3 115.3 
115.3 115.3 115.3 115.3 115.3 115.3 115.3 115.3 115.3 115.3 115.3 115.3 115.3 115.3 115.3 115.3 115.3 115.3 115.3 115.3 115.3 115.3 115.3 115.3 115.3 115.3 115.3 115.3 115.3 115.3 115.3 115.3 115.3 115.3 115.3 115.3 115.3 115.3 115.3 115.3 115.3 115.3 115.3 115.3 115.3 115.3 115.3 115.3 115.3 115.3 115.3 115.3 115.3 115.3 115.3 115.3 115.3 115.3 115.3 
115.3 115.3 115.3 115.3 115.3 115.3 115.3 115.3 115.3 115.3 115.3 115.3 115.3 115.3 115.3 115.3 115.3 115.3 115.3 115.3 115.3 115.3 115.3 115.3 115.3 115.3 115.3 115.3 115.3 115.3 115.3 115.3 115.3 115.3 115.3 115.3 115.3 115.3 115.3 115.3 115.3 115.3 115.3 115.3 115.3 115.3 115.3 115.3 115.3 115.3 115.3 115.3 115.3 115.3 115.3 115.3 115.3 115.3 115.3 
115.3 115.3 115.3 115.3 115.3 115.3 115.3 115.3 115.3 115.3 115.3 115.3 115.3 115.3 115.3 115.3 115.3 115.3 115.3 115.3 115.3 115.3 115.3 115.3 115.3 115.3 115.3 115.3 115.3 115.3 115.3 115.3 115.3 115.3 115.3 115.3 115.3 115.3 115.3 115.3 115.3 115.3 115.3 115.3 115.3 115.3 115.3 115.3 115.3 115.3 115.3 115.3 115.3 115.3 115.3 115.3 115.3 115.3 115.3 
115.3 115.3 115.3 115.3 115.3 115.3 115.3 115.3 115.3 115.3 115.3 115.3 115.3 115.3 115.3 115.3 115.3 115.3 115.3 115.3 115.3 115.3 115.3 115.3 115.3 115.3 115.3 115.3 115.3 115.3 115.3 115.3 115.3 115.3 115.3 115.3 115.3 115.3 115.3 115.3 115.3 115.3 115.3 115.3 115.3 115.3 115.3 115.3 115.3 115.3 115.3 115.3 115.3 115.3 115.3 115.3 115.3 115.3 115.3 
115.3 115.3 115.3 115.3 115.3 115.3 115.3 115.3 115.3 115.3 115.3 115.3 115.3 115.3 115.3 115.3 115.3 115.3 115.3 115.3 115.3 115.3 115.3 115.3 115.3 115.3 115.3 115.3 115.3 115.3 115.3 115.3 115.3 115.3 115.3 115.3 115.3 115.3 115.3 115.3 115.3 115.3 115.3 115.3 115.3 115.3 115.3 115.3 115.3 115.3 115.3 115.3 115.3 115.3 115.3 115.3 115.3 115.3 115.3 
115.3 115.3 115.3 115.3 115.3 115.3 115.3 115.3 115.3 115.3 115.3 115.3 115.3 115.3 115.3 115.3 115.3 115.3 115.3 115.3 115.3 115.3 115.3 115.3 115.3 115.3 115.3 115.3 115.3 115.3 115.3 115.3 115.3 115.3 115.3 115.3 115.3 115.3 115.3 115.3 115.3 115.3 115.3 115.3 115.3 115.3 115.3 115.3 115.3 115.3 115.3 115.3 115.3 115.3 115.3 115.3 115.3 115.3 115.3 
115.3 115.3 115.3 115.3 115.3 115.3 115.3 115.3 115.3 115.3 115.3 115.3 115.3 115.3 115.3 115.3 115.3 115.3 115.3 115.3 115.3 115.3 115.3 115.3 115.3 115.3 115.3 115.3 115.3 115.3 115.3 115.3 115.3 115.3 115.3 115.3 115.3 115.3 115.3 115.3 115.3 115.3 115.3 115.3 115.3 115.3 115.3 115.3 115.3 115.3 115.3 115.3 115.3 115.3 115.3 115.3 115.3 115.3 115.3 
115.3 115.3 115.3 115.3 115.3 115.3 115.3 115.3 115.3 115.3 115.3 115.3 115.3 115.3 115.3 115.3 115.3 115.3 115.3 115.3 115.3 115.3 115.3 115.3 115.3 115.3 115.3 115.3 115.3 115.3 115.3 115.3 115.3 115.3 115.3 115.3 115.3 115.3 115.3 115.3 115.3 115.3 115.3 115.3 115.3 115.3 115.3 115.3 115.3 115.3 115.3 115.3 115.3 115.3 115.3 115.3 115.3 115.3 115.3 
115.3 115.3 115.3 115.3 115.3 115.3 115.3 115.3 115.3 115.3 115.3 115.3 115.3 115.3 115.3 115.3 115.3 115.3 115.3 115.3 115.3 115.3 115.3 115.3 115.3 115.3 115.3 115.3 115.3 115.3 115.3 115.3 115.3 115.3 115.3 115.3 115.3 115.3 115.3 115.3 115.3 115.3 115.3 115.3 115.3 115.3 115.3 115.3 115.3 115.3 115.3 115.3 115.3 115.3 115.3 115.3 115.3 115.3 115.3 
115.3 115.3 115.3 115.3 115.3 115.3 115.3 115.3 115.3 115.3 115.3 115.3 115.3 115.3 115.3 115.3 115.3 115.3 115.3 115.3 115.3 115.3 115.3 115.3 115.3 115.3 115.3 115.3 115.3 115.3 115.3 115.3 115.3 115.3 115.3 115.3 115.3 115.3 115.3 115.3 115.3 115.3 115.3 115.3 115.3 115.3 115.3 115.3 115.3 115.3 115.3 115.3 115.3 115.3 115.3 115.3 115.3 115.3 115.3 
115.3 115.3 115.3 115.3 115.3 115.3 115.3 115.3 115.3 115.3 115.3 115.3 115.3 115.3 115.3 115.3 115.3 115.3 115.3 115.3 115.3 115.3 115.3 115.3 115.3 115.3 115.3 115.3 115.3 115.3 115.3 115.3 115.3 115.3 115.3 115.3 115.3 115.3 115.3 115.3 115.3 115.3 115.3 115.3 115.3 115.3 115.3 115.3 115.3 115.3 115.3 115.3 115.3 115.3 115.3 115.3 115.3 115.3 115.3 
115.3 115.3 115.3 115.3 115.3 115.3 115.3 115.3 115.3 115.3 115.3 115.3 115.3 115.3 115.3 115.3 115.3 115.3 115.3 115.3 115.3 115.3 115.3 115.3 115.3 115.3 115.3 115.3 115.3 115.3 115.3 115.3 115.3 115.3 115.3 115.3 115.3 115.3 115.3 115.3 115.3 115.3 115.3 115.3 115.3 115.3 115.3 115.3 115.3 115.3 115.3 115.3 115.3 115.3 115.3 115.3 115.3 115.3 115.3 
115.3 115.3 115.3 115.3 115.3 115.3 115.3 115.3 115.3 115.3 115.3 115.3 115.3 115.3 115.3 115.3 115.3 115.3 115.3 115.3 115.3 115.3 115.3 115.3 115.3 115.3 115.3 115.3 115.3 115.3 115.3 115.3 115.3 115.3 115.3 115.3 115.3 115.3 115.3 115.3 115.3 115.3 115.3 115.3 115.3 115.3 115.3 115.3 115.3 115.3 115.3 115.3 115.3 115.3 115.3 115.3 115.3 115.3 115.3 
115.3 115.3 115.3 115.3 115.3 115.3 115.3 115.3 115.3 115.3 115.3 115.3 115.3 115.3 115.3 115.3 115.3 115.3 115.3 115.3 115.3 115.3 115.3 115.3 115.3 115.3 115.3 115.3 115.3 115.3 115.3 115.3 115.3 115.3 115.3 115.3 115.3 115.3 115.3 115.3 115.3 115.3 115.3 115.3 115.3 115.3 115.3 115.3 115.3 115.3 115.3 115.3 115.3 115.3 115.3 115.3 115.3 115.3 115.3 
115.3 115.3 115.3 115.3 115.3 115.3 115.3 115.3 115.3 115.3 115.3 115.3 115.3 115.3 115.3 115.3 115.3 115.3 115.3 115.3 115.3 115.3 115.3 115.3 115.3 115.3 115.3 115.3 115.3 115.3 115.3 115.3 115.3 115.3 115.3 115.3 115.3 115.3 115.3 115.3 115.3 115.3 115.3 115.3 115.3 115.3 115.3 115.3 115.3 115.3 115.3 115.3 115.3 115.3 115.3 115.3 115.3 115.3 115.3 
115.3 115.3 115.3 115.3 115.3 115.3 115.3 115.3 115.3 115.3 115.3 115.3 115.3 115.3 115.3 115.3 115.3 115.3 115.3 115.3 115.3 115.3 115.3 115.3 115.3 115.3 115.3 115.3 115.3 115.3 115.3 115.3 115.3 115.3 115.3 115.3 115.3 115.3 115.3 115.3 115.3 115.3 115.3 115.3 115.3 115.3 115.3 115.3 115.3 115.3 115.3 115.3 115.3 115.3 115.3 115.3 115.3 115.3 115.3 
115.3 115.3 115.3 115.3 115.3 115.3 115.3 115.3 115.3 115.3 115.3 115.3 115.3 115.3 115.3 115.3 115.3 115.3 115.3 115.3 115.3 115.3 115.3 115.3 115.3 115.3 115.3 115.3 115.3 115.3 115.3 115.3 115.3 115.3 115.3 115.3 115.3 115.3 115.3 115.3 115.3 115.3 115.3 115.3 115.3 115.3 115.3 115.3 115.3 115.3 115.3 115.3 115.3 115.3 115.3 115.3 115.3 115.3 115.3 
115.3 115.3 115.3 115.3 115.3 115.3 115.3 115.3 115.3 115.3 115.3 115.3 115.3 115.3 115.3 115.3 115.3 115.3 115.3 115.3 115.3 115.3 115.3 115.3 115.3 115.3 115.3 115.3 115.3 115.3 115.3 115.3 115.3 115.3 115.3 115.3 115.3 115.3 115.3 115.3 115.3 115.3 115.3 115.3 115.3 115.3 115.3 115.3 115.3 115.3 115.3 115.3 115.3 115.3 115.3 115.3 115.3 115.3 115.3 
115.3 115.3 115.3 115.3 115.3 115.3 115.3 115.3 115.3 115.3 115.3 115.3 115.3 115.3 115.3 115.3 115.3 115.3 115.3 115.3 115.3 115.3 115.3 115.3 115.3 115.3 115.3 115.3 115.3 115.3 115.3 115.3 115.3 115.3 115.3 115.3 115.3 115.3 115.3 115.3 115.3 115.3 115.3 115.3 115.3 115.3 115.3 115.3 115.3 115.3 115.3 115.3 115.3 115.3 115.3 115.3 115.3 115.3 115.3 
115.3 115.3 115.3 115.3 115.3 115.3 115.3 115.3 115.3 115.3 115.3 115.3 115.3 115.3 115.3 115.3 115.3 115.3 115.3 115.3 115.3 115.3 115.3 115.3 115.3 115.3 115.3 115.3 115.3 115.3 115.3 115.3 115.3 115.3 115.3 115.3 115.3 115.3 115.3 115.3 115.3 115.3 115.3 115.3 115.3 115.3 115.3 115.3 115.3 115.3 115.3 115.3 115.3 115.3 115.3 115.3 115.3 115.3 115.3 
115.3 115.3 115.3 115.3 115.3 115.3 115.3 115.3 115.3 115.3 115.3 115.3 115.3 115.3 115.3 115.3 115.3 115.3 115.3 115.3 115.3 115.3 115.3 115.3 115.3 115.3 115.3 115.3 115.3 115.3 115.3 115.3 115.3 115.3 115.3 115.3 115.3 115.3 115.3 115.3 115.3 115.3 115.3 115.3 115.3 115.3 115.3 115.3 115.3 115.3 115.3 115.3 115.3 115.3 115.3 115.3 115.3 115.3 115.3 
115.3 115.3 115.3 115.3 115.3 115.3 115.3 115.3 115.3 115.3 115.3 115.3 115.3 115.3 115.3 115.3 115.3 115.3 115.3 115.3 115.3 115.3 115.3 115.3 115.3 115.3 115.3 115.3 115.3 115.3 115.3 115.3 115.3 115.3 115.3 115.3 115.3 115.3 115.3 115.3 115.3 115.3 115.3 115.3 115.3 115.3 115.3 115.3 115.3 115.3 115.3 115.3 115.3 115.3 115.3 115.3 115.3 115.3 115.3 
115.3 115.3 115.3 115.3 115.3 115.3 115.3 115.3 115.3 115.3 115.3 115.3 115.3 115.3 115.3 115.3 115.3 115.3 115.3 115.3 115.3 115.3 115.3 115.3 115.3 115.3 115.3 115.3 115.3 115.3 115.3 115.3 115.3 115.3 115.3 115.3 115.3 115.3 115.3 115.3 115.3 115.3 115.3 115.3 115.3 115.3 115.3 115.3 115.3 115.3 115.3 115.3 115.3 115.3 115.3 115.3 115.3 115.3 115.3 
115.3 115.3 115.3 115.3 115.3 115.3 115.3 115.3 115.3 115.3 115.3 115.3 115.3 115.3 115.3 115.3 115.3 115.3 115.3 115.3 115.3 115.3 115.3 115.3 115.3 115.3 115.3 115.3 115.3 115.3 115.3 115.3 115.3 115.3 115.3 115.3 115.3 115.3 115.3 115.3 115.3 115.3 115.3 115.3 115.3 115.3 115.3 115.3 115.3 115.3 115.3 115.3 115.3 115.3 115.3 115.3 115.3 115.3 115.3 
115.3 115.3 115.3 115.3 115.3 115.3 115.3 115.3 115.3 115.3 115.3 115.3 115.3 115.3 115.3 115.3 115.3 115.3 115.3 115.3 115.3 115.3 115.3 115.3 115.3 115.3 115.3 115.3 115.3 115.3 115.3 115.3 115.3 115.3 115.3 115.3 115.3 115.3 115.3 115.3 115.3 115.3 115.3 115.3 115.3 115.3 115.3 115.3 115.3 115.3 115.3 115.3 115.3 115.3 115.3 115.3 115.3 115.3 115.3 
115.3 115.3 115.3 115.3 115.3 115.3 115.3 115.3 115.3 115.3 115.3 115.3 115.3 115.3 115.3 115.3 115.3 115.3 115.3 115.3 115.3 115.3 115.3 115.3 115.3 115.3 115.3 115.3 115.3 115.3 115.3 115.3 115.3 115.3 115.3 115.3 115.3 115.3 115.3 115.3 115.3 115.3 115.3 115.3 115.3 115.3 115.3 115.3 115.3 115.3 115.3 115.3 115.3 115.3 115.3 115.3 115.3 115.3 115.3 
115.3 115.3 115.3 115.3 115.3 115.3 115.3 115.3 115.3 115.3 115.3 115.3 115.3 115.3 115.3 115.3 115.3 115.3 115.3 115.3 115.3 115.3 115.3 115.3 115.3 115.3 115.3 115.3 115.3 115.3 115.3 115.3 115.3 115.3 115.3 115.3 115.3 115.3 115.3 115.3 115.3 115.3 115.3 115.3 115.3 115.3 115.3 115.3 115.3 115.3 115.3 115.3 115.3 115.3 115.3 115.3 115.3 115.3 115.3 
115.3 115.3 115.3 115.3 115.3 115.3 115.3 115.3 115.3 115.3 115.3 115.3 115.3 115.3 115.3 115.3 115.3 115.3 115.3 115.3 115.3 115.3 115.3 115.3 115.3 115.3 115.3 115.3 115.3 115.3 115.3 115.3 115.3 115.3 115.3 115.3 115.3 115.3 115.3 115.3 115.3 115.3 115.3 115.3 115.3 115.3 115.3 115.3 115.3 115.3 115.3 115.3 115.3 115.3 115.3 115.3 115.3 115.3 115.3 
115.3 115.3 115.3 115.3 115.3 115.3 115.3 115.3 115.3 115.3 115.3 115.3 115.3 115.3 115.3 115.3 115.3 115.3 115.3 115.3 115.3 115.3 115.3 115.3 115.3 115.3 115.3 115.3 115.3 115.3 115.3 115.3 115.3 115.3 115.3 115.3 115.3 115.3 115.3 115.3 115.3 115.3 115.3 115.3 115.3 115.3 115.3 115.3 115.3 115.3 115.3 115.3 115.3 115.3 115.3 115.3 115.3 115.3 115.3 
115.3 115.3 115.3 115.3 115.3 115.3 115.3 115.3 115.3 115.3 115.3 115.3 115.3 115.3 115.3 115.3 115.3 115.3 115.3 115.3 115.3 115.3 115.3 115.3 115.3 115.3 115.3 115.3 115.3 115.3 115.3 115.3 115.3 115.3 115.3 115.3 115.3 115.3 115.3 115.3 115.3 115.3 115.3 115.3 115.3 115.3 115.3 115.3 115.3 115.3 115.3 115.3 115.3 115.3 115.3 115.3 115.3 115.3 115.3 
115.3 115.3 115.3 115.3 115.3 115.3 115.3 115.3 115.3 115.3 115.3 115.3 115.3 115.3 115.3 115.3 115.3 115.3 115.3 115.3 115.3 115.3 115.3 115.3 115.3 115.3 115.3 115.3 115.3 115.3 115.3 115.3 115.3 115.3 115.3 115.3 115.3 115.3 115.3 115.3 115.3 115.3 115.3 115.3 115.3 115.3 115.3 115.3 115.3 115.3 115.3 115.3 115.3 115.3 115.3 115.3 115.3 115.3 115.3 
115.3 115.3 115.3 115.3 115.3 115.3 115.3 115.3 115.3 115.3 115.3 115.3 115.3 115.3 115.3 115.3 115.3 115.3 115.3 115.3 115.3 115.3 115.3 115.3 115.3 115.3 115.3 115.3 115.3 115.3 115.3 115.3 115.3 115.3 115.3 115.3 115.3 115.3 115.3 115.3 115.3 115.3 115.3 115.3 115.3 115.3 115.3 115.3 115.3 115.3 115.3 115.3 115.3 115.3 115.3 115.3 115.3 115.3 115.3 
115.3 115.3 115.3 115.3 115.3 115.3 115.3 115.3 115.3 115.3 115.3 115.3 115.3 115.3 115.3 115.3 115.3 115.3 115.3 115.3 115.3 115.3 115.3 115.3 115.3 115.3 115.3 115.3 115.3 115.3 115.3 115.3 115.3 115.3 115.3 115.3 115.3 115.3 115.3 115.3 115.3 115.3 115.3 115.3 115.3 115.3 115.3 115.3 115.3 115.3 115.3 115.3 115.3 115.3 115.3 115.3 115.3 115.3 115.3 
115.3 115.3 115.3 115.3 115.3 115.3 115.3 115.3 115.3 115.3 115.3 115.3 115.3 115.3 115.3 115.3 115.3 115.3 115.3 115.3 115.3 115.3 115.3 115.3 115.3 115.3 115.3 115.3 115.3 115.3 115.3 115.3 115.3 115.3 115.3 115.3 115.3 115.3 115.3 115.3 115.3 115.3 115.3 115.3 115.3 115.3 115.3 115.3 115.3 115.3 115.3 115.3 115.3 115.3 115.3 115.3 115.3 115.3 115.3 
115.3 115.3 115.3 115.3 115.3 115.3 115.3 115.3 115.3 115.3 115.3 115.3 115.3 115.3 115.3 115.3 115.3 115.3 115.3 115.3 115.3 115.3 115.3 115.3 115.3 115.3 115.3 115.3 115.3 115.3 115.3 115.3 115.3 115.3 115.3 115.3 115.3 115.3 115.3 115.3 115.3 115.3 115.3 115.3 115.3 115.3 115.3 115.3 115.3 115.3 115.3 115.3 115.3 115.3 115.3 115.3 115.3 115.3 115.3 
115.3 115.3 115.3 115.3 115.3 115.3 115.3 115.3 115.3 115.3 115.3 115.3 115.3 115.3 115.3 115.3 115.3 115.3 115.3 115.3 115.3 115.3 115.3 115.3 115.3 115.3 115.3 115.3 115.3 115.3 115.3 115.3 115.3 115.3 115.3 115.3 115.3 115.3 115.3 115.3 115.3 115.3 115.3 115.3 115.3 115.3 115.3 115.3 115.3 115.3 115.3 115.3 115.3 115.3 115.3 115.3 115.3 115.3 115.3 
115.3 115.3 115.3 115.3 115.3 115.3 115.3 115.3 115.3 115.3 115.3 115.3 115.3 115.3 115.3 115.3 115.3 115.3 115.3 115.3 115.3 115.3 115.3 115.3 115.3 115.3 115.3 115.3 115.3 115.3 115.3 115.3 115.3 115.3 115.3 115.3 115.3 115.3 115.3 115.3 115.3 115.3 115.3 115.3 115.3 115.3 115.3 115.3 115.3 115.3 115.3 115.3 115.3 115.3 115.3 115.3 115.3 115.3 115.3 
