511 511 0 511 511 0 319 319 319 319 319 511 319 319 319 511 511 12 12 511 511 511 0 511 511 511 511 0 511 511 511 511 511 511 511 511 511 511 511 511 511 511 511 511 511 0 4 511 511 72 511 511 511 511 511 76 511 511 34 
511 511 511 0 319 319 0 319 319 150 72 511 0 319 319 319 319 319 0 319 319 319 0 319 319 511 511 511 511 511 0 511 511 511 0 511 351 511 0 511 511 511 511 511 511 511 20 511 511 72 511 511 511 0 511 511 511 511 511 
511 319 511 511 319 0 319 0 511 150 511 72 319 0 319 511 319 319 511 319 319 319 511 511 511 511 511 511 511 0 0 0 511 511 511 511 511 511 511 511 511 511 511 511 511 511 0 0 511 0 511 511 511 511 28 511 0 511 511 
511 511 511 0 319 319 319 319 319 319 511 319 511 511 0 511 0 511 511 319 0 0 511 511 511 0 511 0 511 20 250 511 29 511 511 511 0 511 511 26 511 0 511 511 0 511 511 447 447 0 511 511 511 511 511 26 511 0 511 
511 511 511 319 319 30 319 0 511 0 447 319 511 511 511 511 511 511 511 511 511 0 511 511 511 511 511 511 511 511 511 511 511 511 511 319 511 511 511 511 511 511 511 511 0 511 511 511 511 511 511 511 511 511 511 511 0 511 0 
511 511 511 0 319 319 319 319 511 26 511 0 511 511 511 511 0 0 511 511 511 511 511 511 511 0 0 511 511 511 511 511 511 511 511 511 511 511 511 351 511 511 511 0 511 511 0 254 511 511 511 0 0 511 0 511 28 511 0 
0 319 28 511 511 0 0 511 511 0 511 511 511 0 511 511 511 511 511 511 511 511 511 511 511 511 0 511 511 511 511 511 0 511 511 511 26 511 511 511 351 511 12 511 511 511 511 254 511 0 0 511 511 511 511 511 511 511 511 
0 319 511 0 511 511 319 511 0 26 511 511 511 511 511 511 511 511 511 511 511 511 511 511 511 511 511 511 0 26 511 511 511 511 511 511 511 511 0 511 511 511 439 511 511 511 511 511 0 511 50 511 511 511 29 511 511 511 511 
0 511 0 511 511 447 447 511 511 0 511 4 511 0 511 0 0 0 511 511 511 511 0 0 511 511 50 511 511 0 511 511 511 511 511 511 511 0 0 511 511 439 26 511 0 511 511 511 511 511 511 0 511 511 511 0 0 351 511 
319 511 511 511 447 447 29 319 447 511 0 0 511 511 511 511 511 511 0 0 511 511 511 511 12 511 511 0 511 21 511 250 511 511 511 4 511 72 0 511 511 511 511 4 511 0 511 319 511 511 0 0 511 319 511 511 511 511 351 
511 447 511 447 447 0 447 447 511 0 511 0 0 511 0 511 511 511 511 511 511 511 511 0 12 511 511 511 511 511 511 511 0 511 511 511 511 511 511 511 511 511 511 511 511 511 319 511 511 0 351 511 0 511 0 511 511 511 511 
447 511 511 0 220 511 447 511 511 0 511 0 511 511 511 511 511 0 511 511 0 511 511 511 511 511 511 511 511 0 511 511 511 511 511 511 511 511 511 511 511 511 511 511 511 0 511 511 511 0 511 511 0 511 511 511 511 511 511 
0 447 511 0 511 511 511 511 511 511 511 511 0 511 511 511 511 511 511 511 0 511 511 511 511 0 511 511 511 0 511 415 511 511 511 511 511 511 511 0 511 511 511 511 511 511 511 511 511 511 407 511 511 511 511 511 511 511 511 
511 0 511 511 511 511 511 0 511 511 511 511 511 511 511 511 511 511 511 511 511 511 511 511 447 511 0 511 0 511 511 511 511 511 511 511 511 0 511 511 511 511 511 0 511 511 511 511 511 8 511 511 0 447 511 511 511 511 0 
447 511 0 26 0 8 511 511 0 511 511 511 511 26 511 0 511 383 0 511 511 12 511 511 511 511 511 0 4 0 511 0 511 89 511 0 0 511 511 511 511 0 511 511 511 511 511 511 511 72 511 511 447 511 0 511 511 511 85 
511 447 511 12 511 511 511 511 511 511 511 0 0 511 511 511 0 511 0 511 511 511 511 511 0 511 511 511 511 511 511 511 511 0 511 511 511 511 511 511 26 511 511 0 511 407 511 511 511 511 72 511 511 511 511 511 511 511 511 
511 511 511 447 447 447 511 0 511 511 511 511 511 511 511 0 511 511 28 511 511 511 511 511 511 511 511 511 511 511 511 511 0 511 511 511 0 511 0 0 511 511 511 511 511 511 511 511 511 511 511 511 0 511 511 511 511 511 511 
0 511 26 447 447 447 511 511 511 511 511 511 511 511 511 511 511 511 511 0 0 511 72 511 511 0 511 72 0 511 511 511 511 511 0 511 511 31 12 511 26 511 511 511 511 511 0 511 511 511 511 511 511 511 511 511 511 511 0 
0 26 511 511 511 511 511 511 511 511 511 511 511 0 511 511 0 511 511 0 0 511 511 511 511 511 511 0 511 511 26 511 0 511 511 511 511 511 511 511 511 0 511 511 0 511 511 511 0 511 511 511 511 511 511 511 511 511 511 
511 511 511 407 511 511 511 511 511 511 511 511 0 0 511 511 511 511 447 511 511 511 511 511 511 511 0 511 511 511 511 511 511 511 28 511 4 17 511 511 511 511 0 511 511 511 511 511 511 511 511 511 511 511 0 511 511 511 511 
511 511 0 511 0 511 511 511 511 0 511 0 511 511 511 511 511 511 0 511 511 511 511 0 511 0 511 511 511 511 511 511 511 511 511 511 511 511 511 511 511 511 511 511 511 26 26 0 511 511 511 511 0 0 511 511 511 511 511 
511 511 511 511 511 511 0 511 511 511 279 511 511 511 0 511 511 511 511 511 511 0 511 511 511 28 0 511 511 511 511 511 511 0 511 0 511 0 511 511 0 511 8 511 511 511 511 0 26 511 4 0 511 511 4 511 511 511 511 
511 511 511 511 511 511 511 250 511 250 511 511 511 511 0 511 511 511 511 511 511 511 0 511 511 511 511 511 511 511 511 511 511 511 476 0 0 511 511 511 30 511 511 511 511 511 511 511 511 0 0 0 511 4 511 511 511 0 511 
511 84 511 511 511 511 511 511 511 511 0 511 511 511 511 511 511 0 511 511 511 511 511 511 511 511 29 511 511 511 511 511 511 0 511 511 511 511 0 511 511 511 0 28 511 511 511 511 511 511 0 511 0 511 511 511 64 511 511 
511 511 511 511 511 511 511 511 511 511 511 511 511 0 511 511 511 511 511 511 511 511 511 0 511 511 0 511 511 511 511 0 511 0 511 0 511 511 511 2 28 511 0 511 0 511 511 511 511 511 511 511 511 511 511 511 511 511 511 
511 511 511 511 0 511 511 511 511 511 511 511 0 511 511 511 511 511 511 511 511 511 30 511 511 511 28 511 511 511 511 511 0 511 511 511 511 511 0 511 511 511 511 511 511 0 26 511 511 511 511 511 511 511 511 511 0 511 511 
511 26 511 511 511 511 72 511 511 511 511 511 511 0 511 511 511 511 0 0 511 511 511 511 511 0 0 511 511 511 511 447 511 511 511 511 511 511 511 511 511 0 511 0 511 511 0 511 0 0 511 511 511 511 511 511 511 0 511 
511 511 80 0 511 511 0 0 511 511 89 511 511 511 511 0 511 511 0 511 511 511 25 511 511 0 511 511 511 0 31 511 511 511 511 0 511 511 511 511 511 511 26 511 0 511 511 511 0 511 511 511 511 511 0 511 511 511 511 
511 511 511 511 511 511 511 511 511 511 511 511 24 511 511 511 511 511 511 511 511 511 0 511 55 511 511 0 511 511 0 511 511 511 0 511 511 511 511 511 255 511 511 511 511 511 511 16 0 511 511 511 511 0 511 511 511 511 511 
511 511 511 511 511 511 511 511 511 511 0 511 511 511 511 511 511 511 511 511 511 511 511 511 511 55 511 447 0 511 511 511 4 0 511 511 511 511 511 511 511 34 511 511 511 511 511 0 511 511 511 511 511 511 511 511 511 511 0 
511 511 511 0 80 511 511 511 511 511 511 0 511 511 447 511 511 511 0 511 511 511 511 511 511 511 0 0 511 0 511 0 511 511 511 511 511 511 511 511 511 0 511 191 511 511 511 511 90 511 511 511 511 511 89 511 511 0 511 
511 511 511 80 511 511 511 511 511 511 511 511 511 511 511 511 511 511 511 511 511 511 511 485 4 511 511 511 511 511 511 511 21 511 511 511 0 511 511 511 511 511 511 12 0 0 0 12 511 511 511 0 511 511 511 511 511 0 511 
511 0 0 511 511 0 511 511 511 511 511 511 511 511 511 0 511 88 511 511 511 511 511 511 511 511 511 511 0 0 24 0 511 511 0 0 0 511 511 511 511 511 511 511 511 511 511 26 12 511 511 511 0 511 511 511 511 511 511 
511 511 511 511 511 511 511 511 511 511 511 511 26 511 511 511 511 511 79 511 511 511 511 511 407 511 511 511 4 511 511 0 511 511 511 0 0 511 511 511 511 511 511 511 511 511 0 511 26 511 63 511 511 511 4 511 511 511 511 
0 0 511 0 511 511 511 511 511 511 511 20 511 511 38 0 511 511 511 319 319 511 511 0 511 511 511 0 511 511 511 511 0 511 511 0 511 511 0 0 250 511 511 511 511 511 511 0 511 511 511 511 511 511 0 0 511 511 511 
26 511 511 511 511 511 511 511 511 511 21 511 511 0 511 511 0 511 511 511 511 511 0 511 511 511 511 0 511 511 511 511 511 254 511 511 511 0 511 0 511 511 511 4 511 511 511 0 80 511 511 511 511 12 511 72 0 511 511 
511 511 0 511 0 511 12 0 0 511 0 511 511 511 0 0 511 21 511 511 511 511 511 511 511 511 511 511 0 511 511 511 511 511 0 511 511 0 511 511 511 511 511 4 0 511 511 511 511 511 511 511 511 511 0 0 0 0 511 
511 0 511 0 511 511 12 511 511 511 511 511 511 0 89 511 511 511 21 511 511 511 511 511 511 511 511 511 511 511 511 511 511 511 511 511 511 511 511 511 511 511 511 511 0 511 511 511 511 511 511 511 511 511 511 511 511 511 511 
0 511 511 511 511 511 511 511 511 511 511 511 511 511 511 511 511 511 0 511 511 511 0 362 511 511 511 511 511 511 511 0 511 511 511 0 511 511 0 511 511 511 511 511 30 511 511 0 511 0 511 511 511 511 511 511 511 511 511 
0 511 511 0 511 0 511 0 0 511 0 511 511 0 319 0 511 511 511 511 511 511 511 511 511 511 511 511 511 511 0 0 0 511 511 511 511 511 88 26 511 0 511 0 511 511 511 511 511 511 511 511 20 511 511 511 64 511 511 
0 511 511 511 511 511 511 511 511 511 511 78 511 0 21 0 511 511 511 511 511 0 511 26 511 511 511 21 0 511 511 511 511 0 511 511 12 511 511 0 511 511 511 511 511 511 511 511 511 511 511 511 511 12 511 511 511 511 0 
511 511 511 0 511 8 511 511 0 511 4 0 511 511 511 511 511 511 6 511 511 511 511 0 511 511 511 511 511 511 511 0 511 511 511 511 511 12 511 438 511 511 511 511 0 511 511 511 511 511 511 511 511 511 511 511 0 511 511 
511 511 511 511 0 511 511 511 511 511 511 220 0 511 0 511 511 351 511 511 511 511 511 511 511 511 511 220 511 0 447 89 511 511 511 511 511 28 511 191 511 511 511 511 511 0 0 0 511 0 511 511 511 511 511 511 511 511 447 
511 511 511 511 511 511 362 511 511 511 511 0 511 511 511 511 511 511 511 511 0 0 511 511 511 511 511 511 511 511 511 511 511 0 511 511 511 485 447 511 12 511 0 511 511 511 12 511 511 0 511 511 0 0 511 511 0 447 511 
511 511 0 0 511 511 0 511 511 511 511 511 0 511 0 511 511 511 511 511 511 511 511 511 511 511 511 511 511 0 0 511 0 511 31 0 511 0 511 511 511 511 511 511 511 511 511 511 511 0 511 55 0 511 511 511 90 511 511 
0 511 511 0 511 511 511 511 511 511 511 511 511 511 511 0 0 511 511 0 511 511 511 511 511 511 511 511 511 511 511 511 511 26 511 0 511 511 511 511 511 511 511 511 88 511 511 511 511 511 0 55 511 511 511 511 511 511 511 
511 511 511 0 511 511 511 511 511 511 511 511 511 511 511 0 511 511 511 511 511 511 511 0 511 511 511 511 0 511 511 511 413 511 0 511 511 511 0 511 511 511 511 319 0 511 511 511 511 511 511 511 0 511 511 511 511 511 55 
511 511 0 511 511 507 511 511 6 80 511 0 511 511 407 511 0 0 511 511 29 511 0 0 0 511 0 511 511 511 511 0 511 511 511 55 255 255 511 0 0 511 0 511 511 0 511 511 18 511 511 511 511 511 511 511 511 511 511 
511 511 511 511 507 507 507 0 6 511 511 511 511 407 0 511 511 383 511 511 511 511 511 511 511 0 511 511 0 511 511 511 319 511 511 49 511 511 511 511 0 511 511 511 511 511 0 18 511 0 511 511 511 511 511 511 511 0 511 
76 0 511 507 507 507 0 507 507 511 511 511 0 511 511 511 0 511 511 0 511 0 511 511 511 26 511 30 362 511 511 511 511 511 511 0 511 511 511 511 511 511 511 0 31 0 511 0 511 511 0 511 0 511 511 511 0 511 511 
511 26 507 0 0 507 20 507 507 507 0 0 511 511 511 511 511 0 0 511 0 0 0 511 511 511 511 511 18 511 511 511 511 511 0 511 511 511 511 511 0 511 511 511 511 511 511 511 511 511 511 511 0 511 0 511 511 511 511 
0 511 507 507 507 507 511 0 507 507 0 507 511 0 511 511 511 0 511 511 511 511 511 511 511 511 511 511 511 0 511 89 511 93 511 22 511 511 511 511 511 12 511 0 511 191 511 28 0 511 511 511 511 511 285 511 511 0 511 
511 511 12 511 507 507 76 511 507 507 511 511 511 511 511 511 511 0 511 511 511 511 511 511 511 0 511 511 511 511 511 511 511 511 511 0 511 511 0 0 0 511 511 511 511 511 511 511 511 0 511 511 511 511 511 30 511 447 511 
511 0 0 511 507 507 0 511 511 511 507 0 511 511 511 511 0 0 511 76 511 511 511 511 511 476 511 511 511 511 511 0 511 511 511 511 511 511 511 511 511 0 511 511 511 511 250 511 511 511 511 511 511 511 511 511 511 511 511 
511 511 511 0 0 507 507 0 0 0 507 0 507 511 0 511 511 511 511 0 511 0 511 476 476 511 511 511 511 511 511 511 511 511 511 511 511 479 511 447 511 0 511 0 511 511 511 511 511 511 511 511 511 511 511 447 0 511 0 
511 511 511 511 507 507 507 507 511 507 0 507 511 55 30 511 511 511 511 511 511 511 511 511 0 250 0 511 0 511 511 511 511 319 511 511 511 511 511 511 511 0 0 511 511 511 511 511 0 0 0 511 511 511 511 511 511 0 511 
511 511 507 511 507 26 507 511 507 507 0 248 281 0 0 511 0 89 511 511 0 0 511 511 511 511 511 511 22 511 511 511 511 511 319 0 511 511 511 511 511 511 511 511 0 511 0 511 511 0 511 511 511 511 511 511 511 511 511 
511 511 511 507 511 511 511 511 511 511 0 511 511 507 507 0 507 511 511 511 511 511 511 511 511 0 511 20 511 22 511 511 511 0 511 511 511 511 511 511 0 511 511 511 511 0 511 511 76 0 511 511 511 511 511 511 0 511 511 
511 511 511 511 511 511 511 511 511 0 511 511 511 0 507 0 511 511 511 511 511 511 511 511 511 511 511 12 447 447 511 511 84 511 511 511 511 511 511 511 511 511 0 511 511 511 511 511 511 511 0 511 0 511 511 511 511 511 0 
