9944.47 9944.47 9944.47 9944.47 9944.47 9944.47 9944.47 9944.47 9944.47 9944.47 9944.47 9944.47 9944.47 9944.47 9944.47 9944.47 9944.47 9944.47 9944.47 9944.47 9944.47 9944.47 9944.47 9944.47 9944.47 9944.47 9944.47 9944.47 9944.47 9944.47 9944.47 9944.47 9944.47 9944.47 9944.47 9944.47 9944.47 9944.47 9944.47 9944.47 9944.47 9944.47 9944.47 9944.47 9944.47 9944.47 9944.47 9944.47 9944.47 9944.47 9944.47 9944.47 9944.47 9944.47 9944.47 9944.47 9944.47 9944.47 9944.47 
9944.47 9944.47 9944.47 9944.47 9944.47 9944.47 9944.47 9944.47 9944.47 9944.47 9944.47 9944.47 9944.47 9944.47 9944.47 9944.47 9944.47 9944.47 9944.47 9944.47 9944.47 9944.47 9944.47 9944.47 9944.47 9944.47 9944.47 9944.47 9944.47 9944.47 9944.47 9944.47 9944.47 9944.47 9944.47 9944.47 9944.47 9944.47 9944.47 9944.47 9944.47 9944.47 9944.47 9944.47 9944.47 9944.47 9944.47 9944.47 9944.47 9944.47 9944.47 9944.47 9944.47 9944.47 9944.47 9944.47 9944.47 9944.47 9944.47 
9944.47 9944.47 9944.47 9944.47 9944.47 9944.47 9944.47 9944.47 9944.47 9944.47 9944.47 9944.47 9944.47 9944.47 9944.47 9944.47 9944.47 9944.47 9944.47 9944.47 9944.47 9944.47 9944.47 9944.47 9944.47 9944.47 9944.47 9944.47 9944.47 9944.47 9944.47 9944.47 9944.47 9944.47 9944.47 9944.47 9944.47 9944.47 9944.47 9944.47 9944.47 9944.47 9944.47 9944.47 9944.47 9944.47 9944.47 9944.47 9944.47 9944.47 9944.47 9944.47 9944.47 9944.47 9944.47 9944.47 9944.47 9944.47 9944.47 
9944.47 9944.47 9944.47 9944.47 9944.47 9944.47 9944.47 9944.47 9944.47 9944.47 9944.47 9944.47 9944.47 9944.47 9944.47 9944.47 9944.47 9944.47 9944.47 9944.47 9944.47 9944.47 9944.47 9944.47 9944.47 9944.47 9944.47 9944.47 9944.47 9944.47 9944.47 9944.47 9944.47 9944.47 9944.47 9944.47 9944.47 9944.47 9944.47 9944.47 9944.47 9944.47 9944.47 9944.47 9944.47 9944.47 9944.47 9944.47 9944.47 9944.47 9944.47 9944.47 9944.47 9944.47 9944.47 9944.47 9944.47 9944.47 9944.47 
9944.47 9944.47 9944.47 9944.47 9944.47 9944.47 9944.47 9944.47 9944.47 9944.47 9944.47 9944.47 9944.47 9944.47 9944.47 9944.47 9944.47 9944.47 9944.47 9944.47 9944.47 9944.47 9944.47 9944.47 9944.47 9944.47 9944.47 9944.47 9944.47 9944.47 9944.47 9944.47 9944.47 9944.47 9944.47 9944.47 9944.47 9944.47 9944.47 9944.47 9944.47 9944.47 9944.47 9944.47 9944.47 9944.47 9944.47 9944.47 9944.47 9944.47 9944.47 9944.47 9944.47 9944.47 9944.47 9944.47 9944.47 9944.47 9944.47 
9944.47 9944.47 9944.47 9944.47 9944.47 9944.47 9944.47 9944.47 9944.47 9944.47 9944.47 9944.47 9944.47 9944.47 9944.47 9944.47 9944.47 9944.47 9944.47 9944.47 9944.47 9944.47 9944.47 9944.47 9944.47 9944.47 9944.47 9944.47 9944.47 9944.47 9944.47 9944.47 9944.47 9944.47 9944.47 9944.47 9944.47 9944.47 9944.47 9944.47 9944.47 9944.47 9944.47 9944.47 9944.47 9944.47 9944.47 9944.47 9944.47 9944.47 9944.47 9944.47 9944.47 9944.47 9944.47 9944.47 9944.47 9944.47 9944.47 
9944.47 9944.47 9944.47 9944.47 9944.47 9944.47 9944.47 9944.47 9944.47 9944.47 9944.47 9944.47 9944.47 9944.47 9944.47 9944.47 9944.47 9944.47 9944.47 9944.47 9944.47 9944.47 9944.47 9944.47 9944.47 9944.47 9944.47 9944.47 9944.47 9944.47 9944.47 9944.47 9944.47 9944.47 9944.47 9944.47 9944.47 9944.47 9944.47 9944.47 9944.47 9944.47 9944.47 9944.47 9944.47 9944.47 9944.47 9944.47 9944.47 9944.47 9944.47 9944.47 9944.47 9944.47 9944.47 9944.47 9944.47 9944.47 9944.47 
9944.47 9944.47 9944.47 9944.47 9944.47 9944.47 9944.47 9944.47 9944.47 9944.47 9944.47 9944.47 9944.47 9944.47 9944.47 9944.47 9944.47 9944.47 9944.47 9944.47 9944.47 9944.47 9944.47 9944.47 9944.47 9944.47 9944.47 9944.47 9944.47 9944.47 9944.47 9944.47 9944.47 9944.47 9944.47 9944.47 9944.47 9944.47 9944.47 9944.47 9944.47 9944.47 9944.47 9944.47 9944.47 9944.47 9944.47 9944.47 9944.47 9944.47 9944.47 9944.47 9944.47 9944.47 9944.47 9944.47 9944.47 9944.47 9944.47 
9944.47 9944.47 9944.47 9944.47 9944.47 9944.47 9944.47 9944.47 9944.47 9944.47 9944.47 9944.47 9944.47 9944.47 9944.47 9944.47 9944.47 9944.47 9944.47 9944.47 9944.47 9944.47 9944.47 9944.47 9944.47 9944.47 9944.47 9944.47 9944.47 9944.47 9944.47 9944.47 9944.47 9944.47 9944.47 9944.47 9944.47 9944.47 9944.47 9944.47 9944.47 9944.47 9944.47 9944.47 9944.47 9944.47 9944.47 9944.47 9944.47 9944.47 9944.47 9944.47 9944.47 9944.47 9944.47 9944.47 9944.47 9944.47 9944.47 
9944.47 9944.47 9944.47 9944.47 9944.47 9944.47 9944.47 9944.47 9944.47 9944.47 9944.47 9944.47 9944.47 9944.47 9944.47 9944.47 9944.47 9944.47 9944.47 9944.47 9944.47 9944.47 9944.47 9944.47 9944.47 9944.47 9944.47 9944.47 9944.47 9944.47 9944.47 9944.47 9944.47 9944.47 9944.47 9944.47 9944.47 9944.47 9944.47 9944.47 9944.47 9944.47 9944.47 9944.47 9944.47 9944.47 9944.47 9944.47 9944.47 9944.47 9944.47 9944.47 9944.47 9944.47 9944.47 9944.47 9944.47 9944.47 9944.47 
9944.47 9944.47 9944.47 9944.47 9944.47 9944.47 9944.47 9944.47 9944.47 9944.47 9944.47 9944.47 9944.47 9944.47 9944.47 9944.47 9944.47 9944.47 9944.47 9944.47 9944.47 9944.47 9944.47 9944.47 9944.47 9944.47 9944.47 9944.47 9944.47 9944.47 9944.47 9944.47 9944.47 9944.47 9944.47 9944.47 9944.47 9944.47 9944.47 9944.47 9944.47 9944.47 9944.47 9944.47 9944.47 9944.47 9944.47 9944.47 9944.47 9944.47 9944.47 9944.47 9944.47 9944.47 9944.47 9944.47 9944.47 9944.47 9944.47 
9944.47 9944.47 9944.47 9944.47 9944.47 9944.47 9944.47 9944.47 9944.47 9944.47 9944.47 9944.47 9944.47 9944.47 9944.47 9944.47 9944.47 9944.47 9944.47 9944.47 9944.47 9944.47 9944.47 9944.47 9944.47 9944.47 9944.47 9944.47 9944.47 9944.47 9944.47 9944.47 9944.47 9944.47 9944.47 9944.47 9944.47 9944.47 9944.47 9944.47 9944.47 9944.47 9944.47 9944.47 9944.47 9944.47 9944.47 9944.47 9944.47 9944.47 9944.47 9944.47 9944.47 9944.47 9944.47 9944.47 9944.47 9944.47 9944.47 
9944.47 9944.47 9944.47 9944.47 9944.47 9944.47 9944.47 9944.47 9944.47 9944.47 9944.47 9944.47 9944.47 9944.47 9944.47 9944.47 9944.47 9944.47 9944.47 9944.47 9944.47 9944.47 9944.47 9944.47 9944.47 9944.47 9944.47 9944.47 9944.47 9944.47 9944.47 9944.47 9944.47 9944.47 9944.47 9944.47 9944.47 9944.47 9944.47 9944.47 9944.47 9944.47 9944.47 9944.47 9944.47 9944.47 9944.47 9944.47 9944.47 9944.47 9944.47 9944.47 9944.47 9944.47 9944.47 9944.47 9944.47 9944.47 9944.47 
9944.47 9944.47 9944.47 9944.47 9944.47 9944.47 9944.47 9944.47 9944.47 9944.47 9944.47 9944.47 9944.47 9944.47 9944.47 9944.47 9944.47 9944.47 9944.47 9944.47 9944.47 9944.47 9944.47 9944.47 9944.47 9944.47 9944.47 9944.47 9944.47 9944.47 9944.47 9944.47 9944.47 9944.47 9944.47 9944.47 9944.47 9944.47 9944.47 9944.47 9944.47 9944.47 9944.47 9944.47 9944.47 9944.47 9944.47 9944.47 9944.47 9944.47 9944.47 9944.47 9944.47 9944.47 9944.47 9944.47 9944.47 9944.47 9944.47 
9944.47 9944.47 9944.47 9944.47 9944.47 9944.47 9944.47 9944.47 9944.47 9944.47 9944.47 9944.47 9944.47 9944.47 9944.47 9944.47 9944.47 9944.47 9944.47 9944.47 9944.47 9944.47 9944.47 9944.47 9944.47 9944.47 9944.47 9944.47 9944.47 9944.47 9944.47 9944.47 9944.47 9944.47 9944.47 9944.47 9944.47 9944.47 9944.47 9944.47 9944.47 9944.47 9944.47 9944.47 9944.47 9944.47 9944.47 9944.47 9944.47 9944.47 9944.47 9944.47 9944.47 9944.47 9944.47 9944.47 9944.47 9944.47 9944.47 
9944.47 9944.47 9944.47 9944.47 9944.47 9944.47 9944.47 9944.47 9944.47 9944.47 9944.47 9944.47 9944.47 9944.47 9944.47 9944.47 9944.47 9944.47 9944.47 9944.47 9944.47 9944.47 9944.47 9944.47 9944.47 9944.47 9944.47 9944.47 9944.47 9944.47 9944.47 9944.47 9944.47 9944.47 9944.47 9944.47 9944.47 9944.47 9944.47 9944.47 9944.47 9944.47 9944.47 9944.47 9944.47 9944.47 9944.47 9944.47 9944.47 9944.47 9944.47 9944.47 9944.47 9944.47 9944.47 9944.47 9944.47 9944.47 9944.47 
9944.47 9944.47 9944.47 9944.47 9944.47 9944.47 9944.47 9944.47 9944.47 9944.47 9944.47 9944.47 9944.47 9944.47 9944.47 9944.47 9944.47 9944.47 9944.47 9944.47 9944.47 9944.47 9944.47 9944.47 9944.47 9944.47 9944.47 9944.47 9944.47 9944.47 9944.47 9944.47 9944.47 9944.47 9944.47 9944.47 9944.47 9944.47 9944.47 9944.47 9944.47 9944.47 9944.47 9944.47 9944.47 9944.47 9944.47 9944.47 9944.47 9944.47 9944.47 9944.47 9944.47 9944.47 9944.47 9944.47 9944.47 9944.47 9944.47 
9944.47 9944.47 9944.47 9944.47 9944.47 9944.47 9944.47 9944.47 9944.47 9944.47 9944.47 9944.47 9944.47 9944.47 9944.47 9944.47 9944.47 9944.47 9944.47 9944.47 9944.47 9944.47 9944.47 9944.47 9944.47 9944.47 9944.47 9944.47 9944.47 9944.47 9944.47 9944.47 9944.47 9944.47 9944.47 9944.47 9944.47 9944.47 9944.47 9944.47 9944.47 9944.47 9944.47 9944.47 9944.47 9944.47 9944.47 9944.47 9944.47 9944.47 9944.47 9944.47 9944.47 9944.47 9944.47 9944.47 9944.47 9944.47 9944.47 
9944.47 9944.47 9944.47 9944.47 9944.47 9944.47 9944.47 9944.47 9944.47 9944.47 9944.47 9944.47 9944.47 9944.47 9944.47 9944.47 9944.47 9944.47 9944.47 9944.47 9944.47 9944.47 9944.47 9944.47 9944.47 9944.47 9944.47 9944.47 9944.47 9944.47 9944.47 9944.47 9944.47 9944.47 9944.47 9944.47 9944.47 9944.47 9944.47 9944.47 9944.47 9944.47 9944.47 9944.47 9944.47 9944.47 9944.47 9944.47 9944.47 9944.47 9944.47 9944.47 9944.47 9944.47 9944.47 9944.47 9944.47 9944.47 9944.47 
9944.47 9944.47 9944.47 9944.47 9944.47 9944.47 9944.47 9944.47 9944.47 9944.47 9944.47 9944.47 9944.47 9944.47 9944.47 9944.47 9944.47 9944.47 9944.47 9944.47 9944.47 9944.47 9944.47 9944.47 9944.47 9944.47 9944.47 9944.47 9944.47 9944.47 9944.47 9944.47 9944.47 9944.47 9944.47 9944.47 9944.47 9944.47 9944.47 9944.47 9944.47 9944.47 9944.47 9944.47 9944.47 9944.47 9944.47 9944.47 9944.47 9944.47 9944.47 9944.47 9944.47 9944.47 9944.47 9944.47 9944.47 9944.47 9944.47 
9944.47 9944.47 9944.47 9944.47 9944.47 9944.47 9944.47 9944.47 9944.47 9944.47 9944.47 9944.47 9944.47 9944.47 9944.47 9944.47 9944.47 9944.47 9944.47 9944.47 9944.47 9944.47 9944.47 9944.47 9944.47 9944.47 9944.47 9944.47 9944.47 9944.47 9944.47 9944.47 9944.47 9944.47 9944.47 9944.47 9944.47 9944.47 9944.47 9944.47 9944.47 9944.47 9944.47 9944.47 9944.47 9944.47 9944.47 9944.47 9944.47 9944.47 9944.47 9944.47 9944.47 9944.47 9944.47 9944.47 9944.47 9944.47 9944.47 
9944.47 9944.47 9944.47 9944.47 9944.47 9944.47 9944.47 9944.47 9944.47 9944.47 9944.47 9944.47 9944.47 9944.47 9944.47 9944.47 9944.47 9944.47 9944.47 9944.47 9944.47 9944.47 9944.47 9944.47 9944.47 9944.47 9944.47 9944.47 9944.47 9944.47 9944.47 9944.47 9944.47 9944.47 9944.47 9944.47 9944.47 9944.47 9944.47 9944.47 9944.47 9944.47 9944.47 9944.47 9944.47 9944.47 9944.47 9944.47 9944.47 9944.47 9944.47 9944.47 9944.47 9944.47 9944.47 9944.47 9944.47 9944.47 9944.47 
9944.47 9944.47 9944.47 9944.47 9944.47 9944.47 9944.47 9944.47 9944.47 9944.47 9944.47 9944.47 9944.47 9944.47 9944.47 9944.47 9944.47 9944.47 9944.47 9944.47 9944.47 9944.47 9944.47 9944.47 9944.47 9944.47 9944.47 9944.47 9944.47 9944.47 9944.47 9944.47 9944.47 9944.47 9944.47 9944.47 9944.47 9944.47 9944.47 9944.47 9944.47 9944.47 9944.47 9944.47 9944.47 9944.47 9944.47 9944.47 9944.47 9944.47 9944.47 9944.47 9944.47 9944.47 9944.47 9944.47 9944.47 9944.47 9944.47 
9944.47 9944.47 9944.47 9944.47 9944.47 9944.47 9944.47 9944.47 9944.47 9944.47 9944.47 9944.47 9944.47 9944.47 9944.47 9944.47 9944.47 9944.47 9944.47 9944.47 9944.47 9944.47 9944.47 9944.47 9944.47 9944.47 9944.47 9944.47 9944.47 9944.47 9944.47 9944.47 9944.47 9944.47 9944.47 9944.47 9944.47 9944.47 9944.47 9944.47 9944.47 9944.47 9944.47 9944.47 9944.47 9944.47 9944.47 9944.47 9944.47 9944.47 9944.47 9944.47 9944.47 9944.47 9944.47 9944.47 9944.47 9944.47 9944.47 
9944.47 9944.47 9944.47 9944.47 9944.47 9944.47 9944.47 9944.47 9944.47 9944.47 9944.47 9944.47 9944.47 9944.47 9944.47 9944.47 9944.47 9944.47 9944.47 9944.47 9944.47 9944.47 9944.47 9944.47 9944.47 9944.47 9944.47 9944.47 9944.47 9944.47 9944.47 9944.47 9944.47 9944.47 9944.47 9944.47 9944.47 9944.47 9944.47 9944.47 9944.47 9944.47 9944.47 9944.47 9944.47 9944.47 9944.47 9944.47 9944.47 9944.47 9944.47 9944.47 9944.47 9944.47 9944.47 9944.47 9944.47 9944.47 9944.47 
9944.47 9944.47 9944.47 9944.47 9944.47 9944.47 9944.47 9944.47 9944.47 9944.47 9944.47 9944.47 9944.47 9944.47 9944.47 9944.47 9944.47 9944.47 9944.47 9944.47 9944.47 9944.47 9944.47 9944.47 9944.47 9944.47 9944.47 9944.47 9944.47 9944.47 9944.47 9944.47 9944.47 9944.47 9944.47 9944.47 9944.47 9944.47 9944.47 9944.47 9944.47 9944.47 9944.47 9944.47 9944.47 9944.47 9944.47 9944.47 9944.47 9944.47 9944.47 9944.47 9944.47 9944.47 9944.47 9944.47 9944.47 9944.47 9944.47 
9944.47 9944.47 9944.47 9944.47 9944.47 9944.47 9944.47 9944.47 9944.47 9944.47 9944.47 9944.47 9944.47 9944.47 9944.47 9944.47 9944.47 9944.47 9944.47 9944.47 9944.47 9944.47 9944.47 9944.47 9944.47 9944.47 9944.47 9944.47 9944.47 9944.47 9944.47 9944.47 9944.47 9944.47 9944.47 9944.47 9944.47 9944.47 9944.47 9944.47 9944.47 9944.47 9944.47 9944.47 9944.47 9944.47 9944.47 9944.47 9944.47 9944.47 9944.47 9944.47 9944.47 9944.47 9944.47 9944.47 9944.47 9944.47 9944.47 
9944.47 9944.47 9944.47 9944.47 9944.47 9944.47 9944.47 9944.47 9944.47 9944.47 9944.47 9944.47 9944.47 9944.47 9944.47 9944.47 9944.47 9944.47 9944.47 9944.47 9944.47 9944.47 9944.47 9944.47 9944.47 9944.47 9944.47 9944.47 9944.47 9944.47 9944.47 9944.47 9944.47 9944.47 9944.47 9944.47 9944.47 9944.47 9944.47 9944.47 9944.47 9944.47 9944.47 9944.47 9944.47 9944.47 9944.47 9944.47 9944.47 9944.47 9944.47 9944.47 9944.47 9944.47 9944.47 9944.47 9944.47 9944.47 9944.47 
9944.47 9944.47 9944.47 9944.47 9944.47 9944.47 9944.47 9944.47 9944.47 9944.47 9944.47 9944.47 9944.47 9944.47 9944.47 9944.47 9944.47 9944.47 9944.47 9944.47 9944.47 9944.47 9944.47 9944.47 9944.47 9944.47 9944.47 9944.47 9944.47 9944.47 9944.47 9944.47 9944.47 9944.47 9944.47 9944.47 9944.47 9944.47 9944.47 9944.47 9944.47 9944.47 9944.47 9944.47 9944.47 9944.47 9944.47 9944.47 9944.47 9944.47 9944.47 9944.47 9944.47 9944.47 9944.47 9944.47 9944.47 9944.47 9944.47 
9944.47 9944.47 9944.47 9944.47 9944.47 9944.47 9944.47 9944.47 9944.47 9944.47 9944.47 9944.47 9944.47 9944.47 9944.47 9944.47 9944.47 9944.47 9944.47 9944.47 9944.47 9944.47 9944.47 9944.47 9944.47 9944.47 9944.47 9944.47 9944.47 9944.47 9944.47 9944.47 9944.47 9944.47 9944.47 9944.47 9944.47 9944.47 9944.47 9944.47 9944.47 9944.47 9944.47 9944.47 9944.47 9944.47 9944.47 9944.47 9944.47 9944.47 9944.47 9944.47 9944.47 9944.47 9944.47 9944.47 9944.47 9944.47 9944.47 
9944.47 9944.47 9944.47 9944.47 9944.47 9944.47 9944.47 9944.47 9944.47 9944.47 9944.47 9944.47 9944.47 9944.47 9944.47 9944.47 9944.47 9944.47 9944.47 9944.47 9944.47 9944.47 9944.47 9944.47 9944.47 9944.47 9944.47 9944.47 9944.47 9944.47 9944.47 9944.47 9944.47 9944.47 9944.47 9944.47 9944.47 9944.47 9944.47 9944.47 9944.47 9944.47 9944.47 9944.47 9944.47 9944.47 9944.47 9944.47 9944.47 9944.47 9944.47 9944.47 9944.47 9944.47 9944.47 9944.47 9944.47 9944.47 9944.47 
9944.47 9944.47 9944.47 9944.47 9944.47 9944.47 9944.47 9944.47 9944.47 9944.47 9944.47 9944.47 9944.47 9944.47 9944.47 9944.47 9944.47 9944.47 9944.47 9944.47 9944.47 9944.47 9944.47 9944.47 9944.47 9944.47 9944.47 9944.47 9944.47 9944.47 9944.47 9944.47 9944.47 9944.47 9944.47 9944.47 9944.47 9944.47 9944.47 9944.47 9944.47 9944.47 9944.47 9944.47 9944.47 9944.47 9944.47 9944.47 9944.47 9944.47 9944.47 9944.47 9944.47 9944.47 9944.47 9944.47 9944.47 9944.47 9944.47 
9944.47 9944.47 9944.47 9944.47 9944.47 9944.47 9944.47 9944.47 9944.47 9944.47 9944.47 9944.47 9944.47 9944.47 9944.47 9944.47 9944.47 9944.47 9944.47 9944.47 9944.47 9944.47 9944.47 9944.47 9944.47 9944.47 9944.47 9944.47 9944.47 9944.47 9944.47 9944.47 9944.47 9944.47 9944.47 9944.47 9944.47 9944.47 9944.47 9944.47 9944.47 9944.47 9944.47 9944.47 9944.47 9944.47 9944.47 9944.47 9944.47 9944.47 9944.47 9944.47 9944.47 9944.47 9944.47 9944.47 9944.47 9944.47 9944.47 
9944.47 9944.47 9944.47 9944.47 9944.47 9944.47 9944.47 9944.47 9944.47 9944.47 9944.47 9944.47 9944.47 9944.47 9944.47 9944.47 9944.47 9944.47 9944.47 9944.47 9944.47 9944.47 9944.47 9944.47 9944.47 9944.47 9944.47 9944.47 9944.47 9944.47 9944.47 9944.47 9944.47 9944.47 9944.47 9944.47 9944.47 9944.47 9944.47 9944.47 9944.47 9944.47 9944.47 9944.47 9944.47 9944.47 9944.47 9944.47 9944.47 9944.47 9944.47 9944.47 9944.47 9944.47 9944.47 9944.47 9944.47 9944.47 9944.47 
9944.47 9944.47 9944.47 9944.47 9944.47 9944.47 9944.47 9944.47 9944.47 9944.47 9944.47 9944.47 9944.47 9944.47 9944.47 9944.47 9944.47 9944.47 9944.47 9944.47 9944.47 9944.47 9944.47 9944.47 9944.47 9944.47 9944.47 9944.47 9944.47 9944.47 9944.47 9944.47 9944.47 9944.47 9944.47 9944.47 9944.47 9944.47 9944.47 9944.47 9944.47 9944.47 9944.47 9944.47 9944.47 9944.47 9944.47 9944.47 9944.47 9944.47 9944.47 9944.47 9944.47 9944.47 9944.47 9944.47 9944.47 9944.47 9944.47 
9944.47 9944.47 9944.47 9944.47 9944.47 9944.47 9944.47 9944.47 9944.47 9944.47 9944.47 9944.47 9944.47 9944.47 9944.47 9944.47 9944.47 9944.47 9944.47 9944.47 9944.47 9944.47 9944.47 9944.47 9944.47 9944.47 9944.47 9944.47 9944.47 9944.47 9944.47 9944.47 9944.47 9944.47 9944.47 9944.47 9944.47 9944.47 9944.47 9944.47 9944.47 9944.47 9944.47 9944.47 9944.47 9944.47 9944.47 9944.47 9944.47 9944.47 9944.47 9944.47 9944.47 9944.47 9944.47 9944.47 9944.47 9944.47 9944.47 
9944.47 9944.47 9944.47 9944.47 9944.47 9944.47 9944.47 9944.47 9944.47 9944.47 9944.47 9944.47 9944.47 9944.47 9944.47 9944.47 9944.47 9944.47 9944.47 9944.47 9944.47 9944.47 9944.47 9944.47 9944.47 9944.47 9944.47 9944.47 9944.47 9944.47 9944.47 9944.47 9944.47 9944.47 9944.47 9944.47 9944.47 9944.47 9944.47 9944.47 9944.47 9944.47 9944.47 9944.47 9944.47 9944.47 9944.47 9944.47 9944.47 9944.47 9944.47 9944.47 9944.47 9944.47 9944.47 9944.47 9944.47 9944.47 9944.47 
9944.47 9944.47 9944.47 9944.47 9944.47 9944.47 9944.47 9944.47 9944.47 9944.47 9944.47 9944.47 9944.47 9944.47 9944.47 9944.47 9944.47 9944.47 9944.47 9944.47 9944.47 9944.47 9944.47 9944.47 9944.47 9944.47 9944.47 9944.47 9944.47 9944.47 9944.47 9944.47 9944.47 9944.47 9944.47 9944.47 9944.47 9944.47 9944.47 9944.47 9944.47 9944.47 9944.47 9944.47 9944.47 9944.47 9944.47 9944.47 9944.47 9944.47 9944.47 9944.47 9944.47 9944.47 9944.47 9944.47 9944.47 9944.47 9944.47 
9944.47 9944.47 9944.47 9944.47 9944.47 9944.47 9944.47 9944.47 9944.47 9944.47 9944.47 9944.47 9944.47 9944.47 9944.47 9944.47 9944.47 9944.47 9944.47 9944.47 9944.47 9944.47 9944.47 9944.47 9944.47 9944.47 9944.47 9944.47 9944.47 9944.47 9944.47 9944.47 9944.47 9944.47 9944.47 9944.47 9944.47 9944.47 9944.47 9944.47 9944.47 9944.47 9944.47 9944.47 9944.47 9944.47 9944.47 9944.47 9944.47 9944.47 9944.47 9944.47 9944.47 9944.47 9944.47 9944.47 9944.47 9944.47 9944.47 
9944.47 9944.47 9944.47 9944.47 9944.47 9944.47 9944.47 9944.47 9944.47 9944.47 9944.47 9944.47 9944.47 9944.47 9944.47 9944.47 9944.47 9944.47 9944.47 9944.47 9944.47 9944.47 9944.47 9944.47 9944.47 9944.47 9944.47 9944.47 9944.47 9944.47 9944.47 9944.47 9944.47 9944.47 9944.47 9944.47 9944.47 9944.47 9944.47 9944.47 9944.47 9944.47 9944.47 9944.47 9944.47 9944.47 9944.47 9944.47 9944.47 9944.47 9944.47 9944.47 9944.47 9944.47 9944.47 9944.47 9944.47 9944.47 9944.47 
9944.47 9944.47 9944.47 9944.47 9944.47 9944.47 9944.47 9944.47 9944.47 9944.47 9944.47 9944.47 9944.47 9944.47 9944.47 9944.47 9944.47 9944.47 9944.47 9944.47 9944.47 9944.47 9944.47 9944.47 9944.47 9944.47 9944.47 9944.47 9944.47 9944.47 9944.47 9944.47 9944.47 9944.47 9944.47 9944.47 9944.47 9944.47 9944.47 9944.47 9944.47 9944.47 9944.47 9944.47 9944.47 9944.47 9944.47 9944.47 9944.47 9944.47 9944.47 9944.47 9944.47 9944.47 9944.47 9944.47 9944.47 9944.47 9944.47 
9944.47 9944.47 9944.47 9944.47 9944.47 9944.47 9944.47 9944.47 9944.47 9944.47 9944.47 9944.47 9944.47 9944.47 9944.47 9944.47 9944.47 9944.47 9944.47 9944.47 9944.47 9944.47 9944.47 9944.47 9944.47 9944.47 9944.47 9944.47 9944.47 9944.47 9944.47 9944.47 9944.47 9944.47 9944.47 9944.47 9944.47 9944.47 9944.47 9944.47 9944.47 9944.47 9944.47 9944.47 9944.47 9944.47 9944.47 9944.47 9944.47 9944.47 9944.47 9944.47 9944.47 9944.47 9944.47 9944.47 9944.47 9944.47 9944.47 
9944.47 9944.47 9944.47 9944.47 9944.47 9944.47 9944.47 9944.47 9944.47 9944.47 9944.47 9944.47 9944.47 9944.47 9944.47 9944.47 9944.47 9944.47 9944.47 9944.47 9944.47 9944.47 9944.47 9944.47 9944.47 9944.47 9944.47 9944.47 9944.47 9944.47 9944.47 9944.47 9944.47 9944.47 9944.47 9944.47 9944.47 9944.47 9944.47 9944.47 9944.47 9944.47 9944.47 9944.47 9944.47 9944.47 9944.47 9944.47 9944.47 9944.47 9944.47 9944.47 9944.47 9944.47 9944.47 9944.47 9944.47 9944.47 9944.47 
9944.47 9944.47 9944.47 9944.47 9944.47 9944.47 9944.47 9944.47 9944.47 9944.47 9944.47 9944.47 9944.47 9944.47 9944.47 9944.47 9944.47 9944.47 9944.47 9944.47 9944.47 9944.47 9944.47 9944.47 9944.47 9944.47 9944.47 9944.47 9944.47 9944.47 9944.47 9944.47 9944.47 9944.47 9944.47 9944.47 9944.47 9944.47 9944.47 9944.47 9944.47 9944.47 9944.47 9944.47 9944.47 9944.47 9944.47 9944.47 9944.47 9944.47 9944.47 9944.47 9944.47 9944.47 9944.47 9944.47 9944.47 9944.47 9944.47 
9944.47 9944.47 9944.47 9944.47 9944.47 9944.47 9944.47 9944.47 9944.47 9944.47 9944.47 9944.47 9944.47 9944.47 9944.47 9944.47 9944.47 9944.47 9944.47 9944.47 9944.47 9944.47 9944.47 9944.47 9944.47 9944.47 9944.47 9944.47 9944.47 9944.47 9944.47 9944.47 9944.47 9944.47 9944.47 9944.47 9944.47 9944.47 9944.47 9944.47 9944.47 9944.47 9944.47 9944.47 9944.47 9944.47 9944.47 9944.47 9944.47 9944.47 9944.47 9944.47 9944.47 9944.47 9944.47 9944.47 9944.47 9944.47 9944.47 
9944.47 9944.47 9944.47 9944.47 9944.47 9944.47 9944.47 9944.47 9944.47 9944.47 9944.47 9944.47 9944.47 9944.47 9944.47 9944.47 9944.47 9944.47 9944.47 9944.47 9944.47 9944.47 9944.47 9944.47 9944.47 9944.47 9944.47 9944.47 9944.47 9944.47 9944.47 9944.47 9944.47 9944.47 9944.47 9944.47 9944.47 9944.47 9944.47 9944.47 9944.47 9944.47 9944.47 9944.47 9944.47 9944.47 9944.47 9944.47 9944.47 9944.47 9944.47 9944.47 9944.47 9944.47 9944.47 9944.47 9944.47 9944.47 9944.47 
9944.47 9944.47 9944.47 9944.47 9944.47 9944.47 9944.47 9944.47 9944.47 9944.47 9944.47 9944.47 9944.47 9944.47 9944.47 9944.47 9944.47 9944.47 9944.47 9944.47 9944.47 9944.47 9944.47 9944.47 9944.47 9944.47 9944.47 9944.47 9944.47 9944.47 9944.47 9944.47 9944.47 9944.47 9944.47 9944.47 9944.47 9944.47 9944.47 9944.47 9944.47 9944.47 9944.47 9944.47 9944.47 9944.47 9944.47 9944.47 9944.47 9944.47 9944.47 9944.47 9944.47 9944.47 9944.47 9944.47 9944.47 9944.47 9944.47 
9944.47 9944.47 9944.47 9944.47 9944.47 9944.47 9944.47 9944.47 9944.47 9944.47 9944.47 9944.47 9944.47 9944.47 9944.47 9944.47 9944.47 9944.47 9944.47 9944.47 9944.47 9944.47 9944.47 9944.47 9944.47 9944.47 9944.47 9944.47 9944.47 9944.47 9944.47 9944.47 9944.47 9944.47 9944.47 9944.47 9944.47 9944.47 9944.47 9944.47 9944.47 9944.47 9944.47 9944.47 9944.47 9944.47 9944.47 9944.47 9944.47 9944.47 9944.47 9944.47 9944.47 9944.47 9944.47 9944.47 9944.47 9944.47 9944.47 
9944.47 9944.47 9944.47 9944.47 9944.47 9944.47 9944.47 9944.47 9944.47 9944.47 9944.47 9944.47 9944.47 9944.47 9944.47 9944.47 9944.47 9944.47 9944.47 9944.47 9944.47 9944.47 9944.47 9944.47 9944.47 9944.47 9944.47 9944.47 9944.47 9944.47 9944.47 9944.47 9944.47 9944.47 9944.47 9944.47 9944.47 9944.47 9944.47 9944.47 9944.47 9944.47 9944.47 9944.47 9944.47 9944.47 9944.47 9944.47 9944.47 9944.47 9944.47 9944.47 9944.47 9944.47 9944.47 9944.47 9944.47 9944.47 9944.47 
9944.47 9944.47 9944.47 9944.47 9944.47 9944.47 9944.47 9944.47 9944.47 9944.47 9944.47 9944.47 9944.47 9944.47 9944.47 9944.47 9944.47 9944.47 9944.47 9944.47 9944.47 9944.47 9944.47 9944.47 9944.47 9944.47 9944.47 9944.47 9944.47 9944.47 9944.47 9944.47 9944.47 9944.47 9944.47 9944.47 9944.47 9944.47 9944.47 9944.47 9944.47 9944.47 9944.47 9944.47 9944.47 9944.47 9944.47 9944.47 9944.47 9944.47 9944.47 9944.47 9944.47 9944.47 9944.47 9944.47 9944.47 9944.47 9944.47 
9944.47 9944.47 9944.47 9944.47 9944.47 9944.47 9944.47 9944.47 9944.47 9944.47 9944.47 9944.47 9944.47 9944.47 9944.47 9944.47 9944.47 9944.47 9944.47 9944.47 9944.47 9944.47 9944.47 9944.47 9944.47 9944.47 9944.47 9944.47 9944.47 9944.47 9944.47 9944.47 9944.47 9944.47 9944.47 9944.47 9944.47 9944.47 9944.47 9944.47 9944.47 9944.47 9944.47 9944.47 9944.47 9944.47 9944.47 9944.47 9944.47 9944.47 9944.47 9944.47 9944.47 9944.47 9944.47 9944.47 9944.47 9944.47 9944.47 
9944.47 9944.47 9944.47 9944.47 9944.47 9944.47 9944.47 9944.47 9944.47 9944.47 9944.47 9944.47 9944.47 9944.47 9944.47 9944.47 9944.47 9944.47 9944.47 9944.47 9944.47 9944.47 9944.47 9944.47 9944.47 9944.47 9944.47 9944.47 9944.47 9944.47 9944.47 9944.47 9944.47 9944.47 9944.47 9944.47 9944.47 9944.47 9944.47 9944.47 9944.47 9944.47 9944.47 9944.47 9944.47 9944.47 9944.47 9944.47 9944.47 9944.47 9944.47 9944.47 9944.47 9944.47 9944.47 9944.47 9944.47 9944.47 9944.47 
9944.47 9944.47 9944.47 9944.47 9944.47 9944.47 9944.47 9944.47 9944.47 9944.47 9944.47 9944.47 9944.47 9944.47 9944.47 9944.47 9944.47 9944.47 9944.47 9944.47 9944.47 9944.47 9944.47 9944.47 9944.47 9944.47 9944.47 9944.47 9944.47 9944.47 9944.47 9944.47 9944.47 9944.47 9944.47 9944.47 9944.47 9944.47 9944.47 9944.47 9944.47 9944.47 9944.47 9944.47 9944.47 9944.47 9944.47 9944.47 9944.47 9944.47 9944.47 9944.47 9944.47 9944.47 9944.47 9944.47 9944.47 9944.47 9944.47 
9944.47 9944.47 9944.47 9944.47 9944.47 9944.47 9944.47 9944.47 9944.47 9944.47 9944.47 9944.47 9944.47 9944.47 9944.47 9944.47 9944.47 9944.47 9944.47 9944.47 9944.47 9944.47 9944.47 9944.47 9944.47 9944.47 9944.47 9944.47 9944.47 9944.47 9944.47 9944.47 9944.47 9944.47 9944.47 9944.47 9944.47 9944.47 9944.47 9944.47 9944.47 9944.47 9944.47 9944.47 9944.47 9944.47 9944.47 9944.47 9944.47 9944.47 9944.47 9944.47 9944.47 9944.47 9944.47 9944.47 9944.47 9944.47 9944.47 
9944.47 9944.47 9944.47 9944.47 9944.47 9944.47 9944.47 9944.47 9944.47 9944.47 9944.47 9944.47 9944.47 9944.47 9944.47 9944.47 9944.47 9944.47 9944.47 9944.47 9944.47 9944.47 9944.47 9944.47 9944.47 9944.47 9944.47 9944.47 9944.47 9944.47 9944.47 9944.47 9944.47 9944.47 9944.47 9944.47 9944.47 9944.47 9944.47 9944.47 9944.47 9944.47 9944.47 9944.47 9944.47 9944.47 9944.47 9944.47 9944.47 9944.47 9944.47 9944.47 9944.47 9944.47 9944.47 9944.47 9944.47 9944.47 9944.47 
9944.47 9944.47 9944.47 9944.47 9944.47 9944.47 9944.47 9944.47 9944.47 9944.47 9944.47 9944.47 9944.47 9944.47 9944.47 9944.47 9944.47 9944.47 9944.47 9944.47 9944.47 9944.47 9944.47 9944.47 9944.47 9944.47 9944.47 9944.47 9944.47 9944.47 9944.47 9944.47 9944.47 9944.47 9944.47 9944.47 9944.47 9944.47 9944.47 9944.47 9944.47 9944.47 9944.47 9944.47 9944.47 9944.47 9944.47 9944.47 9944.47 9944.47 9944.47 9944.47 9944.47 9944.47 9944.47 9944.47 9944.47 9944.47 9944.47 
9944.47 9944.47 9944.47 9944.47 9944.47 9944.47 9944.47 9944.47 9944.47 9944.47 9944.47 9944.47 9944.47 9944.47 9944.47 9944.47 9944.47 9944.47 9944.47 9944.47 9944.47 9944.47 9944.47 9944.47 9944.47 9944.47 9944.47 9944.47 9944.47 9944.47 9944.47 9944.47 9944.47 9944.47 9944.47 9944.47 9944.47 9944.47 9944.47 9944.47 9944.47 9944.47 9944.47 9944.47 9944.47 9944.47 9944.47 9944.47 9944.47 9944.47 9944.47 9944.47 9944.47 9944.47 9944.47 9944.47 9944.47 9944.47 9944.47 
9944.47 9944.47 9944.47 9944.47 9944.47 9944.47 9944.47 9944.47 9944.47 9944.47 9944.47 9944.47 9944.47 9944.47 9944.47 9944.47 9944.47 9944.47 9944.47 9944.47 9944.47 9944.47 9944.47 9944.47 9944.47 9944.47 9944.47 9944.47 9944.47 9944.47 9944.47 9944.47 9944.47 9944.47 9944.47 9944.47 9944.47 9944.47 9944.47 9944.47 9944.47 9944.47 9944.47 9944.47 9944.47 9944.47 9944.47 9944.47 9944.47 9944.47 9944.47 9944.47 9944.47 9944.47 9944.47 9944.47 9944.47 9944.47 9944.47 
9944.47 9944.47 9944.47 9944.47 9944.47 9944.47 9944.47 9944.47 9944.47 9944.47 9944.47 9944.47 9944.47 9944.47 9944.47 9944.47 9944.47 9944.47 9944.47 9944.47 9944.47 9944.47 9944.47 9944.47 9944.47 9944.47 9944.47 9944.47 9944.47 9944.47 9944.47 9944.47 9944.47 9944.47 9944.47 9944.47 9944.47 9944.47 9944.47 9944.47 9944.47 9944.47 9944.47 9944.47 9944.47 9944.47 9944.47 9944.47 9944.47 9944.47 9944.47 9944.47 9944.47 9944.47 9944.47 9944.47 9944.47 9944.47 9944.47 
