# org_id,org_cellx,org_celly,org_forage_target,org_group_id,org_facing
50942277,33,39,-1,-1,7
50933003,12,0,-1,-1,4
50940645,31,20,-1,-1,2
50938234,22,30,-1,-1,0
50939954,45,7,-1,-1,6
50937598,16,43,-1,-1,4
50941106,30,14,-1,-1,2
50940715,0,25,-1,-1,0
50939849,54,4,-1,-1,1
50941820,58,36,-1,-1,6
50940659,15,35,-1,-1,4
50940211,50,33,-1,-1,1
50938551,57,6,-1,-1,0
50933613,15,24,-1,-1,3
50942350,41,23,-1,-1,1
50942353,34,5,-1,-1,2
50934812,53,2,-1,-1,5
50941897,39,47,-1,-1,0
50936837,7,49,-1,-1,4
50939685,27,26,-1,-1,1
50940190,14,55,-1,-1,3
50941968,7,43,-1,-1,5
50936958,5,13,-1,-1,7
50938407,29,41,-1,-1,1
50941274,55,51,-1,-1,7
50942341,35,53,-1,-1,6
50938834,45,40,-1,-1,4
50937839,56,57,-1,-1,4
50942219,52,57,-1,-1,2
50938153,42,27,-1,-1,6
50938623,54,35,-1,-1,5
50938193,7,48,-1,-1,7
50941289,56,49,-1,-1,3
50942269,37,45,-1,-1,4
50937472,39,5,-1,-1,0
50941366,15,31,-1,-1,4
50938308,51,54,-1,-1,0
50940014,29,30,-1,-1,2
50937302,34,27,-1,-1,2
50934713,15,44,-1,-1,4
50940848,58,0,-1,-1,1
50940354,37,27,-1,-1,7
50941950,37,47,-1,-1,4
50939302,57,35,-1,-1,6
50940996,33,11,-1,-1,6
50936985,24,27,-1,-1,5
50938274,35,55,-1,-1,1
50942241,55,56,-1,-1,4
50940604,39,20,-1,-1,1
50938818,34,57,-1,-1,2
50940071,20,5,-1,-1,3
50941550,38,43,-1,-1,1
50941170,25,0,-1,-1,3
50939636,32,32,-1,-1,4
50938545,45,42,-1,-1,0
50940364,44,14,-1,-1,6
50940270,43,42,-1,-1,3
50942256,3,14,-1,-1,6
50939950,4,52,-1,-1,7
50940703,1,8,-1,-1,1
50940789,30,29,-1,-1,1
50941076,53,34,-1,-1,7
50941268,32,19,-1,-1,2
50942234,17,13,-1,-1,2
50938360,3,34,-1,-1,1
50937748,55,25,-1,-1,3
50938497,17,39,-1,-1,0
50937481,12,37,-1,-1,7
50939681,24,46,-1,-1,4
50941346,30,55,-1,-1,6
50939624,20,26,-1,-1,1
50941484,34,22,-1,-1,7
50939865,31,29,-1,-1,6
50940724,2,10,-1,-1,7
50942433,15,22,-1,-1,5
50940161,46,38,-1,-1,3
50942059,20,51,-1,-1,4
50940060,7,25,-1,-1,3
50939409,34,42,-1,-1,0
50941130,45,18,-1,-1,7
50940713,33,22,-1,-1,6
50938972,33,12,-1,-1,2
50940727,20,30,-1,-1,5
50931227,43,4,-1,-1,4
50939150,16,40,-1,-1,7
50938245,46,34,-1,-1,7
50941632,24,30,-1,-1,6
50936026,46,57,-1,-1,5
50942079,12,21,-1,-1,5
50941624,9,9,-1,-1,6
50941162,5,56,-1,-1,2
50939707,54,57,-1,-1,7
50941026,33,41,-1,-1,0
50942276,56,54,-1,-1,0
50941164,50,30,-1,-1,0
50939771,56,4,-1,-1,6
50941000,16,37,-1,-1,3
50940776,33,9,-1,-1,6
50937309,1,10,-1,-1,7
50932996,12,25,-1,-1,6
50941498,26,29,-1,-1,2
50937417,34,33,-1,-1,4
50941668,22,26,-1,-1,2
50941298,11,25,-1,-1,4
50937816,52,17,-1,-1,7
50939405,29,34,-1,-1,0
50933301,56,34,-1,-1,7
50940990,30,51,-1,-1,0
50935371,0,23,-1,-1,5
50933971,21,27,-1,-1,6
50935929,33,57,-1,-1,3
50941682,10,45,-1,-1,2
50939359,26,38,-1,-1,2
50941388,26,32,-1,-1,5
50936846,29,52,-1,-1,0
50941187,41,25,-1,-1,7
50939889,54,37,-1,-1,0
50939300,18,18,-1,-1,7
50937966,37,46,-1,-1,5
50941214,32,12,-1,-1,0
50931318,30,50,-1,-1,3
50941777,27,44,-1,-1,2
50942226,26,58,-1,-1,6
50942351,13,2,-1,-1,3
50942425,38,39,-1,-1,2
50942229,53,29,-1,-1,5
50940233,6,57,-1,-1,5
50941771,28,14,-1,-1,7
50941054,51,14,-1,-1,3
50936008,1,27,-1,-1,5
50940262,54,0,-1,-1,0
50939832,0,46,-1,-1,2
50941408,0,36,-1,-1,5
50941575,25,45,-1,-1,5
50939436,1,58,-1,-1,4
50940903,24,58,-1,-1,5
50939200,0,41,-1,-1,6
50935754,3,57,-1,-1,2
50941689,52,37,-1,-1,3
50940020,7,20,-1,-1,5
50928574,58,58,-1,-1,4
50941610,5,24,-1,-1,0
50939358,32,0,-1,-1,7
50939460,26,13,-1,-1,2
50941100,16,13,-1,-1,1
50940376,13,0,-1,-1,6
50939657,35,32,-1,-1,5
50941811,10,52,-1,-1,2
50940915,38,21,-1,-1,5
50938969,17,26,-1,-1,5
50939431,26,53,-1,-1,4
50941643,58,20,-1,-1,7
50938838,38,41,-1,-1,0
50938995,39,16,-1,-1,5
50937533,22,52,-1,-1,6
50940503,33,55,-1,-1,2
50941122,45,50,-1,-1,3
50941180,30,18,-1,-1,6
50938737,2,9,-1,-1,7
50939857,49,17,-1,-1,5
50940938,18,47,-1,-1,4
50942258,23,20,-1,-1,5
50940627,7,23,-1,-1,5
50942377,6,38,-1,-1,0
50941487,35,46,-1,-1,6
50936536,17,36,-1,-1,6
50942428,28,38,-1,-1,1
50940625,47,46,-1,-1,5
50939656,33,15,-1,-1,1
50934512,45,34,-1,-1,5
50941829,39,25,-1,-1,4
50942191,38,2,-1,-1,7
50941394,41,22,-1,-1,6
50940478,24,42,-1,-1,1
50938664,19,50,-1,-1,1
50940139,23,42,-1,-1,5
50941789,47,28,-1,-1,5
50940744,19,40,-1,-1,4
50940152,46,50,-1,-1,6
50939387,30,8,-1,-1,2
50937625,33,44,-1,-1,0
50939119,15,3,-1,-1,5
50941955,29,21,-1,-1,0
50941591,21,54,-1,-1,2
50936228,32,44,-1,-1,4
50941795,12,20,-1,-1,4
50942263,5,10,-1,-1,4
50934884,2,18,-1,-1,0
50940690,49,35,-1,-1,0
50938836,15,52,-1,-1,2
50938432,16,39,-1,-1,4
50940299,51,47,-1,-1,6
50939235,31,33,-1,-1,1
50940070,26,33,-1,-1,2
50939183,30,54,-1,-1,5
50942118,25,8,-1,-1,1
50933528,54,9,-1,-1,2
50940473,25,55,-1,-1,5
50942062,22,43,-1,-1,2
50939944,32,15,-1,-1,6
50940343,51,37,-1,-1,2
50941746,25,37,-1,-1,7
50940726,7,46,-1,-1,7
50940097,53,57,-1,-1,5
50940295,49,45,-1,-1,2
50938409,39,0,-1,-1,5
50941518,8,53,-1,-1,4
50939402,10,44,-1,-1,4
50934295,45,23,-1,-1,4
50942382,18,56,-1,-1,6
50940899,57,40,-1,-1,7
50933683,40,5,-1,-1,0
50942312,14,14,-1,-1,1
50937152,53,30,-1,-1,7
50941842,25,22,-1,-1,4
50936511,5,8,-1,-1,5
50930750,29,31,-1,-1,5
50940054,27,19,-1,-1,1
50942304,35,52,-1,-1,4
50939397,20,2,-1,-1,3
50936649,19,48,-1,-1,7
50942247,43,37,-1,-1,0
50939935,13,34,-1,-1,1
50937144,19,8,-1,-1,7
50941032,6,3,-1,-1,1
50941430,1,46,-1,-1,7
50941882,29,0,-1,-1,3
50939615,32,27,-1,-1,4
50940729,47,40,-1,-1,5
50938803,54,10,-1,-1,3
50939974,56,21,-1,-1,7
50941249,20,42,-1,-1,6
50939559,1,24,-1,-1,7
50936867,21,4,-1,-1,0
50936739,43,36,-1,-1,5
50942174,47,17,-1,-1,5
50938608,10,5,-1,-1,0
50939451,42,56,-1,-1,5
50942022,48,32,-1,-1,0
50939444,49,31,-1,-1,0
50935418,16,52,-1,-1,7
50940193,51,3,-1,-1,4
50942147,3,36,-1,-1,1
50935983,34,56,-1,-1,0
50940029,8,41,-1,-1,7
50942157,6,40,-1,-1,2
50933190,35,13,-1,-1,2
50941966,28,8,-1,-1,6
50941056,37,49,-1,-1,6
50939713,19,20,-1,-1,2
50940568,16,46,-1,-1,4
50922818,19,15,-1,-1,7
50941301,28,50,-1,-1,2
50938562,13,28,-1,-1,3
50940620,2,22,-1,-1,5
50942321,29,15,-1,-1,4
50941976,57,3,-1,-1,4
50933531,45,36,-1,-1,6
50937004,31,36,-1,-1,1
50938879,34,34,-1,-1,6
50941595,27,2,-1,-1,4
50940396,52,39,-1,-1,5
50941621,55,39,-1,-1,3
50941407,25,14,-1,-1,1
50937676,55,2,-1,-1,1
50941880,24,41,-1,-1,5
50939256,49,28,-1,-1,3
50941486,4,42,-1,-1,2
50934889,20,41,-1,-1,2
50942306,2,42,-1,-1,5
50932900,42,21,-1,-1,3
50940239,52,36,-1,-1,5
50933745,37,16,-1,-1,6
50940563,38,11,-1,-1,7
50941046,4,40,-1,-1,3
50942293,38,31,-1,-1,2
50938523,2,20,-1,-1,2
50942336,11,0,-1,-1,5
50938324,52,38,-1,-1,0
50937584,31,25,-1,-1,1
50934242,16,36,-1,-1,3
50941368,56,0,-1,-1,4
50940657,46,53,-1,-1,4
50935428,2,44,-1,-1,3
50941225,35,56,-1,-1,4
50941007,0,12,-1,-1,4
50934452,8,4,-1,-1,7
50939032,58,38,-1,-1,6
50939250,42,17,-1,-1,7
50937964,45,12,-1,-1,5
50933730,9,6,-1,-1,3
50937764,30,48,-1,-1,1
50941278,36,39,-1,-1,4
50941377,25,54,-1,-1,5
50940828,22,22,-1,-1,2
50941916,28,9,-1,-1,5
50938987,46,41,-1,-1,0
50941080,14,43,-1,-1,3
50940510,10,57,-1,-1,6
50940048,39,11,-1,-1,4
50941150,27,7,-1,-1,0
50931576,27,37,-1,-1,4
50940701,32,47,-1,-1,1
50939362,27,25,-1,-1,4
50941025,53,46,-1,-1,4
50941511,4,26,-1,-1,6
50941609,23,23,-1,-1,2
50938735,25,57,-1,-1,5
50940466,50,22,-1,-1,6
50941819,54,25,-1,-1,2
50942146,45,52,-1,-1,4
50940918,37,36,-1,-1,4
50937012,11,49,-1,-1,0
50941253,40,20,-1,-1,3
50940174,49,47,-1,-1,0
50938439,18,30,-1,-1,3
50939227,15,47,-1,-1,5
50941906,32,51,-1,-1,2
50941142,50,42,-1,-1,3
50942316,54,8,-1,-1,4
50936899,18,4,-1,-1,5
50931289,31,53,-1,-1,6
50939876,1,57,-1,-1,3
50941935,55,5,-1,-1,3
50941969,58,31,-1,-1,3
50941858,7,30,-1,-1,1
50942307,35,1,-1,-1,0
50940281,28,12,-1,-1,7
50942396,2,57,-1,-1,2
50938279,34,38,-1,-1,7
50940588,51,19,-1,-1,7
50940246,48,36,-1,-1,0
50941866,48,23,-1,-1,5
50942324,21,36,-1,-1,7
50940782,11,46,-1,-1,2
50940948,26,36,-1,-1,4
50941068,12,55,-1,-1,0
50941956,44,16,-1,-1,7
50940307,46,32,-1,-1,1
50941809,22,5,-1,-1,0
50941805,31,17,-1,-1,2
50939822,25,50,-1,-1,0
50938795,39,58,-1,-1,6
50941500,5,53,-1,-1,2
50939679,34,14,-1,-1,3
50939400,53,43,-1,-1,7
50940592,14,31,-1,-1,0
50938542,46,54,-1,-1,3
50932970,50,48,-1,-1,6
50940786,17,15,-1,-1,2
50940969,54,54,-1,-1,2
50941792,46,45,-1,-1,6
50934038,46,28,-1,-1,5
50940583,36,38,-1,-1,2
50941160,29,5,-1,-1,1
50939282,2,0,-1,-1,4
50935263,10,20,-1,-1,3
50942099,3,43,-1,-1,6
50941213,11,15,-1,-1,3
50941824,49,54,-1,-1,0
50942017,15,15,-1,-1,3
50939643,6,58,-1,-1,1
50942400,0,8,-1,-1,1
50941095,46,12,-1,-1,7
50940754,35,17,-1,-1,3
50940136,13,52,-1,-1,1
50942224,28,31,-1,-1,1
50939044,51,15,-1,-1,1
50940374,46,21,-1,-1,2
50939862,48,0,-1,-1,3
50942388,34,46,-1,-1,1
50937769,10,54,-1,-1,5
50939941,39,37,-1,-1,6
50932161,5,44,-1,-1,6
50941506,51,45,-1,-1,3
50941598,43,12,-1,-1,2
50939198,38,47,-1,-1,0
50939775,36,55,-1,-1,3
50941936,44,15,-1,-1,3
50937125,1,17,-1,-1,4
50941526,21,14,-1,-1,2
50939201,38,35,-1,-1,6
50941766,3,51,-1,-1,2
50935991,1,42,-1,-1,3
50936159,48,35,-1,-1,0
50936673,25,52,-1,-1,3
50937618,2,46,-1,-1,4
50941544,35,42,-1,-1,2
50940420,50,43,-1,-1,1
50931347,8,17,-1,-1,6
50936288,44,9,-1,-1,1
50941893,18,26,-1,-1,1
50939715,4,14,-1,-1,4
50941770,48,8,-1,-1,7
50941728,26,17,-1,-1,5
50942180,36,30,-1,-1,0
50942252,29,20,-1,-1,3
50942215,21,33,-1,-1,3
50940671,15,2,-1,-1,7
50940985,42,8,-1,-1,0
50936332,30,16,-1,-1,3
50941954,19,10,-1,-1,7
50942391,40,31,-1,-1,6
50941482,42,20,-1,-1,0
50941931,27,17,-1,-1,5
50942076,25,33,-1,-1,2
50938788,40,38,-1,-1,7
50932563,41,10,-1,-1,0
50938267,35,22,-1,-1,2
50940480,37,28,-1,-1,3
50937556,54,14,-1,-1,4
50942311,11,5,-1,-1,1
50941140,19,47,-1,-1,4
50939817,41,48,-1,-1,3
50940294,7,47,-1,-1,6
50941910,30,46,-1,-1,0
50938686,57,18,-1,-1,4
50937186,3,6,-1,-1,7
50937092,34,35,-1,-1,3
50942348,22,33,-1,-1,5
50939493,47,18,-1,-1,0
50938621,6,50,-1,-1,0
50936902,8,13,-1,-1,3
50932931,7,6,-1,-1,5
50935730,54,33,-1,-1,4
50936998,20,49,-1,-1,1
50936347,35,19,-1,-1,7
50940924,36,52,-1,-1,0
50941898,10,47,-1,-1,5
50938303,41,27,-1,-1,3
50937600,17,50,-1,-1,0
50940562,21,18,-1,-1,2
50939584,43,8,-1,-1,2
50942081,12,35,-1,-1,6
50941580,54,55,-1,-1,4
50941579,2,48,-1,-1,1
50937993,51,11,-1,-1,0
50937877,0,18,-1,-1,0
50940889,37,9,-1,-1,2
50942123,19,1,-1,-1,3
50941793,29,9,-1,-1,1
50938792,48,29,-1,-1,4
50929997,12,23,-1,-1,2
50937479,47,5,-1,-1,5
50941552,0,9,-1,-1,4
50940368,40,32,-1,-1,1
50936379,14,27,-1,-1,7
50942407,52,28,-1,-1,1
50941397,47,45,-1,-1,2
50934500,58,41,-1,-1,4
50941145,41,16,-1,-1,6
50937950,21,9,-1,-1,4
50939470,30,58,-1,-1,1
50937427,0,34,-1,-1,3
50942220,33,45,-1,-1,0
50940525,22,44,-1,-1,2
50940524,44,53,-1,-1,3
50937050,5,5,-1,-1,0
50941494,21,58,-1,-1,6
50940316,2,14,-1,-1,0
50942080,58,14,-1,-1,6
50939095,47,43,-1,-1,5
50938549,49,12,-1,-1,3
50938090,9,23,-1,-1,5
50941074,16,31,-1,-1,1
50930679,42,2,-1,-1,6
50939349,51,2,-1,-1,0
50941435,15,27,-1,-1,6
50941786,38,56,-1,-1,4
50938946,58,33,-1,-1,0
50941491,50,52,-1,-1,7
50942278,31,39,-1,-1,5
50937967,55,27,-1,-1,5
50934474,23,11,-1,-1,6
50933255,33,1,-1,-1,1
50938932,37,22,-1,-1,3
50940611,58,17,-1,-1,5
50941413,10,56,-1,-1,0
50940721,47,33,-1,-1,7
50940717,13,58,-1,-1,2
50941269,0,40,-1,-1,4
50939034,2,37,-1,-1,4
50940468,15,30,-1,-1,0
50940692,37,6,-1,-1,0
50942033,58,27,-1,-1,2
50941675,18,21,-1,-1,4
50940179,21,56,-1,-1,3
50942389,3,7,-1,-1,1
50930331,10,15,-1,-1,0
50940046,6,10,-1,-1,5
50938563,14,0,-1,-1,5
50924917,51,51,-1,-1,0
50941703,48,48,-1,-1,3
50940506,45,43,-1,-1,1
50939355,33,42,-1,-1,7
50926402,11,30,-1,-1,6
50937711,55,52,-1,-1,3
50940328,35,39,-1,-1,4
50940418,28,17,-1,-1,0
50937110,36,13,-1,-1,6
50935061,1,54,-1,-1,4
50939710,41,9,-1,-1,7
50940166,29,43,-1,-1,4
50935116,28,23,-1,-1,1
50941904,21,44,-1,-1,4
50939292,8,44,-1,-1,6
50941745,48,43,-1,-1,6
50941877,52,18,-1,-1,7
50937108,6,29,-1,-1,4
50940465,1,49,-1,-1,7
50940830,52,21,-1,-1,1
50939220,5,6,-1,-1,0
50940217,16,14,-1,-1,0
50925412,4,54,-1,-1,4
50939091,52,9,-1,-1,6
50939576,58,51,-1,-1,0
50940890,9,24,-1,-1,6
50938349,35,40,-1,-1,1
50937126,6,44,-1,-1,4
50937796,56,27,-1,-1,1
50934104,13,37,-1,-1,1
50941798,20,16,-1,-1,0
50942314,10,3,-1,-1,3
50941220,55,37,-1,-1,0
50940443,33,7,-1,-1,7
50937677,1,13,-1,-1,0
50941312,18,23,-1,-1,5
50939064,30,4,-1,-1,0
50941566,28,3,-1,-1,1
50938347,26,7,-1,-1,0
50931439,14,13,-1,-1,4
50942098,33,56,-1,-1,2
50936568,8,34,-1,-1,4
50939343,26,26,-1,-1,6
50939712,27,49,-1,-1,0
50937171,28,15,-1,-1,5
50939467,20,13,-1,-1,0
50928155,14,25,-1,-1,6
50940508,17,37,-1,-1,3
50941069,27,56,-1,-1,7
50938919,22,27,-1,-1,0
50931909,12,46,-1,-1,4
50936453,19,31,-1,-1,5
50937033,19,54,-1,-1,2
50934988,23,25,-1,-1,5
50940197,44,23,-1,-1,1
50942292,9,1,-1,-1,0
50941174,55,11,-1,-1,3
50937960,11,29,-1,-1,0
50934065,40,48,-1,-1,0
50939834,49,15,-1,-1,4
50938165,21,29,-1,-1,0
50940795,8,18,-1,-1,6
50940635,21,32,-1,-1,5
50940885,58,49,-1,-1,7
50936226,1,1,-1,-1,1
50940195,47,1,-1,-1,3
50935203,55,36,-1,-1,0
50940961,43,38,-1,-1,7
50941859,52,8,-1,-1,0
50941299,44,38,-1,-1,3
50941998,2,27,-1,-1,0
50941184,8,7,-1,-1,2
50940056,46,25,-1,-1,3
50942125,7,12,-1,-1,2
50940223,58,16,-1,-1,3
50939054,28,35,-1,-1,0
50940695,43,33,-1,-1,5
50936655,54,40,-1,-1,0
50938521,31,19,-1,-1,2
50932411,37,57,-1,-1,3
50942199,58,48,-1,-1,5
50934534,5,30,-1,-1,3
50939459,23,55,-1,-1,5
50940119,41,44,-1,-1,6
50941994,51,4,-1,-1,3
50936973,57,4,-1,-1,1
50939928,27,15,-1,-1,6
50941989,9,2,-1,-1,3
50918585,27,39,-1,-1,3
50938105,4,23,-1,-1,2
50939190,20,18,-1,-1,7
50942106,47,54,-1,-1,2
50941701,24,50,-1,-1,0
50932368,3,2,-1,-1,6
50940906,49,24,-1,-1,7
50941864,41,28,-1,-1,4
50935941,22,20,-1,-1,4
50936766,43,22,-1,-1,7
50939055,35,26,-1,-1,7
50942290,42,52,-1,-1,1
50941489,35,41,-1,-1,7
50933259,50,0,-1,-1,7
50939146,5,17,-1,-1,7
50940632,52,1,-1,-1,2
50931074,49,6,-1,-1,0
50935486,12,51,-1,-1,1
50941169,54,41,-1,-1,5
50942345,2,39,-1,-1,6
50935149,55,29,-1,-1,2
50934982,46,33,-1,-1,7
50935376,12,19,-1,-1,7
50940746,8,45,-1,-1,0
50941159,3,52,-1,-1,7
50942020,49,11,-1,-1,1
50939184,54,50,-1,-1,4
50938410,25,44,-1,-1,5
50938333,2,51,-1,-1,6
50940274,51,8,-1,-1,0
50942058,37,37,-1,-1,7
50939097,37,55,-1,-1,2
50942185,20,44,-1,-1,5
50941465,51,49,-1,-1,7
50937732,48,16,-1,-1,6
50933017,26,0,-1,-1,3
50929817,22,19,-1,-1,3
50942182,53,8,-1,-1,0
50941934,43,9,-1,-1,0
50941493,53,28,-1,-1,0
50941438,41,30,-1,-1,3
50937469,45,57,-1,-1,6
50934599,6,49,-1,-1,6
50941456,8,56,-1,-1,7
50937717,52,54,-1,-1,4
50939516,1,40,-1,-1,6
50941434,54,1,-1,-1,5
50940743,9,38,-1,-1,7
50936284,14,12,-1,-1,0
50942284,15,57,-1,-1,6
50933816,49,42,-1,-1,4
50940249,41,33,-1,-1,0
50936439,36,40,-1,-1,0
50941440,17,46,-1,-1,7
50941720,45,25,-1,-1,5
50940375,25,4,-1,-1,6
50940612,4,56,-1,-1,3
50939383,9,28,-1,-1,4
50941417,49,39,-1,-1,3
50941845,32,17,-1,-1,5
50941903,16,32,-1,-1,3
50931596,4,33,-1,-1,6
50938754,42,22,-1,-1,7
50940739,43,23,-1,-1,4
50933912,18,35,-1,-1,5
50941757,39,10,-1,-1,7
50941874,47,50,-1,-1,6
50935666,28,20,-1,-1,2
50941092,53,20,-1,-1,4
50936764,28,41,-1,-1,6
50933896,19,45,-1,-1,2
50941828,55,16,-1,-1,7
50931867,26,16,-1,-1,1
50941564,19,17,-1,-1,5
50941718,10,25,-1,-1,1
50939976,6,6,-1,-1,1
50941577,8,10,-1,-1,7
50940186,46,7,-1,-1,0
50942183,50,41,-1,-1,1
50936844,23,3,-1,-1,1
50941177,27,42,-1,-1,4
50941209,42,7,-1,-1,0
50941480,34,44,-1,-1,0
50938156,36,5,-1,-1,6
50941872,23,9,-1,-1,2
50931181,28,44,-1,-1,4
50938609,5,54,-1,-1,6
50941921,32,54,-1,-1,7
50938682,41,37,-1,-1,2
50941753,5,57,-1,-1,3
50932642,19,22,-1,-1,4
50939741,18,41,-1,-1,2
50936038,32,22,-1,-1,5
50934782,45,41,-1,-1,0
50941469,57,10,-1,-1,7
50940151,8,30,-1,-1,4
50927279,32,9,-1,-1,1
50942303,6,34,-1,-1,7
50940594,15,1,-1,-1,7
50942078,51,16,-1,-1,5
50942295,1,38,-1,-1,3
50938627,15,55,-1,-1,0
50940313,18,3,-1,-1,5
50940688,56,7,-1,-1,6
50931464,11,22,-1,-1,6
50940036,7,29,-1,-1,6
50937859,27,34,-1,-1,0
50942417,55,47,-1,-1,0
50938950,48,38,-1,-1,3
50941633,20,39,-1,-1,3
50941275,53,13,-1,-1,6
50940389,27,53,-1,-1,2
50940557,22,31,-1,-1,0
50934805,17,24,-1,-1,4
50940102,51,58,-1,-1,4
50928743,34,53,-1,-1,6
50939625,9,15,-1,-1,7
50935694,56,55,-1,-1,1
50940158,34,2,-1,-1,0
50942409,33,54,-1,-1,3
50939664,4,3,-1,-1,3
50939466,44,13,-1,-1,3
50941960,9,58,-1,-1,5
50941064,46,42,-1,-1,7
50939665,5,42,-1,-1,4
50942413,45,11,-1,-1,4
50940236,14,49,-1,-1,1
50934156,39,28,-1,-1,0
50936665,54,45,-1,-1,2
50942201,18,40,-1,-1,4
50940572,3,24,-1,-1,3
50934301,19,53,-1,-1,3
50942327,31,21,-1,-1,2
50941948,41,3,-1,-1,2
50935629,11,7,-1,-1,6
50939045,19,56,-1,-1,1
50925769,9,36,-1,-1,3
50936485,52,12,-1,-1,4
50939635,9,12,-1,-1,6
50926143,16,57,-1,-1,4
50937137,32,46,-1,-1,1
50941219,23,18,-1,-1,5
50936971,17,55,-1,-1,3
50935766,39,27,-1,-1,0
50940897,1,2,-1,-1,5
50940649,48,56,-1,-1,7
50936491,13,42,-1,-1,7
50934766,30,0,-1,-1,0
50941808,46,10,-1,-1,7
50935099,11,45,-1,-1,4
50940430,35,25,-1,-1,1
50941314,24,14,-1,-1,6
50936525,13,29,-1,-1,3
50941657,54,17,-1,-1,2
50940220,5,11,-1,-1,0
50942239,19,43,-1,-1,5
50940483,36,54,-1,-1,5
50937051,52,20,-1,-1,1
50940441,37,15,-1,-1,2
50924607,3,46,-1,-1,3
50939046,18,22,-1,-1,4
50942272,11,35,-1,-1,6
50939116,18,46,-1,-1,1
50939952,34,12,-1,-1,1
50938171,49,46,-1,-1,0
50942357,25,43,-1,-1,6
50941573,26,15,-1,-1,3
50940499,20,22,-1,-1,0
50940392,5,36,-1,-1,7
50941117,51,44,-1,-1,6
50941027,8,48,-1,-1,3
50941078,50,46,-1,-1,0
50940936,31,31,-1,-1,1
50936689,25,1,-1,-1,2
50938093,4,25,-1,-1,7
50942061,13,12,-1,-1,5
50939922,27,21,-1,-1,6
50941787,7,51,-1,-1,3
50941468,3,45,-1,-1,6
50941528,30,34,-1,-1,7
50939807,21,38,-1,-1,6
50941868,58,43,-1,-1,6
50935412,45,0,-1,-1,3
50939596,31,6,-1,-1,0
50941515,15,39,-1,-1,3
50938110,10,38,-1,-1,1
50940145,18,58,-1,-1,3
50935318,18,9,-1,-1,1
50941700,26,35,-1,-1,3
50939483,55,23,-1,-1,4
50940912,44,36,-1,-1,4
50940942,19,29,-1,-1,2
50924470,53,14,-1,-1,2
50940319,16,4,-1,-1,5
50942140,23,37,-1,-1,0
50940528,5,49,-1,-1,2
50941512,47,11,-1,-1,3
50941072,2,15,-1,-1,3
50940872,37,43,-1,-1,3
50937883,4,20,-1,-1,5
50937793,36,20,-1,-1,2
50937296,13,3,-1,-1,0
50942320,43,49,-1,-1,6
50934037,5,35,-1,-1,1
50935225,23,46,-1,-1,6
50939745,57,53,-1,-1,0
50924361,3,16,-1,-1,7
50940256,23,6,-1,-1,3
50936617,11,12,-1,-1,2
50941962,46,2,-1,-1,6
50940084,46,26,-1,-1,0
50936934,41,39,-1,-1,1
50942050,28,0,-1,-1,4
50931093,29,27,-1,-1,7
50938388,9,43,-1,-1,0
50938641,17,0,-1,-1,3
50928078,29,29,-1,-1,7
50936969,4,31,-1,-1,0
50942432,8,5,-1,-1,1
50936019,54,27,-1,-1,4
50940536,17,29,-1,-1,0
50942322,53,0,-1,-1,4
50935949,7,17,-1,-1,6
50937247,23,41,-1,-1,5
50938039,26,8,-1,-1,5
50933016,56,58,-1,-1,6
50939449,5,16,-1,-1,3
50941179,1,35,-1,-1,1
50941603,24,10,-1,-1,3
50934504,39,39,-1,-1,4
50938058,14,9,-1,-1,6
50938903,9,49,-1,-1,1
50940987,38,51,-1,-1,3
50940391,8,35,-1,-1,2
50935906,2,29,-1,-1,7
50942363,29,19,-1,-1,7
50934135,15,51,-1,-1,2
50940757,49,57,-1,-1,5
50935786,15,13,-1,-1,3
50940062,40,23,-1,-1,2
50940651,6,2,-1,-1,1
50941241,26,46,-1,-1,5
50942084,20,38,-1,-1,7
50937409,5,40,-1,-1,1
50940039,9,32,-1,-1,1
50942254,10,27,-1,-1,6
50941768,49,43,-1,-1,3
50938502,14,41,-1,-1,5
50939512,2,47,-1,-1,4
50933482,22,55,-1,-1,7
50923951,48,13,-1,-1,5
50935493,1,7,-1,-1,4
50932051,35,36,-1,-1,0
50929179,21,5,-1,-1,7
50941752,27,51,-1,-1,7
50941107,44,40,-1,-1,0
50941984,23,16,-1,-1,3
50936150,58,30,-1,-1,7
50939301,26,40,-1,-1,3
50940202,8,23,-1,-1,1
50935608,37,41,-1,-1,5
50941863,55,6,-1,-1,7
50939871,17,31,-1,-1,4
50942429,22,49,-1,-1,1
50941981,36,26,-1,-1,4
50942257,20,27,-1,-1,1
50942305,53,10,-1,-1,6
50939902,31,50,-1,-1,2
50935475,9,11,-1,-1,6
50941333,58,40,-1,-1,1
50930338,10,23,-1,-1,2
50941010,11,47,-1,-1,3
50940707,16,25,-1,-1,5
50939500,45,16,-1,-1,2
50941045,9,47,-1,-1,1
50940602,13,54,-1,-1,7
50941403,6,32,-1,-1,6
50935314,36,45,-1,-1,4
50939452,34,32,-1,-1,3
50940790,15,54,-1,-1,4
50932964,22,4,-1,-1,7
50942063,33,4,-1,-1,3
50933369,10,24,-1,-1,2
50941521,38,19,-1,-1,7
50937371,29,2,-1,-1,4
50940494,13,44,-1,-1,7
50937151,27,3,-1,-1,0
50940370,7,11,-1,-1,2
50940399,31,11,-1,-1,1
50940731,42,25,-1,-1,7
50941839,37,21,-1,-1,1
50939659,15,8,-1,-1,5
50941256,38,16,-1,-1,6
50942164,2,31,-1,-1,5
50939414,28,29,-1,-1,6
50938811,56,29,-1,-1,4
50936873,56,37,-1,-1,5
50926301,55,44,-1,-1,2
50935391,55,17,-1,-1,6
50934930,20,1,-1,-1,5
50941649,56,45,-1,-1,6
50925407,18,12,-1,-1,5
50940340,37,13,-1,-1,1
50939914,25,34,-1,-1,4
50941967,31,4,-1,-1,4
50941583,51,43,-1,-1,6
50941539,30,27,-1,-1,7
50936912,26,4,-1,-1,2
50940766,19,28,-1,-1,4
50930559,53,48,-1,-1,2
50942401,18,37,-1,-1,3
50939175,56,47,-1,-1,6
50936074,7,13,-1,-1,6
50936096,58,10,-1,-1,4
50939207,38,44,-1,-1,3
50941505,12,45,-1,-1,0
50942236,15,25,-1,-1,3
50941588,27,40,-1,-1,6
50938123,23,39,-1,-1,4
50941087,24,33,-1,-1,4
50941772,42,19,-1,-1,7
50942325,45,49,-1,-1,5
50938831,0,13,-1,-1,0
50941212,53,56,-1,-1,3
50935212,19,58,-1,-1,0
50942376,24,18,-1,-1,3
50933228,43,26,-1,-1,5
50941310,47,37,-1,-1,6
50942142,22,37,-1,-1,7
50941924,45,58,-1,-1,7
50932475,20,31,-1,-1,6
50938709,42,36,-1,-1,7
50942420,33,14,-1,-1,2
50936546,28,51,-1,-1,7
50936514,57,7,-1,-1,3
50938506,25,51,-1,-1,0
50937558,37,8,-1,-1,3
50940600,26,47,-1,-1,7
50942178,4,36,-1,-1,3
50937954,27,35,-1,-1,7
50935642,36,3,-1,-1,0
50942029,27,12,-1,-1,2
50939639,39,48,-1,-1,0
50934045,54,38,-1,-1,3
50935413,51,7,-1,-1,7
50940053,1,32,-1,-1,1
50936876,24,1,-1,-1,6
50941420,49,9,-1,-1,7
50940462,34,0,-1,-1,6
50935128,28,5,-1,-1,2
50939648,40,27,-1,-1,6
50935018,48,39,-1,-1,1
50938250,48,5,-1,-1,3
50939509,16,58,-1,-1,7
50941203,58,39,-1,-1,0
50941104,57,55,-1,-1,6
50942394,37,58,-1,-1,3
50939705,39,29,-1,-1,2
50941843,39,8,-1,-1,2
50939230,20,0,-1,-1,0
50941543,21,3,-1,-1,4
50940204,8,32,-1,-1,0
50941836,7,5,-1,-1,7
50940689,18,49,-1,-1,3
50941702,26,3,-1,-1,4
50939463,43,5,-1,-1,1
50938898,35,23,-1,-1,7
50942027,51,39,-1,-1,2
50940741,26,6,-1,-1,1
50931367,25,13,-1,-1,7
50936556,11,40,-1,-1,2
50940185,1,47,-1,-1,4
50928396,53,21,-1,-1,3
50939403,49,51,-1,-1,5
50941791,26,31,-1,-1,2
50942083,15,32,-1,-1,3
50935681,25,20,-1,-1,6
50939178,52,48,-1,-1,7
50941158,57,13,-1,-1,5
50936806,38,53,-1,-1,4
50941018,5,27,-1,-1,5
50939776,52,19,-1,-1,1
50941470,51,33,-1,-1,4
50937975,26,57,-1,-1,3
50935321,38,49,-1,-1,7
50941698,26,51,-1,-1,7
50938797,31,24,-1,-1,1
50940477,23,10,-1,-1,7
50941669,48,3,-1,-1,4
50942139,41,40,-1,-1,1
50941088,23,29,-1,-1,3
50940308,39,55,-1,-1,3
50935958,33,0,-1,-1,6
50940799,35,21,-1,-1,5
50939697,40,33,-1,-1,7
50942375,22,10,-1,-1,2
50942077,54,34,-1,-1,7
50940613,4,19,-1,-1,1
50940758,30,26,-1,-1,2
50940740,52,26,-1,-1,4
50937775,26,18,-1,-1,4
50938618,49,8,-1,-1,5
50941556,25,38,-1,-1,5
50939492,46,40,-1,-1,7
50942281,42,49,-1,-1,4
50941676,37,17,-1,-1,1
50937595,6,4,-1,-1,3
50941188,50,21,-1,-1,7
50940559,25,42,-1,-1,1
50935706,43,48,-1,-1,3
50938931,40,25,-1,-1,3
50937941,34,3,-1,-1,5
50940910,7,21,-1,-1,4
50926701,13,11,-1,-1,3
50940952,21,48,-1,-1,2
50940066,40,17,-1,-1,2
50937591,0,6,-1,-1,3
50940560,39,12,-1,-1,2
50941959,44,41,-1,-1,6
50940927,4,50,-1,-1,4
50934917,23,17,-1,-1,0
50941281,50,4,-1,-1,4
50941507,57,56,-1,-1,6
50936035,33,58,-1,-1,6
50942436,55,13,-1,-1,2
50942021,44,31,-1,-1,5
50940569,53,1,-1,-1,7
50938305,0,57,-1,-1,0
50937734,40,46,-1,-1,7
50938825,47,56,-1,-1,6
50942149,33,52,-1,-1,5
50941712,40,54,-1,-1,3
50934524,1,4,-1,-1,5
50936255,26,42,-1,-1,6
50942025,8,54,-1,-1,3
50937687,1,11,-1,-1,2
50936959,25,18,-1,-1,6
50941834,34,49,-1,-1,5
50942113,34,23,-1,-1,3
50936944,36,48,-1,-1,6
50941060,57,46,-1,-1,1
50938785,57,11,-1,-1,5
50937848,47,3,-1,-1,6
50941938,14,22,-1,-1,1
50941973,6,22,-1,-1,0
50942268,21,46,-1,-1,5
50940823,34,36,-1,-1,2
50941196,27,58,-1,-1,3
50939499,41,29,-1,-1,4
50938329,51,55,-1,-1,3
50941797,52,47,-1,-1,3
50938761,3,25,-1,-1,4
50937198,16,29,-1,-1,2
50938141,41,32,-1,-1,3
50938910,27,57,-1,-1,3
50940761,9,10,-1,-1,1
50937393,12,1,-1,-1,7
50938173,34,1,-1,-1,7
50940827,55,42,-1,-1,7
50941143,58,34,-1,-1,0
50936624,3,53,-1,-1,4
50933449,18,7,-1,-1,1
50940794,16,21,-1,-1,1
50941654,48,15,-1,-1,3
50941295,11,48,-1,-1,3
50937856,45,17,-1,-1,3
50941412,40,47,-1,-1,1
50942073,31,46,-1,-1,4
50941012,51,30,-1,-1,5
50935041,29,54,-1,-1,5
50938498,12,8,-1,-1,2
50937545,33,18,-1,-1,5
50941596,24,51,-1,-1,0
50938949,11,50,-1,-1,6
50942385,33,27,-1,-1,2
50941980,35,54,-1,-1,3
50930499,4,0,-1,-1,2
50942171,48,22,-1,-1,1
50940591,28,46,-1,-1,5
50939978,1,31,-1,-1,7
50938082,0,2,-1,-1,6
50940555,38,38,-1,-1,5
50937774,26,9,-1,-1,2
50929902,24,8,-1,-1,6
50937785,41,55,-1,-1,5
50939478,53,42,-1,-1,5
50941053,20,54,-1,-1,5
50941684,58,57,-1,-1,6
50942296,55,21,-1,-1,2
50937053,26,55,-1,-1,0
50939110,23,7,-1,-1,3
50931839,52,50,-1,-1,6
50935170,21,34,-1,-1,4
50939482,35,31,-1,-1,2
50938461,40,19,-1,-1,4
50942116,5,4,-1,-1,7
50941280,6,25,-1,-1,7
50941993,45,6,-1,-1,4
50939677,22,39,-1,-1,5
50942023,33,46,-1,-1,0
50933487,34,17,-1,-1,6
50937610,26,2,-1,-1,4
50941147,25,36,-1,-1,4
50936737,40,39,-1,-1,7
50940979,49,22,-1,-1,7
50937022,26,43,-1,-1,2
50938661,0,44,-1,-1,7
50939141,34,48,-1,-1,7
50940264,58,11,-1,-1,5
50942004,13,25,-1,-1,5
50940283,58,23,-1,-1,0
50934880,17,47,-1,-1,6
50937596,8,52,-1,-1,5
50939004,24,31,-1,-1,3
50942264,3,21,-1,-1,0
50936827,3,8,-1,-1,0
50941602,13,1,-1,-1,6
50942155,9,54,-1,-1,0
50933786,35,15,-1,-1,4
50941972,52,46,-1,-1,6
50937503,30,2,-1,-1,3
50939910,45,44,-1,-1,1
50937475,55,18,-1,-1,4
50938346,0,20,-1,-1,7
50940866,16,7,-1,-1,2
50936558,18,20,-1,-1,5
50938311,48,4,-1,-1,2
50942416,20,8,-1,-1,5
50942411,34,18,-1,-1,4
50937522,50,28,-1,-1,1
50937515,33,51,-1,-1,3
50940189,9,4,-1,-1,7
50938988,13,5,-1,-1,7
50938956,35,47,-1,-1,1
50940542,40,58,-1,-1,5
50939942,0,28,-1,-1,0
50931654,5,43,-1,-1,1
50941606,29,53,-1,-1,3
50939495,53,38,-1,-1,3
50942082,2,54,-1,-1,2
50937374,27,29,-1,-1,5
50936461,55,28,-1,-1,0
50916965,7,57,-1,-1,3
50941825,26,49,-1,-1,2
50941247,54,30,-1,-1,1
50941631,30,42,-1,-1,4
50936767,58,32,-1,-1,1
50940928,47,8,-1,-1,3
50941305,47,48,-1,-1,6
50941259,31,56,-1,-1,1
50940237,14,51,-1,-1,1
50939533,21,13,-1,-1,5
50940984,14,7,-1,-1,1
50939505,53,31,-1,-1,4
50939309,15,16,-1,-1,6
50942211,1,28,-1,-1,4
50939593,54,2,-1,-1,6
50938074,47,23,-1,-1,4
50938897,4,41,-1,-1,3
50938739,36,51,-1,-1,0
50936403,4,58,-1,-1,6
50926103,44,56,-1,-1,5
50938192,53,52,-1,-1,4
50936598,12,56,-1,-1,1
50939285,54,52,-1,-1,1
50933441,9,56,-1,-1,3
50935584,36,56,-1,-1,2
50939264,42,12,-1,-1,1
50929242,34,39,-1,-1,1
50941112,6,12,-1,-1,5
50941534,55,3,-1,-1,0
50935744,49,1,-1,-1,0
50937882,25,16,-1,-1,4
50929288,11,33,-1,-1,3
50940925,2,7,-1,-1,2
50936229,53,4,-1,-1,1
50937693,53,17,-1,-1,7
50934079,24,4,-1,-1,7
50940887,48,37,-1,-1,4
50937742,56,13,-1,-1,5
50940916,6,17,-1,-1,6
50941153,4,6,-1,-1,2
50941913,30,43,-1,-1,6
50942085,44,46,-1,-1,1
50935767,10,4,-1,-1,2
50934209,52,30,-1,-1,6
50941033,15,6,-1,-1,1
50936405,18,10,-1,-1,4
50938259,11,16,-1,-1,6
50937828,58,22,-1,-1,1
50941545,52,15,-1,-1,1
50935613,18,54,-1,-1,6
50939588,54,48,-1,-1,7
50941677,54,26,-1,-1,7
50934564,38,14,-1,-1,3
50936206,29,13,-1,-1,1
50942287,45,54,-1,-1,4
50936089,1,26,-1,-1,2
50938318,21,21,-1,-1,6
50939534,57,51,-1,-1,1
50936878,29,6,-1,-1,7
50941623,46,0,-1,-1,6
50938292,18,32,-1,-1,7
50942360,51,23,-1,-1,7
50941638,7,15,-1,-1,6
50940998,10,48,-1,-1,3
50939793,21,28,-1,-1,0
50931263,34,7,-1,-1,5
50939859,4,45,-1,-1,6
50937391,55,40,-1,-1,3
50938805,13,14,-1,-1,7
50940764,5,19,-1,-1,1
50939371,42,18,-1,-1,7
50942273,47,20,-1,-1,4
50941163,23,28,-1,-1,3
50941630,34,31,-1,-1,2
50941098,32,58,-1,-1,5
50942329,36,2,-1,-1,6
50939189,33,49,-1,-1,4
50942334,38,12,-1,-1,3
50941742,38,46,-1,-1,1
50940581,48,11,-1,-1,0
50936331,23,22,-1,-1,6
50941616,42,41,-1,-1,5
50938490,3,13,-1,-1,0
50935334,29,24,-1,-1,4
50942091,14,33,-1,-1,3
50936996,19,2,-1,-1,4
50942153,28,19,-1,-1,7
50937281,0,22,-1,-1,4
50941116,38,17,-1,-1,1
50940641,23,1,-1,-1,1
50939279,36,42,-1,-1,5
50941292,33,24,-1,-1,3
50941222,16,1,-1,-1,2
50940750,46,30,-1,-1,2
50942249,5,51,-1,-1,4
50942339,58,15,-1,-1,4
50941306,41,58,-1,-1,1
50939111,2,56,-1,-1,7
50937293,31,2,-1,-1,4
50940644,31,54,-1,-1,2
50940850,24,6,-1,-1,3
50942395,46,43,-1,-1,3
50938010,56,51,-1,-1,0
50942231,47,47,-1,-1,1
50939829,41,52,-1,-1,1
50931313,42,3,-1,-1,5
50940712,3,58,-1,-1,2
50942315,2,55,-1,-1,2
50938606,55,55,-1,-1,6
50941672,25,27,-1,-1,2
50934913,47,31,-1,-1,5
50941028,26,56,-1,-1,3
50937903,50,51,-1,-1,1
50940546,43,20,-1,-1,5
50941357,19,49,-1,-1,2
50941110,39,50,-1,-1,4
50940523,14,10,-1,-1,5
50939058,12,11,-1,-1,3
50941476,41,34,-1,-1,1
50942056,0,15,-1,-1,0
50941191,35,28,-1,-1,5
50937724,36,4,-1,-1,5
50942410,29,11,-1,-1,6
50940920,46,44,-1,-1,3
50935532,32,52,-1,-1,0
50940926,57,38,-1,-1,7
50923152,19,25,-1,-1,0
50942342,21,22,-1,-1,0
50940622,29,39,-1,-1,4
50933564,13,46,-1,-1,1
50937907,5,1,-1,-1,4
50941385,38,42,-1,-1,6
50938775,52,35,-1,-1,0
50938934,26,5,-1,-1,1
50934464,20,21,-1,-1,5
50942374,42,53,-1,-1,7
50938880,5,32,-1,-1,7
50941441,1,45,-1,-1,6
50933285,34,21,-1,-1,1
50939299,24,37,-1,-1,3
50938690,49,38,-1,-1,1
50937889,52,52,-1,-1,0
50941077,15,18,-1,-1,6
50938415,0,53,-1,-1,6
50930384,56,30,-1,-1,0
50931966,58,12,-1,-1,7
50939884,7,41,-1,-1,3
50939018,44,17,-1,-1,5
50938416,47,2,-1,-1,2
50937847,32,7,-1,-1,1
50930131,53,54,-1,-1,4
50938092,23,15,-1,-1,2
50942246,8,6,-1,-1,1
50940716,53,55,-1,-1,2
50941260,38,1,-1,-1,3
50941894,48,21,-1,-1,4
50937266,4,22,-1,-1,0
50940347,19,18,-1,-1,3
50940722,10,49,-1,-1,3
50933565,5,47,-1,-1,7
50940698,58,5,-1,-1,5
50940864,35,49,-1,-1,1
50942196,38,40,-1,-1,3
50939671,2,6,-1,-1,4
50939376,24,29,-1,-1,5
50941740,36,57,-1,-1,1
50941226,48,1,-1,-1,0
50941070,47,34,-1,-1,7
50942333,5,3,-1,-1,0
50938747,0,1,-1,-1,2
50941321,25,9,-1,-1,5
50937346,23,13,-1,-1,3
50941593,42,1,-1,-1,4
50928292,42,45,-1,-1,6
50939991,16,48,-1,-1,3
50942427,36,27,-1,-1,2
50942317,12,57,-1,-1,1
50941629,15,46,-1,-1,5
50942340,43,0,-1,-1,7
50940492,14,40,-1,-1,6
50937654,46,58,-1,-1,7
50942209,45,22,-1,-1,6
50939994,13,55,-1,-1,4
50939577,6,56,-1,-1,2
50940177,3,10,-1,-1,1
50936781,6,18,-1,-1,2
50940467,4,11,-1,-1,6
50937957,21,55,-1,-1,0
50941854,46,1,-1,-1,6
50940305,27,27,-1,-1,3
50939447,51,35,-1,-1,0
50938071,31,15,-1,-1,1
50931052,41,36,-1,-1,0
50940028,44,50,-1,-1,0
50938592,33,40,-1,-1,7
50935033,6,53,-1,-1,7
50939374,21,50,-1,-1,5
50936153,0,50,-1,-1,6
50938847,25,3,-1,-1,6
50940991,3,32,-1,-1,0
50940304,15,11,-1,-1,1
50942223,44,28,-1,-1,6
50939321,41,42,-1,-1,0
50941380,0,3,-1,-1,2
50942069,12,10,-1,-1,0
50941974,33,32,-1,-1,4
50940194,0,14,-1,-1,2
50941782,47,14,-1,-1,5
50939806,21,2,-1,-1,0
50931769,5,41,-1,-1,7
50941136,29,40,-1,-1,7
50938625,31,44,-1,-1,1
50933338,21,15,-1,-1,3
50940279,12,58,-1,-1,4
50940453,7,16,-1,-1,4
50941640,19,44,-1,-1,1
50941237,4,9,-1,-1,0
50935718,6,55,-1,-1,7
50937630,36,31,-1,-1,3
50935463,43,6,-1,-1,5
50941165,17,53,-1,-1,4
50930135,28,4,-1,-1,7
50941079,4,38,-1,-1,3
50941189,10,40,-1,-1,3
50931355,57,47,-1,-1,1
50938997,57,39,-1,-1,1
50938215,14,38,-1,-1,2
50942237,47,32,-1,-1,0
50935943,6,1,-1,-1,3
50938399,40,11,-1,-1,3
50937542,37,0,-1,-1,6
50941929,8,28,-1,-1,5
50941837,50,34,-1,-1,3
50941227,45,8,-1,-1,3
50940734,17,3,-1,-1,7
50940469,38,36,-1,-1,2
50939931,52,29,-1,-1,6
50940363,18,45,-1,-1,6
50937289,18,50,-1,-1,7
50928417,40,22,-1,-1,2
50940247,21,23,-1,-1,5
50942299,41,57,-1,-1,7
50941246,28,13,-1,-1,4
50932614,34,25,-1,-1,6
50938190,47,49,-1,-1,2
50941367,6,23,-1,-1,0
50939734,20,17,-1,-1,5
50937721,39,21,-1,-1,7
50937741,22,54,-1,-1,0
50933760,10,21,-1,-1,3
50936217,35,35,-1,-1,3
50938330,15,26,-1,-1,6
50932973,42,40,-1,-1,6
50941754,41,8,-1,-1,0
50939155,21,11,-1,-1,4
50941941,27,50,-1,-1,1
50939885,48,46,-1,-1,0
50939709,8,43,-1,-1,3
50941285,27,9,-1,-1,1
50937851,46,6,-1,-1,3
50931194,34,8,-1,-1,0
50932535,32,10,-1,-1,6
50941996,42,5,-1,-1,3
50941343,55,9,-1,-1,3
50940642,5,55,-1,-1,0
50940874,0,58,-1,-1,0
50941326,30,56,-1,-1,1
50939105,20,36,-1,-1,2
50939640,48,49,-1,-1,3
50937781,20,25,-1,-1,6
50940817,18,36,-1,-1,6
50937369,31,16,-1,-1,3
50942390,40,8,-1,-1,4
50934407,20,15,-1,-1,7
50942406,13,41,-1,-1,6
50938555,28,56,-1,-1,2
50942032,55,41,-1,-1,0
50940426,30,21,-1,-1,0
50941131,17,25,-1,-1,7
50940485,28,57,-1,-1,0
50941568,24,38,-1,-1,0
50941504,19,27,-1,-1,1
50941348,36,53,-1,-1,1
50941442,10,8,-1,-1,1
50933647,37,18,-1,-1,0
50931410,25,11,-1,-1,5
50940088,32,30,-1,-1,0
50941197,29,35,-1,-1,6
50939610,46,37,-1,-1,2
50941800,36,11,-1,-1,6
50937392,57,43,-1,-1,5
50940585,50,37,-1,-1,0
50942286,56,52,-1,-1,6
50940373,54,36,-1,-1,1
50941726,12,31,-1,-1,6
50941108,36,8,-1,-1,1
50941059,31,41,-1,-1,0
50941474,26,34,-1,-1,2
50941865,42,10,-1,-1,3
50941297,2,8,-1,-1,2
50935058,2,41,-1,-1,1
50940470,5,15,-1,-1,0
50941428,2,58,-1,-1,6
50941731,13,49,-1,-1,3
50937396,11,11,-1,-1,0
50939221,14,5,-1,-1,3
50940423,28,21,-1,-1,4
50941035,53,32,-1,-1,6
50933132,8,12,-1,-1,5
50939784,1,12,-1,-1,1
50940962,29,8,-1,-1,7
50938268,10,0,-1,-1,0
50940444,20,7,-1,-1,6
50938866,32,36,-1,-1,6
50941118,35,6,-1,-1,5
50937779,41,14,-1,-1,1
50932719,38,54,-1,-1,1
50938014,13,16,-1,-1,6
50940973,54,47,-1,-1,2
50941560,12,14,-1,-1,5
50940087,33,36,-1,-1,2
50942119,52,11,-1,-1,7
50935992,58,52,-1,-1,4
50938732,37,33,-1,-1,6
50931164,12,18,-1,-1,4
50941341,47,58,-1,-1,7
50939342,0,19,-1,-1,1
50942172,27,1,-1,-1,0
50925101,34,55,-1,-1,0
50937403,5,37,-1,-1,3
50940831,47,19,-1,-1,2
50940387,38,32,-1,-1,0
50939137,36,7,-1,-1,1
50938813,23,43,-1,-1,3
50936557,44,34,-1,-1,2
50941807,17,32,-1,-1,3
50940394,31,9,-1,-1,4
50939315,6,54,-1,-1,2
50938444,8,37,-1,-1,5
50940393,44,52,-1,-1,7
50940662,13,26,-1,-1,0
50942128,36,23,-1,-1,0
50941372,18,6,-1,-1,2
50939769,3,38,-1,-1,0
50934704,50,2,-1,-1,7
50940516,51,18,-1,-1,4
50936325,46,20,-1,-1,6
50938566,47,30,-1,-1,1
50942036,13,15,-1,-1,1
50941608,34,52,-1,-1,1
50942399,48,34,-1,-1,1
50939955,19,52,-1,-1,2
50941673,2,24,-1,-1,6
50942012,54,16,-1,-1,3
50941661,20,28,-1,-1,0
50936794,57,44,-1,-1,5
50941347,17,21,-1,-1,1
50942165,51,36,-1,-1,2
50942404,0,26,-1,-1,2
50939960,33,53,-1,-1,7
50934871,10,28,-1,-1,5
50937140,33,47,-1,-1,2
50940165,35,0,-1,-1,1
50942189,4,28,-1,-1,0
50940238,51,25,-1,-1,0
50940414,23,48,-1,-1,4
50940369,16,35,-1,-1,4
50940428,53,41,-1,-1,7
50941945,9,17,-1,-1,0
50939194,9,30,-1,-1,2
50939975,9,21,-1,-1,5
50941662,44,7,-1,-1,1
50940993,0,5,-1,-1,3
50941727,34,13,-1,-1,5
50941708,39,6,-1,-1,7
50941736,4,16,-1,-1,2
50941765,55,24,-1,-1,5
50935182,23,36,-1,-1,5
50940571,41,26,-1,-1,4
50941563,49,29,-1,-1,4
50941327,36,33,-1,-1,7
50941627,48,6,-1,-1,7
50939875,50,38,-1,-1,3
50940225,58,8,-1,-1,6
50938593,11,57,-1,-1,3
50939196,15,7,-1,-1,5
50941483,26,22,-1,-1,6
50940675,30,40,-1,-1,5
50934491,25,24,-1,-1,6
50940016,6,48,-1,-1,1
50941816,36,1,-1,-1,1
50942243,50,6,-1,-1,3
50930394,44,20,-1,-1,3
50941991,55,1,-1,-1,0
50939893,27,46,-1,-1,7
50937561,58,50,-1,-1,6
50938054,20,10,-1,-1,7
50941694,24,20,-1,-1,4
50939462,17,16,-1,-1,3
50934788,29,33,-1,-1,6
50931665,24,32,-1,-1,6
50941788,30,6,-1,-1,2
50938696,50,18,-1,-1,2
50940930,19,57,-1,-1,7
50938325,48,28,-1,-1,5
50940342,39,43,-1,-1,1
50940680,18,0,-1,-1,7
50942300,21,26,-1,-1,4
50940218,44,54,-1,-1,7
50941030,42,34,-1,-1,5
50938200,32,6,-1,-1,3
50939971,38,23,-1,-1,4
50937672,10,42,-1,-1,0
50940167,39,31,-1,-1,7
50939858,52,5,-1,-1,3
50935750,23,35,-1,-1,3
50940842,19,35,-1,-1,6
50940118,25,15,-1,-1,4
50933789,49,25,-1,-1,5
50941311,46,35,-1,-1,5
50940215,53,12,-1,-1,3
50938284,10,39,-1,-1,4
50934391,32,2,-1,-1,4
50938668,49,40,-1,-1,3
50939481,26,50,-1,-1,3
50936907,50,3,-1,-1,0
50938685,7,33,-1,-1,0
50941841,47,27,-1,-1,2
50941881,39,38,-1,-1,3
50941928,10,26,-1,-1,3
50933956,40,36,-1,-1,4
50940035,37,4,-1,-1,5
50940534,42,58,-1,-1,5
50941905,7,14,-1,-1,2
50924594,7,50,-1,-1,4
50936936,33,31,-1,-1,4
50941304,22,12,-1,-1,7
50938371,41,19,-1,-1,0
50938619,2,2,-1,-1,1
50938176,56,24,-1,-1,1
50942143,54,21,-1,-1,1
50941335,3,55,-1,-1,4
50936949,5,39,-1,-1,0
50939545,11,52,-1,-1,7
50940206,6,16,-1,-1,0
50935651,16,9,-1,-1,1
50942114,25,17,-1,-1,0
50941965,30,32,-1,-1,7
50941044,20,3,-1,-1,7
50939093,16,45,-1,-1,7
50937658,27,13,-1,-1,5
50940513,20,48,-1,-1,5
50941849,2,19,-1,-1,7
50941567,10,32,-1,-1,2
50942162,37,42,-1,-1,7
50937651,53,24,-1,-1,3
50940133,44,49,-1,-1,6
50941812,35,7,-1,-1,5
50941276,58,54,-1,-1,3
50935779,29,28,-1,-1,4
50937215,18,53,-1,-1,6
50942057,6,13,-1,-1,7
50931969,7,1,-1,-1,1
50938939,46,51,-1,-1,0
50941862,42,47,-1,-1,3
50939919,3,50,-1,-1,1
50941804,11,26,-1,-1,1
50940108,35,37,-1,-1,4
50941423,25,10,-1,-1,1
50940456,24,44,-1,-1,0
50934402,10,18,-1,-1,3
50936770,2,3,-1,-1,0
50920735,52,42,-1,-1,0
50935053,17,33,-1,-1,5
50941437,50,40,-1,-1,0
50932740,9,45,-1,-1,0
50941585,52,44,-1,-1,4
50941707,54,29,-1,-1,5
50935429,12,32,-1,-1,7
50941844,41,43,-1,-1,3
50941692,19,11,-1,-1,3
50937205,23,14,-1,-1,6
50940668,15,10,-1,-1,5
50938724,34,58,-1,-1,3
50942270,44,55,-1,-1,1
50937872,58,42,-1,-1,7
50936980,32,26,-1,-1,4
50941637,50,17,-1,-1,4
50927714,6,27,-1,-1,6
50937430,17,20,-1,-1,5
50928383,49,10,-1,-1,2
50940793,13,4,-1,-1,2
50942426,55,58,-1,-1,1
50940989,36,14,-1,-1,4
50937725,38,24,-1,-1,6
50940104,46,19,-1,-1,0
50927270,50,49,-1,-1,3
50931101,52,34,-1,-1,7
50941674,32,48,-1,-1,1
50939924,10,35,-1,-1,5
50942179,11,44,-1,-1,0
50935109,27,20,-1,-1,2
50938481,14,21,-1,-1,7
50940951,25,2,-1,-1,5
50941473,54,44,-1,-1,7
50940476,0,0,-1,-1,4
50940079,2,52,-1,-1,5
50941119,9,13,-1,-1,5
50939752,43,3,-1,-1,6
50941599,15,5,-1,-1,6
50940865,32,49,-1,-1,7
50941838,27,33,-1,-1,4
50941659,28,24,-1,-1,6
50937710,31,0,-1,-1,5
50940884,31,5,-1,-1,1
50942173,3,40,-1,-1,4
50930377,18,34,-1,-1,2
50941272,6,9,-1,-1,3
50937127,58,24,-1,-1,4
50942386,0,27,-1,-1,4
50936915,32,41,-1,-1,0
50940855,34,50,-1,-1,1
50937502,46,22,-1,-1,7
50937209,14,57,-1,-1,0
50936753,10,6,-1,-1,7
50938758,37,53,-1,-1,1
50940945,14,39,-1,-1,0
50941263,4,4,-1,-1,3
50931240,47,7,-1,-1,6
50940714,58,47,-1,-1,0
50940888,21,8,-1,-1,1
50940551,36,21,-1,-1,7
50941685,28,34,-1,-1,0
50939340,16,23,-1,-1,0
50938601,40,28,-1,-1,1
50939958,42,33,-1,-1,1
50938885,51,5,-1,-1,3
50942065,0,55,-1,-1,0
50937946,19,7,-1,-1,6
50941002,35,57,-1,-1,5
50938604,45,35,-1,-1,7
50940314,58,3,-1,-1,0
50934286,44,22,-1,-1,5
50940339,49,33,-1,-1,3
50934912,51,34,-1,-1,1
50940075,48,25,-1,-1,0
50940656,46,13,-1,-1,1
50938748,4,8,-1,-1,7
50940000,43,52,-1,-1,7
50939454,32,11,-1,-1,5
50941475,12,47,-1,-1,2
50937114,53,33,-1,-1,6
50939473,1,19,-1,-1,1
50926477,50,12,-1,-1,0
50940475,22,38,-1,-1,3
50939900,1,16,-1,-1,4
50937537,52,27,-1,-1,2
50929313,12,39,-1,-1,0
50936865,45,15,-1,-1,0
50941940,38,25,-1,-1,0
50940832,47,26,-1,-1,0
50939062,14,52,-1,-1,6
50941472,39,49,-1,-1,0
50939115,38,57,-1,-1,6
50941721,4,15,-1,-1,0
50942101,45,39,-1,-1,1
50938085,47,39,-1,-1,6
50941243,54,20,-1,-1,0
50933118,28,26,-1,-1,5
50933610,37,56,-1,-1,2
50940086,17,18,-1,-1,3
50939106,12,6,-1,-1,3
50940608,20,20,-1,-1,5
50938783,29,50,-1,-1,3
50939718,50,10,-1,-1,5
50939049,3,22,-1,-1,4
50942124,35,9,-1,-1,6
50940781,9,50,-1,-1,7
50940935,36,46,-1,-1,2
50938503,5,18,-1,-1,5
50939908,30,33,-1,-1,1
50939103,12,48,-1,-1,6
50928541,3,41,-1,-1,3
50941821,42,42,-1,-1,7
50938671,37,5,-1,-1,1
50941293,50,27,-1,-1,5
50939921,52,49,-1,-1,5
50936589,4,57,-1,-1,7
50938867,47,9,-1,-1,0
50942235,27,36,-1,-1,0
50934374,2,26,-1,-1,2
50941316,20,23,-1,-1,6
50933365,53,19,-1,-1,2
50935193,22,8,-1,-1,5
50939833,41,5,-1,-1,1
50933343,37,32,-1,-1,7
50939736,31,18,-1,-1,1
50941300,38,4,-1,-1,2
50931783,41,11,-1,-1,7
50941911,35,4,-1,-1,7
50936293,24,15,-1,-1,7
50940515,49,27,-1,-1,5
50940538,57,9,-1,-1,3
50934363,9,25,-1,-1,4
50938975,12,49,-1,-1,2
50940759,10,13,-1,-1,7
50941715,56,35,-1,-1,1
50939886,48,54,-1,-1,2
50942070,42,16,-1,-1,3
50937827,43,55,-1,-1,6
50940041,12,41,-1,-1,2
50936599,32,23,-1,-1,2
50939801,3,26,-1,-1,6
50942435,12,22,-1,-1,3
50936202,15,49,-1,-1,3
50940450,46,31,-1,-1,3
50942133,4,7,-1,-1,7
50938895,7,35,-1,-1,6
50942393,18,31,-1,-1,1
50937411,37,52,-1,-1,6
50937990,43,47,-1,-1,1
50941023,18,48,-1,-1,6
50931585,41,6,-1,-1,4
50942422,23,49,-1,-1,6
50932600,12,43,-1,-1,4
50939980,25,19,-1,-1,2
50938652,19,12,-1,-1,7
50937912,49,16,-1,-1,3
50942267,29,55,-1,-1,6
50941205,33,13,-1,-1,6
50935200,30,13,-1,-1,1
50942041,51,13,-1,-1,1
50930034,24,28,-1,-1,1
50935046,49,30,-1,-1,1
50941390,32,50,-1,-1,1
50937249,6,26,-1,-1,4
50936823,30,57,-1,-1,1
50939249,24,23,-1,-1,2
50942361,49,50,-1,-1,1
50939491,31,45,-1,-1,6
50939959,1,37,-1,-1,4
50942204,7,58,-1,-1,7
50936532,22,9,-1,-1,7
50937526,39,44,-1,-1,3
50939008,32,25,-1,-1,4
50941851,44,26,-1,-1,0
50940804,2,1,-1,-1,6
50939153,56,36,-1,-1,4
50942207,17,40,-1,-1,7
50940811,19,23,-1,-1,0
50937528,7,40,-1,-1,7
50941320,12,12,-1,-1,0
50940636,38,52,-1,-1,5
50936132,36,22,-1,-1,5
50942009,30,53,-1,-1,5
50941016,16,27,-1,-1,2
50939609,34,19,-1,-1,4
50937131,0,45,-1,-1,3
50942060,47,0,-1,-1,4
50937195,10,53,-1,-1,0
50942378,52,3,-1,-1,2
50937792,28,10,-1,-1,5
50940164,28,42,-1,-1,2
50935134,45,27,-1,-1,2
50938248,50,25,-1,-1,3
50937460,54,3,-1,-1,4
50941665,29,45,-1,-1,4
50936197,17,45,-1,-1,0
50933746,27,47,-1,-1,0
50940837,33,35,-1,-1,1
50939278,16,24,-1,-1,3
50939603,45,32,-1,-1,2
50933186,29,46,-1,-1,1
50941207,19,26,-1,-1,7
50941790,17,52,-1,-1,1
50938699,37,50,-1,-1,6
50939330,45,31,-1,-1,1
50941671,27,22,-1,-1,3
50940947,16,53,-1,-1,4
50938814,19,34,-1,-1,6
50941764,40,45,-1,-1,5
50935084,1,21,-1,-1,3
50942323,42,26,-1,-1,4
50941947,56,38,-1,-1,6
50941840,43,50,-1,-1,1
50942001,22,1,-1,-1,5
50936783,44,37,-1,-1,5
50942291,22,0,-1,-1,3
50935159,10,1,-1,-1,5
50938806,7,2,-1,-1,4
50939802,16,33,-1,-1,2
50940699,7,3,-1,-1,1
50942108,47,24,-1,-1,5
50939469,26,12,-1,-1,7
50939176,2,38,-1,-1,7
50928488,15,0,-1,-1,5
50935741,11,43,-1,-1,0
50940018,57,2,-1,-1,2
50938670,30,5,-1,-1,3
50939917,25,23,-1,-1,7
50938541,19,46,-1,-1,1
50934823,40,1,-1,-1,3
50941860,2,53,-1,-1,0
50940349,5,28,-1,-1,0
50939344,38,7,-1,-1,4
50941005,39,22,-1,-1,2
50939759,33,50,-1,-1,2
50940732,36,28,-1,-1,3
50941932,40,6,-1,-1,7
50938954,12,54,-1,-1,5
50939118,54,46,-1,-1,4
50940251,20,14,-1,-1,4
50941652,15,36,-1,-1,7
50942298,45,20,-1,-1,4
50939223,48,12,-1,-1,5
50942434,30,3,-1,-1,1
50937641,1,15,-1,-1,5
50938385,16,34,-1,-1,4
50938565,10,12,-1,-1,5
50938487,52,31,-1,-1,0
50927746,37,54,-1,-1,6
50940127,7,54,-1,-1,5
50941206,15,33,-1,-1,0
50936567,48,9,-1,-1,2
50942381,54,11,-1,-1,6
50941971,9,7,-1,-1,2
50940771,40,10,-1,-1,2
50940427,3,27,-1,-1,4
50938894,15,41,-1,-1,4
50938138,23,50,-1,-1,7
50939068,51,6,-1,-1,7
50941658,46,48,-1,-1,1
50941353,35,8,-1,-1,7
50941467,51,1,-1,-1,3
50938871,58,45,-1,-1,5
50939587,47,6,-1,-1,4
50937013,32,28,-1,-1,1
50941460,18,55,-1,-1,6
50936169,30,52,-1,-1,2
50941714,8,55,-1,-1,5
50936367,58,13,-1,-1,3
50937588,3,54,-1,-1,6
50933736,14,37,-1,-1,3
50941387,58,21,-1,-1,3
50940257,46,55,-1,-1,6
50939979,3,44,-1,-1,7
50942028,32,37,-1,-1,1
50935598,48,52,-1,-1,1
50942160,14,8,-1,-1,2
50942218,39,17,-1,-1,2
50940815,45,26,-1,-1,3
50938191,4,35,-1,-1,1
50942208,7,0,-1,-1,3
50941796,44,5,-1,-1,0
50941492,29,58,-1,-1,2
50940010,47,15,-1,-1,0
50940834,31,8,-1,-1,0
50940159,37,2,-1,-1,0
50941273,7,27,-1,-1,7
50934646,11,54,-1,-1,0
50941822,51,27,-1,-1,5
50941404,17,5,-1,-1,5
50942337,48,55,-1,-1,4
50940322,40,43,-1,-1,2
50935626,9,42,-1,-1,3
50940303,15,21,-1,-1,6
50939242,40,16,-1,-1,2
50942109,32,39,-1,-1,7
50937766,12,9,-1,-1,4
50941029,47,4,-1,-1,5
50935040,41,18,-1,-1,0
50936199,16,10,-1,-1,2
50937438,40,7,-1,-1,0
50942169,31,10,-1,-1,4
50941096,44,32,-1,-1,3
50933084,38,20,-1,-1,5
50941283,24,47,-1,-1,3
50939783,5,12,-1,-1,2
50942332,18,17,-1,-1,0
50940406,50,9,-1,-1,7
50937440,21,1,-1,-1,3
50937784,29,47,-1,-1,2
50941303,45,51,-1,-1,1
50934549,9,37,-1,-1,6
50941240,25,49,-1,-1,7
50940598,4,44,-1,-1,2
50937947,22,58,-1,-1,6
50940674,0,43,-1,-1,4
50941709,12,33,-1,-1,2
50942402,28,27,-1,-1,6
50939936,35,2,-1,-1,5
50930398,43,54,-1,-1,1
50941519,55,33,-1,-1,2
50939120,1,22,-1,-1,6
50939108,1,36,-1,-1,7
50942016,20,58,-1,-1,3
50941693,4,1,-1,-1,4
50934910,23,34,-1,-1,2
50932987,32,21,-1,-1,7
50935234,0,39,-1,-1,1
50938451,43,24,-1,-1,4
50941178,3,19,-1,-1,1
50937506,8,20,-1,-1,5
50940576,31,1,-1,-1,3
50940792,55,31,-1,-1,2
50940200,11,18,-1,-1,0
50936942,8,25,-1,-1,6
50941075,7,26,-1,-1,1
50940112,11,1,-1,-1,6
50939092,45,33,-1,-1,2
50937512,0,10,-1,-1,1
50941386,10,41,-1,-1,4
50940552,36,16,-1,-1,7
50942397,6,30,-1,-1,5
50933953,29,17,-1,-1,5
50940742,47,29,-1,-1,2
50941495,49,13,-1,-1,1
50942188,44,33,-1,-1,1
50937557,47,13,-1,-1,2
50937935,43,7,-1,-1,2
50935703,24,45,-1,-1,3
50941232,3,0,-1,-1,2
50930390,22,32,-1,-1,7
50942415,52,55,-1,-1,2
50941111,18,8,-1,-1,2
50942018,49,0,-1,-1,3
50939317,7,44,-1,-1,0
50939086,25,56,-1,-1,1
50939744,30,1,-1,-1,7
50942370,50,45,-1,-1,5
50941287,22,17,-1,-1,7
50942134,41,53,-1,-1,7
50933972,40,56,-1,-1,6
50932706,14,29,-1,-1,5
50939487,46,8,-1,-1,7
50932963,28,11,-1,-1,6
50940797,37,10,-1,-1,7
50938639,13,31,-1,-1,2
50937782,39,40,-1,-1,2
50941097,10,29,-1,-1,0
50941699,42,11,-1,-1,0
50939107,10,46,-1,-1,6
50938884,27,52,-1,-1,1
50940893,31,35,-1,-1,3
50938003,53,11,-1,-1,5
50939981,12,2,-1,-1,1
50935089,42,32,-1,-1,6
50942042,53,39,-1,-1,5
50942112,55,7,-1,-1,5
50942193,13,50,-1,-1,5
50942369,21,40,-1,-1,1
50939812,53,7,-1,-1,6
50941760,58,2,-1,-1,0
50932029,45,9,-1,-1,7
50935697,48,24,-1,-1,6
50941514,13,39,-1,-1,6
50942052,53,16,-1,-1,5
50941713,57,34,-1,-1,4
50939877,30,44,-1,-1,5
50938642,34,24,-1,-1,3
50942430,10,7,-1,-1,1
50938465,23,4,-1,-1,2
50942221,40,49,-1,-1,0
50939792,55,45,-1,-1,1
50933616,44,24,-1,-1,5
50939622,10,36,-1,-1,0
50939193,16,28,-1,-1,1
50941688,24,52,-1,-1,7
50942424,14,1,-1,-1,7
50942331,4,48,-1,-1,4
50937303,22,24,-1,-1,5
50941294,41,17,-1,-1,3
50941848,56,14,-1,-1,6
50935127,10,10,-1,-1,5
50935079,36,32,-1,-1,2
50940407,4,27,-1,-1,6
50938205,48,20,-1,-1,0
50925157,14,34,-1,-1,0
50939968,46,52,-1,-1,5
50934489,20,40,-1,-1,7
50927476,42,30,-1,-1,6
50940770,23,32,-1,-1,2
50936133,51,40,-1,-1,6
50938616,49,4,-1,-1,0
50935283,25,32,-1,-1,5
50939782,56,5,-1,-1,4
50940446,22,57,-1,-1,4
50936498,54,42,-1,-1,0
50938848,33,2,-1,-1,4
50939456,56,33,-1,-1,4
50941605,48,14,-1,-1,4
50934018,37,1,-1,-1,4
50931989,25,6,-1,-1,7
50938401,52,41,-1,-1,7
50940578,53,9,-1,-1,0
50941937,54,39,-1,-1,1
50937199,24,16,-1,-1,7
50938244,35,29,-1,-1,5
50936509,6,43,-1,-1,5
50941794,8,38,-1,-1,6
50941650,39,19,-1,-1,1
50939894,16,16,-1,-1,5
50941873,43,16,-1,-1,5
50930241,19,14,-1,-1,3
50938116,22,46,-1,-1,0
50936322,30,39,-1,-1,5
50929617,18,38,-1,-1,0
50942328,8,29,-1,-1,4
50939943,29,3,-1,-1,4
50941443,47,51,-1,-1,3
50937998,20,24,-1,-1,6
50938637,12,50,-1,-1,7
50927634,56,9,-1,-1,1
50939037,45,24,-1,-1,4
50941622,45,4,-1,-1,0
50941717,43,13,-1,-1,7
50942274,51,0,-1,-1,1
50937932,9,5,-1,-1,4
50938941,36,44,-1,-1,1
50937955,47,21,-1,-1,3
50940484,56,23,-1,-1,3
50939939,55,14,-1,-1,3
50936795,31,48,-1,-1,5
50938464,26,41,-1,-1,1
50940851,55,30,-1,-1,1
50941853,33,28,-1,-1,6
50934718,8,46,-1,-1,7
50941695,23,21,-1,-1,3
50938390,21,7,-1,-1,2
50940514,12,38,-1,-1,1
50940822,14,28,-1,-1,7
50941979,8,3,-1,-1,1
50939393,47,52,-1,-1,4
50932678,13,40,-1,-1,2
50938128,56,8,-1,-1,6
50941156,30,49,-1,-1,2
50938856,58,18,-1,-1,7
50935871,46,18,-1,-1,0
50940939,26,1,-1,-1,6
50941340,38,48,-1,-1,4
50937491,24,22,-1,-1,7
50940971,29,51,-1,-1,7
50940577,17,8,-1,-1,6
50940290,58,55,-1,-1,5
50932929,30,38,-1,-1,2
50926913,5,46,-1,-1,0
50940454,11,53,-1,-1,6
50940306,5,58,-1,-1,7
50940448,40,14,-1,-1,7
50942297,4,10,-1,-1,6
50940107,31,38,-1,-1,2
50939731,49,48,-1,-1,2
50928400,24,11,-1,-1,3
50940123,3,17,-1,-1,2
50941909,27,48,-1,-1,2
50940678,18,1,-1,-1,2
50941747,18,25,-1,-1,2
50940344,12,34,-1,-1,7
50942053,5,21,-1,-1,7
50936443,38,13,-1,-1,2
50934857,6,11,-1,-1,7
50934688,32,40,-1,-1,6
50940405,14,23,-1,-1,6
50941696,27,0,-1,-1,6
50942136,46,39,-1,-1,1
50940545,1,20,-1,-1,7
50941558,35,16,-1,-1,0
50940908,30,19,-1,-1,2
50940655,50,8,-1,-1,0
50941555,53,49,-1,-1,0
50940778,4,53,-1,-1,4
50941970,1,18,-1,-1,4
50937466,9,57,-1,-1,7
50941302,49,55,-1,-1,6
50931693,33,48,-1,-1,0
50941951,7,42,-1,-1,0
50941540,24,54,-1,-1,5
50933260,37,25,-1,-1,0
50939526,3,4,-1,-1,1
50941749,34,41,-1,-1,5
50936956,17,19,-1,-1,7
50922039,22,50,-1,-1,6
50936898,10,30,-1,-1,7
50941705,24,40,-1,-1,5
50938026,26,30,-1,-1,5
50941767,17,11,-1,-1,2
50941113,17,28,-1,-1,0
50940565,24,13,-1,-1,2
50940273,44,18,-1,-1,5
50942131,16,38,-1,-1,7
50940978,46,49,-1,-1,7
50941570,49,7,-1,-1,7
50941167,17,27,-1,-1,0
50940917,19,4,-1,-1,6
50939923,56,20,-1,-1,3
50939507,55,15,-1,-1,7
50940934,39,7,-1,-1,6
50937810,14,35,-1,-1,1
50938228,11,2,-1,-1,4
50941999,47,53,-1,-1,7
50936230,21,16,-1,-1,3
50938719,25,7,-1,-1,6
50942186,52,23,-1,-1,3
50938965,41,49,-1,-1,6
50935564,53,18,-1,-1,6
50938526,20,33,-1,-1,1
50941681,43,40,-1,-1,0
50939863,44,1,-1,-1,2
50941801,44,44,-1,-1,5
50938194,1,43,-1,-1,1
50940188,10,31,-1,-1,6
50934915,19,41,-1,-1,5
50941121,14,53,-1,-1,1
50939458,3,5,-1,-1,4
50941201,1,5,-1,-1,0
50942301,2,43,-1,-1,0
50940631,11,39,-1,-1,0
50942015,4,47,-1,-1,2
50936391,58,26,-1,-1,2
50935780,17,58,-1,-1,7
50941779,32,3,-1,-1,5
50942019,19,6,-1,-1,5
50941763,3,20,-1,-1,3
50942129,1,34,-1,-1,0
50935298,21,52,-1,-1,0
50939261,5,29,-1,-1,3
50938922,46,36,-1,-1,4
50942418,49,26,-1,-1,0
50942045,12,15,-1,-1,1
50938725,16,19,-1,-1,0
50937614,17,9,-1,-1,2
50930628,31,12,-1,-1,7
50942200,50,47,-1,-1,2
50941251,47,10,-1,-1,0
50937870,9,0,-1,-1,3
50941478,15,43,-1,-1,5
50941647,38,34,-1,-1,1
50940849,8,42,-1,-1,2
50941067,55,54,-1,-1,2
50941133,20,50,-1,-1,3
50935545,17,4,-1,-1,1
50942383,15,40,-1,-1,1
50939272,39,52,-1,-1,3
50941926,7,9,-1,-1,7
50941389,54,28,-1,-1,0
50939927,13,8,-1,-1,5
50940745,37,12,-1,-1,7
50941345,38,58,-1,-1,2
50939490,8,9,-1,-1,6
50941732,40,26,-1,-1,5
50935456,5,2,-1,-1,7
50942161,20,46,-1,-1,3
50938437,37,24,-1,-1,0
50939695,44,11,-1,-1,1
50940213,45,21,-1,-1,1
50935541,29,49,-1,-1,7
50942087,10,17,-1,-1,3
50941803,30,23,-1,-1,4
50941915,57,50,-1,-1,4
50931123,31,55,-1,-1,1
50941454,22,29,-1,-1,5
50941891,2,28,-1,-1,3
50942275,26,19,-1,-1,5
50939065,37,7,-1,-1,5
50939411,11,32,-1,-1,5
50937670,8,1,-1,-1,2
50938634,17,14,-1,-1,2
50939620,29,32,-1,-1,5
50942005,23,31,-1,-1,2
50942010,33,33,-1,-1,1
50941228,46,14,-1,-1,1
50942222,50,1,-1,-1,1
50940040,14,2,-1,-1,7
50938078,44,12,-1,-1,4
50935122,22,6,-1,-1,3
50937055,44,3,-1,-1,7
50932281,18,27,-1,-1,0
50942408,11,17,-1,-1,2
50937671,48,45,-1,-1,7
50940809,0,7,-1,-1,6
50941157,15,50,-1,-1,4
50937348,41,1,-1,-1,1
50941773,41,50,-1,-1,0
50936204,2,13,-1,-1,5
50942423,38,45,-1,-1,1
50942163,54,32,-1,-1,2
50936645,20,47,-1,-1,1
50931215,25,46,-1,-1,6
50938594,33,8,-1,-1,0
50937202,24,9,-1,-1,7
50935408,56,46,-1,-1,4
50939518,3,1,-1,-1,4
50941051,9,29,-1,-1,3
50939560,18,33,-1,-1,2
50939628,26,52,-1,-1,7
50941399,41,20,-1,-1,6
50940022,14,3,-1,-1,7
50942371,23,45,-1,-1,7
50942398,40,0,-1,-1,6
50938698,1,9,-1,-1,6
50941448,57,45,-1,-1,1
50940232,1,33,-1,-1,4
50939252,21,17,-1,-1,4
50938857,33,19,-1,-1,7
50938310,31,34,-1,-1,7
50941957,1,52,-1,-1,4
50940870,11,55,-1,-1,4
50941581,41,2,-1,-1,5
50940531,19,13,-1,-1,0
50942358,2,32,-1,-1,7
50928951,50,32,-1,-1,6
50938252,20,29,-1,-1,6
50937301,26,20,-1,-1,3
50931328,7,34,-1,-1,4
50938204,5,52,-1,-1,1
50942170,4,32,-1,-1,5
50941656,38,6,-1,-1,5
50941466,34,37,-1,-1,5
50941611,35,43,-1,-1,7
50939286,27,6,-1,-1,2
50938312,23,44,-1,-1,2
50939531,24,19,-1,-1,1
50939497,20,6,-1,-1,6
50936832,29,48,-1,-1,2
50936415,49,23,-1,-1,1
50937873,44,27,-1,-1,7
50939891,33,6,-1,-1,0
50933076,45,30,-1,-1,5
50941279,53,53,-1,-1,6
50933491,19,24,-1,-1,3
50942216,41,24,-1,-1,2
50942355,43,28,-1,-1,4
50939164,21,53,-1,-1,5
50936796,3,31,-1,-1,7
50939985,56,53,-1,-1,7
50930389,1,6,-1,-1,4
50939586,40,3,-1,-1,5
50937477,18,19,-1,-1,7
50936871,29,57,-1,-1,5
50941458,23,8,-1,-1,0
50942330,28,28,-1,-1,5
50942167,36,12,-1,-1,1
50937700,18,44,-1,-1,7
50940324,10,43,-1,-1,3
50942255,56,12,-1,-1,2
50931446,42,28,-1,-1,7
50939867,35,24,-1,-1,3
50936079,20,32,-1,-1,7
50937189,25,28,-1,-1,1
50940647,38,8,-1,-1,2
50939612,58,44,-1,-1,7
50934241,51,24,-1,-1,5
50941814,31,58,-1,-1,3
50940859,7,36,-1,-1,3
50942141,21,0,-1,-1,4
50942271,15,48,-1,-1,1
50938429,36,35,-1,-1,7
50930949,43,34,-1,-1,4
50935798,56,50,-1,-1,4
50938220,14,20,-1,-1,4
50940129,10,37,-1,-1,5
50934493,36,29,-1,-1,3
50941405,21,37,-1,-1,7
50937352,3,42,-1,-1,6
50939171,30,37,-1,-1,4
50941161,56,15,-1,-1,3
50935963,30,7,-1,-1,1
50941876,34,20,-1,-1,4
50932322,41,13,-1,-1,5
50941021,11,14,-1,-1,5
50940981,13,51,-1,-1,3
50940826,6,28,-1,-1,0
50942038,54,31,-1,-1,0
50940605,16,11,-1,-1,7
50940397,36,19,-1,-1,7
50941379,16,41,-1,-1,6
50940579,21,20,-1,-1,5
50942039,32,42,-1,-1,0
50931225,16,17,-1,-1,5
50941983,8,49,-1,-1,1
50941666,4,5,-1,-1,7
50942075,49,14,-1,-1,3
50940590,25,5,-1,-1,4
50941356,43,44,-1,-1,5
50941888,26,24,-1,-1,1
50940791,45,13,-1,-1,6
50939453,39,9,-1,-1,7
50930249,35,44,-1,-1,1
50936248,13,20,-1,-1,0
50942343,56,3,-1,-1,3
50941315,52,14,-1,-1,7
50937311,23,5,-1,-1,7
50936516,38,29,-1,-1,1
50940691,40,21,-1,-1,6
50941337,23,19,-1,-1,6
50940351,33,25,-1,-1,7
50941479,53,35,-1,-1,1
50935372,13,17,-1,-1,7
50939692,32,16,-1,-1,6
50940960,52,22,-1,-1,5
50936274,15,29,-1,-1,5
50942414,30,30,-1,-1,4
50939143,22,15,-1,-1,3
50941582,42,43,-1,-1,0
50941248,11,56,-1,-1,6
50940980,48,58,-1,-1,3
50938530,36,10,-1,-1,3
50934023,43,14,-1,-1,1
50942154,57,15,-1,-1,2
50931056,28,1,-1,-1,3
50941875,27,28,-1,-1,6
50939468,40,30,-1,-1,1
50942421,13,33,-1,-1,5
50940574,20,9,-1,-1,2
50942294,53,6,-1,-1,3
50937390,43,30,-1,-1,3
50938855,18,51,-1,-1,3
50940956,47,41,-1,-1,4
50942100,55,43,-1,-1,4
50939930,14,50,-1,-1,5
50939306,25,30,-1,-1,6
50941422,31,26,-1,-1,1
50939753,10,55,-1,-1,7
50938824,38,18,-1,-1,3
50935547,1,25,-1,-1,6
50933989,51,17,-1,-1,1
50940747,51,20,-1,-1,2
50937709,34,10,-1,-1,5
50932732,4,21,-1,-1,2
50939504,11,41,-1,-1,5
50941359,30,35,-1,-1,7
50941065,22,16,-1,-1,0
50938680,31,7,-1,-1,7
50940589,56,22,-1,-1,6
50933103,51,10,-1,-1,6
50940548,21,10,-1,-1,2
50938815,17,6,-1,-1,7
50935303,38,9,-1,-1,7
50935108,58,35,-1,-1,4
50941369,24,0,-1,-1,4
50941958,38,10,-1,-1,3
50942261,10,16,-1,-1,3
50941547,18,5,-1,-1,0
50941290,36,43,-1,-1,6
50941459,52,43,-1,-1,0
50942093,35,11,-1,-1,6
50935506,42,39,-1,-1,3
50933321,5,14,-1,-1,3
50936779,2,35,-1,-1,0
50941036,16,18,-1,-1,3
50938874,26,37,-1,-1,0
50941879,56,48,-1,-1,0
50941239,31,13,-1,-1,6
50941896,26,27,-1,-1,1
50938125,57,14,-1,-1,2
50942210,11,38,-1,-1,0
50939255,56,16,-1,-1,1
50940683,13,45,-1,-1,4
50940773,11,20,-1,-1,0
50942092,43,41,-1,-1,4
50934333,5,9,-1,-1,6
50942338,33,17,-1,-1,2
50942184,9,41,-1,-1,6
50939136,3,47,-1,-1,2
50939761,12,13,-1,-1,6
50940173,29,16,-1,-1,4
50942206,38,55,-1,-1,7
50940763,48,57,-1,-1,7
50941565,46,56,-1,-1,6
50941338,41,38,-1,-1,4
50942067,11,27,-1,-1,6
50941918,41,56,-1,-1,2
50930598,9,33,-1,-1,2
50937030,23,47,-1,-1,4
50937163,56,56,-1,-1,7
50940767,1,3,-1,-1,1
50938380,43,51,-1,-1,0
50937262,42,31,-1,-1,5
50938635,42,9,-1,-1,5
50941485,50,5,-1,-1,2
50936575,34,15,-1,-1,5
50936135,42,29,-1,-1,0
50940296,10,34,-1,-1,3
50940784,14,36,-1,-1,6
50938484,47,42,-1,-1,1
50940149,9,55,-1,-1,1
50939294,52,13,-1,-1,1
50941202,12,7,-1,-1,1
50941869,32,57,-1,-1,3
50939899,9,48,-1,-1,7
50941920,0,17,-1,-1,1
50932937,55,50,-1,-1,3
50940006,51,46,-1,-1,3
50939820,27,23,-1,-1,5
50939990,26,28,-1,-1,7
50938509,17,38,-1,-1,6
50939973,35,5,-1,-1,0
50939477,31,40,-1,-1,2
50936604,16,5,-1,-1,7
50941230,57,42,-1,-1,1
50937628,55,4,-1,-1,1
50928000,29,42,-1,-1,6
50941195,53,47,-1,-1,1
50940825,55,10,-1,-1,6
50941509,44,42,-1,-1,5
50941780,14,4,-1,-1,7
50942194,10,58,-1,-1,1
50941690,21,41,-1,-1,7
50935104,39,35,-1,-1,0
50936448,51,12,-1,-1,1
50940388,44,10,-1,-1,0
50939816,38,5,-1,-1,2
50928944,58,56,-1,-1,7
50941381,30,31,-1,-1,5
50941857,57,20,-1,-1,4
50930676,50,29,-1,-1,6
50942120,30,17,-1,-1,1
50939638,49,20,-1,-1,4
50940582,50,54,-1,-1,4
50936746,45,48,-1,-1,4
50940992,58,9,-1,-1,2
50942138,51,31,-1,-1,4
50939750,53,25,-1,-1,3
50942048,29,12,-1,-1,2
50940860,17,43,-1,-1,0
50938227,28,53,-1,-1,6
50940301,39,18,-1,-1,5
50938810,3,3,-1,-1,6
50938458,32,20,-1,-1,1
50939283,45,47,-1,-1,6
50941686,30,9,-1,-1,5
50940362,21,49,-1,-1,3
50938899,6,15,-1,-1,1
50941370,44,6,-1,-1,7
50941651,35,33,-1,-1,3
50939485,43,39,-1,-1,5
50941541,53,51,-1,-1,5
50938830,13,27,-1,-1,2
50942245,40,15,-1,-1,7
50939786,42,48,-1,-1,2
50941961,5,45,-1,-1,6
50942346,37,3,-1,-1,0
50938759,17,54,-1,-1,6
50938384,16,51,-1,-1,5
50941600,16,50,-1,-1,7
50929754,19,39,-1,-1,2
50941414,2,50,-1,-1,0
50941391,8,21,-1,-1,7
50928843,26,45,-1,-1,3
50942175,48,19,-1,-1,1
50941242,23,38,-1,-1,7
50935401,43,53,-1,-1,6
50941663,4,30,-1,-1,4
50940318,15,38,-1,-1,1
50940806,44,43,-1,-1,1
50940138,39,3,-1,-1,7
50932832,22,35,-1,-1,0
50941358,13,6,-1,-1,7
50939735,8,0,-1,-1,1
50938055,49,53,-1,-1,2
50941680,3,15,-1,-1,3
50941124,14,54,-1,-1,1
50941670,19,51,-1,-1,4
50940805,22,23,-1,-1,1
50937586,4,49,-1,-1,3
50941781,5,23,-1,-1,5
50937997,13,18,-1,-1,3
50941453,53,15,-1,-1,1
50940180,22,40,-1,-1,7
50937886,50,16,-1,-1,5
50933120,22,13,-1,-1,7
50939024,53,40,-1,-1,2
50939563,15,34,-1,-1,5
50941089,13,36,-1,-1,5
50934565,42,15,-1,-1,0
50941691,58,19,-1,-1,2
50941215,57,27,-1,-1,0
50935853,43,17,-1,-1,6
50939655,23,51,-1,-1,5
50937777,6,42,-1,-1,5
50940653,56,26,-1,-1,6
50940684,0,52,-1,-1,2
50941449,17,17,-1,-1,2
50932202,39,13,-1,-1,0
50939644,43,45,-1,-1,4
50942046,23,58,-1,-1,5
50940098,26,44,-1,-1,5
50941769,8,47,-1,-1,3
50941261,17,48,-1,-1,0
50940003,11,37,-1,-1,6
50940383,31,27,-1,-1,6
50941451,6,45,-1,-1,1
50940037,41,54,-1,-1,4
50942096,3,49,-1,-1,0
50941271,36,37,-1,-1,6
50939670,9,53,-1,-1,6
50939134,19,55,-1,-1,0
50939840,24,12,-1,-1,2
50941919,15,20,-1,-1,0
50938142,5,33,-1,-1,0
50938070,56,43,-1,-1,4
50940879,57,31,-1,-1,7
50938770,31,43,-1,-1,1
50941635,1,14,-1,-1,0
50937736,39,41,-1,-1,4
50941964,42,54,-1,-1,6
50941477,20,19,-1,-1,5
50940706,23,40,-1,-1,3
50942379,45,56,-1,-1,1
50940586,5,7,-1,-1,7
50941531,0,35,-1,-1,0
50933608,13,21,-1,-1,3
50940704,11,13,-1,-1,0
50941817,23,24,-1,-1,7
50938807,5,0,-1,-1,0
50942068,12,42,-1,-1,6
50940089,43,21,-1,-1,7
50939494,6,8,-1,-1,2
50942326,11,34,-1,-1,6
50941730,8,58,-1,-1,3
50942244,32,31,-1,-1,5
50942144,11,3,-1,-1,0
50941584,23,12,-1,-1,5
50941308,16,22,-1,-1,4
50939720,56,40,-1,-1,6
50942002,28,2,-1,-1,0
50939325,28,55,-1,-1,1
50940898,52,40,-1,-1,2
50941233,42,38,-1,-1,7
50941416,30,41,-1,-1,5
50939818,43,15,-1,-1,7
50940619,31,51,-1,-1,5
50936515,25,58,-1,-1,5
50942006,24,35,-1,-1,5
50939907,7,7,-1,-1,0
50941725,18,24,-1,-1,7
50942227,42,44,-1,-1,6
50942344,6,41,-1,-1,4
50940512,39,30,-1,-1,2
50939243,42,35,-1,-1,7
50937910,27,24,-1,-1,3
50938172,33,5,-1,-1,2
50942111,28,47,-1,-1,7
50940633,4,34,-1,-1,3
50941317,6,39,-1,-1,2
50942280,39,45,-1,-1,1
50942102,35,3,-1,-1,4
50936786,54,49,-1,-1,6
50938345,57,24,-1,-1,5
50940135,3,39,-1,-1,1
50939233,25,21,-1,-1,6
50941210,28,52,-1,-1,2
50938216,0,4,-1,-1,7
50941208,28,22,-1,-1,1
50932817,16,56,-1,-1,6
50935196,6,5,-1,-1,7
50938337,25,41,-1,-1,2
50938540,15,14,-1,-1,7
50940278,10,22,-1,-1,5
50940519,36,36,-1,-1,0
50939476,24,39,-1,-1,3
50942049,35,34,-1,-1,7
50938924,18,28,-1,-1,5
50939541,49,18,-1,-1,1
50939445,19,19,-1,-1,6
50942262,36,15,-1,-1,2
50938559,38,30,-1,-1,2
50940267,18,13,-1,-1,2
50942318,12,16,-1,-1,2
50940440,50,19,-1,-1,4
50939583,28,40,-1,-1,1
50941238,54,51,-1,-1,4
50941601,25,53,-1,-1,2
50929689,6,36,-1,-1,2
50940436,24,26,-1,-1,5
50939953,12,4,-1,-1,0
50942372,28,45,-1,-1,4
50940205,50,50,-1,-1,4
50940719,48,41,-1,-1,1
50932607,39,2,-1,-1,5
50933330,34,16,-1,-1,7
50937733,44,58,-1,-1,2
50936317,41,51,-1,-1,7
50941735,51,22,-1,-1,0
50941889,17,23,-1,-1,0
50939373,11,36,-1,-1,3
50941090,33,26,-1,-1,2
50940404,5,34,-1,-1,7
50942240,25,31,-1,-1,1
50940769,29,44,-1,-1,7
50939210,11,58,-1,-1,1
50940863,5,22,-1,-1,5
50931257,43,25,-1,-1,7
50941409,12,24,-1,-1,0
50938136,55,0,-1,-1,7
50910163,28,49,-1,-1,5
50941724,26,11,-1,-1,4
50935549,54,5,-1,-1,4
50940183,15,12,-1,-1,2
50942308,32,8,-1,-1,5
50936808,58,7,-1,-1,0
50941342,14,45,-1,-1,6
50940876,17,7,-1,-1,5
50935066,24,7,-1,-1,5
50942230,4,13,-1,-1,5
50938066,6,14,-1,-1,0
50940350,26,54,-1,-1,6
50937814,52,16,-1,-1,4
50939920,31,47,-1,-1,2
50941784,33,29,-1,-1,2
50939592,51,52,-1,-1,0
50938693,8,27,-1,-1,1
50935926,6,24,-1,-1,7
50941542,10,9,-1,-1,7
50941211,13,57,-1,-1,7
50930698,37,23,-1,-1,6
50941826,1,55,-1,-1,0
50941835,34,45,-1,-1,1
50937424,8,14,-1,-1,3
50934173,37,39,-1,-1,0
50935466,51,9,-1,-1,4
50941917,23,0,-1,-1,5
50941172,15,45,-1,-1,4
50938886,40,24,-1,-1,6
50940500,56,41,-1,-1,2
50939015,27,55,-1,-1,5
50941073,17,1,-1,-1,3
50940573,7,28,-1,-1,0
50933809,15,19,-1,-1,6
50931568,24,36,-1,-1,7
50941734,57,33,-1,-1,5
50940162,44,47,-1,-1,6
50941687,7,10,-1,-1,5
50940760,46,3,-1,-1,5
50942054,11,51,-1,-1,6
50939883,46,15,-1,-1,3
50940609,32,45,-1,-1,6
50939163,57,16,-1,-1,1
50942251,34,28,-1,-1,7
50941099,53,22,-1,-1,3
50941933,41,47,-1,-1,3
50941762,18,52,-1,-1,4
50940965,3,37,-1,-1,6
50941319,13,30,-1,-1,6
50942008,22,51,-1,-1,0
50940976,3,30,-1,-1,2
50939580,17,56,-1,-1,3
50939882,29,23,-1,-1,3
50924338,51,56,-1,-1,0
50936735,14,46,-1,-1,4
50941365,27,4,-1,-1,2
50941975,2,12,-1,-1,6
50941421,11,10,-1,-1,4
50941986,0,56,-1,-1,3
50942310,11,31,-1,-1,6
50941114,48,30,-1,-1,2
50940360,2,36,-1,-1,0
50942265,58,4,-1,-1,2
50939228,29,1,-1,-1,4
50941761,23,57,-1,-1,7
50934275,27,16,-1,-1,2
50941587,14,6,-1,-1,3
50939270,23,26,-1,-1,7
50934113,1,50,-1,-1,6
50942403,57,23,-1,-1,5
50940779,25,26,-1,-1,0
50937497,13,24,-1,-1,3
50934447,48,33,-1,-1,0
50940400,28,6,-1,-1,7
50942212,20,11,-1,-1,5
50941620,2,17,-1,-1,4
50940371,55,46,-1,-1,7
50937613,25,35,-1,-1,0
50941533,7,45,-1,-1,3
50941614,11,9,-1,-1,3
50941758,44,2,-1,-1,5
50939838,7,38,-1,-1,5
50940385,53,58,-1,-1,6
50940634,45,37,-1,-1,5
50935869,1,53,-1,-1,7
50938883,3,35,-1,-1,7
50938229,21,43,-1,-1,2
50941561,26,39,-1,-1,0
50939238,44,4,-1,-1,0
50939337,12,30,-1,-1,4
50939173,24,48,-1,-1,6
50936177,39,36,-1,-1,3
50937418,30,45,-1,-1,2
50939892,8,50,-1,-1,5
50934957,16,3,-1,-1,7
50941626,40,4,-1,-1,1
50937208,17,22,-1,-1,6
50939267,21,51,-1,-1,4
50940147,21,42,-1,-1,4
50940231,40,55,-1,-1,0
50936602,41,21,-1,-1,4
50941499,7,52,-1,-1,5
50941339,13,38,-1,-1,1
50941424,9,31,-1,-1,0
50941597,51,38,-1,-1,2
50942365,0,24,-1,-1,7
50939277,16,20,-1,-1,6
50940361,22,53,-1,-1,5
50939701,10,50,-1,-1,4
50936881,45,19,-1,-1,5
50940169,26,10,-1,-1,2
50939392,51,21,-1,-1,4
50941517,4,55,-1,-1,3
50941037,42,55,-1,-1,5
50942232,49,32,-1,-1,3
50941878,4,46,-1,-1,1
50941922,10,2,-1,-1,3
50942367,2,45,-1,-1,1
50941102,19,16,-1,-1,4
50942412,44,0,-1,-1,0
50940156,22,21,-1,-1,0
50941481,35,14,-1,-1,7
50937853,45,1,-1,-1,4
50942288,56,25,-1,-1,2
50940043,16,6,-1,-1,2
50934292,56,1,-1,-1,7
50941331,20,45,-1,-1,3
50941818,6,7,-1,-1,1
50939028,52,4,-1,-1,1
50932669,24,49,-1,-1,3
50939013,24,2,-1,-1,0
50932208,9,16,-1,-1,0
50942130,38,33,-1,-1,3
50940285,38,0,-1,-1,5
50941520,36,47,-1,-1,3
50939332,14,47,-1,-1,6
50939780,48,27,-1,-1,1
50942352,35,18,-1,-1,4
50940128,14,42,-1,-1,7
50937463,19,30,-1,-1,6
50938704,16,44,-1,-1,7
50941634,44,30,-1,-1,2
50931943,37,29,-1,-1,1
50941557,22,25,-1,-1,0
50933401,40,57,-1,-1,6
50940735,49,37,-1,-1,4
50939804,9,39,-1,-1,2
50936978,19,42,-1,-1,0
50941711,48,26,-1,-1,2
50938291,46,47,-1,-1,0
50942197,29,26,-1,-1,5
50938317,55,38,-1,-1,7
50942366,7,18,-1,-1,6
50941318,21,12,-1,-1,5
50933182,57,49,-1,-1,7
50939035,33,30,-1,-1,1
50941995,24,25,-1,-1,6
50940723,5,20,-1,-1,1
50937548,55,53,-1,-1,3
50941522,53,5,-1,-1,5
50941378,17,2,-1,-1,5
50937602,40,51,-1,-1,3
50938694,50,20,-1,-1,3
50941503,16,54,-1,-1,0
50924378,48,53,-1,-1,3
50942373,39,26,-1,-1,6
50939879,45,10,-1,-1,2
50940346,54,6,-1,-1,2
50931619,45,2,-1,-1,5
50940599,6,46,-1,-1,2
50936478,23,52,-1,-1,1
50940335,57,57,-1,-1,5
50938196,52,58,-1,-1,2
50937869,12,26,-1,-1,4
50936634,4,51,-1,-1,2
50941615,51,50,-1,-1,1
50941785,40,34,-1,-1,0
50938114,45,55,-1,-1,2
50935272,21,25,-1,-1,7
50933082,39,46,-1,-1,4
50938743,26,48,-1,-1,5
50938921,53,27,-1,-1,0
50942117,52,24,-1,-1,0
50940437,27,41,-1,-1,0
50940710,18,29,-1,-1,4
50941139,4,37,-1,-1,5
50941856,0,16,-1,-1,6
50926868,13,47,-1,-1,1
50941126,56,39,-1,-1,6
50938491,19,36,-1,-1,5
50938787,45,46,-1,-1,7
50931489,39,33,-1,-1,7
50939180,30,28,-1,-1,6
50942205,37,31,-1,-1,1
50940228,11,23,-1,-1,0
50940751,53,50,-1,-1,3
50937020,24,24,-1,-1,4
50939217,57,19,-1,-1,6
50940122,34,6,-1,-1,0
50939399,0,37,-1,-1,2
50940464,57,25,-1,-1,3
50939814,18,11,-1,-1,1
50941719,9,20,-1,-1,1
50942090,1,44,-1,-1,2
50941532,38,28,-1,-1,3
50930609,8,40,-1,-1,1
50936733,0,42,-1,-1,3
50936882,24,21,-1,-1,2
50935669,16,8,-1,-1,0
50940196,53,23,-1,-1,6
50940052,55,57,-1,-1,2
50941329,53,44,-1,-1,1
50935137,16,26,-1,-1,2
50938152,47,36,-1,-1,1
50940038,11,21,-1,-1,3
50941042,3,9,-1,-1,6
50940972,32,34,-1,-1,4
50933566,30,10,-1,-1,6
50942266,12,52,-1,-1,0
50934614,34,26,-1,-1,0
50934278,54,13,-1,-1,1
50940570,50,26,-1,-1,0
50940756,57,1,-1,-1,1
50934175,9,35,-1,-1,6
50939435,5,26,-1,-1,2
50940733,34,47,-1,-1,5
50940946,43,46,-1,-1,1
50938920,45,38,-1,-1,2
50936751,58,37,-1,-1,5
50932911,56,6,-1,-1,0
50941349,40,12,-1,-1,3
50938622,26,14,-1,-1,3
50941942,15,42,-1,-1,2
50931719,49,21,-1,-1,1
50941084,1,0,-1,-1,2
50940025,54,12,-1,-1,4
50940911,18,15,-1,-1,0
50942105,37,20,-1,-1,2
50933839,9,8,-1,-1,0
50937100,27,32,-1,-1,3
50939791,29,14,-1,-1,3
50938556,23,53,-1,-1,2
50940775,1,48,-1,-1,7
50930593,57,37,-1,-1,5
50935147,54,15,-1,-1,7
50937899,13,22,-1,-1,0
50941901,7,37,-1,-1,7
50942152,48,17,-1,-1,7
50942151,54,53,-1,-1,2
50939747,39,34,-1,-1,0
50939571,0,31,-1,-1,6
50940110,6,52,-1,-1,6
50941660,41,46,-1,-1,6
50934616,43,35,-1,-1,0
50940030,1,51,-1,-1,3
50941496,20,53,-1,-1,2
50942158,40,41,-1,-1,7
50941146,54,18,-1,-1,5
50940277,55,34,-1,-1,7
50936789,57,32,-1,-1,0
50940660,51,32,-1,-1,1
50942094,16,55,-1,-1,5
50936744,53,26,-1,-1,6
50937156,49,56,-1,-1,6
50940931,24,57,-1,-1,1
50939186,56,10,-1,-1,5
50940702,28,37,-1,-1,7
50942283,58,25,-1,-1,4
50931008,34,40,-1,-1,2
50934133,50,44,-1,-1,1
50937237,4,2,-1,-1,4
50941855,39,56,-1,-1,3
50941523,42,4,-1,-1,6
50940526,2,40,-1,-1,2
50940958,17,44,-1,-1,6
50938889,31,3,-1,-1,2
50940728,20,56,-1,-1,3
50938706,23,27,-1,-1,2
50941946,32,14,-1,-1,3
50942150,43,18,-1,-1,2
50939589,33,20,-1,-1,3
50939070,29,18,-1,-1,1
50940059,44,25,-1,-1,4
50941134,20,34,-1,-1,3
50941899,30,24,-1,-1,3
50939313,25,48,-1,-1,1
50938289,5,31,-1,-1,7
50942135,6,47,-1,-1,4
50937701,19,37,-1,-1,1
50941360,36,58,-1,-1,4
50940402,40,40,-1,-1,7
50940297,8,33,-1,-1,3
50937232,8,15,-1,-1,3
50938872,38,27,-1,-1,3
50937940,55,35,-1,-1,5
50941524,9,18,-1,-1,4
50939811,27,8,-1,-1,5
50936820,56,42,-1,-1,3
50935148,32,18,-1,-1,5
50933273,11,42,-1,-1,0
50933459,57,36,-1,-1,1
50937077,16,2,-1,-1,6
50937508,40,53,-1,-1,3
50938553,58,46,-1,-1,0
50938459,57,0,-1,-1,6
50942148,54,58,-1,-1,4
50938935,31,49,-1,-1,5
50932439,52,0,-1,-1,2
50941011,49,3,-1,-1,4
50941217,27,14,-1,-1,3
50930008,1,39,-1,-1,0
50939760,4,24,-1,-1,3
50940902,5,25,-1,-1,5
50940603,19,38,-1,-1,4
50934808,2,34,-1,-1,4
50941185,15,28,-1,-1,2
50934892,37,35,-1,-1,1
50939846,28,48,-1,-1,4
50940975,27,38,-1,-1,5
50939074,57,48,-1,-1,7
50939797,53,3,-1,-1,6
50941810,46,11,-1,-1,7
50934854,10,51,-1,-1,3
50938185,0,51,-1,-1,3
50934556,1,23,-1,-1,2
50937019,22,7,-1,-1,4
50939998,35,45,-1,-1,2
50942387,18,14,-1,-1,1
50941832,28,39,-1,-1,6
50940802,40,37,-1,-1,3
50942166,9,14,-1,-1,4
50938860,36,0,-1,-1,5
50938911,45,29,-1,-1,5
50940677,24,5,-1,-1,7
50941644,21,35,-1,-1,2
50939552,41,41,-1,-1,2
50940808,37,34,-1,-1,0
50934303,4,12,-1,-1,4
50935530,49,49,-1,-1,6
50934281,3,56,-1,-1,0
50941052,16,0,-1,-1,2
50942260,22,28,-1,-1,5
50940331,12,17,-1,-1,3
50941445,3,12,-1,-1,2
50936244,21,31,-1,-1,4
50937949,8,26,-1,-1,4
50937106,8,57,-1,-1,4
50940643,22,42,-1,-1,3
50940904,19,3,-1,-1,4
50942190,47,22,-1,-1,4
50937534,23,30,-1,-1,4
50938662,37,30,-1,-1,0
50941344,12,40,-1,-1,1
50931844,57,5,-1,-1,5
50941017,35,12,-1,-1,4
50937688,21,47,-1,-1,5
50932577,28,33,-1,-1,3
50936029,30,11,-1,-1,7
50940543,41,12,-1,-1,1
50941401,32,33,-1,-1,6
50939385,52,6,-1,-1,1
50941024,46,4,-1,-1,5
50940187,50,11,-1,-1,1
50940869,31,57,-1,-1,4
50938159,48,10,-1,-1,4
50930294,7,39,-1,-1,5
50933475,55,32,-1,-1,3
50941890,57,8,-1,-1,2
50939170,41,45,-1,-1,2
50941082,32,43,-1,-1,4
50938782,42,37,-1,-1,3
50940323,52,56,-1,-1,7
50939787,26,25,-1,-1,1
50931963,48,44,-1,-1,5
50939162,29,36,-1,-1,1
50942097,17,49,-1,-1,4
50940669,20,4,-1,-1,4
50937363,9,52,-1,-1,0
50937549,34,11,-1,-1,2
50935521,27,5,-1,-1,4
50942040,14,11,-1,-1,3
50942044,46,23,-1,-1,1
50942066,6,33,-1,-1,4
50940505,26,23,-1,-1,5
50941013,30,36,-1,-1,4
50939389,35,10,-1,-1,6
50941548,28,30,-1,-1,0
50933304,2,49,-1,-1,3
50940504,45,53,-1,-1,2
50941257,44,35,-1,-1,7
50940092,21,24,-1,-1,5
50936797,44,45,-1,-1,6
50941216,31,30,-1,-1,3
50942362,41,15,-1,-1,4
50937559,7,56,-1,-1,7
50937299,16,49,-1,-1,1
50928682,3,28,-1,-1,2
50942187,7,24,-1,-1,1
50936061,42,50,-1,-1,4
50942086,8,36,-1,-1,2
50939779,51,28,-1,-1,6
50937562,27,10,-1,-1,3
50940266,6,31,-1,-1,6
50940886,6,20,-1,-1,1
50941738,57,52,-1,-1,1
50939496,13,32,-1,-1,2
50938646,25,25,-1,-1,0
50941646,54,22,-1,-1,3
50941569,33,10,-1,-1,2
50940252,15,37,-1,-1,4
50933048,21,45,-1,-1,3
50939870,40,52,-1,-1,0
50941678,50,31,-1,-1,4
50942000,7,32,-1,-1,2
50939878,50,15,-1,-1,3
50938765,7,19,-1,-1,7
50941997,51,29,-1,-1,0
50938430,30,20,-1,-1,0
50942347,14,30,-1,-1,4
50941109,51,48,-1,-1,2
50940157,43,31,-1,-1,1
50942217,53,36,-1,-1,3
50942368,51,53,-1,-1,4
50941706,28,36,-1,-1,2
50941406,18,57,-1,-1,1
50941144,18,43,-1,-1,0
50940511,11,28,-1,-1,2
50939144,52,51,-1,-1,0
50927265,14,26,-1,-1,3
50942319,39,14,-1,-1,6
50940415,32,5,-1,-1,2
50942014,20,55,-1,-1,2
50929766,57,21,-1,-1,0
50942238,15,56,-1,-1,3
50940348,56,44,-1,-1,0
50939529,40,2,-1,-1,7
50940615,32,1,-1,-1,2
50937295,33,21,-1,-1,0
50937567,34,54,-1,-1,5
50933770,49,19,-1,-1,3
50941852,55,49,-1,-1,7
50940845,5,50,-1,-1,6
50940561,5,38,-1,-1,7
50941255,17,42,-1,-1,0
50936741,15,53,-1,-1,6
50938964,27,54,-1,-1,3
50935105,32,55,-1,-1,3
50940676,57,29,-1,-1,5
50937731,8,22,-1,-1,1
50940652,51,41,-1,-1,2
50934952,52,33,-1,-1,4
50937597,46,27,-1,-1,4
50941618,21,19,-1,-1,7
50942202,19,33,-1,-1,3
50942282,50,7,-1,-1,3
50941987,36,18,-1,-1,7
50940974,54,7,-1,-1,3
50939354,13,13,-1,-1,5
50940708,35,27,-1,-1,0
50937609,41,7,-1,-1,5
50934899,22,2,-1,-1,1
50940682,20,37,-1,-1,7
50940667,9,34,-1,-1,6
50940753,9,44,-1,-1,0
50941396,17,57,-1,-1,5
50942176,49,58,-1,-1,3
50940489,13,7,-1,-1,5
50920977,6,0,-1,-1,1
50940575,33,34,-1,-1,0
50936757,31,28,-1,-1,7
50938752,6,19,-1,-1,6
50934422,17,41,-1,-1,6
50938585,48,31,-1,-1,6
50940630,42,51,-1,-1,6
50941218,56,2,-1,-1,7
50938584,11,19,-1,-1,4
50936960,36,6,-1,-1,3
50940637,12,28,-1,-1,0
50938674,46,24,-1,-1,6
50938486,17,35,-1,-1,4
50923294,28,18,-1,-1,0
50940937,56,11,-1,-1,2
50940155,5,48,-1,-1,0
50941571,43,27,-1,-1,0
50941132,51,42,-1,-1,7
50939888,39,32,-1,-1,6
50934710,10,11,-1,-1,2
50938952,30,25,-1,-1,3
50929136,42,13,-1,-1,5
50937841,37,40,-1,-1,4
50936081,12,27,-1,-1,3
50941375,30,15,-1,-1,6
50939077,44,48,-1,-1,1
50937170,24,56,-1,-1,1
50937647,55,20,-1,-1,1
50942354,16,42,-1,-1,4
50937971,54,56,-1,-1,5
50941192,12,36,-1,-1,6
50942289,50,24,-1,-1,2
50938863,20,43,-1,-1,0
50940558,25,40,-1,-1,6
50927396,14,18,-1,-1,4
50934619,17,12,-1,-1,4
50940878,42,23,-1,-1,0
50940522,19,32,-1,-1,2
50940949,8,8,-1,-1,3
50939076,54,19,-1,-1,6
50935345,8,24,-1,-1,0
50941490,40,50,-1,-1,7
50935409,27,11,-1,-1,2
50940846,33,23,-1,-1,3
50938022,27,18,-1,-1,2
50938564,19,21,-1,-1,4
50942051,22,36,-1,-1,1
50940434,39,15,-1,-1,7
50938936,32,35,-1,-1,0
50939992,36,41,-1,-1,2
50940843,58,6,-1,-1,7
50938084,15,58,-1,-1,1
50940661,43,29,-1,-1,5
50939060,45,5,-1,-1,2
50938819,41,35,-1,-1,1
50940654,29,7,-1,-1,1
50939204,22,48,-1,-1,1
50942132,54,24,-1,-1,3
50940248,31,22,-1,-1,6
50939440,50,39,-1,-1,1
50940074,46,29,-1,-1,7
50941589,43,57,-1,-1,0
50940964,50,13,-1,-1,6
50933148,33,38,-1,-1,7
50941325,32,13,-1,-1,7
50941783,41,31,-1,-1,3
50935447,46,16,-1,-1,3
50939291,18,42,-1,-1,7
50941127,29,38,-1,-1,3
50935768,57,26,-1,-1,6
50942302,45,45,-1,-1,3
50936872,28,7,-1,-1,0
50941885,14,56,-1,-1,7
50941371,25,29,-1,-1,0
50939547,20,35,-1,-1,6
50942225,0,47,-1,-1,0
50932824,15,23,-1,-1,1
50940216,39,23,-1,-1,2
50939441,38,26,-1,-1,2
50942159,19,5,-1,-1,2
50941953,1,41,-1,-1,0
50933682,20,52,-1,-1,6
50939800,27,45,-1,-1,1
50941516,14,15,-1,-1,3
50930439,4,39,-1,-1,1
50941393,24,3,-1,-1,0
50940816,32,24,-1,-1,1
50942279,48,2,-1,-1,5
50939957,43,11,-1,-1,3
50942335,28,25,-1,-1,4
50939072,46,9,-1,-1,7
50942110,38,37,-1,-1,2
50939001,30,47,-1,-1,5
50939796,44,8,-1,-1,3
50941704,13,9,-1,-1,5
50942392,7,4,-1,-1,0
50942095,27,31,-1,-1,2
50937107,34,43,-1,-1,3
50940378,40,29,-1,-1,0
50941502,53,37,-1,-1,3
50930086,28,58,-1,-1,0
50936657,56,31,-1,-1,0
50937867,37,51,-1,-1,1
50940700,18,39,-1,-1,6
50938663,36,49,-1,-1,6
50938021,25,39,-1,-1,5
50938999,4,18,-1,-1,3
50938978,27,43,-1,-1,4
50940100,38,3,-1,-1,4
50937090,15,4,-1,-1,1
50941944,29,10,-1,-1,4
50940481,24,43,-1,-1,1
50941870,22,14,-1,-1,1
50941594,48,18,-1,-1,6
50935792,19,9,-1,-1,6
50941799,2,5,-1,-1,4
50936802,29,56,-1,-1,7
50940143,3,48,-1,-1,4
50940983,22,18,-1,-1,5
50942104,37,38,-1,-1,1
50942431,33,16,-1,-1,1
50938097,25,47,-1,-1,6
50942313,47,55,-1,-1,1
50941336,28,54,-1,-1,5
50937356,16,15,-1,-1,6
50941141,43,19,-1,-1,0
50940544,2,16,-1,-1,0
50941120,31,23,-1,-1,5
50924702,57,12,-1,-1,3
50941846,36,24,-1,-1,4
50930803,47,16,-1,-1,0
50941748,31,14,-1,-1,4
50937737,27,30,-1,-1,3
50939040,14,44,-1,-1,0
50938736,50,53,-1,-1,4
50936076,8,19,-1,-1,1
50942003,23,2,-1,-1,6
50937172,24,17,-1,-1,7
50937682,34,9,-1,-1,4
50939273,56,19,-1,-1,4
50940208,0,54,-1,-1,6
50941576,57,58,-1,-1,2
50941744,42,14,-1,-1,6
50938135,48,50,-1,-1,6
50941152,47,57,-1,-1,5
50942177,33,3,-1,-1,3
50938578,0,48,-1,-1,4
50932906,43,10,-1,-1,7
50938823,13,10,-1,-1,4
50939999,44,57,-1,-1,4
50940966,7,22,-1,-1,5
50937324,38,22,-1,-1,1
50941697,50,36,-1,-1,6
50940471,49,36,-1,-1,1
50938408,57,30,-1,-1,0
50937755,15,17,-1,-1,6
50941398,9,51,-1,-1,3
50938170,2,25,-1,-1,4
50936333,54,23,-1,-1,5
50940621,14,19,-1,-1,5
50936641,16,47,-1,-1,6
50937925,9,27,-1,-1,4
50939254,43,43,-1,-1,6
50939647,22,34,-1,-1,0
50941199,31,42,-1,-1,7
50940783,52,2,-1,-1,1
50941529,35,30,-1,-1,2
50939479,7,55,-1,-1,3
50936227,41,0,-1,-1,3
50937976,3,29,-1,-1,0
50926568,42,24,-1,-1,3
50937681,32,29,-1,-1,5
50932098,24,34,-1,-1,2
50935662,36,25,-1,-1,0
50938802,57,54,-1,-1,0
50942213,21,39,-1,-1,0
50940422,35,58,-1,-1,6
50941093,9,46,-1,-1,3
50939335,58,1,-1,-1,1
50938580,28,43,-1,-1,0
50938713,56,28,-1,-1,6
50941128,0,21,-1,-1,2
50933113,11,4,-1,-1,4
50941400,24,55,-1,-1,5
50930484,39,24,-1,-1,4
50938955,21,57,-1,-1,6
50936720,32,4,-1,-1,0
50939995,0,49,-1,-1,1
50938213,38,15,-1,-1,5
50939395,44,39,-1,-1,5
50932640,37,11,-1,-1,1
50940584,29,25,-1,-1,3
50941200,36,50,-1,-1,4
50934816,43,32,-1,-1,6
50942356,17,30,-1,-1,6
50941551,35,48,-1,-1,6
50938051,52,7,-1,-1,5
50941617,2,11,-1,-1,5
50937046,28,32,-1,-1,1
50940901,44,21,-1,-1,5
50940268,48,42,-1,-1,7
50938283,49,34,-1,-1,4
50935026,39,4,-1,-1,7
50942168,28,16,-1,-1,7
50942364,26,21,-1,-1,2
50941949,50,14,-1,-1,5
50942103,0,30,-1,-1,0
50941914,57,28,-1,-1,6
50942127,47,25,-1,-1,2
50941282,14,24,-1,-1,6
50940541,33,37,-1,-1,3
50938908,7,31,-1,-1,4
50941886,2,23,-1,-1,2
50938239,55,12,-1,-1,7
50933357,39,42,-1,-1,4
50940670,2,21,-1,-1,1
50941739,14,16,-1,-1,5
50941664,46,17,-1,-1,0
50940011,52,10,-1,-1,5
50939543,10,19,-1,-1,3
50935707,50,56,-1,-1,4
50940226,0,32,-1,-1,4
50942089,39,51,-1,-1,7
50941988,43,2,-1,-1,1
50941925,9,19,-1,-1,5
50942349,22,41,-1,-1,5
50931337,49,5,-1,-1,0
50939591,37,48,-1,-1,3
50939067,22,45,-1,-1,3
50942259,8,16,-1,-1,5
50929573,18,2,-1,-1,1
50940944,29,4,-1,-1,6
50942405,14,32,-1,-1,2
50931145,48,47,-1,-1,3
50941436,44,19,-1,-1,4
50934083,21,30,-1,-1,1
50934387,13,43,-1,-1,6
50934770,4,17,-1,-1,2
50939263,3,23,-1,-1,4
50940858,57,41,-1,-1,0
50938374,3,11,-1,-1,6
50942181,38,50,-1,-1,5
50933205,31,52,-1,-1,1
50939429,22,3,-1,-1,4
50939069,36,9,-1,-1,3
50941323,22,47,-1,-1,1
50942037,14,17,-1,-1,2
50938195,8,2,-1,-1,7
50937081,55,48,-1,-1,1
50938149,39,57,-1,-1,6
50941382,32,56,-1,-1,3
50939401,54,43,-1,-1,3
50936507,56,18,-1,-1,1
50941830,13,19,-1,-1,3
50940877,24,53,-1,-1,7
50939438,37,44,-1,-1,7
50941328,31,37,-1,-1,5
50941774,20,57,-1,-1,1
50938537,1,56,-1,-1,4
50941224,7,8,-1,-1,5
50940134,0,29,-1,-1,1
50939654,45,3,-1,-1,7
50940681,17,34,-1,-1,2
50939123,46,5,-1,-1,5
50939042,42,57,-1,-1,7
50942195,10,33,-1,-1,7
50941525,8,31,-1,-1,6
50940472,23,54,-1,-1,1
50932290,34,29,-1,-1,5
50939608,43,1,-1,-1,4
50933159,57,17,-1,-1,0
50936864,40,13,-1,-1,2
50940244,34,4,-1,-1,1
50940617,8,11,-1,-1,1
50938290,40,44,-1,-1,2
50937076,36,34,-1,-1,3
50942047,52,53,-1,-1,7
50940377,58,28,-1,-1,0
50941823,48,7,-1,-1,7
50941535,52,32,-1,-1,1
50940768,22,11,-1,-1,2
50939446,51,57,-1,-1,6
50939338,13,48,-1,-1,7
50939997,52,25,-1,-1,1
50936774,47,38,-1,-1,6
50941223,35,50,-1,-1,7
50942228,42,6,-1,-1,3
50939524,43,56,-1,-1,7
50939557,37,19,-1,-1,0
50928877,12,44,-1,-1,7
50941963,40,35,-1,-1,6
50938904,1,30,-1,-1,2
50940852,47,35,-1,-1,1
50934953,7,53,-1,-1,1
50941444,44,29,-1,-1,5
50937285,20,12,-1,-1,0
50940009,9,3,-1,-1,2
50941221,50,58,-1,-1,6
50939831,17,51,-1,-1,0
50941990,35,20,-1,-1,2
50939225,35,51,-1,-1,3
50934430,55,26,-1,-1,3
50942074,49,44,-1,-1,3
50939310,34,30,-1,-1,2
50942359,45,14,-1,-1,6
50938717,37,14,-1,-1,1
50940646,23,33,-1,-1,6
50942250,36,17,-1,-1,7
50940390,29,37,-1,-1,7
50938675,4,29,-1,-1,4
50941234,49,2,-1,-1,2
50941607,23,56,-1,-1,4
50939996,48,51,-1,-1,6
50936886,29,22,-1,-1,7
50938846,39,53,-1,-1,4
50937905,15,9,-1,-1,3
50942121,0,38,-1,-1,4
50936831,19,0,-1,-1,1
50936680,50,35,-1,-1,4
50940841,45,28,-1,-1,2
50939962,3,33,-1,-1,0
50941985,8,51,-1,-1,3
50941648,21,6,-1,-1,6
50937454,16,30,-1,-1,2
50942011,13,35,-1,-1,0
50932346,12,53,-1,-1,5
50940587,2,30,-1,-1,7
50940327,11,8,-1,-1,6
50940672,48,40,-1,-1,3
50942384,55,22,-1,-1,4
50937580,22,56,-1,-1,3
50937683,30,12,-1,-1,2
50941419,56,17,-1,-1,5
50941923,50,55,-1,-1,4
50941350,47,12,-1,-1,3
50941827,4,43,-1,-1,2
50939739,11,24,-1,-1,3
50933976,14,58,-1,-1,0
50941887,58,29,-1,-1,4
50936166,9,40,-1,-1,2
50941590,12,5,-1,-1,2
50941183,6,35,-1,-1,1
50931050,18,16,-1,-1,6
50942419,31,32,-1,-1,5
50942156,14,48,-1,-1,4
50938119,32,38,-1,-1,6
50934466,49,52,-1,-1,3
50939730,40,18,-1,-1,0
50942137,25,12,-1,-1,6
50941194,50,57,-1,-1,7
50939909,11,6,-1,-1,3
50941043,6,51,-1,-1,1
50938118,40,9,-1,-1,5
50941286,0,33,-1,-1,7
50936103,51,26,-1,-1,5
50936427,10,14,-1,-1,7
50938218,17,10,-1,-1,5
50940950,2,4,-1,-1,0
50942088,57,22,-1,-1,5
50936992,3,18,-1,-1,0
50940607,6,37,-1,-1,7
50935014,52,45,-1,-1,4
50942055,9,26,-1,-1,6
50939087,47,44,-1,-1,4
50932851,12,3,-1,-1,4
50936475,34,51,-1,-1,0
50941884,44,51,-1,-1,5
50915045,13,23,-1,-1,5
50938466,49,41,-1,-1,7
50939539,41,4,-1,-1,3
50941123,37,26,-1,-1,1
50932471,32,53,-1,-1,0
50940341,58,53,-1,-1,7
50933106,40,42,-1,-1,5
50941014,56,32,-1,-1,2
50941641,42,0,-1,-1,3
50939570,0,11,-1,-1,0
50940026,46,46,-1,-1,7
50937399,39,1,-1,-1,7
50942253,9,22,-1,-1,6
50939293,33,43,-1,-1,2
50941642,2,33,-1,-1,1
50938168,16,12,-1,-1,4
50931324,6,21,-1,-1,1
50941129,39,54,-1,-1,6
50940126,13,56,-1,-1,3
50936368,55,8,-1,-1,0
50940988,50,23,-1,-1,6
50938688,43,58,-1,-1,7
50942242,35,38,-1,-1,4
50940386,30,22,-1,-1,1
50940871,55,19,-1,-1,1
50940618,13,53,-1,-1,2
50941741,42,46,-1,-1,5
50938096,53,45,-1,-1,4
50942437,1,29,-1,-1,1
