# org_id,org_cellx,org_celly,org_forage_target,org_group_id,org_facing
44320886,27,14,-1,-1,6
44317317,2,34,-1,-1,6
44316536,51,53,-1,-1,0
44322778,56,26,-1,-1,7
44324956,6,29,-1,-1,1
44314259,50,7,-1,-1,2
44320812,49,45,-1,-1,6
44318005,29,52,-1,-1,1
44312697,14,8,-1,-1,6
44317651,22,4,-1,-1,5
44324220,4,26,-1,-1,7
44319497,7,23,-1,-1,2
44324835,15,7,-1,-1,4
44321720,25,11,-1,-1,6
44321441,7,46,-1,-1,7
44319407,7,25,-1,-1,7
44318900,20,0,-1,-1,2
44319345,1,7,-1,-1,4
44322155,40,23,-1,-1,1
44324198,14,18,-1,-1,7
44319466,32,31,-1,-1,2
44324002,39,12,-1,-1,2
44323698,41,11,-1,-1,3
44322703,46,21,-1,-1,3
44322415,2,5,-1,-1,1
44321507,7,6,-1,-1,4
44323298,35,50,-1,-1,7
44323726,50,35,-1,-1,3
44311669,27,33,-1,-1,5
44323735,51,5,-1,-1,7
44324940,40,37,-1,-1,0
44323797,53,31,-1,-1,0
44323517,33,44,-1,-1,2
44324585,23,54,-1,-1,5
44322547,18,29,-1,-1,5
44320317,37,39,-1,-1,3
44319274,1,4,-1,-1,7
44317192,28,22,-1,-1,4
44324083,20,25,-1,-1,1
44324880,18,13,-1,-1,5
44315429,32,8,-1,-1,0
44320798,4,58,-1,-1,0
44318822,23,23,-1,-1,2
44319128,11,54,-1,-1,1
44317454,8,12,-1,-1,7
44321885,54,57,-1,-1,6
44323987,41,49,-1,-1,7
44322625,11,26,-1,-1,6
44313853,55,20,-1,-1,7
44322901,15,56,-1,-1,6
44312524,58,52,-1,-1,0
44321286,38,58,-1,-1,1
44323948,37,50,-1,-1,3
44323273,16,36,-1,-1,5
44324487,7,12,-1,-1,5
44320597,58,33,-1,-1,0
44320334,12,21,-1,-1,4
44320996,18,58,-1,-1,6
44322896,9,5,-1,-1,6
44323253,23,6,-1,-1,6
44316088,12,38,-1,-1,2
44324316,51,24,-1,-1,1
44321348,20,29,-1,-1,1
44324262,26,14,-1,-1,7
44322713,0,58,-1,-1,0
44320100,2,14,-1,-1,6
44321639,45,51,-1,-1,0
44324377,49,8,-1,-1,6
44322633,32,10,-1,-1,6
44324040,39,20,-1,-1,3
44320267,24,51,-1,-1,7
44322519,5,57,-1,-1,4
44323207,35,45,-1,-1,5
44323181,9,14,-1,-1,5
44324748,35,58,-1,-1,2
44323920,4,17,-1,-1,2
44322441,28,10,-1,-1,4
44324567,4,3,-1,-1,6
44323697,39,34,-1,-1,2
44324623,12,3,-1,-1,3
44320492,11,46,-1,-1,3
44320899,1,1,-1,-1,7
44313033,17,36,-1,-1,7
44322880,56,45,-1,-1,6
44313620,43,51,-1,-1,3
44315465,58,18,-1,-1,5
44323450,45,53,-1,-1,1
44319980,33,31,-1,-1,1
44323691,11,18,-1,-1,1
44323290,50,31,-1,-1,3
44315659,9,23,-1,-1,4
44318099,2,28,-1,-1,3
44321330,52,21,-1,-1,6
44322525,2,8,-1,-1,4
44323190,27,9,-1,-1,6
44324800,21,6,-1,-1,1
44320430,41,47,-1,-1,6
44320165,50,56,-1,-1,2
44321548,34,23,-1,-1,3
44309077,18,55,-1,-1,1
44323061,48,44,-1,-1,7
44322544,20,57,-1,-1,6
44321937,21,29,-1,-1,3
44323785,18,24,-1,-1,0
44320915,17,24,-1,-1,2
44318705,6,50,-1,-1,2
44320324,6,38,-1,-1,0
44318238,28,29,-1,-1,7
44323713,38,53,-1,-1,2
44322433,50,1,-1,-1,3
44322760,7,52,-1,-1,3
44321372,48,48,-1,-1,5
44324393,44,43,-1,-1,5
44324663,0,8,-1,-1,2
44318326,32,46,-1,-1,4
44311283,41,52,-1,-1,2
44321905,38,22,-1,-1,1
44323220,11,9,-1,-1,3
44324300,31,20,-1,-1,4
44322919,29,37,-1,-1,4
44323636,42,33,-1,-1,0
44320790,14,27,-1,-1,3
44321180,9,32,-1,-1,7
44316215,5,40,-1,-1,1
44319174,39,8,-1,-1,3
44320074,39,29,-1,-1,7
44322994,5,4,-1,-1,6
44324790,1,31,-1,-1,5
44312825,7,32,-1,-1,0
44322376,19,12,-1,-1,5
44324997,57,11,-1,-1,7
44323705,49,33,-1,-1,0
44318727,27,1,-1,-1,2
44314356,25,50,-1,-1,6
44323314,34,4,-1,-1,4
44319000,2,38,-1,-1,3
44324160,19,26,-1,-1,6
44324360,14,13,-1,-1,1
44322040,33,9,-1,-1,3
44324952,37,23,-1,-1,6
44323464,38,38,-1,-1,0
44323940,26,0,-1,-1,6
44320791,43,13,-1,-1,3
44318661,33,1,-1,-1,4
44319642,46,35,-1,-1,7
44323237,11,21,-1,-1,6
44315478,22,53,-1,-1,3
44323603,15,51,-1,-1,1
44324679,58,16,-1,-1,0
44320662,54,55,-1,-1,6
44324473,0,39,-1,-1,3
44324838,20,55,-1,-1,4
44305811,0,57,-1,-1,4
44317960,10,53,-1,-1,2
44322884,41,22,-1,-1,4
44323428,27,18,-1,-1,7
44322176,53,23,-1,-1,1
44323142,42,26,-1,-1,5
44321605,32,7,-1,-1,1
44319695,57,40,-1,-1,4
44320827,56,55,-1,-1,6
44322475,8,20,-1,-1,4
44321931,5,48,-1,-1,1
44324650,28,20,-1,-1,4
44318903,6,14,-1,-1,0
44320428,32,55,-1,-1,7
44324944,52,46,-1,-1,4
44324384,10,18,-1,-1,4
44318746,5,17,-1,-1,7
44324649,13,1,-1,-1,6
44323097,24,50,-1,-1,5
44314609,41,10,-1,-1,1
44324303,34,8,-1,-1,4
44324025,24,57,-1,-1,4
44324568,21,45,-1,-1,7
44317715,15,17,-1,-1,1
44320867,25,3,-1,-1,2
44321231,11,56,-1,-1,5
44319404,44,4,-1,-1,1
44319267,3,13,-1,-1,4
44317598,35,47,-1,-1,4
44320962,12,49,-1,-1,7
44321942,58,41,-1,-1,0
44317580,45,20,-1,-1,6
44324692,51,2,-1,-1,2
44324161,49,34,-1,-1,5
44324217,44,36,-1,-1,2
44323099,13,51,-1,-1,7
44320572,16,7,-1,-1,2
44319529,55,2,-1,-1,1
44324430,55,29,-1,-1,7
44321274,14,34,-1,-1,6
44313519,18,41,-1,-1,4
44322894,14,7,-1,-1,5
44323866,56,7,-1,-1,5
44314100,24,37,-1,-1,3
44321511,51,51,-1,-1,1
44323137,48,55,-1,-1,3
44324403,42,53,-1,-1,6
44322924,29,2,-1,-1,2
44315284,57,44,-1,-1,1
44322533,58,15,-1,-1,4
44323984,6,57,-1,-1,3
44323908,32,2,-1,-1,1
44324642,16,46,-1,-1,4
44324278,4,46,-1,-1,7
44312636,3,54,-1,-1,3
44322875,35,32,-1,-1,6
44321585,0,24,-1,-1,1
44320632,1,33,-1,-1,2
44324288,27,42,-1,-1,0
44323344,56,38,-1,-1,2
44315439,4,45,-1,-1,5
44322478,55,12,-1,-1,3
44315077,51,11,-1,-1,3
44314523,19,49,-1,-1,1
44324376,40,47,-1,-1,1
44324322,24,20,-1,-1,3
44322645,34,58,-1,-1,2
44321644,47,34,-1,-1,4
44324119,35,7,-1,-1,4
44320162,8,53,-1,-1,5
44324084,14,45,-1,-1,3
44321629,52,12,-1,-1,7
44324725,38,10,-1,-1,6
44324232,21,0,-1,-1,2
44315975,34,1,-1,-1,6
44320991,34,44,-1,-1,7
44324632,38,35,-1,-1,0
44319596,34,42,-1,-1,6
44320934,6,58,-1,-1,1
44321628,31,30,-1,-1,5
44323562,30,15,-1,-1,3
44324185,34,53,-1,-1,5
44318352,27,20,-1,-1,5
44323851,38,16,-1,-1,6
44318827,6,2,-1,-1,1
44323435,49,47,-1,-1,5
44321329,14,31,-1,-1,1
44319905,39,49,-1,-1,2
44323969,8,23,-1,-1,4
44323952,44,46,-1,-1,1
44323826,48,13,-1,-1,0
44309296,55,39,-1,-1,7
44322260,43,45,-1,-1,4
44319570,30,54,-1,-1,0
44318062,3,21,-1,-1,3
44324476,47,0,-1,-1,5
44316615,20,42,-1,-1,1
44324684,46,54,-1,-1,4
44318566,5,5,-1,-1,6
44324295,48,18,-1,-1,7
44318498,3,18,-1,-1,6
44305323,32,44,-1,-1,0
44318752,25,12,-1,-1,5
44324583,55,16,-1,-1,6
44323512,17,45,-1,-1,2
44318367,13,0,-1,-1,4
44322946,35,53,-1,-1,1
44316455,47,44,-1,-1,7
44321588,0,10,-1,-1,2
44322939,36,46,-1,-1,7
44321376,54,41,-1,-1,4
44322973,21,40,-1,-1,6
44323599,16,51,-1,-1,3
44324806,44,51,-1,-1,3
44322352,9,56,-1,-1,1
44315132,26,9,-1,-1,3
44324514,7,38,-1,-1,0
44323807,25,51,-1,-1,0
44324399,14,47,-1,-1,0
44321659,38,40,-1,-1,7
44321798,55,53,-1,-1,0
44322157,40,38,-1,-1,3
44317242,56,3,-1,-1,3
44313842,34,49,-1,-1,1
44324699,23,42,-1,-1,1
44321804,9,50,-1,-1,5
44323791,18,22,-1,-1,4
44312985,29,51,-1,-1,3
44323449,20,22,-1,-1,6
44323505,6,47,-1,-1,0
44320666,40,8,-1,-1,7
44322851,50,20,-1,-1,4
44324329,58,42,-1,-1,4
44324860,27,57,-1,-1,4
44317041,44,5,-1,-1,4
44323731,33,25,-1,-1,7
44321196,22,20,-1,-1,5
44318978,12,8,-1,-1,7
44323431,23,16,-1,-1,7
44320398,56,57,-1,-1,5
44321034,32,40,-1,-1,5
44324490,56,41,-1,-1,1
44320041,54,32,-1,-1,0
44319855,34,12,-1,-1,0
44321622,28,26,-1,-1,4
44310737,22,23,-1,-1,6
44324066,33,22,-1,-1,3
44324455,46,36,-1,-1,0
44324605,15,36,-1,-1,3
44323651,51,30,-1,-1,5
44319557,2,48,-1,-1,1
44324327,14,9,-1,-1,3
44324985,7,20,-1,-1,0
44322606,45,41,-1,-1,2
44321414,41,58,-1,-1,2
44322777,19,8,-1,-1,2
44315933,50,21,-1,-1,4
44320420,27,58,-1,-1,6
44322610,14,58,-1,-1,2
44323169,15,39,-1,-1,3
44323989,35,17,-1,-1,2
44316637,1,44,-1,-1,7
44324784,44,8,-1,-1,4
44323999,17,3,-1,-1,7
44324555,24,31,-1,-1,3
44318650,10,28,-1,-1,6
44320262,2,17,-1,-1,0
44319520,52,50,-1,-1,5
44321244,7,43,-1,-1,7
44324256,46,12,-1,-1,0
44322986,14,15,-1,-1,5
44322978,16,27,-1,-1,1
44324068,43,56,-1,-1,0
44323767,42,5,-1,-1,7
44324164,42,47,-1,-1,3
44319196,25,1,-1,-1,1
44321084,5,2,-1,-1,1
44322462,1,8,-1,-1,7
44320599,37,53,-1,-1,0
44318919,19,29,-1,-1,2
44321723,41,35,-1,-1,1
44323960,0,44,-1,-1,1
44324180,57,43,-1,-1,4
44324786,23,34,-1,-1,2
44324532,35,29,-1,-1,0
44320387,21,49,-1,-1,2
44319292,50,10,-1,-1,5
44322852,29,25,-1,-1,3
44324197,40,46,-1,-1,1
44324814,56,24,-1,-1,4
44324491,15,50,-1,-1,6
44324559,36,26,-1,-1,4
44323910,56,0,-1,-1,2
44324140,39,6,-1,-1,3
44322368,49,24,-1,-1,5
44323158,20,20,-1,-1,0
44324724,19,21,-1,-1,1
44314613,54,33,-1,-1,4
44323994,49,50,-1,-1,2
44321279,20,7,-1,-1,0
44323579,39,50,-1,-1,0
44324777,33,36,-1,-1,6
44317972,9,53,-1,-1,5
44322847,27,36,-1,-1,7
44324427,32,29,-1,-1,3
44324949,6,17,-1,-1,5
44321225,58,36,-1,-1,4
44316503,4,55,-1,-1,0
44320643,3,43,-1,-1,7
44321294,36,7,-1,-1,5
44324440,43,42,-1,-1,5
44324113,28,57,-1,-1,2
44323951,43,16,-1,-1,5
44324518,25,42,-1,-1,3
44321867,54,46,-1,-1,6
44324204,15,33,-1,-1,0
44320028,39,53,-1,-1,0
44321235,13,2,-1,-1,5
44320565,57,17,-1,-1,7
44324904,4,4,-1,-1,4
44314357,2,29,-1,-1,7
44315649,25,8,-1,-1,2
44321617,22,5,-1,-1,2
44311919,55,49,-1,-1,3
44324235,27,19,-1,-1,6
44324144,37,30,-1,-1,4
44324837,27,6,-1,-1,5
44323753,41,23,-1,-1,1
44319009,49,49,-1,-1,0
44321262,36,41,-1,-1,6
44323402,33,34,-1,-1,1
44324122,0,3,-1,-1,0
44323493,23,45,-1,-1,7
44322809,45,10,-1,-1,6
44325001,39,23,-1,-1,7
44323816,52,38,-1,-1,5
44324169,23,47,-1,-1,0
44320754,56,17,-1,-1,4
44324234,57,31,-1,-1,5
44321115,55,3,-1,-1,1
44313464,15,43,-1,-1,2
44323758,38,12,-1,-1,7
44323706,57,47,-1,-1,3
44306845,1,43,-1,-1,1
44323563,52,9,-1,-1,1
44323297,37,12,-1,-1,7
44324813,33,23,-1,-1,1
44323409,48,6,-1,-1,5
44323332,7,55,-1,-1,1
44313504,38,11,-1,-1,4
44320551,6,55,-1,-1,5
44324055,6,35,-1,-1,6
44322402,14,0,-1,-1,5
44321958,23,3,-1,-1,7
44319986,31,51,-1,-1,1
44323218,14,22,-1,-1,1
44320333,24,39,-1,-1,2
44321050,19,39,-1,-1,3
44324807,52,55,-1,-1,2
44323837,0,34,-1,-1,4
44324558,43,3,-1,-1,6
44324984,41,16,-1,-1,4
44323941,41,21,-1,-1,7
44324847,43,35,-1,-1,4
44324460,57,8,-1,-1,5
44320099,19,47,-1,-1,0
44324717,3,33,-1,-1,4
44323531,52,39,-1,-1,7
44322749,52,24,-1,-1,6
44318604,14,56,-1,-1,7
44317638,44,7,-1,-1,4
44305169,46,8,-1,-1,3
44324962,28,33,-1,-1,1
44324064,50,42,-1,-1,7
44319779,6,13,-1,-1,7
44324260,3,38,-1,-1,0
44321420,47,41,-1,-1,4
44321593,2,31,-1,-1,5
44319960,11,58,-1,-1,6
44321229,53,27,-1,-1,5
44323382,15,58,-1,-1,7
44320692,18,48,-1,-1,4
44323129,33,47,-1,-1,6
44324359,38,43,-1,-1,6
44323966,13,58,-1,-1,0
44322211,56,8,-1,-1,5
44306552,53,4,-1,-1,2
44320753,7,3,-1,-1,0
44319003,32,22,-1,-1,3
44324766,28,24,-1,-1,3
44319945,53,49,-1,-1,1
44322171,10,42,-1,-1,5
44324993,44,19,-1,-1,7
44323071,56,42,-1,-1,2
44322185,36,29,-1,-1,5
44321446,53,11,-1,-1,4
44324372,11,22,-1,-1,2
44322987,10,47,-1,-1,1
44319001,6,16,-1,-1,1
44311331,25,13,-1,-1,4
44318808,19,7,-1,-1,3
44318871,2,10,-1,-1,5
44322029,25,56,-1,-1,2
44322421,11,36,-1,-1,0
44323860,3,6,-1,-1,5
44317677,46,23,-1,-1,6
44322897,39,31,-1,-1,2
44322675,26,48,-1,-1,1
44323661,9,47,-1,-1,7
44323682,44,47,-1,-1,7
44324343,35,8,-1,-1,1
44322444,4,5,-1,-1,5
44320750,57,48,-1,-1,5
44323761,17,8,-1,-1,0
44323889,24,46,-1,-1,0
44324265,14,37,-1,-1,1
44324587,50,53,-1,-1,5
44312417,40,36,-1,-1,1
44324856,37,40,-1,-1,2
44324888,5,19,-1,-1,2
44324675,16,1,-1,-1,1
44316447,23,11,-1,-1,4
44324509,24,2,-1,-1,7
44324500,30,45,-1,-1,7
44313319,8,48,-1,-1,1
44324531,7,17,-1,-1,1
44320644,25,7,-1,-1,7
44319251,3,28,-1,-1,0
44324493,24,44,-1,-1,6
44315768,32,41,-1,-1,7
44324631,6,6,-1,-1,3
44323011,28,56,-1,-1,5
44324304,57,35,-1,-1,3
44322893,55,36,-1,-1,7
44324270,57,4,-1,-1,3
44318744,32,58,-1,-1,6
44319183,4,30,-1,-1,5
44323128,27,39,-1,-1,3
44322315,17,18,-1,-1,7
44318846,1,36,-1,-1,1
44323475,40,45,-1,-1,0
44324946,8,9,-1,-1,4
44323934,17,42,-1,-1,1
44321470,6,5,-1,-1,6
44322942,1,25,-1,-1,5
44323736,17,15,-1,-1,6
44323007,10,43,-1,-1,2
44320379,25,24,-1,-1,1
44318089,38,4,-1,-1,3
44320730,14,14,-1,-1,7
44324129,27,56,-1,-1,6
44318537,12,31,-1,-1,5
44309595,1,18,-1,-1,2
44324641,52,40,-1,-1,6
44314804,54,2,-1,-1,5
44319949,52,11,-1,-1,1
44323049,38,21,-1,-1,0
44318179,29,15,-1,-1,4
44323857,44,35,-1,-1,4
44317209,36,18,-1,-1,1
44323390,16,38,-1,-1,6
44322424,41,54,-1,-1,5
44324999,44,26,-1,-1,1
44319002,37,47,-1,-1,1
44324434,54,26,-1,-1,6
44322319,15,31,-1,-1,3
44324428,20,37,-1,-1,0
44324307,39,25,-1,-1,4
44324223,3,44,-1,-1,0
44321832,18,0,-1,-1,4
44324658,21,22,-1,-1,7
44324178,53,25,-1,-1,0
44323417,38,33,-1,-1,7
44323002,41,29,-1,-1,6
44321150,10,40,-1,-1,6
44324665,13,57,-1,-1,3
44319470,30,34,-1,-1,7
44321023,47,57,-1,-1,0
44323592,10,13,-1,-1,2
44324648,16,18,-1,-1,3
44319393,43,28,-1,-1,4
44320097,42,2,-1,-1,6
44324619,21,15,-1,-1,0
44324693,45,32,-1,-1,1
44322466,25,55,-1,-1,6
44321377,1,5,-1,-1,4
44323847,9,22,-1,-1,0
44323928,13,16,-1,-1,3
44324208,15,23,-1,-1,0
44324808,55,7,-1,-1,3
44321462,37,49,-1,-1,7
44324902,23,50,-1,-1,6
44313690,11,15,-1,-1,7
44324448,22,7,-1,-1,3
44311200,14,25,-1,-1,6
44324788,3,31,-1,-1,1
44324908,24,21,-1,-1,7
44324202,27,50,-1,-1,6
44323044,22,58,-1,-1,1
44324410,55,18,-1,-1,7
44321855,58,9,-1,-1,7
44319397,54,22,-1,-1,6
44324604,8,37,-1,-1,2
44323924,7,2,-1,-1,5
44319145,48,46,-1,-1,7
44311154,53,12,-1,-1,0
44321598,18,20,-1,-1,7
44320670,31,48,-1,-1,6
44322154,47,16,-1,-1,0
44319932,15,6,-1,-1,6
44321533,8,26,-1,-1,2
44313907,0,37,-1,-1,4
44323494,33,20,-1,-1,6
44324789,49,0,-1,-1,3
44324816,31,33,-1,-1,1
44324744,17,1,-1,-1,7
44324005,30,20,-1,-1,5
44324884,41,30,-1,-1,7
44324291,4,19,-1,-1,7
44322741,53,26,-1,-1,5
44324622,45,35,-1,-1,7
44321566,38,1,-1,-1,0
44324954,37,1,-1,-1,4
44318581,23,7,-1,-1,3
44316410,41,33,-1,-1,4
44324637,48,11,-1,-1,6
44312350,32,3,-1,-1,0
44324247,22,26,-1,-1,2
44323267,32,48,-1,-1,2
44320350,58,29,-1,-1,5
44319792,3,15,-1,-1,4
44322232,42,24,-1,-1,3
44320776,38,26,-1,-1,5
44323422,16,14,-1,-1,0
44316712,43,53,-1,-1,5
44321596,16,10,-1,-1,6
44318388,35,44,-1,-1,3
44322742,50,19,-1,-1,4
44322688,10,10,-1,-1,6
44322551,50,28,-1,-1,6
44324342,19,45,-1,-1,4
44324512,44,41,-1,-1,1
44322584,27,4,-1,-1,4
44320844,45,11,-1,-1,3
44322004,30,23,-1,-1,5
44324346,1,30,-1,-1,1
44319623,51,39,-1,-1,7
44324563,7,5,-1,-1,6
44320556,8,57,-1,-1,2
44323075,18,21,-1,-1,5
44323833,43,29,-1,-1,4
44322849,47,40,-1,-1,6
44324515,5,21,-1,-1,3
44324737,6,46,-1,-1,3
44322550,53,24,-1,-1,3
44323228,11,45,-1,-1,5
44324458,42,36,-1,-1,1
44320949,34,5,-1,-1,2
44324850,24,12,-1,-1,5
44319925,32,51,-1,-1,1
44323433,10,22,-1,-1,4
44324755,20,15,-1,-1,4
44315813,6,8,-1,-1,5
44323630,18,19,-1,-1,7
44322922,44,42,-1,-1,3
44320699,14,57,-1,-1,4
44324158,4,13,-1,-1,5
44317983,31,3,-1,-1,2
44324048,50,52,-1,-1,2
44321620,26,25,-1,-1,3
44322338,11,57,-1,-1,4
44309194,12,32,-1,-1,2
44323746,32,14,-1,-1,7
44324970,19,44,-1,-1,6
44322588,43,30,-1,-1,1
44318497,16,24,-1,-1,3
44322456,23,46,-1,-1,6
44317092,33,5,-1,-1,4
44315505,45,43,-1,-1,1
44322422,13,39,-1,-1,6
44315908,25,33,-1,-1,4
44322752,51,22,-1,-1,5
44324870,34,26,-1,-1,0
44323216,21,58,-1,-1,0
44323126,41,36,-1,-1,3
44309490,36,56,-1,-1,3
44323161,29,16,-1,-1,0
44323646,3,29,-1,-1,7
44324320,25,5,-1,-1,5
44324536,23,10,-1,-1,5
44317980,2,36,-1,-1,4
44323310,42,18,-1,-1,5
44323629,24,32,-1,-1,7
44322801,26,30,-1,-1,4
44324750,23,20,-1,-1,5
44324121,12,57,-1,-1,6
44316714,21,34,-1,-1,1
44324929,45,40,-1,-1,3
44319349,40,4,-1,-1,2
44324728,20,14,-1,-1,4
44321654,38,51,-1,-1,6
44323400,15,52,-1,-1,6
44325003,46,16,-1,-1,2
44319164,14,52,-1,-1,3
44322297,0,29,-1,-1,3
44315895,6,15,-1,-1,1
44323094,31,42,-1,-1,0
44320086,1,19,-1,-1,6
44324921,32,53,-1,-1,2
44321460,44,30,-1,-1,7
44323226,0,54,-1,-1,0
44323144,25,31,-1,-1,0
44324228,8,43,-1,-1,0
44321098,58,56,-1,-1,0
44318275,10,25,-1,-1,2
44324677,52,23,-1,-1,7
44322150,56,46,-1,-1,6
44324063,53,19,-1,-1,4
44323872,31,39,-1,-1,1
44318693,2,1,-1,-1,1
44323550,32,50,-1,-1,7
44322271,6,19,-1,-1,6
44324201,33,12,-1,-1,2
44322445,40,30,-1,-1,3
44321243,10,58,-1,-1,1
44323616,4,1,-1,-1,5
44323548,30,56,-1,-1,2
44321967,22,14,-1,-1,0
44324105,5,46,-1,-1,7
44323846,21,35,-1,-1,5
44322198,57,58,-1,-1,6
44323827,38,56,-1,-1,7
44314954,58,58,-1,-1,0
44318190,0,51,-1,-1,4
44320831,47,15,-1,-1,7
44309712,45,4,-1,-1,5
44314377,52,16,-1,-1,3
44323526,41,28,-1,-1,3
44324318,18,38,-1,-1,0
44323781,18,51,-1,-1,6
44324277,23,51,-1,-1,2
44320069,20,8,-1,-1,1
44322966,15,10,-1,-1,6
44324686,55,46,-1,-1,4
44315730,57,7,-1,-1,2
44324452,41,3,-1,-1,2
44324450,41,15,-1,-1,7
44324153,29,4,-1,-1,5
44321486,41,8,-1,-1,1
44324534,39,1,-1,-1,7
44323370,32,36,-1,-1,1
44320380,24,18,-1,-1,4
44323148,17,43,-1,-1,3
44320696,29,43,-1,-1,3
44321411,31,56,-1,-1,7
44323794,37,27,-1,-1,3
44319750,18,26,-1,-1,3
44322452,26,36,-1,-1,7
44324900,20,44,-1,-1,4
44310938,57,53,-1,-1,6
44322503,40,12,-1,-1,5
44312536,52,53,-1,-1,1
44324447,18,6,-1,-1,3
44324590,57,39,-1,-1,1
44315939,58,0,-1,-1,6
44322520,22,42,-1,-1,6
44321076,54,18,-1,-1,6
44320893,46,6,-1,-1,1
44324526,12,5,-1,-1,0
44321326,7,48,-1,-1,0
44320764,29,9,-1,-1,3
44323278,9,48,-1,-1,5
44322411,40,25,-1,-1,1
44321445,3,37,-1,-1,3
44324143,57,0,-1,-1,2
44324156,13,47,-1,-1,3
44308277,30,16,-1,-1,4
44322443,42,12,-1,-1,5
44323350,12,43,-1,-1,1
44320805,42,16,-1,-1,4
44321878,24,54,-1,-1,6
44324225,41,26,-1,-1,4
44312145,10,35,-1,-1,4
44319933,24,28,-1,-1,3
44322822,31,25,-1,-1,0
44322816,5,13,-1,-1,7
44311300,43,58,-1,-1,0
44320897,13,5,-1,-1,7
44321164,55,11,-1,-1,4
44322805,56,37,-1,-1,5
44322196,40,43,-1,-1,6
44317177,19,5,-1,-1,5
44315433,57,5,-1,-1,3
44322121,24,38,-1,-1,4
44314270,30,3,-1,-1,2
44322489,10,11,-1,-1,4
44320907,3,50,-1,-1,5
44323904,35,25,-1,-1,7
44321814,49,52,-1,-1,2
44323286,19,42,-1,-1,6
44324131,22,54,-1,-1,1
44319381,43,46,-1,-1,1
44322055,12,54,-1,-1,3
44324893,51,28,-1,-1,7
44319451,32,35,-1,-1,1
44321137,7,11,-1,-1,7
44317140,30,17,-1,-1,3
44323774,47,14,-1,-1,0
44323995,35,9,-1,-1,2
44318447,34,45,-1,-1,5
44314980,5,23,-1,-1,7
44320036,6,40,-1,-1,5
44320829,48,12,-1,-1,6
44322311,20,36,-1,-1,7
44324548,44,45,-1,-1,3
44322671,39,40,-1,-1,5
44322509,44,1,-1,-1,7
44317363,26,7,-1,-1,6
44324620,3,27,-1,-1,6
44321603,49,17,-1,-1,1
44319429,2,46,-1,-1,1
44324858,43,4,-1,-1,7
44321412,21,27,-1,-1,2
44323031,25,45,-1,-1,4
44323575,13,24,-1,-1,1
44315875,6,26,-1,-1,2
44318433,5,35,-1,-1,1
44320375,19,22,-1,-1,3
44323814,48,53,-1,-1,0
44321557,16,2,-1,-1,4
44323768,34,21,-1,-1,3
44321736,12,10,-1,-1,7
44324275,37,15,-1,-1,2
44323892,32,0,-1,-1,6
44317946,28,12,-1,-1,6
44321823,52,29,-1,-1,5
44313662,27,23,-1,-1,6
44324446,19,25,-1,-1,3
44324240,29,12,-1,-1,6
44324195,37,35,-1,-1,2
44323397,52,43,-1,-1,2
44322463,49,19,-1,-1,4
44323707,38,18,-1,-1,3
44321560,3,7,-1,-1,7
44323381,36,24,-1,-1,2
44320625,30,1,-1,-1,3
44324379,4,48,-1,-1,7
44319375,52,7,-1,-1,6
44320404,6,41,-1,-1,3
44323716,16,50,-1,-1,0
44324647,42,43,-1,-1,2
44323413,35,26,-1,-1,5
44321575,50,8,-1,-1,6
44321488,48,43,-1,-1,7
44322419,21,4,-1,-1,6
44324879,7,35,-1,-1,5
44320500,52,31,-1,-1,1
44319323,23,13,-1,-1,0
44318127,36,0,-1,-1,5
44323429,31,32,-1,-1,3
44312267,10,39,-1,-1,0
44323358,17,14,-1,-1,3
44316745,53,50,-1,-1,6
44323175,38,20,-1,-1,7
44319052,5,20,-1,-1,3
44324148,29,20,-1,-1,4
44323021,26,46,-1,-1,2
44323839,55,56,-1,-1,5
44323001,16,43,-1,-1,5
44324761,45,24,-1,-1,5
44324471,14,2,-1,-1,6
44318337,27,53,-1,-1,2
44318271,30,9,-1,-1,6
44311680,12,2,-1,-1,7
44320471,5,42,-1,-1,3
44319417,0,13,-1,-1,2
44322726,13,3,-1,-1,3
44311983,58,57,-1,-1,4
44316465,7,30,-1,-1,3
44316008,34,40,-1,-1,6
44315684,27,2,-1,-1,5
44320393,5,34,-1,-1,5
44316977,49,16,-1,-1,6
44321249,56,18,-1,-1,4
44319976,46,0,-1,-1,2
44320712,24,14,-1,-1,5
44311439,5,11,-1,-1,2
44324556,1,28,-1,-1,4
44324963,31,11,-1,-1,1
44323338,45,56,-1,-1,5
44320213,38,34,-1,-1,7
44321284,33,52,-1,-1,3
44324624,50,6,-1,-1,7
44324192,2,0,-1,-1,3
44321825,51,52,-1,-1,1
44323479,39,44,-1,-1,0
44322555,32,30,-1,-1,2
44318637,38,3,-1,-1,6
44324402,5,38,-1,-1,5
44324042,58,10,-1,-1,7
44324614,26,31,-1,-1,5
44324794,13,54,-1,-1,6
44318587,53,55,-1,-1,7
44318804,16,54,-1,-1,3
44321399,32,6,-1,-1,3
44324974,35,27,-1,-1,5
44289185,49,7,-1,-1,5
44323601,53,3,-1,-1,2
44318565,30,8,-1,-1,2
44322580,47,24,-1,-1,6
44317482,55,50,-1,-1,6
44321682,8,7,-1,-1,4
44324501,4,7,-1,-1,6
44322976,20,41,-1,-1,1
44314619,55,14,-1,-1,4
44320664,56,50,-1,-1,3
44318348,4,38,-1,-1,7
44319771,23,58,-1,-1,2
44320909,19,52,-1,-1,0
44320995,45,5,-1,-1,1
44318600,4,56,-1,-1,6
44323875,46,15,-1,-1,5
44320384,28,37,-1,-1,6
44324363,19,55,-1,-1,6
44323466,36,40,-1,-1,0
44324823,57,27,-1,-1,7
44322396,3,3,-1,-1,3
44319504,51,19,-1,-1,1
44321218,55,6,-1,-1,5
44323240,50,33,-1,-1,1
44324396,45,27,-1,-1,2
44323307,45,0,-1,-1,6
44319900,2,9,-1,-1,3
44319609,26,44,-1,-1,3
44314817,49,2,-1,-1,5
44321458,3,14,-1,-1,0
44319479,26,51,-1,-1,7
44319210,2,53,-1,-1,4
44323718,49,58,-1,-1,0
44320493,30,37,-1,-1,3
44323957,3,9,-1,-1,1
44324541,11,55,-1,-1,0
44324601,24,3,-1,-1,6
44323568,11,12,-1,-1,3
44313801,14,5,-1,-1,1
44323776,28,50,-1,-1,3
44324820,17,49,-1,-1,7
44320989,26,15,-1,-1,7
44319664,20,53,-1,-1,7
44321170,3,24,-1,-1,4
44321188,48,52,-1,-1,7
44318248,6,20,-1,-1,1
44324134,37,42,-1,-1,3
44324841,5,50,-1,-1,5
44317899,15,46,-1,-1,5
44318395,25,0,-1,-1,4
44322064,0,16,-1,-1,4
44323364,41,2,-1,-1,2
44321572,2,52,-1,-1,4
44322384,48,36,-1,-1,6
44324461,51,27,-1,-1,1
44324981,39,45,-1,-1,0
44321623,40,39,-1,-1,2
44324796,34,54,-1,-1,2
44323674,40,6,-1,-1,4
44321844,45,3,-1,-1,5
44320977,57,20,-1,-1,0
44322072,13,12,-1,-1,3
44324579,8,50,-1,-1,6
44322899,50,46,-1,-1,6
44323983,4,24,-1,-1,4
44324361,44,39,-1,-1,4
44316565,12,19,-1,-1,2
44324639,32,12,-1,-1,0
44324347,56,20,-1,-1,2
44314044,17,56,-1,-1,3
44323134,16,45,-1,-1,0
44323192,16,23,-1,-1,6
44321296,21,32,-1,-1,1
44322931,34,34,-1,-1,6
44323383,30,35,-1,-1,3
44320174,43,41,-1,-1,2
44323256,43,12,-1,-1,3
44323014,19,57,-1,-1,5
44323412,46,31,-1,-1,0
44323680,23,19,-1,-1,6
44324110,2,27,-1,-1,5
44323988,0,52,-1,-1,0
44323069,43,14,-1,-1,1
44312741,20,26,-1,-1,3
44318995,1,23,-1,-1,1
44324763,57,29,-1,-1,1
44322570,18,37,-1,-1,2
44309426,40,3,-1,-1,4
44324416,16,13,-1,-1,0
44324727,38,47,-1,-1,0
44324980,15,20,-1,-1,7
44322244,35,12,-1,-1,0
44319635,46,50,-1,-1,5
44322366,42,41,-1,-1,3
44323212,55,54,-1,-1,6
44323903,41,40,-1,-1,3
44322302,52,4,-1,-1,3
44322388,41,5,-1,-1,7
44322125,36,12,-1,-1,7
44323027,38,29,-1,-1,5
44323724,25,29,-1,-1,7
44322692,1,55,-1,-1,0
44323019,53,29,-1,-1,5
44323516,50,48,-1,-1,6
44323411,10,38,-1,-1,2
44322915,46,33,-1,-1,0
44314295,53,10,-1,-1,5
44323096,18,53,-1,-1,7
44321777,50,15,-1,-1,2
44324911,0,21,-1,-1,1
44317548,17,46,-1,-1,5
44324049,11,3,-1,-1,5
44324382,36,30,-1,-1,5
44318858,23,1,-1,-1,7
44323542,38,2,-1,-1,5
44315095,28,39,-1,-1,0
44320965,37,3,-1,-1,3
44323963,21,10,-1,-1,7
44320064,27,5,-1,-1,3
44323868,51,49,-1,-1,3
44321634,19,41,-1,-1,5
44323822,58,49,-1,-1,4
44323081,33,50,-1,-1,0
44318480,11,10,-1,-1,2
44322356,21,26,-1,-1,2
44322653,7,1,-1,-1,0
44322067,53,9,-1,-1,6
44322105,17,41,-1,-1,2
44323544,25,15,-1,-1,7
44324738,3,32,-1,-1,0
44323899,4,57,-1,-1,4
44321537,8,16,-1,-1,2
44320660,25,16,-1,-1,3
44324989,22,6,-1,-1,5
44321789,44,37,-1,-1,4
44324846,15,53,-1,-1,3
44309592,33,14,-1,-1,3
44324866,12,1,-1,-1,4
44319558,43,1,-1,-1,4
44315362,10,27,-1,-1,4
44318048,46,39,-1,-1,5
44314568,6,10,-1,-1,1
44324774,8,42,-1,-1,0
44324292,16,25,-1,-1,1
44324552,26,12,-1,-1,7
44324072,43,37,-1,-1,1
44320425,29,26,-1,-1,4
44318819,52,37,-1,-1,5
44324561,32,57,-1,-1,4
44324818,56,25,-1,-1,7
44322082,15,8,-1,-1,7
44317970,34,7,-1,-1,2
44322812,15,12,-1,-1,2
44315759,24,11,-1,-1,2
44319546,53,57,-1,-1,7
44324429,48,37,-1,-1,6
44319556,31,16,-1,-1,2
44323997,37,33,-1,-1,1
44311354,15,2,-1,-1,5
44324315,57,19,-1,-1,6
44317700,15,49,-1,-1,5
44322417,16,21,-1,-1,7
44318840,20,1,-1,-1,0
44324188,17,32,-1,-1,2
44317739,34,29,-1,-1,6
44324951,33,19,-1,-1,1
44323961,37,34,-1,-1,6
44319436,27,32,-1,-1,5
44323198,55,51,-1,-1,1
44320673,11,23,-1,-1,0
44319682,58,28,-1,-1,0
44323065,33,42,-1,-1,3
44315257,48,8,-1,-1,7
44321477,24,0,-1,-1,2
44321261,10,51,-1,-1,1
44324420,11,43,-1,-1,7
44324362,18,4,-1,-1,6
44324383,42,39,-1,-1,3
44324726,46,24,-1,-1,7
44318197,0,23,-1,-1,4
44322377,12,42,-1,-1,4
44320059,45,16,-1,-1,2
44324162,42,40,-1,-1,3
44314397,57,50,-1,-1,0
44323818,18,42,-1,-1,6
44320178,30,19,-1,-1,0
44313311,43,5,-1,-1,7
44319226,54,25,-1,-1,0
44317762,2,33,-1,-1,5
44323534,9,46,-1,-1,5
44324832,23,2,-1,-1,6
44323864,43,47,-1,-1,7
44322447,12,9,-1,-1,3
44324246,16,8,-1,-1,5
44312231,0,41,-1,-1,3
44321129,48,41,-1,-1,3
44324779,53,14,-1,-1,0
44323245,37,5,-1,-1,1
44322820,23,15,-1,-1,2
44322905,32,18,-1,-1,3
44324584,20,58,-1,-1,6
44323083,20,18,-1,-1,7
44322379,54,5,-1,-1,5
44321403,12,18,-1,-1,3
44316253,31,19,-1,-1,3
44320821,47,53,-1,-1,7
44317060,17,13,-1,-1,7
44323640,41,44,-1,-1,7
44319057,8,27,-1,-1,2
44322358,37,36,-1,-1,5
44324444,2,42,-1,-1,0
44324010,27,54,-1,-1,7
44323964,37,46,-1,-1,1
44319895,26,56,-1,-1,5
44321940,36,49,-1,-1,3
44317847,3,25,-1,-1,7
44324681,17,50,-1,-1,1
44302658,34,9,-1,-1,2
44322096,36,55,-1,-1,4
44323515,13,15,-1,-1,4
44318411,41,27,-1,-1,6
44324261,19,13,-1,-1,1
44318358,0,49,-1,-1,0
44316643,47,47,-1,-1,0
44322662,25,35,-1,-1,4
44324892,20,2,-1,-1,5
44321871,8,41,-1,-1,7
44321981,47,21,-1,-1,0
44318359,45,57,-1,-1,1
44324034,23,37,-1,-1,5
44317346,8,19,-1,-1,5
44322126,51,4,-1,-1,2
44316304,10,16,-1,-1,4
44323695,27,22,-1,-1,2
44323710,19,15,-1,-1,7
44321627,15,37,-1,-1,3
44321151,28,0,-1,-1,5
44324609,10,0,-1,-1,6
44324466,25,47,-1,-1,3
44310467,36,3,-1,-1,7
44324752,24,10,-1,-1,4
44308832,3,4,-1,-1,6
44321881,32,33,-1,-1,7
44319455,51,38,-1,-1,4
44323420,22,21,-1,-1,1
44320018,27,38,-1,-1,5
44317723,26,57,-1,-1,3
44322530,21,47,-1,-1,3
44323471,12,30,-1,-1,2
44309989,6,21,-1,-1,0
44319051,38,39,-1,-1,5
44323135,50,54,-1,-1,7
44324046,27,51,-1,-1,5
44323584,27,0,-1,-1,2
44324106,12,11,-1,-1,6
44321968,15,0,-1,-1,2
44314534,31,37,-1,-1,1
44325002,6,48,-1,-1,5
44322720,23,44,-1,-1,4
44324706,4,34,-1,-1,1
44321497,42,42,-1,-1,7
44322670,11,24,-1,-1,4
44324321,52,13,-1,-1,1
44313743,56,2,-1,-1,1
44324714,0,28,-1,-1,4
44323812,55,1,-1,-1,2
44311208,33,7,-1,-1,1
44323502,39,0,-1,-1,3
44324098,49,39,-1,-1,7
44322472,47,36,-1,-1,0
44319303,31,41,-1,-1,5
44313028,7,31,-1,-1,6
44323244,46,1,-1,-1,6
44321189,51,50,-1,-1,6
44319262,16,3,-1,-1,7
44322818,46,57,-1,-1,5
44314597,36,34,-1,-1,3
44316601,37,56,-1,-1,1
44324937,49,32,-1,-1,3
44320736,53,37,-1,-1,3
44319981,10,5,-1,-1,1
44322104,58,48,-1,-1,5
44324135,13,11,-1,-1,6
44324914,47,28,-1,-1,5
44321550,19,3,-1,-1,1
44322131,4,29,-1,-1,0
44317233,42,1,-1,-1,5
44324118,33,3,-1,-1,5
44312445,49,41,-1,-1,7
44320793,19,30,-1,-1,1
44312759,13,48,-1,-1,6
44319860,1,56,-1,-1,5
44316482,3,35,-1,-1,7
44323967,55,45,-1,-1,5
44322970,41,46,-1,-1,1
44312224,9,10,-1,-1,2
44318386,16,9,-1,-1,7
44323491,29,33,-1,-1,5
44321591,15,22,-1,-1,0
44324923,43,23,-1,-1,5
44324544,12,35,-1,-1,5
44324877,22,40,-1,-1,7
44319793,53,44,-1,-1,4
44323060,20,30,-1,-1,7
44324325,26,22,-1,-1,1
44323843,1,45,-1,-1,7
44321706,1,17,-1,-1,4
44324044,32,15,-1,-1,1
44322953,18,50,-1,-1,6
44320970,52,36,-1,-1,6
44317779,7,54,-1,-1,2
44319423,21,25,-1,-1,0
44323970,47,48,-1,-1,0
44324651,35,2,-1,-1,5
44322971,36,42,-1,-1,0
44323503,19,31,-1,-1,0
44323906,31,9,-1,-1,6
44318427,30,21,-1,-1,5
44320868,10,50,-1,-1,0
44324056,5,43,-1,-1,7
44305299,52,20,-1,-1,7
44324099,25,57,-1,-1,4
44321619,48,33,-1,-1,6
44324425,45,29,-1,-1,4
44322025,0,30,-1,-1,1
44324626,26,34,-1,-1,4
44324883,25,9,-1,-1,4
44315025,19,18,-1,-1,3
44320329,21,7,-1,-1,6
44322270,22,52,-1,-1,3
44320239,30,29,-1,-1,0
44321230,42,8,-1,-1,2
44315225,0,36,-1,-1,0
44321367,42,54,-1,-1,6
44322484,21,51,-1,-1,2
44324334,41,9,-1,-1,1
44320536,16,56,-1,-1,7
44324947,24,30,-1,-1,3
44323702,56,56,-1,-1,1
44323598,22,38,-1,-1,0
44322115,1,37,-1,-1,3
44314808,9,58,-1,-1,2
44323810,10,31,-1,-1,3
44324045,31,13,-1,-1,7
44316750,44,3,-1,-1,6
44319677,14,53,-1,-1,7
44317689,37,29,-1,-1,0
44322975,54,37,-1,-1,4
44323032,2,18,-1,-1,0
44319074,45,7,-1,-1,1
44323956,28,49,-1,-1,3
44324656,25,58,-1,-1,2
44324809,29,5,-1,-1,5
44312236,20,6,-1,-1,4
44323813,12,20,-1,-1,6
44318274,23,40,-1,-1,6
44314304,32,56,-1,-1,1
44323507,10,15,-1,-1,4
44318735,13,26,-1,-1,4
44321998,0,45,-1,-1,4
44319668,18,44,-1,-1,0
44323580,24,49,-1,-1,7
44322856,12,36,-1,-1,3
44323440,56,27,-1,-1,5
44316107,41,24,-1,-1,5
44324612,26,23,-1,-1,2
44322242,24,45,-1,-1,5
44320486,23,14,-1,-1,5
44318660,42,7,-1,-1,5
44323540,41,48,-1,-1,7
44323149,10,9,-1,-1,6
44316770,36,50,-1,-1,6
44324934,57,37,-1,-1,7
44320574,1,40,-1,-1,6
44323897,45,21,-1,-1,1
44323384,9,49,-1,-1,7
44321146,50,5,-1,-1,7
44322516,5,49,-1,-1,2
44321513,5,55,-1,-1,0
44321031,3,17,-1,-1,2
44324599,40,34,-1,-1,7
44323335,13,49,-1,-1,6
44318550,46,45,-1,-1,4
44322572,46,29,-1,-1,1
44324887,40,42,-1,-1,0
44322788,28,46,-1,-1,7
44313838,33,15,-1,-1,2
44324983,15,28,-1,-1,3
44322416,42,11,-1,-1,7
44324070,11,5,-1,-1,5
44324575,55,25,-1,-1,0
44324462,45,2,-1,-1,4
44320828,24,35,-1,-1,0
44323239,46,56,-1,-1,3
44324146,19,48,-1,-1,3
44324467,44,2,-1,-1,5
44323269,28,45,-1,-1,7
44316610,36,2,-1,-1,0
44322941,49,43,-1,-1,6
44314824,12,7,-1,-1,0
44321717,21,13,-1,-1,7
44323571,10,1,-1,-1,0
44324141,1,14,-1,-1,4
44324431,40,28,-1,-1,3
44323365,0,4,-1,-1,4
44320119,41,45,-1,-1,7
44324859,9,42,-1,-1,0
44324075,48,50,-1,-1,3
44320001,44,50,-1,-1,5
44313809,15,13,-1,-1,7
44317722,17,28,-1,-1,2
44322926,48,57,-1,-1,0
44324751,43,24,-1,-1,7
44322553,39,19,-1,-1,1
44320357,18,9,-1,-1,1
44318518,17,52,-1,-1,4
44324479,36,54,-1,-1,4
44314834,7,10,-1,-1,7
44322541,0,32,-1,-1,1
44323883,41,37,-1,-1,7
44314479,58,51,-1,-1,0
44324635,40,11,-1,-1,3
44323521,42,23,-1,-1,4
44322786,12,44,-1,-1,3
44317727,45,1,-1,-1,3
44324309,18,47,-1,-1,6
44320678,29,27,-1,-1,5
44321283,50,47,-1,-1,2
44324032,1,53,-1,-1,1
44316104,30,30,-1,-1,3
44323565,46,13,-1,-1,4
44324957,24,23,-1,-1,7
44323637,46,30,-1,-1,0
44324074,31,52,-1,-1,5
44323374,3,41,-1,-1,2
44322251,25,4,-1,-1,2
44324470,42,35,-1,-1,6
44316853,21,46,-1,-1,6
44316483,45,33,-1,-1,0
44323835,36,36,-1,-1,4
44320894,10,21,-1,-1,3
44318820,6,32,-1,-1,0
44320449,13,52,-1,-1,7
44324076,8,25,-1,-1,4
44322224,6,12,-1,-1,7
44319902,14,39,-1,-1,7
44321744,47,49,-1,-1,5
44324926,36,19,-1,-1,6
44324398,2,30,-1,-1,2
44324310,4,35,-1,-1,4
44324533,36,39,-1,-1,1
44323595,4,22,-1,-1,7
44318155,57,1,-1,-1,0
44320107,16,29,-1,-1,1
44322770,12,48,-1,-1,0
44312597,51,20,-1,-1,7
44324517,26,55,-1,-1,6
44324801,13,23,-1,-1,5
44323582,58,47,-1,-1,5
44322353,35,35,-1,-1,5
44324718,41,25,-1,-1,7
44309248,16,35,-1,-1,5
44324569,37,7,-1,-1,4
44320451,40,2,-1,-1,4
44323477,51,13,-1,-1,6
44323549,16,31,-1,-1,7
44315693,34,46,-1,-1,0
44324719,18,23,-1,-1,7
44323765,27,30,-1,-1,7
44324764,42,37,-1,-1,7
44312060,9,54,-1,-1,6
44314557,52,52,-1,-1,5
44319912,7,39,-1,-1,2
44320661,53,36,-1,-1,4
44321518,37,10,-1,-1,1
44321515,47,9,-1,-1,4
44323336,44,25,-1,-1,6
44324760,54,34,-1,-1,6
44324629,8,30,-1,-1,3
44313272,16,6,-1,-1,6
44316041,43,2,-1,-1,7
44322062,4,37,-1,-1,7
44324495,15,9,-1,-1,3
44323982,53,38,-1,-1,4
44324317,26,20,-1,-1,2
44324294,25,19,-1,-1,5
44320656,50,55,-1,-1,2
44322731,10,19,-1,-1,1
44318651,17,4,-1,-1,5
44323626,58,39,-1,-1,4
44324972,30,55,-1,-1,7
44320837,25,43,-1,-1,0
44324636,1,54,-1,-1,2
44323885,9,52,-1,-1,3
44321523,0,12,-1,-1,4
44324664,9,45,-1,-1,0
44324703,20,5,-1,-1,5
44324782,22,33,-1,-1,5
44319235,9,19,-1,-1,3
44322264,20,56,-1,-1,1
44318056,47,7,-1,-1,5
44319580,52,10,-1,-1,2
44324930,45,44,-1,-1,5
44324200,0,6,-1,-1,1
44324062,58,4,-1,-1,0
44324502,13,9,-1,-1,5
44322009,29,6,-1,-1,6
44323399,16,28,-1,-1,1
44312622,1,24,-1,-1,7
44322846,17,30,-1,-1,4
44320818,33,49,-1,-1,7
44321726,15,42,-1,-1,0
44320639,51,10,-1,-1,0
44323292,18,12,-1,-1,6
44324876,12,14,-1,-1,7
44324207,52,0,-1,-1,4
44317448,57,21,-1,-1,7
44323783,39,21,-1,-1,4
44320392,50,37,-1,-1,2
44322430,28,23,-1,-1,3
44324711,19,19,-1,-1,1
44324994,27,7,-1,-1,7
44322309,20,47,-1,-1,7
44318884,20,9,-1,-1,2
44319758,27,8,-1,-1,7
44324272,39,24,-1,-1,5
44323535,16,40,-1,-1,0
44320863,51,1,-1,-1,6
44304333,7,9,-1,-1,0
44322925,40,53,-1,-1,1
44321739,10,49,-1,-1,5
44322808,4,50,-1,-1,6
44320789,55,4,-1,-1,7
44324968,17,2,-1,-1,1
44323553,32,45,-1,-1,2
44324960,16,5,-1,-1,4
44322991,20,46,-1,-1,1
44323160,31,22,-1,-1,1
44320588,10,2,-1,-1,7
44316639,27,31,-1,-1,2
44323109,18,56,-1,-1,2
44317069,22,27,-1,-1,6
44320836,55,15,-1,-1,1
44319414,39,3,-1,-1,0
44324132,24,29,-1,-1,4
44316280,31,27,-1,-1,7
44318685,34,27,-1,-1,0
44322197,34,0,-1,-1,2
44314383,22,3,-1,-1,4
44323076,23,5,-1,-1,3
44317667,57,46,-1,-1,0
44317588,11,16,-1,-1,6
44318129,11,0,-1,-1,2
44324594,19,4,-1,-1,2
44315692,8,33,-1,-1,3
44320116,51,25,-1,-1,6
44323819,13,32,-1,-1,2
44323561,1,0,-1,-1,6
44323712,31,31,-1,-1,2
44323393,24,24,-1,-1,1
44324432,39,38,-1,-1,1
44324151,17,25,-1,-1,7
44322997,30,46,-1,-1,0
44323476,5,37,-1,-1,0
44318677,58,35,-1,-1,7
44314623,27,16,-1,-1,2
44321495,42,56,-1,-1,5
44321868,3,2,-1,-1,7
44323795,2,44,-1,-1,5
44321730,28,34,-1,-1,0
44324505,0,31,-1,-1,3
44322147,8,36,-1,-1,5
44323247,57,28,-1,-1,0
44323439,15,26,-1,-1,5
44323500,53,6,-1,-1,4
44314431,58,11,-1,-1,4
44323729,52,51,-1,-1,7
44323024,12,15,-1,-1,0
44323485,26,21,-1,-1,3
44320454,29,13,-1,-1,4
44324006,16,20,-1,-1,4
44324238,2,25,-1,-1,4
44324873,47,20,-1,-1,7
44323671,42,19,-1,-1,4
44320870,31,5,-1,-1,4
44323932,23,17,-1,-1,5
44321631,32,47,-1,-1,2
44312430,34,10,-1,-1,0
44324890,18,16,-1,-1,0
44324226,46,4,-1,-1,6
44324967,2,47,-1,-1,3
44322977,5,3,-1,-1,4
44319532,14,40,-1,-1,5
44322381,9,13,-1,-1,2
44320529,56,11,-1,-1,3
44320120,16,12,-1,-1,2
44318519,1,32,-1,-1,6
44322436,41,19,-1,-1,5
44322058,39,37,-1,-1,6
44322081,0,15,-1,-1,2
44320874,40,50,-1,-1,7
44323652,47,54,-1,-1,7
44322751,44,14,-1,-1,6
44322370,34,30,-1,-1,4
44323611,44,33,-1,-1,7
44324085,47,32,-1,-1,6
44323357,38,55,-1,-1,0
44315430,53,32,-1,-1,1
44323481,22,43,-1,-1,6
44322323,7,47,-1,-1,5
44317717,20,39,-1,-1,2
44308956,28,6,-1,-1,2
44323223,7,45,-1,-1,2
44321661,7,50,-1,-1,6
44319024,10,37,-1,-1,4
44315165,50,0,-1,-1,3
44321094,46,27,-1,-1,0
44323944,10,41,-1,-1,3
44324443,5,28,-1,-1,1
44324521,45,54,-1,-1,4
44322254,4,40,-1,-1,7
44324720,12,53,-1,-1,2
44324437,31,43,-1,-1,6
44319824,25,34,-1,-1,2
44322571,36,38,-1,-1,1
44321722,21,9,-1,-1,2
44323656,57,54,-1,-1,7
44323323,29,45,-1,-1,6
44323046,0,19,-1,-1,4
44323013,48,31,-1,-1,5
44324438,33,58,-1,-1,6
44322561,43,49,-1,-1,1
44316721,27,35,-1,-1,3
44321703,58,5,-1,-1,0
44322763,50,49,-1,-1,2
44324338,49,23,-1,-1,5
44323115,7,24,-1,-1,7
44324021,56,44,-1,-1,7
44318400,38,25,-1,-1,0
44321021,4,15,-1,-1,3
44324365,18,43,-1,-1,5
44321139,57,55,-1,-1,7
44320507,53,7,-1,-1,3
44322800,36,17,-1,-1,3
44322837,34,55,-1,-1,5
44314473,41,57,-1,-1,5
44324539,32,4,-1,-1,2
44318202,53,52,-1,-1,1
44315971,58,8,-1,-1,4
44323974,23,32,-1,-1,6
44315674,37,8,-1,-1,0
44324598,50,9,-1,-1,0
44323990,20,43,-1,-1,6
44322487,20,33,-1,-1,7
44324600,50,4,-1,-1,2
44323122,30,28,-1,-1,3
44322410,17,44,-1,-1,0
44319589,34,15,-1,-1,3
44309630,30,43,-1,-1,2
44320726,54,27,-1,-1,1
44324408,40,51,-1,-1,5
44318889,40,58,-1,-1,6
44324125,25,22,-1,-1,6
44324014,48,25,-1,-1,0
44319242,6,27,-1,-1,4
44307384,28,52,-1,-1,4
44324667,58,37,-1,-1,4
44322855,17,53,-1,-1,7
44324909,43,0,-1,-1,3
44324302,7,44,-1,-1,2
44324009,34,19,-1,-1,4
44321192,48,10,-1,-1,5
44320243,53,2,-1,-1,4
44318387,31,47,-1,-1,3
44322866,18,33,-1,-1,4
44320325,29,11,-1,-1,4
44323538,20,38,-1,-1,1
44324419,31,35,-1,-1,2
44324386,5,0,-1,-1,6
44320564,41,56,-1,-1,6
44320110,2,24,-1,-1,1
44324394,34,41,-1,-1,1
44317731,54,40,-1,-1,4
44318182,26,16,-1,-1,4
44320190,54,50,-1,-1,1
44322513,36,9,-1,-1,4
44321405,23,29,-1,-1,4
44314786,3,51,-1,-1,7
44323366,9,24,-1,-1,4
44322290,47,13,-1,-1,5
44324689,17,21,-1,-1,7
44321317,0,42,-1,-1,1
44319018,58,7,-1,-1,4
44320007,25,37,-1,-1,6
44321216,6,28,-1,-1,6
44323754,19,10,-1,-1,5
44321961,21,37,-1,-1,2
44321847,7,28,-1,-1,4
44324695,18,28,-1,-1,6
44324525,43,6,-1,-1,5
44324527,34,14,-1,-1,4
44323082,31,28,-1,-1,6
44323763,56,31,-1,-1,1
44322624,54,45,-1,-1,2
44312082,33,2,-1,-1,4
44324775,4,27,-1,-1,5
44320447,49,28,-1,-1,5
44323026,13,50,-1,-1,3
44314540,58,13,-1,-1,6
44320912,52,42,-1,-1,3
44321687,3,12,-1,-1,0
44321362,8,39,-1,-1,1
44323506,7,56,-1,-1,3
44324191,23,49,-1,-1,7
44319818,44,9,-1,-1,5
44323457,49,29,-1,-1,2
44323213,28,28,-1,-1,7
44324610,46,17,-1,-1,5
44324373,48,2,-1,-1,6
44318898,18,5,-1,-1,0
44320494,29,10,-1,-1,3
44322134,25,53,-1,-1,1
44322219,54,11,-1,-1,7
44324723,35,39,-1,-1,3
44324740,18,49,-1,-1,6
44324885,50,30,-1,-1,1
44324961,52,22,-1,-1,2
44323559,24,55,-1,-1,1
44322769,26,26,-1,-1,0
44320082,7,58,-1,-1,6
44322773,21,38,-1,-1,4
44324171,35,15,-1,-1,2
44323898,53,43,-1,-1,4
44322603,48,24,-1,-1,4
44324700,53,20,-1,-1,5
44321451,26,45,-1,-1,2
44323114,39,54,-1,-1,2
44323188,58,6,-1,-1,4
44318465,33,54,-1,-1,6
44322307,14,46,-1,-1,6
44322287,2,35,-1,-1,5
44318072,17,26,-1,-1,3
44323662,23,33,-1,-1,6
44324451,17,0,-1,-1,5
44324986,28,54,-1,-1,0
44324697,8,28,-1,-1,4
44324666,0,38,-1,-1,3
44321946,2,39,-1,-1,4
44324352,37,20,-1,-1,3
44324747,19,36,-1,-1,4
44321817,7,26,-1,-1,7
44317922,15,24,-1,-1,4
44324891,26,52,-1,-1,3
44323610,22,57,-1,-1,3
44311832,20,50,-1,-1,6
44323743,20,27,-1,-1,7
44323152,26,18,-1,-1,7
44323403,7,18,-1,-1,3
44319774,18,30,-1,-1,4
44324030,33,10,-1,-1,3
44309864,19,51,-1,-1,7
44320833,54,47,-1,-1,3
44323874,27,13,-1,-1,0
44320972,57,10,-1,-1,3
44324669,9,12,-1,-1,2
44323859,54,8,-1,-1,0
44323560,40,24,-1,-1,2
44323340,25,26,-1,-1,3
44324073,14,43,-1,-1,4
44323304,47,52,-1,-1,0
44323639,13,19,-1,-1,6
44323539,14,20,-1,-1,0
44314090,48,9,-1,-1,4
44323943,47,26,-1,-1,4
44321203,20,40,-1,-1,4
44323654,26,39,-1,-1,1
44320669,51,17,-1,-1,0
44324566,47,27,-1,-1,7
44324831,2,13,-1,-1,7
44323699,40,29,-1,-1,4
44322993,2,21,-1,-1,5
44324950,5,27,-1,-1,5
44324096,35,37,-1,-1,3
44323845,50,34,-1,-1,6
44316073,56,9,-1,-1,3
44314011,30,5,-1,-1,7
44320682,41,6,-1,-1,1
44324142,30,26,-1,-1,1
44324269,45,8,-1,-1,0
44320402,10,7,-1,-1,5
44322803,19,58,-1,-1,7
44324296,49,9,-1,-1,4
44321038,37,55,-1,-1,0
44324571,8,6,-1,-1,0
44318992,17,10,-1,-1,3
44322164,15,29,-1,-1,5
44324285,36,11,-1,-1,5
44301093,58,2,-1,-1,5
44320412,11,35,-1,-1,7
44321843,56,10,-1,-1,6
44324214,13,30,-1,-1,2
44323102,31,8,-1,-1,7
44324770,1,42,-1,-1,5
44324071,35,13,-1,-1,4
44316142,22,10,-1,-1,3
44323849,29,35,-1,-1,5
44319446,31,26,-1,-1,5
44318112,43,48,-1,-1,4
44317264,5,12,-1,-1,6
44317243,49,22,-1,-1,4
44323123,25,46,-1,-1,3
44320927,21,24,-1,-1,1
44324080,48,7,-1,-1,7
44315289,39,7,-1,-1,4
44324522,19,50,-1,-1,0
44322140,17,58,-1,-1,6
44323642,1,51,-1,-1,0
44321973,2,16,-1,-1,0
44323222,5,15,-1,-1,4
44322883,35,56,-1,-1,0
44322181,25,27,-1,-1,4
44324955,57,57,-1,-1,3
44319355,35,38,-1,-1,5
44324853,15,5,-1,-1,6
44324780,47,5,-1,-1,0
44318437,31,1,-1,-1,3
44323939,42,34,-1,-1,7
44323742,24,17,-1,-1,5
44324839,15,18,-1,-1,0
44323418,10,24,-1,-1,1
44319863,50,27,-1,-1,3
44324203,28,9,-1,-1,4
44323425,40,5,-1,-1,5
44322678,24,48,-1,-1,2
44323657,9,16,-1,-1,0
44323023,6,42,-1,-1,4
44321430,26,10,-1,-1,7
44322508,18,1,-1,-1,5
44322318,12,22,-1,-1,2
44310650,35,49,-1,-1,6
44321437,36,27,-1,-1,3
44317393,21,31,-1,-1,7
44323612,28,15,-1,-1,0
44324019,23,56,-1,-1,3
44318097,40,31,-1,-1,1
44324863,15,54,-1,-1,5
44322734,47,30,-1,-1,0
44320930,25,30,-1,-1,3
44320287,3,8,-1,-1,3
44323153,19,27,-1,-1,5
44324089,49,25,-1,-1,0
44322834,36,43,-1,-1,6
44320168,48,23,-1,-1,5
44319732,51,3,-1,-1,3
44322461,32,37,-1,-1,1
44324919,24,8,-1,-1,2
44324895,30,7,-1,-1,2
44323937,44,29,-1,-1,6
44324643,49,15,-1,-1,7
44318440,10,29,-1,-1,4
44324618,22,8,-1,-1,3
44324987,32,42,-1,-1,4
44321448,6,1,-1,-1,4
44315681,9,27,-1,-1,4
44320931,5,36,-1,-1,5
44316953,19,0,-1,-1,6
44320913,4,53,-1,-1,6
44312897,46,20,-1,-1,7
44318762,22,13,-1,-1,2
44323996,8,4,-1,-1,6
44324783,33,41,-1,-1,4
44318897,2,20,-1,-1,5
44315698,6,7,-1,-1,2
44324881,22,11,-1,-1,4
44315061,10,6,-1,-1,1
44323088,52,35,-1,-1,3
44321683,0,2,-1,-1,2
44318159,36,53,-1,-1,2
44319767,23,43,-1,-1,6
44324878,6,39,-1,-1,2
44323458,31,46,-1,-1,1
44320851,58,44,-1,-1,7
44321508,42,49,-1,-1,2
44322754,50,36,-1,-1,1
44322758,36,45,-1,-1,7
44321602,40,48,-1,-1,3
44318831,58,22,-1,-1,5
44324776,38,9,-1,-1,1
44324177,23,52,-1,-1,6
44319092,47,56,-1,-1,0
44324091,24,4,-1,-1,6
44313224,1,13,-1,-1,5
44321708,0,48,-1,-1,4
44324995,49,56,-1,-1,3
44324519,21,17,-1,-1,6
44319097,54,7,-1,-1,0
44321716,54,36,-1,-1,3
44324630,56,58,-1,-1,6
44324391,24,53,-1,-1,5
44324772,44,20,-1,-1,1
44319582,38,14,-1,-1,5
44319543,9,36,-1,-1,0
44322280,30,52,-1,-1,1
44317595,53,58,-1,-1,2
44324497,37,48,-1,-1,7
44323303,44,23,-1,-1,7
44324991,8,35,-1,-1,0
44323744,43,9,-1,-1,1
44321214,55,23,-1,-1,4
44323881,24,52,-1,-1,3
44322865,7,53,-1,-1,4
44322036,9,31,-1,-1,5
44322263,58,26,-1,-1,7
44322061,16,33,-1,-1,7
44307348,21,54,-1,-1,7
44319034,41,39,-1,-1,5
44323737,24,15,-1,-1,1
44320731,15,27,-1,-1,2
44321253,27,21,-1,-1,0
44322327,40,13,-1,-1,5
44323427,17,55,-1,-1,1
44317805,54,4,-1,-1,7
44322759,21,20,-1,-1,2
44322476,14,44,-1,-1,0
44323368,14,12,-1,-1,1
44323799,57,49,-1,-1,3
44320683,9,18,-1,-1,7
44324474,22,24,-1,-1,1
44323978,36,31,-1,-1,7
44322839,31,6,-1,-1,1
44307253,25,48,-1,-1,3
44323258,13,46,-1,-1,6
44324489,5,32,-1,-1,4
44323666,35,4,-1,-1,4
44324874,18,17,-1,-1,0
44324596,24,1,-1,-1,0
44324371,58,31,-1,-1,4
44322842,49,27,-1,-1,6
44320517,24,27,-1,-1,6
44315894,55,55,-1,-1,0
44321024,57,9,-1,-1,5
44322281,23,12,-1,-1,3
44324586,42,45,-1,-1,0
44324157,13,17,-1,-1,4
44324268,22,35,-1,-1,3
44322819,54,28,-1,-1,5
44323110,49,38,-1,-1,3
44324011,36,23,-1,-1,2
44323470,31,58,-1,-1,6
44324570,2,55,-1,-1,2
44322339,16,17,-1,-1,1
44324765,33,21,-1,-1,5
44323882,28,4,-1,-1,0
44323208,18,52,-1,-1,1
44323453,54,14,-1,-1,1
44323003,51,42,-1,-1,3
44320975,56,4,-1,-1,4
44322449,49,18,-1,-1,6
44324574,39,17,-1,-1,6
44324854,46,46,-1,-1,2
44314285,39,48,-1,-1,3
44323543,22,22,-1,-1,5
44324245,55,26,-1,-1,7
44323803,7,29,-1,-1,4
44322581,9,26,-1,-1,5
44324781,30,2,-1,-1,4
44324358,41,7,-1,-1,4
44323756,20,51,-1,-1,7
44320984,31,49,-1,-1,6
44322037,52,18,-1,-1,1
44324026,16,4,-1,-1,5
44317547,54,0,-1,-1,4
44321675,56,36,-1,-1,0
44320124,43,43,-1,-1,5
44318104,12,33,-1,-1,1
44323919,9,25,-1,-1,7
44321282,4,54,-1,-1,3
44323478,10,36,-1,-1,3
44321863,25,28,-1,-1,4
44320688,14,51,-1,-1,3
44319827,29,3,-1,-1,2
44324564,0,18,-1,-1,2
44310342,58,50,-1,-1,4
44324163,53,21,-1,-1,3
44321980,25,20,-1,-1,5
44319076,35,14,-1,-1,0
44324896,46,19,-1,-1,0
44322019,41,50,-1,-1,0
44320941,33,45,-1,-1,5
44321005,5,10,-1,-1,5
44318932,35,55,-1,-1,0
44324271,41,43,-1,-1,3
44324935,41,18,-1,-1,6
44324924,45,30,-1,-1,5
44324708,1,49,-1,-1,6
44323112,15,48,-1,-1,4
44318768,5,30,-1,-1,1
44324189,55,42,-1,-1,2
44321969,58,20,-1,-1,4
44322974,26,42,-1,-1,0
44313669,42,4,-1,-1,1
44323608,41,1,-1,-1,0
44318573,48,34,-1,-1,4
44313858,29,32,-1,-1,1
44322284,21,18,-1,-1,4
44321991,10,48,-1,-1,6
44320880,4,43,-1,-1,0
44321527,37,16,-1,-1,6
44324412,54,9,-1,-1,5
44323345,39,10,-1,-1,5
44320813,39,56,-1,-1,3
44322650,21,55,-1,-1,7
44324196,50,41,-1,-1,5
44323787,43,15,-1,-1,6
44318824,21,14,-1,-1,6
44317936,56,39,-1,-1,5
44320343,49,36,-1,-1,6
44322044,9,33,-1,-1,5
44322347,11,20,-1,-1,1
44322160,10,20,-1,-1,7
44322799,13,18,-1,-1,6
44317187,52,6,-1,-1,6
44324022,34,31,-1,-1,0
44320622,39,15,-1,-1,7
44323720,4,16,-1,-1,5
44320474,10,26,-1,-1,1
44324546,43,54,-1,-1,5
44318955,42,6,-1,-1,7
44320202,52,14,-1,-1,1
44323378,1,48,-1,-1,0
44324031,4,6,-1,-1,1
44323195,31,54,-1,-1,0
44321285,49,10,-1,-1,1
44314055,20,54,-1,-1,6
44321891,35,40,-1,-1,5
44324050,2,6,-1,-1,5
44324498,9,4,-1,-1,7
44318643,31,15,-1,-1,7
44320035,54,29,-1,-1,2
44315305,34,6,-1,-1,3
44322138,54,43,-1,-1,5
44321791,57,23,-1,-1,2
44322687,28,53,-1,-1,6
44324311,22,15,-1,-1,1
44322967,26,35,-1,-1,1
44321009,30,36,-1,-1,2
44322167,9,15,-1,-1,1
44322964,47,55,-1,-1,2
44324389,10,3,-1,-1,5
44309920,0,14,-1,-1,4
44323268,44,53,-1,-1,0
44315395,14,33,-1,-1,3
44323721,15,3,-1,-1,0
44321929,9,9,-1,-1,3
44319365,32,26,-1,-1,4
44319956,58,17,-1,-1,0
44317918,24,36,-1,-1,2
44324326,1,15,-1,-1,6
44320386,11,17,-1,-1,7
44318026,32,5,-1,-1,1
44318841,16,34,-1,-1,3
44323782,40,26,-1,-1,5
44318385,23,48,-1,-1,7
44322628,37,45,-1,-1,0
44322500,48,26,-1,-1,3
44324364,26,1,-1,-1,6
44324581,9,43,-1,-1,6
44319272,20,52,-1,-1,2
44317477,53,22,-1,-1,5
44323677,3,53,-1,-1,0
44305940,53,0,-1,-1,2
44320942,31,21,-1,-1,7
44323050,6,34,-1,-1,3
44324249,33,55,-1,-1,1
44324616,58,24,-1,-1,7
44323421,40,52,-1,-1,6
44324306,34,56,-1,-1,4
44324933,1,16,-1,-1,4
44318706,27,37,-1,-1,2
44320845,22,19,-1,-1,6
44320647,42,15,-1,-1,4
44317766,10,34,-1,-1,7
44321888,16,19,-1,-1,0
44322793,47,17,-1,-1,1
44315293,37,26,-1,-1,2
44321049,21,44,-1,-1,5
44324977,49,40,-1,-1,6
44317630,4,9,-1,-1,1
44320356,1,22,-1,-1,1
44323670,43,31,-1,-1,6
44322180,48,30,-1,-1,2
44322906,21,21,-1,-1,3
44321040,43,25,-1,-1,5
44323945,11,38,-1,-1,3
44324097,9,40,-1,-1,7
44323388,26,28,-1,-1,6
44323855,23,31,-1,-1,7
44312908,18,10,-1,-1,2
44324520,8,31,-1,-1,4
44323585,19,53,-1,-1,2
44322172,54,49,-1,-1,7
44324218,50,22,-1,-1,1
44321410,12,50,-1,-1,7
44324793,47,22,-1,-1,5
44315425,22,28,-1,-1,3
44315841,6,54,-1,-1,5
44317051,58,3,-1,-1,7
44320403,43,22,-1,-1,5
44323593,22,45,-1,-1,0
44323981,37,44,-1,-1,4
44324414,36,25,-1,-1,0
44324469,35,42,-1,-1,0
44311700,6,37,-1,-1,4
44324851,37,38,-1,-1,4
44323877,18,31,-1,-1,0
44324090,35,43,-1,-1,6
44312251,2,56,-1,-1,0
44324013,23,39,-1,-1,2
44324918,56,5,-1,-1,2
44316095,46,52,-1,-1,6
44322217,13,21,-1,-1,0
44323986,23,25,-1,-1,7
44317155,53,46,-1,-1,6
44317590,15,45,-1,-1,2
44322471,34,51,-1,-1,1
44319778,58,40,-1,-1,7
44324899,46,28,-1,-1,2
44317622,9,8,-1,-1,0
44323496,53,45,-1,-1,7
44323265,51,48,-1,-1,3
44320245,16,37,-1,-1,3
44322798,57,33,-1,-1,3
44324592,50,11,-1,-1,2
44322757,53,40,-1,-1,6
44322008,22,32,-1,-1,2
44323619,45,12,-1,-1,0
44324925,17,12,-1,-1,2
44321737,16,39,-1,-1,4
44308701,48,1,-1,-1,7
44321673,3,47,-1,-1,0
44318416,49,55,-1,-1,1
44324670,19,17,-1,-1,4
44318327,52,19,-1,-1,1
44320667,16,44,-1,-1,0
44322655,44,34,-1,-1,5
44323467,24,7,-1,-1,2
44324485,38,30,-1,-1,0
44321498,6,0,-1,-1,3
44318139,4,44,-1,-1,4
44324655,19,1,-1,-1,0
44324516,39,41,-1,-1,5
44324705,44,54,-1,-1,4
44322182,26,8,-1,-1,0
44323617,42,46,-1,-1,5
44324266,17,40,-1,-1,4
44324966,51,34,-1,-1,0
44321733,14,6,-1,-1,3
44324036,37,21,-1,-1,3
44324821,3,34,-1,-1,6
44322259,35,18,-1,-1,2
44324004,51,46,-1,-1,4
44321135,11,30,-1,-1,0
44324524,30,4,-1,-1,5
44317488,43,55,-1,-1,2
44320628,34,25,-1,-1,1
44323029,21,28,-1,-1,1
44324912,39,30,-1,-1,2
44323379,20,49,-1,-1,3
44323929,23,55,-1,-1,1
44319819,14,21,-1,-1,2
44320360,53,28,-1,-1,1
44314364,1,58,-1,-1,6
44324715,19,33,-1,-1,0
44319631,34,20,-1,-1,3
44318560,32,9,-1,-1,4
44323043,27,41,-1,-1,0
44319934,23,38,-1,-1,7
44317252,29,41,-1,-1,3
44324421,30,44,-1,-1,1
44323415,31,2,-1,-1,3
44324645,57,16,-1,-1,3
44323728,14,29,-1,-1,3
44318778,7,40,-1,-1,2
44324170,20,48,-1,-1,0
44324849,54,17,-1,-1,4
44322617,9,20,-1,-1,1
44320623,30,18,-1,-1,1
44322477,29,24,-1,-1,5
44324617,5,1,-1,-1,1
44323770,17,16,-1,-1,5
44324033,35,36,-1,-1,5
44324293,37,41,-1,-1,2
44319924,54,16,-1,-1,1
44323570,39,58,-1,-1,1
44322841,48,15,-1,-1,0
44322902,43,44,-1,-1,7
44322845,46,26,-1,-1,6
44320624,28,48,-1,-1,2
44324897,29,48,-1,-1,3
44318471,1,29,-1,-1,0
44323248,31,17,-1,-1,2
44324734,46,34,-1,-1,6
44318355,16,22,-1,-1,6
44324553,31,18,-1,-1,5
44309737,26,33,-1,-1,5
44322453,44,0,-1,-1,5
44324506,2,3,-1,-1,6
44324397,43,17,-1,-1,3
44324644,7,27,-1,-1,5
44318946,49,51,-1,-1,0
44322863,56,28,-1,-1,6
44322521,2,15,-1,-1,5
44323719,11,51,-1,-1,6
44308853,9,28,-1,-1,2
44321423,27,44,-1,-1,2
44318664,26,17,-1,-1,4
44323870,2,4,-1,-1,6
44323632,5,53,-1,-1,2
44320640,8,49,-1,-1,2
44322355,36,35,-1,-1,3
44324330,21,23,-1,-1,5
44323623,7,16,-1,-1,3
44316708,31,36,-1,-1,5
44320400,15,57,-1,-1,4
44320523,4,41,-1,-1,4
44318695,8,38,-1,-1,7
44323808,54,31,-1,-1,0
44320104,12,52,-1,-1,5
44324662,38,19,-1,-1,7
44323638,48,17,-1,-1,6
44324988,56,51,-1,-1,5
44321305,1,34,-1,-1,5
44324528,37,32,-1,-1,3
44324411,41,32,-1,-1,6
44311810,58,14,-1,-1,0
44322047,22,16,-1,-1,0
44322683,30,14,-1,-1,7
44321586,47,43,-1,-1,7
44322469,14,50,-1,-1,6
44320876,29,29,-1,-1,5
44323628,27,34,-1,-1,1
44324657,24,16,-1,-1,2
44323581,43,20,-1,-1,7
44323663,34,13,-1,-1,6
44323751,40,35,-1,-1,1
44324478,22,46,-1,-1,5
44324928,52,57,-1,-1,3
44323209,35,48,-1,-1,0
44318916,28,47,-1,-1,4
44323234,56,29,-1,-1,6
44324938,42,31,-1,-1,2
44321184,12,40,-1,-1,6
44320501,30,42,-1,-1,6
44321999,44,18,-1,-1,6
44324792,11,8,-1,-1,7
44312657,54,21,-1,-1,6
44311026,56,43,-1,-1,1
44321954,52,28,-1,-1,6
44323552,5,16,-1,-1,7
44322940,44,38,-1,-1,5
44324615,3,36,-1,-1,0
44320498,33,57,-1,-1,0
44323838,57,24,-1,-1,7
44322828,34,57,-1,-1,6
44324982,47,35,-1,-1,4
44322756,28,11,-1,-1,1
44314041,32,39,-1,-1,1
44324028,55,43,-1,-1,7
44324608,45,48,-1,-1,6
44324078,37,0,-1,-1,5
44320188,49,54,-1,-1,3
44324875,50,12,-1,-1,5
44324964,15,55,-1,-1,1
44316638,8,32,-1,-1,5
44324704,20,23,-1,-1,7
44318648,44,52,-1,-1,5
44322783,52,26,-1,-1,6
44321750,26,54,-1,-1,6
44324815,40,22,-1,-1,7
44323844,51,57,-1,-1,1
44311967,29,58,-1,-1,1
44314822,13,6,-1,-1,5
44318807,4,39,-1,-1,5
44319796,51,21,-1,-1,5
44323976,54,1,-1,-1,7
44322705,44,22,-1,-1,3
44310792,5,44,-1,-1,7
44324931,27,3,-1,-1,4
44323067,57,18,-1,-1,0
44322961,17,20,-1,-1,6
44315150,47,38,-1,-1,6
44319547,39,16,-1,-1,6
44323275,39,47,-1,-1,1
44320602,12,45,-1,-1,0
44316911,2,54,-1,-1,3
44321440,33,24,-1,-1,4
44323823,9,35,-1,-1,6
44324927,30,40,-1,-1,7
44317833,40,55,-1,-1,6
44323407,20,16,-1,-1,7
44320545,22,48,-1,-1,0
44310709,55,0,-1,-1,3
44320708,27,15,-1,-1,2
44316618,48,45,-1,-1,3
44318796,53,53,-1,-1,4
44324199,0,17,-1,-1,4
44322785,6,23,-1,-1,1
44323327,50,23,-1,-1,6
44324842,47,45,-1,-1,0
44322033,19,54,-1,-1,3
44321131,38,28,-1,-1,2
44322046,26,53,-1,-1,7
44324154,32,27,-1,-1,4
44323594,50,45,-1,-1,1
44321114,46,53,-1,-1,1
44324400,29,55,-1,-1,7
44324257,37,25,-1,-1,0
44323936,16,57,-1,-1,4
44317879,4,8,-1,-1,5
44324547,54,15,-1,-1,3
44319915,1,21,-1,-1,6
44323588,45,9,-1,-1,4
44318422,44,44,-1,-1,1
44321265,50,32,-1,-1,1
44324088,51,23,-1,-1,5
44323574,21,3,-1,-1,2
44317418,1,3,-1,-1,2
44324133,1,27,-1,-1,5
44322275,48,32,-1,-1,3
44316474,7,0,-1,-1,6
44324426,39,36,-1,-1,0
44324915,13,25,-1,-1,3
44319371,42,58,-1,-1,6
44324494,37,6,-1,-1,3
44317383,19,32,-1,-1,7
44323749,57,51,-1,-1,5
44323305,8,22,-1,-1,5
44323434,36,57,-1,-1,2
44323696,31,57,-1,-1,5
44323235,22,34,-1,-1,5
44322479,29,14,-1,-1,2
44323750,13,35,-1,-1,2
44324834,21,41,-1,-1,1
44324969,11,25,-1,-1,0
44324844,20,17,-1,-1,3
44322428,32,34,-1,-1,1
44316175,47,19,-1,-1,7
44321801,56,12,-1,-1,1
44319339,10,8,-1,-1,3
44313369,58,45,-1,-1,0
44323596,22,39,-1,-1,1
44315317,55,8,-1,-1,6
44324907,53,51,-1,-1,4
44319434,55,9,-1,-1,2
44321467,34,37,-1,-1,5
44323555,15,40,-1,-1,7
44318520,36,6,-1,-1,1
44324819,8,18,-1,-1,1
44319246,49,37,-1,-1,6
44322589,1,20,-1,-1,5
44324767,40,27,-1,-1,3
44319983,18,46,-1,-1,0
44324023,38,8,-1,-1,0
44322190,18,27,-1,-1,2
44305911,49,5,-1,-1,0
44319619,17,51,-1,-1,2
44321642,16,49,-1,-1,2
44318590,28,19,-1,-1,7
44324812,31,44,-1,-1,1
44322843,30,49,-1,-1,1
44321894,42,21,-1,-1,3
44321381,30,50,-1,-1,6
44315997,28,41,-1,-1,4
44320902,52,49,-1,-1,0
44321637,2,50,-1,-1,0
44321724,55,34,-1,-1,7
44323700,11,7,-1,-1,1
44324117,51,14,-1,-1,5
44321066,26,47,-1,-1,5
44316649,46,3,-1,-1,6
44323586,15,16,-1,-1,4
44317120,35,22,-1,-1,5
44324267,57,13,-1,-1,7
44319565,51,8,-1,-1,7
44322900,35,33,-1,-1,2
44323221,23,30,-1,-1,0
44322117,11,13,-1,-1,6
44323156,17,54,-1,-1,6
44324613,45,36,-1,-1,5
44324149,53,48,-1,-1,3
44321422,33,4,-1,-1,1
44324350,24,56,-1,-1,2
44322108,40,9,-1,-1,2
44321808,26,37,-1,-1,6
44323172,39,46,-1,-1,5
44321897,24,58,-1,-1,1
44324284,58,12,-1,-1,6
44324646,8,56,-1,-1,1
44313092,50,50,-1,-1,4
44324255,23,28,-1,-1,1
44315962,30,10,-1,-1,5
44320960,45,58,-1,-1,2
44324298,45,42,-1,-1,4
44324913,27,45,-1,-1,3
44309577,1,10,-1,-1,0
44323171,33,38,-1,-1,0
44305069,3,22,-1,-1,1
44321121,28,32,-1,-1,6
44321783,22,31,-1,-1,4
44324864,55,58,-1,-1,0
44318574,31,4,-1,-1,2
44316870,4,32,-1,-1,4
44324041,31,45,-1,-1,7
44324936,3,40,-1,-1,6
44320348,19,37,-1,-1,5
44324762,33,6,-1,-1,0
44320804,29,18,-1,-1,5
44321859,36,32,-1,-1,0
44323804,25,36,-1,-1,5
44324661,13,14,-1,-1,5
44321199,28,40,-1,-1,3
44315944,9,2,-1,-1,0
44322111,57,41,-1,-1,0
44322080,56,16,-1,-1,6
44322314,45,26,-1,-1,6
44320241,55,27,-1,-1,3
44323510,21,33,-1,-1,5
44323518,28,31,-1,-1,1
44320645,1,50,-1,-1,1
44318059,12,4,-1,-1,0
44323191,30,38,-1,-1,4
44318605,1,46,-1,-1,6
44323572,39,55,-1,-1,4
44324943,29,22,-1,-1,7
44322220,22,36,-1,-1,3
44323589,44,13,-1,-1,2
44324768,55,33,-1,-1,6
44323211,47,10,-1,-1,6
44324804,16,58,-1,-1,7
44323183,18,39,-1,-1,2
44321781,8,24,-1,-1,0
44322620,34,35,-1,-1,3
44321501,2,26,-1,-1,2
44324979,53,39,-1,-1,4
44324109,10,56,-1,-1,2
44322695,56,33,-1,-1,6
44317132,42,3,-1,-1,3
44324511,3,56,-1,-1,4
44322644,43,18,-1,-1,7
44324743,14,1,-1,-1,0
44323792,33,56,-1,-1,5
44321892,49,6,-1,-1,3
44321660,40,10,-1,-1,7
44323888,28,2,-1,-1,0
44324560,15,44,-1,-1,0
44321775,20,19,-1,-1,7
44321300,37,52,-1,-1,1
44322035,57,34,-1,-1,6
44318320,54,53,-1,-1,2
44323306,52,48,-1,-1,3
44315273,28,3,-1,-1,0
44317189,32,49,-1,-1,7
44316409,3,58,-1,-1,6
44322141,25,6,-1,-1,2
44323079,15,34,-1,-1,0
44323863,12,12,-1,-1,3
44324992,4,49,-1,-1,2
44323914,19,24,-1,-1,5
44315733,2,41,-1,-1,3
44323865,54,56,-1,-1,5
44323325,7,51,-1,-1,5
44316413,13,13,-1,-1,0
44317825,54,42,-1,-1,1
44322278,49,1,-1,-1,7
44324554,0,1,-1,-1,0
44318499,49,35,-1,-1,5
44324205,6,4,-1,-1,3
44324798,8,13,-1,-1,6
44318247,29,8,-1,-1,1
44318610,12,24,-1,-1,7
44321315,4,36,-1,-1,7
44324551,5,51,-1,-1,5
44324513,36,33,-1,-1,0
44324805,35,23,-1,-1,5
44321927,15,38,-1,-1,4
44323055,14,16,-1,-1,2
44319931,45,46,-1,-1,4
44321604,48,28,-1,-1,5
44323012,43,36,-1,-1,3
44323155,51,55,-1,-1,6
44324795,26,5,-1,-1,3
44322586,34,2,-1,-1,0
44323108,8,8,-1,-1,2
44323769,50,40,-1,-1,6
44324652,14,41,-1,-1,4
44321615,44,24,-1,-1,3
44320257,38,31,-1,-1,1
44324829,38,24,-1,-1,7
44306300,9,30,-1,-1,6
44320763,25,17,-1,-1,1
44318754,26,6,-1,-1,0
44324557,22,49,-1,-1,3
44322492,55,37,-1,-1,6
44322582,40,19,-1,-1,5
44323326,29,46,-1,-1,5
44317712,30,31,-1,-1,2
44317238,44,32,-1,-1,5
44322465,46,55,-1,-1,6
44322233,36,51,-1,-1,0
44323098,9,34,-1,-1,1
44315772,55,32,-1,-1,2
44324603,15,15,-1,-1,5
44322440,41,53,-1,-1,2
44323900,42,48,-1,-1,0
44324457,45,39,-1,-1,0
44321678,6,36,-1,-1,6
44320573,14,19,-1,-1,4
44321876,26,24,-1,-1,7
44300091,58,21,-1,-1,5
44320215,52,47,-1,-1,3
44323891,11,40,-1,-1,7
44323514,30,6,-1,-1,1
44323331,54,54,-1,-1,3
44322041,54,30,-1,-1,6
44320945,49,57,-1,-1,5
44322362,41,4,-1,-1,6
44319305,36,14,-1,-1,5
44314038,53,1,-1,-1,0
44323609,33,37,-1,-1,3
44320161,39,18,-1,-1,2
44324244,5,6,-1,-1,4
44318428,2,40,-1,-1,0
44317079,51,33,-1,-1,3
44323759,31,14,-1,-1,2
44318286,1,6,-1,-1,4
44324822,38,48,-1,-1,1
44321696,14,3,-1,-1,6
44320181,24,43,-1,-1,4
44317793,11,42,-1,-1,0
44324182,19,14,-1,-1,2
44315964,54,51,-1,-1,1
44321127,49,48,-1,-1,3
44317876,30,13,-1,-1,6
44321945,5,26,-1,-1,4
44324855,17,34,-1,-1,1
44319978,52,32,-1,-1,4
44321636,17,22,-1,-1,5
44320746,26,41,-1,-1,3
44321246,0,5,-1,-1,2
44320098,35,3,-1,-1,1
44319852,42,0,-1,-1,4
44323246,29,23,-1,-1,3
44322932,38,50,-1,-1,7
44321539,39,35,-1,-1,6
44313502,28,25,-1,-1,2
44324678,47,23,-1,-1,6
44319820,22,18,-1,-1,1
44322308,49,42,-1,-1,2
44324496,46,47,-1,-1,4
44322693,42,50,-1,-1,4
44323396,35,46,-1,-1,6
44322869,39,57,-1,-1,3
44321764,9,21,-1,-1,3
44319754,15,19,-1,-1,0
44321453,42,17,-1,-1,7
44319588,5,33,-1,-1,2
44321889,20,31,-1,-1,0
44323809,40,56,-1,-1,3
44318534,17,5,-1,-1,6
44322103,57,26,-1,-1,6
44324445,43,39,-1,-1,0
44303894,53,18,-1,-1,3
44324759,40,21,-1,-1,1
44321758,3,57,-1,-1,0
44324676,1,57,-1,-1,0
44324366,5,24,-1,-1,7
44318221,53,16,-1,-1,4
44309666,24,9,-1,-1,1
44323053,29,17,-1,-1,5
44324836,33,39,-1,-1,2
44322728,8,10,-1,-1,4
44324582,55,17,-1,-1,1
44315947,27,40,-1,-1,6
44321874,21,43,-1,-1,2
44324825,3,55,-1,-1,1
44319205,47,51,-1,-1,7
44311914,56,35,-1,-1,7
44323980,54,10,-1,-1,3
44321361,9,37,-1,-1,4
44321932,26,27,-1,-1,7
44319512,37,31,-1,-1,5
44323933,48,42,-1,-1,0
44323801,57,42,-1,-1,5
44323174,40,0,-1,-1,6
44319120,15,14,-1,-1,4
44323200,37,28,-1,-1,0
44322912,42,28,-1,-1,2
44323437,6,43,-1,-1,2
44321378,11,4,-1,-1,4
44321652,1,39,-1,-1,7
44324395,48,29,-1,-1,0
44321466,58,1,-1,-1,0
44324948,56,34,-1,-1,4
44324845,49,3,-1,-1,5
44322093,18,32,-1,-1,0
44323958,38,6,-1,-1,3
44324251,46,37,-1,-1,0
44322832,18,57,-1,-1,7
44322980,37,43,-1,-1,1
44319509,17,48,-1,-1,4
44322764,0,9,-1,-1,2
44322257,35,20,-1,-1,7
44313665,17,11,-1,-1,0
44323645,37,51,-1,-1,4
44324507,43,11,-1,-1,3
44322935,5,41,-1,-1,4
44324903,9,29,-1,-1,0
44320014,12,41,-1,-1,0
44324378,47,39,-1,-1,7
44324369,11,50,-1,-1,0
44318878,20,12,-1,-1,7
44322825,56,19,-1,-1,4
44322517,50,18,-1,-1,3
44323856,40,57,-1,-1,3
44320693,13,28,-1,-1,4
44323165,23,35,-1,-1,2
44319736,46,10,-1,-1,7
44323520,4,12,-1,-1,0
44316173,13,42,-1,-1,6
44322889,0,22,-1,-1,2
44324137,9,39,-1,-1,0
44317397,33,35,-1,-1,2
44321763,39,39,-1,-1,0
44323962,23,24,-1,-1,7
44319304,21,39,-1,-1,7
44322988,37,13,-1,-1,3
44319927,32,32,-1,-1,4
44318043,4,42,-1,-1,3
44317217,16,52,-1,-1,2
44323800,24,40,-1,-1,6
44311275,55,44,-1,-1,7
44317826,17,7,-1,-1,1
44321547,8,29,-1,-1,0
44320277,14,26,-1,-1,1
44323113,33,16,-1,-1,0
44324159,28,38,-1,-1,7
44324730,41,38,-1,-1,2
44318982,34,18,-1,-1,2
44319667,18,25,-1,-1,0
44324701,13,56,-1,-1,0
44318333,18,40,-1,-1,0
44322955,7,41,-1,-1,4
44320535,14,36,-1,-1,5
44324894,43,19,-1,-1,5
44323620,35,52,-1,-1,5
44317116,15,30,-1,-1,7
44323257,48,56,-1,-1,6
44319979,19,35,-1,-1,0
44323316,56,21,-1,-1,2
44317472,39,52,-1,-1,1
44321567,4,31,-1,-1,2
44322369,36,47,-1,-1,3
44320767,33,8,-1,-1,1
44324281,19,2,-1,-1,3
44324690,25,23,-1,-1,4
44321172,30,22,-1,-1,5
44323730,21,48,-1,-1,6
44324749,0,46,-1,-1,4
44313614,22,41,-1,-1,0
44324282,53,41,-1,-1,2
44324480,10,17,-1,-1,1
44319100,18,3,-1,-1,1
44321132,36,4,-1,-1,6
44311824,11,52,-1,-1,1
44323203,50,58,-1,-1,6
44324840,57,38,-1,-1,7
44320854,10,45,-1,-1,1
44324035,5,45,-1,-1,2
44320577,29,44,-1,-1,1
44320397,8,15,-1,-1,2
44324241,13,43,-1,-1,7
44324418,29,42,-1,-1,4
44323880,43,32,-1,-1,6
44324449,36,20,-1,-1,1
44323408,16,53,-1,-1,1
44323811,55,31,-1,-1,5
44323647,9,7,-1,-1,3
44323852,50,25,-1,-1,2
44324328,5,29,-1,-1,4
44322545,56,52,-1,-1,2
44321415,44,28,-1,-1,1
44324721,17,17,-1,-1,3
44319309,22,2,-1,-1,5
44318986,58,32,-1,-1,0
44322850,55,10,-1,-1,7
44324370,6,33,-1,-1,2
44323178,52,25,-1,-1,2
44324898,38,42,-1,-1,3
44323613,41,17,-1,-1,4
44322341,5,18,-1,-1,6
44320303,17,19,-1,-1,5
44324175,20,35,-1,-1,3
44322626,21,36,-1,-1,5
44324409,32,23,-1,-1,5
44321987,3,19,-1,-1,3
44324602,48,16,-1,-1,6
44319117,14,35,-1,-1,0
44318545,40,1,-1,-1,6
44323404,0,20,-1,-1,1
44316170,45,38,-1,-1,5
44321025,28,55,-1,-1,6
44305698,6,3,-1,-1,5
44323197,2,32,-1,-1,4
44323583,33,18,-1,-1,1
44321771,9,41,-1,-1,7
44320006,23,53,-1,-1,6
44317593,50,43,-1,-1,0
44321657,14,23,-1,-1,6
44323432,19,38,-1,-1,3
44321645,17,23,-1,-1,5
44321018,40,7,-1,-1,7
44321429,32,24,-1,-1,1
44322403,47,11,-1,-1,3
44324183,4,11,-1,-1,3
44321141,4,52,-1,-1,3
44324785,36,22,-1,-1,6
44324869,12,16,-1,-1,1
44298454,0,25,-1,-1,3
44321924,32,38,-1,-1,7
44324778,20,32,-1,-1,4
44314053,32,13,-1,-1,4
44321865,9,17,-1,-1,0
44322549,16,41,-1,-1,1
44322306,53,17,-1,-1,1
44323351,52,33,-1,-1,6
44317699,6,53,-1,-1,6
44320619,18,15,-1,-1,2
44323285,45,18,-1,-1,6
44324508,48,39,-1,-1,5
44321831,3,46,-1,-1,6
44322363,39,43,-1,-1,1
44323263,46,41,-1,-1,4
44314928,2,37,-1,-1,0
44317984,53,47,-1,-1,6
44314078,8,17,-1,-1,6
44324392,29,7,-1,-1,0
44320452,25,40,-1,-1,2
44323789,1,41,-1,-1,3
44320946,48,58,-1,-1,7
44323182,45,55,-1,-1,1
44320230,13,44,-1,-1,5
44324314,30,48,-1,-1,6
44325000,29,36,-1,-1,4
44324341,50,14,-1,-1,1
44323545,58,27,-1,-1,5
44323703,46,5,-1,-1,0
44319241,30,57,-1,-1,3
44321027,48,3,-1,-1,6
44323070,13,38,-1,-1,2
44322498,39,27,-1,-1,5
44324712,39,26,-1,-1,3
44319431,16,0,-1,-1,2
44324375,25,44,-1,-1,1
44323830,40,40,-1,-1,3
44324313,41,42,-1,-1,2
44315236,19,9,-1,-1,5
44318013,20,13,-1,-1,0
44320637,26,49,-1,-1,1
44323817,53,8,-1,-1,6
44321838,37,24,-1,-1,1
44320671,30,0,-1,-1,2
44323777,13,40,-1,-1,4
44316869,34,32,-1,-1,7
44324916,42,29,-1,-1,4
44323590,36,21,-1,-1,3
44321355,31,29,-1,-1,2
44323430,33,0,-1,-1,5
44317048,26,4,-1,-1,6
44324510,35,21,-1,-1,6
44315538,30,32,-1,-1,4
44323497,39,5,-1,-1,3
44319277,6,18,-1,-1,5
44323066,13,36,-1,-1,4
44322043,46,32,-1,-1,2
44320293,54,6,-1,-1,0
44324589,49,4,-1,-1,3
44323887,1,52,-1,-1,1
44322640,28,8,-1,-1,1
44324439,15,11,-1,-1,6
44308718,8,34,-1,-1,7
44317420,42,38,-1,-1,0
44316709,31,55,-1,-1,3
44319959,28,43,-1,-1,4
44324289,11,34,-1,-1,4
44321846,37,2,-1,-1,5
44320465,3,49,-1,-1,5
44318009,38,7,-1,-1,1
44305267,14,48,-1,-1,0
44317906,0,26,-1,-1,2
44321542,33,13,-1,-1,4
44324349,51,7,-1,-1,4
44320866,57,32,-1,-1,6
44317375,34,11,-1,-1,2
44323057,9,1,-1,-1,4
44322215,29,57,-1,-1,4
44323820,57,56,-1,-1,3
44321756,20,21,-1,-1,6
44322821,44,12,-1,-1,2
44321492,29,34,-1,-1,1
44324239,25,2,-1,-1,7
44314429,19,46,-1,-1,5
44323717,27,29,-1,-1,4
44324015,6,11,-1,-1,5
44318008,12,47,-1,-1,3
44324578,30,33,-1,-1,3
44309255,0,27,-1,-1,0
44318003,24,5,-1,-1,2
44321142,10,33,-1,-1,3
44320286,51,58,-1,-1,2
44324424,22,51,-1,-1,6
44313673,33,53,-1,-1,3
44314860,8,45,-1,-1,2
44324917,47,42,-1,-1,7
44318855,48,49,-1,-1,5
44323909,35,24,-1,-1,3
44319186,24,26,-1,-1,1
44324857,6,51,-1,-1,0
44323346,6,9,-1,-1,5
44320743,3,20,-1,-1,4
44302746,54,12,-1,-1,6
44324862,51,31,-1,-1,7
44322359,22,56,-1,-1,1
44323121,10,52,-1,-1,3
44316768,45,31,-1,-1,0
44324627,11,48,-1,-1,5
44323406,58,55,-1,-1,7
44323353,30,27,-1,-1,0
44324057,10,30,-1,-1,0
44322236,22,9,-1,-1,1
44323451,28,30,-1,-1,4
44324871,3,16,-1,-1,4
44318730,7,33,-1,-1,2
44324092,45,15,-1,-1,7
44324172,51,0,-1,-1,4
44321022,49,46,-1,-1,5
44316632,35,54,-1,-1,3
44321711,53,13,-1,-1,6
44324732,46,48,-1,-1,7
44323780,57,6,-1,-1,4
44320038,56,13,-1,-1,3
44324283,49,14,-1,-1,5
44321427,37,4,-1,-1,1
44313067,12,27,-1,-1,0
44317981,55,21,-1,-1,6
44319193,11,49,-1,-1,2
44321432,29,39,-1,-1,1
44324150,21,19,-1,-1,4
44318432,23,9,-1,-1,3
44323894,13,27,-1,-1,3
44324165,32,25,-1,-1,7
44323979,45,17,-1,-1,2
44324126,45,22,-1,-1,5
44311610,55,48,-1,-1,5
44321524,17,9,-1,-1,4
44322960,38,15,-1,-1,2
44323917,51,32,-1,-1,1
44314008,24,41,-1,-1,0
44324003,55,19,-1,-1,1
44324222,33,51,-1,-1,2
44320838,7,21,-1,-1,4
44321475,32,21,-1,-1,4
44323893,1,2,-1,-1,2
44323319,55,22,-1,-1,5
44321439,57,12,-1,-1,6
44323953,56,30,-1,-1,3
44323045,27,25,-1,-1,7
44302345,12,6,-1,-1,6
44324305,51,35,-1,-1,5
44319167,50,24,-1,-1,7
44324758,38,44,-1,-1,4
44323017,27,26,-1,-1,3
44322721,55,35,-1,-1,6
44323059,18,36,-1,-1,7
44323414,23,22,-1,-1,0
44320234,16,16,-1,-1,1
44318031,51,16,-1,-1,6
44324769,21,8,-1,-1,1
44310285,2,58,-1,-1,1
44320922,54,23,-1,-1,2
44312227,4,21,-1,-1,7
44321833,48,38,-1,-1,0
44320261,36,16,-1,-1,4
44323077,34,24,-1,-1,7
44323487,8,52,-1,-1,3
44322680,53,56,-1,-1,0
44323133,16,26,-1,-1,5
44321896,7,13,-1,-1,2
44321004,2,51,-1,-1,3
44324344,28,36,-1,-1,4
44322012,33,40,-1,-1,1
44321979,52,15,-1,-1,4
44323673,48,51,-1,-1,0
44321469,22,1,-1,-1,0
44324436,7,49,-1,-1,0
44324625,28,14,-1,-1,1
44322907,47,18,-1,-1,3
44322732,43,33,-1,-1,1
44324422,39,32,-1,-1,1
44323954,56,49,-1,-1,5
44323472,16,42,-1,-1,7
44324746,41,12,-1,-1,5
44308910,0,35,-1,-1,0
44322258,57,30,-1,-1,1
44322684,38,32,-1,-1,0
44324828,19,34,-1,-1,6
44322724,34,43,-1,-1,5
44320143,35,30,-1,-1,7
44324545,26,40,-1,-1,5
44321646,9,57,-1,-1,5
44317017,29,50,-1,-1,1
44320304,28,21,-1,-1,0
44324459,25,41,-1,-1,0
44313276,29,38,-1,-1,4
44323423,10,12,-1,-1,3
44323436,31,0,-1,-1,6
44317974,23,57,-1,-1,0
44324973,39,22,-1,-1,4
44323660,25,52,-1,-1,7
44319694,35,0,-1,-1,4
44316981,14,28,-1,-1,5
44324958,8,51,-1,-1,1
44319899,52,1,-1,-1,4
44319787,27,27,-1,-1,2
44316376,25,14,-1,-1,0
44322429,55,57,-1,-1,0
44304800,45,49,-1,-1,3
44321456,26,13,-1,-1,6
44322879,35,41,-1,-1,4
44324565,13,7,-1,-1,5
44322077,46,25,-1,-1,1
44322621,52,54,-1,-1,6
44321444,36,44,-1,-1,2
44323606,46,18,-1,-1,5
44320794,55,13,-1,-1,7
44323274,28,44,-1,-1,0
44321971,40,14,-1,-1,5
44323824,44,21,-1,-1,1
44323711,52,30,-1,-1,5
44322401,45,28,-1,-1,7
44314403,36,52,-1,-1,4
44318942,50,51,-1,-1,6
44323869,52,27,-1,-1,7
44315409,31,7,-1,-1,7
44316794,48,54,-1,-1,1
44320739,8,54,-1,-1,5
44319334,28,17,-1,-1,0
44323778,22,17,-1,-1,2
44324194,12,58,-1,-1,6
44321183,10,23,-1,-1,6
44324830,26,32,-1,-1,2
44316693,4,18,-1,-1,3
44318419,20,3,-1,-1,6
44317606,50,2,-1,-1,2
44324190,18,54,-1,-1,2
44324922,49,11,-1,-1,7
44323733,27,55,-1,-1,2
44323018,49,31,-1,-1,3
44324660,50,38,-1,-1,7
44324707,16,11,-1,-1,1
44323281,13,37,-1,-1,5
44319240,32,54,-1,-1,1
44321053,20,34,-1,-1,2
44321976,49,13,-1,-1,4
44324621,56,22,-1,-1,2
44321371,4,14,-1,-1,0
44300725,58,46,-1,-1,5
44324054,8,55,-1,-1,1
44321668,43,40,-1,-1,4
44323089,11,44,-1,-1,5
44322587,42,55,-1,-1,1
44324787,45,6,-1,-1,7
44322210,11,28,-1,-1,6
44305179,31,50,-1,-1,2
44323225,47,58,-1,-1,2
44320480,46,43,-1,-1,3
44323456,42,30,-1,-1,7
44321910,31,34,-1,-1,3
44324905,42,32,-1,-1,4
44324124,17,35,-1,-1,4
44322830,37,58,-1,-1,6
44324811,14,24,-1,-1,3
44322399,47,12,-1,-1,5
44324673,42,13,-1,-1,1
44323468,40,15,-1,-1,5
44322867,1,26,-1,-1,1
44322474,50,3,-1,-1,0
44321269,3,45,-1,-1,3
44322446,9,44,-1,-1,5
44323528,20,28,-1,-1,4
44315682,21,56,-1,-1,4
44314600,57,14,-1,-1,6
44324000,12,34,-1,-1,4
44323752,31,12,-1,-1,4
44320943,29,47,-1,-1,6
44321914,21,30,-1,-1,2
44323501,45,50,-1,-1,1
44322806,14,42,-1,-1,0
44317780,34,50,-1,-1,1
44314478,19,6,-1,-1,4
44321653,41,34,-1,-1,5
44320235,32,11,-1,-1,0
44321003,11,19,-1,-1,1
44324100,18,35,-1,-1,2
44311213,37,54,-1,-1,0
44321650,46,49,-1,-1,7
44310048,5,9,-1,-1,3
44324685,46,14,-1,-1,6
44321610,14,32,-1,-1,5
44318103,18,45,-1,-1,6
44320157,2,22,-1,-1,6
44314163,52,41,-1,-1,5
44322537,26,38,-1,-1,5
44322578,25,25,-1,-1,0
44318794,33,33,-1,-1,1
44324638,51,6,-1,-1,3
44323339,54,13,-1,-1,0
44323146,29,31,-1,-1,2
44323848,50,13,-1,-1,3
44324333,44,15,-1,-1,7
44314734,0,50,-1,-1,2
44317987,54,3,-1,-1,3
44320115,48,19,-1,-1,2
44322876,55,52,-1,-1,6
44324975,16,15,-1,-1,2
44323508,41,20,-1,-1,4
44324253,38,13,-1,-1,4
44324683,36,48,-1,-1,1
44323896,55,5,-1,-1,0
44314413,17,47,-1,-1,1
44324680,15,32,-1,-1,2
44320939,43,7,-1,-1,3
44324757,4,23,-1,-1,6
44324043,13,22,-1,-1,4
44317296,54,48,-1,-1,7
44319480,51,47,-1,-1,1
44319706,58,34,-1,-1,4
44319435,11,31,-1,-1,2
44319874,7,14,-1,-1,0
44322239,22,55,-1,-1,5
44307620,32,17,-1,-1,7
44324297,36,13,-1,-1,0
44317022,23,8,-1,-1,7
44322153,13,41,-1,-1,6
44321745,7,36,-1,-1,7
44324722,43,38,-1,-1,2
44322612,46,22,-1,-1,2
44315166,26,19,-1,-1,3
44322253,22,44,-1,-1,5
44322502,44,55,-1,-1,1
44322761,13,33,-1,-1,0
44324166,8,58,-1,-1,7
44320102,36,10,-1,-1,2
44324901,39,33,-1,-1,2
44323878,27,17,-1,-1,0
44321975,22,47,-1,-1,3
44323890,48,27,-1,-1,5
44318093,56,23,-1,-1,0
44324549,57,2,-1,-1,2
44324355,21,52,-1,-1,3
44324833,15,1,-1,-1,7
44322435,40,17,-1,-1,5
44321502,21,53,-1,-1,6
44319295,47,8,-1,-1,3
44322543,46,58,-1,-1,0
44324273,19,28,-1,-1,7
44322020,25,18,-1,-1,7
44323296,51,41,-1,-1,3
44321140,5,7,-1,-1,0
44310043,14,55,-1,-1,2
44315595,10,46,-1,-1,6
44320636,12,46,-1,-1,4
44321528,0,55,-1,-1,4
44324939,52,5,-1,-1,0
44323488,33,46,-1,-1,6
44324221,4,47,-1,-1,7
44324274,53,42,-1,-1,3
44324340,1,35,-1,-1,6
44310966,52,56,-1,-1,0
44321643,48,14,-1,-1,6
44324356,15,4,-1,-1,3
44324791,56,1,-1,-1,5
44322929,35,51,-1,-1,7
44320612,43,52,-1,-1,4
44321079,56,53,-1,-1,4
44323193,27,43,-1,-1,0
44319797,55,41,-1,-1,3
44324206,21,2,-1,-1,1
44323005,28,51,-1,-1,3
44321087,46,11,-1,-1,5
44315853,21,11,-1,-1,7
44320549,36,15,-1,-1,2
44324572,51,12,-1,-1,2
44319188,51,18,-1,-1,2
44320832,51,9,-1,-1,5
44321997,33,28,-1,-1,3
44317037,48,4,-1,-1,1
44317476,56,40,-1,-1,7
44320037,14,30,-1,-1,3
44322790,47,46,-1,-1,7
44319398,48,5,-1,-1,0
44324230,11,6,-1,-1,3
44324611,37,17,-1,-1,5
44323667,51,45,-1,-1,4
44316499,27,52,-1,-1,5
44321857,19,16,-1,-1,2
44318452,17,37,-1,-1,4
44323862,10,54,-1,-1,2
44320879,28,7,-1,-1,6
44320595,1,47,-1,-1,4
44324224,15,47,-1,-1,1
44322442,53,35,-1,-1,5
44324484,18,7,-1,-1,7
44324387,3,39,-1,-1,1
44306683,28,13,-1,-1,1
44324920,22,0,-1,-1,5
44320778,12,25,-1,-1,3
44324713,27,12,-1,-1,5
44323876,53,33,-1,-1,0
44323741,23,27,-1,-1,4
44323377,6,56,-1,-1,0
44320963,44,57,-1,-1,7
44311094,52,58,-1,-1,7
44316300,31,24,-1,-1,2
44320321,53,15,-1,-1,0
44317345,37,37,-1,-1,2
44324523,46,38,-1,-1,7
44318194,45,52,-1,-1,2
44318766,12,26,-1,-1,0
44324504,36,28,-1,-1,3
44321996,37,22,-1,-1,5
44324941,54,39,-1,-1,2
44323104,30,25,-1,-1,3
44323086,11,14,-1,-1,5
44324671,57,52,-1,-1,6
44324824,48,22,-1,-1,2
44323105,51,54,-1,-1,4
44318748,10,4,-1,-1,7
44323254,28,16,-1,-1,7
44323895,49,26,-1,-1,6
44319222,48,47,-1,-1,5
44324167,5,54,-1,-1,4
44321435,4,33,-1,-1,7
44323842,11,1,-1,-1,0
44324861,5,47,-1,-1,3
44320221,47,37,-1,-1,0
44324053,31,53,-1,-1,7
44324672,48,20,-1,-1,5
44318929,42,44,-1,-1,0
44317033,14,49,-1,-1,2
44323117,49,21,-1,-1,7
44324483,8,2,-1,-1,3
44322745,14,17,-1,-1,0
44324279,38,52,-1,-1,1
44320698,26,43,-1,-1,5
44301220,17,29,-1,-1,2
44319328,0,56,-1,-1,3
44323206,50,26,-1,-1,4
44324688,33,32,-1,-1,2
44324024,43,10,-1,-1,2
44309346,35,5,-1,-1,5
44309496,8,0,-1,-1,2
44322735,35,31,-1,-1,5
44323525,10,14,-1,-1,0
44315130,57,36,-1,-1,0
44322485,34,17,-1,-1,4
44322909,18,8,-1,-1,6
44321232,45,19,-1,-1,6
44324971,23,18,-1,-1,1
44323788,26,2,-1,-1,1
44324155,6,25,-1,-1,3
44324094,2,45,-1,-1,4
44324628,12,56,-1,-1,5
44323334,44,27,-1,-1,0
44323930,22,29,-1,-1,5
44321536,8,11,-1,-1,2
44323483,8,1,-1,-1,4
44323821,52,34,-1,-1,3
44322361,34,38,-1,-1,2
44323614,31,23,-1,-1,2
44324593,17,38,-1,-1,0
44323916,44,6,-1,-1,0
44320964,37,57,-1,-1,2
44318225,47,6,-1,-1,4
44317572,28,27,-1,-1,1
44297989,58,53,-1,-1,0
44319735,42,20,-1,-1,0
44321266,12,0,-1,-1,4
44323391,25,38,-1,-1,0
44313228,46,51,-1,-1,5
44323573,39,42,-1,-1,2
44324588,27,10,-1,-1,5
44321443,7,19,-1,-1,6
44324069,30,51,-1,-1,2
44323455,2,19,-1,-1,3
44323101,27,11,-1,-1,5
44317494,6,52,-1,-1,2
44318148,19,56,-1,-1,3
44322697,10,44,-1,-1,2
44323766,37,14,-1,-1,6
44322737,50,57,-1,-1,0
44322755,23,36,-1,-1,6
44322074,30,53,-1,-1,4
44322672,41,51,-1,-1,5
44317262,20,4,-1,-1,0
44319892,46,42,-1,-1,5
44321063,13,29,-1,-1,5
44319457,50,44,-1,-1,2
44319875,24,22,-1,-1,6
44319268,56,32,-1,-1,4
44308587,47,4,-1,-1,2
44323641,13,34,-1,-1,2
44320435,5,22,-1,-1,6
44324739,7,8,-1,-1,1
44321400,36,1,-1,-1,5
44321042,55,47,-1,-1,3
44319618,29,21,-1,-1,6
44324168,3,42,-1,-1,3
44320795,21,50,-1,-1,5
44318503,12,39,-1,-1,4
44319453,49,20,-1,-1,5
44322945,11,33,-1,-1,5
44323241,53,54,-1,-1,5
44319783,38,45,-1,-1,5
44323166,52,3,-1,-1,1
44322635,51,56,-1,-1,6
44323972,13,31,-1,-1,2
44319071,40,54,-1,-1,2
44323678,43,8,-1,-1,0
44324577,6,45,-1,-1,0
44321080,32,28,-1,-1,3
44323347,41,31,-1,-1,0
44315665,1,11,-1,-1,4
44324108,2,23,-1,-1,5
44324653,28,42,-1,-1,3
44317732,57,15,-1,-1,5
44318999,25,10,-1,-1,5
44318397,55,38,-1,-1,6
44320540,16,47,-1,-1,4
44322704,25,21,-1,-1,5
44323100,29,40,-1,-1,0
44321828,55,28,-1,-1,1
44308221,0,0,-1,-1,4
44322071,3,30,-1,-1,7
44320906,41,0,-1,-1,4
44316249,22,50,-1,-1,0
44324674,3,10,-1,-1,4
44324468,43,27,-1,-1,2
44323955,31,38,-1,-1,0
44324753,46,7,-1,-1,7
44320676,9,6,-1,-1,2
44324867,27,24,-1,-1,3
44324193,48,35,-1,-1,3
44323879,32,52,-1,-1,2
44324374,44,40,-1,-1,1
44308617,5,58,-1,-1,2
44321805,22,12,-1,-1,7
44324290,23,21,-1,-1,7
44321153,9,3,-1,-1,3
44324865,24,42,-1,-1,7
44317637,32,1,-1,-1,5
44321198,7,4,-1,-1,7
44324773,30,11,-1,-1,2
44323038,27,48,-1,-1,5
44322762,57,45,-1,-1,1
44322887,29,54,-1,-1,0
44311016,27,49,-1,-1,4
44324299,39,11,-1,-1,1
44320504,29,1,-1,-1,4
44322207,5,8,-1,-1,4
44323913,14,38,-1,-1,5
44319763,39,13,-1,-1,0
44323684,54,52,-1,-1,3
44324797,51,43,-1,-1,6
44321402,20,24,-1,-1,6
44324698,24,19,-1,-1,0
44316079,50,39,-1,-1,7
44311149,38,46,-1,-1,0
44323173,43,34,-1,-1,5
44322707,25,32,-1,-1,4
44322532,23,26,-1,-1,3
44313300,7,7,-1,-1,4
44324007,35,6,-1,-1,4
44321767,29,56,-1,-1,1
44323576,40,18,-1,-1,6
44324562,5,25,-1,-1,4
44323946,8,40,-1,-1,1
44323772,58,30,-1,-1,0
44322701,56,14,-1,-1,2
44319133,10,55,-1,-1,4
44324380,25,39,-1,-1,1
44314702,56,48,-1,-1,5
44321390,2,2,-1,-1,1
44322142,18,2,-1,-1,5
44320842,32,43,-1,-1,5
44324959,8,5,-1,-1,5
44310430,6,49,-1,-1,7
44322075,0,11,-1,-1,2
44323668,13,20,-1,-1,1
44323998,17,33,-1,-1,6
44322261,37,18,-1,-1,4
44319257,13,10,-1,-1,7
44321956,50,29,-1,-1,2
44319729,15,41,-1,-1,5
44322337,54,24,-1,-1,7
44324254,40,16,-1,-1,7
44318691,4,28,-1,-1,3
44323775,42,22,-1,-1,3
44324351,57,3,-1,-1,5
44308219,3,1,-1,-1,7
44324606,38,17,-1,-1,1
44323176,34,47,-1,-1,4
44321899,35,28,-1,-1,2
44324817,54,20,-1,-1,2
44323732,31,10,-1,-1,1
44322468,18,14,-1,-1,1
44322618,41,14,-1,-1,6
44324889,16,55,-1,-1,3
44321097,4,25,-1,-1,5
44319484,7,37,-1,-1,2
44315584,7,57,-1,-1,0
44320994,29,0,-1,-1,5
44324976,5,39,-1,-1,3
44324112,28,58,-1,-1,2
44321273,7,34,-1,-1,3
44321779,2,43,-1,-1,5
44322177,45,14,-1,-1,3
44324978,46,44,-1,-1,4
44316234,11,27,-1,-1,1
44318309,34,3,-1,-1,6
44323373,29,49,-1,-1,7
44324710,44,49,-1,-1,6
44323159,18,18,-1,-1,2
44322771,12,55,-1,-1,1
44318728,16,48,-1,-1,1
44321510,57,22,-1,-1,2
44324215,24,47,-1,-1,4
44324407,35,57,-1,-1,1
44324745,17,31,-1,-1,7
44324633,43,26,-1,-1,5
44322659,24,33,-1,-1,6
44324696,3,0,-1,-1,5
44323180,40,49,-1,-1,5
44324147,21,42,-1,-1,6
44324139,49,44,-1,-1,2
44323886,34,16,-1,-1,0
44324423,11,41,-1,-1,7
44321096,36,8,-1,-1,7
44315832,4,0,-1,-1,5
44324535,41,13,-1,-1,5
44320723,9,51,-1,-1,4
44323205,29,19,-1,-1,6
44324454,47,33,-1,-1,2
44324716,19,20,-1,-1,1
44324276,1,38,-1,-1,6
44322329,53,30,-1,-1,5
44321209,30,39,-1,-1,7
44324550,44,17,-1,-1,0
44324477,42,25,-1,-1,4
44320569,12,37,-1,-1,0
44324942,3,5,-1,-1,6
44323911,29,28,-1,-1,5
44313432,56,47,-1,-1,3
44321554,23,0,-1,-1,4
44324337,24,25,-1,-1,2
44319171,55,30,-1,-1,4
44324388,8,46,-1,-1,6
44323309,38,49,-1,-1,1
44323935,13,45,-1,-1,0
44315817,8,21,-1,-1,2
44321000,40,20,-1,-1,1
44324529,0,7,-1,-1,0
44313861,32,20,-1,-1,0
44321803,5,31,-1,-1,7
44320365,20,11,-1,-1,7
44324634,20,10,-1,-1,1
44324308,25,49,-1,-1,0
44322681,35,16,-1,-1,0
44321102,2,11,-1,-1,3
44314563,36,58,-1,-1,6
44323036,47,3,-1,-1,1
44305966,34,52,-1,-1,6
44321217,8,44,-1,-1,3
44318989,24,34,-1,-1,5
44321815,58,25,-1,-1,4
44323923,27,28,-1,-1,3
44324742,39,14,-1,-1,3
44323634,38,57,-1,-1,4
44314517,58,38,-1,-1,4
44324286,47,29,-1,-1,4
44322320,45,34,-1,-1,2
44320959,30,12,-1,-1,4
44324990,11,47,-1,-1,0
44318639,38,0,-1,-1,2
44319784,47,1,-1,-1,7
44319815,39,28,-1,-1,5
44322992,30,47,-1,-1,4
44322539,45,37,-1,-1,1
44324802,5,56,-1,-1,0
44320194,39,51,-1,-1,7
44309135,53,5,-1,-1,7
44322753,54,58,-1,-1,6
44323689,33,17,-1,-1,3
44317872,13,8,-1,-1,6
44319080,51,15,-1,-1,0
44318180,3,52,-1,-1,2
44318146,45,47,-1,-1,5
44324640,33,26,-1,-1,3
44321594,49,12,-1,-1,5
44320613,58,54,-1,-1,0
44323840,54,44,-1,-1,5
44317698,11,39,-1,-1,1
44319213,24,13,-1,-1,0
44322694,2,49,-1,-1,6
44318791,47,31,-1,-1,4
44322904,53,34,-1,-1,0
44302130,8,3,-1,-1,1
44320149,13,4,-1,-1,4
44313909,42,52,-1,-1,3
44323139,19,11,-1,-1,7
44321680,11,32,-1,-1,0
44319566,48,40,-1,-1,6
44314337,3,48,-1,-1,0
44321601,17,6,-1,-1,2
44312829,51,44,-1,-1,3
44322643,4,51,-1,-1,1
44319804,58,43,-1,-1,7
44322119,2,57,-1,-1,4
44321884,33,48,-1,-1,3
44320415,28,18,-1,-1,6
44322022,10,32,-1,-1,5
44322245,26,50,-1,-1,1
44323438,49,53,-1,-1,1
44324145,22,25,-1,-1,5
44324826,19,40,-1,-1,3
44321990,29,30,-1,-1,5
44316247,12,13,-1,-1,7
44319440,20,45,-1,-1,1
44324067,44,11,-1,-1,6
44324323,44,10,-1,-1,2
44322860,38,41,-1,-1,3
44320926,23,4,-1,-1,7
44324945,15,21,-1,-1,5
44324116,42,27,-1,-1,0
44318468,2,7,-1,-1,0
44321941,3,26,-1,-1,4
44320954,56,6,-1,-1,4
44316054,54,38,-1,-1,4
44323564,34,33,-1,-1,7
44320773,8,47,-1,-1,4
44320477,13,53,-1,-1,5
44322336,19,43,-1,-1,1
44322375,4,2,-1,-1,4
44319515,45,13,-1,-1,5
44322604,40,41,-1,-1,1
44321577,21,1,-1,-1,6
44322486,3,23,-1,-1,5
44324332,10,57,-1,-1,4
44323658,35,19,-1,-1,4
44314945,35,1,-1,-1,4
44323738,14,10,-1,-1,7
44324687,27,46,-1,-1,4
44321152,36,37,-1,-1,5
44319995,51,29,-1,-1,4
44308341,28,1,-1,-1,2
44324184,22,30,-1,-1,7
44309133,0,40,-1,-1,4
44323985,34,22,-1,-1,5
44317608,24,6,-1,-1,4
44317652,54,19,-1,-1,0
44320582,18,34,-1,-1,5
44323566,52,45,-1,-1,0
44323704,42,14,-1,-1,1
44320191,58,19,-1,-1,4
44322792,14,11,-1,-1,3
44317959,7,42,-1,-1,4
44319673,7,15,-1,-1,4
44321393,37,11,-1,-1,2
44324405,1,9,-1,-1,2
44324803,3,11,-1,-1,4
44306086,4,20,-1,-1,2
44322776,56,15,-1,-1,2
44318525,12,23,-1,-1,3
44315892,55,40,-1,-1,2
44323915,9,11,-1,-1,5
44324597,47,2,-1,-1,0
44324385,37,9,-1,-1,2
44322740,46,9,-1,-1,1
44324335,36,5,-1,-1,1
44322483,51,40,-1,-1,5
44316223,30,24,-1,-1,5
44318749,12,51,-1,-1,1
44319786,9,0,-1,-1,2
44322243,40,44,-1,-1,1
44324573,39,2,-1,-1,5
44323317,33,43,-1,-1,3
44322499,16,30,-1,-1,0
44324882,35,10,-1,-1,2
44324367,21,57,-1,-1,0
44321727,6,44,-1,-1,2
44324998,44,31,-1,-1,7
44322715,8,14,-1,-1,6
44323111,43,57,-1,-1,5
44324932,34,36,-1,-1,7
44324259,12,17,-1,-1,4
44322056,26,29,-1,-1,1
44321913,52,8,-1,-1,7
44324736,16,32,-1,-1,7
44319108,23,41,-1,-1,6
44323950,43,21,-1,-1,6
44307393,44,48,-1,-1,6
44322246,52,2,-1,-1,0
44323454,12,28,-1,-1,5
44319307,12,29,-1,-1,6
44324472,42,10,-1,-1,4
44320749,5,14,-1,-1,6
44324087,2,12,-1,-1,0
44324287,51,36,-1,-1,0
44319075,30,58,-1,-1,1
44323912,42,57,-1,-1,4
44323324,38,5,-1,-1,7
44324082,41,41,-1,-1,1
44322910,44,16,-1,-1,4
44322829,11,11,-1,-1,2
44321702,9,55,-1,-1,3
44321452,9,38,-1,-1,1
44321504,34,48,-1,-1,0
44323238,52,17,-1,-1,6
44323627,44,56,-1,-1,6
44321484,0,43,-1,-1,4
44316106,55,24,-1,-1,4
44323460,21,12,-1,-1,7
44315963,6,31,-1,-1,1
44321793,32,16,-1,-1,2
44323708,57,25,-1,-1,4
44323793,0,33,-1,-1,3
44324128,46,40,-1,-1,5
44323625,11,29,-1,-1,4
44323090,28,35,-1,-1,1
44308894,32,19,-1,-1,5
44313458,44,58,-1,-1,2
44322188,26,11,-1,-1,2
44324735,42,51,-1,-1,6
44323330,47,50,-1,-1,1
44322228,33,11,-1,-1,2
44316479,47,25,-1,-1,5
44324441,29,53,-1,-1,7
44324607,38,27,-1,-1,5
44314542,18,11,-1,-1,5
44322605,15,25,-1,-1,5
44321489,6,24,-1,-1,1
44316786,17,57,-1,-1,7
44315162,58,23,-1,-1,6
44323714,54,35,-1,-1,4
44324848,42,9,-1,-1,5
44324442,33,30,-1,-1,6
44315017,0,47,-1,-1,3
44323949,43,50,-1,-1,4
44324702,26,3,-1,-1,5
44324996,49,30,-1,-1,0
44320715,17,27,-1,-1,0
44324910,45,23,-1,-1,5
44318485,17,39,-1,-1,5
44321154,38,36,-1,-1,3
44320747,30,41,-1,-1,3
44322576,48,0,-1,-1,6
44319042,13,55,-1,-1,6
44320758,38,54,-1,-1,2
44322175,51,26,-1,-1,7
44320298,46,2,-1,-1,0
44324319,45,45,-1,-1,1
44320472,34,28,-1,-1,6
44321877,40,32,-1,-1,6
44324868,6,22,-1,-1,4
44322316,33,27,-1,-1,1
44324852,39,9,-1,-1,2
44312658,1,12,-1,-1,7
44323747,14,4,-1,-1,5
44322127,39,4,-1,-1,0
44321449,28,5,-1,-1,0
44320889,37,19,-1,-1,7
44316496,48,21,-1,-1,4
44324465,50,16,-1,-1,5
44321688,35,34,-1,-1,2
44320997,11,53,-1,-1,4
44323463,5,52,-1,-1,6
44324543,38,23,-1,-1,7
44323215,33,29,-1,-1,6
44323360,56,54,-1,-1,2
44324353,6,30,-1,-1,2
44316971,7,22,-1,-1,5
44320650,0,53,-1,-1,4
44320634,27,47,-1,-1,5
44317433,52,44,-1,-1,3
44323850,25,54,-1,-1,3
44321728,51,37,-1,-1,4
44312305,22,37,-1,-1,6
44323655,19,23,-1,-1,5
44321948,21,5,-1,-1,7
44313047,15,35,-1,-1,6
44321972,21,16,-1,-1,7
44322949,31,40,-1,-1,2
44323802,11,37,-1,-1,6
44312737,34,39,-1,-1,3
44322455,26,58,-1,-1,2
44324038,11,2,-1,-1,4
44320207,35,11,-1,-1,4
44324659,50,17,-1,-1,5
44309897,4,10,-1,-1,1
44316627,45,25,-1,-1,4
44319078,40,33,-1,-1,2
44322708,14,54,-1,-1,7
44323873,41,55,-1,-1,1
44325004,38,37,-1,-1,4
