262 263 263 0 263 263 391 391 391 263 391 391 36 493 493 263 263 391 391 0 391 391 391 391 391 0 391 0 391 391 32 391 391 29 0 0 391 4 0 423 423 423 423 423 423 423 391 391 391 295 295 263 263 263 263 0 295 295 295 
263 263 263 263 263 263 263 391 391 391 263 0 263 492 263 263 391 391 391 1 263 391 391 391 391 391 391 391 391 391 391 391 391 391 295 295 391 423 135 391 0 0 423 423 423 423 0 423 423 295 295 295 263 295 263 295 263 295 295 
0 263 263 263 263 263 262 391 0 391 65 263 3 263 263 0 263 423 391 391 391 391 391 391 391 0 391 4 391 391 391 37 391 423 391 295 423 391 423 135 135 0 423 423 423 423 423 0 391 423 0 263 35 295 5 295 263 5 5 
0 263 263 263 0 6 262 262 263 263 263 263 263 263 0 263 263 391 423 263 0 391 391 0 391 391 391 423 423 423 0 423 423 423 423 423 423 423 423 423 423 423 197 1 0 423 423 391 295 5 197 295 39 5 4 295 295 39 0 
263 263 263 263 263 263 262 261 261 263 263 263 263 263 263 263 263 423 423 423 263 391 1 391 391 391 391 423 423 423 423 423 423 0 389 423 261 422 163 163 423 0 423 423 423 133 0 423 423 423 0 39 295 295 295 295 295 295 295 
263 263 263 263 0 263 263 263 65 263 263 263 263 263 33 263 423 391 391 423 263 263 423 423 391 391 391 391 423 423 423 295 295 423 423 389 0 423 0 37 4 423 4 423 5 37 133 423 423 295 423 5 5 295 295 0 295 295 295 
396 0 263 263 263 263 0 263 263 263 263 263 4 262 0 263 423 295 423 423 423 423 0 423 391 0 391 391 29 423 423 423 423 0 423 423 423 423 0 1 423 423 0 423 423 423 0 423 295 39 423 0 423 295 0 295 0 295 39 
396 396 263 263 7 263 263 263 197 263 263 263 262 0 263 391 0 4 295 423 423 0 423 423 423 391 391 421 0 423 423 0 423 96 423 423 423 423 1 167 167 423 423 0 0 423 423 423 295 295 423 29 295 423 0 295 39 0 295 
396 396 396 7 7 263 263 263 461 461 262 262 262 263 493 391 391 391 295 295 295 423 423 423 167 391 421 423 423 423 423 423 0 423 423 133 423 423 423 423 423 261 261 423 0 423 295 423 423 0 423 295 295 295 423 293 293 292 4 
396 396 263 261 263 197 263 263 263 493 1 4 262 263 493 493 391 391 295 295 423 423 423 4 423 423 261 423 423 0 423 423 423 423 423 423 423 0 0 423 227 423 295 295 423 423 423 423 423 423 0 423 423 0 423 423 293 292 4 
396 493 396 263 197 263 493 493 493 1 493 493 493 493 493 493 391 423 391 295 423 423 423 4 0 423 423 391 423 423 423 423 263 423 423 423 423 0 421 423 423 423 423 423 295 295 295 423 423 423 0 389 423 423 423 0 423 295 36 
493 429 396 0 263 263 493 493 493 0 493 493 493 493 263 429 295 295 423 423 37 423 423 423 423 391 423 423 423 423 263 29 423 263 423 423 423 423 423 1 423 163 423 423 0 423 423 391 0 39 295 421 423 423 35 423 293 293 423 
493 493 429 263 493 493 493 493 0 0 493 493 493 493 493 493 493 493 493 493 493 423 65 65 29 423 423 0 161 423 423 263 0 423 391 423 423 423 1 0 423 423 423 423 295 423 0 295 0 295 295 423 421 423 96 293 293 423 423 
365 493 493 493 493 493 493 493 493 493 493 493 493 493 493 493 493 493 0 493 129 129 493 423 423 0 391 391 423 423 423 0 423 423 423 0 421 423 423 423 423 423 423 423 0 423 423 423 295 0 295 423 423 423 423 0 423 423 423 
365 429 429 365 493 493 493 493 493 493 4 493 493 493 493 493 493 0 237 493 1 493 493 493 423 1 391 29 421 423 423 0 423 422 423 423 423 423 422 28 423 423 423 423 423 423 1 0 0 295 39 423 423 423 423 295 39 295 295 
365 101 365 493 493 493 493 493 493 493 493 493 493 493 493 493 493 1 237 493 5 5 493 423 493 493 391 423 421 421 423 423 133 0 423 423 423 422 423 423 423 423 423 423 423 69 423 1 5 423 423 423 423 0 295 0 39 4 295 
365 365 365 493 493 365 493 365 365 493 493 493 493 397 493 0 493 0 493 493 493 0 423 423 0 493 423 423 0 423 421 0 423 423 423 5 422 422 0 4 423 423 423 423 423 133 421 423 0 423 423 423 0 295 0 295 295 295 295 
365 365 197 5 493 365 365 365 365 493 493 493 493 0 493 237 493 493 493 493 493 493 0 493 423 493 493 423 423 423 253 391 423 422 423 422 423 422 422 423 0 423 423 423 423 423 423 421 423 423 423 295 0 0 0 0 423 295 423 
365 365 365 365 365 365 365 365 365 493 493 493 237 493 493 493 133 493 493 493 493 493 493 493 0 493 493 423 423 423 5 423 423 423 422 421 423 423 0 423 391 391 391 0 423 423 423 0 423 423 423 423 423 423 423 423 423 295 423 
365 365 365 365 365 365 365 365 493 493 365 164 493 493 493 493 493 1 493 493 493 493 5 493 493 493 0 423 423 0 423 0 423 423 261 423 422 423 423 421 423 423 391 423 423 423 423 423 423 423 423 423 423 0 423 423 423 423 423 
1 365 365 365 237 0 365 0 365 493 493 485 365 0 493 493 493 493 493 493 493 493 493 493 493 493 149 237 253 253 423 423 423 419 0 423 422 422 423 423 0 423 0 423 423 423 423 0 423 423 423 423 423 423 0 423 0 0 423 
365 365 365 489 0 237 365 365 493 493 493 493 493 357 493 493 493 493 493 493 493 253 493 493 301 397 253 253 0 253 423 423 423 423 419 182 4 422 423 423 423 423 423 423 423 423 423 423 423 423 423 423 423 423 423 423 422 423 261 
365 37 365 365 365 365 365 197 493 493 453 493 493 365 0 493 493 493 5 493 493 493 493 493 493 365 253 253 253 253 423 423 0 423 419 419 182 0 423 423 423 163 423 193 423 423 423 423 1 295 423 423 423 421 421 423 423 423 167 
365 365 365 493 493 485 0 365 493 493 493 365 365 493 493 493 493 493 493 493 493 493 0 0 253 365 253 253 253 0 253 4 183 423 183 183 183 423 183 183 183 183 183 418 423 423 423 423 423 423 423 423 423 423 421 423 423 423 423 
0 493 493 0 493 233 105 493 493 493 493 365 365 493 493 0 493 493 485 493 249 249 253 253 253 129 253 253 253 253 253 253 183 423 183 1 135 183 183 0 183 133 183 423 418 183 5 423 5 423 0 423 423 423 421 37 0 422 422 
493 493 493 493 493 493 493 493 493 493 493 493 1 493 493 493 461 493 253 493 189 365 253 4 253 4 253 253 253 253 253 253 183 423 183 183 183 183 183 4 183 0 183 183 183 183 183 32 183 183 68 423 423 423 0 422 422 422 422 
365 461 493 365 365 493 493 493 493 493 69 36 493 493 493 493 493 461 253 253 253 253 253 253 237 253 253 253 253 197 253 253 253 183 183 0 183 183 183 183 183 183 183 183 183 183 37 183 183 13 0 423 422 422 36 422 0 422 422 
365 365 365 0 0 365 493 493 493 493 36 493 493 493 493 485 493 493 493 253 253 0 253 253 197 0 249 253 253 253 160 253 253 183 183 0 183 183 183 21 183 183 183 183 183 183 183 183 183 419 183 422 422 183 183 422 422 166 422 
365 96 365 5 365 493 0 493 493 493 493 493 493 493 493 493 493 249 253 253 237 0 253 253 0 249 249 249 0 0 253 160 253 0 183 253 183 183 183 5 151 32 183 183 183 183 183 183 183 183 183 422 422 183 183 422 422 422 390 
365 365 0 0 365 365 365 0 493 493 0 493 493 0 493 493 493 69 253 1 253 237 253 253 253 253 253 249 252 197 253 253 253 109 253 197 183 183 167 195 183 129 0 0 182 183 183 183 183 0 422 422 183 183 183 4 132 0 0 
0 365 365 365 0 365 365 365 0 493 493 493 493 493 493 493 493 253 253 253 253 253 253 253 0 253 253 252 253 253 253 253 253 253 4 4 1 183 183 183 1 145 179 178 0 4 0 0 151 151 65 0 183 423 422 422 422 418 160 
365 65 0 365 493 493 365 493 493 5 493 493 0 493 1 493 0 0 493 213 253 253 253 253 253 0 253 253 253 253 237 253 253 0 1 183 183 183 183 183 183 183 0 183 183 0 182 183 183 183 183 183 183 423 423 422 422 422 418 
365 365 365 365 493 493 493 493 493 69 493 493 493 493 493 5 493 249 493 253 253 253 253 253 253 253 253 221 109 237 0 237 253 253 183 253 183 0 183 133 0 183 183 183 183 183 183 0 183 183 1 183 183 183 5 183 183 4 4 
0 493 493 1 0 492 493 493 0 493 493 493 0 493 493 493 0 249 249 253 253 0 0 253 253 253 252 253 253 253 253 253 252 253 253 253 253 183 183 183 183 133 183 183 183 183 183 419 183 183 183 0 5 178 183 183 183 183 290 
493 485 325 492 492 492 492 493 493 493 489 493 493 489 493 64 249 249 249 253 253 237 253 253 253 253 253 253 253 253 253 253 253 252 252 248 253 183 183 183 183 183 183 183 179 183 183 183 183 149 183 183 178 183 176 418 183 0 418 
493 493 36 232 36 492 492 493 492 493 489 493 489 489 489 493 253 249 253 253 253 0 252 253 253 252 253 253 253 253 253 253 0 252 0 252 248 253 183 0 183 178 183 183 183 183 167 183 37 183 183 183 183 178 178 176 418 1 418 
493 492 492 492 460 492 492 493 493 461 489 488 493 489 489 493 493 253 249 253 253 252 253 253 253 252 253 0 253 0 253 253 253 252 183 183 183 183 0 178 178 178 183 1 0 183 181 167 182 183 183 150 183 167 178 178 0 418 418 
493 493 492 492 492 492 493 4 461 461 492 493 493 493 493 493 493 253 253 249 253 253 253 1 0 253 253 253 253 253 249 249 196 196 183 182 5 183 183 183 253 253 0 162 178 149 178 178 182 178 183 178 183 183 16 178 178 422 418 
128 492 0 492 492 460 492 492 461 492 492 0 493 492 493 460 253 0 0 253 253 0 253 253 0 253 253 253 253 253 5 124 252 197 183 183 182 183 183 253 253 253 178 178 178 178 178 0 178 150 182 178 178 178 178 178 418 422 418 
128 452 492 492 492 492 492 492 492 492 492 492 492 0 221 493 492 253 253 253 249 5 5 249 253 253 253 253 253 220 253 252 252 253 253 0 183 183 37 253 0 0 0 178 178 128 183 178 183 182 183 183 178 0 178 422 34 0 422 
492 492 492 492 492 492 452 492 0 492 492 365 365 492 221 221 492 492 492 253 5 253 253 0 253 253 253 253 252 253 253 253 253 233 209 0 182 183 182 197 253 253 178 178 178 183 178 178 178 183 178 0 178 418 0 178 422 422 422 
492 492 492 492 492 236 492 492 492 492 492 365 492 488 492 492 108 492 460 253 253 249 197 253 253 253 253 252 0 253 189 253 253 253 249 0 0 252 182 182 253 178 178 178 183 183 183 178 0 0 178 422 178 178 418 0 422 422 422 
492 492 492 492 492 492 492 492 492 492 365 492 492 492 492 492 492 492 492 0 0 253 249 253 253 5 253 253 253 221 253 253 0 253 249 178 252 178 149 183 0 68 178 178 146 183 0 133 178 178 0 422 0 178 390 390 422 418 418 
492 452 492 0 0 492 492 492 492 492 492 492 492 492 0 492 492 492 0 0 249 249 213 221 5 253 253 253 253 253 253 253 253 253 178 253 178 0 178 178 178 68 178 178 128 163 133 0 4 178 0 422 422 422 388 422 418 418 418 
492 492 492 492 492 492 0 492 492 64 492 36 492 492 492 492 492 492 236 492 492 249 249 0 221 221 488 253 253 253 0 253 253 253 253 253 178 178 178 4 162 178 178 178 178 178 178 178 178 178 422 0 422 422 422 0 418 418 418 
492 492 492 488 492 492 492 492 492 492 492 492 492 492 492 492 492 492 249 236 492 492 488 488 249 249 488 253 253 253 0 253 253 253 178 178 178 146 178 178 418 178 178 178 0 178 178 0 0 422 422 0 422 422 422 0 388 386 386 
492 492 492 488 488 488 489 492 489 488 492 492 492 492 492 492 0 488 488 249 492 492 0 488 253 249 488 488 253 488 253 253 249 178 5 178 189 178 178 418 0 178 178 178 178 178 0 162 144 386 422 390 390 422 390 390 388 418 418 
488 488 364 488 488 489 489 0 489 0 492 492 492 492 492 492 488 488 424 492 249 249 492 0 253 0 488 488 488 480 253 253 178 253 189 0 189 4 4 418 418 178 418 178 418 418 162 128 144 0 386 390 0 390 128 418 0 386 0 
488 492 365 492 0 489 489 489 488 489 492 492 488 488 492 492 488 164 424 492 488 488 488 488 488 488 488 488 488 253 253 253 249 249 489 189 418 418 418 418 418 418 418 0 4 418 386 418 128 386 132 386 132 418 418 418 0 128 386 
301 492 492 489 132 0 489 492 489 489 492 488 424 488 492 424 492 492 492 5 488 488 488 128 488 488 488 488 253 253 488 488 488 249 480 0 418 418 418 418 418 418 178 4 162 418 418 418 0 132 386 0 386 386 418 418 34 386 386 
365 365 5 0 488 488 492 489 0 489 489 488 489 488 448 456 488 488 492 493 493 488 488 128 488 488 488 488 488 488 448 488 488 489 249 488 488 418 418 416 418 418 418 0 386 418 418 418 418 386 152 152 386 386 418 418 418 418 386 
492 492 492 492 492 488 489 488 0 488 489 489 489 488 488 448 488 232 493 493 493 488 488 493 488 488 488 488 488 488 488 488 488 489 488 418 418 489 0 192 0 418 418 386 418 418 418 418 418 386 418 386 418 418 160 418 5 418 418 
492 492 0 492 492 488 488 488 488 488 488 488 488 489 489 489 489 492 492 0 488 488 488 488 488 488 488 488 488 488 488 488 488 489 418 418 418 418 489 489 418 290 418 418 418 418 386 0 418 386 418 386 386 418 418 5 418 0 418 
492 492 492 492 488 492 488 488 488 0 488 488 488 489 489 489 489 493 492 488 493 493 493 128 488 488 488 488 488 488 488 488 392 488 489 488 489 418 489 0 418 418 0 0 0 386 0 0 418 418 418 418 386 418 129 0 386 418 160 
492 492 492 492 492 488 488 488 488 489 488 488 488 488 488 489 489 489 489 488 493 493 493 493 493 488 488 488 0 488 488 488 488 0 418 488 489 418 418 418 418 34 386 418 386 386 0 386 192 418 418 418 0 418 450 32 0 418 4 
492 0 492 492 0 492 396 488 488 488 488 489 489 488 488 488 488 488 489 493 493 493 493 493 493 320 488 5 488 488 488 488 488 488 0 488 418 489 488 418 418 418 418 386 418 418 386 386 418 418 418 384 386 386 450 418 418 386 418 
492 492 492 492 492 492 456 456 489 489 488 488 488 488 488 448 488 489 489 489 489 1 493 493 0 489 488 160 488 488 488 488 488 488 488 488 418 489 489 488 0 386 386 456 386 418 418 162 418 386 386 0 450 386 386 418 418 386 418 
492 0 492 492 460 460 456 0 456 456 488 488 488 488 488 448 0 488 493 489 489 489 493 493 488 488 488 488 488 488 488 488 488 64 489 0 489 489 489 488 489 480 456 228 456 418 418 162 418 386 386 0 450 450 450 450 450 418 418 
0 492 492 492 460 460 456 456 456 488 488 0 488 456 0 0 488 488 493 489 489 493 493 493 493 488 488 488 488 488 64 488 488 489 488 488 488 0 489 488 488 456 456 456 0 0 418 418 0 386 386 386 450 0 450 450 450 416 416 
