# org_id,org_cellx,org_celly,org_forage_target,org_group_id,org_facing
70368701,9,21,-1,-1,4
70370449,17,15,-1,-1,6
70372178,43,36,-1,-1,2
70368195,49,52,-1,-1,0
70369533,35,47,-1,-1,1
70367609,31,19,-1,-1,5
70374271,52,41,-1,-1,0
70375021,4,24,-1,-1,0
70373660,21,14,-1,-1,5
70375107,22,14,-1,-1,7
70372483,39,41,-1,-1,1
70363353,32,14,-1,-1,5
70367566,1,48,-1,-1,3
70374167,9,55,-1,-1,7
70374401,21,37,-1,-1,0
70370703,35,7,-1,-1,4
70375239,11,47,-1,-1,5
70374726,13,34,-1,-1,6
70369047,24,49,-1,-1,2
70374783,23,56,-1,-1,4
70374466,5,5,-1,-1,6
70372815,10,13,-1,-1,6
70370693,39,47,-1,-1,7
70371680,33,14,-1,-1,0
70370874,38,30,-1,-1,5
70373511,22,0,-1,-1,2
70372909,31,11,-1,-1,0
70375515,35,21,-1,-1,1
70370790,0,37,-1,-1,7
70373592,6,49,-1,-1,5
70374435,47,35,-1,-1,0
70375147,49,55,-1,-1,7
70365881,0,21,-1,-1,3
70374732,2,36,-1,-1,1
70373026,5,27,-1,-1,3
70375337,7,29,-1,-1,7
70374269,13,7,-1,-1,3
70375140,2,52,-1,-1,3
70371842,40,42,-1,-1,4
70373109,17,42,-1,-1,5
70374974,4,47,-1,-1,1
70364516,14,6,-1,-1,0
70374521,57,48,-1,-1,1
70371008,1,38,-1,-1,0
70372290,50,19,-1,-1,7
70375318,1,5,-1,-1,5
70375579,44,28,-1,-1,3
70375472,13,38,-1,-1,0
70372077,20,36,-1,-1,4
70351958,17,52,-1,-1,6
70374334,26,40,-1,-1,3
70371809,9,54,-1,-1,6
70371792,26,30,-1,-1,4
70374057,21,8,-1,-1,1
70370377,33,4,-1,-1,6
70372182,45,18,-1,-1,0
70373526,29,34,-1,-1,7
70372427,6,4,-1,-1,7
70373661,57,57,-1,-1,4
70375305,8,34,-1,-1,3
70375123,8,17,-1,-1,1
70375034,43,25,-1,-1,4
70374952,53,39,-1,-1,7
70372295,47,33,-1,-1,6
70370107,1,22,-1,-1,2
70369508,20,26,-1,-1,5
70375171,33,35,-1,-1,3
70374312,34,56,-1,-1,1
70375069,50,29,-1,-1,6
70374518,44,20,-1,-1,5
70374888,37,3,-1,-1,6
70374159,10,40,-1,-1,7
70375309,34,38,-1,-1,6
70362034,48,17,-1,-1,4
70373187,50,7,-1,-1,3
70368385,32,51,-1,-1,0
70375490,18,52,-1,-1,2
70375640,54,23,-1,-1,6
70375310,8,56,-1,-1,3
70374566,33,48,-1,-1,1
70371266,23,40,-1,-1,6
70373705,46,55,-1,-1,1
70373162,57,0,-1,-1,6
70374503,45,45,-1,-1,5
70372433,18,2,-1,-1,7
70375226,20,24,-1,-1,6
70373682,53,17,-1,-1,6
70373938,2,5,-1,-1,4
70371331,53,19,-1,-1,0
70375003,35,3,-1,-1,7
70375266,7,28,-1,-1,4
70371045,27,48,-1,-1,4
70367238,9,8,-1,-1,7
70374956,11,35,-1,-1,2
70373582,12,22,-1,-1,6
70372337,32,12,-1,-1,3
70371659,38,5,-1,-1,0
70373075,45,52,-1,-1,4
70374175,35,53,-1,-1,5
70374456,50,38,-1,-1,2
70373064,2,9,-1,-1,6
70374917,8,25,-1,-1,0
70362496,40,26,-1,-1,7
70368473,58,32,-1,-1,1
70370672,53,27,-1,-1,2
70371674,49,43,-1,-1,6
70370454,53,7,-1,-1,6
70374104,34,16,-1,-1,3
70369415,29,25,-1,-1,2
70373854,40,5,-1,-1,5
70374388,9,53,-1,-1,3
70373071,6,43,-1,-1,3
70374729,18,1,-1,-1,4
70373303,32,0,-1,-1,3
70371197,1,57,-1,-1,5
70375279,25,17,-1,-1,1
70371922,8,54,-1,-1,7
70372477,27,35,-1,-1,0
70365500,14,44,-1,-1,1
70375108,56,49,-1,-1,7
70374579,47,49,-1,-1,0
70375236,33,3,-1,-1,7
70374384,45,14,-1,-1,3
70367663,14,36,-1,-1,5
70374497,57,32,-1,-1,6
70375333,31,42,-1,-1,5
70371261,9,19,-1,-1,3
70368284,56,44,-1,-1,3
70375532,27,44,-1,-1,4
70367702,20,31,-1,-1,0
70371956,14,1,-1,-1,7
70370966,9,57,-1,-1,7
70374928,57,46,-1,-1,5
70365061,42,17,-1,-1,7
70372988,39,10,-1,-1,3
70373292,1,16,-1,-1,5
70374591,25,48,-1,-1,7
70372256,28,26,-1,-1,4
70374114,40,6,-1,-1,3
70375280,3,34,-1,-1,1
70373442,26,55,-1,-1,2
70373876,49,51,-1,-1,7
70370044,48,8,-1,-1,1
70375427,7,10,-1,-1,0
70364085,24,1,-1,-1,3
70373771,45,21,-1,-1,6
70368351,15,6,-1,-1,2
70374534,2,54,-1,-1,0
70375139,4,23,-1,-1,1
70368474,24,2,-1,-1,2
70370507,27,50,-1,-1,0
70375231,25,8,-1,-1,2
70375274,34,14,-1,-1,6
70370898,38,51,-1,-1,7
70374084,11,57,-1,-1,7
70374026,58,27,-1,-1,7
70369443,54,10,-1,-1,0
70367875,48,7,-1,-1,0
70367576,45,28,-1,-1,6
70372325,30,56,-1,-1,2
70368499,9,27,-1,-1,5
70373212,10,33,-1,-1,1
70372492,47,7,-1,-1,6
70368925,21,11,-1,-1,5
70372429,47,17,-1,-1,5
70374257,56,10,-1,-1,3
70375010,49,7,-1,-1,2
70373467,38,36,-1,-1,7
70373415,49,34,-1,-1,0
70371532,39,30,-1,-1,5
70371776,9,17,-1,-1,4
70366339,8,44,-1,-1,3
70375627,1,46,-1,-1,2
70368737,14,58,-1,-1,5
70373022,36,42,-1,-1,6
70372487,30,26,-1,-1,1
70374773,49,30,-1,-1,6
70352897,58,10,-1,-1,3
70371620,19,33,-1,-1,4
70369364,1,44,-1,-1,7
70373846,47,27,-1,-1,6
70373820,28,7,-1,-1,6
70373692,43,5,-1,-1,4
70366007,19,14,-1,-1,5
70374183,31,47,-1,-1,3
70374377,32,11,-1,-1,4
70374877,36,1,-1,-1,0
70375356,49,35,-1,-1,0
70370571,15,16,-1,-1,0
70374833,31,31,-1,-1,1
70371060,4,25,-1,-1,1
70366538,40,8,-1,-1,0
70367298,3,57,-1,-1,5
70368135,13,30,-1,-1,3
70375513,16,24,-1,-1,1
70375409,46,21,-1,-1,2
70373031,13,21,-1,-1,1
70374251,33,19,-1,-1,2
70372905,28,51,-1,-1,7
70372535,43,24,-1,-1,1
70373996,31,13,-1,-1,2
70369712,46,34,-1,-1,5
70374382,38,23,-1,-1,4
70374633,13,9,-1,-1,5
70370525,26,15,-1,-1,5
70372417,21,19,-1,-1,4
70364291,44,19,-1,-1,0
70375524,20,25,-1,-1,1
70369657,38,24,-1,-1,3
70374366,49,28,-1,-1,6
70373587,5,22,-1,-1,2
70371833,24,41,-1,-1,4
70375131,42,50,-1,-1,0
70375410,37,7,-1,-1,2
70368248,53,58,-1,-1,6
70373918,19,20,-1,-1,1
70374051,3,36,-1,-1,2
70374052,9,24,-1,-1,1
70368421,0,24,-1,-1,0
70371592,16,20,-1,-1,5
70373998,3,30,-1,-1,6
70369556,6,44,-1,-1,6
70374552,54,18,-1,-1,0
70375435,12,52,-1,-1,2
70373914,45,15,-1,-1,1
70374344,21,7,-1,-1,7
70374302,55,9,-1,-1,7
70365624,50,50,-1,-1,1
70373297,19,13,-1,-1,2
70374902,27,53,-1,-1,6
70373051,5,17,-1,-1,4
70370752,11,4,-1,-1,2
70373806,14,38,-1,-1,0
70368561,38,56,-1,-1,3
70374214,42,5,-1,-1,6
70372158,24,44,-1,-1,4
70371512,41,38,-1,-1,0
70374904,3,23,-1,-1,5
70367760,30,22,-1,-1,5
70371373,27,14,-1,-1,7
70365665,28,16,-1,-1,1
70372659,17,38,-1,-1,1
70369896,28,27,-1,-1,2
70367585,34,1,-1,-1,1
70373428,8,11,-1,-1,0
70374834,11,51,-1,-1,6
70367883,2,51,-1,-1,6
70362375,8,10,-1,-1,7
70366402,32,6,-1,-1,6
70374847,15,13,-1,-1,6
70368670,53,22,-1,-1,0
70370793,48,20,-1,-1,3
70371919,26,41,-1,-1,6
70374417,34,55,-1,-1,1
70375347,4,17,-1,-1,2
70374408,40,32,-1,-1,1
70375067,1,19,-1,-1,7
70374481,49,26,-1,-1,0
70374680,43,8,-1,-1,6
70374702,42,48,-1,-1,1
70375553,56,3,-1,-1,2
70364772,29,35,-1,-1,7
70375421,37,48,-1,-1,1
70372190,49,8,-1,-1,7
70375373,46,4,-1,-1,3
70375062,45,24,-1,-1,2
70371816,53,5,-1,-1,4
70374117,46,35,-1,-1,6
70374933,30,0,-1,-1,3
70372630,39,57,-1,-1,0
70373281,36,51,-1,-1,4
70375343,45,50,-1,-1,1
70370643,42,24,-1,-1,4
70373886,6,26,-1,-1,3
70371292,7,46,-1,-1,6
70375149,43,4,-1,-1,7
70370761,42,38,-1,-1,3
70373161,23,8,-1,-1,1
70373277,7,20,-1,-1,6
70375407,46,50,-1,-1,4
70367151,23,52,-1,-1,6
70371764,43,10,-1,-1,7
70374701,36,46,-1,-1,2
70371052,56,0,-1,-1,2
70374186,19,3,-1,-1,4
70373887,22,9,-1,-1,4
70374943,50,31,-1,-1,6
70370677,38,11,-1,-1,7
70372402,12,35,-1,-1,7
70373928,15,2,-1,-1,7
70375334,25,35,-1,-1,5
70370568,36,19,-1,-1,0
70374668,35,42,-1,-1,4
70374683,2,29,-1,-1,5
70375547,46,52,-1,-1,5
70372397,7,50,-1,-1,5
70367479,38,21,-1,-1,4
70369021,2,28,-1,-1,5
70374674,29,1,-1,-1,4
70370180,42,35,-1,-1,7
70374808,34,8,-1,-1,2
70371869,0,23,-1,-1,5
70372874,0,18,-1,-1,6
70373431,32,57,-1,-1,3
70375143,33,47,-1,-1,1
70374252,46,43,-1,-1,4
70370218,44,36,-1,-1,4
70374890,6,16,-1,-1,4
70374606,29,29,-1,-1,0
70371730,13,15,-1,-1,7
70374210,54,29,-1,-1,7
70369016,29,4,-1,-1,3
70373230,37,2,-1,-1,3
70374574,49,19,-1,-1,5
70375367,39,49,-1,-1,1
70369901,6,2,-1,-1,1
70375037,51,36,-1,-1,2
70361894,31,25,-1,-1,2
70372871,52,56,-1,-1,4
70374483,56,13,-1,-1,6
70373007,51,16,-1,-1,1
70373515,23,35,-1,-1,1
70371576,20,41,-1,-1,6
70370028,15,34,-1,-1,6
70360979,26,10,-1,-1,5
70375290,29,51,-1,-1,6
70375505,6,56,-1,-1,6
70374395,10,35,-1,-1,4
70373765,21,45,-1,-1,0
70374048,49,39,-1,-1,0
70372966,53,18,-1,-1,3
70372922,55,36,-1,-1,0
70375594,54,54,-1,-1,1
70369503,53,28,-1,-1,2
70374137,54,31,-1,-1,5
70371394,21,25,-1,-1,0
70375157,54,51,-1,-1,7
70368374,7,16,-1,-1,2
70375028,32,9,-1,-1,5
70368013,5,56,-1,-1,7
70373438,1,39,-1,-1,0
70375577,18,20,-1,-1,1
70374177,28,58,-1,-1,5
70370297,13,36,-1,-1,1
70375473,39,28,-1,-1,0
70373764,57,35,-1,-1,0
70375324,8,29,-1,-1,5
70364028,27,38,-1,-1,5
70374906,54,19,-1,-1,4
70374218,23,13,-1,-1,0
70371525,2,16,-1,-1,1
70375639,48,24,-1,-1,4
70373726,16,51,-1,-1,6
70372822,25,27,-1,-1,3
70372491,34,30,-1,-1,4
70368578,34,47,-1,-1,6
70369674,27,7,-1,-1,7
70372314,1,30,-1,-1,6
70375141,53,3,-1,-1,6
70373869,9,18,-1,-1,5
70375170,55,3,-1,-1,2
70366887,39,9,-1,-1,5
70374911,9,22,-1,-1,0
70373678,2,2,-1,-1,1
70368730,58,1,-1,-1,4
70371974,25,58,-1,-1,2
70375136,47,29,-1,-1,2
70374383,44,38,-1,-1,3
70375550,12,44,-1,-1,5
70374811,35,17,-1,-1,5
70374588,33,2,-1,-1,4
70374669,44,29,-1,-1,0
70375494,26,7,-1,-1,4
70374578,51,15,-1,-1,5
70370721,55,58,-1,-1,6
70374092,45,13,-1,-1,6
70374301,18,23,-1,-1,0
70373721,40,0,-1,-1,4
70373270,43,53,-1,-1,7
70373824,50,1,-1,-1,0
70375100,9,37,-1,-1,3
70375125,39,15,-1,-1,0
70372511,46,39,-1,-1,1
70375411,58,28,-1,-1,1
70373331,40,23,-1,-1,2
70371546,31,43,-1,-1,5
70371247,9,25,-1,-1,3
70375419,23,5,-1,-1,4
70375552,46,6,-1,-1,0
70371416,2,41,-1,-1,7
70370305,43,26,-1,-1,4
70374212,19,7,-1,-1,3
70374599,57,33,-1,-1,6
70368704,5,3,-1,-1,3
70375396,30,34,-1,-1,6
70369598,56,29,-1,-1,5
70375296,20,50,-1,-1,6
70374283,33,54,-1,-1,1
70374011,22,40,-1,-1,1
70373615,46,57,-1,-1,7
70373950,8,41,-1,-1,6
70368681,43,50,-1,-1,4
70372965,56,48,-1,-1,3
70375503,18,0,-1,-1,0
70372688,37,44,-1,-1,0
70375110,17,56,-1,-1,0
70371361,46,32,-1,-1,1
70372678,52,31,-1,-1,0
70373382,54,2,-1,-1,2
70367429,29,32,-1,-1,5
70373300,13,17,-1,-1,1
70371590,7,18,-1,-1,3
70374243,30,2,-1,-1,7
70373508,3,33,-1,-1,1
70375615,17,40,-1,-1,2
70374881,41,44,-1,-1,2
70373469,2,18,-1,-1,5
70374583,19,8,-1,-1,3
70369824,30,35,-1,-1,5
70372344,41,49,-1,-1,7
70373028,19,45,-1,-1,5
70373568,30,49,-1,-1,0
70369759,53,41,-1,-1,0
70374722,12,48,-1,-1,0
70372024,31,18,-1,-1,3
70367218,52,28,-1,-1,2
70375599,25,0,-1,-1,6
70374697,23,22,-1,-1,4
70375559,13,1,-1,-1,1
70368386,23,0,-1,-1,4
70374490,16,36,-1,-1,6
70372013,36,24,-1,-1,7
70372272,27,30,-1,-1,2
70368823,21,38,-1,-1,7
70374502,42,40,-1,-1,5
70374245,56,19,-1,-1,4
70374874,41,55,-1,-1,1
70374595,29,15,-1,-1,4
70370951,58,4,-1,-1,6
70375238,45,46,-1,-1,3
70367715,26,11,-1,-1,1
70373657,38,22,-1,-1,4
70373980,19,47,-1,-1,2
70371738,34,39,-1,-1,1
70374728,56,46,-1,-1,5
70373911,43,41,-1,-1,7
70373419,47,47,-1,-1,1
70374510,56,23,-1,-1,3
70369396,51,27,-1,-1,3
70372763,56,51,-1,-1,0
70373700,26,45,-1,-1,5
70375118,56,58,-1,-1,6
70372326,55,29,-1,-1,1
70357061,4,44,-1,-1,1
70371871,41,56,-1,-1,3
70375220,13,16,-1,-1,7
70375520,36,3,-1,-1,7
70370075,21,31,-1,-1,3
70370553,15,11,-1,-1,6
70375447,17,8,-1,-1,7
70373142,38,57,-1,-1,6
70374533,36,2,-1,-1,1
70372737,56,25,-1,-1,7
70374126,19,25,-1,-1,1
70359405,35,36,-1,-1,2
70373516,31,23,-1,-1,2
70371946,26,35,-1,-1,0
70371920,56,21,-1,-1,6
70372639,55,45,-1,-1,4
70375563,21,2,-1,-1,2
70374749,3,17,-1,-1,2
70375395,11,38,-1,-1,5
70367522,27,2,-1,-1,5
70371676,26,21,-1,-1,3
70373974,28,15,-1,-1,0
70373760,41,20,-1,-1,5
70374541,24,12,-1,-1,3
70371627,12,38,-1,-1,4
70374181,29,18,-1,-1,7
70375038,43,46,-1,-1,0
70369128,40,21,-1,-1,7
70375377,1,42,-1,-1,1
70368459,53,23,-1,-1,0
70374270,10,5,-1,-1,6
70365842,34,0,-1,-1,6
70371192,27,29,-1,-1,4
70375202,6,32,-1,-1,6
70370199,31,57,-1,-1,4
70372760,14,28,-1,-1,0
70368977,7,30,-1,-1,1
70374179,52,6,-1,-1,1
70372140,42,43,-1,-1,5
70371405,46,36,-1,-1,0
70372157,53,46,-1,-1,0
70375433,52,3,-1,-1,6
70374788,4,29,-1,-1,7
70371383,14,41,-1,-1,6
70372649,29,20,-1,-1,4
70375507,34,5,-1,-1,2
70373129,24,8,-1,-1,7
70374485,54,7,-1,-1,1
70372239,56,11,-1,-1,3
70374741,39,52,-1,-1,3
70370860,58,18,-1,-1,2
70371285,3,7,-1,-1,2
70368806,37,43,-1,-1,1
70372689,45,9,-1,-1,3
70368982,7,45,-1,-1,7
70373038,36,0,-1,-1,3
70373956,20,5,-1,-1,3
70375418,51,41,-1,-1,7
70372348,4,26,-1,-1,3
70371093,23,11,-1,-1,1
70367936,28,8,-1,-1,5
70371451,32,45,-1,-1,4
70371934,55,5,-1,-1,6
70373943,26,34,-1,-1,6
70370557,7,3,-1,-1,3
70375589,2,20,-1,-1,4
70369730,10,15,-1,-1,3
70374209,53,47,-1,-1,3
70373644,7,33,-1,-1,3
70366497,10,38,-1,-1,3
70374968,14,52,-1,-1,4
70374713,21,58,-1,-1,7
70372578,18,17,-1,-1,6
70374017,19,17,-1,-1,7
70373651,56,53,-1,-1,3
70369711,46,3,-1,-1,4
70374070,52,55,-1,-1,5
70367770,16,17,-1,-1,0
70370447,13,13,-1,-1,7
70372951,12,23,-1,-1,3
70368859,15,1,-1,-1,3
70372972,55,15,-1,-1,4
70374893,21,15,-1,-1,7
70361346,8,42,-1,-1,4
70369668,15,24,-1,-1,1
70375431,10,7,-1,-1,4
70369126,48,10,-1,-1,6
70374846,4,22,-1,-1,6
70372785,42,58,-1,-1,4
70375416,7,53,-1,-1,7
70374983,13,12,-1,-1,4
70373017,2,31,-1,-1,4
70369208,23,9,-1,-1,5
70375178,50,26,-1,-1,0
70375554,53,36,-1,-1,2
70366641,48,3,-1,-1,0
70374900,21,40,-1,-1,0
70371606,28,13,-1,-1,7
70369274,26,44,-1,-1,0
70369969,39,4,-1,-1,3
70371189,38,14,-1,-1,1
70367763,35,50,-1,-1,6
70374934,42,0,-1,-1,6
70373483,44,17,-1,-1,4
70372598,4,15,-1,-1,5
70374546,14,31,-1,-1,3
70374754,35,12,-1,-1,6
70374359,6,51,-1,-1,7
70364247,49,38,-1,-1,6
70374246,14,3,-1,-1,0
70374010,41,4,-1,-1,3
70374403,29,42,-1,-1,0
70374937,54,39,-1,-1,7
70372530,10,22,-1,-1,5
70364381,44,3,-1,-1,0
70374354,24,10,-1,-1,4
70372958,11,6,-1,-1,1
70372168,46,29,-1,-1,0
70375558,21,1,-1,-1,2
70371793,13,42,-1,-1,5
70375270,20,15,-1,-1,4
70373833,13,45,-1,-1,7
70369577,6,22,-1,-1,5
70374982,10,0,-1,-1,4
70374939,3,12,-1,-1,1
70375162,35,1,-1,-1,0
70370657,35,10,-1,-1,5
70368569,53,14,-1,-1,0
70368665,30,17,-1,-1,2
70374107,25,31,-1,-1,6
70374091,25,16,-1,-1,0
70374794,50,4,-1,-1,3
70375211,2,33,-1,-1,0
70372212,11,24,-1,-1,0
70373392,5,41,-1,-1,0
70369640,5,20,-1,-1,5
70369920,28,9,-1,-1,5
70371175,57,47,-1,-1,3
70375581,58,6,-1,-1,4
70374517,41,21,-1,-1,3
70372783,29,0,-1,-1,7
70371785,24,23,-1,-1,2
70375546,47,38,-1,-1,0
70369795,19,34,-1,-1,7
70367049,54,3,-1,-1,2
70375335,34,32,-1,-1,2
70373090,9,34,-1,-1,7
70371490,53,30,-1,-1,4
70372531,21,39,-1,-1,4
70373603,24,46,-1,-1,0
70374473,6,21,-1,-1,3
70374844,53,37,-1,-1,2
70373662,42,28,-1,-1,2
70370972,40,24,-1,-1,4
70370533,0,55,-1,-1,7
70368050,21,47,-1,-1,6
70374099,22,39,-1,-1,0
70375184,39,29,-1,-1,5
70371450,3,1,-1,-1,1
70374961,17,18,-1,-1,4
70373861,54,15,-1,-1,4
70372539,19,35,-1,-1,7
70373131,55,21,-1,-1,7
70365101,0,58,-1,-1,1
70374407,11,46,-1,-1,5
70374322,18,55,-1,-1,7
70374542,10,2,-1,-1,1
70371640,55,20,-1,-1,1
70374451,22,23,-1,-1,4
70371042,50,34,-1,-1,5
70370017,15,14,-1,-1,1
70367924,16,7,-1,-1,6
70373386,11,44,-1,-1,3
70375095,16,10,-1,-1,0
70375483,17,39,-1,-1,5
70373407,22,11,-1,-1,2
70362677,6,36,-1,-1,6
70374005,5,34,-1,-1,2
70362350,3,8,-1,-1,0
70373997,14,5,-1,-1,6
70375568,26,33,-1,-1,0
70366546,24,15,-1,-1,1
70373389,27,13,-1,-1,2
70373319,3,41,-1,-1,6
70367917,29,14,-1,-1,1
70375053,29,27,-1,-1,5
70375381,28,30,-1,-1,0
70375251,2,38,-1,-1,2
70373737,43,2,-1,-1,4
70375512,44,13,-1,-1,5
70370482,34,12,-1,-1,6
70373613,33,13,-1,-1,4
70375364,39,1,-1,-1,7
70371972,18,14,-1,-1,2
70372465,29,39,-1,-1,1
70373664,11,14,-1,-1,5
70370440,14,30,-1,-1,5
70370155,53,34,-1,-1,6
70374355,43,42,-1,-1,6
70371579,36,25,-1,-1,5
70372514,9,15,-1,-1,7
70374986,51,10,-1,-1,5
70366642,29,37,-1,-1,3
70362502,10,44,-1,-1,2
70370836,29,50,-1,-1,6
70374734,45,36,-1,-1,3
70374955,18,18,-1,-1,7
70370583,7,57,-1,-1,5
70373351,31,48,-1,-1,7
70375531,22,25,-1,-1,6
70369006,49,48,-1,-1,4
70368862,20,54,-1,-1,4
70373284,32,39,-1,-1,1
70372623,42,22,-1,-1,3
70372547,41,46,-1,-1,4
70373236,44,30,-1,-1,5
70375300,21,56,-1,-1,1
70369613,8,5,-1,-1,3
70371050,57,51,-1,-1,5
70360293,44,44,-1,-1,6
70368095,33,17,-1,-1,5
70374981,35,37,-1,-1,1
70365349,23,23,-1,-1,0
70371205,30,47,-1,-1,1
70375623,28,32,-1,-1,4
70374797,42,13,-1,-1,2
70370350,56,47,-1,-1,6
70373422,18,32,-1,-1,3
70371487,24,20,-1,-1,7
70375329,24,11,-1,-1,7
70374690,28,3,-1,-1,6
70369363,4,3,-1,-1,1
70371067,14,0,-1,-1,2
70373948,31,7,-1,-1,5
70374678,27,17,-1,-1,6
70373635,7,52,-1,-1,6
70374891,16,16,-1,-1,6
70375569,58,40,-1,-1,1
70375098,5,57,-1,-1,6
70374274,51,7,-1,-1,0
70372713,40,53,-1,-1,4
70373877,9,31,-1,-1,2
70373873,50,30,-1,-1,1
70369551,32,44,-1,-1,5
70373184,24,14,-1,-1,5
70375111,39,20,-1,-1,6
70372633,19,19,-1,-1,5
70374909,20,23,-1,-1,7
70375024,23,37,-1,-1,2
70374402,13,58,-1,-1,2
70374487,21,52,-1,-1,6
70370676,56,33,-1,-1,4
70371062,22,58,-1,-1,4
70366113,44,2,-1,-1,5
70373818,50,45,-1,-1,2
70368245,5,48,-1,-1,5
70373688,2,55,-1,-1,2
70375222,17,22,-1,-1,0
70366883,47,21,-1,-1,5
70372698,13,49,-1,-1,6
70370080,27,4,-1,-1,0
70373165,6,30,-1,-1,2
70371808,29,10,-1,-1,1
70374204,51,8,-1,-1,4
70373145,9,23,-1,-1,7
70368767,11,20,-1,-1,7
70373814,10,20,-1,-1,7
70375567,28,53,-1,-1,3
70369590,43,12,-1,-1,3
70374673,17,51,-1,-1,1
70371682,23,53,-1,-1,5
70371845,50,0,-1,-1,0
70371467,0,15,-1,-1,5
70375385,7,21,-1,-1,3
70363953,4,5,-1,-1,4
70373937,6,50,-1,-1,5
70375106,14,43,-1,-1,2
70366627,58,55,-1,-1,6
70372954,6,58,-1,-1,5
70372974,19,0,-1,-1,5
70355798,6,9,-1,-1,1
70375561,54,56,-1,-1,2
70375281,42,57,-1,-1,3
70374629,0,17,-1,-1,2
70374075,7,1,-1,-1,5
70373325,24,39,-1,-1,1
70372583,7,55,-1,-1,5
70374406,17,5,-1,-1,2
70374074,24,24,-1,-1,2
70374061,54,40,-1,-1,5
70373215,51,33,-1,-1,5
70373186,49,57,-1,-1,4
70373450,51,24,-1,-1,1
70371193,23,31,-1,-1,0
70369174,18,43,-1,-1,4
70372791,49,32,-1,-1,0
70373841,20,18,-1,-1,0
70369037,14,19,-1,-1,2
70375344,2,43,-1,-1,3
70370830,24,30,-1,-1,0
70368400,27,42,-1,-1,6
70373775,30,9,-1,-1,7
70369636,33,55,-1,-1,5
70374128,49,54,-1,-1,5
70370042,1,12,-1,-1,1
70375397,52,27,-1,-1,5
70368906,35,16,-1,-1,1
70375197,46,46,-1,-1,2
70370924,55,7,-1,-1,1
70373799,39,50,-1,-1,1
70371399,54,44,-1,-1,2
70374004,52,42,-1,-1,7
70374843,22,17,-1,-1,2
70372098,49,25,-1,-1,0
70373423,9,45,-1,-1,4
70374740,16,6,-1,-1,6
70372223,5,21,-1,-1,3
70371608,5,14,-1,-1,6
70375417,15,40,-1,-1,0
70372437,3,18,-1,-1,3
70370855,41,22,-1,-1,5
70375457,30,36,-1,-1,0
70371825,42,56,-1,-1,2
70374440,45,32,-1,-1,0
70370728,30,43,-1,-1,5
70373933,38,33,-1,-1,3
70371921,39,21,-1,-1,6
70370647,27,3,-1,-1,1
70375177,24,56,-1,-1,7
70367349,6,5,-1,-1,7
70375346,32,52,-1,-1,0
70373970,1,51,-1,-1,7
70374458,14,34,-1,-1,1
70375015,28,47,-1,-1,3
70372398,37,32,-1,-1,7
70374085,57,53,-1,-1,0
70374853,51,18,-1,-1,5
70373650,56,18,-1,-1,4
70375540,38,12,-1,-1,5
70369541,5,30,-1,-1,4
70363445,25,20,-1,-1,3
70375263,40,54,-1,-1,6
70372385,3,54,-1,-1,2
70375626,8,48,-1,-1,3
70374189,52,22,-1,-1,5
70375233,53,20,-1,-1,0
70373829,47,39,-1,-1,3
70363247,1,50,-1,-1,5
70374236,6,15,-1,-1,1
70357304,14,55,-1,-1,0
70374331,10,9,-1,-1,2
70375478,13,50,-1,-1,4
70372759,51,13,-1,-1,0
70372498,39,33,-1,-1,7
70371521,50,40,-1,-1,1
70375032,14,25,-1,-1,7
70370604,41,30,-1,-1,1
70373144,35,48,-1,-1,1
70374508,29,5,-1,-1,7
70358301,51,37,-1,-1,0
70367907,47,30,-1,-1,2
70374593,32,24,-1,-1,2
70372891,28,38,-1,-1,2
70373905,34,23,-1,-1,2
70375041,26,28,-1,-1,7
70375331,50,2,-1,-1,7
70373752,39,3,-1,-1,5
70370161,21,51,-1,-1,1
70375137,18,34,-1,-1,7
70375638,37,13,-1,-1,7
70371748,45,6,-1,-1,7
70374072,21,46,-1,-1,6
70375614,15,3,-1,-1,2
70372251,30,7,-1,-1,3
70375348,19,26,-1,-1,1
70374785,20,40,-1,-1,5
70375210,10,37,-1,-1,4
70371054,23,15,-1,-1,4
70374093,25,57,-1,-1,7
70374196,28,31,-1,-1,5
70371757,40,22,-1,-1,6
70365608,57,18,-1,-1,7
70369240,0,14,-1,-1,4
70373655,53,42,-1,-1,5
70375124,26,50,-1,-1,4
70375307,6,6,-1,-1,4
70375065,25,28,-1,-1,2
70374453,40,3,-1,-1,7
70375353,20,17,-1,-1,3
70370637,9,49,-1,-1,2
70373589,16,25,-1,-1,0
70372726,4,8,-1,-1,3
70370093,45,51,-1,-1,2
70375613,20,14,-1,-1,7
70369854,38,39,-1,-1,5
70373942,50,55,-1,-1,4
70375350,7,12,-1,-1,4
70372296,1,33,-1,-1,7
70375156,10,29,-1,-1,0
70372090,6,41,-1,-1,2
70364502,12,45,-1,-1,1
70372818,28,0,-1,-1,3
70374512,38,48,-1,-1,6
70373827,51,26,-1,-1,2
70361888,35,6,-1,-1,1
70373446,29,21,-1,-1,2
70375636,15,19,-1,-1,6
70373016,12,3,-1,-1,4
70373982,30,16,-1,-1,7
70369345,57,29,-1,-1,5
70372929,17,48,-1,-1,7
70375130,32,27,-1,-1,6
70373968,48,21,-1,-1,7
70367803,11,55,-1,-1,7
70373348,43,57,-1,-1,0
70372261,30,29,-1,-1,0
70372604,39,39,-1,-1,1
70373862,7,48,-1,-1,6
70375434,26,52,-1,-1,2
70373807,7,17,-1,-1,4
70364285,56,22,-1,-1,5
70374163,27,9,-1,-1,0
70373992,41,45,-1,-1,7
70369195,53,15,-1,-1,6
70370175,48,57,-1,-1,3
70370401,35,54,-1,-1,7
70375384,26,9,-1,-1,3
70373738,10,30,-1,-1,1
70374630,41,13,-1,-1,3
70372266,25,4,-1,-1,5
70375084,7,51,-1,-1,1
70374273,36,47,-1,-1,4
70373878,25,43,-1,-1,7
70374858,56,35,-1,-1,0
70375354,57,30,-1,-1,4
70375502,23,10,-1,-1,5
70372129,15,15,-1,-1,7
70370777,46,15,-1,-1,2
70375573,36,36,-1,-1,1
70373652,51,38,-1,-1,4
70368359,8,21,-1,-1,4
70373288,9,35,-1,-1,6
70367591,13,51,-1,-1,4
70364765,49,0,-1,-1,5
70374281,33,26,-1,-1,2
70371761,0,50,-1,-1,4
70374604,55,37,-1,-1,5
70374718,57,11,-1,-1,1
70373152,5,13,-1,-1,0
70374812,37,11,-1,-1,0
70372991,38,49,-1,-1,5
70374275,19,16,-1,-1,7
70372342,6,34,-1,-1,0
70373024,16,49,-1,-1,5
70375465,32,28,-1,-1,4
70370146,37,58,-1,-1,7
70373374,44,55,-1,-1,3
70374231,38,38,-1,-1,6
70374769,8,18,-1,-1,5
70374414,2,23,-1,-1,7
70373958,8,14,-1,-1,2
70374197,10,34,-1,-1,7
70374770,48,18,-1,-1,2
70373019,31,27,-1,-1,6
70373595,49,24,-1,-1,0
70375631,15,9,-1,-1,5
70374587,15,21,-1,-1,4
70374469,23,20,-1,-1,7
70375341,26,48,-1,-1,1
70374720,43,49,-1,-1,0
70370420,38,32,-1,-1,6
70374719,28,20,-1,-1,5
70374912,53,0,-1,-1,4
70375297,21,13,-1,-1,7
70364265,52,26,-1,-1,6
70375533,37,28,-1,-1,2
70368711,42,54,-1,-1,0
70374190,26,2,-1,-1,0
70371216,39,6,-1,-1,5
70373261,34,25,-1,-1,6
70373235,0,27,-1,-1,1
70370852,51,47,-1,-1,5
70373706,27,54,-1,-1,3
70366035,20,49,-1,-1,5
70370314,44,22,-1,-1,5
70369169,19,11,-1,-1,6
70369065,40,27,-1,-1,1
70374650,18,6,-1,-1,2
70371511,38,53,-1,-1,7
70375212,30,45,-1,-1,5
70373703,9,20,-1,-1,2
70375326,31,0,-1,-1,2
70374653,0,30,-1,-1,3
70374540,7,39,-1,-1,0
70369894,30,28,-1,-1,5
70371224,34,10,-1,-1,7
70374409,12,50,-1,-1,1
70370750,13,29,-1,-1,6
70374641,34,33,-1,-1,7
70373675,4,12,-1,-1,1
70369809,41,32,-1,-1,5
70373915,52,18,-1,-1,0
70375087,45,38,-1,-1,5
70371503,22,52,-1,-1,0
70370371,35,19,-1,-1,2
70368675,0,31,-1,-1,7
70373983,51,55,-1,-1,0
70371773,41,1,-1,-1,7
70372627,55,50,-1,-1,0
70375590,10,31,-1,-1,4
70375129,55,23,-1,-1,3
70373119,47,44,-1,-1,5
70368600,46,48,-1,-1,0
70371341,9,42,-1,-1,1
70375105,8,51,-1,-1,4
70375254,19,2,-1,-1,0
70373199,1,14,-1,-1,6
70374397,32,16,-1,-1,2
70375302,16,26,-1,-1,0
70374607,10,55,-1,-1,2
70368120,39,17,-1,-1,3
70363016,39,58,-1,-1,6
70372661,8,13,-1,-1,7
70375079,28,1,-1,-1,0
70364878,3,15,-1,-1,7
70372048,34,26,-1,-1,6
70374582,38,44,-1,-1,2
70374930,53,8,-1,-1,0
70369138,37,1,-1,-1,6
70375259,55,0,-1,-1,2
70375544,17,26,-1,-1,1
70372765,0,9,-1,-1,7
70374457,36,34,-1,-1,4
70367903,30,8,-1,-1,3
70373766,43,35,-1,-1,1
70374255,22,18,-1,-1,2
70368539,2,32,-1,-1,4
70370667,25,49,-1,-1,1
70375469,10,51,-1,-1,5
70375036,15,49,-1,-1,1
70372811,54,49,-1,-1,7
70374058,45,49,-1,-1,1
70371999,53,33,-1,-1,0
70375132,46,54,-1,-1,5
70370087,2,57,-1,-1,1
70372208,27,41,-1,-1,7
70374018,35,38,-1,-1,6
70373849,55,49,-1,-1,7
70365388,37,23,-1,-1,1
70369763,38,26,-1,-1,7
70372216,36,29,-1,-1,7
70375441,34,29,-1,-1,6
70375260,46,38,-1,-1,6
70374047,32,34,-1,-1,4
70374706,3,31,-1,-1,2
70373106,14,50,-1,-1,0
70373735,42,7,-1,-1,0
70375103,18,56,-1,-1,3
70373168,19,31,-1,-1,0
70367727,54,14,-1,-1,4
70372819,50,24,-1,-1,4
70365852,55,32,-1,-1,0
70370179,40,47,-1,-1,4
70373718,36,56,-1,-1,1
70364077,8,58,-1,-1,3
70375403,23,7,-1,-1,4
70369566,32,19,-1,-1,1
70372030,22,29,-1,-1,6
70375420,50,44,-1,-1,0
70374056,26,43,-1,-1,1
70371668,0,44,-1,-1,4
70371613,28,33,-1,-1,3
70373370,19,9,-1,-1,7
70369848,31,41,-1,-1,4
70363945,44,10,-1,-1,7
70375528,24,45,-1,-1,2
70370388,11,12,-1,-1,1
70374111,16,19,-1,-1,5
70372976,19,57,-1,-1,0
70374199,52,10,-1,-1,0
70374995,30,24,-1,-1,1
70373581,35,45,-1,-1,3
70369648,17,41,-1,-1,6
70370078,52,49,-1,-1,0
70365337,9,44,-1,-1,3
70372664,42,3,-1,-1,0
70374434,1,6,-1,-1,5
70370619,19,39,-1,-1,6
70374615,7,24,-1,-1,4
70375316,56,54,-1,-1,6
70366043,57,41,-1,-1,2
70372317,12,16,-1,-1,7
70372032,18,15,-1,-1,4
70369162,27,55,-1,-1,5
70374202,44,5,-1,-1,0
70373046,57,13,-1,-1,3
70375252,52,24,-1,-1,5
70370506,39,55,-1,-1,5
70362607,50,15,-1,-1,1
70372469,47,34,-1,-1,1
70373665,30,53,-1,-1,3
70373095,2,49,-1,-1,4
70375245,48,37,-1,-1,5
70371051,45,48,-1,-1,4
70374784,37,57,-1,-1,2
70373340,4,37,-1,-1,0
70375050,20,0,-1,-1,3
70374798,43,33,-1,-1,4
70374339,47,12,-1,-1,0
70365420,14,49,-1,-1,0
70370346,22,21,-1,-1,4
70375272,44,53,-1,-1,7
70373617,15,5,-1,-1,7
70362344,57,39,-1,-1,0
70375160,19,51,-1,-1,1
70374338,34,37,-1,-1,2
70373013,3,38,-1,-1,0
70375322,57,6,-1,-1,7
70373048,0,32,-1,-1,0
70375454,18,49,-1,-1,5
70371983,16,28,-1,-1,7
70374882,34,51,-1,-1,2
70372262,17,13,-1,-1,1
70369194,27,26,-1,-1,1
70365954,0,39,-1,-1,0
70363395,33,38,-1,-1,1
70370671,7,35,-1,-1,5
70374859,38,18,-1,-1,6
70374336,35,32,-1,-1,4
70375534,47,25,-1,-1,3
70374433,32,18,-1,-1,1
70373715,21,27,-1,-1,5
70374803,0,47,-1,-1,0
70374978,18,42,-1,-1,6
70372904,10,45,-1,-1,7
70368976,12,6,-1,-1,2
70365715,16,13,-1,-1,6
70369707,6,52,-1,-1,3
70369498,52,0,-1,-1,4
70372853,17,28,-1,-1,5
70362807,50,32,-1,-1,1
70373034,34,36,-1,-1,4
70374206,38,25,-1,-1,3
70372648,48,30,-1,-1,1
70374489,26,3,-1,-1,3
70369873,22,15,-1,-1,7
70370375,2,35,-1,-1,5
70373812,58,51,-1,-1,2
70369682,53,43,-1,-1,1
70372864,25,19,-1,-1,2
70373447,32,15,-1,-1,5
70375557,23,49,-1,-1,2
70373091,27,57,-1,-1,2
70373135,10,28,-1,-1,6
70372079,21,12,-1,-1,0
70372826,7,58,-1,-1,0
70372801,43,17,-1,-1,5
70374349,15,41,-1,-1,0
70375070,37,26,-1,-1,4
70374467,27,37,-1,-1,7
70373955,12,31,-1,-1,2
70370923,52,36,-1,-1,1
70366094,31,50,-1,-1,3
70369580,46,44,-1,-1,4
70374610,0,38,-1,-1,2
70372593,16,1,-1,-1,4
70375091,27,15,-1,-1,6
70372596,58,12,-1,-1,5
70372745,43,48,-1,-1,3
70372473,18,38,-1,-1,4
70372995,28,45,-1,-1,3
70374378,30,38,-1,-1,5
70374146,0,43,-1,-1,4
70374760,11,8,-1,-1,2
70373638,20,44,-1,-1,3
70374208,11,13,-1,-1,5
70375400,41,12,-1,-1,7
70375209,17,7,-1,-1,4
70374529,38,16,-1,-1,4
70370578,4,49,-1,-1,0
70373306,37,51,-1,-1,4
70371961,14,21,-1,-1,6
70374795,3,21,-1,-1,2
70374522,21,33,-1,-1,0
70372605,51,52,-1,-1,3
70374019,18,16,-1,-1,1
70374055,25,42,-1,-1,7
70374237,55,33,-1,-1,7
70374810,31,20,-1,-1,1
70371114,4,10,-1,-1,2
70368668,51,21,-1,-1,7
70372538,58,25,-1,-1,1
70371797,23,33,-1,-1,0
70373787,47,43,-1,-1,0
70374738,14,11,-1,-1,3
70374723,37,18,-1,-1,7
70372736,6,55,-1,-1,7
70375415,18,35,-1,-1,6
70374776,50,23,-1,-1,4
70372778,34,15,-1,-1,6
70374635,50,37,-1,-1,7
70371587,13,31,-1,-1,7
70371202,38,3,-1,-1,7
70373237,11,28,-1,-1,0
70371105,10,48,-1,-1,0
70371203,12,15,-1,-1,4
70367740,54,32,-1,-1,5
70375443,38,55,-1,-1,6
70371400,32,23,-1,-1,1
70375244,57,56,-1,-1,5
70374200,14,35,-1,-1,1
70374896,4,7,-1,-1,4
70375489,55,13,-1,-1,4
70372153,58,57,-1,-1,4
70374527,48,15,-1,-1,1
70374506,55,34,-1,-1,7
70365348,32,37,-1,-1,5
70371258,50,5,-1,-1,3
70371024,23,6,-1,-1,3
70373485,47,37,-1,-1,7
70373426,39,48,-1,-1,4
70369211,36,4,-1,-1,6
70375304,42,21,-1,-1,5
70373337,57,25,-1,-1,2
70370006,37,56,-1,-1,6
70372388,7,11,-1,-1,7
70373794,3,19,-1,-1,3
70366424,35,22,-1,-1,4
70373789,52,30,-1,-1,3
70372148,53,57,-1,-1,5
70375423,32,53,-1,-1,6
70369600,11,56,-1,-1,2
70368788,40,11,-1,-1,6
70375030,2,3,-1,-1,7
70371906,48,56,-1,-1,2
70375059,35,44,-1,-1,6
70373713,12,32,-1,-1,4
70371434,14,39,-1,-1,7
70373188,13,8,-1,-1,7
70372189,25,1,-1,-1,2
70372941,15,56,-1,-1,6
70374324,15,26,-1,-1,6
70374201,47,24,-1,-1,5
70372788,5,46,-1,-1,1
70362604,17,45,-1,-1,4
70372643,24,22,-1,-1,5
70374964,15,17,-1,-1,5
70374153,19,53,-1,-1,6
70374330,21,28,-1,-1,4
70374176,9,7,-1,-1,4
70375523,17,33,-1,-1,0
70373677,35,56,-1,-1,3
70374002,33,46,-1,-1,5
70371820,31,32,-1,-1,1
70372275,54,26,-1,-1,4
70375479,43,0,-1,-1,0
70374994,4,19,-1,-1,1
70372699,9,40,-1,-1,4
70372091,1,8,-1,-1,5
70354312,4,54,-1,-1,4
70375315,36,48,-1,-1,6
70375430,43,18,-1,-1,0
70374524,43,16,-1,-1,2
70370444,19,18,-1,-1,6
70371364,10,12,-1,-1,4
70365945,28,36,-1,-1,7
70374223,21,5,-1,-1,4
70372327,28,42,-1,-1,6
70371366,9,52,-1,-1,2
70373564,42,19,-1,-1,6
70375246,25,44,-1,-1,2
70371536,24,16,-1,-1,0
70375292,36,54,-1,-1,1
70373295,36,18,-1,-1,6
70371705,30,39,-1,-1,3
70371296,25,40,-1,-1,1
70373993,55,31,-1,-1,0
70372640,17,10,-1,-1,0
70373569,22,5,-1,-1,4
70375463,0,13,-1,-1,3
70375359,41,0,-1,-1,3
70371963,37,45,-1,-1,6
70375482,52,40,-1,-1,0
70374460,5,16,-1,-1,7
70373150,15,30,-1,-1,2
70371524,8,8,-1,-1,0
70375450,6,37,-1,-1,1
70374935,27,1,-1,-1,2
70373201,43,38,-1,-1,3
70372575,25,36,-1,-1,5
70375189,12,12,-1,-1,0
70374999,27,5,-1,-1,7
70375610,8,46,-1,-1,6
70372576,43,55,-1,-1,7
70374138,15,8,-1,-1,1
70372797,58,42,-1,-1,3
70362174,33,27,-1,-1,2
70374513,21,18,-1,-1,4
70372057,29,47,-1,-1,4
70375282,32,10,-1,-1,5
70372987,4,11,-1,-1,0
70369079,39,24,-1,-1,5
70373750,18,27,-1,-1,0
70371264,32,54,-1,-1,2
70365516,22,6,-1,-1,5
70369975,55,6,-1,-1,4
70366832,24,0,-1,-1,7
70368486,2,21,-1,-1,3
70360931,1,13,-1,-1,2
70365822,47,2,-1,-1,3
70373802,55,41,-1,-1,7
70373606,37,21,-1,-1,2
70373355,0,26,-1,-1,0
70374947,44,48,-1,-1,4
70374940,26,18,-1,-1,5
70370792,47,14,-1,-1,2
70373879,12,30,-1,-1,4
70375328,33,41,-1,-1,5
70375148,21,16,-1,-1,2
70371844,30,20,-1,-1,6
70371616,40,28,-1,-1,0
70373083,10,6,-1,-1,2
70373004,57,45,-1,-1,5
70374782,57,27,-1,-1,1
70373838,4,38,-1,-1,1
70375063,23,46,-1,-1,5
70372092,44,15,-1,-1,4
70364612,12,13,-1,-1,7
70369741,24,33,-1,-1,7
70372728,49,13,-1,-1,7
70373839,40,36,-1,-1,1
70374684,35,29,-1,-1,5
70373126,1,40,-1,-1,7
70369726,12,25,-1,-1,2
70374864,14,56,-1,-1,1
70372692,3,35,-1,-1,6
70362301,51,35,-1,-1,3
70375133,38,17,-1,-1,1
70374525,1,25,-1,-1,0
70373788,22,28,-1,-1,3
70374143,47,42,-1,-1,5
70374752,14,24,-1,-1,0
70371016,38,20,-1,-1,1
70361907,48,58,-1,-1,7
70375580,3,27,-1,-1,7
70375398,10,26,-1,-1,1
70374450,9,13,-1,-1,0
70374656,47,18,-1,-1,4
70373140,26,32,-1,-1,6
70373377,20,2,-1,-1,5
70370736,5,0,-1,-1,4
70375629,34,40,-1,-1,4
70369744,32,48,-1,-1,3
70374670,12,49,-1,-1,7
70374560,6,14,-1,-1,0
70374746,41,16,-1,-1,6
70370324,3,40,-1,-1,0
70370491,15,53,-1,-1,5
70370189,40,13,-1,-1,3
70375109,9,1,-1,-1,7
70374646,49,47,-1,-1,3
70375508,36,52,-1,-1,2
70372391,14,57,-1,-1,4
70375477,45,1,-1,-1,5
70374306,8,30,-1,-1,1
70375338,25,38,-1,-1,4
70373103,47,45,-1,-1,1
70373922,2,19,-1,-1,4
70369965,21,49,-1,-1,3
70367125,48,40,-1,-1,5
70373935,33,52,-1,-1,6
70370945,42,52,-1,-1,2
70373672,34,50,-1,-1,7
70370802,58,38,-1,-1,7
70375313,55,48,-1,-1,2
70374737,20,21,-1,-1,1
70373717,24,40,-1,-1,2
70373538,43,20,-1,-1,2
70373531,25,22,-1,-1,1
70374325,23,45,-1,-1,1
70370939,17,19,-1,-1,5
70373757,57,4,-1,-1,6
70366319,3,29,-1,-1,3
70363097,51,39,-1,-1,2
70369609,22,19,-1,-1,1
70374113,28,34,-1,-1,3
70375622,25,23,-1,-1,0
70375126,22,13,-1,-1,3
70374519,54,41,-1,-1,7
70371987,25,46,-1,-1,2
70370865,9,32,-1,-1,6
70354460,44,11,-1,-1,1
70366274,14,27,-1,-1,2
70370471,41,18,-1,-1,0
70375323,16,2,-1,-1,7
70372741,43,39,-1,-1,5
70371208,57,9,-1,-1,0
70374880,40,39,-1,-1,0
70375152,9,6,-1,-1,2
70374015,35,20,-1,-1,0
70375585,51,54,-1,-1,4
70371841,49,41,-1,-1,7
70368060,36,57,-1,-1,0
70373339,32,42,-1,-1,4
70370184,26,27,-1,-1,3
70371071,33,21,-1,-1,5
70375166,3,49,-1,-1,6
70374959,16,31,-1,-1,7
70373972,42,53,-1,-1,7
70371096,2,14,-1,-1,4
70370984,20,16,-1,-1,5
70367499,41,5,-1,-1,3
70374372,17,1,-1,-1,6
70374645,40,12,-1,-1,4
70367333,9,36,-1,-1,5
70375066,2,12,-1,-1,5
70372053,42,42,-1,-1,3
70375146,16,48,-1,-1,4
70371902,40,25,-1,-1,6
70371780,32,36,-1,-1,0
70374227,8,50,-1,-1,6
70374422,21,36,-1,-1,7
70368502,24,19,-1,-1,2
70366828,41,24,-1,-1,4
70374495,26,22,-1,-1,7
70371122,55,19,-1,-1,6
70364711,38,13,-1,-1,4
70374024,46,7,-1,-1,1
70369796,6,27,-1,-1,2
70373803,6,24,-1,-1,7
70374866,5,54,-1,-1,1
70368768,8,2,-1,-1,1
70371814,53,4,-1,-1,5
70369249,39,35,-1,-1,5
70374962,35,49,-1,-1,7
70373758,51,48,-1,-1,5
70374585,49,42,-1,-1,7
70371099,38,2,-1,-1,4
70374851,33,16,-1,-1,1
70373892,4,20,-1,-1,6
70374250,20,11,-1,-1,7
70373420,12,4,-1,-1,1
70372425,8,27,-1,-1,5
70374550,22,8,-1,-1,5
70372930,16,9,-1,-1,0
70374468,46,17,-1,-1,7
70375357,52,43,-1,-1,7
70372625,14,17,-1,-1,4
70374292,53,45,-1,-1,2
70373837,51,46,-1,-1,3
70373283,36,21,-1,-1,5
70375606,0,35,-1,-1,2
70374799,5,58,-1,-1,2
70374095,38,28,-1,-1,5
70375391,8,12,-1,-1,5
70375514,37,20,-1,-1,5
70374622,18,31,-1,-1,0
70371742,49,2,-1,-1,2
70375412,0,42,-1,-1,3
70373522,1,43,-1,-1,4
70373502,45,31,-1,-1,2
70374307,12,0,-1,-1,6
70374548,12,1,-1,-1,3
70374194,32,40,-1,-1,2
70375449,9,47,-1,-1,6
70365152,36,30,-1,-1,4
70370470,40,16,-1,-1,4
70369516,1,26,-1,-1,1
70373313,28,29,-1,-1,6
70373563,54,55,-1,-1,4
70375040,54,50,-1,-1,2
70372043,37,25,-1,-1,4
70374507,29,3,-1,-1,7
70371179,20,7,-1,-1,0
70371988,5,33,-1,-1,3
70370411,6,53,-1,-1,3
70373141,14,32,-1,-1,6
70375516,38,40,-1,-1,6
70374532,22,46,-1,-1,2
70373354,55,18,-1,-1,4
70374716,9,2,-1,-1,7
70365038,52,29,-1,-1,4
70375138,25,53,-1,-1,5
70367638,24,42,-1,-1,0
70373425,19,1,-1,-1,1
70373476,18,47,-1,-1,7
70372632,33,32,-1,-1,3
70374757,2,37,-1,-1,7
70374766,17,9,-1,-1,4
70367725,40,9,-1,-1,2
70372569,41,47,-1,-1,6
70375319,44,23,-1,-1,5
70375120,6,57,-1,-1,2
70372356,13,46,-1,-1,2
70375468,14,33,-1,-1,0
70375372,53,9,-1,-1,3
70372830,30,3,-1,-1,1
70368114,53,38,-1,-1,4
70373889,11,11,-1,-1,7
70371170,25,12,-1,-1,0
70375360,37,36,-1,-1,1
70375051,12,2,-1,-1,6
70373200,37,40,-1,-1,2
70373588,51,44,-1,-1,6
70373573,51,28,-1,-1,6
70374970,25,21,-1,-1,5
70370298,12,36,-1,-1,0
70372010,35,24,-1,-1,2
70375207,17,16,-1,-1,0
70368490,30,23,-1,-1,4
70374147,12,57,-1,-1,7
70372484,41,10,-1,-1,4
70371046,9,16,-1,-1,4
70371132,11,32,-1,-1,1
70373072,56,56,-1,-1,6
70374941,11,7,-1,-1,6
70374998,7,7,-1,-1,1
70368535,26,47,-1,-1,2
70374932,21,10,-1,-1,4
70368124,25,6,-1,-1,6
70367353,26,0,-1,-1,0
70372281,15,22,-1,-1,4
70374613,36,8,-1,-1,5
70375371,42,51,-1,-1,1
70374936,50,9,-1,-1,4
70370275,51,31,-1,-1,0
70372082,9,29,-1,-1,6
70366005,14,53,-1,-1,0
70369439,50,14,-1,-1,2
70372968,36,32,-1,-1,3
70371259,47,5,-1,-1,4
70372264,58,31,-1,-1,0
70369791,11,16,-1,-1,6
70371765,28,54,-1,-1,7
70375073,16,58,-1,-1,3
70374089,48,53,-1,-1,1
70375181,0,12,-1,-1,6
70375232,15,38,-1,-1,1
70375602,6,31,-1,-1,0
70372744,14,13,-1,-1,6
70374272,44,54,-1,-1,0
70375275,3,24,-1,-1,5
70375399,1,15,-1,-1,7
70371419,32,17,-1,-1,7
70367813,11,15,-1,-1,0
70373001,47,46,-1,-1,5
70375056,29,40,-1,-1,7
70371850,10,17,-1,-1,0
70372233,9,43,-1,-1,1
70374136,39,43,-1,-1,6
70375218,11,33,-1,-1,6
70368635,19,42,-1,-1,7
70370992,55,16,-1,-1,3
70373763,49,5,-1,-1,5
70370057,51,9,-1,-1,6
70369830,39,42,-1,-1,5
70371635,55,11,-1,-1,1
70372333,7,38,-1,-1,4
70371043,55,40,-1,-1,4
70375496,4,55,-1,-1,5
70375484,29,17,-1,-1,2
70371102,28,6,-1,-1,2
70374949,23,19,-1,-1,1
70367573,20,38,-1,-1,2
70375617,39,16,-1,-1,1
70364428,8,57,-1,-1,4
70369112,52,4,-1,-1,2
70373670,12,28,-1,-1,3
70375224,21,43,-1,-1,0
70373734,58,34,-1,-1,1
70373371,30,40,-1,-1,7
70374545,57,12,-1,-1,7
70367991,34,53,-1,-1,1
70374745,8,32,-1,-1,0
70370789,20,42,-1,-1,5
70374459,29,45,-1,-1,7
70374824,1,18,-1,-1,1
70373291,16,34,-1,-1,0
70374475,1,53,-1,-1,0
70374314,0,22,-1,-1,5
70372008,28,18,-1,-1,0
70370845,57,31,-1,-1,3
70374105,4,40,-1,-1,1
70370212,34,19,-1,-1,2
70364952,14,14,-1,-1,6
70372953,8,0,-1,-1,1
70375436,53,1,-1,-1,3
70375556,23,21,-1,-1,7
70375504,0,11,-1,-1,3
70375394,52,15,-1,-1,4
70370609,28,44,-1,-1,0
70373390,32,56,-1,-1,3
70375440,40,18,-1,-1,2
70367859,26,58,-1,-1,5
70372060,30,14,-1,-1,4
70373480,37,52,-1,-1,4
70373218,19,44,-1,-1,7
70371229,5,11,-1,-1,6
70371354,29,8,-1,-1,2
70373272,3,13,-1,-1,6
70371669,51,56,-1,-1,6
70374141,42,4,-1,-1,7
70375464,58,15,-1,-1,4
70374106,49,50,-1,-1,2
70373821,20,13,-1,-1,7
70374064,54,34,-1,-1,5
70375241,35,11,-1,-1,0
70373704,47,10,-1,-1,2
70367085,44,43,-1,-1,3
70371979,31,37,-1,-1,3
70374715,30,11,-1,-1,4
70370434,20,53,-1,-1,3
70371795,25,33,-1,-1,6
70366026,32,1,-1,-1,5
70375294,1,17,-1,-1,0
70375055,14,47,-1,-1,7
70375092,43,11,-1,-1,6
70367160,23,18,-1,-1,6
70367208,11,52,-1,-1,6
70371002,20,30,-1,-1,6
70371639,48,9,-1,-1,7
70373809,31,56,-1,-1,5
70369606,24,43,-1,-1,4
70375538,56,43,-1,-1,4
70369023,2,46,-1,-1,0
70375213,42,45,-1,-1,2
70373478,26,12,-1,-1,7
70371535,51,58,-1,-1,0
70375009,29,58,-1,-1,4
70372878,2,53,-1,-1,5
70375142,19,4,-1,-1,2
70375295,52,50,-1,-1,0
70373784,48,31,-1,-1,4
70374792,11,58,-1,-1,2
70374416,32,21,-1,-1,1
70369608,8,23,-1,-1,2
70374827,43,21,-1,-1,6
70364566,24,7,-1,-1,4
70374065,30,25,-1,-1,6
70372044,47,19,-1,-1,5
70375635,48,44,-1,-1,3
70374624,52,58,-1,-1,4
70371787,35,35,-1,-1,0
70374708,34,22,-1,-1,0
70357101,32,29,-1,-1,1
70371938,2,30,-1,-1,5
70372566,3,28,-1,-1,4
70365477,23,4,-1,-1,1
70374907,44,21,-1,-1,4
70370403,4,31,-1,-1,0
70370313,48,29,-1,-1,0
70372313,14,2,-1,-1,2
70367191,44,49,-1,-1,5
70374247,28,11,-1,-1,7
70373554,7,31,-1,-1,2
70375286,35,51,-1,-1,1
70370123,21,6,-1,-1,4
70375527,31,52,-1,-1,4
70375256,42,33,-1,-1,3
70375460,19,30,-1,-1,3
70371543,55,30,-1,-1,3
70375593,12,37,-1,-1,7
70373633,35,26,-1,-1,5
70369049,4,45,-1,-1,7
70374415,21,35,-1,-1,4
70373368,20,1,-1,-1,4
70371183,9,28,-1,-1,6
70374790,40,10,-1,-1,5
70365915,43,45,-1,-1,0
70372967,28,39,-1,-1,7
70367749,29,55,-1,-1,0
70372657,46,24,-1,-1,2
70372029,31,22,-1,-1,0
70373210,52,19,-1,-1,0
70373074,18,45,-1,-1,6
70373475,15,54,-1,-1,0
70373647,2,13,-1,-1,7
70372228,9,14,-1,-1,2
70373686,26,38,-1,-1,5
70373191,5,49,-1,-1,0
70373029,8,6,-1,-1,6
70374410,45,39,-1,-1,3
70372558,4,16,-1,-1,0
70375027,42,9,-1,-1,6
70373857,20,29,-1,-1,7
70369129,11,29,-1,-1,4
70373917,39,36,-1,-1,0
70372500,23,47,-1,-1,2
70373471,49,45,-1,-1,3
70371455,50,49,-1,-1,2
70375248,21,54,-1,-1,4
70375522,18,7,-1,-1,4
70373196,37,27,-1,-1,4
70374948,6,40,-1,-1,4
70365890,52,7,-1,-1,5
70370943,58,5,-1,-1,3
70372697,17,55,-1,-1,5
70372750,46,40,-1,-1,1
70370116,8,40,-1,-1,5
70374027,9,33,-1,-1,0
70371106,51,42,-1,-1,5
70374323,25,54,-1,-1,7
70371599,13,25,-1,-1,1
70371210,46,45,-1,-1,2
70369991,26,1,-1,-1,3
70370514,51,50,-1,-1,5
70374865,36,14,-1,-1,7
70362171,52,11,-1,-1,2
70375448,33,29,-1,-1,0
70374709,25,5,-1,-1,4
70373885,48,42,-1,-1,1
70374922,6,29,-1,-1,5
70369154,16,30,-1,-1,0
70375174,55,51,-1,-1,2
70370453,28,21,-1,-1,2
70375225,30,5,-1,-1,7
70370162,58,44,-1,-1,2
70368743,17,32,-1,-1,6
70373545,41,29,-1,-1,7
70372963,13,48,-1,-1,7
70372595,26,20,-1,-1,2
70374413,15,45,-1,-1,5
70375265,52,8,-1,-1,0
70374217,31,6,-1,-1,3
70362673,12,55,-1,-1,0
70374925,12,43,-1,-1,3
70369684,39,38,-1,-1,4
70372240,45,23,-1,-1,4
70366869,15,39,-1,-1,0
70375446,58,49,-1,-1,0
70373336,16,5,-1,-1,2
70373634,16,21,-1,-1,6
70367895,25,18,-1,-1,6
70375278,10,53,-1,-1,1
70370253,1,29,-1,-1,5
70375632,17,0,-1,-1,4
70374873,23,3,-1,-1,1
70373500,28,57,-1,-1,1
70357209,26,56,-1,-1,2
70375086,42,39,-1,-1,2
70369624,48,43,-1,-1,3
70375082,28,19,-1,-1,6
70374443,42,12,-1,-1,7
70374411,23,41,-1,-1,5
70374700,33,0,-1,-1,5
70373893,23,30,-1,-1,6
70368790,16,47,-1,-1,2
70361753,15,55,-1,-1,7
70375605,17,31,-1,-1,3
70370699,46,51,-1,-1,4
70374115,0,19,-1,-1,4
70368066,39,34,-1,-1,2
70365801,48,6,-1,-1,1
70363055,16,32,-1,-1,5
70373373,35,0,-1,-1,4
70372271,35,55,-1,-1,0
70365603,33,49,-1,-1,7
70370806,42,55,-1,-1,0
70375405,2,10,-1,-1,2
70374038,47,56,-1,-1,0
70368780,16,37,-1,-1,5
70374724,4,30,-1,-1,7
70375068,5,43,-1,-1,2
70372365,16,57,-1,-1,6
70370905,15,7,-1,-1,0
70370767,44,12,-1,-1,4
70366742,50,3,-1,-1,2
70372674,12,10,-1,-1,4
70369232,24,9,-1,-1,2
70374787,39,44,-1,-1,7
70373723,45,34,-1,-1,0
70374840,45,47,-1,-1,4
70373636,45,29,-1,-1,4
70368192,44,27,-1,-1,2
70370797,5,23,-1,-1,3
70370646,24,21,-1,-1,1
70373518,22,37,-1,-1,5
70372541,36,49,-1,-1,1
70371526,36,16,-1,-1,1
70374193,54,46,-1,-1,6
70373727,56,55,-1,-1,0
70373037,36,22,-1,-1,7
70374651,27,49,-1,-1,5
70375470,15,37,-1,-1,5
70373551,25,51,-1,-1,0
70374748,36,33,-1,-1,2
70367476,45,42,-1,-1,1
70373496,36,27,-1,-1,6
70372040,14,26,-1,-1,6
70370436,41,11,-1,-1,7
70375193,46,27,-1,-1,7
70372937,16,56,-1,-1,2
70373599,22,36,-1,-1,0
70362387,35,28,-1,-1,0
70374165,27,23,-1,-1,6
70373550,22,33,-1,-1,6
70371740,36,5,-1,-1,7
70369623,52,47,-1,-1,5
70372519,47,48,-1,-1,3
70375530,14,20,-1,-1,6
70367286,40,46,-1,-1,6
70375562,21,48,-1,-1,7
70367335,20,9,-1,-1,3
70370729,13,24,-1,-1,3
70367946,15,35,-1,-1,7
70366275,19,12,-1,-1,5
70373240,3,0,-1,-1,6
70375192,16,11,-1,-1,6
70370651,56,36,-1,-1,7
70375510,53,35,-1,-1,4
70374736,35,31,-1,-1,0
70371230,18,24,-1,-1,3
70373739,42,34,-1,-1,3
70374901,44,56,-1,-1,0
70374822,55,1,-1,-1,2
70375311,25,15,-1,-1,7
70374916,50,36,-1,-1,0
70374191,33,7,-1,-1,7
70373804,51,53,-1,-1,5
70367245,57,36,-1,-1,4
70371696,56,9,-1,-1,3
70372975,22,16,-1,-1,3
70375572,3,43,-1,-1,5
70371534,36,55,-1,-1,6
70373113,4,21,-1,-1,4
70370099,27,10,-1,-1,5
70366935,20,55,-1,-1,2
70371925,37,29,-1,-1,5
70367705,32,25,-1,-1,4
70374813,7,56,-1,-1,7
70373057,10,46,-1,-1,3
70373269,42,49,-1,-1,5
70373952,41,54,-1,-1,0
70375406,1,58,-1,-1,6
70373096,4,43,-1,-1,7
70375018,34,35,-1,-1,5
70357742,21,20,-1,-1,3
70373774,26,6,-1,-1,2
70374682,0,29,-1,-1,2
70370980,23,28,-1,-1,0
70374991,25,29,-1,-1,5
70375637,48,0,-1,-1,2
70374391,49,15,-1,-1,2
70371078,46,49,-1,-1,4
70371408,16,46,-1,-1,2
70375488,58,39,-1,-1,4
70374023,39,45,-1,-1,2
70374259,11,37,-1,-1,2
70374831,52,23,-1,-1,1
70374188,3,39,-1,-1,5
70373741,33,10,-1,-1,7
70375616,44,39,-1,-1,7
70374215,37,31,-1,-1,5
70371414,12,19,-1,-1,1
70375458,26,39,-1,-1,5
70374759,5,45,-1,-1,3
70373575,5,55,-1,-1,6
70375314,39,56,-1,-1,2
70369181,44,18,-1,-1,1
70367900,1,28,-1,-1,3
70375575,2,25,-1,-1,2
70371118,12,7,-1,-1,1
70375475,43,1,-1,-1,5
70371509,23,36,-1,-1,7
70371596,20,8,-1,-1,3
70375414,48,47,-1,-1,3
70373562,22,1,-1,-1,3
70372931,56,24,-1,-1,1
70372382,35,30,-1,-1,6
70372061,9,39,-1,-1,0
70375291,12,33,-1,-1,7
70375268,38,50,-1,-1,6
70372392,5,39,-1,-1,7
70370287,31,2,-1,-1,1
70370654,48,48,-1,-1,4
70374374,40,40,-1,-1,7
70370284,12,58,-1,-1,1
70373602,5,7,-1,-1,6
70375199,50,20,-1,-1,5
70374360,58,45,-1,-1,0
70366886,55,54,-1,-1,2
70374511,0,25,-1,-1,6
70372540,46,37,-1,-1,7
70374087,16,55,-1,-1,0
70371263,36,12,-1,-1,0
70375005,57,23,-1,-1,0
70371103,24,3,-1,-1,4
70373343,51,40,-1,-1,6
70370128,28,24,-1,-1,1
70368462,13,39,-1,-1,1
70375486,29,38,-1,-1,0
70375611,17,47,-1,-1,0
70365880,5,52,-1,-1,5
70360005,40,38,-1,-1,7
70374315,1,11,-1,-1,6
70373963,31,21,-1,-1,7
70374967,2,15,-1,-1,6
70375628,52,13,-1,-1,5
70375366,43,52,-1,-1,6
70374710,15,33,-1,-1,1
70372428,50,11,-1,-1,6
70373537,26,14,-1,-1,2
70375321,12,5,-1,-1,4
70374944,15,29,-1,-1,2
70371998,50,53,-1,-1,0
70375188,15,28,-1,-1,6
70374310,27,24,-1,-1,2
70373470,13,20,-1,-1,0
70373860,31,38,-1,-1,1
70370079,39,23,-1,-1,7
70371762,19,27,-1,-1,4
70374405,57,43,-1,-1,7
70373623,46,56,-1,-1,0
70372993,20,22,-1,-1,0
70373468,7,49,-1,-1,0
70373451,54,28,-1,-1,4
70375029,5,28,-1,-1,0
70375039,41,53,-1,-1,5
70374703,7,34,-1,-1,7
70374586,54,47,-1,-1,1
70371950,41,31,-1,-1,4
70374226,57,19,-1,-1,2
70375134,48,52,-1,-1,3
70372601,41,15,-1,-1,2
70365714,32,8,-1,-1,3
70375476,15,42,-1,-1,1
70365264,44,14,-1,-1,1
70375560,45,11,-1,-1,4
70366683,54,1,-1,-1,5
70375204,0,3,-1,-1,4
70374428,29,56,-1,-1,0
70374332,39,32,-1,-1,6
70374640,5,8,-1,-1,5
70372546,48,45,-1,-1,5
70374492,11,9,-1,-1,4
70375288,52,20,-1,-1,0
70372274,20,6,-1,-1,2
70372380,29,41,-1,-1,4
70373404,29,6,-1,-1,4
70373754,48,27,-1,-1,5
70362615,11,48,-1,-1,2
70369490,20,46,-1,-1,5
70372411,11,10,-1,-1,0
70374793,36,43,-1,-1,3
70368829,43,3,-1,-1,1
70374830,9,46,-1,-1,2
70373740,50,42,-1,-1,0
70373156,24,27,-1,-1,5
70370766,31,10,-1,-1,0
70374634,55,22,-1,-1,2
70375511,12,41,-1,-1,2
70372980,26,53,-1,-1,6
70375267,58,0,-1,-1,6
70371315,3,56,-1,-1,4
70373822,24,13,-1,-1,3
70375413,20,3,-1,-1,1
70374077,52,34,-1,-1,1
70371485,55,53,-1,-1,4
70374471,44,8,-1,-1,3
70372315,1,23,-1,-1,0
70372301,44,26,-1,-1,5
70372459,47,26,-1,-1,4
70370221,22,47,-1,-1,6
70372126,21,41,-1,-1,2
70370005,18,13,-1,-1,0
70370084,30,1,-1,-1,3
70372184,48,5,-1,-1,2
70372787,35,58,-1,-1,5
70367698,21,29,-1,-1,6
70375016,0,53,-1,-1,3
70372319,52,33,-1,-1,4
70375293,32,30,-1,-1,4
70372508,5,38,-1,-1,3
70373609,6,45,-1,-1,6
70362942,1,49,-1,-1,4
70372291,31,24,-1,-1,3
70372927,7,32,-1,-1,1
70372476,29,16,-1,-1,4
70375352,45,0,-1,-1,2
70375327,37,5,-1,-1,7
70371578,45,12,-1,-1,5
70374598,5,10,-1,-1,1
70375088,44,35,-1,-1,7
70372944,53,50,-1,-1,3
70375451,47,53,-1,-1,5
70370813,56,1,-1,-1,3
70369183,2,7,-1,-1,0
70366587,40,52,-1,-1,6
70374032,17,6,-1,-1,3
70371433,56,26,-1,-1,7
70374597,37,15,-1,-1,2
70372156,58,19,-1,-1,3
70372248,10,58,-1,-1,3
70372237,14,23,-1,-1,6
70371484,12,54,-1,-1,2
70375598,1,31,-1,-1,6
70373590,35,2,-1,-1,1
70373699,4,35,-1,-1,0
70372527,43,37,-1,-1,2
70373214,20,27,-1,-1,4
70372100,31,17,-1,-1,3
70375518,7,40,-1,-1,1
70374083,29,44,-1,-1,2
70375422,37,53,-1,-1,1
70374033,44,7,-1,-1,1
70372378,8,1,-1,-1,6
70374688,52,9,-1,-1,5
70372592,44,25,-1,-1,3
70375393,55,57,-1,-1,1
70375392,2,34,-1,-1,4
70372117,10,36,-1,-1,1
70359850,30,42,-1,-1,2
70369819,43,22,-1,-1,2
70374000,13,0,-1,-1,6
70374743,10,41,-1,-1,7
70374569,41,14,-1,-1,4
70375487,19,55,-1,-1,2
70373120,49,53,-1,-1,5
70374975,57,38,-1,-1,0
70374960,56,28,-1,-1,7
70373710,11,49,-1,-1,4
70372023,33,43,-1,-1,4
70373863,29,12,-1,-1,3
70375099,19,37,-1,-1,4
70370738,26,46,-1,-1,4
70374594,10,24,-1,-1,4
70371677,47,55,-1,-1,2
70373403,44,32,-1,-1,0
70375194,27,58,-1,-1,1
70373810,31,40,-1,-1,0
70373523,12,17,-1,-1,7
70373311,37,4,-1,-1,4
70370200,35,34,-1,-1,2
70370349,41,39,-1,-1,6
70374652,51,32,-1,-1,1
70373448,38,45,-1,-1,0
70367665,28,14,-1,-1,0
70373088,16,53,-1,-1,1
70373445,10,43,-1,-1,7
70370147,57,52,-1,-1,3
70368869,30,33,-1,-1,7
70363704,58,20,-1,-1,6
70375320,38,4,-1,-1,6
70369376,36,10,-1,-1,6
70362991,13,14,-1,-1,2
70373324,52,51,-1,-1,7
70370629,57,24,-1,-1,1
70374929,58,7,-1,-1,3
70370886,47,51,-1,-1,1
70374042,24,32,-1,-1,3
70373828,37,12,-1,-1,2
70372026,37,8,-1,-1,6
70372628,1,0,-1,-1,5
70371113,2,39,-1,-1,1
70373759,40,37,-1,-1,3
70372474,1,56,-1,-1,5
70369841,25,13,-1,-1,3
70373899,12,18,-1,-1,5
70371097,1,2,-1,-1,3
70369732,55,55,-1,-1,2
70375247,27,32,-1,-1,5
70368752,24,54,-1,-1,1
70372324,28,48,-1,-1,7
70353451,4,32,-1,-1,1
70375480,13,33,-1,-1,0
70368871,3,2,-1,-1,2
70375308,58,46,-1,-1,7
70374878,44,52,-1,-1,2
70367426,9,38,-1,-1,6
70372034,54,45,-1,-1,7
70372866,11,31,-1,-1,7
70375439,17,25,-1,-1,1
70373994,16,39,-1,-1,0
70370365,20,35,-1,-1,5
70373842,50,39,-1,-1,6
70362571,25,7,-1,-1,6
70374565,42,31,-1,-1,7
70369388,3,25,-1,-1,4
70375601,11,36,-1,-1,2
70374867,17,58,-1,-1,7
70371527,13,53,-1,-1,0
70375054,21,21,-1,-1,3
70375135,4,41,-1,-1,4
70375179,18,9,-1,-1,4
70375102,36,15,-1,-1,7
70372104,7,41,-1,-1,7
70372634,34,48,-1,-1,3
70375374,42,23,-1,-1,6
70374946,0,5,-1,-1,6
70375190,19,32,-1,-1,0
70375517,22,27,-1,-1,3
70372247,57,42,-1,-1,0
70372816,29,48,-1,-1,7
70374665,39,46,-1,-1,3
70372311,37,39,-1,-1,2
70374362,50,52,-1,-1,0
70372087,32,20,-1,-1,7
70375541,56,31,-1,-1,0
70372141,23,25,-1,-1,1
70369859,52,44,-1,-1,2
70371165,15,31,-1,-1,3
70372139,28,56,-1,-1,1
70370753,35,18,-1,-1,1
70374154,5,36,-1,-1,1
70370081,40,31,-1,-1,2
70363176,46,19,-1,-1,2
70373961,45,4,-1,-1,2
70371720,5,51,-1,-1,3
70369800,31,35,-1,-1,4
70374658,41,40,-1,-1,0
70372033,11,30,-1,-1,7
70369219,40,30,-1,-1,7
70366938,57,49,-1,-1,2
70375588,1,45,-1,-1,2
70372285,41,34,-1,-1,0
70372071,2,40,-1,-1,7
70375128,0,10,-1,-1,0
70373248,55,26,-1,-1,2
70374444,41,19,-1,-1,6
70373585,4,56,-1,-1,2
70373352,15,58,-1,-1,5
70372004,8,20,-1,-1,5
70373421,20,34,-1,-1,6
70373112,27,45,-1,-1,6
70373513,16,41,-1,-1,6
70374990,4,34,-1,-1,7
70372430,33,18,-1,-1,0
70372466,44,9,-1,-1,6
70374725,0,56,-1,-1,7
70369519,1,3,-1,-1,6
70375017,20,51,-1,-1,2
70367222,52,17,-1,-1,0
70372840,47,50,-1,-1,4
70375539,43,27,-1,-1,6
70372769,26,16,-1,-1,2
70373525,14,10,-1,-1,1
70372722,18,10,-1,-1,0
70369197,55,4,-1,-1,7
70374696,31,3,-1,-1,6
70374979,13,26,-1,-1,5
70369839,11,0,-1,-1,2
70373472,10,8,-1,-1,5
70372056,41,3,-1,-1,6
70371397,28,10,-1,-1,7
70370715,42,11,-1,-1,2
70373384,52,37,-1,-1,1
70375336,54,11,-1,-1,4
70371642,49,12,-1,-1,1
70374662,55,35,-1,-1,3
70364857,39,7,-1,-1,2
70375591,15,23,-1,-1,1
70374499,40,14,-1,-1,0
70371876,22,44,-1,-1,1
70370638,56,50,-1,-1,2
70371065,3,10,-1,-1,7
70374119,3,26,-1,-1,0
70372825,19,40,-1,-1,0
70371741,26,29,-1,-1,4
70372952,28,4,-1,-1,2
70374156,58,29,-1,-1,3
70366791,0,1,-1,-1,1
70368396,18,58,-1,-1,3
70362812,30,21,-1,-1,7
70373708,12,46,-1,-1,0
70374097,46,42,-1,-1,5
70374425,48,28,-1,-1,5
70369948,53,32,-1,-1,5
70373139,51,3,-1,-1,2
70375555,1,32,-1,-1,5
70373503,42,47,-1,-1,5
70374786,27,36,-1,-1,7
70369982,54,5,-1,-1,0
70374437,56,45,-1,-1,6
70374353,10,49,-1,-1,3
70370932,7,13,-1,-1,2
70371940,16,54,-1,-1,0
70371996,30,18,-1,-1,2
70375031,27,39,-1,-1,1
70375185,30,37,-1,-1,5
70370516,34,34,-1,-1,0
70374957,14,9,-1,-1,3
70372442,5,35,-1,-1,7
70372458,51,11,-1,-1,3
70375566,9,4,-1,-1,5
70374412,24,6,-1,-1,1
70373913,37,37,-1,-1,5
70374899,34,9,-1,-1,7
70374626,21,32,-1,-1,2
70375619,44,51,-1,-1,3
70374079,26,57,-1,-1,7
70375077,34,28,-1,-1,4
70374036,57,16,-1,-1,4
70368938,17,20,-1,-1,7
70370289,10,42,-1,-1,7
70371460,37,9,-1,-1,1
70375370,3,14,-1,-1,0
70374861,47,15,-1,-1,4
70372374,6,46,-1,-1,5
70375542,48,51,-1,-1,5
70375206,14,46,-1,-1,3
70373725,43,29,-1,-1,6
70374572,24,5,-1,-1,1
70371699,36,28,-1,-1,4
70370776,55,56,-1,-1,3
70374577,10,23,-1,-1,3
70374823,15,27,-1,-1,5
70370999,2,47,-1,-1,0
70375521,25,50,-1,-1,4
70374148,33,6,-1,-1,7
70371976,33,12,-1,-1,5
70375462,31,49,-1,-1,0
70375019,7,5,-1,-1,4
70360516,55,46,-1,-1,5
70374160,24,55,-1,-1,2
70371647,32,47,-1,-1,1
70372536,39,18,-1,-1,5
70374028,58,58,-1,-1,0
70371488,20,19,-1,-1,0
70374430,16,3,-1,-1,3
70366355,25,32,-1,-1,7
70373330,11,43,-1,-1,0
70368651,43,34,-1,-1,5
70373957,32,58,-1,-1,3
70374505,57,7,-1,-1,6
70374969,33,1,-1,-1,1
70369485,22,51,-1,-1,7
70375607,6,13,-1,-1,5
70368102,31,34,-1,-1,0
70375165,53,55,-1,-1,1
70375578,26,25,-1,-1,2
70370823,3,22,-1,-1,7
70361938,42,2,-1,-1,3
70369683,22,45,-1,-1,4
70374580,27,22,-1,-1,1
70374171,25,26,-1,-1,6
70373762,32,32,-1,-1,6
70375378,57,14,-1,-1,2
70369451,5,25,-1,-1,3
70369144,26,8,-1,-1,7
70375169,51,34,-1,-1,0
70373547,12,53,-1,-1,1
70369448,33,56,-1,-1,0
70370541,29,49,-1,-1,3
70375583,15,0,-1,-1,0
70372185,45,43,-1,-1,3
70374817,58,43,-1,-1,7
70375203,38,54,-1,-1,3
70372675,9,0,-1,-1,3
70374698,58,36,-1,-1,4
70368558,48,46,-1,-1,2
70374691,42,6,-1,-1,5
70375596,21,26,-1,-1,2
70371880,46,30,-1,-1,1
70372619,55,14,-1,-1,3
70366800,48,54,-1,-1,7
70375363,11,17,-1,-1,2
70372600,44,46,-1,-1,0
70372159,26,23,-1,-1,6
70362263,33,39,-1,-1,0
70366443,57,54,-1,-1,1
70358973,12,39,-1,-1,1
70374837,0,49,-1,-1,5
70375215,51,23,-1,-1,3
70375046,18,51,-1,-1,5
70374069,2,0,-1,-1,0
70370363,1,52,-1,-1,4
70374971,27,40,-1,-1,3
70358439,8,31,-1,-1,0
70372195,26,4,-1,-1,6
70375283,31,46,-1,-1,1
70375198,37,34,-1,-1,2
70374707,30,52,-1,-1,1
70374885,25,52,-1,-1,2
70371436,14,48,-1,-1,1
70373308,23,38,-1,-1,5
70369180,17,46,-1,-1,3
70373458,2,27,-1,-1,2
70374638,18,36,-1,-1,1
70366405,3,55,-1,-1,6
70374426,2,22,-1,-1,5
70374496,42,20,-1,-1,1
70375075,45,57,-1,-1,3
70373477,20,43,-1,-1,1
70369650,28,17,-1,-1,0
70366715,22,2,-1,-1,6
70373488,33,57,-1,-1,0
70372724,9,51,-1,-1,6
70374953,34,58,-1,-1,1
70372807,45,55,-1,-1,5
70374284,44,57,-1,-1,2
70375250,19,21,-1,-1,6
70363265,46,28,-1,-1,1
70374631,51,22,-1,-1,0
70374780,7,22,-1,-1,3
70367602,52,16,-1,-1,7
70369876,41,7,-1,-1,0
70375595,34,11,-1,-1,0
70373668,42,26,-1,-1,0
70372490,19,36,-1,-1,1
70369024,54,27,-1,-1,3
70375380,13,22,-1,-1,0
70368993,23,57,-1,-1,4
70374343,29,19,-1,-1,4
70371212,28,37,-1,-1,6
70369673,17,30,-1,-1,6
70372451,5,6,-1,-1,0
70368326,4,9,-1,-1,0
70372884,13,44,-1,-1,2
70373069,15,43,-1,-1,3
70369009,17,49,-1,-1,7
70375002,57,5,-1,-1,1
70374705,10,19,-1,-1,3
70367828,9,30,-1,-1,3
70373945,31,45,-1,-1,1
70375145,15,57,-1,-1,0
70372812,15,47,-1,-1,6
70371500,23,29,-1,-1,7
70374914,10,21,-1,-1,4
70374230,1,7,-1,-1,4
70371717,22,38,-1,-1,0
70375217,14,15,-1,-1,7
70370320,49,40,-1,-1,2
70372731,41,17,-1,-1,1
70375242,18,5,-1,-1,2
70372470,10,3,-1,-1,3
70374775,56,8,-1,-1,6
70375045,25,47,-1,-1,1
70375620,42,37,-1,-1,5
70375382,58,2,-1,-1,0
70371936,24,26,-1,-1,6
70373182,38,7,-1,-1,3
70369493,45,56,-1,-1,0
70369694,14,22,-1,-1,7
70375289,54,35,-1,-1,7
70370344,52,12,-1,-1,4
70373049,38,19,-1,-1,2
70372881,6,54,-1,-1,7
70368727,56,5,-1,-1,4
70373231,33,8,-1,-1,6
70374966,38,46,-1,-1,3
70368327,11,50,-1,-1,7
70366661,21,17,-1,-1,1
70374225,23,42,-1,-1,5
70372859,52,38,-1,-1,4
70373902,3,48,-1,-1,3
70375445,37,55,-1,-1,5
70374337,34,42,-1,-1,5
70373964,23,50,-1,-1,5
70361270,13,35,-1,-1,0
70374278,43,15,-1,-1,2
70374376,55,12,-1,-1,5
70370327,20,37,-1,-1,1
70357226,50,51,-1,-1,1
70374661,6,1,-1,-1,6
70368312,19,58,-1,-1,0
70370328,1,54,-1,-1,7
70374419,27,31,-1,-1,0
70373058,25,45,-1,-1,3
70366943,13,54,-1,-1,6
70375071,34,20,-1,-1,5
70366202,23,32,-1,-1,5
70374561,30,19,-1,-1,0
70374242,28,12,-1,-1,7
70371598,56,4,-1,-1,0
70375330,51,43,-1,-1,4
70371238,40,29,-1,-1,5
70375200,32,55,-1,-1,0
70375150,51,51,-1,-1,4
70374476,58,56,-1,-1,7
70373641,33,51,-1,-1,3
70372145,54,8,-1,-1,2
70368968,28,23,-1,-1,3
70366881,0,6,-1,-1,5
70371348,29,43,-1,-1,3
70371989,50,54,-1,-1,7
70374299,35,46,-1,-1,1
70375618,1,9,-1,-1,2
70371905,19,10,-1,-1,5
70375154,33,50,-1,-1,7
70372924,49,29,-1,-1,4
70367565,25,39,-1,-1,4
70372509,43,43,-1,-1,5
70366075,11,1,-1,-1,2
70371718,14,37,-1,-1,0
70371789,7,27,-1,-1,2
70375500,19,54,-1,-1,2
70373782,15,4,-1,-1,1
70375390,56,20,-1,-1,7
70372312,25,3,-1,-1,0
70373761,18,40,-1,-1,5
70374564,5,37,-1,-1,4
70373844,55,10,-1,-1,1
70375235,51,30,-1,-1,5
70374006,35,23,-1,-1,3
70375437,58,8,-1,-1,6
70368049,32,35,-1,-1,2
70373369,47,52,-1,-1,7
70375043,58,22,-1,-1,7
70374692,7,25,-1,-1,3
70375175,40,34,-1,-1,7
70373990,58,13,-1,-1,1
70375187,5,53,-1,-1,3
70375506,23,12,-1,-1,6
70372318,29,2,-1,-1,2
70375167,9,12,-1,-1,3
70373835,53,10,-1,-1,0
70375345,38,31,-1,-1,3
70373600,5,40,-1,-1,5
70373444,37,14,-1,-1,1
70373432,3,47,-1,-1,6
70374592,43,44,-1,-1,0
70375196,24,38,-1,-1,2
70372773,39,14,-1,-1,2
70373121,48,11,-1,-1,5
70374643,49,16,-1,-1,5
70370422,13,2,-1,-1,7
70373626,3,9,-1,-1,0
70367183,1,1,-1,-1,5
70373959,34,17,-1,-1,1
70375361,14,51,-1,-1,1
70365980,45,27,-1,-1,0
70373832,32,43,-1,-1,5
70370245,6,39,-1,-1,6
70375042,31,28,-1,-1,7
70375574,18,3,-1,-1,7
70375113,25,37,-1,-1,7
70374886,16,42,-1,-1,4
70373791,13,43,-1,-1,7
70373836,58,52,-1,-1,6
70370033,46,14,-1,-1,5
70374180,47,8,-1,-1,1
70364567,51,5,-1,-1,7
70374244,34,54,-1,-1,6
70375519,4,48,-1,-1,2
70360522,18,33,-1,-1,6
70371345,5,15,-1,-1,0
70371648,16,38,-1,-1,1
70374875,1,36,-1,-1,5
70374286,25,55,-1,-1,3
70374687,30,57,-1,-1,0
70374462,54,43,-1,-1,2
70373749,49,9,-1,-1,6
70374619,55,42,-1,-1,3
70371725,54,9,-1,-1,5
70375525,31,1,-1,-1,4
70372868,36,37,-1,-1,6
70369421,17,34,-1,-1,0
70375491,8,33,-1,-1,7
70370649,43,13,-1,-1,4
70368518,25,30,-1,-1,7
70374014,34,3,-1,-1,2
70367178,40,4,-1,-1,0
70372197,8,24,-1,-1,1
70374341,29,31,-1,-1,1
70372423,45,25,-1,-1,7
70374764,22,3,-1,-1,3
70371386,4,42,-1,-1,2
70374870,27,20,-1,-1,6
70369655,0,52,-1,-1,0
70374090,24,57,-1,-1,5
70373631,13,40,-1,-1,1
70369731,51,6,-1,-1,5
70372225,33,20,-1,-1,1
70373583,18,44,-1,-1,1
70371652,38,37,-1,-1,4
70375608,30,51,-1,-1,5
70371274,16,52,-1,-1,7
70375438,54,17,-1,-1,5
70371862,10,56,-1,-1,2
70374639,15,25,-1,-1,0
70374531,8,28,-1,-1,1
70375609,55,38,-1,-1,6
70373193,36,50,-1,-1,3
70366039,46,47,-1,-1,1
70371030,16,29,-1,-1,5
70374563,53,26,-1,-1,4
70374735,37,47,-1,-1,1
70370555,34,24,-1,-1,1
70375383,54,21,-1,-1,2
70362532,12,42,-1,-1,2
70372366,27,8,-1,-1,1
70375176,49,46,-1,-1,7
70373280,21,24,-1,-1,4
70371031,51,25,-1,-1,3
70374755,45,58,-1,-1,0
70375047,12,47,-1,-1,3
70367625,50,58,-1,-1,0
70375459,2,8,-1,-1,5
70374857,55,17,-1,-1,0
70373795,41,35,-1,-1,2
70373527,1,47,-1,-1,1
70374571,16,15,-1,-1,3
70370194,12,34,-1,-1,5
70375358,36,58,-1,-1,6
70375576,2,42,-1,-1,5
70367954,44,6,-1,-1,3
70375058,42,30,-1,-1,1
70373068,53,21,-1,-1,0
70369279,22,20,-1,-1,1
70371444,1,4,-1,-1,7
70373411,43,14,-1,-1,7
70364915,19,41,-1,-1,1
70373082,21,57,-1,-1,6
70374333,16,27,-1,-1,2
70372962,56,6,-1,-1,0
70371209,49,20,-1,-1,7
70370773,43,58,-1,-1,4
70374364,33,42,-1,-1,7
70372181,5,2,-1,-1,2
70375044,17,11,-1,-1,5
70371752,34,27,-1,-1,5
70372883,5,32,-1,-1,5
70368557,27,19,-1,-1,2
70374931,37,6,-1,-1,2
70372142,58,11,-1,-1,0
70375234,17,14,-1,-1,2
70374260,10,16,-1,-1,1
70372265,45,22,-1,-1,6
70374001,53,44,-1,-1,5
70374102,8,39,-1,-1,1
70373486,12,56,-1,-1,0
70368174,10,27,-1,-1,1
70374543,53,13,-1,-1,7
70373627,22,31,-1,-1,3
70375008,0,20,-1,-1,5
70374498,29,26,-1,-1,4
70373302,17,50,-1,-1,0
70371101,58,9,-1,-1,0
70369540,9,26,-1,-1,5
70372638,10,47,-1,-1,3
70372520,12,40,-1,-1,0
70372606,54,57,-1,-1,3
70373724,12,14,-1,-1,3
70374470,11,5,-1,-1,0
70372443,4,6,-1,-1,6
70370054,21,55,-1,-1,3
70373719,55,39,-1,-1,0
70369296,53,31,-1,-1,4
70374169,54,0,-1,-1,4
70374297,15,18,-1,-1,1
70374862,0,57,-1,-1,1
70375467,14,40,-1,-1,4
70371220,58,3,-1,-1,6
70372677,55,47,-1,-1,2
70374484,6,25,-1,-1,3
70375214,15,44,-1,-1,2
70374326,43,9,-1,-1,1
70373346,17,21,-1,-1,7
70373555,35,5,-1,-1,2
70374863,53,56,-1,-1,5
70370486,26,42,-1,-1,2
70371517,41,48,-1,-1,4
70366170,8,26,-1,-1,4
70374758,31,30,-1,-1,0
70373642,0,16,-1,-1,5
70373489,48,19,-1,-1,7
70371595,1,35,-1,-1,0
70372588,29,23,-1,-1,1
70374045,46,20,-1,-1,7
70374493,2,1,-1,-1,7
70375351,36,39,-1,-1,2
70374872,36,44,-1,-1,1
70365691,34,52,-1,-1,5
70375076,12,29,-1,-1,1
70375144,4,27,-1,-1,1
70373372,20,32,-1,-1,0
70371628,36,38,-1,-1,5
70372888,18,21,-1,-1,1
70373539,23,27,-1,-1,3
70375094,52,32,-1,-1,6
70374309,41,43,-1,-1,4
70371048,33,25,-1,-1,3
70375545,39,31,-1,-1,0
70371575,21,42,-1,-1,5
70375485,29,53,-1,-1,2
70375168,8,35,-1,-1,4
70372020,22,10,-1,-1,0
70371709,2,11,-1,-1,7
70371982,30,4,-1,-1,3
70368366,0,40,-1,-1,2
70372709,4,53,-1,-1,0
70368611,6,20,-1,-1,7
70370642,35,14,-1,-1,0
70372925,45,26,-1,-1,4
70374841,39,11,-1,-1,0
70368643,15,10,-1,-1,4
70375612,31,14,-1,-1,3
70368995,56,17,-1,-1,1
70373062,33,31,-1,-1,1
70372449,18,53,-1,-1,5
70375116,17,12,-1,-1,3
70375376,37,17,-1,-1,7
70373189,17,2,-1,-1,3
70374387,1,21,-1,-1,7
70374555,49,6,-1,-1,7
70371864,31,12,-1,-1,4
70374240,56,40,-1,-1,4
70370981,58,21,-1,-1,6
70373105,19,52,-1,-1,0
70369525,13,52,-1,-1,0
70373985,37,24,-1,-1,0
70373328,19,24,-1,-1,6
70372015,36,41,-1,-1,0
70373085,49,37,-1,-1,1
70375158,4,14,-1,-1,0
70370315,48,2,-1,-1,0
70373365,42,1,-1,-1,5
70373361,17,43,-1,-1,3
70375625,13,56,-1,-1,6
70368402,25,24,-1,-1,4
70374080,0,2,-1,-1,7
70374447,18,29,-1,-1,6
70372452,8,53,-1,-1,7
70372908,6,7,-1,-1,4
70374482,49,17,-1,-1,5
70375509,5,19,-1,-1,4
70375339,23,39,-1,-1,4
70365785,6,48,-1,-1,1
70373542,17,24,-1,-1,7
70375498,53,25,-1,-1,5
70373823,54,42,-1,-1,5
70375186,1,41,-1,-1,4
70375425,22,55,-1,-1,1
70375312,21,3,-1,-1,3
70373293,23,55,-1,-1,3
70374455,51,19,-1,-1,6
70365534,31,16,-1,-1,0
70373453,55,52,-1,-1,0
70374623,56,12,-1,-1,4
70374976,16,0,-1,-1,6
70365099,10,52,-1,-1,3
70371580,2,58,-1,-1,5
70368867,6,8,-1,-1,6
70372115,23,54,-1,-1,6
70370202,44,45,-1,-1,5
70373867,53,29,-1,-1,3
70374094,54,4,-1,-1,4
70370509,53,52,-1,-1,4
70371952,40,44,-1,-1,1
70375455,34,18,-1,-1,2
70370742,18,41,-1,-1,1
70370995,54,36,-1,-1,0
70374373,21,22,-1,-1,5
70373276,32,31,-1,-1,1
70374829,17,57,-1,-1,2
70375164,49,27,-1,-1,2
70369537,56,7,-1,-1,5
70373777,14,42,-1,-1,2
70373025,58,16,-1,-1,7
70374963,54,48,-1,-1,4
70371614,13,27,-1,-1,1
70371602,25,34,-1,-1,6
70374319,36,31,-1,-1,3
70371605,34,41,-1,-1,1
70370765,5,18,-1,-1,6
70371683,32,38,-1,-1,4
70373491,6,28,-1,-1,4
70362962,55,44,-1,-1,0
70370091,10,14,-1,-1,3
70375537,46,22,-1,-1,1
70370157,30,32,-1,-1,3
70372662,6,17,-1,-1,1
70375048,5,9,-1,-1,5
70368289,48,33,-1,-1,3
70372078,0,41,-1,-1,0
70373350,45,17,-1,-1,6
70371448,18,19,-1,-1,7
70371589,29,11,-1,-1,4
70372068,53,12,-1,-1,2
70371395,51,14,-1,-1,6
70375159,10,4,-1,-1,1
70374118,23,16,-1,-1,1
70372349,41,33,-1,-1,5
70372468,33,22,-1,-1,1
70373267,38,47,-1,-1,1
70370580,35,40,-1,-1,7
70373732,9,56,-1,-1,7
70370261,30,12,-1,-1,7
70374220,27,6,-1,-1,1
70374157,41,2,-1,-1,0
70372882,11,2,-1,-1,7
70374096,31,26,-1,-1,2
70365701,44,33,-1,-1,2
70374879,39,12,-1,-1,7
70368810,20,4,-1,-1,6
70373676,8,49,-1,-1,1
70374951,50,17,-1,-1,1
70374689,28,40,-1,-1,7
70366856,44,31,-1,-1,3
70371073,23,2,-1,-1,7
70371374,47,54,-1,-1,5
70375404,12,8,-1,-1,4
70371184,2,44,-1,-1,6
70371650,31,53,-1,-1,2
70373923,47,1,-1,-1,1
70365451,35,52,-1,-1,5
70372850,49,18,-1,-1,1
70374826,14,16,-1,-1,4
70371703,33,37,-1,-1,4
70373041,27,47,-1,-1,6
70373882,33,9,-1,-1,1
70372377,28,43,-1,-1,4
70374389,3,11,-1,-1,7
70373166,54,12,-1,-1,0
70374370,26,19,-1,-1,3
70371554,42,25,-1,-1,7
70368403,2,17,-1,-1,3
70372758,57,21,-1,-1,5
70374491,33,23,-1,-1,3
70372614,58,23,-1,-1,2
70371080,11,21,-1,-1,1
70375501,49,14,-1,-1,2
70375219,4,1,-1,-1,7
70373898,41,42,-1,-1,3
70372250,17,36,-1,-1,0
70365068,47,4,-1,-1,6
70355695,38,15,-1,-1,0
70372620,13,55,-1,-1,1
70375603,51,1,-1,-1,3
70372278,32,5,-1,-1,0
70375604,51,29,-1,-1,7
70373498,30,6,-1,-1,7
70372386,18,30,-1,-1,7
70373967,5,42,-1,-1,4
70374021,32,4,-1,-1,5
70375205,45,40,-1,-1,5
70373167,11,54,-1,-1,2
70373400,33,11,-1,-1,6
70368029,46,23,-1,-1,3
70374744,33,24,-1,-1,5
70374441,27,27,-1,-1,2
70371786,29,33,-1,-1,1
70369588,47,11,-1,-1,6
70371443,13,37,-1,-1,2
70373637,38,52,-1,-1,0
70373978,43,6,-1,-1,2
70369840,29,9,-1,-1,1
70374009,41,26,-1,-1,7
70375355,13,5,-1,-1,4
70373768,2,4,-1,-1,7
70372637,20,52,-1,-1,1
70371560,40,35,-1,-1,6
70375368,17,53,-1,-1,3
70369810,46,53,-1,-1,2
70373204,41,37,-1,-1,3
70373847,46,2,-1,-1,7
70369742,32,13,-1,-1,6
70375183,35,41,-1,-1,0
70373364,29,22,-1,-1,5
70375255,50,12,-1,-1,3
70374276,50,18,-1,-1,5
70371412,13,19,-1,-1,2
70375025,57,40,-1,-1,4
70374285,45,20,-1,-1,7
70375466,22,35,-1,-1,3
70369453,1,34,-1,-1,7
70369007,4,2,-1,-1,7
70373714,0,0,-1,-1,3
70373067,50,43,-1,-1,1
70372396,37,49,-1,-1,5
70369379,19,46,-1,-1,0
70365359,49,44,-1,-1,2
70365826,9,48,-1,-1,5
70374796,47,40,-1,-1,4
70374910,46,26,-1,-1,7
70372808,57,37,-1,-1,7
70374396,40,43,-1,-1,3
70373077,19,5,-1,-1,1
70375303,31,55,-1,-1,6
70372406,22,32,-1,-1,5
70375081,8,3,-1,-1,6
70372823,42,18,-1,-1,6
70372789,51,49,-1,-1,2
70371753,48,22,-1,-1,1
70363302,57,17,-1,-1,3
70375426,5,4,-1,-1,7
70369909,31,5,-1,-1,2
70371343,11,25,-1,-1,2
70372052,40,17,-1,-1,5
70368025,18,25,-1,-1,2
70371120,4,57,-1,-1,0
70368140,17,29,-1,-1,7
70370878,19,23,-1,-1,1
70371148,3,45,-1,-1,0
70371746,47,20,-1,-1,7
70372457,34,43,-1,-1,7
70360696,18,28,-1,-1,3
70355232,7,6,-1,-1,0
70370489,17,54,-1,-1,4
70374528,41,41,-1,-1,5
70374431,36,7,-1,-1,0
70375565,39,25,-1,-1,3
70372986,30,50,-1,-1,6
70374958,21,50,-1,-1,6
70370029,57,55,-1,-1,5
70368040,46,16,-1,-1,7
70374627,17,37,-1,-1,3
70374789,3,32,-1,-1,7
70375389,19,56,-1,-1,5
70373494,30,10,-1,-1,4
70372497,16,18,-1,-1,4
70375085,54,22,-1,-1,0
70374356,45,3,-1,-1,0
70364202,6,38,-1,-1,1
70371076,34,2,-1,-1,4
70373452,6,19,-1,-1,6
70372961,56,57,-1,-1,0
70375570,7,42,-1,-1,6
70375529,31,58,-1,-1,1
70373195,27,52,-1,-1,3
70375369,23,51,-1,-1,7
70370235,3,46,-1,-1,3
70365460,45,54,-1,-1,2
70373164,23,26,-1,-1,4
70369404,30,55,-1,-1,0
70372764,24,18,-1,-1,2
70370479,44,37,-1,-1,1
70374346,50,21,-1,-1,3
70357145,6,47,-1,-1,6
70375229,48,36,-1,-1,5
70372526,27,28,-1,-1,2
70365874,46,11,-1,-1,2
70369939,30,13,-1,-1,5
70372723,22,56,-1,-1,7
70372594,5,26,-1,-1,2
70374602,47,57,-1,-1,3
70366064,29,54,-1,-1,3
70370725,13,28,-1,-1,3
70363060,36,26,-1,-1,2
70374996,28,5,-1,-1,4
70363867,0,8,-1,-1,5
70375621,0,28,-1,-1,2
70375497,54,30,-1,-1,6
70375121,56,16,-1,-1,7
70370663,8,22,-1,-1,1
70369038,50,8,-1,-1,1
70375264,10,1,-1,-1,7
70373960,0,45,-1,-1,3
70369466,57,34,-1,-1,2
70370429,46,33,-1,-1,2
70372707,56,34,-1,-1,5
70370576,45,10,-1,-1,2
70371873,50,6,-1,-1,2
70374438,20,58,-1,-1,5
70373549,8,4,-1,-1,5
70374439,30,41,-1,-1,2
70375117,43,54,-1,-1,0
70374340,45,35,-1,-1,5
70373224,48,4,-1,-1,0
70368116,42,41,-1,-1,7
70372222,27,12,-1,-1,7
70371856,15,51,-1,-1,6
70375057,31,9,-1,-1,3
70369798,24,37,-1,-1,2
70373601,9,58,-1,-1,7
70374347,21,23,-1,-1,0
70375240,56,32,-1,-1,0
70373203,3,16,-1,-1,7
70374043,33,15,-1,-1,5
70369117,11,45,-1,-1,0
70366173,2,24,-1,-1,5
70373296,38,34,-1,-1,4
70367175,57,3,-1,-1,6
70375551,1,27,-1,-1,2
70364308,35,25,-1,-1,5
70373558,56,39,-1,-1,5
70375301,4,4,-1,-1,7
70375101,53,51,-1,-1,6
70369416,22,7,-1,-1,0
70367558,55,43,-1,-1,3
70373612,11,53,-1,-1,7
70373622,54,38,-1,-1,7
70370488,47,23,-1,-1,2
70373406,16,22,-1,-1,3
70375571,19,28,-1,-1,3
70368773,8,52,-1,-1,7
70370158,55,8,-1,-1,4
70373238,17,35,-1,-1,3
70374819,54,25,-1,-1,1
70369973,12,21,-1,-1,4
70374158,13,23,-1,-1,3
70373909,25,41,-1,-1,2
70369522,23,43,-1,-1,5
70373939,15,52,-1,-1,7
70368010,42,15,-1,-1,5
70375228,13,4,-1,-1,7
70373258,35,57,-1,-1,6
70373831,11,18,-1,-1,7
70371700,51,45,-1,-1,6
70373748,30,58,-1,-1,3
70374081,3,50,-1,-1,3
70373528,13,32,-1,-1,1
70375119,43,19,-1,-1,7
70364644,58,30,-1,-1,5
70371818,46,9,-1,-1,1
70372610,46,58,-1,-1,1
70374663,29,24,-1,-1,0
70372670,46,13,-1,-1,3
70374614,3,4,-1,-1,4
70371559,11,19,-1,-1,4
70374463,47,32,-1,-1,3
70374046,0,51,-1,-1,4
70372012,47,9,-1,-1,7
70360871,20,28,-1,-1,6
70374192,45,5,-1,-1,3
70369679,21,0,-1,-1,0
70366747,5,24,-1,-1,0
70372279,14,45,-1,-1,0
70373843,25,25,-1,-1,1
70371472,8,47,-1,-1,4
70374903,22,26,-1,-1,4
70370868,29,46,-1,-1,5
70375161,54,58,-1,-1,6
70374897,44,24,-1,-1,7
70370758,50,25,-1,-1,5
70375325,38,1,-1,-1,5
70375064,35,13,-1,-1,5
70375007,48,12,-1,-1,3
70373100,36,11,-1,-1,2
70370113,46,41,-1,-1,7
70373192,41,8,-1,-1,5
70375493,58,14,-1,-1,3
70365262,47,41,-1,-1,5
70375306,32,3,-1,-1,6
70374030,49,22,-1,-1,2
70375587,49,23,-1,-1,4
70373907,24,34,-1,-1,0
70367729,5,44,-1,-1,4
70375461,14,54,-1,-1,1
70366986,22,30,-1,-1,1
70370204,0,46,-1,-1,5
70372194,6,18,-1,-1,3
70370192,57,26,-1,-1,5
70374515,11,27,-1,-1,0
70370784,8,37,-1,-1,0
70375584,7,37,-1,-1,3
70369678,48,32,-1,-1,0
70374352,38,10,-1,-1,3
70374241,21,44,-1,-1,2
70370009,3,5,-1,-1,6
70367731,27,25,-1,-1,4
70372154,34,4,-1,-1,6
70374393,41,50,-1,-1,3
70365153,40,15,-1,-1,1
70359250,5,31,-1,-1,4
70374504,57,50,-1,-1,6
70374290,10,57,-1,-1,4
70371037,45,7,-1,-1,0
70374547,20,10,-1,-1,2
70373101,52,52,-1,-1,3
70373347,41,27,-1,-1,1
70370256,32,50,-1,-1,3
70373456,41,25,-1,-1,0
70375349,29,7,-1,-1,0
70370851,4,13,-1,-1,2
70372373,31,8,-1,-1,1
70371425,53,2,-1,-1,1
70373871,33,45,-1,-1,7
70365049,12,9,-1,-1,2
70371686,18,4,-1,-1,6
70374088,36,53,-1,-1,7
70364492,36,17,-1,-1,3
70369394,8,19,-1,-1,7
70374860,49,11,-1,-1,3
70375386,32,7,-1,-1,4
70374205,22,53,-1,-1,3
70374772,37,38,-1,-1,7
70370701,30,27,-1,-1,1
70374915,28,50,-1,-1,6
70373851,38,29,-1,-1,1
70374601,8,45,-1,-1,4
70362674,0,33,-1,-1,3
70373487,33,44,-1,-1,5
70372690,49,49,-1,-1,7
70373684,40,58,-1,-1,2
70368361,50,57,-1,-1,7
70373681,54,52,-1,-1,3
70370237,44,1,-1,-1,6
70375261,24,31,-1,-1,3
70371223,39,37,-1,-1,7
70366907,57,15,-1,-1,1
70371788,44,34,-1,-1,3
70374553,4,58,-1,-1,6
70375182,51,4,-1,-1,7
70373557,58,35,-1,-1,1
70352951,11,26,-1,-1,2
70372837,16,4,-1,-1,1
70373756,32,41,-1,-1,5
70371023,18,54,-1,-1,2
70370408,45,2,-1,-1,1
70356480,27,34,-1,-1,6
70370308,55,24,-1,-1,2
70371463,2,26,-1,-1,1
70366987,52,39,-1,-1,6
70367890,22,54,-1,-1,4
70370591,14,18,-1,-1,1
70374394,28,46,-1,-1,3
70374992,24,25,-1,-1,5
70369255,7,19,-1,-1,1
70375153,30,48,-1,-1,0
70371352,41,58,-1,-1,6
70369610,37,22,-1,-1,4
70364270,13,10,-1,-1,2
70368583,0,34,-1,-1,3
70369887,57,20,-1,-1,7
70369925,52,1,-1,-1,6
70375112,42,46,-1,-1,6
70371631,0,36,-1,-1,7
70375122,49,56,-1,-1,3
70374657,19,48,-1,-1,6
70364496,19,38,-1,-1,3
70374972,57,10,-1,-1,1
70352411,48,13,-1,-1,3
70368365,1,37,-1,-1,5
70372903,35,43,-1,-1,2
70374235,27,16,-1,-1,4
70371299,33,34,-1,-1,0
70375428,9,10,-1,-1,6
70370833,50,46,-1,-1,5
70374185,31,36,-1,-1,5
70374509,54,13,-1,-1,4
70370112,7,26,-1,-1,2
70373146,11,39,-1,-1,1
70373133,13,6,-1,-1,5
70365602,29,30,-1,-1,2
70373687,3,44,-1,-1,3
70370909,24,53,-1,-1,7
70374809,8,15,-1,-1,5
70374762,47,58,-1,-1,1
70363491,48,16,-1,-1,3
70370339,23,58,-1,-1,2
70364414,28,2,-1,-1,4
70370127,0,7,-1,-1,3
70370746,4,33,-1,-1,1
70365423,23,14,-1,-1,5
70369850,8,55,-1,-1,0
70372854,41,9,-1,-1,1
70373986,24,35,-1,-1,7
70374868,5,1,-1,-1,1
70369093,18,8,-1,-1,5
70372746,58,37,-1,-1,2
70367446,25,56,-1,-1,4
70370810,50,47,-1,-1,7
70374152,35,4,-1,-1,6
70369393,10,10,-1,-1,3
70374814,9,3,-1,-1,7
70369944,53,40,-1,-1,5
70375072,4,0,-1,-1,2
70371673,31,33,-1,-1,5
70375285,16,23,-1,-1,6
70375269,42,36,-1,-1,5
70374672,45,16,-1,-1,2
70375597,7,9,-1,-1,0
70370182,18,48,-1,-1,4
70369654,46,31,-1,-1,7
70374420,8,16,-1,-1,1
70373018,27,51,-1,-1,3
70373576,58,48,-1,-1,4
70373695,43,28,-1,-1,3
70365738,11,34,-1,-1,2
70371123,28,55,-1,-1,6
70371026,36,13,-1,-1,7
70372563,24,4,-1,-1,6
70374234,12,24,-1,-1,7
70372656,46,0,-1,-1,4
70369550,35,27,-1,-1,0
70373520,51,2,-1,-1,6
70372160,20,39,-1,-1,4
70366371,7,15,-1,-1,0
70373875,48,1,-1,-1,6
70371137,31,54,-1,-1,3
70375013,21,4,-1,-1,7
70370965,51,17,-1,-1,7
70367110,44,41,-1,-1,6
70373219,52,35,-1,-1,4
70373044,22,50,-1,-1,1
70370126,4,46,-1,-1,6
70369460,50,56,-1,-1,3
70375049,25,2,-1,-1,4
70372591,36,20,-1,-1,1
70373123,57,8,-1,-1,3
70370003,42,44,-1,-1,4
70370634,20,56,-1,-1,5
70373999,47,31,-1,-1,0
70372590,19,15,-1,-1,1
70373410,33,28,-1,-1,4
70374380,12,51,-1,-1,0
70375257,42,16,-1,-1,4
70373359,3,3,-1,-1,7
70372283,35,33,-1,-1,3
70374198,27,18,-1,-1,2
70371404,50,28,-1,-1,1
70370195,52,53,-1,-1,4
70354634,30,46,-1,-1,6
70372464,10,25,-1,-1,3
70366194,12,11,-1,-1,1
70373965,2,50,-1,-1,5
70375033,48,14,-1,-1,6
70375429,16,44,-1,-1,2
70372998,20,12,-1,-1,0
70374625,0,54,-1,-1,5
70374261,40,20,-1,-1,6
70371739,56,41,-1,-1,3
70375375,46,8,-1,-1,7
70373287,42,27,-1,-1,7
70371411,25,11,-1,-1,0
70374222,13,11,-1,-1,3
70375155,56,2,-1,-1,1
70374921,30,30,-1,-1,6
70371530,10,32,-1,-1,0
70372756,0,4,-1,-1,6
70367136,37,35,-1,-1,4
70361029,48,41,-1,-1,5
70366850,9,50,-1,-1,0
70375317,54,6,-1,-1,3
70374365,3,6,-1,-1,2
70372668,41,57,-1,-1,3
70369804,22,24,-1,-1,3
70364928,31,29,-1,-1,7
70374637,40,57,-1,-1,5
70373825,20,45,-1,-1,5
70371406,43,30,-1,-1,1
70375634,26,54,-1,-1,4
70372234,7,2,-1,-1,1
70374224,45,30,-1,-1,2
70374815,26,17,-1,-1,5
70373345,5,29,-1,-1,0
70372989,53,11,-1,-1,1
70374989,54,53,-1,-1,5
70373264,7,8,-1,-1,0
70369852,45,41,-1,-1,7
70369701,15,20,-1,-1,1
70373746,4,50,-1,-1,3
70374166,37,16,-1,-1,7
70374316,21,30,-1,-1,4
70373466,3,58,-1,-1,0
70375163,10,50,-1,-1,6
70373375,52,25,-1,-1,2
70371370,11,3,-1,-1,2
70365759,54,33,-1,-1,1
70375221,17,4,-1,-1,5
70367651,28,49,-1,-1,3
70375298,37,54,-1,-1,5
70375006,39,51,-1,-1,2
70370747,50,33,-1,-1,7
70373826,41,28,-1,-1,7
70375408,27,33,-1,-1,4
70371232,55,2,-1,-1,5
70373462,3,51,-1,-1,6
70374920,43,51,-1,-1,2
70372529,26,51,-1,-1,0
70372810,19,22,-1,-1,4
70375630,51,57,-1,-1,7
70360322,18,12,-1,-1,3
70372213,14,8,-1,-1,2
70373183,37,19,-1,-1,3
70372072,4,18,-1,-1,5
70372800,4,39,-1,-1,4
70375195,58,24,-1,-1,5
70370897,16,8,-1,-1,3
70375090,53,53,-1,-1,0
70374178,21,53,-1,-1,3
70370938,45,53,-1,-1,7
70372503,33,33,-1,-1,0
70372564,7,23,-1,-1,0
70373815,34,13,-1,-1,7
70374399,36,23,-1,-1,5
70374327,36,9,-1,-1,0
70375499,11,23,-1,-1,1
70373926,28,52,-1,-1,5
70367825,47,28,-1,-1,1
70370015,6,33,-1,-1,4
70374494,9,41,-1,-1,3
70371665,14,4,-1,-1,0
70370012,52,45,-1,-1,3
70373524,50,27,-1,-1,2
70370438,43,23,-1,-1,5
70375535,38,41,-1,-1,1
70374556,22,57,-1,-1,5
70372860,38,43,-1,-1,0
70372852,52,48,-1,-1,7
70375276,16,45,-1,-1,2
70374836,48,49,-1,-1,0
70375633,40,2,-1,-1,5
70375253,50,35,-1,-1,0
70374821,51,12,-1,-1,1
70372892,22,4,-1,-1,7
70372950,16,12,-1,-1,7
70370163,56,42,-1,-1,5
70374300,19,49,-1,-1,1
70372982,55,27,-1,-1,4
70374293,45,33,-1,-1,3
70373180,2,45,-1,-1,0
70371803,22,34,-1,-1,3
70368463,27,56,-1,-1,3
70374820,48,38,-1,-1,4
70375432,17,44,-1,-1,1
70373941,40,55,-1,-1,3
70368623,41,36,-1,-1,4
70374869,27,11,-1,-1,4
70372875,44,58,-1,-1,4
70372805,26,5,-1,-1,5
70372259,57,2,-1,-1,0
70372751,20,33,-1,-1,0
70373003,34,44,-1,-1,5
70372718,35,15,-1,-1,0
70359123,29,13,-1,-1,5
70374977,3,37,-1,-1,5
70374667,45,37,-1,-1,6
70366803,15,32,-1,-1,1
70375115,14,29,-1,-1,1
70374013,48,23,-1,-1,4
70372669,37,46,-1,-1,4
70372352,31,51,-1,-1,5
70373995,24,52,-1,-1,1
70371281,16,50,-1,-1,6
70366814,57,1,-1,-1,3
70374927,7,44,-1,-1,4
70373793,32,22,-1,-1,2
70373780,32,33,-1,-1,6
70373729,51,0,-1,-1,0
70374068,0,48,-1,-1,3
70364893,31,44,-1,-1,5
70372081,26,24,-1,-1,6
70375582,23,34,-1,-1,7
70374895,37,41,-1,-1,7
70373234,56,30,-1,-1,2
70370347,18,50,-1,-1,6
70373977,7,4,-1,-1,7
70364601,54,20,-1,-1,7
70368302,58,17,-1,-1,4
70371294,4,28,-1,-1,7
70370891,56,15,-1,-1,2
70369381,29,52,-1,-1,0
70372780,40,51,-1,-1,5
70373753,31,4,-1,-1,6
70374369,13,47,-1,-1,0
70374768,2,56,-1,-1,4
70370211,50,22,-1,-1,4
70374400,28,25,-1,-1,4
70362192,56,38,-1,-1,4
70367779,36,35,-1,-1,7
70372163,31,15,-1,-1,0
70369142,39,40,-1,-1,7
70375624,28,35,-1,-1,3
70373459,19,29,-1,-1,3
70372740,12,27,-1,-1,3
70372829,57,22,-1,-1,1
70375600,41,23,-1,-1,4
70373593,39,53,-1,-1,6
70373690,8,7,-1,-1,2
70370869,3,42,-1,-1,6
70374997,27,43,-1,-1,7
70368827,37,33,-1,-1,6
70373830,16,33,-1,-1,3
70374883,11,22,-1,-1,3
70375151,56,14,-1,-1,2
70373282,9,11,-1,-1,3
70369953,19,6,-1,-1,1
70375495,24,47,-1,-1,1
70373179,15,50,-1,-1,0
70367575,18,26,-1,-1,0
70375492,6,42,-1,-1,4
70373607,33,58,-1,-1,1
70375442,49,33,-1,-1,7
70375543,35,39,-1,-1,5
70374694,13,57,-1,-1,0
70370010,47,16,-1,-1,6
70375526,32,26,-1,-1,1
70374938,39,13,-1,-1,5
70371853,24,50,-1,-1,7
70374116,20,20,-1,-1,2
70369025,40,50,-1,-1,2
70364259,17,17,-1,-1,1
70374727,48,39,-1,-1,0
70371552,47,36,-1,-1,0
70374452,22,48,-1,-1,7
70369877,48,55,-1,-1,5
70374139,23,44,-1,-1,0
70375471,43,47,-1,-1,6
70373924,39,22,-1,-1,0
70370611,6,10,-1,-1,1
70372000,20,47,-1,-1,7
70372036,41,52,-1,-1,7
70372088,40,45,-1,-1,2
70373673,52,2,-1,-1,2
70373786,32,46,-1,-1,6
70369155,2,48,-1,-1,1
70373800,39,27,-1,-1,0
70374130,52,21,-1,-1,7
70375208,44,50,-1,-1,4
70371506,13,3,-1,-1,3
70371207,17,23,-1,-1,3
70372507,21,9,-1,-1,1
70374066,44,42,-1,-1,4
70375022,43,31,-1,-1,1
70374660,44,0,-1,-1,0
70375549,26,13,-1,-1,3
70370367,26,49,-1,-1,4
70371133,22,12,-1,-1,3
70373492,7,47,-1,-1,3
70363468,28,28,-1,-1,6
70370927,44,40,-1,-1,4
70375444,58,50,-1,-1,7
70360077,48,25,-1,-1,1
70375074,39,19,-1,-1,6
70374763,53,48,-1,-1,6
70374616,47,0,-1,-1,1
70369186,16,43,-1,-1,3
70375014,43,40,-1,-1,5
70367264,42,8,-1,-1,7
70373947,5,47,-1,-1,2
70369555,42,32,-1,-1,6
70375230,24,36,-1,-1,2
70372450,14,12,-1,-1,6
70375078,27,46,-1,-1,5
70374800,47,22,-1,-1,5
70374131,55,28,-1,-1,4
70365450,45,8,-1,-1,2
70375227,14,7,-1,-1,2
70370295,7,14,-1,-1,0
70373604,11,40,-1,-1,6
70372434,6,0,-1,-1,1
70374035,58,33,-1,-1,7
70372654,24,17,-1,-1,2
70367411,57,58,-1,-1,0
70375592,40,1,-1,-1,6
70370754,10,11,-1,-1,7
70373027,16,40,-1,-1,1
70372568,23,17,-1,-1,2
70374611,17,27,-1,-1,4
70374649,23,48,-1,-1,0
70375223,50,48,-1,-1,1
70365589,36,45,-1,-1,6
70371810,33,40,-1,-1,1
70363378,1,20,-1,-1,1
70367430,3,52,-1,-1,1
70371215,37,0,-1,-1,4
70370639,15,36,-1,-1,1
70362254,25,14,-1,-1,1
70373808,38,8,-1,-1,4
70373059,32,2,-1,-1,2
70357889,20,57,-1,-1,2
70374264,34,7,-1,-1,1
70372501,50,13,-1,-1,5
70374361,7,43,-1,-1,4
70369095,7,36,-1,-1,0
70374835,15,48,-1,-1,1
70374576,46,10,-1,-1,5
70366117,35,9,-1,-1,6
70374216,58,53,-1,-1,7
70365020,40,56,-1,-1,3
70375456,39,8,-1,-1,4
70368336,45,44,-1,-1,0
70374262,30,54,-1,-1,3
70368909,56,52,-1,-1,5
70374145,34,49,-1,-1,6
70373465,48,26,-1,-1,0
70372363,27,21,-1,-1,4
70372002,3,53,-1,-1,2
70375258,47,13,-1,-1,6
70375127,16,35,-1,-1,0
70374777,7,54,-1,-1,4
70367491,4,36,-1,-1,6
70372686,6,12,-1,-1,4
70372771,35,8,-1,-1,0
70375564,26,37,-1,-1,4
70372851,29,36,-1,-1,4
70370763,8,9,-1,-1,0
70372351,36,40,-1,-1,3
70373880,1,10,-1,-1,4
70373262,46,5,-1,-1,2
70373194,38,27,-1,-1,4
70374044,13,41,-1,-1,4
70374887,38,42,-1,-1,1
70372332,47,6,-1,-1,4
70369371,37,30,-1,-1,6
70370223,49,36,-1,-1,5
70372132,58,41,-1,-1,5
70374248,23,24,-1,-1,6
70374132,24,51,-1,-1,0
70375481,4,51,-1,-1,5
70371995,43,32,-1,-1,3
70371570,54,16,-1,-1,6
70375060,21,34,-1,-1,7
70374474,44,47,-1,-1,7
70371351,9,9,-1,-1,3
70373043,10,39,-1,-1,2
70373225,12,20,-1,-1,5
70373658,47,3,-1,-1,7
70373385,49,1,-1,-1,0
70373946,43,56,-1,-1,6
70374849,49,21,-1,-1,0
70369331,40,49,-1,-1,5
70372164,52,46,-1,-1,6
70373305,18,11,-1,-1,2
70362824,6,3,-1,-1,6
70375586,58,26,-1,-1,2
70375097,1,55,-1,-1,5
70374345,48,34,-1,-1,3
70368033,53,54,-1,-1,4
70364234,18,39,-1,-1,3
70368650,26,36,-1,-1,1
70374596,49,4,-1,-1,0
70372105,43,7,-1,-1,4
70374379,6,35,-1,-1,0
70374073,39,26,-1,-1,0
70371160,38,35,-1,-1,0
70365953,33,53,-1,-1,7
70371782,34,57,-1,-1,1
70371733,48,50,-1,-1,2
70374767,40,48,-1,-1,1
70368419,9,5,-1,-1,1
70371846,50,41,-1,-1,2
70368096,30,31,-1,-1,4
70371609,29,57,-1,-1,2
70367748,41,6,-1,-1,7
70374573,58,54,-1,-1,1
70370021,33,5,-1,-1,2
70371470,11,42,-1,-1,2
70370842,7,0,-1,-1,2
70371516,2,6,-1,-1,6
70372210,53,49,-1,-1,5
70371883,38,9,-1,-1,3
70373327,10,18,-1,-1,2
70368760,5,12,-1,-1,6
70371379,5,50,-1,-1,5
70375262,54,37,-1,-1,1
70375243,34,21,-1,-1,3
70375452,17,3,-1,-1,2
70374514,45,19,-1,-1,2
70365605,15,46,-1,-1,7
70370497,1,24,-1,-1,2
70374950,46,25,-1,-1,3
70375299,39,2,-1,-1,2
70374478,3,20,-1,-1,4
70374076,56,37,-1,-1,1
70372887,18,57,-1,-1,6
70375365,49,58,-1,-1,0
70374211,46,1,-1,-1,7
70371685,24,29,-1,-1,0
70373853,53,6,-1,-1,7
70366148,50,16,-1,-1,6
70373989,11,41,-1,-1,6
70374679,52,54,-1,-1,0
70373694,53,16,-1,-1,1
70374801,6,23,-1,-1,5
70371085,37,42,-1,-1,1
70371561,40,41,-1,-1,7
70374486,41,51,-1,-1,1
70368963,18,46,-1,-1,0
70370277,27,0,-1,-1,3
70375172,40,7,-1,-1,4
70362353,37,10,-1,-1,3
70367302,22,49,-1,-1,1
70374263,46,18,-1,-1,6
70375362,19,43,-1,-1,2
70372504,15,12,-1,-1,5
70374751,12,26,-1,-1,5
70373536,25,9,-1,-1,2
70372725,39,54,-1,-1,3
70374985,18,22,-1,-1,3
70374825,49,10,-1,-1,4
70374805,18,37,-1,-1,5
70370550,49,31,-1,-1,0
70372847,38,6,-1,-1,3
70364497,30,44,-1,-1,3
70367205,55,25,-1,-1,5
70375342,57,28,-1,-1,2
70372175,44,4,-1,-1,6
70365220,52,5,-1,-1,4
70375548,20,48,-1,-1,2
70370416,10,54,-1,-1,4
70372245,58,47,-1,-1,1
70371417,24,58,-1,-1,0
70368079,44,16,-1,-1,2
70374905,24,48,-1,-1,3
70371670,31,39,-1,-1,1
70375474,38,0,-1,-1,6
70364619,33,36,-1,-1,5
70372779,34,46,-1,-1,4
70374570,22,42,-1,-1,0
70370731,33,30,-1,-1,7
70374704,16,14,-1,-1,7
70375277,52,57,-1,-1,0
70372263,40,19,-1,-1,0
70372914,8,36,-1,-1,1
70372420,42,14,-1,-1,7
70374717,34,31,-1,-1,5
70372453,49,3,-1,-1,4
70375201,13,18,-1,-1,0
70372418,29,28,-1,-1,4
70372041,22,43,-1,-1,1
70371937,28,22,-1,-1,2
70371483,54,24,-1,-1,5
70374765,6,11,-1,-1,5
70375237,8,43,-1,-1,4
70369302,8,38,-1,-1,2
70373130,19,50,-1,-1,4
70375080,26,26,-1,-1,7
70372799,28,41,-1,-1,0
70374747,38,58,-1,-1,1
70373940,24,28,-1,-1,4
70365871,50,10,-1,-1,5
70373916,30,15,-1,-1,2
70375340,37,50,-1,-1,3
70370644,51,20,-1,-1,6
70365580,26,31,-1,-1,3
70374918,46,12,-1,-1,3
70373397,48,35,-1,-1,1
70372790,42,10,-1,-1,4
70370601,56,27,-1,-1,4
70374007,57,44,-1,-1,3
70369687,4,52,-1,-1,6
70374544,40,33,-1,-1,3
70370803,53,24,-1,-1,2
70373530,34,6,-1,-1,7
70373930,39,5,-1,-1,6
70375387,23,1,-1,-1,7
70367399,22,41,-1,-1,5
70367920,22,22,-1,-1,3
70374965,36,6,-1,-1,5
70371314,42,29,-1,-1,6
70369087,34,45,-1,-1,6
70373897,52,14,-1,-1,3
70373722,39,0,-1,-1,5
70374714,25,10,-1,-1,7
70375641,32,49,-1,-1,2
