# org_id,org_cellx,org_celly,org_forage_target,org_group_id,org_facing
4069065,10,35,-1,-1,7
4069759,17,59,-1,-1,1
4067009,12,27,-1,-1,6
4068177,36,7,-1,-1,7
4069836,23,34,-1,-1,0
4067874,47,11,-1,-1,2
4062014,0,59,-1,-1,7
4068990,22,13,-1,-1,1
4065285,51,32,-1,-1,3
4069414,1,44,-1,-1,1
4066424,6,1,-1,-1,6
4064543,58,61,-1,-1,4
4067205,8,45,-1,-1,1
4069850,60,2,-1,-1,3
4067070,21,27,-1,-1,6
4067223,45,3,-1,-1,0
4061425,42,25,-1,-1,1
4067453,5,56,-1,-1,5
4069227,52,34,-1,-1,7
4064361,20,37,-1,-1,0
4069920,16,9,-1,-1,2
4063570,5,50,-1,-1,0
4069728,5,58,-1,-1,7
4059505,0,46,-1,-1,0
4068904,31,57,-1,-1,0
4069985,50,4,-1,-1,7
4069260,57,16,-1,-1,4
4069425,32,13,-1,-1,4
4069533,61,21,-1,-1,0
4069994,57,2,-1,-1,2
4065868,59,56,-1,-1,1
4069553,8,58,-1,-1,2
4063768,40,7,-1,-1,5
4067658,52,25,-1,-1,6
4066912,35,21,-1,-1,0
4066746,39,9,-1,-1,0
4067217,16,20,-1,-1,3
4067972,60,8,-1,-1,7
4068675,58,36,-1,-1,7
4062716,60,33,-1,-1,3
4054560,52,1,-1,-1,1
4068178,50,43,-1,-1,4
4066510,50,14,-1,-1,2
4067859,50,38,-1,-1,2
4067035,8,50,-1,-1,2
4064603,9,16,-1,-1,4
4067196,12,40,-1,-1,1
4066716,13,1,-1,-1,2
4065439,59,60,-1,-1,2
4068571,25,4,-1,-1,1
4059372,8,2,-1,-1,4
4068473,9,45,-1,-1,3
4068877,51,24,-1,-1,7
4069602,48,38,-1,-1,5
4067138,52,52,-1,-1,2
4069398,61,59,-1,-1,1
4065926,31,30,-1,-1,2
4063929,41,32,-1,-1,7
4066322,29,38,-1,-1,2
4067614,46,18,-1,-1,3
4065780,40,32,-1,-1,2
4068758,27,53,-1,-1,2
4064048,21,45,-1,-1,1
4067440,35,45,-1,-1,3
4064437,7,29,-1,-1,4
4068133,0,20,-1,-1,0
4068417,11,32,-1,-1,4
4068851,33,30,-1,-1,7
4069038,10,10,-1,-1,5
4067031,30,5,-1,-1,0
4063740,22,41,-1,-1,1
4059549,26,7,-1,-1,6
4064401,13,27,-1,-1,4
4066275,42,4,-1,-1,7
4069490,53,52,-1,-1,6
4067908,23,9,-1,-1,6
4070000,3,7,-1,-1,7
4067306,4,48,-1,-1,5
4067661,43,8,-1,-1,7
4068574,49,16,-1,-1,4
4067832,47,23,-1,-1,0
4066687,42,61,-1,-1,2
4067468,54,61,-1,-1,0
4065570,49,37,-1,-1,2
4067073,52,8,-1,-1,7
4067794,14,0,-1,-1,2
4070009,40,26,-1,-1,3
4068751,7,32,-1,-1,4
4069815,39,56,-1,-1,2
4069020,41,46,-1,-1,4
4063876,59,57,-1,-1,5
4068295,60,20,-1,-1,0
4067513,6,9,-1,-1,0
4060059,44,51,-1,-1,6
4065478,38,4,-1,-1,1
4062673,27,38,-1,-1,4
4066777,40,5,-1,-1,7
4069387,19,20,-1,-1,4
4057398,27,48,-1,-1,3
4068493,9,57,-1,-1,6
4068714,16,61,-1,-1,6
4065451,40,45,-1,-1,1
4069903,51,31,-1,-1,6
4065807,20,4,-1,-1,7
4054134,13,29,-1,-1,0
4069006,20,31,-1,-1,7
4064822,46,32,-1,-1,5
4062683,0,51,-1,-1,0
4067990,34,36,-1,-1,7
4065199,6,33,-1,-1,5
4069251,27,24,-1,-1,2
4070034,51,8,-1,-1,5
4068531,32,1,-1,-1,7
4062334,61,48,-1,-1,4
4066756,7,52,-1,-1,6
4059491,50,7,-1,-1,1
4062018,19,11,-1,-1,6
4061312,38,9,-1,-1,0
4069603,11,22,-1,-1,3
4061696,50,6,-1,-1,4
4065619,14,55,-1,-1,7
4069761,61,24,-1,-1,3
4066501,16,52,-1,-1,4
4067776,14,17,-1,-1,1
4065323,10,15,-1,-1,0
4069665,30,19,-1,-1,0
4065075,1,49,-1,-1,0
4068425,38,40,-1,-1,3
4064728,45,54,-1,-1,5
4069130,51,27,-1,-1,6
4066799,44,8,-1,-1,0
4068354,31,20,-1,-1,1
4067342,28,40,-1,-1,1
4065843,52,58,-1,-1,7
4065995,38,38,-1,-1,0
4069691,34,56,-1,-1,7
4065888,42,39,-1,-1,7
4069541,11,3,-1,-1,0
4068822,56,14,-1,-1,3
4068420,47,37,-1,-1,0
4069802,39,11,-1,-1,7
4069618,24,61,-1,-1,1
4068671,8,42,-1,-1,1
4069978,46,0,-1,-1,2
4064674,50,28,-1,-1,3
4061769,45,35,-1,-1,0
4068645,36,13,-1,-1,7
4065743,17,11,-1,-1,3
4061771,23,58,-1,-1,7
4067407,49,21,-1,-1,6
4058934,9,46,-1,-1,3
4062273,29,54,-1,-1,0
4065437,42,56,-1,-1,0
4068070,44,20,-1,-1,1
4059437,32,30,-1,-1,3
4066715,3,40,-1,-1,0
4068975,11,12,-1,-1,7
4068532,48,42,-1,-1,5
4065248,2,32,-1,-1,5
4065860,38,35,-1,-1,2
4069624,40,31,-1,-1,3
4063714,19,54,-1,-1,3
4069820,19,51,-1,-1,2
4066271,60,28,-1,-1,0
4068262,42,20,-1,-1,3
4069443,55,23,-1,-1,7
4067395,26,28,-1,-1,0
4068544,40,27,-1,-1,1
4064528,53,20,-1,-1,7
4069100,51,5,-1,-1,2
4065823,49,22,-1,-1,6
4064144,28,18,-1,-1,3
4068388,26,57,-1,-1,6
4067783,60,35,-1,-1,7
4067888,11,9,-1,-1,3
4065022,49,3,-1,-1,4
4066247,38,51,-1,-1,2
4069812,21,59,-1,-1,4
4062269,30,31,-1,-1,0
4069214,41,56,-1,-1,5
4067133,41,7,-1,-1,7
4069635,53,13,-1,-1,2
4068146,44,6,-1,-1,6
4066851,12,36,-1,-1,5
4062621,30,58,-1,-1,2
4066315,35,12,-1,-1,3
4066192,22,2,-1,-1,1
4069379,27,41,-1,-1,1
4067202,18,22,-1,-1,7
4065270,43,55,-1,-1,5
4068162,16,36,-1,-1,0
4060729,36,3,-1,-1,4
4059018,25,2,-1,-1,3
4068578,50,10,-1,-1,5
4065983,49,56,-1,-1,7
4068000,11,19,-1,-1,0
4063780,17,0,-1,-1,0
4068836,7,40,-1,-1,7
4068228,54,50,-1,-1,0
4066619,46,38,-1,-1,5
4066845,14,39,-1,-1,4
4063278,38,14,-1,-1,4
4051968,13,39,-1,-1,6
4069058,18,23,-1,-1,0
4063863,52,42,-1,-1,3
4069738,27,13,-1,-1,7
4066632,59,3,-1,-1,1
4067088,54,10,-1,-1,6
4068412,44,7,-1,-1,6
4066116,29,59,-1,-1,3
4067015,52,28,-1,-1,5
4069516,40,2,-1,-1,1
4064613,57,57,-1,-1,5
4064559,4,4,-1,-1,3
4065942,3,46,-1,-1,0
4069160,46,50,-1,-1,6
4069271,16,18,-1,-1,5
4066432,17,17,-1,-1,7
4068852,55,29,-1,-1,0
4061505,13,44,-1,-1,1
4067944,48,7,-1,-1,2
4069867,7,9,-1,-1,6
4066986,59,13,-1,-1,3
4055200,30,36,-1,-1,0
4067322,43,9,-1,-1,0
4065193,35,54,-1,-1,5
4069305,18,36,-1,-1,7
4069306,6,25,-1,-1,7
4069520,6,39,-1,-1,6
4066128,14,33,-1,-1,0
4069049,46,17,-1,-1,0
4067225,53,38,-1,-1,3
4059714,6,27,-1,-1,4
4058349,0,0,-1,-1,0
4067008,39,61,-1,-1,6
4070030,43,17,-1,-1,3
4066900,48,2,-1,-1,7
4066915,7,30,-1,-1,0
4061217,12,2,-1,-1,1
4065845,57,5,-1,-1,4
4066582,47,27,-1,-1,2
4067867,18,45,-1,-1,3
4067843,28,29,-1,-1,5
4069937,44,27,-1,-1,5
4068705,5,53,-1,-1,0
4068977,53,55,-1,-1,6
4063478,49,38,-1,-1,3
4064722,32,40,-1,-1,7
4069575,56,48,-1,-1,6
4069984,3,59,-1,-1,2
4069787,29,21,-1,-1,4
4064479,41,6,-1,-1,1
4068927,29,14,-1,-1,4
4067901,19,61,-1,-1,3
4062222,41,1,-1,-1,2
4063384,48,16,-1,-1,2
4067096,31,50,-1,-1,5
4066932,55,18,-1,-1,3
4069847,61,53,-1,-1,0
4064169,54,45,-1,-1,1
4068713,60,55,-1,-1,4
4068230,14,40,-1,-1,3
4064857,23,33,-1,-1,4
4065590,6,7,-1,-1,1
4068731,11,55,-1,-1,7
4066789,52,22,-1,-1,0
4070026,41,38,-1,-1,0
4069497,36,21,-1,-1,4
4067593,24,55,-1,-1,1
4060420,7,8,-1,-1,6
4069044,22,45,-1,-1,3
4069281,28,23,-1,-1,7
4063531,50,1,-1,-1,6
4069589,25,42,-1,-1,5
4066574,48,18,-1,-1,1
4068735,0,17,-1,-1,1
4066740,19,13,-1,-1,2
4069177,33,12,-1,-1,4
4068270,19,59,-1,-1,0
4069011,17,61,-1,-1,1
4069190,30,23,-1,-1,5
4068472,5,43,-1,-1,1
4066443,2,1,-1,-1,1
4063851,25,26,-1,-1,1
4068827,19,10,-1,-1,4
4064087,27,56,-1,-1,4
4067891,26,60,-1,-1,1
4066635,37,33,-1,-1,4
4068697,53,17,-1,-1,7
4068728,52,18,-1,-1,4
4065560,52,47,-1,-1,5
4068371,18,53,-1,-1,3
4063968,59,38,-1,-1,5
4069253,6,53,-1,-1,0
4068539,29,60,-1,-1,3
4068592,45,47,-1,-1,7
4069527,53,21,-1,-1,0
4069677,31,49,-1,-1,1
4067356,52,30,-1,-1,1
4069394,39,34,-1,-1,7
4070024,1,33,-1,-1,0
4065883,32,17,-1,-1,3
4060219,44,33,-1,-1,0
4067058,47,59,-1,-1,4
4067915,29,57,-1,-1,4
4057832,25,49,-1,-1,7
4063597,38,1,-1,-1,2
4068287,38,2,-1,-1,2
4052499,18,31,-1,-1,4
4062604,19,43,-1,-1,7
4065832,46,58,-1,-1,2
4062009,2,6,-1,-1,0
4066550,25,46,-1,-1,5
4066693,13,18,-1,-1,5
4069462,34,5,-1,-1,1
4069263,61,22,-1,-1,1
4064682,19,50,-1,-1,4
4069015,42,38,-1,-1,1
4068695,14,48,-1,-1,0
4069363,53,43,-1,-1,2
4059374,52,3,-1,-1,7
4067846,61,28,-1,-1,1
4068838,24,45,-1,-1,3
4069453,6,12,-1,-1,1
4068265,16,35,-1,-1,5
4053326,42,42,-1,-1,1
4065779,39,20,-1,-1,0
4057383,47,32,-1,-1,3
4069857,6,60,-1,-1,4
4066024,16,6,-1,-1,5
4059698,7,22,-1,-1,4
4068263,24,35,-1,-1,5
4066904,27,5,-1,-1,7
4061741,48,0,-1,-1,5
4066286,46,3,-1,-1,6
4068688,52,57,-1,-1,6
4067049,50,59,-1,-1,7
4068709,57,48,-1,-1,7
4064145,52,5,-1,-1,6
4065712,11,14,-1,-1,3
4069040,33,22,-1,-1,4
4066618,52,55,-1,-1,0
4069337,55,13,-1,-1,5
4066967,15,8,-1,-1,1
4070006,45,16,-1,-1,5
4069366,45,22,-1,-1,5
4067039,60,15,-1,-1,3
4068341,21,57,-1,-1,0
4066005,48,12,-1,-1,3
4068940,31,25,-1,-1,3
4064360,4,52,-1,-1,5
4069025,60,45,-1,-1,6
4057388,27,61,-1,-1,3
4067496,25,60,-1,-1,0
4064502,10,21,-1,-1,6
4068088,50,55,-1,-1,4
4066013,43,21,-1,-1,0
4064288,7,1,-1,-1,1
4065949,20,6,-1,-1,2
4069893,36,37,-1,-1,7
4068059,41,11,-1,-1,3
4069275,54,3,-1,-1,3
4066508,55,28,-1,-1,2
4066105,14,56,-1,-1,4
4069801,49,26,-1,-1,4
4069930,53,34,-1,-1,3
4069898,19,8,-1,-1,1
4069621,30,32,-1,-1,6
4068796,55,32,-1,-1,0
4069609,8,19,-1,-1,3
4068448,35,8,-1,-1,5
4059732,34,55,-1,-1,4
4066897,51,51,-1,-1,4
4065792,21,38,-1,-1,3
4058884,57,37,-1,-1,2
4069430,31,28,-1,-1,2
4069274,54,21,-1,-1,7
4068423,54,19,-1,-1,6
4069894,30,39,-1,-1,4
4061002,1,12,-1,-1,7
4069129,32,0,-1,-1,2
4064615,41,2,-1,-1,0
4062867,34,33,-1,-1,5
4066153,5,21,-1,-1,3
4064418,48,57,-1,-1,3
4050567,31,29,-1,-1,3
4066093,52,19,-1,-1,4
4068114,2,30,-1,-1,1
4069106,49,23,-1,-1,3
4069016,58,6,-1,-1,4
4070046,11,0,-1,-1,6
4059044,50,24,-1,-1,0
4068101,12,7,-1,-1,7
4058816,57,18,-1,-1,3
4069375,10,9,-1,-1,1
4056365,10,44,-1,-1,6
4063211,15,55,-1,-1,6
4067793,32,16,-1,-1,1
4061589,56,21,-1,-1,7
4066123,11,28,-1,-1,6
4068236,40,38,-1,-1,5
4064562,40,44,-1,-1,6
4055348,33,52,-1,-1,4
4062443,32,34,-1,-1,7
4057756,28,17,-1,-1,3
4068224,34,11,-1,-1,7
4060641,18,24,-1,-1,4
4065962,37,54,-1,-1,5
4060945,44,9,-1,-1,7
4065969,3,6,-1,-1,2
4069943,4,42,-1,-1,0
4069980,37,12,-1,-1,7
4068118,32,35,-1,-1,3
4069736,6,34,-1,-1,7
4067780,38,31,-1,-1,3
4069455,22,9,-1,-1,3
4069872,37,23,-1,-1,3
4063323,29,18,-1,-1,0
4053723,43,24,-1,-1,4
4066384,3,20,-1,-1,4
4068259,31,24,-1,-1,3
4066480,48,39,-1,-1,0
4068260,46,11,-1,-1,1
4056623,5,36,-1,-1,6
4068973,54,2,-1,-1,5
4066454,50,45,-1,-1,3
4068241,47,57,-1,-1,4
4064241,26,50,-1,-1,5
4065014,30,16,-1,-1,2
4066536,10,18,-1,-1,1
4050823,6,31,-1,-1,0
4069083,18,41,-1,-1,7
4066145,33,3,-1,-1,3
4066781,13,53,-1,-1,1
4069969,58,46,-1,-1,7
4066641,14,11,-1,-1,6
4069661,17,20,-1,-1,4
4069744,33,51,-1,-1,6
4069311,8,61,-1,-1,1
4068788,30,38,-1,-1,6
4067620,61,18,-1,-1,0
4068112,42,55,-1,-1,7
4069245,28,41,-1,-1,5
4068422,36,48,-1,-1,4
4066937,58,11,-1,-1,7
4063155,14,43,-1,-1,2
4069552,36,19,-1,-1,5
4067785,15,59,-1,-1,6
4069225,38,16,-1,-1,0
4065551,17,36,-1,-1,5
4062138,42,41,-1,-1,2
4068396,15,22,-1,-1,7
4065841,33,9,-1,-1,7
4069755,52,7,-1,-1,3
4067853,46,42,-1,-1,1
4061901,8,36,-1,-1,6
4066681,21,23,-1,-1,1
4064626,9,50,-1,-1,4
4069077,29,7,-1,-1,1
4066009,0,10,-1,-1,4
4064862,40,0,-1,-1,6
4059917,3,31,-1,-1,3
4064938,51,49,-1,-1,4
4064867,57,47,-1,-1,0
4068543,41,20,-1,-1,4
4065007,33,46,-1,-1,4
4067501,27,2,-1,-1,2
4067831,47,12,-1,-1,5
4065029,5,6,-1,-1,0
4065899,3,16,-1,-1,0
4064566,61,12,-1,-1,6
4064249,57,60,-1,-1,4
4067760,54,27,-1,-1,1
4060291,14,13,-1,-1,1
4069144,4,51,-1,-1,4
4069165,37,22,-1,-1,5
4069790,20,49,-1,-1,2
4069741,26,39,-1,-1,4
4069765,41,29,-1,-1,0
4068808,54,52,-1,-1,3
4069617,23,42,-1,-1,6
4057343,59,21,-1,-1,7
4068235,20,14,-1,-1,2
4067394,44,61,-1,-1,7
4065080,15,5,-1,-1,3
4065084,38,42,-1,-1,6
4069752,26,8,-1,-1,1
4069783,59,11,-1,-1,7
4069639,25,31,-1,-1,4
4068636,60,52,-1,-1,5
4067721,56,10,-1,-1,5
4066511,3,44,-1,-1,5
4062832,47,25,-1,-1,5
4065171,53,10,-1,-1,1
4064084,43,45,-1,-1,2
4065479,50,60,-1,-1,1
4060733,48,45,-1,-1,6
4061048,42,43,-1,-1,6
4067817,37,11,-1,-1,2
4064570,6,19,-1,-1,0
4061900,55,50,-1,-1,2
4067616,30,18,-1,-1,1
4069674,9,29,-1,-1,0
4067145,45,41,-1,-1,2
4066821,42,48,-1,-1,7
4069458,39,48,-1,-1,7
4064612,27,20,-1,-1,5
4069171,24,58,-1,-1,7
4068936,38,23,-1,-1,3
4067571,36,50,-1,-1,6
4067516,26,21,-1,-1,7
4067790,26,37,-1,-1,3
4066938,60,40,-1,-1,5
4069745,21,39,-1,-1,6
4069731,41,18,-1,-1,6
4065226,45,21,-1,-1,7
4068729,1,0,-1,-1,7
4069675,56,0,-1,-1,4
4066496,28,38,-1,-1,1
4069364,8,52,-1,-1,6
4064805,43,56,-1,-1,6
4069258,43,43,-1,-1,5
4068943,30,28,-1,-1,1
4064614,26,3,-1,-1,0
4066124,18,48,-1,-1,4
4063896,6,52,-1,-1,3
4069347,9,19,-1,-1,7
4068762,21,56,-1,-1,7
4063724,17,2,-1,-1,5
4069881,43,51,-1,-1,4
4069577,22,57,-1,-1,5
4069324,46,26,-1,-1,0
4064499,22,34,-1,-1,3
4067641,1,23,-1,-1,6
4064768,55,37,-1,-1,1
4069540,3,55,-1,-1,4
4069457,36,34,-1,-1,5
4060348,29,56,-1,-1,6
4064294,47,0,-1,-1,4
4066832,59,58,-1,-1,1
4068257,48,17,-1,-1,1
4067580,50,30,-1,-1,2
4069290,28,39,-1,-1,2
4066810,25,36,-1,-1,6
4061276,18,49,-1,-1,6
4062906,46,13,-1,-1,0
4063517,36,61,-1,-1,0
4067747,38,32,-1,-1,3
4068499,54,51,-1,-1,4
4067426,51,26,-1,-1,5
4068672,32,2,-1,-1,3
4067998,20,25,-1,-1,5
4067429,61,50,-1,-1,3
4066666,13,45,-1,-1,5
4069846,27,21,-1,-1,5
4070014,44,42,-1,-1,4
4067360,9,58,-1,-1,2
4065786,18,30,-1,-1,5
4068847,41,49,-1,-1,0
4062016,53,22,-1,-1,4
4063258,36,1,-1,-1,4
4067970,26,38,-1,-1,7
4067278,34,61,-1,-1,0
4067618,61,46,-1,-1,0
4069655,44,30,-1,-1,7
4064133,61,14,-1,-1,6
4069422,44,55,-1,-1,1
4067971,8,10,-1,-1,7
4068222,48,22,-1,-1,5
4067239,54,31,-1,-1,4
4069202,28,15,-1,-1,2
4068072,8,23,-1,-1,1
4067285,59,29,-1,-1,0
4061709,51,59,-1,-1,1
4069125,4,23,-1,-1,3
4063431,44,34,-1,-1,2
4069092,39,53,-1,-1,5
4069479,37,57,-1,-1,4
4061596,22,17,-1,-1,0
4065650,26,13,-1,-1,1
4054997,4,45,-1,-1,0
4068727,50,39,-1,-1,4
4056297,53,1,-1,-1,2
4069381,25,22,-1,-1,4
4065584,31,16,-1,-1,4
4062691,21,60,-1,-1,0
4068303,2,41,-1,-1,0
4068965,37,21,-1,-1,3
4067715,54,48,-1,-1,4
4069444,49,4,-1,-1,1
4068583,10,6,-1,-1,1
4069566,39,18,-1,-1,3
4066545,40,34,-1,-1,1
4066540,16,1,-1,-1,5
4069086,39,47,-1,-1,4
4066261,56,33,-1,-1,5
4069658,59,0,-1,-1,6
4063418,35,38,-1,-1,7
4068231,2,58,-1,-1,3
4070020,23,54,-1,-1,3
4068209,6,50,-1,-1,7
4063854,5,1,-1,-1,0
4064391,21,9,-1,-1,3
4067172,14,53,-1,-1,6
4055566,36,11,-1,-1,6
4067968,55,41,-1,-1,6
4069709,61,13,-1,-1,0
4067689,23,22,-1,-1,2
4068870,51,45,-1,-1,5
4067093,33,55,-1,-1,5
4069611,13,4,-1,-1,7
4068888,43,25,-1,-1,7
4068359,20,7,-1,-1,7
4064858,50,50,-1,-1,6
4067480,31,61,-1,-1,1
4063365,48,54,-1,-1,6
4069670,58,26,-1,-1,1
4069710,27,49,-1,-1,5
4058264,57,8,-1,-1,4
4065804,16,25,-1,-1,3
4067771,5,8,-1,-1,4
4065819,59,17,-1,-1,2
4067655,45,26,-1,-1,2
4063558,47,14,-1,-1,4
4063639,41,39,-1,-1,6
4067935,24,19,-1,-1,7
4067602,48,30,-1,-1,5
4068372,5,28,-1,-1,7
4063413,43,47,-1,-1,7
4070035,52,60,-1,-1,2
4067732,0,55,-1,-1,7
4065237,2,49,-1,-1,1
4062088,40,24,-1,-1,2
4063083,52,24,-1,-1,2
4063894,58,50,-1,-1,7
4068210,25,50,-1,-1,0
4065107,34,0,-1,-1,5
4066253,57,6,-1,-1,4
4068395,4,33,-1,-1,1
4068120,40,30,-1,-1,1
4066992,23,14,-1,-1,2
4036911,25,5,-1,-1,5
4067255,39,44,-1,-1,4
4052531,34,18,-1,-1,6
4066418,9,4,-1,-1,5
4063320,49,9,-1,-1,1
4068785,60,26,-1,-1,4
4069284,9,8,-1,-1,5
4067284,57,41,-1,-1,1
4069713,34,60,-1,-1,4
4061313,8,5,-1,-1,3
4065704,38,17,-1,-1,2
4065623,13,38,-1,-1,6
4068081,18,6,-1,-1,7
4069018,6,18,-1,-1,4
4069723,48,51,-1,-1,0
4063528,4,6,-1,-1,3
4064782,58,15,-1,-1,6
4066690,11,61,-1,-1,7
4066500,49,8,-1,-1,5
4068898,20,29,-1,-1,3
4068392,39,4,-1,-1,0
4068153,4,44,-1,-1,7
4065232,43,46,-1,-1,3
4068017,23,59,-1,-1,7
4067892,42,47,-1,-1,1
4069104,14,26,-1,-1,5
4067475,52,12,-1,-1,0
4067012,47,55,-1,-1,6
4067076,55,2,-1,-1,0
4067608,15,46,-1,-1,3
4065353,33,58,-1,-1,5
4069697,2,16,-1,-1,1
4069488,39,43,-1,-1,3
4061319,0,2,-1,-1,6
4069297,48,46,-1,-1,4
4069746,40,29,-1,-1,2
4066243,40,51,-1,-1,5
4064921,28,11,-1,-1,0
4068171,37,42,-1,-1,5
4063273,10,40,-1,-1,1
4067359,61,35,-1,-1,5
4068874,57,32,-1,-1,1
4068733,25,58,-1,-1,2
4061100,57,1,-1,-1,2
4067947,15,56,-1,-1,7
4069087,39,30,-1,-1,6
4069932,25,11,-1,-1,6
4065305,47,53,-1,-1,0
4067956,11,16,-1,-1,1
4067188,20,34,-1,-1,3
4069509,45,45,-1,-1,7
4069111,9,24,-1,-1,6
4058546,60,53,-1,-1,1
4065820,59,36,-1,-1,0
4069993,43,38,-1,-1,7
4068964,18,33,-1,-1,5
4068901,0,44,-1,-1,4
4060714,56,26,-1,-1,2
4067355,37,27,-1,-1,2
4069981,6,20,-1,-1,6
4070013,32,6,-1,-1,0
4067277,41,4,-1,-1,6
4063897,15,18,-1,-1,7
4062052,2,20,-1,-1,1
4065250,52,11,-1,-1,5
4068673,55,11,-1,-1,5
4065654,31,23,-1,-1,5
4065259,12,49,-1,-1,3
4058979,22,18,-1,-1,7
4068708,57,59,-1,-1,6
4067678,29,22,-1,-1,1
4067886,49,45,-1,-1,7
4064255,60,18,-1,-1,2
4069967,38,8,-1,-1,5
4065480,13,59,-1,-1,2
4061070,15,31,-1,-1,3
4068860,15,12,-1,-1,1
4069348,34,20,-1,-1,3
4061293,61,60,-1,-1,4
4068569,46,43,-1,-1,5
4065302,8,53,-1,-1,5
4069234,47,21,-1,-1,7
4069959,9,44,-1,-1,5
4070039,21,42,-1,-1,5
4067672,10,56,-1,-1,4
4068903,41,19,-1,-1,2
4065737,4,34,-1,-1,5
4069313,50,33,-1,-1,5
4069922,54,9,-1,-1,6
4063927,53,48,-1,-1,4
4068825,41,34,-1,-1,6
4068205,2,15,-1,-1,6
4061142,14,4,-1,-1,7
4069529,50,21,-1,-1,7
4052006,12,61,-1,-1,6
4069410,60,12,-1,-1,3
4065326,43,53,-1,-1,4
4063947,42,27,-1,-1,7
4065573,35,9,-1,-1,6
4069009,17,1,-1,-1,5
4067476,11,52,-1,-1,7
4067146,11,35,-1,-1,2
4068865,31,22,-1,-1,2
4063135,42,12,-1,-1,6
4069312,11,5,-1,-1,6
4069532,23,27,-1,-1,3
4068211,28,7,-1,-1,7
4060424,13,12,-1,-1,7
4069170,1,61,-1,-1,1
4067753,4,19,-1,-1,3
4062114,44,26,-1,-1,4
4048421,48,59,-1,-1,0
4069186,28,50,-1,-1,7
4058230,6,45,-1,-1,6
4068839,40,39,-1,-1,4
4064970,31,18,-1,-1,4
4063984,0,50,-1,-1,3
4057234,34,53,-1,-1,7
4064806,21,48,-1,-1,6
4069259,13,32,-1,-1,2
4065106,44,31,-1,-1,5
4068198,36,12,-1,-1,5
4068612,5,0,-1,-1,3
4070038,19,46,-1,-1,7
4056113,33,41,-1,-1,1
4063797,36,56,-1,-1,2
4065016,20,58,-1,-1,4
4068289,61,42,-1,-1,5
4068489,42,5,-1,-1,0
4065998,30,9,-1,-1,1
4068344,48,20,-1,-1,1
4070008,1,9,-1,-1,0
4066113,41,12,-1,-1,4
4066739,23,47,-1,-1,1
4061780,31,44,-1,-1,7
4068227,37,38,-1,-1,2
4065339,54,56,-1,-1,2
4067890,2,27,-1,-1,5
4065978,42,40,-1,-1,7
4060649,7,5,-1,-1,5
4068743,8,55,-1,-1,5
4063618,34,47,-1,-1,1
4065535,60,1,-1,-1,6
4062783,2,56,-1,-1,3
4062323,10,36,-1,-1,5
4069599,13,14,-1,-1,6
4062884,7,45,-1,-1,6
4069536,22,40,-1,-1,5
4058342,22,50,-1,-1,7
4066199,2,44,-1,-1,5
4064168,55,36,-1,-1,4
4067735,35,43,-1,-1,6
4063849,44,13,-1,-1,6
4063311,4,53,-1,-1,0
4066839,46,36,-1,-1,4
4063864,45,12,-1,-1,0
4068476,45,42,-1,-1,3
4062927,3,15,-1,-1,1
4069302,8,1,-1,-1,0
4067725,14,8,-1,-1,3
4068055,30,49,-1,-1,5
4059387,15,14,-1,-1,2
4067248,35,36,-1,-1,0
4068791,25,55,-1,-1,2
4068978,28,46,-1,-1,6
4056985,28,55,-1,-1,4
4069483,1,15,-1,-1,0
4069798,29,47,-1,-1,1
4068040,57,42,-1,-1,6
4069531,30,48,-1,-1,1
4065497,48,4,-1,-1,4
4067228,54,29,-1,-1,2
4065745,57,9,-1,-1,1
4068576,49,25,-1,-1,0
4062094,0,21,-1,-1,2
4069388,27,4,-1,-1,4
4066978,36,45,-1,-1,2
4068232,21,55,-1,-1,3
4067680,36,33,-1,-1,6
4068774,14,10,-1,-1,3
4057018,32,9,-1,-1,4
4065602,24,10,-1,-1,5
4069595,32,36,-1,-1,5
4064880,33,42,-1,-1,4
4067351,14,38,-1,-1,7
4069918,56,27,-1,-1,7
4069283,3,53,-1,-1,5
4068378,29,6,-1,-1,3
4069921,38,46,-1,-1,7
4068696,24,15,-1,-1,2
4059709,33,27,-1,-1,1
4069036,3,41,-1,-1,5
4067835,11,37,-1,-1,5
4066015,39,3,-1,-1,7
4069515,10,14,-1,-1,4
4060687,15,45,-1,-1,1
4066573,53,58,-1,-1,3
4066841,45,39,-1,-1,0
4069101,61,58,-1,-1,5
4068922,36,9,-1,-1,3
4066975,57,0,-1,-1,1
4067559,51,60,-1,-1,4
4068802,60,61,-1,-1,2
4058904,2,59,-1,-1,4
4067372,31,11,-1,-1,4
4066750,17,19,-1,-1,5
4069133,12,1,-1,-1,4
4068376,0,35,-1,-1,7
4066601,7,18,-1,-1,2
4067280,4,29,-1,-1,3
4067533,27,47,-1,-1,5
4066579,53,49,-1,-1,0
4063460,2,13,-1,-1,3
4068280,16,50,-1,-1,0
4065441,1,36,-1,-1,2
4064617,27,7,-1,-1,1
4068019,22,11,-1,-1,7
4061868,5,39,-1,-1,7
4068821,6,2,-1,-1,7
4063082,11,44,-1,-1,4
4060000,43,18,-1,-1,1
4061609,51,39,-1,-1,5
4067882,41,45,-1,-1,6
4069771,42,8,-1,-1,2
4069136,49,7,-1,-1,4
4066430,28,47,-1,-1,6
4064580,6,59,-1,-1,2
4067830,4,43,-1,-1,7
4061790,17,56,-1,-1,6
4065977,24,38,-1,-1,4
4065122,14,35,-1,-1,2
4069570,5,22,-1,-1,2
4069876,1,54,-1,-1,5
4067127,10,42,-1,-1,6
4066909,3,11,-1,-1,3
4069913,43,57,-1,-1,7
4069596,17,53,-1,-1,6
4055694,1,60,-1,-1,4
4047722,32,32,-1,-1,5
4065228,14,50,-1,-1,0
4065638,15,30,-1,-1,3
4068509,56,44,-1,-1,6
4065836,16,49,-1,-1,2
4064466,30,2,-1,-1,1
4069189,41,59,-1,-1,6
4065023,52,14,-1,-1,3
4068582,30,26,-1,-1,5
4069944,39,49,-1,-1,1
4067064,9,20,-1,-1,0
4064893,12,51,-1,-1,5
4067775,17,37,-1,-1,0
4067679,37,14,-1,-1,5
4065530,45,19,-1,-1,0
4061350,8,32,-1,-1,4
4068479,36,60,-1,-1,2
4065797,13,6,-1,-1,3
4068834,58,39,-1,-1,3
4069285,38,55,-1,-1,4
4069714,21,35,-1,-1,7
4061956,17,35,-1,-1,3
4067383,1,32,-1,-1,0
4064998,7,16,-1,-1,1
4069645,16,38,-1,-1,2
4067837,22,31,-1,-1,2
4068850,55,10,-1,-1,1
4069420,53,57,-1,-1,2
4063276,54,8,-1,-1,4
4067695,22,10,-1,-1,3
4057588,46,52,-1,-1,6
4068763,27,34,-1,-1,6
4069641,40,37,-1,-1,6
4068951,20,53,-1,-1,6
4069964,25,48,-1,-1,3
4067150,44,41,-1,-1,5
4060250,26,24,-1,-1,2
4052199,10,5,-1,-1,0
4061621,32,12,-1,-1,4
4061453,24,21,-1,-1,7
4065556,21,20,-1,-1,7
4068442,46,59,-1,-1,7
4067719,22,12,-1,-1,7
4062997,13,16,-1,-1,0
4068792,8,14,-1,-1,7
4064109,49,50,-1,-1,4
4065348,41,55,-1,-1,7
4068104,42,59,-1,-1,1
4065452,24,17,-1,-1,2
4066906,54,44,-1,-1,0
4068626,22,3,-1,-1,0
4067466,52,50,-1,-1,6
4067617,17,9,-1,-1,4
4069866,46,23,-1,-1,3
4069578,44,50,-1,-1,5
4068988,46,27,-1,-1,4
4064788,12,9,-1,-1,7
4067212,41,8,-1,-1,2
4064387,27,19,-1,-1,2
4067051,32,3,-1,-1,7
4064793,45,56,-1,-1,0
4069904,22,44,-1,-1,0
4068183,26,10,-1,-1,2
4069701,55,1,-1,-1,7
4064833,49,20,-1,-1,5
4068087,14,51,-1,-1,3
4067975,42,51,-1,-1,7
4070007,8,11,-1,-1,4
4069669,58,60,-1,-1,6
4069506,56,37,-1,-1,2
4068972,46,5,-1,-1,4
4066694,61,27,-1,-1,0
4069929,16,42,-1,-1,4
4069823,26,54,-1,-1,7
4066752,47,47,-1,-1,5
4068555,55,7,-1,-1,1
4068912,2,46,-1,-1,0
4069356,31,4,-1,-1,1
4066398,51,43,-1,-1,2
4061348,23,40,-1,-1,2
4068451,55,6,-1,-1,0
4066440,38,56,-1,-1,3
4068663,9,59,-1,-1,3
4069434,49,5,-1,-1,6
4068475,18,57,-1,-1,7
4068741,39,19,-1,-1,0
4069605,33,43,-1,-1,0
4068925,20,9,-1,-1,0
4068568,21,22,-1,-1,5
4069809,60,29,-1,-1,6
4068613,11,30,-1,-1,6
4062165,25,39,-1,-1,5
4069919,43,1,-1,-1,4
4065518,7,49,-1,-1,0
4069563,45,28,-1,-1,3
4065466,60,44,-1,-1,3
4064604,54,35,-1,-1,0
4058457,36,30,-1,-1,7
4069704,29,45,-1,-1,3
4068187,26,31,-1,-1,7
4057499,25,43,-1,-1,4
4068466,35,26,-1,-1,5
4063784,37,55,-1,-1,7
4066974,11,7,-1,-1,4
4069278,31,6,-1,-1,7
4069933,21,24,-1,-1,3
4066999,26,56,-1,-1,2
4067412,5,23,-1,-1,0
4069987,55,40,-1,-1,6
4069835,27,3,-1,-1,1
4064364,25,25,-1,-1,5
4051644,53,30,-1,-1,0
4064855,18,26,-1,-1,7
4069800,1,24,-1,-1,0
4068250,40,33,-1,-1,5
4069355,7,36,-1,-1,0
4067525,35,20,-1,-1,2
4066737,9,52,-1,-1,4
4070018,54,39,-1,-1,1
4056434,10,47,-1,-1,0
4066079,17,29,-1,-1,1
4065911,54,46,-1,-1,1
4044283,42,24,-1,-1,0
4068536,22,37,-1,-1,5
4068102,35,61,-1,-1,1
4052471,50,34,-1,-1,7
4064828,43,2,-1,-1,7
4062309,14,60,-1,-1,2
4069990,29,23,-1,-1,3
4068886,38,48,-1,-1,6
4067014,8,16,-1,-1,2
4065932,49,46,-1,-1,7
4069067,51,21,-1,-1,4
4066865,32,55,-1,-1,3
4068355,41,43,-1,-1,7
4059337,31,45,-1,-1,1
4069653,22,5,-1,-1,2
4068756,45,13,-1,-1,7
4069708,11,27,-1,-1,2
4068687,17,13,-1,-1,6
4066969,19,55,-1,-1,5
4062482,21,28,-1,-1,5
4065687,17,39,-1,-1,3
4067135,40,18,-1,-1,4
4060173,24,31,-1,-1,3
4068541,39,17,-1,-1,1
4065017,53,8,-1,-1,3
4063565,10,19,-1,-1,5
4059911,51,23,-1,-1,4
4069712,11,6,-1,-1,4
4066102,26,46,-1,-1,5
4056174,18,39,-1,-1,4
4066888,47,46,-1,-1,5
4066671,19,24,-1,-1,7
4070031,34,16,-1,-1,7
4065791,30,53,-1,-1,3
4067213,50,61,-1,-1,4
4069411,15,39,-1,-1,0
4066883,3,32,-1,-1,7
4066930,23,12,-1,-1,3
4065673,38,39,-1,-1,2
4060897,61,30,-1,-1,6
4066849,24,25,-1,-1,1
4069989,16,59,-1,-1,6
4068843,25,6,-1,-1,2
4068113,51,20,-1,-1,6
4067318,16,37,-1,-1,4
4067424,11,31,-1,-1,2
4068798,29,9,-1,-1,0
4066852,15,37,-1,-1,4
4067104,14,6,-1,-1,7
4069607,42,9,-1,-1,7
4069194,2,19,-1,-1,0
4069725,31,12,-1,-1,4
4068598,44,5,-1,-1,5
4065525,35,32,-1,-1,3
4068446,33,17,-1,-1,6
4066235,23,52,-1,-1,6
4069924,1,14,-1,-1,2
4066651,18,15,-1,-1,1
4069195,22,1,-1,-1,3
4064482,19,19,-1,-1,7
4067734,39,13,-1,-1,7
4068148,36,27,-1,-1,6
4062030,28,5,-1,-1,4
4068537,50,44,-1,-1,7
4067069,27,22,-1,-1,4
4067880,0,6,-1,-1,6
4067235,5,26,-1,-1,1
4069034,38,29,-1,-1,4
4067445,36,42,-1,-1,6
4066180,39,57,-1,-1,3
4066362,49,52,-1,-1,1
4067309,46,54,-1,-1,5
4068186,17,48,-1,-1,4
4069162,32,8,-1,-1,0
4066442,50,19,-1,-1,7
4069254,58,5,-1,-1,7
4069404,37,24,-1,-1,4
4069863,48,24,-1,-1,5
4068766,24,7,-1,-1,0
4069848,28,35,-1,-1,2
4062892,9,40,-1,-1,6
4067660,50,35,-1,-1,1
4069399,58,51,-1,-1,2
4069017,42,32,-1,-1,1
4068036,26,22,-1,-1,7
4063838,11,40,-1,-1,4
4064577,3,56,-1,-1,5
4068350,21,0,-1,-1,3
4069119,57,30,-1,-1,2
4061945,20,8,-1,-1,4
4068131,3,27,-1,-1,7
4067851,53,40,-1,-1,5
4064011,8,41,-1,-1,6
4064331,21,1,-1,-1,2
4063007,1,21,-1,-1,4
4057024,37,45,-1,-1,5
4063023,5,45,-1,-1,0
4066614,3,38,-1,-1,1
4061270,37,52,-1,-1,1
4068588,9,30,-1,-1,7
4067674,0,31,-1,-1,4
4066679,14,24,-1,-1,1
4068634,58,29,-1,-1,7
4065867,3,61,-1,-1,7
4069727,29,12,-1,-1,7
4068316,52,43,-1,-1,4
4069378,55,24,-1,-1,5
4067157,10,32,-1,-1,5
4067381,31,59,-1,-1,4
4062338,0,48,-1,-1,3
4069072,61,44,-1,-1,1
4068092,60,38,-1,-1,6
4069382,2,40,-1,-1,2
4067704,16,47,-1,-1,6
4069951,21,19,-1,-1,3
4069090,52,38,-1,-1,0
4069385,37,41,-1,-1,6
4065503,59,25,-1,-1,6
4068047,20,15,-1,-1,6
4065219,0,14,-1,-1,2
4068500,30,27,-1,-1,0
4067139,12,25,-1,-1,3
4064041,18,54,-1,-1,0
4069613,45,15,-1,-1,2
4069606,52,23,-1,-1,2
4069423,51,0,-1,-1,7
4068710,45,34,-1,-1,4
4069804,35,46,-1,-1,0
4068983,25,14,-1,-1,7
4065297,61,10,-1,-1,1
4068154,44,36,-1,-1,7
4062971,53,60,-1,-1,5
4068694,0,1,-1,-1,4
4068831,36,52,-1,-1,2
4066232,48,23,-1,-1,3
4052691,40,19,-1,-1,7
4069841,0,23,-1,-1,1
4067387,43,52,-1,-1,6
4068128,7,7,-1,-1,0
4061222,2,38,-1,-1,1
4055322,20,48,-1,-1,0
4067094,17,58,-1,-1,1
4068518,10,20,-1,-1,0
4064095,3,22,-1,-1,0
4066344,28,60,-1,-1,4
4067144,21,34,-1,-1,5
4068643,49,0,-1,-1,3
4068342,59,44,-1,-1,7
4064266,57,33,-1,-1,0
4067759,16,21,-1,-1,3
4067018,14,19,-1,-1,6
4067097,1,34,-1,-1,1
4069342,58,44,-1,-1,6
4069907,27,9,-1,-1,1
4063092,27,6,-1,-1,4
4069528,4,13,-1,-1,0
4065163,4,57,-1,-1,3
4067955,36,17,-1,-1,0
4068074,7,51,-1,-1,6
4068149,41,61,-1,-1,0
4067458,32,28,-1,-1,0
4068480,39,38,-1,-1,5
4069692,3,2,-1,-1,4
4066231,1,6,-1,-1,0
4067872,33,50,-1,-1,3
4068468,20,3,-1,-1,7
4067910,28,8,-1,-1,5
4065491,32,31,-1,-1,4
4067985,39,35,-1,-1,4
4067368,38,19,-1,-1,3
4065707,26,5,-1,-1,3
4068761,40,11,-1,-1,6
4066096,59,54,-1,-1,1
4065915,11,47,-1,-1,3
4068299,6,13,-1,-1,3
4065264,18,46,-1,-1,2
4069037,13,11,-1,-1,2
4061362,25,33,-1,-1,2
4069874,48,15,-1,-1,6
4059713,17,10,-1,-1,7
4068317,6,36,-1,-1,5
4068438,58,32,-1,-1,7
4067416,49,27,-1,-1,5
4067441,20,2,-1,-1,4
4056640,59,45,-1,-1,6
4063980,12,29,-1,-1,0
4069792,7,3,-1,-1,1
4069982,3,34,-1,-1,5
4064634,47,5,-1,-1,5
4066806,6,32,-1,-1,5
4067448,25,61,-1,-1,7
4069247,41,33,-1,-1,1
4067640,52,33,-1,-1,7
4069295,4,32,-1,-1,6
4069351,37,59,-1,-1,1
4067745,60,3,-1,-1,2
4067800,36,2,-1,-1,7
4069048,28,22,-1,-1,4
4064448,6,38,-1,-1,1
4065447,60,50,-1,-1,3
4069681,54,53,-1,-1,6
4069091,49,32,-1,-1,4
4061092,48,44,-1,-1,2
4068460,5,11,-1,-1,2
4069868,53,31,-1,-1,6
4069940,50,31,-1,-1,0
4067938,1,29,-1,-1,4
4068654,24,27,-1,-1,6
4067914,53,23,-1,-1,2
4069789,17,14,-1,-1,4
4067398,3,3,-1,-1,5
4065094,55,17,-1,-1,4
4067645,23,32,-1,-1,5
4065495,47,61,-1,-1,6
4068176,58,35,-1,-1,2
4069883,39,46,-1,-1,0
4064819,46,49,-1,-1,5
4069991,46,6,-1,-1,3
4062697,13,56,-1,-1,6
4068656,50,0,-1,-1,3
4059440,29,36,-1,-1,2
4069830,33,47,-1,-1,6
4053264,39,27,-1,-1,1
4069051,12,60,-1,-1,5
4068678,32,45,-1,-1,2
4063679,57,14,-1,-1,5
4068632,43,40,-1,-1,0
4069507,26,2,-1,-1,5
4069484,7,61,-1,-1,4
4069505,20,50,-1,-1,6
4061415,51,46,-1,-1,4
4069511,36,43,-1,-1,0
4068679,9,17,-1,-1,2
4065101,53,6,-1,-1,6
4067511,38,15,-1,-1,1
4065229,61,47,-1,-1,0
4069957,53,24,-1,-1,4
4066913,56,53,-1,-1,0
4064787,33,57,-1,-1,1
4069931,39,15,-1,-1,0
4066519,50,40,-1,-1,1
4068603,56,49,-1,-1,5
4067962,3,21,-1,-1,3
4067763,12,17,-1,-1,0
4059079,14,52,-1,-1,5
4068266,22,29,-1,-1,3
4068528,12,45,-1,-1,5
4070022,40,50,-1,-1,0
4069776,26,29,-1,-1,1
4069742,35,41,-1,-1,1
4063848,41,24,-1,-1,2
4068524,48,36,-1,-1,4
4068522,27,25,-1,-1,2
4065350,16,24,-1,-1,2
4058165,5,20,-1,-1,3
4069244,3,36,-1,-1,1
4059627,18,37,-1,-1,5
4069330,6,11,-1,-1,3
4069428,15,51,-1,-1,0
4068773,47,35,-1,-1,7
4064773,0,8,-1,-1,3
4068494,9,39,-1,-1,4
4064592,4,18,-1,-1,1
4068301,39,10,-1,-1,7
4069211,33,5,-1,-1,4
4062725,26,27,-1,-1,6
4063500,47,10,-1,-1,3
4067582,14,14,-1,-1,4
4065036,1,31,-1,-1,4
4068008,32,24,-1,-1,7
4069448,57,4,-1,-1,0
4068022,16,56,-1,-1,7
4067847,56,25,-1,-1,3
4068856,61,51,-1,-1,1
4068433,51,19,-1,-1,6
4068335,2,31,-1,-1,4
4064277,2,43,-1,-1,6
4065162,10,33,-1,-1,4
4067685,35,17,-1,-1,0
4063465,23,19,-1,-1,0
4068619,17,46,-1,-1,7
4065989,12,39,-1,-1,6
4065953,37,4,-1,-1,6
4068308,38,36,-1,-1,0
4064812,56,19,-1,-1,4
4068369,33,2,-1,-1,6
4066890,14,20,-1,-1,0
4067316,23,57,-1,-1,6
4067083,25,1,-1,-1,3
4066513,10,52,-1,-1,6
4068769,28,13,-1,-1,1
4067850,31,51,-1,-1,2
4058520,14,59,-1,-1,6
4066437,7,26,-1,-1,0
4046210,32,42,-1,-1,7
4069301,31,9,-1,-1,2
4066436,34,1,-1,-1,5
4060860,15,15,-1,-1,5
4065749,34,3,-1,-1,5
4069530,38,26,-1,-1,5
4068875,44,39,-1,-1,1
4069806,19,29,-1,-1,0
4068526,36,49,-1,-1,2
4069291,12,4,-1,-1,1
4069445,1,47,-1,-1,0
4068024,60,57,-1,-1,7
4064599,47,31,-1,-1,4
4068575,24,57,-1,-1,0
4068386,37,53,-1,-1,4
4065802,30,30,-1,-1,6
4069074,31,14,-1,-1,5
4067391,3,4,-1,-1,0
4066353,2,11,-1,-1,5
4067858,54,6,-1,-1,6
4068188,53,56,-1,-1,0
4069730,25,17,-1,-1,3
4062608,17,5,-1,-1,3
4057851,3,52,-1,-1,4
4068098,18,51,-1,-1,4
4069431,31,48,-1,-1,7
4066488,49,48,-1,-1,4
4066032,48,10,-1,-1,6
4065851,28,28,-1,-1,5
4069442,17,7,-1,-1,4
4066340,24,26,-1,-1,5
4063799,13,25,-1,-1,7
4065206,16,41,-1,-1,1
4068858,4,40,-1,-1,7
4065692,52,56,-1,-1,3
4063571,14,28,-1,-1,7
4069911,34,13,-1,-1,0
4069403,60,36,-1,-1,5
4069939,46,39,-1,-1,5
4069526,9,35,-1,-1,3
4065083,1,19,-1,-1,4
4067752,44,54,-1,-1,5
4062484,48,28,-1,-1,6
4069689,15,35,-1,-1,0
4068567,21,17,-1,-1,1
4068867,25,38,-1,-1,3
4067639,12,11,-1,-1,6
4069623,5,29,-1,-1,5
4069233,42,17,-1,-1,3
4062772,52,6,-1,-1,2
4068195,54,15,-1,-1,2
4067434,56,32,-1,-1,6
4063957,16,23,-1,-1,2
4068863,17,32,-1,-1,4
4068158,37,51,-1,-1,0
4064295,58,42,-1,-1,2
4065835,6,5,-1,-1,4
4068953,7,60,-1,-1,4
4064913,7,0,-1,-1,6
4068490,21,8,-1,-1,1
4058693,49,13,-1,-1,4
4066535,57,50,-1,-1,2
4068605,53,18,-1,-1,1
4069513,19,58,-1,-1,2
4065629,33,10,-1,-1,5
4066943,23,46,-1,-1,1
4069103,56,12,-1,-1,1
4069569,8,26,-1,-1,6
4064118,29,15,-1,-1,6
4064573,50,16,-1,-1,5
4069766,57,22,-1,-1,0
4068911,23,37,-1,-1,1
4063501,23,11,-1,-1,6
4068441,56,8,-1,-1,7
4053232,43,23,-1,-1,0
4058702,20,27,-1,-1,7
4060958,33,14,-1,-1,3
4063640,58,34,-1,-1,5
4067925,22,51,-1,-1,0
4068137,36,36,-1,-1,3
4059918,49,61,-1,-1,0
4068415,59,1,-1,-1,1
4066295,56,50,-1,-1,6
4067761,4,2,-1,-1,6
4068887,13,2,-1,-1,2
4069134,56,52,-1,-1,3
4064099,48,27,-1,-1,1
4061518,23,29,-1,-1,6
4067437,33,49,-1,-1,1
4064616,52,51,-1,-1,7
4066980,37,31,-1,-1,3
4069546,46,44,-1,-1,7
4065744,37,37,-1,-1,1
4069441,52,48,-1,-1,3
4066173,39,58,-1,-1,0
4067142,59,16,-1,-1,2
4060964,12,15,-1,-1,3
4060564,1,30,-1,-1,3
4068757,42,46,-1,-1,6
4060876,15,40,-1,-1,2
4069118,32,49,-1,-1,4
4068628,18,50,-1,-1,4
4067961,9,26,-1,-1,1
4061087,58,3,-1,-1,2
4068892,22,36,-1,-1,7
4069561,50,58,-1,-1,4
4066189,4,10,-1,-1,7
4060090,54,41,-1,-1,7
4065688,47,7,-1,-1,3
4063503,46,2,-1,-1,3
4063855,0,61,-1,-1,6
4063954,33,13,-1,-1,0
4066657,5,24,-1,-1,4
4069156,35,18,-1,-1,5
4066759,1,46,-1,-1,7
4065307,44,19,-1,-1,6
4069573,26,14,-1,-1,1
4063774,14,47,-1,-1,4
4069905,45,51,-1,-1,2
4069057,55,44,-1,-1,3
4068723,23,56,-1,-1,2
4069179,18,43,-1,-1,3
4067349,14,34,-1,-1,5
4069309,34,6,-1,-1,0
4069131,24,1,-1,-1,1
4063998,19,3,-1,-1,7
4065856,43,29,-1,-1,5
4065900,18,52,-1,-1,6
4067681,20,47,-1,-1,6
4064896,42,31,-1,-1,7
4068562,10,59,-1,-1,6
4067449,40,47,-1,-1,6
4065110,44,58,-1,-1,4
4067169,3,14,-1,-1,3
4066320,21,43,-1,-1,0
4069362,45,4,-1,-1,0
4065957,27,26,-1,-1,1
4065889,40,43,-1,-1,1
4064657,7,24,-1,-1,2
4064184,18,34,-1,-1,5
4065068,52,17,-1,-1,6
4069390,0,19,-1,-1,0
4058780,58,4,-1,-1,7
4063581,58,13,-1,-1,7
4059198,52,40,-1,-1,6
4065541,23,7,-1,-1,4
4061263,41,13,-1,-1,4
4067546,12,34,-1,-1,1
4067122,51,47,-1,-1,6
4063516,29,43,-1,-1,4
4068767,6,29,-1,-1,2
4068068,11,24,-1,-1,0
4067190,60,37,-1,-1,0
4067829,21,7,-1,-1,1
4061296,53,33,-1,-1,2
4065862,25,21,-1,-1,6
4068689,57,24,-1,-1,0
4063386,32,18,-1,-1,1
4066001,14,49,-1,-1,0
4065515,37,3,-1,-1,2
4068330,18,2,-1,-1,3
4065412,45,14,-1,-1,3
4068366,29,53,-1,-1,2
4069972,7,38,-1,-1,2
4062781,7,42,-1,-1,1
4069426,26,1,-1,-1,1
4066923,2,60,-1,-1,4
4068917,41,0,-1,-1,1
4067367,20,51,-1,-1,7
4064956,57,21,-1,-1,2
4063826,49,14,-1,-1,0
4067378,42,54,-1,-1,7
4066773,29,24,-1,-1,7
4069014,35,5,-1,-1,7
4067221,6,57,-1,-1,3
4065538,16,48,-1,-1,2
4068801,54,43,-1,-1,0
4069084,47,54,-1,-1,2
4069899,58,17,-1,-1,3
4060357,44,1,-1,-1,6
4066067,57,25,-1,-1,6
4069979,25,30,-1,-1,7
4069592,7,28,-1,-1,3
4047645,51,22,-1,-1,6
4066889,48,47,-1,-1,0
4061423,41,37,-1,-1,5
4069702,17,57,-1,-1,3
4055731,52,41,-1,-1,2
4067788,11,57,-1,-1,2
4068297,12,37,-1,-1,5
4065048,53,53,-1,-1,0
4065257,26,30,-1,-1,5
4061396,10,46,-1,-1,5
4061096,0,39,-1,-1,5
4066911,58,0,-1,-1,7
4065040,17,42,-1,-1,5
4064961,28,14,-1,-1,2
4064686,55,35,-1,-1,1
4066233,34,41,-1,-1,7
4069634,41,30,-1,-1,2
4069632,51,6,-1,-1,5
4068360,29,51,-1,-1,7
4069466,39,16,-1,-1,3
4069767,11,21,-1,-1,6
4068899,24,3,-1,-1,0
4069601,13,35,-1,-1,4
4064725,7,58,-1,-1,6
4068519,45,58,-1,-1,0
4068431,51,11,-1,-1,5
4068134,55,27,-1,-1,7
4066195,43,44,-1,-1,6
4065812,34,31,-1,-1,1
4069622,53,27,-1,-1,5
4054510,15,19,-1,-1,4
4064008,53,37,-1,-1,3
4063770,0,4,-1,-1,1
4066327,26,19,-1,-1,7
4068963,2,39,-1,-1,1
4069988,16,19,-1,-1,4
4067568,42,57,-1,-1,1
4069962,30,34,-1,-1,5
4069064,9,42,-1,-1,1
4066283,8,8,-1,-1,7
4063305,6,24,-1,-1,6
4067849,16,32,-1,-1,0
4067936,51,35,-1,-1,4
4063585,38,52,-1,-1,7
4068841,36,53,-1,-1,6
4048661,58,8,-1,-1,2
4064875,46,10,-1,-1,4
4067119,9,61,-1,-1,2
4067690,8,12,-1,-1,0
4068274,59,9,-1,-1,4
4067819,17,45,-1,-1,3
4056407,30,12,-1,-1,4
4067627,13,34,-1,-1,4
4066462,61,38,-1,-1,4
4069873,0,33,-1,-1,3
4068138,33,60,-1,-1,7
4063781,51,14,-1,-1,6
4069862,41,9,-1,-1,3
4062721,41,36,-1,-1,1
4061347,23,18,-1,-1,7
4068799,49,15,-1,-1,7
4068906,25,9,-1,-1,0
4069298,9,32,-1,-1,5
4067408,27,23,-1,-1,4
4068889,8,7,-1,-1,1
4062352,46,29,-1,-1,2
4068800,26,33,-1,-1,5
4069310,10,54,-1,-1,7
4069107,22,43,-1,-1,6
4065859,60,39,-1,-1,3
4061718,1,3,-1,-1,2
4067563,34,14,-1,-1,2
4063256,3,58,-1,-1,4
4068234,60,9,-1,-1,4
4069597,61,7,-1,-1,3
4067257,43,11,-1,-1,4
4069547,26,23,-1,-1,4
4069995,50,11,-1,-1,3
4067581,52,31,-1,-1,6
4052273,30,6,-1,-1,1
4066591,8,60,-1,-1,3
4067981,60,16,-1,-1,5
4067327,16,8,-1,-1,3
4063646,3,9,-1,-1,1
4068430,4,0,-1,-1,0
4067856,39,29,-1,-1,1
4057987,34,9,-1,-1,5
4066742,8,24,-1,-1,7
4062063,35,2,-1,-1,7
4065973,1,27,-1,-1,0
4069678,46,55,-1,-1,0
4070027,25,53,-1,-1,3
4067677,43,32,-1,-1,1
4064823,39,23,-1,-1,3
4067782,22,20,-1,-1,2
4066602,46,34,-1,-1,5
4068784,17,26,-1,-1,1
4068680,15,29,-1,-1,3
4069461,15,7,-1,-1,0
4069775,21,13,-1,-1,6
4068666,50,26,-1,-1,0
4064310,47,45,-1,-1,3
4069737,39,25,-1,-1,2
4065079,47,60,-1,-1,0
4053774,40,57,-1,-1,5
4067589,45,31,-1,-1,1
4062998,37,0,-1,-1,2
4064221,32,26,-1,-1,5
4065550,59,30,-1,-1,6
4055823,19,40,-1,-1,0
4065536,53,11,-1,-1,5
4063126,3,51,-1,-1,7
4069649,29,10,-1,-1,5
4068382,18,28,-1,-1,6
4067352,1,8,-1,-1,6
4063617,59,42,-1,-1,1
4067041,30,13,-1,-1,7
4065809,56,55,-1,-1,2
4064991,51,37,-1,-1,6
4069419,45,30,-1,-1,3
4068594,7,53,-1,-1,6
4069718,21,4,-1,-1,4
4067045,59,19,-1,-1,1
4069680,39,7,-1,-1,1
4060057,27,32,-1,-1,4
4069469,9,37,-1,-1,4
4069052,40,22,-1,-1,5
4067056,12,58,-1,-1,4
4065968,16,45,-1,-1,3
4060531,15,44,-1,-1,0
4068145,16,51,-1,-1,1
4065185,52,29,-1,-1,2
4067068,22,61,-1,-1,0
4065917,36,29,-1,-1,3
4062792,2,33,-1,-1,0
4069888,1,22,-1,-1,0
4063705,60,27,-1,-1,4
4069865,56,9,-1,-1,3
4068246,33,20,-1,-1,2
4058504,38,43,-1,-1,4
4069320,44,23,-1,-1,3
4062933,36,18,-1,-1,7
4061612,24,18,-1,-1,2
4068908,20,23,-1,-1,6
4068006,3,54,-1,-1,1
4069117,41,40,-1,-1,6
4064319,42,21,-1,-1,2
4064641,28,57,-1,-1,1
4069303,27,43,-1,-1,6
4064481,20,52,-1,-1,1
4069878,17,3,-1,-1,7
4064416,4,36,-1,-1,0
4059515,43,50,-1,-1,2
4066814,48,8,-1,-1,0
4065332,20,57,-1,-1,2
4064881,10,1,-1,-1,6
4066108,46,56,-1,-1,4
4064015,43,31,-1,-1,5
4068367,20,56,-1,-1,6
4065842,19,15,-1,-1,2
4063224,34,44,-1,-1,1
4069855,20,41,-1,-1,0
4068957,28,19,-1,-1,3
4069832,27,46,-1,-1,4
4066088,46,1,-1,-1,4
4068745,15,26,-1,-1,1
4066568,4,26,-1,-1,1
4065386,7,43,-1,-1,0
4062871,15,57,-1,-1,0
4067272,22,42,-1,-1,7
4068097,0,5,-1,-1,2
4067693,52,21,-1,-1,3
4060154,11,8,-1,-1,3
4062729,43,58,-1,-1,1
4068995,33,53,-1,-1,2
4061257,2,45,-1,-1,5
4062738,0,7,-1,-1,3
4069339,15,2,-1,-1,0
4069149,45,7,-1,-1,5
4066162,11,33,-1,-1,4
4065028,22,33,-1,-1,3
4068914,29,46,-1,-1,5
4068406,24,12,-1,-1,1
4064664,36,24,-1,-1,7
4060410,21,6,-1,-1,1
4060301,47,40,-1,-1,7
4067539,19,31,-1,-1,2
4067098,33,29,-1,-1,1
4069408,61,32,-1,-1,3
4068512,28,59,-1,-1,4
4068400,17,50,-1,-1,1
4069811,14,12,-1,-1,6
4065137,22,55,-1,-1,0
4065896,21,52,-1,-1,4
4068013,55,57,-1,-1,1
4066312,48,33,-1,-1,5
4067628,0,53,-1,-1,7
4067950,17,41,-1,-1,5
4069146,19,25,-1,-1,0
4067010,27,50,-1,-1,7
4065935,60,10,-1,-1,0
4067021,5,57,-1,-1,1
4068065,19,12,-1,-1,6
4069679,57,19,-1,-1,4
4060983,39,6,-1,-1,5
4061931,34,54,-1,-1,0
4068495,33,26,-1,-1,2
4057047,21,41,-1,-1,3
4069331,12,47,-1,-1,3
4066308,27,57,-1,-1,6
4069828,15,52,-1,-1,5
4069489,10,61,-1,-1,1
4065897,44,49,-1,-1,7
4060811,15,42,-1,-1,7
4065693,6,10,-1,-1,0
4069837,48,61,-1,-1,4
4068204,30,45,-1,-1,3
4069816,30,42,-1,-1,3
4069454,11,43,-1,-1,3
4061281,14,22,-1,-1,1
4069861,52,26,-1,-1,0
4063655,10,45,-1,-1,0
4065465,20,26,-1,-1,1
4067648,6,23,-1,-1,4
4069109,12,52,-1,-1,3
4066770,38,58,-1,-1,0
4063959,42,22,-1,-1,4
4063603,27,35,-1,-1,5
4065805,54,26,-1,-1,2
4069059,13,54,-1,-1,7
4063049,55,26,-1,-1,6
4051927,23,2,-1,-1,6
4063352,42,53,-1,-1,4
4067091,29,32,-1,-1,6
4065296,33,39,-1,-1,7
4067219,8,13,-1,-1,4
4068546,50,22,-1,-1,6
4069512,60,13,-1,-1,3
4069213,58,58,-1,-1,4
4062966,32,38,-1,-1,2
4061012,60,0,-1,-1,2
4062852,12,57,-1,-1,3
4069884,16,27,-1,-1,3
4066420,59,46,-1,-1,0
4067654,51,17,-1,-1,2
4069075,0,3,-1,-1,7
4068739,44,24,-1,-1,7
4069022,46,37,-1,-1,2
4066326,39,40,-1,-1,2
4069535,27,55,-1,-1,4
4054001,60,43,-1,-1,7
4065806,60,46,-1,-1,6
4061959,24,13,-1,-1,4
4066502,34,27,-1,-1,6
4068534,16,58,-1,-1,7
4062699,54,32,-1,-1,6
4066497,53,59,-1,-1,0
4069270,57,28,-1,-1,0
4069367,44,45,-1,-1,3
4068585,22,6,-1,-1,6
4062085,26,4,-1,-1,6
4063703,56,47,-1,-1,0
4069127,45,59,-1,-1,5
4064395,10,12,-1,-1,3
4063355,28,12,-1,-1,4
4068286,33,16,-1,-1,3
4067729,45,0,-1,-1,1
4067631,56,1,-1,-1,3
4066563,13,22,-1,-1,3
4069029,2,10,-1,-1,3
4066493,55,3,-1,-1,0
4068313,27,39,-1,-1,0
4062493,31,60,-1,-1,7
4064075,49,49,-1,-1,6
4068944,53,46,-1,-1,1
4068197,3,47,-1,-1,1
4069318,8,15,-1,-1,2
4065371,53,0,-1,-1,1
4066240,48,29,-1,-1,1
4069471,9,14,-1,-1,7
4069242,42,49,-1,-1,0
4068291,26,52,-1,-1,0
4065624,55,20,-1,-1,7
4068364,60,41,-1,-1,4
4068037,5,19,-1,-1,5
4064003,37,60,-1,-1,3
4066375,26,15,-1,-1,1
4069027,18,14,-1,-1,2
4068238,5,16,-1,-1,6
4068755,12,35,-1,-1,7
4064572,54,22,-1,-1,3
4063520,14,7,-1,-1,5
4068662,13,26,-1,-1,0
4067995,47,29,-1,-1,2
4067746,19,18,-1,-1,4
4068868,24,33,-1,-1,3
4067200,31,47,-1,-1,7
4069826,45,33,-1,-1,3
4069647,27,18,-1,-1,4
4068185,39,31,-1,-1,3
4066724,11,17,-1,-1,3
4069707,38,44,-1,-1,2
4069636,50,27,-1,-1,1
4052023,17,15,-1,-1,4
4067401,30,40,-1,-1,4
4060268,8,0,-1,-1,3
4068453,26,16,-1,-1,3
4068404,51,52,-1,-1,7
4067862,61,52,-1,-1,5
4069321,16,17,-1,-1,1
4068637,25,47,-1,-1,1
4069501,56,46,-1,-1,3
4062627,3,1,-1,-1,5
4070002,19,22,-1,-1,7
4061912,0,27,-1,-1,6
4062370,53,15,-1,-1,4
4067498,54,18,-1,-1,1
4068375,4,9,-1,-1,6
4068707,8,35,-1,-1,2
4064302,24,56,-1,-1,1
4067492,12,23,-1,-1,2
4069954,46,22,-1,-1,2
4066988,23,21,-1,-1,4
4061561,14,41,-1,-1,4
4057821,35,47,-1,-1,7
4067444,45,52,-1,-1,5
4056291,21,61,-1,-1,1
4058751,20,55,-1,-1,3
4066695,10,24,-1,-1,2
4065940,24,48,-1,-1,3
4064531,16,39,-1,-1,1
4069549,52,0,-1,-1,4
4066528,15,21,-1,-1,7
4068285,25,24,-1,-1,6
4069686,59,48,-1,-1,6
4067232,18,13,-1,-1,5
4069551,54,33,-1,-1,7
4068670,60,54,-1,-1,4
4066544,52,36,-1,-1,3
4069946,16,44,-1,-1,2
4065758,7,10,-1,-1,0
4069071,38,59,-1,-1,1
4067957,48,58,-1,-1,3
4069942,46,20,-1,-1,5
4069854,5,47,-1,-1,0
4065272,24,43,-1,-1,2
4069252,57,54,-1,-1,2
4069869,60,5,-1,-1,4
4060723,8,54,-1,-1,4
4067482,32,54,-1,-1,2
4067595,32,43,-1,-1,7
4068621,58,23,-1,-1,4
4068462,53,2,-1,-1,6
4068950,35,10,-1,-1,2
4069975,6,61,-1,-1,6
4062791,38,10,-1,-1,5
4069216,3,17,-1,-1,7
4063062,61,6,-1,-1,2
4059859,2,54,-1,-1,6
4066979,29,40,-1,-1,4
4068052,29,16,-1,-1,5
4053473,48,6,-1,-1,6
4069917,44,25,-1,-1,4
4062268,37,32,-1,-1,7
4069010,38,3,-1,-1,4
4068506,48,55,-1,-1,3
4059101,40,40,-1,-1,4
4066516,23,48,-1,-1,7
4066745,8,28,-1,-1,0
4069205,34,25,-1,-1,7
4067993,30,8,-1,-1,6
4069350,12,5,-1,-1,2
4068750,11,29,-1,-1,1
4067921,42,36,-1,-1,2
4066064,39,2,-1,-1,0
4069627,26,9,-1,-1,5
4066840,61,57,-1,-1,7
4069524,10,22,-1,-1,7
4069329,3,13,-1,-1,4
4067863,30,57,-1,-1,4
4065401,12,21,-1,-1,6
4066691,7,59,-1,-1,6
4069774,0,47,-1,-1,4
4069703,46,60,-1,-1,1
4066378,5,48,-1,-1,2
4067836,37,28,-1,-1,2
4064774,4,49,-1,-1,6
4062554,49,59,-1,-1,5
4069934,23,38,-1,-1,4
4065069,1,50,-1,-1,6
4068219,31,8,-1,-1,2
4067350,31,13,-1,-1,2
4067806,28,1,-1,-1,2
4068347,12,19,-1,-1,5
4067796,17,24,-1,-1,0
4069143,12,53,-1,-1,5
4069824,16,3,-1,-1,6
4067827,59,50,-1,-1,2
4068488,5,13,-1,-1,4
4067710,9,18,-1,-1,0
4060228,20,24,-1,-1,6
4069334,34,48,-1,-1,1
4069276,2,48,-1,-1,6
4069793,3,19,-1,-1,5
4069495,55,31,-1,-1,5
4066941,7,35,-1,-1,6
4069212,13,31,-1,-1,7
4060627,3,10,-1,-1,6
4065618,15,41,-1,-1,3
4060479,0,37,-1,-1,6
4060230,12,50,-1,-1,0
4068144,34,7,-1,-1,5
4069139,6,26,-1,-1,1
4068985,23,26,-1,-1,1
4064209,45,38,-1,-1,2
4061155,38,28,-1,-1,7
4068564,2,36,-1,-1,4
4068336,28,56,-1,-1,7
4064717,9,33,-1,-1,4
4069777,53,29,-1,-1,2
4065088,6,54,-1,-1,3
4069764,5,33,-1,-1,2
4064735,24,54,-1,-1,5
4062122,25,45,-1,-1,0
4067684,15,23,-1,-1,3
4068121,34,59,-1,-1,7
4068835,2,0,-1,-1,2
4063883,41,3,-1,-1,7
4061795,13,9,-1,-1,3
4068996,56,18,-1,-1,4
4068311,34,45,-1,-1,3
4067637,61,36,-1,-1,3
4067840,50,41,-1,-1,2
4068704,35,28,-1,-1,3
4061772,33,25,-1,-1,1
4061417,45,43,-1,-1,6
4066451,16,2,-1,-1,6
4068601,1,17,-1,-1,4
4069317,3,33,-1,-1,5
4062805,61,55,-1,-1,1
4068703,59,51,-1,-1,7
4067505,41,51,-1,-1,1
4066537,56,31,-1,-1,1
4067363,50,54,-1,-1,2
4069953,49,1,-1,-1,4
4069676,40,46,-1,-1,3
4065064,54,23,-1,-1,1
4061720,51,33,-1,-1,0
4063908,22,48,-1,-1,5
4068225,14,9,-1,-1,5
4067974,14,54,-1,-1,2
4069517,31,41,-1,-1,1
4062566,15,25,-1,-1,6
4069819,50,20,-1,-1,5
4069668,8,59,-1,-1,7
4068611,11,39,-1,-1,2
4066649,8,33,-1,-1,5
4067764,6,15,-1,-1,3
4067001,8,17,-1,-1,7
4066402,32,52,-1,-1,7
4067467,10,26,-1,-1,2
4066551,1,2,-1,-1,6
4068111,46,57,-1,-1,4
4066365,13,20,-1,-1,6
4064541,56,11,-1,-1,2
4068358,60,30,-1,-1,6
4067876,54,34,-1,-1,4
4067768,7,27,-1,-1,5
4067229,28,54,-1,-1,2
4068384,38,6,-1,-1,6
4068523,15,47,-1,-1,5
4066482,36,54,-1,-1,0
4069008,22,15,-1,-1,1
4068318,48,11,-1,-1,0
4068640,57,51,-1,-1,7
4066876,61,43,-1,-1,2
4069325,16,60,-1,-1,0
4067769,18,35,-1,-1,4
4069784,35,24,-1,-1,3
4067435,40,6,-1,-1,6
4069659,23,3,-1,-1,4
4064623,43,42,-1,-1,0
4061555,17,21,-1,-1,3
4065091,19,1,-1,-1,6
4062854,15,0,-1,-1,3
4067067,57,44,-1,-1,4
4068759,16,13,-1,-1,0
4069372,30,20,-1,-1,6
4069158,10,8,-1,-1,2
4067599,23,1,-1,-1,7
4069440,2,17,-1,-1,3
4069936,33,56,-1,-1,1
4067864,53,50,-1,-1,7
4068356,16,29,-1,-1,5
4059864,35,0,-1,-1,7
4069794,10,37,-1,-1,3
4066543,52,2,-1,-1,4
4069288,48,3,-1,-1,5
4065357,36,16,-1,-1,7
4069965,19,26,-1,-1,5
4064281,55,21,-1,-1,5
4067573,55,58,-1,-1,7
4065761,7,14,-1,-1,0
4069294,22,4,-1,-1,1
4069743,25,35,-1,-1,2
4066142,34,37,-1,-1,0
4069564,34,52,-1,-1,4
4069556,41,22,-1,-1,7
4068833,50,49,-1,-1,7
4067198,20,30,-1,-1,5
4069024,43,13,-1,-1,2
4069328,34,57,-1,-1,7
4060506,19,41,-1,-1,0
4062293,12,22,-1,-1,1
4068255,55,33,-1,-1,6
4067543,22,38,-1,-1,3
4067432,27,28,-1,-1,3
4069780,32,60,-1,-1,5
4069754,41,52,-1,-1,5
4066778,60,59,-1,-1,0
4069296,59,33,-1,-1,6
4066664,50,23,-1,-1,6
4066867,40,35,-1,-1,1
4067457,31,36,-1,-1,1
4066686,58,30,-1,-1,7
4060330,55,56,-1,-1,4
4064556,16,15,-1,-1,0
4068669,56,51,-1,-1,5
4056028,20,0,-1,-1,0
4068828,56,2,-1,-1,5
4068492,49,41,-1,-1,6
4067569,55,48,-1,-1,6
4067798,35,16,-1,-1,6
4066472,22,8,-1,-1,5
4066415,28,61,-1,-1,1
4066847,58,59,-1,-1,5
4069762,37,15,-1,-1,4
4069380,44,0,-1,-1,1
4068379,19,0,-1,-1,4
4068302,56,24,-1,-1,5
4066628,50,46,-1,-1,3
4068064,51,55,-1,-1,3
4061770,15,58,-1,-1,3
4065918,8,51,-1,-1,0
4065349,32,44,-1,-1,2
4066592,4,1,-1,-1,1
4069450,45,24,-1,-1,1
4068910,36,55,-1,-1,0
4063795,59,35,-1,-1,6
4067532,15,53,-1,-1,5
4068346,27,52,-1,-1,0
4068408,47,58,-1,-1,5
4066944,43,49,-1,-1,4
4063099,50,52,-1,-1,5
4069644,47,44,-1,-1,4
4067657,1,37,-1,-1,5
4067812,27,36,-1,-1,3
4067562,56,29,-1,-1,4
4058662,56,6,-1,-1,7
4058672,42,19,-1,-1,4
4067483,20,60,-1,-1,2
4069314,10,13,-1,-1,2
4065783,24,24,-1,-1,5
4068281,9,49,-1,-1,0
4067883,34,10,-1,-1,2
4061544,7,2,-1,-1,2
4070043,33,36,-1,-1,1
4067046,43,4,-1,-1,1
4064063,10,16,-1,-1,3
4057111,30,15,-1,-1,0
4061238,17,22,-1,-1,3
4065963,28,26,-1,-1,4
4063095,4,27,-1,-1,7
4066783,31,55,-1,-1,4
4063279,26,18,-1,-1,7
4066037,53,44,-1,-1,2
4069123,41,25,-1,-1,7
4067538,29,17,-1,-1,3
4067739,32,56,-1,-1,4
4065924,19,52,-1,-1,7
4069845,51,28,-1,-1,3
4067588,4,37,-1,-1,4
4066343,26,58,-1,-1,7
4067683,24,16,-1,-1,4
4067086,44,2,-1,-1,7
4052421,29,61,-1,-1,4
4063946,40,55,-1,-1,4
4069097,45,37,-1,-1,3
4069673,56,34,-1,-1,6
4067978,49,44,-1,-1,6
4063828,11,34,-1,-1,5
4067799,34,39,-1,-1,6
4066213,48,41,-1,-1,5
4052495,14,27,-1,-1,4
4066624,31,27,-1,-1,1
4062064,4,60,-1,-1,5
4062782,2,26,-1,-1,0
4065331,4,16,-1,-1,7
4065314,38,11,-1,-1,0
4057607,48,60,-1,-1,0
4069322,33,21,-1,-1,3
4068647,35,31,-1,-1,2
4054838,42,1,-1,-1,6
4064799,6,28,-1,-1,1
4067243,17,60,-1,-1,7
4057532,10,49,-1,-1,4
4067386,15,34,-1,-1,5
4067662,53,5,-1,-1,5
4069620,48,26,-1,-1,2
4065207,0,13,-1,-1,2
4064909,35,42,-1,-1,2
4069851,13,42,-1,-1,3
4069849,27,45,-1,-1,7
4064248,29,20,-1,-1,4
4064055,24,28,-1,-1,7
4069949,0,26,-1,-1,2
4068169,1,26,-1,-1,6
4068050,24,37,-1,-1,4
4069829,45,55,-1,-1,4
4067650,3,48,-1,-1,0
4066997,24,4,-1,-1,3
4053549,15,9,-1,-1,5
4066078,28,9,-1,-1,7
4065469,60,31,-1,-1,2
4069415,31,52,-1,-1,1
4064776,8,43,-1,-1,6
4064175,58,19,-1,-1,3
4069142,10,41,-1,-1,1
4057815,24,14,-1,-1,7
4067382,59,37,-1,-1,3
4069706,14,44,-1,-1,6
4065735,25,0,-1,-1,2
4068126,45,18,-1,-1,4
4069080,59,10,-1,-1,7
4068685,15,49,-1,-1,6
4069377,7,17,-1,-1,2
4069460,2,42,-1,-1,6
4066817,58,45,-1,-1,1
4067404,37,47,-1,-1,6
4069724,44,10,-1,-1,0
4070042,10,58,-1,-1,1
4070040,44,53,-1,-1,6
4066623,0,42,-1,-1,6
4068190,61,29,-1,-1,7
4067519,12,43,-1,-1,2
4066973,12,30,-1,-1,3
4065379,27,30,-1,-1,4
4069664,11,13,-1,-1,2
4067870,44,43,-1,-1,0
4056275,60,51,-1,-1,1
4062195,11,2,-1,-1,1
4067403,47,24,-1,-1,3
4069208,57,34,-1,-1,0
4067576,13,24,-1,-1,3
4066416,42,44,-1,-1,4
4069007,26,32,-1,-1,5
4067703,44,16,-1,-1,3
4067605,49,10,-1,-1,1
4062885,37,17,-1,-1,2
4068377,6,4,-1,-1,3
4067369,47,49,-1,-1,3
4065240,56,42,-1,-1,1
4062433,11,51,-1,-1,2
4067966,12,31,-1,-1,5
4062945,44,57,-1,-1,0
4069955,6,22,-1,-1,2
4065916,34,49,-1,-1,4
4069983,31,10,-1,-1,4
4068315,29,30,-1,-1,2
4069694,51,4,-1,-1,6
4060905,32,46,-1,-1,1
4069268,30,50,-1,-1,2
4064903,47,33,-1,-1,1
4067598,38,41,-1,-1,3
4068682,49,17,-1,-1,4
4067252,24,20,-1,-1,1
4064214,2,29,-1,-1,3
4068596,21,37,-1,-1,5
4069439,0,11,-1,-1,6
4067587,6,16,-1,-1,7
4063447,23,25,-1,-1,4
4061209,56,54,-1,-1,0
4068251,24,59,-1,-1,7
4064335,43,10,-1,-1,3
4069844,58,20,-1,-1,4
4066637,54,28,-1,-1,0
4068987,14,2,-1,-1,0
4068629,52,61,-1,-1,5
4068062,19,39,-1,-1,4
4060972,38,54,-1,-1,5
4061623,0,57,-1,-1,7
4066138,40,36,-1,-1,5
4061389,13,48,-1,-1,1
4068214,14,32,-1,-1,3
4067158,53,14,-1,-1,6
4063922,41,48,-1,-1,5
4063354,34,15,-1,-1,7
4068952,51,3,-1,-1,7
4067100,9,38,-1,-1,4
4067841,33,28,-1,-1,6
4069237,31,32,-1,-1,7
4060968,26,59,-1,-1,4
4069999,17,55,-1,-1,2
4068871,38,50,-1,-1,4
4069877,12,8,-1,-1,4
4065486,44,38,-1,-1,4
4064474,38,24,-1,-1,3
4065815,55,16,-1,-1,6
4069183,41,41,-1,-1,2
4061446,32,7,-1,-1,4
4064995,28,42,-1,-1,5
4066309,38,60,-1,-1,6
4069579,46,19,-1,-1,4
4069224,37,30,-1,-1,4
4060628,23,39,-1,-1,1
4068085,60,11,-1,-1,1
4068722,17,4,-1,-1,6
4068458,55,25,-1,-1,3
4067115,36,38,-1,-1,4
4056441,47,1,-1,-1,0
4064550,4,38,-1,-1,6
4051690,57,31,-1,-1,3
4069128,59,4,-1,-1,7
4064429,30,4,-1,-1,1
4069831,7,57,-1,-1,6
4065996,54,17,-1,-1,7
4065754,7,46,-1,-1,4
4068216,44,37,-1,-1,1
4066149,49,12,-1,-1,0
4069928,32,39,-1,-1,0
4067789,57,49,-1,-1,0
4068803,22,0,-1,-1,5
4055450,45,17,-1,-1,4
4064792,41,28,-1,-1,3
4066217,34,24,-1,-1,7
4068305,12,48,-1,-1,7
4068948,28,51,-1,-1,4
4069140,56,5,-1,-1,3
4064231,49,34,-1,-1,3
4069424,3,45,-1,-1,0
4065854,9,43,-1,-1,3
4069180,43,22,-1,-1,5
4068577,23,55,-1,-1,4
4067328,5,18,-1,-1,7
4069656,34,22,-1,-1,3
4068783,4,24,-1,-1,3
4068264,56,41,-1,-1,0
4067260,11,4,-1,-1,5
4069198,57,46,-1,-1,1
4065394,17,23,-1,-1,0
4067125,21,58,-1,-1,4
4068381,54,30,-1,-1,6
4065204,59,5,-1,-1,4
4063539,55,8,-1,-1,1
4067878,11,58,-1,-1,1
4069050,20,19,-1,-1,6
4065268,14,21,-1,-1,1
4067570,8,44,-1,-1,7
4063748,13,13,-1,-1,3
4068909,39,59,-1,-1,2
4065607,49,42,-1,-1,2
4069976,23,20,-1,-1,2
4067750,55,34,-1,-1,3
4061599,28,53,-1,-1,1
4062473,15,48,-1,-1,4
4049007,44,12,-1,-1,4
4064495,24,32,-1,-1,0
4069960,3,30,-1,-1,4
4069853,51,30,-1,-1,2
4056457,43,16,-1,-1,1
4065668,20,5,-1,-1,1
4053870,46,12,-1,-1,3
4068337,26,41,-1,-1,6
4068319,28,36,-1,-1,0
4065605,21,51,-1,-1,1
4069560,56,40,-1,-1,3
4064975,56,39,-1,-1,5
4069033,39,36,-1,-1,1
4068615,54,54,-1,-1,6
4068194,42,15,-1,-1,3
4066701,38,30,-1,-1,0
4068902,38,7,-1,-1,2
4068275,11,48,-1,-1,7
4064727,24,46,-1,-1,0
4069467,33,8,-1,-1,0
4069486,30,52,-1,-1,2
4069333,33,34,-1,-1,6
4063596,42,35,-1,-1,2
4065245,21,29,-1,-1,4
4056864,34,40,-1,-1,2
4047735,38,47,-1,-1,5
4065526,39,60,-1,-1,6
4070048,8,40,-1,-1,5
4068094,5,31,-1,-1,2
4069879,56,15,-1,-1,7
4059532,16,10,-1,-1,5
4070029,51,36,-1,-1,2
4061090,28,52,-1,-1,0
4069340,40,13,-1,-1,0
4068805,17,51,-1,-1,5
4069700,3,24,-1,-1,5
4068517,59,43,-1,-1,3
4063145,19,47,-1,-1,0
4067629,45,32,-1,-1,2
4067156,45,5,-1,-1,4
4066045,10,60,-1,-1,7
4068157,38,5,-1,-1,7
4069056,56,3,-1,-1,4
4056671,30,0,-1,-1,6
4070032,18,10,-1,-1,1
4069813,15,16,-1,-1,7
4063504,40,28,-1,-1,4
4066222,27,54,-1,-1,1
4066866,42,52,-1,-1,1
4067916,0,15,-1,-1,4
4067242,28,21,-1,-1,6
4063408,51,57,-1,-1,1
4062840,5,61,-1,-1,5
4069722,52,4,-1,-1,7
4066453,30,14,-1,-1,4
4068815,58,25,-1,-1,1
4063564,28,25,-1,-1,4
4069248,24,52,-1,-1,0
4063432,0,9,-1,-1,4
4069961,56,38,-1,-1,7
4068086,52,10,-1,-1,3
4070019,34,43,-1,-1,7
4064770,5,15,-1,-1,6
4067838,16,40,-1,-1,3
4070041,28,0,-1,-1,4
4067906,5,44,-1,-1,3
4069230,50,32,-1,-1,4
4069446,24,30,-1,-1,4
4062226,3,50,-1,-1,0
4065492,54,5,-1,-1,6
4067754,4,41,-1,-1,1
4066003,37,40,-1,-1,2
4069726,2,5,-1,-1,0
4061300,1,5,-1,-1,2
4069914,25,18,-1,-1,2
4068370,23,45,-1,-1,5
4066085,39,51,-1,-1,1
4063909,17,12,-1,-1,7
4069475,8,27,-1,-1,4
4055813,4,17,-1,-1,7
4068413,29,41,-1,-1,0
4069901,61,4,-1,-1,4
4069053,51,53,-1,-1,6
4067633,13,30,-1,-1,3
4064024,9,53,-1,-1,0
4066924,23,50,-1,-1,5
4068338,59,22,-1,-1,5
4058615,38,37,-1,-1,0
4068533,35,1,-1,-1,6
4069663,52,15,-1,-1,0
4069791,22,60,-1,-1,5
4058698,15,13,-1,-1,5
4064999,10,3,-1,-1,1
4064766,26,43,-1,-1,1
4065442,49,39,-1,-1,1
4063601,22,56,-1,-1,6
4068915,19,35,-1,-1,0
4069717,0,56,-1,-1,2
4069175,29,31,-1,-1,6
4069473,32,10,-1,-1,5
4068116,14,37,-1,-1,5
4066521,34,26,-1,-1,5
4062185,61,5,-1,-1,0
4068530,52,46,-1,-1,6
4069750,11,1,-1,-1,1
4066010,4,31,-1,-1,3
4063811,49,30,-1,-1,6
4066546,43,14,-1,-1,0
4062974,54,57,-1,-1,1
4068895,50,48,-1,-1,5
4069392,30,55,-1,-1,4
4069614,28,24,-1,-1,7
4057706,51,50,-1,-1,6
4068700,2,8,-1,-1,2
4069480,52,53,-1,-1,5
4068620,51,34,-1,-1,6
4063920,40,58,-1,-1,4
4068551,12,55,-1,-1,5
4069834,16,11,-1,-1,1
4069538,28,20,-1,-1,3
4066763,37,58,-1,-1,0
4060925,34,46,-1,-1,1
4057885,55,61,-1,-1,3
4068919,14,23,-1,-1,4
4069923,5,17,-1,-1,1
4069915,6,56,-1,-1,6
4069349,9,60,-1,-1,4
4069758,30,17,-1,-1,6
4066476,23,44,-1,-1,5
4063577,19,48,-1,-1,1
4064497,25,13,-1,-1,6
4060821,25,19,-1,-1,2
4068352,61,9,-1,-1,3
4066317,9,41,-1,-1,6
4069537,59,20,-1,-1,4
4069779,50,37,-1,-1,2
4067105,6,14,-1,-1,4
4068981,58,18,-1,-1,6
4065652,27,10,-1,-1,5
4069437,16,4,-1,-1,0
4066446,22,49,-1,-1,3
4068322,54,11,-1,-1,5
4069657,23,10,-1,-1,6
4063552,33,23,-1,-1,0
4068320,34,29,-1,-1,5
4063711,56,59,-1,-1,2
4069896,13,10,-1,-1,0
4065230,18,4,-1,-1,5
4066101,51,48,-1,-1,5
4068432,7,34,-1,-1,6
4068450,4,15,-1,-1,5
4068994,1,58,-1,-1,0
4066541,33,59,-1,-1,2
4069756,52,16,-1,-1,6
4067919,57,55,-1,-1,2
4067170,38,25,-1,-1,2
4068067,19,57,-1,-1,4
4067976,56,57,-1,-1,7
4069041,31,38,-1,-1,7
4064103,14,1,-1,-1,4
4069496,8,31,-1,-1,7
4069219,51,7,-1,-1,5
4067336,44,17,-1,-1,6
4066083,13,41,-1,-1,4
4063763,1,1,-1,-1,4
4065154,59,34,-1,-1,1
4067102,31,33,-1,-1,6
4069060,43,26,-1,-1,5
4066648,57,52,-1,-1,3
4068054,36,26,-1,-1,6
4068279,4,28,-1,-1,1
4068181,9,13,-1,-1,2
4065604,49,35,-1,-1,7
4069885,53,12,-1,-1,7
4060997,40,10,-1,-1,7
4063994,8,34,-1,-1,6
4065545,37,44,-1,-1,6
4068651,32,27,-1,-1,2
4059502,44,60,-1,-1,4
4059780,52,54,-1,-1,4
4069629,8,22,-1,-1,5
4064308,0,58,-1,-1,6
4069626,59,6,-1,-1,1
4053058,21,21,-1,-1,3
4068849,24,8,-1,-1,1
4068558,12,6,-1,-1,2
4065766,29,33,-1,-1,5
4069631,37,36,-1,-1,7
4064729,9,28,-1,-1,6
4068170,0,24,-1,-1,3
4065278,4,20,-1,-1,3
4062806,50,57,-1,-1,0
4070052,43,15,-1,-1,3
4065637,5,7,-1,-1,4
4052111,55,9,-1,-1,5
4065563,19,17,-1,-1,4
4067344,58,37,-1,-1,2
4069860,22,27,-1,-1,6
4060644,37,13,-1,-1,0
4068589,44,14,-1,-1,5
4060581,32,5,-1,-1,2
4069102,2,2,-1,-1,7
4060573,60,17,-1,-1,6
4068649,8,48,-1,-1,7
4069781,21,53,-1,-1,5
4069421,61,20,-1,-1,5
4068103,10,51,-1,-1,2
4066305,9,27,-1,-1,2
4069204,1,41,-1,-1,5
4063061,10,25,-1,-1,2
4068602,53,19,-1,-1,5
4067438,49,2,-1,-1,4
4069591,39,0,-1,-1,0
4070033,37,19,-1,-1,0
4068646,35,48,-1,-1,7
4067319,59,14,-1,-1,5
4060878,52,49,-1,-1,0
4061920,54,55,-1,-1,3
4067415,33,4,-1,-1,5
4066774,40,12,-1,-1,1
4069094,40,41,-1,-1,1
4064785,19,4,-1,-1,7
4069795,43,7,-1,-1,6
4069013,47,26,-1,-1,3
4062735,1,48,-1,-1,1
4069749,13,33,-1,-1,5
4060923,41,15,-1,-1,2
4068041,42,0,-1,-1,7
4069110,22,58,-1,-1,5
4066526,8,30,-1,-1,5
4069487,30,35,-1,-1,1
4069137,0,52,-1,-1,4
4066370,24,60,-1,-1,2
4064276,15,32,-1,-1,0
4066682,7,13,-1,-1,1
4068597,29,25,-1,-1,5
4066856,60,49,-1,-1,2
4068130,2,61,-1,-1,1
4043308,10,7,-1,-1,3
4069113,18,16,-1,-1,5
4067155,12,13,-1,-1,3
4069257,54,60,-1,-1,3
4062747,31,17,-1,-1,6
4067821,27,29,-1,-1,3
4065212,14,15,-1,-1,3
4070004,48,34,-1,-1,7
4069267,25,3,-1,-1,5
4068082,41,10,-1,-1,3
4068617,19,42,-1,-1,7
4069672,29,13,-1,-1,5
4065813,6,43,-1,-1,5
4066470,8,20,-1,-1,5
4068716,24,42,-1,-1,7
4066972,38,27,-1,-1,0
4069733,54,38,-1,-1,4
4068565,27,33,-1,-1,7
4067346,22,39,-1,-1,0
4068900,8,6,-1,-1,0
4069369,15,20,-1,-1,0
4064296,51,1,-1,-1,4
4062939,51,12,-1,-1,6
4069935,55,39,-1,-1,2
4067478,8,25,-1,-1,1
4068515,55,51,-1,-1,2
4070047,46,15,-1,-1,3
4064968,45,6,-1,-1,6
4065468,55,0,-1,-1,3
4061442,50,25,-1,-1,5
4065617,5,49,-1,-1,2
4069188,9,25,-1,-1,1
4068641,11,11,-1,-1,4
4058442,59,31,-1,-1,1
4056973,41,57,-1,-1,0
4068837,35,25,-1,-1,7
4065928,22,16,-1,-1,0
4063272,56,61,-1,-1,3
4068692,15,17,-1,-1,1
4069243,15,61,-1,-1,1
4059340,40,42,-1,-1,0
4068740,40,54,-1,-1,7
4069326,10,0,-1,-1,6
4068795,17,47,-1,-1,2
4067286,61,11,-1,-1,4
4063315,23,13,-1,-1,6
4066257,43,39,-1,-1,1
4065784,49,29,-1,-1,6
4060706,1,7,-1,-1,7
4052909,31,39,-1,-1,7
4069319,18,56,-1,-1,1
4057537,29,3,-1,-1,1
4057872,4,61,-1,-1,0
4069197,23,28,-1,-1,7
4067889,20,13,-1,-1,1
4067615,21,5,-1,-1,1
4066485,5,12,-1,-1,1
4070028,42,18,-1,-1,1
4059541,48,21,-1,-1,2
4069169,61,37,-1,-1,4
4069748,31,42,-1,-1,3
4067982,61,45,-1,-1,3
4066678,49,57,-1,-1,5
4066830,28,48,-1,-1,5
4068969,13,46,-1,-1,0
4067736,20,40,-1,-1,4
4068271,13,0,-1,-1,7
4067708,35,49,-1,-1,4
4069069,32,23,-1,-1,2
4048719,33,7,-1,-1,4
4066720,39,22,-1,-1,1
4065579,4,14,-1,-1,7
4064451,52,59,-1,-1,6
4066465,55,52,-1,-1,0
4055978,54,12,-1,-1,3
4063004,56,56,-1,-1,0
4067691,61,8,-1,-1,1
4067887,58,52,-1,-1,4
4068625,39,54,-1,-1,3
4030910,61,15,-1,-1,3
4059983,16,55,-1,-1,1
4069476,9,54,-1,-1,1
4067295,47,39,-1,-1,3
4069494,20,20,-1,-1,1
4067377,1,43,-1,-1,5
4069757,26,49,-1,-1,0
4065799,49,40,-1,-1,3
4069447,28,37,-1,-1,7
4055248,30,46,-1,-1,2
4069588,2,52,-1,-1,5
4052229,34,34,-1,-1,3
4064428,24,2,-1,-1,3
4066882,57,11,-1,-1,6
4068540,51,40,-1,-1,1
4066629,45,23,-1,-1,2
4063306,47,22,-1,-1,0
4067527,55,14,-1,-1,6
4068814,11,45,-1,-1,6
4065252,53,41,-1,-1,2
4063789,42,45,-1,-1,4
4065493,21,11,-1,-1,2
4068939,1,18,-1,-1,3
4059509,28,33,-1,-1,0
4066292,5,52,-1,-1,6
4062741,7,54,-1,-1,4
4067446,28,45,-1,-1,2
4069095,2,12,-1,-1,7
4068749,29,48,-1,-1,6
4057052,22,47,-1,-1,6
4066672,4,55,-1,-1,3
4069545,29,55,-1,-1,7
4069587,51,29,-1,-1,6
4067253,57,20,-1,-1,4
4067222,25,16,-1,-1,7
4066590,14,29,-1,-1,1
4067204,36,25,-1,-1,3
4064724,37,48,-1,-1,0
4065165,7,41,-1,-1,1
4066311,7,47,-1,-1,2
4065681,27,15,-1,-1,3
4069814,34,38,-1,-1,7
4059763,56,4,-1,-1,0
4063343,12,54,-1,-1,6
4069870,18,17,-1,-1,2
4068434,41,16,-1,-1,1
4066874,8,37,-1,-1,6
4061325,21,54,-1,-1,5
4069562,38,12,-1,-1,4
4069895,37,20,-1,-1,6
4063791,20,21,-1,-1,3
4067917,50,53,-1,-1,0
4068328,38,0,-1,-1,5
4066706,12,26,-1,-1,2
4067043,11,59,-1,-1,4
4067953,6,6,-1,-1,4
4062957,53,35,-1,-1,5
4070005,18,5,-1,-1,0
4069154,22,21,-1,-1,4
4064772,32,57,-1,-1,0
4066684,50,2,-1,-1,1
4064252,6,35,-1,-1,5
4062456,37,18,-1,-1,5
4061439,1,16,-1,-1,6
4068109,31,15,-1,-1,0
4062924,32,20,-1,-1,0
4060865,34,21,-1,-1,5
4061053,16,31,-1,-1,3
4064129,7,39,-1,-1,6
4069510,0,49,-1,-1,5
4068080,8,4,-1,-1,7
4069630,21,12,-1,-1,2
4064034,2,18,-1,-1,4
4066639,42,23,-1,-1,3
4069502,39,24,-1,-1,5
4055389,11,23,-1,-1,5
4066388,0,41,-1,-1,2
4067918,38,45,-1,-1,3
4069438,21,26,-1,-1,5
4065577,23,61,-1,-1,1
4068296,47,13,-1,-1,4
4068781,21,36,-1,-1,5
4069167,4,50,-1,-1,0
4067320,38,34,-1,-1,0
4061007,43,3,-1,-1,2
4066395,32,22,-1,-1,4
4060646,59,27,-1,-1,0
4068135,56,17,-1,-1,7
4068812,0,60,-1,-1,1
4068394,3,37,-1,-1,5
4066634,13,3,-1,-1,0
4061460,10,50,-1,-1,2
4062922,35,50,-1,-1,4
4069671,58,40,-1,-1,2
4066117,32,19,-1,-1,3
4061871,12,46,-1,-1,6
4068449,27,8,-1,-1,7
4066989,46,25,-1,-1,7
4066441,51,16,-1,-1,1
4066238,47,17,-1,-1,4
4063629,44,46,-1,-1,7
4069822,61,17,-1,-1,0
4068123,13,52,-1,-1,0
4067409,53,28,-1,-1,0
4066653,2,23,-1,-1,2
4067596,20,54,-1,-1,3
4067964,29,34,-1,-1,0
4067773,31,1,-1,-1,6
4063257,33,18,-1,-1,1
4069667,14,42,-1,-1,5
4069808,36,35,-1,-1,7
4067825,42,33,-1,-1,2
4054346,57,17,-1,-1,2
4066056,33,45,-1,-1,5
4061849,26,53,-1,-1,7
4055408,21,44,-1,-1,3
4068768,7,21,-1,-1,7
4069181,4,56,-1,-1,7
4068570,42,29,-1,-1,2
4061463,12,28,-1,-1,0
4061385,6,30,-1,-1,0
4068959,24,49,-1,-1,7
4069650,5,27,-1,-1,0
4067787,33,44,-1,-1,0
4055344,29,50,-1,-1,3
4067755,60,47,-1,-1,2
4068730,61,56,-1,-1,3
4068447,52,44,-1,-1,6
4069429,8,46,-1,-1,7
4058938,17,49,-1,-1,5
4069116,5,32,-1,-1,2
4068938,61,23,-1,-1,6
4069572,39,26,-1,-1,0
4067815,18,59,-1,-1,6
4059838,43,28,-1,-1,3
4065009,51,25,-1,-1,5
4069166,43,20,-1,-1,5
4068253,3,26,-1,-1,1
4068461,49,55,-1,-1,0
4060450,43,36,-1,-1,0
4063059,39,14,-1,-1,1
4048935,14,16,-1,-1,0
4066239,10,17,-1,-1,5
4065046,37,7,-1,-1,7
4067400,59,18,-1,-1,4
4068411,54,20,-1,-1,1
4068457,38,49,-1,-1,0
4066951,54,25,-1,-1,5
4067392,0,12,-1,-1,5
4067166,32,61,-1,-1,6
4069003,1,57,-1,-1,7
4063683,49,11,-1,-1,7
4069910,5,55,-1,-1,2
4060242,7,48,-1,-1,5
4064491,46,47,-1,-1,6
4063264,27,12,-1,-1,6
4066722,36,22,-1,-1,6
4070051,51,18,-1,-1,1
4069153,17,31,-1,-1,2
4069938,46,53,-1,-1,6
4068033,46,61,-1,-1,2
4064369,13,61,-1,-1,7
4061705,57,40,-1,-1,1
4057036,53,47,-1,-1,3
4068681,55,55,-1,-1,1
4068824,14,30,-1,-1,0
4069977,44,32,-1,-1,5
4068970,5,35,-1,-1,4
4059941,30,3,-1,-1,1
4065354,2,35,-1,-1,7
4068452,14,46,-1,-1,0
4067267,1,53,-1,-1,7
4069948,31,54,-1,-1,2
4069465,18,44,-1,-1,0
4063745,33,33,-1,-1,3
4066713,60,23,-1,-1,7
4066926,30,44,-1,-1,1
4066147,41,21,-1,-1,3
4068737,59,55,-1,-1,0
4069864,47,52,-1,-1,5
4066176,41,5,-1,-1,3
4052414,8,57,-1,-1,4
4067456,55,38,-1,-1,0
4057986,29,39,-1,-1,5
4063324,45,20,-1,-1,7
4065344,51,13,-1,-1,7
4059220,1,39,-1,-1,2
4067264,44,44,-1,-1,1
4064280,42,34,-1,-1,6
4043497,0,38,-1,-1,7
4068208,24,47,-1,-1,4
4068746,40,3,-1,-1,2
4066807,60,21,-1,-1,4
4068623,59,61,-1,-1,7
4066059,1,59,-1,-1,0
4067326,4,12,-1,-1,4
4053742,48,25,-1,-1,7
4068610,22,7,-1,-1,4
4067781,29,27,-1,-1,4
4062423,35,34,-1,-1,7
4062516,59,28,-1,-1,2
4068958,7,33,-1,-1,3
4069280,27,11,-1,-1,6
4063336,55,12,-1,-1,4
4067110,27,0,-1,-1,2
4067461,57,61,-1,-1,6
4068334,13,7,-1,-1,2
4064681,0,54,-1,-1,5
4069352,52,37,-1,-1,3
4068034,45,2,-1,-1,7
4069371,13,28,-1,-1,2
4064602,41,17,-1,-1,7
4067897,49,36,-1,-1,3
4069223,27,40,-1,-1,2
4055275,25,29,-1,-1,1
4069716,13,19,-1,-1,1
4065907,22,14,-1,-1,5
4068683,30,33,-1,-1,1
4068391,58,28,-1,-1,1
4067123,2,34,-1,-1,1
4067494,25,44,-1,-1,7
4067311,54,40,-1,-1,3
4065645,18,21,-1,-1,0
4067529,2,14,-1,-1,3
4068699,47,3,-1,-1,7
4067671,37,9,-1,-1,3
4069542,42,2,-1,-1,1
4069859,6,48,-1,-1,6
4069401,61,26,-1,-1,4
4059224,48,43,-1,-1,5
4069043,31,3,-1,-1,0
4068046,59,2,-1,-1,7
4068300,36,5,-1,-1,2
4068872,11,26,-1,-1,2
4068362,13,49,-1,-1,4
4068100,36,14,-1,-1,1
4067757,6,21,-1,-1,1
4066733,9,2,-1,-1,5
4069344,51,41,-1,-1,1
4066850,43,5,-1,-1,6
4064650,16,22,-1,-1,7
4066504,20,1,-1,-1,2
4060208,0,43,-1,-1,2
4064300,16,12,-1,-1,7
4060722,49,6,-1,-1,7
4068674,38,18,-1,-1,2
4069887,16,46,-1,-1,6
4069970,16,43,-1,-1,6
4064621,30,37,-1,-1,5
4069147,33,24,-1,-1,4
4068502,0,40,-1,-1,5
4067258,40,25,-1,-1,0
4068180,28,30,-1,-1,1
4056968,52,35,-1,-1,0
4066669,57,15,-1,-1,5
4069998,27,31,-1,-1,7
4066957,1,42,-1,-1,3
4069616,47,6,-1,-1,1
4068511,19,6,-1,-1,0
4068986,53,45,-1,-1,1
4066844,26,12,-1,-1,1
4062326,32,11,-1,-1,0
4069096,42,50,-1,-1,2
4064025,29,0,-1,-1,2
4066987,58,33,-1,-1,6
4067106,30,47,-1,-1,7
4061029,45,36,-1,-1,3
4068573,44,15,-1,-1,2
4068810,54,36,-1,-1,2
4065065,34,58,-1,-1,3
4065539,3,60,-1,-1,3
4067530,18,42,-1,-1,6
4069240,34,51,-1,-1,4
4070050,12,42,-1,-1,4
4066901,18,58,-1,-1,4
4066023,49,53,-1,-1,5
4068715,1,52,-1,-1,0
4069289,50,51,-1,-1,2
4065680,4,25,-1,-1,5
4066753,53,3,-1,-1,1
4069782,27,44,-1,-1,4
4069906,20,18,-1,-1,6
4065934,47,42,-1,-1,5
4068920,56,23,-1,-1,7
4069548,9,21,-1,-1,4
4062401,46,35,-1,-1,0
4068947,50,56,-1,-1,5
4062761,41,50,-1,-1,2
4064244,56,16,-1,-1,3
4069338,60,14,-1,-1,4
4068976,37,34,-1,-1,6
4064969,42,7,-1,-1,3
4058094,57,36,-1,-1,2
4065254,5,30,-1,-1,6
4068811,49,18,-1,-1,5
4055580,1,25,-1,-1,2
4061697,61,25,-1,-1,7
4067011,30,56,-1,-1,0
4066873,46,31,-1,-1,7
4063852,13,40,-1,-1,5
4069161,49,19,-1,-1,7
4066790,61,2,-1,-1,3
4068015,3,42,-1,-1,2
4069886,37,61,-1,-1,3
4067709,11,38,-1,-1,2
4059504,6,42,-1,-1,4
4069971,19,23,-1,-1,7
4053457,51,42,-1,-1,4
4053135,35,23,-1,-1,6
4069122,8,39,-1,-1,6
4069666,32,33,-1,-1,6
4066522,25,56,-1,-1,1
4065694,12,33,-1,-1,1
4068556,33,31,-1,-1,7
4064878,2,4,-1,-1,1
4059650,29,5,-1,-1,3
4069927,14,57,-1,-1,5
4069132,9,11,-1,-1,4
4067900,57,45,-1,-1,1
4068717,38,57,-1,-1,2
4060961,17,28,-1,-1,3
4064740,58,38,-1,-1,7
4063361,46,16,-1,-1,7
4059039,12,18,-1,-1,3
4069856,36,31,-1,-1,3
4068881,13,55,-1,-1,5
4065997,54,42,-1,-1,3
4062378,10,53,-1,-1,6
4069769,14,58,-1,-1,2
4065974,33,35,-1,-1,1
4063259,17,43,-1,-1,5
4069966,9,55,-1,-1,3
4064546,43,27,-1,-1,5
4067185,57,10,-1,-1,2
4063636,37,5,-1,-1,0
4065385,10,38,-1,-1,0
4063937,24,39,-1,-1,4
4069908,47,18,-1,-1,4
4068760,40,9,-1,-1,4
4065363,32,47,-1,-1,7
4068775,55,59,-1,-1,1
4068599,11,53,-1,-1,3
4067697,46,28,-1,-1,7
4069021,26,36,-1,-1,6
4068089,44,40,-1,-1,0
4069719,22,54,-1,-1,4
4066097,19,5,-1,-1,5
4068108,29,11,-1,-1,5
4064188,22,52,-1,-1,3
4069651,9,9,-1,-1,2
4065382,25,54,-1,-1,5
4058422,48,50,-1,-1,4
4066640,33,0,-1,-1,6
4066266,26,34,-1,-1,3
4066780,3,57,-1,-1,0
4069159,9,31,-1,-1,3
4064194,53,4,-1,-1,7
4066726,45,50,-1,-1,3
4068403,16,33,-1,-1,1
4064093,21,31,-1,-1,1
4067380,21,49,-1,-1,0
4066800,7,12,-1,-1,0
4067126,34,8,-1,-1,7
4068343,27,14,-1,-1,5
4068804,39,39,-1,-1,4
4069956,14,3,-1,-1,4
4067578,46,24,-1,-1,3
4069925,41,14,-1,-1,2
4065785,12,32,-1,-1,6
4063120,46,46,-1,-1,1
4068879,57,35,-1,-1,1
4066126,55,15,-1,-1,2
4067653,36,0,-1,-1,6
4068496,28,10,-1,-1,0
4069947,19,60,-1,-1,2
4068471,51,56,-1,-1,0
4066834,26,11,-1,-1,7
4065646,24,23,-1,-1,0
4066448,20,38,-1,-1,0
4064807,27,37,-1,-1,2
4067099,22,53,-1,-1,3
4069354,55,53,-1,-1,6
4068771,4,22,-1,-1,6
4068916,55,54,-1,-1,1
4069261,32,21,-1,-1,2
4061616,50,36,-1,-1,5
4067522,48,1,-1,-1,7
4061625,1,51,-1,-1,3
4060896,0,29,-1,-1,6
4069477,15,33,-1,-1,3
4067707,21,40,-1,-1,5
4066486,43,59,-1,-1,6
4066014,14,45,-1,-1,0
4065200,13,57,-1,-1,5
4069637,39,5,-1,-1,4
4069642,60,19,-1,-1,0
4065966,34,30,-1,-1,6
4068122,0,22,-1,-1,5
4066710,25,34,-1,-1,0
4068691,16,30,-1,-1,2
4070044,50,18,-1,-1,1
4068980,5,37,-1,-1,3
4069287,58,12,-1,-1,1
4069525,19,14,-1,-1,7
4065906,41,54,-1,-1,1
4068923,45,1,-1,-1,2
4069786,25,15,-1,-1,4
4068701,50,13,-1,-1,3
4067626,7,37,-1,-1,0
4067417,42,30,-1,-1,0
4069902,47,50,-1,-1,1
4062703,32,51,-1,-1,5
4058306,24,6,-1,-1,0
4062413,23,6,-1,-1,0
4068862,19,49,-1,-1,7
4065552,58,54,-1,-1,4
4067514,31,26,-1,-1,0
4065041,58,2,-1,-1,6
4058416,20,11,-1,-1,1
4068962,46,48,-1,-1,0
4068215,27,58,-1,-1,5
4066277,10,28,-1,-1,5
4064234,47,43,-1,-1,5
4065312,33,37,-1,-1,4
4066191,59,53,-1,-1,0
4066984,50,29,-1,-1,1
4057456,13,5,-1,-1,3
4068818,19,38,-1,-1,5
4068380,11,25,-1,-1,1
4069451,40,1,-1,-1,2
4067485,47,16,-1,-1,5
4067287,22,25,-1,-1,0
4058518,61,19,-1,-1,5
4069585,4,35,-1,-1,1
4069141,18,12,-1,-1,6
4067718,18,40,-1,-1,7
4069491,16,14,-1,-1,2
4066080,7,56,-1,-1,4
4069584,36,41,-1,-1,5
4069608,21,3,-1,-1,7
4069891,43,19,-1,-1,2
4065548,47,51,-1,-1,2
4061908,28,31,-1,-1,4
4066524,9,47,-1,-1,7
4067738,39,12,-1,-1,2
4060903,31,53,-1,-1,4
4069522,60,4,-1,-1,7
4069604,10,2,-1,-1,7
4066929,25,51,-1,-1,5
4069747,19,34,-1,-1,6
4068248,53,39,-1,-1,7
4066094,5,2,-1,-1,6
4048804,52,20,-1,-1,1
4069504,35,33,-1,-1,1
4063340,20,10,-1,-1,4
4069114,46,4,-1,-1,0
4069974,43,60,-1,-1,3
4069941,28,34,-1,-1,0
4070012,2,50,-1,-1,0
4069696,28,6,-1,-1,7
4066098,56,7,-1,-1,0
4067161,25,23,-1,-1,3
4065072,8,29,-1,-1,4
4069000,43,6,-1,-1,0
4066394,1,4,-1,-1,6
4069772,32,37,-1,-1,7
4060851,46,14,-1,-1,0
4068079,39,1,-1,-1,6
4068324,30,59,-1,-1,4
4067807,7,55,-1,-1,3
4069559,23,23,-1,-1,0
4065677,23,30,-1,-1,5
4069643,9,34,-1,-1,1
4070001,18,60,-1,-1,0
4067081,17,16,-1,-1,7
4069916,61,61,-1,-1,3
4065857,61,34,-1,-1,3
4066982,16,53,-1,-1,3
4068010,39,52,-1,-1,5
4067612,30,41,-1,-1,4
4065722,44,35,-1,-1,3
4068427,29,52,-1,-1,7
4054799,5,4,-1,-1,7
4065771,35,37,-1,-1,3
4055025,15,11,-1,-1,4
4049478,6,51,-1,-1,1
4068463,18,55,-1,-1,0
4065967,45,57,-1,-1,1
4066946,45,60,-1,-1,6
4064309,49,24,-1,-1,4
4066947,45,48,-1,-1,5
4063105,31,19,-1,-1,1
4068044,19,21,-1,-1,3
4067784,37,8,-1,-1,0
4067266,24,29,-1,-1,0
4069076,33,11,-1,-1,6
4066633,45,46,-1,-1,4
4067922,0,28,-1,-1,3
4065632,35,14,-1,-1,0
4068873,47,38,-1,-1,3
4064647,35,51,-1,-1,1
4069482,41,31,-1,-1,0
4064960,1,11,-1,-1,5
4066293,40,52,-1,-1,5
4067939,43,54,-1,-1,5
4065506,29,2,-1,-1,4
4064032,55,22,-1,-1,3
4069370,5,5,-1,-1,7
4064765,15,3,-1,-1,1
4067338,4,30,-1,-1,5
4067726,44,56,-1,-1,4
4066386,31,0,-1,-1,7
4067154,35,56,-1,-1,4
4068929,39,21,-1,-1,4
4066106,19,33,-1,-1,4
4065383,30,10,-1,-1,2
4069470,23,53,-1,-1,6
4065125,43,33,-1,-1,2
4069407,11,36,-1,-1,2
4067556,30,11,-1,-1,0
4063119,60,24,-1,-1,7
4065955,13,8,-1,-1,7
4068478,7,50,-1,-1,1
4069968,30,54,-1,-1,6
4064443,17,34,-1,-1,1
4069246,45,44,-1,-1,2
4069554,43,48,-1,-1,4
4066379,25,41,-1,-1,5
4066893,32,14,-1,-1,7
4069594,10,34,-1,-1,7
4064056,25,28,-1,-1,7
4063622,37,49,-1,-1,3
4065591,37,6,-1,-1,3
4068043,4,8,-1,-1,1
4068416,50,47,-1,-1,3
4068894,41,23,-1,-1,6
4066473,57,13,-1,-1,5
4069882,1,20,-1,-1,4
4064346,33,6,-1,-1,4
4068560,58,43,-1,-1,1
4069646,36,58,-1,-1,4
4066570,58,49,-1,-1,6
4067418,20,61,-1,-1,0
4064516,48,40,-1,-1,3
4058431,42,6,-1,-1,7
4067893,45,9,-1,-1,1
4068638,12,59,-1,-1,2
4058296,34,17,-1,-1,7
4067942,21,25,-1,-1,7
4067078,36,23,-1,-1,6
4069880,49,31,-1,-1,6
4059339,17,44,-1,-1,3
4069871,39,42,-1,-1,5
4061421,38,61,-1,-1,6
4069365,11,42,-1,-1,6
4069191,56,28,-1,-1,3
4065847,35,15,-1,-1,6
4065130,11,49,-1,-1,4
4066729,58,7,-1,-1,0
4069705,37,35,-1,-1,1
4062308,58,9,-1,-1,5
4067805,56,20,-1,-1,6
4062494,29,42,-1,-1,2
4068650,55,46,-1,-1,0
4068106,34,28,-1,-1,3
4069173,29,37,-1,-1,0
4069345,19,36,-1,-1,4
4068734,8,3,-1,-1,7
4066506,15,60,-1,-1,2
4069199,24,5,-1,-1,2
4068591,45,11,-1,-1,4
4068563,2,9,-1,-1,1
4068561,55,43,-1,-1,7
4068309,31,46,-1,-1,2
4069843,47,30,-1,-1,2
4069778,17,38,-1,-1,7
4067536,21,46,-1,-1,5
4067060,25,32,-1,-1,7
4069615,53,51,-1,-1,1
4068439,23,51,-1,-1,5
4065177,34,42,-1,-1,0
4066187,5,59,-1,-1,3
4065800,46,21,-1,-1,3
4064049,22,22,-1,-1,5
4063210,15,36,-1,-1,5
4068167,7,4,-1,-1,5
4067696,37,16,-1,-1,2
4063435,18,25,-1,-1,4
4064583,35,59,-1,-1,5
4065759,51,38,-1,-1,2
4069464,48,53,-1,-1,1
4068770,19,16,-1,-1,3
4066427,19,7,-1,-1,6
4067664,18,3,-1,-1,4
4069684,17,33,-1,-1,7
4069711,20,35,-1,-1,7
4050193,18,38,-1,-1,7
4069435,33,54,-1,-1,5
4065139,0,32,-1,-1,3
4067402,36,28,-1,-1,2
4067792,40,20,-1,-1,5
4068690,43,35,-1,-1,6
4068365,60,60,-1,-1,3
4067714,25,10,-1,-1,7
4066404,45,61,-1,-1,5
4055679,12,44,-1,-1,2
4069282,14,36,-1,-1,3
4069032,0,34,-1,-1,3
4069598,2,51,-1,-1,1
4069138,42,60,-1,-1,3
4062579,60,34,-1,-1,4
4061566,16,5,-1,-1,0
4068029,12,20,-1,-1,4
4069082,48,32,-1,-1,2
4065748,58,16,-1,-1,0
4067000,4,39,-1,-1,1
4069543,19,37,-1,-1,6
4069897,59,15,-1,-1,0
4069241,46,45,-1,-1,3
4066748,56,58,-1,-1,3
4066862,12,56,-1,-1,1
4066955,45,29,-1,-1,0
4061729,3,0,-1,-1,7
4069299,32,53,-1,-1,1
4069178,56,22,-1,-1,7
4068398,21,32,-1,-1,6
4067493,57,53,-1,-1,3
4069889,21,10,-1,-1,5
4068039,59,23,-1,-1,1
4068664,1,45,-1,-1,1
4067565,6,41,-1,-1,2
4059668,5,38,-1,-1,4
4066044,55,45,-1,-1,1
4067182,20,39,-1,-1,2
4068084,5,42,-1,-1,3
4066534,24,53,-1,-1,2
4065830,37,1,-1,-1,5
4065378,45,40,-1,-1,7
4063459,59,7,-1,-1,5
4043719,11,18,-1,-1,3
4058246,6,8,-1,-1,6
4060859,35,29,-1,-1,3
4066525,2,28,-1,-1,4
4066202,11,46,-1,-1,7
4064384,53,25,-1,-1,3
4069890,22,28,-1,-1,6
4063080,27,59,-1,-1,3
4069416,57,12,-1,-1,7
4069571,29,4,-1,-1,0
4068854,16,57,-1,-1,2
4066068,9,48,-1,-1,5
4069732,48,14,-1,-1,0
4068469,24,0,-1,-1,0
4066351,39,41,-1,-1,6
4065933,8,21,-1,-1,0
4066030,17,40,-1,-1,1
4068091,45,49,-1,-1,5
4069821,43,41,-1,-1,6
4065213,31,58,-1,-1,6
4068793,10,27,-1,-1,6
4070017,10,23,-1,-1,6
4069433,22,35,-1,-1,7
4066178,3,8,-1,-1,5
4066802,40,56,-1,-1,4
4065844,42,37,-1,-1,1
4069035,60,42,-1,-1,3
4067279,57,3,-1,-1,1
4062409,6,40,-1,-1,4
4066100,57,56,-1,-1,5
4065714,4,46,-1,-1,4
4069073,29,49,-1,-1,1
4067502,26,44,-1,-1,1
4068882,6,58,-1,-1,3
4069026,15,24,-1,-1,1
4069926,28,44,-1,-1,4
4065400,6,46,-1,-1,0
4068848,56,13,-1,-1,6
4068885,23,43,-1,-1,4
4067201,9,5,-1,-1,3
4057544,35,27,-1,-1,7
4067173,11,60,-1,-1,2
4068794,51,44,-1,-1,5
4062556,9,15,-1,-1,6
4064866,58,10,-1,-1,5
4067517,13,21,-1,-1,6
4063134,18,9,-1,-1,1
4069368,9,51,-1,-1,0
4069773,54,16,-1,-1,3
4069763,15,6,-1,-1,0
4069336,5,60,-1,-1,1
4064322,29,44,-1,-1,5
4065881,25,7,-1,-1,7
4068139,25,12,-1,-1,3
4065834,32,25,-1,-1,5
4067933,35,39,-1,-1,0
4062102,42,14,-1,-1,2
4067555,32,48,-1,-1,0
4056401,58,24,-1,-1,3
4065562,10,55,-1,-1,5
4069262,28,43,-1,-1,4
4069550,37,29,-1,-1,7
4062583,38,33,-1,-1,5
4069155,19,27,-1,-1,4
4068631,22,32,-1,-1,7
4065965,38,13,-1,-1,7
4067276,48,5,-1,-1,2
4067216,15,50,-1,-1,0
4066940,27,42,-1,-1,5
4066119,35,4,-1,-1,5
4069395,36,46,-1,-1,0
4067895,2,25,-1,-1,7
4065433,53,61,-1,-1,0
4063804,18,47,-1,-1,0
4067032,37,25,-1,-1,7
4056917,33,1,-1,-1,3
4068023,60,7,-1,-1,2
4068946,18,18,-1,-1,5
4069039,58,1,-1,-1,7
4063436,57,26,-1,-1,0
4069986,53,42,-1,-1,1
4062357,61,33,-1,-1,5
4065346,28,2,-1,-1,1
4067619,55,60,-1,-1,4
4067537,15,43,-1,-1,2
4069105,47,28,-1,-1,0
4067528,1,56,-1,-1,7
4068459,33,40,-1,-1,3
4068630,52,27,-1,-1,6
4064990,5,41,-1,-1,4
4069690,27,27,-1,-1,6
4069478,5,40,-1,-1,1
4064467,43,61,-1,-1,6
4069590,13,60,-1,-1,4
4067237,12,3,-1,-1,7
4068218,56,43,-1,-1,5
4069625,26,61,-1,-1,6
4067884,40,14,-1,-1,5
4069557,46,7,-1,-1,1
4065829,25,37,-1,-1,6
4062527,44,3,-1,-1,0
4063965,25,8,-1,-1,2
4067037,55,4,-1,-1,6
4069432,50,5,-1,-1,4
4068608,1,40,-1,-1,5
4069164,4,54,-1,-1,3
4068984,60,58,-1,-1,6
4068549,11,41,-1,-1,0
4064158,18,8,-1,-1,0
4067439,9,36,-1,-1,4
4069359,57,39,-1,-1,1
4062240,18,29,-1,-1,1
4069023,58,53,-1,-1,7
4065852,50,12,-1,-1,0
4067731,45,53,-1,-1,7
4069054,51,58,-1,-1,4
4068982,56,30,-1,-1,4
4064715,56,45,-1,-1,2
4069805,26,20,-1,-1,7
4068207,41,42,-1,-1,0
4068477,46,9,-1,-1,2
4068184,37,2,-1,-1,4
4068152,4,58,-1,-1,6
4068239,36,47,-1,-1,5
4069992,23,8,-1,-1,3
4066412,12,41,-1,-1,6
4066791,21,30,-1,-1,2
4061042,59,52,-1,-1,3
4066328,55,5,-1,-1,0
4067057,23,5,-1,-1,2
4069892,36,15,-1,-1,7
4067134,26,40,-1,-1,6
4063466,19,45,-1,-1,2
4065903,50,17,-1,-1,4
4067986,19,44,-1,-1,0
4065183,29,58,-1,-1,3
4069753,30,43,-1,-1,5
4069900,53,32,-1,-1,5
4069852,24,22,-1,-1,0
4068484,25,59,-1,-1,5
4063971,25,57,-1,-1,0
4062615,40,60,-1,-1,5
4067250,31,43,-1,-1,6
4069293,30,51,-1,-1,6
4065453,33,32,-1,-1,2
4069803,30,21,-1,-1,2
4069120,3,25,-1,-1,3
4064552,51,54,-1,-1,3
4065731,15,54,-1,-1,5
4061509,21,33,-1,-1,3
4067541,9,22,-1,-1,4
4069277,45,8,-1,-1,1
4064561,19,32,-1,-1,7
4069400,31,2,-1,-1,6
4069360,18,61,-1,-1,7
4069612,15,28,-1,-1,7
4069265,34,23,-1,-1,1
4068548,17,25,-1,-1,4
4068635,48,52,-1,-1,3
4068333,2,3,-1,-1,5
4069576,58,57,-1,-1,6
4069751,36,39,-1,-1,5
4068099,36,51,-1,-1,2
4064620,16,7,-1,-1,2
4065155,61,0,-1,-1,2
4062657,13,17,-1,-1,5
4068189,20,22,-1,-1,1
4066761,34,50,-1,-1,5
4064458,53,54,-1,-1,3
4069519,47,48,-1,-1,0
4068014,49,60,-1,-1,2
4067912,41,27,-1,-1,4
4069201,48,56,-1,-1,4
4062916,13,50,-1,-1,3
4068928,60,56,-1,-1,5
4070023,36,44,-1,-1,2
4069909,23,49,-1,-1,3
4069217,26,47,-1,-1,3
4069273,44,29,-1,-1,3
4068738,33,48,-1,-1,3
4069558,25,20,-1,-1,7
4066842,18,19,-1,-1,2
4068861,44,22,-1,-1,5
4069222,13,47,-1,-1,7
4069817,47,9,-1,-1,5
4069456,44,47,-1,-1,3
4066210,17,18,-1,-1,4
4066886,42,26,-1,-1,4
4067824,17,27,-1,-1,6
4069089,57,23,-1,-1,0
4069688,35,3,-1,-1,7
4066907,25,52,-1,-1,6
4070049,30,1,-1,-1,2
4069740,3,49,-1,-1,4
4058863,6,37,-1,-1,6
4063986,20,17,-1,-1,0
4068819,30,24,-1,-1,0
4069508,25,40,-1,-1,0
4069699,23,36,-1,-1,0
4061979,33,61,-1,-1,3
4067635,39,37,-1,-1,2
4068897,10,29,-1,-1,6
4061590,4,21,-1,-1,6
4069539,45,10,-1,-1,5
4066193,48,37,-1,-1,7
4061825,24,41,-1,-1,2
4065317,61,3,-1,-1,6
4068075,61,39,-1,-1,2
4067059,36,59,-1,-1,6
4067926,20,43,-1,-1,6
4064162,34,19,-1,-1,7
4065505,51,61,-1,-1,3
4059253,41,47,-1,-1,4
4064390,19,53,-1,-1,0
4064435,15,38,-1,-1,2
4062538,38,22,-1,-1,5
4068143,48,35,-1,-1,6
4066179,27,51,-1,-1,6
4063627,48,9,-1,-1,6
4065540,13,51,-1,-1,7
4061699,9,23,-1,-1,6
4064963,47,20,-1,-1,0
4068661,49,28,-1,-1,6
4068665,6,17,-1,-1,2
4066120,40,15,-1,-1,1
4068409,31,31,-1,-1,2
4063357,7,6,-1,-1,7
4064426,11,54,-1,-1,7
4061426,54,4,-1,-1,3
4067845,35,55,-1,-1,0
4068345,7,31,-1,-1,4
4068869,35,13,-1,-1,6
4065971,53,7,-1,-1,1
4069481,37,26,-1,-1,1
4069840,4,3,-1,-1,7
4058724,7,19,-1,-1,0
4066373,8,47,-1,-1,2
4064538,7,23,-1,-1,2
4069648,1,38,-1,-1,7
4066667,48,13,-1,-1,7
4052660,27,17,-1,-1,0
4069226,54,58,-1,-1,6
4067151,40,17,-1,-1,3
4068580,44,21,-1,-1,1
4063985,26,55,-1,-1,2
4068609,5,3,-1,-1,0
4067325,36,57,-1,-1,3
4069638,42,3,-1,-1,5
4053884,8,49,-1,-1,4
4063787,47,4,-1,-1,7
4067920,27,16,-1,-1,0
4069250,58,27,-1,-1,3
4068586,26,0,-1,-1,6
4066444,24,36,-1,-1,5
4069062,17,54,-1,-1,0
4065481,52,45,-1,-1,5
4064797,35,35,-1,-1,0
4064394,44,28,-1,-1,6
4069112,23,15,-1,-1,1
4069206,20,32,-1,-1,3
4065512,41,60,-1,-1,4
4058591,46,8,-1,-1,4
4065794,21,14,-1,-1,1
4065112,31,34,-1,-1,0
4068179,30,7,-1,-1,3
4065753,29,29,-1,-1,2
4060321,55,19,-1,-1,2
4066798,35,7,-1,-1,4
4069827,3,5,-1,-1,0
4070021,11,15,-1,-1,4
4065167,12,14,-1,-1,2
4067209,44,18,-1,-1,6
4069685,33,38,-1,-1,5
4063533,39,50,-1,-1,2
4064737,34,2,-1,-1,0
4068161,28,27,-1,-1,1
4068660,9,3,-1,-1,4
4068428,57,43,-1,-1,5
4069500,7,15,-1,-1,7
4068864,22,46,-1,-1,0
4066287,11,20,-1,-1,0
4066611,23,0,-1,-1,7
4069721,38,20,-1,-1,0
4061559,52,39,-1,-1,4
4069581,61,54,-1,-1,0
4062814,0,16,-1,-1,1
4068361,42,58,-1,-1,6
4066492,61,31,-1,-1,0
4068160,42,16,-1,-1,7
4058534,35,6,-1,-1,2
4067500,40,21,-1,-1,6
4069839,53,16,-1,-1,1
4066208,10,30,-1,-1,1
4069518,16,26,-1,-1,7
4070036,32,58,-1,-1,1
4069463,49,54,-1,-1,2
4069485,44,4,-1,-1,3
4066552,59,49,-1,-1,1
4069081,47,8,-1,-1,2
4061063,17,52,-1,-1,6
4066581,24,34,-1,-1,0
4063380,30,25,-1,-1,5
4068593,52,32,-1,-1,3
4069341,2,47,-1,-1,7
4069231,37,39,-1,-1,7
4069698,53,26,-1,-1,7
4055232,57,29,-1,-1,1
4064639,35,40,-1,-1,1
4064080,37,46,-1,-1,3
4060442,55,42,-1,-1,4
4065391,12,16,-1,-1,2
4062320,5,25,-1,-1,6
4064071,26,17,-1,-1,7
4062734,44,52,-1,-1,0
4069332,31,35,-1,-1,5
4064328,59,59,-1,-1,7
4067642,0,25,-1,-1,4
4069973,0,18,-1,-1,3
4063861,27,60,-1,-1,3
4066447,60,25,-1,-1,2
4067282,60,6,-1,-1,4
4054536,15,1,-1,-1,6
4065833,59,26,-1,-1,4
4069662,28,58,-1,-1,0
4068078,6,44,-1,-1,2
4070011,6,47,-1,-1,0
4049464,47,36,-1,-1,3
4069045,10,11,-1,-1,4
4067818,35,53,-1,-1,0
4068554,1,28,-1,-1,5
4065959,41,44,-1,-1,0
4066994,16,34,-1,-1,3
4065403,40,48,-1,-1,6
4065316,32,4,-1,-1,0
4069768,39,28,-1,-1,3
4067609,40,53,-1,-1,5
4068676,16,0,-1,-1,4
4066567,18,20,-1,-1,3
4065717,20,45,-1,-1,6
4065508,35,44,-1,-1,4
4068348,37,56,-1,-1,7
4065290,38,53,-1,-1,3
4069600,21,50,-1,-1,7
4062435,39,45,-1,-1,7
4068018,22,19,-1,-1,0
4069184,14,61,-1,-1,1
4063776,58,47,-1,-1,6
4055841,9,12,-1,-1,2
4067238,12,0,-1,-1,1
4068119,43,34,-1,-1,7
4069079,29,19,-1,-1,7
4066209,31,40,-1,-1,3
4059858,32,50,-1,-1,4
4069797,42,13,-1,-1,1
4064424,13,37,-1,-1,7
4064948,11,10,-1,-1,2
4069945,57,38,-1,-1,1
4058111,49,47,-1,-1,6
4059756,35,52,-1,-1,1
4067585,40,49,-1,-1,0
4057676,16,54,-1,-1,2
4070010,13,23,-1,-1,6
4069687,41,35,-1,-1,4
4066348,20,33,-1,-1,1
4068051,61,40,-1,-1,7
4068283,36,6,-1,-1,7
4068513,22,30,-1,-1,1
4065711,10,31,-1,-1,3
4067665,59,12,-1,-1,6
4067308,15,27,-1,-1,3
4066077,40,23,-1,-1,7
4070037,7,25,-1,-1,2
4068304,0,36,-1,-1,0
4060329,4,11,-1,-1,0
4068038,32,15,-1,-1,1
4067932,27,1,-1,-1,6
4068240,10,39,-1,-1,5
4066805,8,18,-1,-1,5
4067808,59,8,-1,-1,2
4064750,38,21,-1,-1,4
4068470,36,4,-1,-1,0
4061736,43,12,-1,-1,6
4069770,3,18,-1,-1,1
4063556,3,35,-1,-1,3
4069996,54,59,-1,-1,1
4067433,5,46,-1,-1,7
4068182,46,41,-1,-1,3
4067521,18,27,-1,-1,0
4066858,54,24,-1,-1,1
4067545,31,21,-1,-1,1
4065118,26,48,-1,-1,2
4068789,51,2,-1,-1,3
4066137,49,43,-1,-1,3
4067560,24,11,-1,-1,7
4069315,57,7,-1,-1,6
4068399,54,7,-1,-1,6
4069875,31,37,-1,-1,0
4069958,29,28,-1,-1,0
4068606,18,32,-1,-1,3
4064926,29,35,-1,-1,0
4068590,5,51,-1,-1,0
4062168,24,51,-1,-1,3
4067797,51,9,-1,-1,2
4066908,57,27,-1,-1,6
4068483,9,56,-1,-1,5
4066429,49,51,-1,-1,0
4069264,45,27,-1,-1,5
4064673,36,20,-1,-1,6
4064625,52,13,-1,-1,4
4067852,30,22,-1,-1,2
4066768,58,14,-1,-1,2
4069683,37,43,-1,-1,1
4066612,6,3,-1,-1,5
4060807,13,58,-1,-1,4
4064939,48,49,-1,-1,5
4069272,50,15,-1,-1,4
4061727,26,6,-1,-1,4
4069760,55,30,-1,-1,1
4069628,40,8,-1,-1,1
4068711,58,56,-1,-1,6
4069660,61,41,-1,-1,7
4060702,22,23,-1,-1,4
4066389,48,19,-1,-1,0
4069952,17,6,-1,-1,5
4069842,48,48,-1,-1,5
4069633,5,10,-1,-1,5
4069157,46,40,-1,-1,7
4067911,26,26,-1,-1,1
4064469,48,31,-1,-1,6
4069307,3,12,-1,-1,4
4061649,59,47,-1,-1,6
4060635,54,0,-1,-1,1
4068876,54,13,-1,-1,5
4066152,17,30,-1,-1,6
4053293,26,45,-1,-1,5
4069997,32,59,-1,-1,6
4057850,55,47,-1,-1,0
4067625,2,7,-1,-1,2
4064263,20,12,-1,-1,7
4060782,28,16,-1,-1,4
4069858,56,60,-1,-1,6
4062755,50,3,-1,-1,2
4068579,30,29,-1,-1,0
4068464,21,16,-1,-1,1
4069335,2,57,-1,-1,2
4062321,1,55,-1,-1,2
4064262,35,22,-1,-1,2
4070015,47,2,-1,-1,1
4068753,4,7,-1,-1,4
4064000,12,12,-1,-1,1
4068918,45,25,-1,-1,6
4069619,12,38,-1,-1,1
4070016,50,42,-1,-1,0
4069493,12,24,-1,-1,4
4064809,3,23,-1,-1,6
4065884,40,16,-1,-1,2
4069386,21,47,-1,-1,5
4069235,47,56,-1,-1,7
4069640,17,8,-1,-1,6
4062948,23,31,-1,-1,5
4068937,49,58,-1,-1,2
4064571,61,16,-1,-1,6
4070003,8,56,-1,-1,7
4067271,36,32,-1,-1,2
4068243,56,36,-1,-1,1
4069393,60,48,-1,-1,7
4067149,49,33,-1,-1,4
4069031,28,4,-1,-1,4
4069412,46,30,-1,-1,7
4069019,59,40,-1,-1,0
4068826,6,0,-1,-1,3
4067455,26,42,-1,-1,1
4069200,11,50,-1,-1,3
4065837,7,44,-1,-1,2
4068559,25,27,-1,-1,7
4068076,10,43,-1,-1,1
4063209,35,11,-1,-1,2
4069168,36,10,-1,-1,4
4063721,2,37,-1,-1,4
4063394,23,16,-1,-1,3
4067347,53,9,-1,-1,0
4069099,42,28,-1,-1,1
4040491,5,9,-1,-1,6
4069565,44,11,-1,-1,0
4068658,10,57,-1,-1,4
4067907,34,32,-1,-1,7
4066881,60,22,-1,-1,2
4063681,46,51,-1,-1,0
4069582,35,58,-1,-1,1
4066677,58,31,-1,-1,3
4066709,21,15,-1,-1,7
4068652,58,22,-1,-1,5
4069232,60,32,-1,-1,3
4069610,23,17,-1,-1,5
4068648,3,29,-1,-1,6
4065284,9,10,-1,-1,0
4067638,32,41,-1,-1,4
4057875,40,61,-1,-1,0
4067034,9,0,-1,-1,6
4066775,43,37,-1,-1,4
4068942,26,25,-1,-1,5
4067270,43,30,-1,-1,2
4068725,29,26,-1,-1,4
4066280,35,60,-1,-1,1
4069269,30,61,-1,-1,6
4067898,9,7,-1,-1,2
4069818,47,41,-1,-1,1
4065816,37,50,-1,-1,2
4065582,52,9,-1,-1,6
4065032,26,35,-1,-1,1
4069833,54,14,-1,-1,5
4069796,11,56,-1,-1,4
4066751,19,30,-1,-1,5
4067988,41,53,-1,-1,2
4065796,41,58,-1,-1,0
4062294,56,35,-1,-1,0
4068329,8,9,-1,-1,0
4067742,44,48,-1,-1,0
4069405,16,16,-1,-1,0
4068045,35,30,-1,-1,2
4064779,42,10,-1,-1,6
4064462,16,28,-1,-1,6
4069825,46,33,-1,-1,0
4070045,3,39,-1,-1,1
4067977,22,26,-1,-1,5
4069236,21,18,-1,-1,1
4069163,31,7,-1,-1,0
4069292,14,25,-1,-1,2
4070025,47,34,-1,-1,5
4065576,39,33,-1,-1,0
4068267,2,53,-1,-1,7
4069799,41,26,-1,-1,6
4065634,2,24,-1,-1,4
4068926,2,21,-1,-1,4
4060863,6,49,-1,-1,6
4065628,55,49,-1,-1,6
4069963,24,44,-1,-1,3
4065760,42,11,-1,-1,5
4067430,5,34,-1,-1,1
4059856,8,38,-1,-1,6
4067855,54,47,-1,-1,7
4067777,4,59,-1,-1,1
4064798,2,55,-1,-1,5
4069042,20,44,-1,-1,3
4069210,40,4,-1,-1,5
4062208,14,31,-1,-1,1
4066390,20,46,-1,-1,6
4066489,59,24,-1,-1,6
4065718,5,14,-1,-1,1
4064111,31,56,-1,-1,7
4065325,19,9,-1,-1,0
4068172,1,13,-1,-1,2
4060037,58,21,-1,-1,6
4066289,54,37,-1,-1,1
4065114,22,59,-1,-1,6
4069012,0,30,-1,-1,6
4068498,35,19,-1,-1,5
4065463,3,43,-1,-1,1
4065954,35,57,-1,-1,3
4060341,54,49,-1,-1,4
4066316,18,11,-1,-1,1
4068077,23,24,-1,-1,7
4069417,51,15,-1,-1,7
4066864,15,10,-1,-1,7
4063329,39,32,-1,-1,6
4067706,18,7,-1,-1,3
4066251,23,41,-1,-1,6
4069950,44,59,-1,-1,0
4069449,58,41,-1,-1,2
4064283,10,48,-1,-1,2
4069209,61,1,-1,-1,5
4068090,20,59,-1,-1,6
4063213,1,10,-1,-1,4
4068945,28,3,-1,-1,3
4067881,33,19,-1,-1,0
4064271,19,28,-1,-1,1
4067236,9,1,-1,-1,5
4069066,15,4,-1,-1,3
4062302,47,19,-1,-1,7
4061547,20,42,-1,-1,2
4048662,20,28,-1,-1,4
4069912,9,6,-1,-1,0
4061820,7,11,-1,-1,6
4065732,51,10,-1,-1,2
4068155,31,5,-1,-1,0
4069391,26,51,-1,-1,6
4067065,50,8,-1,-1,0
4068056,24,40,-1,-1,6
4065490,24,9,-1,-1,5
4057861,33,15,-1,-1,6
4068435,5,54,-1,-1,1
4067507,47,15,-1,-1,6
4068163,39,55,-1,-1,6
4064160,29,8,-1,-1,6
4068584,4,5,-1,-1,1
4069785,43,0,-1,-1,4
4061898,18,1,-1,-1,2
4064057,59,39,-1,-1,5
4063943,23,60,-1,-1,1
4063554,34,35,-1,-1,4
4055334,61,49,-1,-1,3
4068256,6,55,-1,-1,4
4068993,39,8,-1,-1,7
4056183,29,1,-1,-1,4
4067857,20,16,-1,-1,0
4064832,14,5,-1,-1,6
4068816,53,36,-1,-1,4
4069389,20,36,-1,-1,1
4067061,1,35,-1,-1,7
4068655,36,8,-1,-1,4
4067945,50,9,-1,-1,6
4065008,36,40,-1,-1,4
4068383,21,2,-1,-1,7
4066090,19,2,-1,-1,6
4067393,34,12,-1,-1,0
4066744,23,4,-1,-1,1
4064120,30,60,-1,-1,4
4052217,0,45,-1,-1,0
4069172,12,10,-1,-1,0
4063604,34,4,-1,-1,2
4066580,32,29,-1,-1,5
4068706,10,4,-1,-1,1
4068508,28,49,-1,-1,1
4067550,24,50,-1,-1,2
4068437,4,47,-1,-1,7
4062150,59,41,-1,-1,6
4066008,14,18,-1,-1,7
4067954,59,32,-1,-1,3
4068787,22,24,-1,-1,7
4065501,13,15,-1,-1,1
4059366,40,59,-1,-1,1
4066665,37,10,-1,-1,6
4069203,7,20,-1,-1,0
4057715,58,55,-1,-1,3
4055432,23,35,-1,-1,4
4066459,2,22,-1,-1,2
4065641,19,56,-1,-1,2
4062485,13,36,-1,-1,5
4068249,18,0,-1,-1,4
4063720,57,58,-1,-1,6
4065178,13,43,-1,-1,5
4064436,28,32,-1,-1,0
4060142,54,1,-1,-1,3
4067113,58,48,-1,-1,2
4070053,3,28,-1,-1,7
