0 157 0 0 109 13 109 0 13 13 109 0 109 0 13 45 45 45 185 185 0 157 157 60 60 60 173 61 9 61 45 61 61 61 61 60 0 189 189 189 189 61 0 20 20 61 157 157 157 157 141 20 20 20 20 20 0 0 20 
0 157 109 13 0 108 108 13 13 13 0 109 13 13 13 13 45 109 109 61 157 157 0 157 25 173 181 173 9 0 41 41 0 61 189 61 189 61 189 0 189 61 61 20 61 60 157 157 157 157 20 157 20 20 20 24 0 20 20 
157 13 13 13 13 13 0 13 13 140 13 109 13 13 13 13 124 33 45 61 108 157 25 157 157 0 181 0 0 61 61 61 61 189 0 61 189 0 61 61 0 0 61 61 60 61 61 157 157 20 20 20 20 20 20 28 20 0 20 
157 13 13 0 0 13 13 13 9 13 0 13 13 13 13 124 13 157 109 141 109 157 0 157 229 188 181 181 45 13 61 45 61 0 189 44 61 45 189 61 61 61 61 60 0 61 157 8 20 20 20 20 20 20 20 20 28 0 20 
13 0 13 0 13 13 1 9 13 9 0 13 13 13 13 13 45 157 109 0 141 109 141 0 229 181 181 181 181 181 61 45 61 0 61 189 45 0 189 61 61 189 0 61 61 29 29 20 20 0 20 0 20 20 20 20 20 0 0 
237 13 13 13 13 1 0 9 13 13 129 13 13 0 13 237 45 109 157 205 141 141 0 53 53 60 157 181 0 237 180 61 0 61 61 61 189 157 0 157 0 61 29 61 29 29 20 20 137 128 0 20 20 20 20 0 20 20 20 
237 13 13 0 1 1 9 9 9 13 13 0 0 13 237 109 109 205 205 141 205 0 0 189 237 0 61 61 61 180 0 205 61 185 61 189 57 189 189 189 20 29 0 0 29 29 20 20 0 92 0 20 20 20 20 20 20 116 48 
185 185 13 237 185 108 233 9 0 9 13 13 13 13 237 109 237 236 109 109 229 237 237 237 124 237 61 204 61 237 237 205 205 205 189 189 189 0 189 189 189 61 0 29 29 29 20 84 92 92 92 120 120 20 68 0 20 0 0 
9 237 185 0 233 0 233 0 104 100 173 13 237 0 237 237 109 236 109 109 0 237 237 237 237 61 61 204 237 237 237 237 237 61 205 108 237 61 157 189 61 189 0 189 29 29 29 84 84 157 148 108 20 120 20 0 84 84 20 
9 185 237 237 237 233 237 237 0 237 237 173 237 237 237 0 109 104 109 237 205 61 108 237 0 0 61 205 237 237 237 237 237 173 0 61 61 0 189 189 189 189 0 61 0 29 29 29 84 0 108 116 116 0 120 116 0 116 20 
237 237 237 237 237 237 237 237 237 237 237 173 237 237 0 109 109 109 237 100 237 237 237 60 61 61 61 61 205 205 237 237 237 61 173 237 237 189 237 237 237 189 189 189 29 29 29 0 84 84 0 116 116 124 60 52 124 116 20 
137 173 237 237 237 237 237 237 236 237 237 237 116 237 237 44 237 237 100 100 237 237 237 237 0 61 61 205 205 237 237 0 0 237 0 237 237 108 237 237 124 157 157 189 0 149 149 149 0 84 157 116 124 116 116 100 0 124 124 
233 9 173 237 0 108 108 237 205 205 237 237 237 237 173 237 237 237 0 100 9 237 237 61 61 61 205 61 61 61 61 237 237 237 237 237 237 205 205 237 237 237 0 157 157 0 157 29 29 157 124 124 124 124 116 124 100 116 116 
233 9 201 0 197 237 237 0 205 237 237 237 237 237 237 237 237 237 237 0 237 237 237 237 9 61 61 61 61 61 61 233 0 237 237 237 237 237 237 237 0 237 157 157 157 157 157 157 157 157 124 124 124 124 24 124 108 124 0 
233 233 201 76 229 237 0 237 0 237 237 0 237 237 0 237 237 237 237 173 237 237 0 61 173 61 29 0 136 61 233 104 237 237 0 237 237 0 189 237 237 0 205 0 157 157 205 157 124 157 157 116 116 124 124 0 124 120 124 
233 201 76 201 229 229 237 205 136 233 237 108 237 237 0 108 237 0 236 173 0 141 61 173 61 61 0 61 169 237 237 173 0 237 0 189 237 237 237 237 205 181 189 189 0 205 0 124 124 157 157 68 116 124 124 0 124 124 120 
233 233 201 237 237 229 237 237 237 233 237 237 237 237 100 0 237 237 76 237 141 237 173 141 61 61 61 61 237 173 237 237 237 237 189 0 233 237 237 237 237 181 141 141 233 233 189 0 189 124 157 157 157 124 124 124 124 124 124 
237 237 237 237 237 0 237 237 237 237 233 237 237 237 237 44 44 237 237 237 237 237 229 237 0 61 237 101 189 173 237 189 237 237 189 237 237 237 189 100 189 189 141 233 185 157 189 189 189 157 189 157 0 124 0 120 124 108 124 
237 237 237 237 237 108 0 200 0 237 205 237 237 237 0 237 237 237 205 205 60 189 9 237 237 237 101 189 189 189 0 189 189 237 237 237 181 181 189 189 189 189 189 189 185 157 149 189 0 0 132 157 189 189 120 124 124 0 124 
237 237 205 237 237 237 237 108 237 237 0 237 237 237 237 0 205 237 237 189 189 157 0 237 237 237 237 189 237 237 237 189 189 189 237 141 237 60 189 0 0 189 189 189 157 185 189 189 9 116 148 189 189 0 124 124 124 0 124 
237 237 237 237 237 237 237 0 233 237 0 237 237 237 237 0 0 237 237 141 189 237 157 237 189 237 237 237 13 237 237 100 189 237 141 237 237 189 237 189 189 189 185 157 157 173 173 189 0 116 116 124 124 124 124 0 116 0 124 
0 237 237 237 237 237 0 201 225 225 237 237 237 237 237 237 0 0 189 9 237 189 237 237 237 237 237 237 205 237 237 237 237 189 189 0 0 0 189 189 189 189 0 189 173 189 189 189 141 189 0 60 157 124 28 124 120 124 124 
237 233 9 237 237 237 201 237 237 0 237 205 237 0 0 237 237 237 189 9 237 237 233 237 237 237 237 237 237 0 189 189 0 189 189 189 189 189 189 189 189 60 189 189 189 189 189 189 189 124 124 20 9 157 28 28 124 124 28 
0 233 0 169 237 233 237 237 237 205 233 237 0 0 100 237 237 141 237 237 237 0 233 233 0 237 237 237 189 189 0 189 237 0 189 0 189 189 189 189 189 189 0 189 189 189 124 124 124 124 124 124 124 56 116 0 0 124 96 
0 237 233 237 169 233 237 237 237 237 237 237 100 237 237 237 237 237 237 237 0 233 237 237 0 0 233 60 189 189 189 189 189 189 189 189 189 0 188 189 32 189 189 189 189 124 60 124 124 124 13 124 169 120 116 124 108 104 0 
237 233 197 237 40 185 237 233 233 237 237 237 0 237 0 237 237 237 237 233 237 237 237 237 236 237 237 233 100 189 0 60 60 9 189 189 189 189 189 189 189 189 189 189 189 189 124 124 124 189 0 189 189 0 108 116 116 0 124 
233 193 0 169 233 104 237 237 237 237 237 237 237 237 237 237 237 237 237 237 0 237 237 237 189 236 237 100 108 0 189 189 189 189 0 189 189 189 0 189 189 189 189 189 56 157 0 141 189 189 189 189 0 116 0 92 108 116 124 
205 68 0 233 237 237 237 237 237 237 237 237 237 237 237 237 237 237 108 237 141 237 237 237 189 189 0 189 108 0 189 189 189 189 0 0 0 189 185 0 189 0 189 189 188 157 157 189 157 189 189 189 124 28 92 92 92 124 124 
0 233 233 237 237 229 229 237 237 237 237 237 237 237 237 237 237 108 0 237 237 237 237 237 189 189 189 0 189 189 189 0 60 189 189 189 189 189 56 189 0 189 189 189 189 189 189 189 189 157 189 189 124 88 28 92 92 124 124 
233 233 233 233 233 197 229 237 237 237 237 237 237 0 237 0 0 237 237 237 237 237 237 189 189 189 189 189 189 189 189 189 189 173 0 0 189 56 189 157 189 189 189 189 189 189 189 189 189 189 189 189 124 124 124 92 92 28 108 
233 233 233 201 201 233 233 233 237 237 237 100 0 233 0 205 237 108 237 237 237 0 173 189 189 189 189 189 157 189 189 189 189 189 189 189 189 189 189 189 189 189 189 0 189 189 181 181 189 189 189 124 124 124 124 124 120 124 124 
201 201 0 233 201 233 233 233 237 237 237 100 233 237 141 205 205 233 237 237 100 0 0 189 237 189 0 189 189 189 189 189 189 189 157 189 189 189 189 0 189 60 189 0 189 0 189 0 60 0 189 28 124 124 124 124 124 124 124 
201 201 72 201 0 233 228 233 233 237 173 233 237 141 237 100 237 237 0 237 0 237 0 237 237 189 189 189 189 189 189 189 0 189 189 189 189 189 189 189 189 189 0 189 189 189 189 189 185 124 124 124 124 124 124 116 124 124 124 
201 201 0 72 233 233 233 137 233 0 237 237 0 237 100 237 237 237 237 237 237 205 237 237 189 189 185 189 189 116 189 189 189 141 189 189 189 189 189 189 0 189 189 189 189 0 29 0 189 189 29 189 189 124 124 0 116 124 124 
201 0 233 233 233 233 233 137 0 233 237 237 0 0 237 237 0 237 237 237 237 205 237 13 13 189 189 189 189 189 189 0 189 189 60 189 189 189 189 189 60 189 189 189 0 189 189 0 124 189 29 189 189 124 124 116 124 124 124 
169 169 233 233 233 233 233 237 233 237 237 237 137 237 237 9 0 237 228 237 237 237 237 189 189 189 189 188 60 185 189 0 173 173 189 60 189 189 189 189 189 189 189 0 60 189 12 189 189 124 189 140 116 124 124 52 124 124 124 
233 233 0 233 233 233 233 233 237 233 124 108 237 237 237 237 237 237 0 100 237 237 189 189 189 189 0 189 189 189 189 189 189 0 0 189 189 189 189 189 189 189 189 13 189 60 189 189 0 0 189 124 116 116 124 124 124 124 120 
233 232 0 233 233 233 0 237 237 237 237 237 237 237 237 237 237 108 0 237 237 189 189 189 189 157 189 189 0 189 189 189 189 189 189 188 189 189 189 189 60 189 13 189 189 13 13 189 189 124 124 68 124 116 120 124 124 124 124 
233 233 233 185 233 233 0 237 237 237 237 237 237 237 237 0 237 237 0 237 100 189 189 157 157 0 0 189 189 189 189 189 189 189 189 189 189 189 189 189 185 189 189 189 0 52 189 173 189 189 189 116 116 189 0 124 124 124 124 
0 233 185 233 233 233 225 229 237 237 237 189 237 0 237 233 233 237 237 237 237 237 237 0 237 0 157 189 0 189 188 189 189 188 189 189 189 60 189 189 189 189 189 181 60 189 189 0 120 116 189 189 124 124 124 124 124 28 28 
233 0 233 233 185 233 233 229 237 173 237 233 0 237 237 233 233 237 233 189 189 236 0 189 237 189 0 157 0 9 189 189 188 189 188 189 189 189 0 189 189 185 189 189 189 189 189 189 116 120 116 104 100 124 124 0 124 124 0 
233 233 233 233 233 233 229 233 233 237 233 233 237 237 237 237 233 233 0 124 237 233 237 189 237 189 189 189 189 189 0 189 189 189 189 189 52 60 189 0 185 189 48 189 181 189 189 189 116 120 104 60 60 124 60 124 124 0 124 
233 233 169 0 233 233 229 233 233 0 233 237 173 237 0 237 237 233 233 233 124 237 108 237 52 189 189 189 189 189 189 169 189 189 189 189 189 52 189 189 0 0 185 189 189 189 189 189 120 189 0 60 120 120 60 60 120 120 120 
233 233 233 137 0 0 233 169 233 233 233 233 233 44 233 0 237 233 233 233 233 237 237 229 237 56 189 189 185 185 185 189 189 189 189 189 189 189 189 189 185 0 189 185 189 189 104 120 189 120 120 120 120 0 120 120 120 124 120 
233 233 233 233 0 233 233 169 233 233 233 0 100 233 233 0 225 205 233 237 237 233 0 237 237 237 104 189 233 0 233 233 189 189 189 189 189 189 189 185 185 185 173 189 120 157 189 189 120 0 104 120 120 120 120 120 120 120 120 
233 233 161 233 233 233 104 233 233 233 233 237 237 233 233 236 236 205 236 237 237 0 236 237 237 173 233 237 233 233 233 189 189 189 0 189 233 0 189 0 181 185 185 189 189 0 0 120 120 120 0 120 120 120 124 124 124 120 120 
233 161 0 104 233 0 233 233 0 233 233 232 232 232 232 233 233 236 237 237 173 108 237 237 116 237 237 0 233 233 189 189 0 181 189 189 181 189 189 181 189 185 189 189 185 120 120 120 120 189 120 120 120 124 104 104 124 124 24 
233 225 9 104 233 233 233 233 233 233 233 233 0 185 169 169 233 237 236 237 237 173 237 0 116 237 233 237 233 237 233 189 233 60 60 0 52 0 233 189 181 189 0 0 8 0 120 120 120 120 120 120 120 124 124 124 124 120 0 
225 9 233 233 233 233 233 233 233 233 233 233 233 233 0 233 169 233 237 237 0 237 237 237 237 237 0 237 104 0 189 233 189 189 181 0 189 0 181 181 189 185 185 124 124 124 120 120 120 120 124 120 0 124 124 124 124 124 120 
225 225 225 233 233 233 237 0 233 141 96 233 233 233 233 233 233 233 233 233 233 233 237 237 237 237 237 13 237 237 237 189 233 189 189 189 189 181 181 189 185 120 124 24 124 124 124 120 120 124 120 120 104 0 124 124 124 124 120 
232 232 233 233 233 233 233 237 233 233 237 233 233 233 0 233 0 169 169 233 237 237 237 228 237 237 0 237 237 237 233 237 189 0 233 233 181 181 181 60 124 124 120 100 124 124 124 124 0 120 124 124 68 124 124 124 124 120 120 
232 232 232 232 233 233 233 237 237 0 233 0 233 233 233 233 233 0 233 0 233 237 237 237 237 233 237 237 137 233 237 0 233 233 177 104 116 181 181 189 0 20 124 124 124 84 84 0 124 124 124 124 124 124 124 124 120 24 120 
232 0 228 228 0 237 228 237 233 237 237 233 233 233 185 233 104 104 233 237 237 233 237 237 233 237 237 237 233 185 233 233 233 177 177 177 233 116 181 0 189 189 0 232 84 124 124 84 120 124 120 124 24 124 28 124 124 120 120 
128 104 228 228 233 237 237 228 237 237 237 233 233 233 233 0 185 233 233 233 225 201 201 237 100 233 232 233 108 233 233 233 233 233 177 233 116 233 0 181 189 181 232 16 124 84 124 124 124 120 120 124 0 124 124 124 120 120 120 
160 160 228 233 233 233 104 224 228 224 237 237 0 233 237 237 233 233 233 233 225 233 233 233 233 233 232 232 0 233 233 0 233 233 233 233 233 96 233 184 120 120 120 232 124 108 108 124 8 232 124 232 24 24 120 120 112 112 112 
237 0 237 32 233 233 233 0 224 237 237 237 237 237 237 237 233 233 233 233 233 233 233 233 233 0 233 233 0 225 233 233 233 233 60 233 185 184 233 185 201 28 120 104 60 60 0 120 0 8 232 120 24 124 112 112 112 112 112 
237 237 237 237 0 233 169 224 0 96 0 237 237 237 237 237 0 229 0 96 233 233 0 233 104 233 233 233 233 233 233 233 233 60 233 233 201 233 0 233 104 104 120 232 104 232 136 120 124 124 232 124 124 72 112 0 120 112 112 
237 160 128 233 233 224 233 224 0 0 0 237 237 237 0 237 237 197 229 229 233 229 96 233 233 96 233 233 233 201 153 0 233 233 233 233 0 232 185 0 233 120 120 104 0 0 124 124 124 124 124 124 0 124 112 24 24 48 112 
9 9 140 36 224 224 176 176 224 224 0 237 160 160 141 237 237 229 229 229 229 229 229 233 9 96 0 0 233 233 233 233 233 233 233 112 112 233 0 0 168 232 232 112 112 124 124 116 0 120 232 124 112 112 112 28 120 120 112 
