# Avida time data
# Wed Feb 12 19:30:34 2014
#  1: update
#  2: avida time
#  3: average generation
#  4: num_executed?

0 0 0 108000 
1000 20.9826 210.607 108000 
2000 40.5405 532.581 108000 
3000 52.3634 916.295 108000 
4000 56.228 1325.34 107700 
5000 56.799 1527.11 107670 
6000 57.3789 1685.86 107670 
7000 57.8815 1837.1 107760 
8000 58.3986 1958.75 107580 
9000 58.9207 2089.8 107790 
10000 59.4624 2226.44 107850 
11000 60.0345 2369.32 107790 
12000 60.6891 2546.41 107910 
13000 61.5883 2721.79 107970 
14000 62.5394 2873.27 107850 
15000 63.4858 3032.41 107940 
16000 64.4571 3192.83 107820 
17000 64.6596 3414.09 107670 
18000 64.7126 3586.28 107730 
19000 64.7657 3753.31 107760 
20000 64.8091 3919.34 107670 
21000 64.8452 4086.4 107610 
22000 64.8801 4268.12 107850 
23000 64.9035 4663.41 107760 
24000 64.9263 4928.29 107880 
25000 64.9492 5101.87 107280 
26000 64.9726 5264.34 107670 
27000 64.9957 5434.99 107790 
28000 65.0198 5605.46 107550 
29000 65.0434 5783.12 107640 
30000 65.0673 5930.9 107490 
31000 65.0906 6125.13 107640 
32000 65.1152 6279.92 107670 
33000 65.1392 6451.36 107670 
34000 65.1634 6639.94 107820 
35000 65.1882 6811.61 107730 
36000 65.2136 6990.31 107820 
37000 65.2389 7167.31 107610 
38000 65.2642 7329.02 107820 
39000 65.2897 7495.18 107490 
40000 65.3148 7655.76 107790 
41000 65.3398 7834.12 107970 
42000 65.3646 7994.28 107700 
43000 65.3898 8174.08 107700 
44000 65.415 8329.77 107610 
45000 65.4401 8507.74 107730 
46000 65.4651 8684.29 107700 
47000 65.49 8841.28 107610 
48000 65.5151 9022.59 107700 
49000 65.5403 9198.02 107610 
50000 65.5652 9349.47 107760 
51000 65.5906 9532.66 107820 
52000 65.6159 9704.59 107790 
53000 65.6324 9797.09 107520 
54000 65.6378 9941.22 107700 
55000 65.6421 10076 107730 
56000 65.6455 10197.5 107670 
57000 65.6487 10324.5 107370 
58000 65.652 10458.5 107610 
59000 65.6553 10597.2 107850 
60000 65.658 10742.1 107370 
61000 65.658 10850.9 107340 
62000 65.658 10942.3 107220 
63000 65.658 11032.5 107460 
64000 65.658 11123.6 107610 
65000 65.658 11207.2 107160 
66000 65.6581 11300.6 107460 
67000 65.6581 11399.4 107490 
68000 65.6581 11484.2 107760 
69000 65.6581 11587.2 107490 
70000 65.6581 11675.5 107370 
71000 65.6581 11779.3 107160 
72000 65.6581 11876.8 107340 
73000 65.6581 11961.9 107370 
74000 65.6581 12042.5 107820 
75000 65.6581 12124.9 107460 
76000 65.6581 12197.6 107520 
77000 65.6581 12277.4 107580 
78000 65.6581 12356.5 107550 
79000 65.6581 12429.1 106920 
80000 65.6581 12501.6 107460 
81000 65.6581 12584.8 107700 
82000 65.6581 12669.9 107400 
83000 65.6581 12746.2 107310 
84000 65.6581 12826.3 107550 
85000 65.6581 12918.5 107340 
86000 65.6582 13018.6 107310 
87000 65.6582 13106.7 107340 
88000 65.6583 13191.5 107550 
89000 65.6583 13280.8 107460 
90000 65.6584 13365.1 107460 
91000 65.6584 13487 106860 
92000 65.6584 13637.6 106980 
93000 65.6584 13738.7 107040 
94000 65.6584 13828.7 107070 
95000 65.6584 13924.3 107280 
96000 65.6584 14016.7 107490 
97000 65.6584 14099.5 106950 
98000 65.6584 14192.2 106950 
99000 65.6584 14284 107100 
100000 65.6584 14371.8 107070 
