0 0 337 0 337 0 337 0 337 337 0 113 117 117 117 117 113 245 213 213 53 117 181 181 0 0 181 181 53 181 181 181 181 177 181 0 245 245 181 181 181 181 181 245 417 417 417 417 0 417 417 417 433 433 417 417 417 417 0 
369 337 369 33 0 337 337 213 213 213 213 213 213 117 117 117 117 213 245 213 181 181 117 181 49 181 113 245 245 101 181 181 177 181 245 245 113 245 245 181 181 245 181 417 417 289 417 417 417 417 417 417 417 433 433 417 417 417 0 
369 0 369 0 0 0 213 213 213 213 213 213 117 0 0 0 245 245 213 0 213 181 181 181 245 181 245 241 245 181 101 245 49 0 229 97 229 245 245 245 245 0 181 181 112 417 417 417 417 417 0 417 433 1 417 417 417 17 417 
369 369 369 81 193 213 213 213 213 85 85 117 117 81 213 213 245 0 245 213 113 0 181 213 245 181 245 113 245 117 245 245 181 229 245 229 229 229 97 245 245 245 181 181 0 229 417 417 417 417 417 433 417 417 417 161 161 0 417 
0 369 0 81 337 337 213 1 85 85 85 49 81 0 1 213 213 64 212 212 213 213 213 245 112 245 245 245 117 117 245 245 181 245 245 229 245 229 229 97 245 181 53 0 181 181 417 417 417 417 417 417 417 417 417 433 433 417 417 
369 369 65 337 337 337 337 213 85 85 0 213 213 85 0 213 213 212 0 213 181 213 213 245 0 0 0 245 245 245 245 245 245 245 0 245 241 112 229 0 32 229 0 245 164 164 112 164 417 33 0 417 417 417 433 433 433 433 417 
81 369 369 0 213 213 213 85 213 213 213 85 213 213 0 213 212 212 117 117 181 245 245 0 245 245 245 245 117 0 181 245 241 245 113 241 245 0 197 229 229 229 229 164 164 245 164 164 164 417 0 433 113 145 0 433 177 417 433 
369 369 369 369 0 337 213 213 213 0 85 241 85 85 213 213 213 117 32 117 212 0 0 245 245 245 245 245 245 117 0 245 245 244 0 245 245 245 245 245 229 229 229 165 245 164 164 164 164 164 417 417 433 401 401 401 433 417 433 
369 97 369 337 337 337 213 213 85 0 85 85 85 213 213 213 117 117 117 212 244 244 245 212 241 245 245 117 0 245 80 80 117 245 213 213 245 245 245 245 197 245 245 245 164 164 164 164 164 164 164 417 433 433 401 433 128 433 433 
337 337 0 337 337 113 85 85 32 85 85 85 213 85 213 213 0 213 213 32 244 244 245 245 245 165 245 245 0 245 245 245 245 245 213 213 213 181 113 245 245 241 0 241 245 164 32 0 164 0 385 465 433 433 0 433 51 0 0 
337 337 337 369 369 85 0 85 85 85 0 213 213 213 213 213 0 213 213 213 0 245 245 245 244 245 245 245 0 0 245 97 245 245 245 113 117 245 181 0 245 96 229 229 164 164 164 164 164 164 164 433 0 433 433 433 32 433 433 
369 337 337 337 369 85 85 85 85 85 225 213 213 213 213 213 212 213 213 213 213 245 245 245 244 245 245 245 245 33 181 245 245 0 113 245 245 181 0 245 0 0 245 229 229 229 32 164 164 164 0 465 433 465 433 433 160 0 433 
113 113 337 337 85 337 85 85 85 85 149 213 213 213 0 117 213 213 0 209 245 245 245 245 0 245 0 245 245 181 0 245 0 245 245 245 33 245 0 245 245 245 245 245 164 229 164 0 0 164 245 433 433 433 32 433 433 433 433 
369 369 369 0 0 85 337 85 85 85 213 0 0 117 0 117 117 117 117 245 245 245 245 32 245 245 245 0 213 245 245 245 245 0 245 245 245 0 213 245 245 245 245 245 229 229 164 164 128 0 245 433 497 433 497 49 0 433 433 
0 369 337 337 497 48 245 85 245 117 213 117 117 213 0 213 97 117 0 245 245 0 32 245 245 245 245 213 213 213 245 245 245 245 245 245 213 32 32 0 213 112 0 245 245 241 229 164 0 245 113 497 433 497 32 433 305 433 433 
0 337 369 369 369 369 245 245 33 117 117 213 112 213 213 213 85 245 245 245 33 112 245 213 245 213 213 213 213 0 245 245 245 245 245 245 245 213 213 213 213 0 245 229 245 241 245 245 245 113 113 0 497 497 497 497 0 305 497 
337 369 369 337 337 369 369 245 0 245 117 117 0 0 85 81 85 85 85 85 0 245 245 33 213 0 213 81 212 213 241 245 245 245 245 245 245 213 213 213 245 245 181 229 32 213 245 245 245 113 241 245 497 497 497 497 433 497 497 
49 369 369 369 337 497 497 0 85 85 85 85 85 32 81 85 245 245 85 85 85 245 245 213 0 213 213 213 245 245 245 245 245 245 245 245 213 181 245 245 245 181 245 245 32 0 245 245 245 245 245 32 35 0 497 497 497 433 497 
369 369 0 337 80 337 497 85 117 85 85 85 1 97 85 113 213 245 245 245 213 213 213 213 245 0 33 0 213 213 245 245 245 245 245 213 245 245 245 245 245 245 113 132 33 245 245 213 1 245 245 480 497 497 497 497 497 33 497 
369 337 369 465 0 80 0 0 85 85 85 85 213 0 97 213 0 213 245 245 245 213 245 213 245 0 245 213 0 245 245 245 245 245 245 245 245 245 245 245 113 245 245 245 245 229 245 229 245 245 245 245 480 480 497 497 497 497 497 
369 337 112 369 465 0 497 0 85 85 0 213 213 0 213 1 213 213 245 245 245 245 213 213 245 0 213 245 212 0 245 32 245 245 245 213 245 113 245 245 245 0 245 245 245 229 213 245 229 245 0 0 481 480 497 497 497 497 497 
369 369 337 369 465 497 0 112 85 81 85 85 213 85 245 245 1 245 245 245 245 245 213 245 213 213 213 213 245 212 245 245 245 245 213 213 0 0 245 245 245 0 245 245 245 245 213 245 96 0 245 0 480 480 497 497 241 480 0 
369 369 369 369 497 497 112 85 85 81 213 81 0 85 213 245 245 85 245 0 245 245 245 245 245 213 213 213 0 245 245 245 245 113 245 213 213 245 32 33 245 245 245 245 245 213 113 0 33 245 245 245 245 480 480 497 98 480 480 
497 369 0 369 369 465 17 0 85 213 213 85 0 85 85 0 117 85 85 32 245 213 245 213 245 213 213 213 245 245 245 0 0 245 113 0 245 245 245 245 245 213 245 245 113 165 0 245 213 213 113 245 245 0 480 480 480 497 497 
497 497 497 32 465 465 465 465 213 213 209 85 85 85 85 0 117 117 245 0 245 245 245 181 213 245 213 113 245 245 245 113 0 245 245 33 245 245 245 245 213 213 245 245 245 245 113 165 245 80 245 245 245 245 480 480 0 480 480 
497 0 497 497 465 465 497 497 0 85 85 85 85 0 85 117 117 117 245 245 245 245 245 245 213 245 245 245 245 245 213 245 245 245 245 245 241 245 213 245 245 245 0 245 33 245 245 245 245 245 80 245 245 245 480 480 480 480 480 
497 497 497 497 497 497 369 497 497 85 85 0 85 85 117 85 117 117 117 0 245 245 245 245 245 245 245 245 245 213 245 245 245 245 117 245 245 245 245 245 113 117 0 245 245 241 245 213 213 213 245 0 480 245 0 496 496 480 0 
32 497 497 32 497 369 497 369 33 0 369 85 117 117 117 117 117 33 113 245 245 245 245 113 132 244 245 245 245 113 245 32 245 213 213 0 245 245 245 245 0 117 245 245 245 245 165 245 245 213 245 245 245 0 496 496 496 0 448 
497 0 497 369 369 0 0 369 497 369 497 85 369 497 117 117 117 117 117 245 245 117 245 245 245 0 245 0 245 0 245 245 245 213 213 245 245 245 0 245 181 245 245 96 245 245 132 213 245 245 245 245 33 245 496 0 0 448 448 
0 497 0 32 369 497 497 497 497 497 369 497 369 113 117 117 117 117 245 245 245 245 245 245 245 0 0 245 213 497 32 245 0 0 213 245 245 245 245 245 177 0 245 112 113 245 245 213 245 213 245 213 0 245 496 496 80 448 448 
369 497 369 369 369 369 497 497 0 497 497 369 369 369 0 117 117 0 0 245 245 245 33 0 245 245 245 117 0 497 245 112 164 213 245 245 209 245 245 245 245 245 117 245 245 245 245 245 0 197 49 245 496 496 245 496 496 448 448 
337 369 369 369 369 0 337 337 497 0 497 369 369 497 497 117 117 117 117 245 245 244 244 0 245 213 245 245 0 245 112 245 0 245 245 245 245 245 245 245 245 241 245 245 0 33 245 0 245 213 245 245 245 245 496 416 496 448 448 
369 369 369 369 369 49 0 497 0 497 497 369 369 369 497 497 33 465 132 97 245 32 245 245 245 33 245 96 245 245 245 245 245 245 245 245 245 245 245 245 213 245 245 245 245 245 245 245 245 496 213 213 209 496 496 496 496 496 496 
0 369 49 369 497 433 497 369 497 48 497 32 465 497 497 117 465 244 97 245 245 245 97 0 164 245 245 245 245 245 245 117 245 245 245 245 0 245 245 0 245 0 0 245 245 245 245 32 245 213 496 496 213 245 496 496 496 496 496 
369 369 369 369 369 497 337 497 497 497 0 497 0 497 497 497 0 245 245 245 0 245 0 245 245 245 0 245 245 245 0 245 245 113 245 245 245 245 245 245 181 245 165 245 245 245 245 113 245 0 496 213 480 496 496 496 496 0 496 
369 32 369 337 337 113 337 17 497 497 369 497 497 465 83 245 245 245 497 245 245 245 117 245 0 245 213 245 245 245 245 245 245 0 245 245 245 245 245 245 181 245 245 245 245 245 245 245 0 245 496 496 496 496 496 496 496 0 496 
0 337 497 64 337 337 0 32 369 369 497 369 497 465 497 497 0 497 497 497 241 0 0 245 0 113 245 241 245 0 245 245 245 0 33 245 113 245 0 229 245 245 245 245 245 245 245 496 245 496 245 0 496 496 496 496 164 0 164 
465 369 36 337 337 369 369 369 32 369 0 369 32 465 245 497 497 497 497 0 497 181 245 33 497 245 245 0 245 245 245 245 245 0 497 0 245 245 245 229 213 245 117 245 245 496 496 241 245 496 245 496 368 496 496 496 496 496 496 
337 337 369 369 113 369 0 369 369 369 369 369 369 0 465 497 32 497 81 497 112 0 245 497 497 245 245 245 245 0 245 0 245 245 497 497 0 241 213 213 213 497 245 16 496 496 496 496 49 496 496 496 496 368 496 496 496 496 496 
0 337 369 337 81 369 369 369 33 369 369 369 0 497 33 32 164 497 497 497 497 497 112 497 497 497 497 245 0 497 497 497 32 497 497 497 497 0 497 245 497 245 497 32 496 496 496 496 213 112 48 496 496 496 368 496 496 496 496 
369 0 337 337 337 337 369 369 97 0 369 369 0 497 0 33 497 164 497 497 497 112 497 497 497 497 497 497 0 497 465 245 497 112 497 97 497 497 497 497 497 497 497 497 32 496 496 496 496 496 496 0 0 496 496 0 496 496 496 
337 337 369 337 368 337 49 337 113 369 369 0 369 496 497 369 369 497 497 497 497 497 225 497 497 497 497 245 245 497 497 245 0 497 497 97 497 497 497 0 497 32 497 97 496 496 496 496 0 0 496 496 496 496 96 0 496 416 0 
337 337 0 113 113 368 49 369 369 369 369 0 0 369 369 369 497 465 497 465 497 497 225 496 497 497 497 0 497 245 497 465 0 497 497 497 33 481 497 465 97 497 49 496 496 496 496 496 0 496 496 112 496 496 496 496 496 496 33 
369 369 337 337 337 337 369 369 369 369 369 369 369 369 369 369 369 497 465 497 497 465 497 497 497 497 497 497 0 497 497 497 49 49 497 497 113 497 497 497 497 32 0 496 496 496 496 496 0 496 496 496 496 496 496 496 496 496 496 
113 48 0 369 337 369 48 369 369 369 369 369 369 369 369 497 0 497 497 497 81 497 0 497 241 497 497 497 33 497 497 497 497 497 115 497 497 497 497 497 369 32 496 496 496 496 0 0 496 32 496 112 496 496 496 496 49 496 496 
369 337 337 369 369 369 369 369 369 369 369 369 369 497 241 369 497 497 497 465 465 0 497 497 497 241 0 497 497 497 0 497 497 497 497 497 497 497 497 497 0 496 496 496 496 0 496 496 496 496 496 496 177 112 0 496 496 496 496 
369 369 369 337 369 369 369 369 369 369 369 0 497 497 369 369 497 497 497 497 497 497 497 497 497 497 497 497 497 497 496 497 497 497 49 497 497 0 497 497 497 497 48 496 496 496 0 496 496 112 496 496 496 496 496 496 49 496 496 
49 369 369 337 337 369 369 497 369 0 369 368 369 0 369 369 497 497 369 497 497 497 160 32 33 497 497 497 497 497 497 496 497 497 497 497 241 497 497 497 497 241 497 497 497 496 496 496 0 496 496 496 496 496 32 465 432 496 496 
369 32 369 369 337 369 433 369 32 369 497 497 0 369 369 369 36 369 497 497 113 497 497 497 497 497 497 497 497 241 48 497 497 0 0 497 497 497 497 497 241 32 497 0 497 497 496 496 496 496 48 496 496 496 0 465 497 32 496 
337 337 369 369 369 337 337 369 369 497 240 369 48 369 369 369 369 369 369 369 32 0 497 241 0 497 497 112 497 97 0 0 497 160 497 497 49 497 497 497 497 497 497 0 496 496 496 496 496 496 0 496 496 497 497 497 496 496 32 
337 465 337 369 369 337 337 369 369 497 497 96 369 0 32 369 369 0 164 369 0 497 497 497 497 497 497 497 465 465 497 97 497 497 497 465 465 465 497 0 497 497 496 497 496 496 496 0 496 112 496 0 0 496 497 497 497 465 496 
465 337 337 0 337 465 337 337 0 369 369 49 369 369 369 369 0 369 497 497 497 497 497 497 497 497 497 497 3 0 497 497 0 0 497 65 465 465 465 497 241 497 497 496 496 496 496 496 496 496 496 496 496 496 496 497 497 497 497 
465 337 0 65 337 369 337 369 369 0 0 369 497 369 369 369 497 369 0 497 0 497 0 113 0 497 497 497 32 32 497 0 497 497 497 497 465 465 465 497 465 497 497 497 496 497 496 240 496 496 496 496 0 0 496 497 497 497 497 
17 81 497 465 497 337 369 369 0 369 465 497 0 0 33 0 48 497 497 241 497 481 0 497 497 465 497 497 497 497 497 497 497 497 497 497 465 497 497 497 497 465 497 497 369 497 240 496 0 32 32 496 496 113 496 496 0 496 497 
17 32 0 497 465 497 497 369 337 369 465 0 497 497 497 369 48 497 497 497 497 32 112 497 497 497 497 497 497 497 497 497 497 497 497 497 497 497 465 465 0 497 497 497 497 497 240 496 496 496 496 496 496 496 496 96 0 496 496 
32 465 337 465 81 497 369 369 369 369 369 369 497 369 497 0 0 497 113 497 497 497 497 497 497 497 497 497 497 497 497 497 0 497 497 497 0 497 496 465 496 0 496 0 0 497 496 496 224 112 496 496 32 496 496 496 496 0 496 
465 337 369 337 465 369 337 369 369 369 369 0 465 369 369 497 369 0 497 497 497 497 497 497 497 497 497 497 0 497 497 497 0 497 497 497 0 0 497 496 497 0 497 32 496 240 496 496 496 464 464 496 32 401 496 112 96 112 496 
337 337 337 337 369 0 369 33 369 369 369 369 369 369 369 369 113 497 497 0 497 497 0 497 497 497 32 497 497 497 497 497 497 497 497 497 32 32 0 496 496 497 0 0 497 496 496 496 464 32 496 496 496 496 465 497 497 496 0 
337 337 337 496 369 369 33 113 0 369 369 369 369 0 368 369 0 113 497 497 0 209 497 497 497 497 497 497 497 497 497 497 497 497 0 497 113 49 497 497 497 497 49 497 240 496 112 0 496 496 496 496 496 496 496 496 497 497 496 
