# org_id,org_cellx,org_celly,org_forage_target,org_group_id,org_facing
24043619,32,1,-1,-1,0
24055687,45,2,-1,-1,3
24052055,7,4,-1,-1,4
24050177,36,45,-1,-1,6
24056080,46,42,-1,-1,5
24056919,20,40,-1,-1,7
24056519,38,38,-1,-1,4
24056062,35,44,-1,-1,3
24055493,25,38,-1,-1,1
24057211,37,14,-1,-1,0
24054869,1,9,-1,-1,7
24056076,53,38,-1,-1,1
24049852,5,53,-1,-1,4
24056254,38,55,-1,-1,2
24056087,58,14,-1,-1,5
24052984,34,42,-1,-1,2
24057467,41,40,-1,-1,0
24051810,52,37,-1,-1,2
24052651,49,29,-1,-1,3
24056179,51,44,-1,-1,5
24057065,14,25,-1,-1,2
24057472,49,34,-1,-1,6
24055951,52,17,-1,-1,1
24055110,1,47,-1,-1,7
24052281,54,12,-1,-1,2
24043844,47,41,-1,-1,4
24055293,24,55,-1,-1,1
24056521,38,14,-1,-1,0
24057517,18,45,-1,-1,4
24055451,25,26,-1,-1,6
24051171,55,23,-1,-1,2
24054855,15,2,-1,-1,0
24054746,33,26,-1,-1,6
24053408,10,49,-1,-1,6
24057264,44,26,-1,-1,7
24044415,26,9,-1,-1,2
24022066,4,5,-1,-1,2
24053764,42,58,-1,-1,2
24055023,12,45,-1,-1,2
24053482,57,37,-1,-1,4
24056460,15,35,-1,-1,0
24053341,53,51,-1,-1,7
24055580,24,27,-1,-1,6
24055269,28,29,-1,-1,3
24055987,50,10,-1,-1,3
24042675,51,56,-1,-1,5
24050206,44,46,-1,-1,6
24055982,13,34,-1,-1,5
24052836,29,12,-1,-1,3
24049132,38,34,-1,-1,0
24057421,6,42,-1,-1,0
24057233,1,32,-1,-1,6
24057394,34,51,-1,-1,7
24054419,35,35,-1,-1,6
24055858,22,11,-1,-1,5
24057210,10,35,-1,-1,6
24055361,28,42,-1,-1,3
24056946,45,40,-1,-1,3
24048235,2,51,-1,-1,1
24057531,38,0,-1,-1,6
24056969,55,43,-1,-1,1
24056788,17,10,-1,-1,0
24052804,19,4,-1,-1,3
24055541,55,38,-1,-1,1
24051292,37,8,-1,-1,6
24055789,19,24,-1,-1,6
24046262,9,15,-1,-1,3
24048556,40,24,-1,-1,2
24054441,39,8,-1,-1,4
24055592,27,36,-1,-1,4
24052243,52,24,-1,-1,5
24042029,7,8,-1,-1,0
24053733,19,15,-1,-1,3
24057315,6,26,-1,-1,6
24055296,17,25,-1,-1,4
24053079,18,22,-1,-1,1
24050662,51,29,-1,-1,4
24051452,25,2,-1,-1,2
24053146,8,24,-1,-1,1
24055379,53,10,-1,-1,7
24056097,14,9,-1,-1,1
24055167,10,12,-1,-1,5
24056935,20,24,-1,-1,5
24056729,23,19,-1,-1,2
24055601,56,37,-1,-1,4
24050527,13,3,-1,-1,5
24056469,10,54,-1,-1,3
24054930,44,33,-1,-1,7
24049678,31,4,-1,-1,0
24057509,27,49,-1,-1,4
24051745,22,53,-1,-1,6
24046250,46,14,-1,-1,6
24046632,55,4,-1,-1,2
24052766,28,11,-1,-1,2
24056282,34,35,-1,-1,2
24053869,3,46,-1,-1,6
24057097,25,28,-1,-1,3
24053063,13,8,-1,-1,2
24056131,41,2,-1,-1,3
24056698,32,38,-1,-1,7
24054393,41,41,-1,-1,6
24055801,39,7,-1,-1,2
24055164,57,10,-1,-1,3
24053329,6,55,-1,-1,2
24056067,50,36,-1,-1,3
24056453,2,22,-1,-1,5
24057023,14,33,-1,-1,7
24050402,30,16,-1,-1,1
24041356,25,1,-1,-1,4
24053294,1,34,-1,-1,2
24057191,53,30,-1,-1,2
24056347,41,38,-1,-1,6
24053429,38,18,-1,-1,1
24052177,15,39,-1,-1,1
24056716,38,33,-1,-1,2
24056257,16,17,-1,-1,2
24057451,12,34,-1,-1,3
24055797,49,39,-1,-1,4
24056853,15,53,-1,-1,3
24052479,48,14,-1,-1,4
24047888,10,17,-1,-1,3
24053436,28,58,-1,-1,2
24056599,24,37,-1,-1,7
24047478,13,54,-1,-1,1
24051915,50,23,-1,-1,7
24053233,4,7,-1,-1,3
24056255,27,27,-1,-1,6
24057367,4,11,-1,-1,1
24054647,18,16,-1,-1,5
24056837,29,29,-1,-1,7
24050911,53,22,-1,-1,6
24056538,48,20,-1,-1,5
24057095,33,44,-1,-1,3
24050323,35,27,-1,-1,4
24052308,14,0,-1,-1,3
24054379,40,19,-1,-1,0
24057328,24,36,-1,-1,1
24055452,43,18,-1,-1,4
24053071,19,44,-1,-1,1
24053757,18,42,-1,-1,6
24054785,8,12,-1,-1,4
24057274,30,38,-1,-1,5
24053125,36,13,-1,-1,1
24054158,43,44,-1,-1,0
24056954,42,1,-1,-1,4
24049296,27,29,-1,-1,7
24053189,42,44,-1,-1,5
24056206,44,49,-1,-1,2
24051572,16,1,-1,-1,3
24056382,10,57,-1,-1,0
24052374,21,51,-1,-1,3
24056546,31,56,-1,-1,1
24057371,47,9,-1,-1,2
24052378,14,2,-1,-1,6
24054115,58,4,-1,-1,0
24056154,10,51,-1,-1,6
24056298,17,6,-1,-1,5
24052968,18,0,-1,-1,6
24056303,22,25,-1,-1,0
24053837,18,15,-1,-1,4
24044905,44,55,-1,-1,6
24054552,41,51,-1,-1,3
24057112,33,4,-1,-1,6
24056865,24,44,-1,-1,7
24045429,46,11,-1,-1,0
24056530,44,27,-1,-1,1
24048749,37,17,-1,-1,1
24053145,35,55,-1,-1,4
24054448,34,56,-1,-1,1
24057368,32,36,-1,-1,2
24056535,56,35,-1,-1,7
24053459,56,46,-1,-1,7
24055623,51,19,-1,-1,7
24056695,22,23,-1,-1,7
24049032,4,16,-1,-1,7
24057053,58,31,-1,-1,7
24056640,7,12,-1,-1,0
24053266,5,47,-1,-1,1
24057017,26,18,-1,-1,6
24055540,17,38,-1,-1,7
24057296,28,41,-1,-1,7
24051361,46,6,-1,-1,0
24055841,10,4,-1,-1,3
24057428,21,19,-1,-1,1
24055198,11,56,-1,-1,4
24056666,41,14,-1,-1,1
24055610,54,43,-1,-1,6
24056857,57,34,-1,-1,2
24055882,7,53,-1,-1,4
24057277,5,35,-1,-1,3
24056365,46,7,-1,-1,0
24057094,31,36,-1,-1,1
24056069,13,39,-1,-1,0
24052685,31,1,-1,-1,7
24057132,10,22,-1,-1,4
24056025,54,52,-1,-1,7
24053804,49,1,-1,-1,7
24050876,44,35,-1,-1,7
24057220,41,52,-1,-1,2
24056324,29,51,-1,-1,5
24057272,42,24,-1,-1,5
24048545,45,52,-1,-1,2
24057147,28,34,-1,-1,0
24055331,33,18,-1,-1,6
24057237,41,26,-1,-1,4
24057319,35,9,-1,-1,2
24042380,12,7,-1,-1,6
24049862,57,15,-1,-1,5
24057146,20,46,-1,-1,3
24054957,47,56,-1,-1,2
24054382,47,3,-1,-1,5
24057060,47,29,-1,-1,0
24044359,19,21,-1,-1,4
24052250,11,0,-1,-1,5
24056356,29,58,-1,-1,6
24053628,38,46,-1,-1,3
24057173,16,16,-1,-1,5
24049806,32,43,-1,-1,6
24049861,5,56,-1,-1,2
24048825,31,37,-1,-1,5
24051223,44,30,-1,-1,5
24052610,48,12,-1,-1,1
24054666,51,17,-1,-1,7
24056326,40,11,-1,-1,6
24046957,55,16,-1,-1,4
24052376,9,31,-1,-1,7
24052975,55,6,-1,-1,7
24046575,0,8,-1,-1,0
24049233,42,4,-1,-1,3
24050578,14,41,-1,-1,5
24053514,47,1,-1,-1,2
24040364,3,47,-1,-1,6
24056715,41,32,-1,-1,3
24051546,43,17,-1,-1,5
24056275,43,30,-1,-1,0
24050239,46,9,-1,-1,2
24043699,5,17,-1,-1,4
24053292,45,58,-1,-1,7
24057187,15,31,-1,-1,7
24057475,15,33,-1,-1,4
24056174,9,48,-1,-1,0
24051243,41,43,-1,-1,4
24052912,22,13,-1,-1,1
24055929,39,15,-1,-1,4
24057044,1,31,-1,-1,3
24055122,41,44,-1,-1,4
24036817,19,58,-1,-1,6
24054150,42,15,-1,-1,6
24051557,1,45,-1,-1,6
24055703,7,30,-1,-1,1
24057012,10,38,-1,-1,0
24057242,32,30,-1,-1,6
24054357,53,15,-1,-1,1
24050005,7,26,-1,-1,1
24056783,8,7,-1,-1,6
24048114,23,57,-1,-1,7
24055373,7,29,-1,-1,6
24052175,0,33,-1,-1,1
24055103,23,44,-1,-1,4
24057088,6,21,-1,-1,3
24053854,58,2,-1,-1,6
24056927,6,50,-1,-1,0
24052950,11,38,-1,-1,4
24054890,24,9,-1,-1,2
24054065,49,33,-1,-1,6
24054873,36,43,-1,-1,7
24056486,54,51,-1,-1,1
24056016,44,16,-1,-1,6
24053584,43,35,-1,-1,3
24027717,15,3,-1,-1,2
24056473,17,27,-1,-1,4
24052695,57,5,-1,-1,1
24056471,35,20,-1,-1,4
24053234,46,30,-1,-1,2
24054618,41,13,-1,-1,7
24055538,25,48,-1,-1,1
24056999,38,13,-1,-1,0
24052023,38,17,-1,-1,5
24056817,18,49,-1,-1,5
24056562,54,40,-1,-1,6
24054208,17,53,-1,-1,2
24054561,11,21,-1,-1,4
24046215,20,7,-1,-1,0
24057482,37,13,-1,-1,6
24055630,0,30,-1,-1,0
24053464,6,18,-1,-1,6
24055321,28,28,-1,-1,4
24052016,5,29,-1,-1,2
24056917,18,51,-1,-1,0
24056854,57,52,-1,-1,5
24056264,57,31,-1,-1,7
24057362,15,18,-1,-1,2
24057161,40,7,-1,-1,1
24056333,29,49,-1,-1,1
24055973,25,46,-1,-1,4
24055497,24,31,-1,-1,2
24053192,48,10,-1,-1,2
24051394,51,1,-1,-1,0
24053856,9,19,-1,-1,0
24057188,35,39,-1,-1,4
24053964,14,16,-1,-1,2
24055895,7,18,-1,-1,5
24057350,35,6,-1,-1,4
24055876,33,15,-1,-1,1
24057194,21,54,-1,-1,1
24048291,16,37,-1,-1,0
24045640,27,1,-1,-1,7
24056395,43,8,-1,-1,4
24056662,18,8,-1,-1,2
24054336,49,51,-1,-1,5
24052553,17,56,-1,-1,0
24051004,3,30,-1,-1,3
24055896,15,21,-1,-1,4
24055636,35,40,-1,-1,0
24050358,25,40,-1,-1,1
24033794,2,44,-1,-1,0
24049082,42,43,-1,-1,6
24054882,30,32,-1,-1,7
24056302,37,18,-1,-1,1
24054571,55,12,-1,-1,6
24056239,44,24,-1,-1,6
24053786,13,36,-1,-1,0
24056439,41,33,-1,-1,6
24051916,37,54,-1,-1,3
24054534,33,3,-1,-1,5
24052926,58,12,-1,-1,0
24040377,0,41,-1,-1,1
24055393,27,39,-1,-1,0
24046928,54,20,-1,-1,1
24054361,51,45,-1,-1,4
24047928,41,57,-1,-1,6
24052358,32,57,-1,-1,1
24053538,10,34,-1,-1,7
24048777,28,20,-1,-1,5
24050505,16,14,-1,-1,7
24056557,20,32,-1,-1,2
24056462,51,52,-1,-1,5
24053698,19,33,-1,-1,1
24053092,24,23,-1,-1,6
24055337,9,1,-1,-1,1
24057135,48,51,-1,-1,5
24053975,10,56,-1,-1,7
24056894,7,34,-1,-1,6
24056417,41,12,-1,-1,4
24052552,15,19,-1,-1,5
24056845,11,27,-1,-1,4
24056000,33,32,-1,-1,3
24047648,11,14,-1,-1,7
24052116,20,52,-1,-1,1
24040914,52,29,-1,-1,0
24055591,16,42,-1,-1,0
24055587,48,6,-1,-1,5
24048037,55,45,-1,-1,3
24054453,22,39,-1,-1,1
24056295,32,21,-1,-1,5
24053691,11,5,-1,-1,0
24055693,56,0,-1,-1,5
24043665,12,25,-1,-1,4
24054558,20,9,-1,-1,1
24046376,21,55,-1,-1,7
24053800,52,30,-1,-1,0
24048954,36,21,-1,-1,3
24056236,54,39,-1,-1,2
24049975,18,56,-1,-1,4
24057030,40,15,-1,-1,7
24054097,6,13,-1,-1,7
24052497,24,32,-1,-1,3
24053450,44,51,-1,-1,4
24030523,1,21,-1,-1,5
24051485,46,54,-1,-1,0
24055924,7,57,-1,-1,7
24056202,30,14,-1,-1,0
24056195,48,13,-1,-1,1
24055698,18,55,-1,-1,6
24043206,23,58,-1,-1,6
24052773,52,36,-1,-1,0
24057382,56,20,-1,-1,1
24056412,37,32,-1,-1,2
24055664,31,2,-1,-1,1
24055565,29,19,-1,-1,0
24057259,19,8,-1,-1,1
24050561,8,8,-1,-1,6
24048239,35,58,-1,-1,0
24053167,9,2,-1,-1,5
24056617,30,31,-1,-1,2
24056573,32,25,-1,-1,3
24053258,53,4,-1,-1,1
24047540,46,0,-1,-1,6
24054898,23,41,-1,-1,7
24056836,53,19,-1,-1,2
24056511,14,17,-1,-1,0
24057198,32,9,-1,-1,6
24055000,1,57,-1,-1,3
24055363,15,16,-1,-1,7
24049589,1,11,-1,-1,6
24054452,13,38,-1,-1,7
24045892,0,44,-1,-1,3
24057361,38,8,-1,-1,6
24053678,35,14,-1,-1,6
24051739,51,38,-1,-1,5
24056031,44,18,-1,-1,7
24056867,57,28,-1,-1,1
24052818,19,13,-1,-1,3
24056929,58,42,-1,-1,4
24055913,20,10,-1,-1,6
24054646,22,49,-1,-1,5
24052826,21,21,-1,-1,5
24056152,48,19,-1,-1,5
24057126,53,17,-1,-1,5
24047923,36,18,-1,-1,5
24052983,43,54,-1,-1,0
24056502,34,5,-1,-1,5
24049319,41,6,-1,-1,3
24056972,50,56,-1,-1,7
24054511,7,22,-1,-1,2
24049993,34,12,-1,-1,1
24056250,54,21,-1,-1,3
24055826,54,46,-1,-1,1
24055275,47,43,-1,-1,2
24049914,9,5,-1,-1,4
24057417,24,49,-1,-1,7
24056983,27,48,-1,-1,1
24054975,4,17,-1,-1,2
24056531,38,39,-1,-1,1
24057329,55,37,-1,-1,5
24056799,25,17,-1,-1,1
24053723,5,58,-1,-1,6
24055268,31,51,-1,-1,4
24057460,56,3,-1,-1,4
24056565,46,18,-1,-1,6
24055231,17,52,-1,-1,2
24053082,13,12,-1,-1,4
24047029,58,9,-1,-1,0
24041776,21,2,-1,-1,7
24054296,37,33,-1,-1,1
24056701,25,37,-1,-1,4
24054582,50,46,-1,-1,5
24050859,53,31,-1,-1,1
24051170,12,16,-1,-1,4
24057069,37,30,-1,-1,5
24056512,15,14,-1,-1,3
24050539,56,53,-1,-1,0
24056811,32,11,-1,-1,5
24053810,9,14,-1,-1,1
24057532,4,15,-1,-1,3
24057433,27,23,-1,-1,1
24054176,33,31,-1,-1,1
24052863,47,13,-1,-1,7
24054697,55,52,-1,-1,7
24057201,30,42,-1,-1,7
24044362,34,0,-1,-1,3
24057455,42,36,-1,-1,3
24057255,50,21,-1,-1,7
24057496,53,41,-1,-1,5
24055743,13,23,-1,-1,0
24057379,3,21,-1,-1,3
24056571,21,31,-1,-1,0
24055995,22,3,-1,-1,4
24056197,8,18,-1,-1,2
24057440,0,17,-1,-1,0
24057481,31,6,-1,-1,5
24052266,55,1,-1,-1,1
24056475,49,38,-1,-1,5
24047342,34,30,-1,-1,2
24051704,1,58,-1,-1,7
24055453,54,1,-1,-1,0
24055435,44,50,-1,-1,6
24056376,52,34,-1,-1,4
24049426,6,52,-1,-1,2
24052145,43,38,-1,-1,0
24053223,42,26,-1,-1,4
24053373,55,22,-1,-1,0
24045456,9,27,-1,-1,5
24051132,55,19,-1,-1,1
24056358,30,34,-1,-1,6
24056104,26,21,-1,-1,3
24057463,27,38,-1,-1,5
24056266,14,23,-1,-1,3
24056863,56,10,-1,-1,5
24055559,14,30,-1,-1,4
24055527,32,2,-1,-1,2
24054186,42,20,-1,-1,5
24051903,45,24,-1,-1,0
24054946,22,17,-1,-1,7
24048792,9,21,-1,-1,7
24055004,21,24,-1,-1,6
24051015,7,48,-1,-1,0
24056730,5,43,-1,-1,5
24055008,53,32,-1,-1,1
24054108,38,7,-1,-1,4
24057257,35,31,-1,-1,6
24055911,13,30,-1,-1,7
24056474,22,19,-1,-1,6
24053081,54,31,-1,-1,6
24054078,2,43,-1,-1,2
24052604,12,31,-1,-1,4
24055568,11,52,-1,-1,7
24051276,31,31,-1,-1,3
24041399,46,15,-1,-1,2
24057430,21,42,-1,-1,3
24056778,27,43,-1,-1,6
24056339,27,12,-1,-1,4
24046004,1,14,-1,-1,4
24053827,52,21,-1,-1,2
24048699,58,46,-1,-1,0
24051144,49,57,-1,-1,4
24054060,25,32,-1,-1,6
24046253,11,40,-1,-1,3
24051032,41,19,-1,-1,3
24057302,31,21,-1,-1,3
24056284,2,0,-1,-1,3
24057399,19,52,-1,-1,2
24050347,57,35,-1,-1,1
24053377,2,47,-1,-1,1
24056219,14,7,-1,-1,3
24055701,58,17,-1,-1,0
24046040,36,15,-1,-1,5
24050516,49,16,-1,-1,2
24049178,31,0,-1,-1,4
24052776,21,46,-1,-1,4
24055762,9,6,-1,-1,1
24056072,39,41,-1,-1,7
24056210,28,8,-1,-1,4
24050260,0,42,-1,-1,4
24057275,21,38,-1,-1,7
24056616,33,16,-1,-1,2
24051718,55,33,-1,-1,7
24054594,17,32,-1,-1,4
24055283,43,31,-1,-1,6
24057355,40,47,-1,-1,3
24056123,54,18,-1,-1,5
24055878,54,17,-1,-1,4
24046329,26,25,-1,-1,2
24053499,49,28,-1,-1,5
24053695,11,11,-1,-1,3
24057034,26,38,-1,-1,7
24054722,16,57,-1,-1,4
24056861,57,47,-1,-1,1
24053717,30,12,-1,-1,5
24046940,43,0,-1,-1,2
24057480,20,3,-1,-1,3
24057098,7,6,-1,-1,0
24056306,34,13,-1,-1,6
24052470,52,4,-1,-1,1
24053569,57,13,-1,-1,5
24056109,58,1,-1,-1,0
24052686,17,42,-1,-1,2
24056809,0,26,-1,-1,0
24055046,0,47,-1,-1,1
24052710,8,16,-1,-1,0
24057533,34,14,-1,-1,3
24054513,27,8,-1,-1,4
24057039,11,57,-1,-1,2
24056427,14,51,-1,-1,7
24051910,6,49,-1,-1,4
24050195,58,52,-1,-1,5
24044520,51,20,-1,-1,1
24054529,19,55,-1,-1,7
24055278,20,18,-1,-1,1
24056667,9,4,-1,-1,1
24055015,11,7,-1,-1,6
24055155,53,6,-1,-1,7
24050255,56,5,-1,-1,7
24032639,1,8,-1,-1,3
24056898,50,1,-1,-1,6
24057001,52,33,-1,-1,1
24056902,3,6,-1,-1,0
24055320,30,4,-1,-1,2
24057479,7,46,-1,-1,0
24052762,29,52,-1,-1,7
24055249,32,41,-1,-1,4
24053522,0,11,-1,-1,0
24051858,56,7,-1,-1,0
24055064,43,42,-1,-1,7
24050137,7,37,-1,-1,2
24051999,45,56,-1,-1,3
24049365,47,32,-1,-1,5
24057159,30,33,-1,-1,1
24054518,2,57,-1,-1,5
24057134,34,54,-1,-1,1
24054524,6,39,-1,-1,1
24054933,29,15,-1,-1,3
24055684,16,9,-1,-1,6
24055967,8,20,-1,-1,7
24052702,5,0,-1,-1,6
24057341,48,31,-1,-1,7
24056952,10,14,-1,-1,1
24052609,28,23,-1,-1,5
24052204,38,58,-1,-1,1
24055135,32,55,-1,-1,7
24053261,53,14,-1,-1,6
24054326,7,49,-1,-1,6
24052616,43,6,-1,-1,2
24057189,16,29,-1,-1,5
24048153,4,20,-1,-1,5
24054815,14,40,-1,-1,4
24055755,52,53,-1,-1,7
24048880,41,23,-1,-1,7
24055387,25,50,-1,-1,2
24055912,31,54,-1,-1,2
24057090,31,44,-1,-1,5
24057454,29,0,-1,-1,2
24057453,41,27,-1,-1,5
24046392,23,29,-1,-1,0
24047264,3,55,-1,-1,1
24052980,35,46,-1,-1,6
24053682,20,50,-1,-1,1
24055118,8,3,-1,-1,5
24055904,45,55,-1,-1,1
24049366,57,54,-1,-1,1
24056826,17,36,-1,-1,7
24055948,17,34,-1,-1,4
24055182,42,10,-1,-1,7
24055096,11,17,-1,-1,4
24055126,29,16,-1,-1,1
24056644,2,32,-1,-1,0
24050573,15,9,-1,-1,7
24055474,40,43,-1,-1,6
24051565,13,7,-1,-1,1
24051736,10,23,-1,-1,1
24056371,49,43,-1,-1,7
24053322,51,14,-1,-1,5
24055458,38,1,-1,-1,1
24056153,57,11,-1,-1,1
24053126,28,9,-1,-1,7
24054665,50,30,-1,-1,5
24054980,14,26,-1,-1,2
24055972,33,2,-1,-1,2
24056021,16,24,-1,-1,7
24056212,8,9,-1,-1,2
24053338,27,34,-1,-1,5
24054241,5,4,-1,-1,0
24055974,12,6,-1,-1,1
24055292,25,16,-1,-1,2
24056842,34,49,-1,-1,0
24056727,54,34,-1,-1,1
24052723,35,10,-1,-1,1
24056343,18,39,-1,-1,6
24039004,52,26,-1,-1,7
24056903,2,13,-1,-1,3
24056629,21,10,-1,-1,4
24049357,4,43,-1,-1,1
24051404,57,23,-1,-1,2
24055140,21,27,-1,-1,6
24055864,23,15,-1,-1,6
24056074,23,6,-1,-1,1
24053247,49,49,-1,-1,6
24053559,16,50,-1,-1,6
24053372,31,15,-1,-1,5
24053999,37,53,-1,-1,1
24055641,45,4,-1,-1,6
24054445,7,16,-1,-1,0
24055522,50,29,-1,-1,2
24054711,30,30,-1,-1,3
24055642,23,42,-1,-1,2
24054282,43,29,-1,-1,3
24055999,33,25,-1,-1,6
24056995,54,48,-1,-1,5
24056518,25,57,-1,-1,6
24056536,48,7,-1,-1,5
24051008,46,3,-1,-1,2
24051045,45,21,-1,-1,1
24051059,2,40,-1,-1,7
24056896,46,28,-1,-1,1
24055243,20,31,-1,-1,4
24056878,41,55,-1,-1,7
24054993,21,32,-1,-1,5
24056501,37,56,-1,-1,4
24049760,47,24,-1,-1,1
24050430,35,47,-1,-1,6
24048122,8,22,-1,-1,1
24047609,5,24,-1,-1,4
24051393,51,58,-1,-1,2
24050737,12,44,-1,-1,1
24054194,21,35,-1,-1,4
24054690,2,36,-1,-1,1
24044804,55,21,-1,-1,5
24055256,20,42,-1,-1,5
24051893,13,26,-1,-1,5
24055983,48,48,-1,-1,3
24055236,15,29,-1,-1,7
24050861,15,20,-1,-1,1
24055125,46,47,-1,-1,3
24054267,44,38,-1,-1,7
24057466,0,51,-1,-1,3
24054741,14,49,-1,-1,7
24053315,12,19,-1,-1,4
24054289,54,58,-1,-1,6
24057397,35,42,-1,-1,0
24053225,20,14,-1,-1,0
24056891,51,31,-1,-1,6
24056463,17,39,-1,-1,7
24056933,41,10,-1,-1,6
24056170,12,49,-1,-1,5
24057411,2,5,-1,-1,5
24051504,13,50,-1,-1,2
24054497,0,32,-1,-1,4
24057205,25,43,-1,-1,7
24056960,3,51,-1,-1,3
24057312,32,53,-1,-1,4
24057204,4,2,-1,-1,4
24051234,51,47,-1,-1,7
24056855,44,7,-1,-1,4
24051899,34,11,-1,-1,4
24051996,10,42,-1,-1,7
24055571,7,5,-1,-1,3
24052001,40,57,-1,-1,0
24047070,31,35,-1,-1,5
24055586,51,5,-1,-1,1
24056528,20,5,-1,-1,0
24057040,29,54,-1,-1,1
24053116,23,37,-1,-1,6
24056217,53,21,-1,-1,1
24054135,40,27,-1,-1,6
24056054,32,34,-1,-1,0
24054833,51,57,-1,-1,4
24051130,5,6,-1,-1,2
24054955,14,58,-1,-1,2
24055733,0,50,-1,-1,0
24057340,51,37,-1,-1,3
24056578,33,29,-1,-1,7
24056294,20,35,-1,-1,6
24057036,43,58,-1,-1,1
24054298,57,2,-1,-1,6
24050632,35,34,-1,-1,6
24057317,57,4,-1,-1,3
24052948,11,23,-1,-1,5
24056446,29,9,-1,-1,1
24056127,25,58,-1,-1,2
24053711,37,5,-1,-1,7
24057020,35,1,-1,-1,7
24054884,22,12,-1,-1,2
24051833,36,50,-1,-1,5
24056207,53,3,-1,-1,4
24053668,5,37,-1,-1,1
24052611,19,53,-1,-1,2
24054750,28,25,-1,-1,2
24057402,50,40,-1,-1,0
24052491,0,29,-1,-1,4
24057165,21,30,-1,-1,7
24050823,27,47,-1,-1,3
24054772,19,57,-1,-1,3
24053313,10,26,-1,-1,3
24034871,0,1,-1,-1,2
24051933,42,22,-1,-1,0
24053505,17,37,-1,-1,5
24054547,16,54,-1,-1,0
24055978,53,20,-1,-1,4
24057395,35,28,-1,-1,2
24057456,36,57,-1,-1,7
24056601,46,52,-1,-1,3
24054595,48,57,-1,-1,3
24053909,46,37,-1,-1,7
24057401,5,51,-1,-1,4
24057158,41,37,-1,-1,7
24056887,39,54,-1,-1,6
24054122,57,20,-1,-1,3
24056643,41,42,-1,-1,2
24047234,50,12,-1,-1,1
24052824,26,2,-1,-1,7
24055549,28,3,-1,-1,6
24057497,0,2,-1,-1,4
24057070,9,17,-1,-1,6
24051157,21,36,-1,-1,0
24050650,8,26,-1,-1,5
24053936,20,25,-1,-1,1
24054944,8,23,-1,-1,5
24049887,23,24,-1,-1,5
24054224,5,8,-1,-1,1
24052771,42,18,-1,-1,5
24054948,51,23,-1,-1,6
24052728,44,2,-1,-1,2
24054344,57,57,-1,-1,5
24057390,35,17,-1,-1,1
24047827,30,29,-1,-1,3
24050640,47,45,-1,-1,0
24055845,45,51,-1,-1,6
24049839,50,39,-1,-1,4
24055956,50,19,-1,-1,7
24056612,1,35,-1,-1,3
24057171,4,48,-1,-1,7
24055152,22,43,-1,-1,2
24050353,45,15,-1,-1,4
24056674,30,52,-1,-1,6
24043026,39,12,-1,-1,3
24055338,31,46,-1,-1,1
24043300,43,26,-1,-1,3
24051593,3,3,-1,-1,7
24057351,51,32,-1,-1,2
24054054,55,39,-1,-1,7
24054292,31,33,-1,-1,5
24057452,7,21,-1,-1,2
24048526,8,29,-1,-1,4
24044644,28,57,-1,-1,7
24051415,17,49,-1,-1,1
24052442,16,56,-1,-1,4
24050478,0,10,-1,-1,1
24053658,37,9,-1,-1,4
24047300,43,23,-1,-1,0
24055104,13,0,-1,-1,5
24053279,6,41,-1,-1,2
24055491,39,4,-1,-1,7
24052469,51,6,-1,-1,1
24052688,12,0,-1,-1,3
24051472,21,29,-1,-1,6
24055889,46,25,-1,-1,6
24051301,29,40,-1,-1,1
24046129,4,3,-1,-1,2
24055593,27,44,-1,-1,6
24057006,40,51,-1,-1,2
24056684,4,38,-1,-1,7
24052692,14,45,-1,-1,1
24056691,14,53,-1,-1,0
24049376,12,26,-1,-1,3
24057062,33,40,-1,-1,1
24051260,56,27,-1,-1,2
24048436,43,11,-1,-1,2
24055775,31,38,-1,-1,5
24056659,2,42,-1,-1,7
24056086,33,43,-1,-1,4
24050905,58,40,-1,-1,4
24057313,22,50,-1,-1,6
24056378,37,40,-1,-1,3
24053940,34,37,-1,-1,6
24048571,16,20,-1,-1,0
24041862,44,40,-1,-1,4
24055447,12,46,-1,-1,4
24056068,36,56,-1,-1,6
24055808,16,52,-1,-1,1
24057352,58,36,-1,-1,5
24057354,6,43,-1,-1,1
24053777,27,56,-1,-1,3
24055259,26,6,-1,-1,0
24053599,21,33,-1,-1,0
24053367,9,38,-1,-1,1
24056690,52,45,-1,-1,6
24056651,50,6,-1,-1,4
24053917,24,28,-1,-1,6
24055815,2,27,-1,-1,0
24051755,38,50,-1,-1,4
24057471,39,53,-1,-1,0
24050216,6,56,-1,-1,1
24054082,53,33,-1,-1,1
24055427,54,9,-1,-1,6
24055480,6,1,-1,-1,2
24056053,38,29,-1,-1,7
24051502,25,36,-1,-1,5
24055332,10,43,-1,-1,0
24054418,21,11,-1,-1,3
24055366,12,28,-1,-1,5
24053842,16,4,-1,-1,1
24049874,14,12,-1,-1,6
24051765,26,3,-1,-1,6
24056949,4,56,-1,-1,3
24056973,53,12,-1,-1,2
24055298,34,7,-1,-1,1
24050850,23,11,-1,-1,7
24055423,46,32,-1,-1,7
24055389,27,5,-1,-1,1
24049575,4,37,-1,-1,1
24056703,9,20,-1,-1,4
24055839,17,57,-1,-1,3
24054483,18,44,-1,-1,7
24056436,26,11,-1,-1,7
24055731,31,53,-1,-1,1
24054676,13,27,-1,-1,7
24054047,45,32,-1,-1,4
24056552,22,29,-1,-1,7
24048938,2,45,-1,-1,3
24056779,26,44,-1,-1,6
24045731,48,50,-1,-1,0
24057539,41,34,-1,-1,3
24055376,23,33,-1,-1,2
24056752,24,20,-1,-1,1
24056095,41,35,-1,-1,5
24055014,52,58,-1,-1,1
24053921,24,34,-1,-1,2
24051987,28,43,-1,-1,0
24054586,40,50,-1,-1,4
24053274,57,6,-1,-1,2
24053105,37,42,-1,-1,7
24050510,13,32,-1,-1,1
24056263,10,5,-1,-1,2
24055495,46,29,-1,-1,3
24054673,21,50,-1,-1,4
24053202,34,15,-1,-1,1
24054748,49,9,-1,-1,3
24057314,0,52,-1,-1,0
24055350,52,32,-1,-1,1
24056765,3,45,-1,-1,4
24055574,23,56,-1,-1,7
24052185,13,47,-1,-1,2
24049254,5,16,-1,-1,4
24056554,43,56,-1,-1,4
24056258,23,17,-1,-1,6
24053141,44,4,-1,-1,1
24054776,21,58,-1,-1,0
24056753,6,11,-1,-1,5
24049901,15,23,-1,-1,3
24049910,49,41,-1,-1,0
24056648,22,28,-1,-1,5
24056277,20,11,-1,-1,4
24049192,37,38,-1,-1,7
24055894,54,49,-1,-1,1
24055681,22,1,-1,-1,1
24055646,20,6,-1,-1,5
24055285,56,58,-1,-1,2
24044798,54,30,-1,-1,3
24053111,14,56,-1,-1,4
24056748,52,57,-1,-1,3
24053047,55,5,-1,-1,5
24056312,12,5,-1,-1,7
24051124,8,17,-1,-1,2
24055603,33,22,-1,-1,3
24057244,56,31,-1,-1,6
24057280,43,7,-1,-1,1
24051101,40,12,-1,-1,0
24056693,30,50,-1,-1,6
24048470,45,42,-1,-1,7
24055030,16,33,-1,-1,4
24057366,34,18,-1,-1,4
24052474,19,41,-1,-1,3
24056055,30,58,-1,-1,7
24051657,19,54,-1,-1,0
24055083,52,43,-1,-1,6
24055218,53,29,-1,-1,2
24056773,19,2,-1,-1,1
24055003,1,26,-1,-1,4
24054394,42,23,-1,-1,7
24048809,10,2,-1,-1,2
24054553,52,25,-1,-1,2
24050387,29,2,-1,-1,6
24055136,28,21,-1,-1,7
24053868,22,31,-1,-1,6
24057380,28,4,-1,-1,7
24056235,37,50,-1,-1,2
24056978,20,30,-1,-1,6
24050902,17,43,-1,-1,7
24054793,18,40,-1,-1,4
24057418,4,45,-1,-1,2
24057420,51,24,-1,-1,3
24056494,32,56,-1,-1,5
24054404,54,26,-1,-1,4
24055950,50,55,-1,-1,7
24048560,17,28,-1,-1,7
24053989,18,48,-1,-1,7
24056225,28,50,-1,-1,6
24051923,42,14,-1,-1,0
24056143,36,23,-1,-1,6
24056118,20,56,-1,-1,4
24055177,52,52,-1,-1,5
24057232,32,48,-1,-1,3
24056178,46,34,-1,-1,0
24056720,33,8,-1,-1,5
24056046,5,20,-1,-1,7
24054962,30,35,-1,-1,3
24055327,33,53,-1,-1,2
24055618,21,41,-1,-1,6
24057332,35,43,-1,-1,0
24052414,55,28,-1,-1,3
24054876,30,48,-1,-1,1
24055804,3,22,-1,-1,3
24048488,37,25,-1,-1,0
24057378,25,9,-1,-1,1
24047009,15,30,-1,-1,6
24054819,42,46,-1,-1,3
24054038,53,58,-1,-1,7
24053222,30,24,-1,-1,6
24054640,31,22,-1,-1,6
24057429,37,41,-1,-1,4
24051830,45,35,-1,-1,5
24054391,10,3,-1,-1,4
24052466,56,18,-1,-1,4
24056214,43,48,-1,-1,5
24055532,10,37,-1,-1,2
24050883,28,0,-1,-1,6
24057266,24,4,-1,-1,1
24056124,1,4,-1,-1,4
24057485,48,4,-1,-1,7
24057437,12,40,-1,-1,0
24054886,25,11,-1,-1,7
24052642,3,32,-1,-1,1
24053636,23,1,-1,-1,5
24052411,53,48,-1,-1,5
24053662,45,41,-1,-1,1
24056374,10,11,-1,-1,1
24053779,6,30,-1,-1,3
24053971,45,1,-1,-1,0
24051633,24,54,-1,-1,3
24055238,12,15,-1,-1,5
24057056,23,8,-1,-1,4
24055399,3,27,-1,-1,5
24048120,47,35,-1,-1,6
24056850,56,25,-1,-1,7
24054247,37,37,-1,-1,4
24057114,9,52,-1,-1,3
24055859,19,40,-1,-1,0
24041339,4,54,-1,-1,5
24050488,31,57,-1,-1,4
24056384,43,1,-1,-1,7
24057107,19,49,-1,-1,1
24055347,1,15,-1,-1,4
24052897,47,7,-1,-1,0
24056392,7,52,-1,-1,3
24056293,40,9,-1,-1,7
24057223,6,25,-1,-1,0
24057298,25,15,-1,-1,2
24054970,51,26,-1,-1,3
24052404,13,44,-1,-1,2
24057246,37,45,-1,-1,5
24048363,8,54,-1,-1,2
24054468,34,34,-1,-1,2
24056551,48,5,-1,-1,7
24052781,53,28,-1,-1,0
24057310,28,7,-1,-1,2
24055403,13,46,-1,-1,2
24052927,24,14,-1,-1,3
24056824,47,14,-1,-1,6
24051229,26,53,-1,-1,7
24055712,26,58,-1,-1,6
24056906,48,0,-1,-1,4
24054287,40,53,-1,-1,0
24057288,40,20,-1,-1,6
24054733,1,54,-1,-1,0
24057071,52,55,-1,-1,4
24055699,17,40,-1,-1,1
24056787,48,30,-1,-1,2
24051427,3,56,-1,-1,5
24056322,54,33,-1,-1,6
24055039,6,51,-1,-1,5
24055381,27,57,-1,-1,6
24040552,2,29,-1,-1,4
24052424,58,16,-1,-1,6
24055578,40,3,-1,-1,5
24056879,34,29,-1,-1,0
24055637,37,4,-1,-1,0
24054740,11,1,-1,-1,0
24054212,24,18,-1,-1,6
24048707,55,8,-1,-1,0
24057129,8,45,-1,-1,4
24057122,45,54,-1,-1,3
24057376,13,48,-1,-1,3
24055406,46,45,-1,-1,0
24053417,25,51,-1,-1,2
24056680,21,8,-1,-1,7
24049755,55,20,-1,-1,6
24056482,34,41,-1,-1,7
24056626,2,50,-1,-1,4
24057468,35,54,-1,-1,4
24055820,50,50,-1,-1,1
24057128,29,45,-1,-1,5
24054650,20,48,-1,-1,7
24056922,44,11,-1,-1,3
24056379,14,6,-1,-1,3
24056761,33,20,-1,-1,0
24057271,30,49,-1,-1,2
24055271,28,48,-1,-1,5
24054157,15,5,-1,-1,2
24056642,53,8,-1,-1,2
24055531,45,8,-1,-1,2
24053067,48,33,-1,-1,7
24054126,44,28,-1,-1,4
24056830,11,32,-1,-1,7
24057521,30,41,-1,-1,2
24054870,2,54,-1,-1,0
24053520,5,27,-1,-1,7
24053588,21,18,-1,-1,0
24056435,54,15,-1,-1,3
24055856,26,15,-1,-1,6
24053808,15,22,-1,-1,4
24055583,25,44,-1,-1,1
24056480,19,26,-1,-1,3
24056335,27,32,-1,-1,0
24052668,15,47,-1,-1,2
24053767,57,45,-1,-1,3
24052261,53,0,-1,-1,2
24056931,32,7,-1,-1,4
24055341,4,9,-1,-1,1
24056872,41,36,-1,-1,5
24051181,23,43,-1,-1,1
24054230,27,58,-1,-1,1
24056965,48,47,-1,-1,2
24054799,27,13,-1,-1,3
24056968,12,52,-1,-1,3
24057529,42,48,-1,-1,4
24046990,52,48,-1,-1,7
24049168,11,53,-1,-1,3
24057182,5,57,-1,-1,5
24050709,4,23,-1,-1,3
24056812,19,43,-1,-1,2
24057202,29,21,-1,-1,6
24054001,1,43,-1,-1,3
24049583,39,42,-1,-1,2
24050042,51,8,-1,-1,4
24056717,45,9,-1,-1,4
24056088,9,3,-1,-1,5
24049794,36,53,-1,-1,1
24053250,48,46,-1,-1,6
24055759,42,40,-1,-1,6
24054302,30,6,-1,-1,3
24056009,43,34,-1,-1,1
24053437,55,44,-1,-1,3
24050121,20,39,-1,-1,0
24057520,7,31,-1,-1,7
24052671,10,6,-1,-1,0
24040441,26,52,-1,-1,2
24053655,23,53,-1,-1,0
24053938,43,16,-1,-1,2
24056211,31,28,-1,-1,6
24057120,11,55,-1,-1,3
24054976,6,19,-1,-1,7
24052676,2,28,-1,-1,4
24056522,19,32,-1,-1,3
24057327,34,57,-1,-1,2
24052629,32,47,-1,-1,2
24057215,30,44,-1,-1,0
24053264,38,25,-1,-1,2
24056937,42,32,-1,-1,0
24054170,52,51,-1,-1,7
24055663,35,48,-1,-1,7
24056029,26,1,-1,-1,6
24051081,10,48,-1,-1,7
24054257,35,57,-1,-1,5
24054193,33,13,-1,-1,4
24051314,32,20,-1,-1,5
24057051,24,30,-1,-1,3
24054198,35,24,-1,-1,7
24056635,55,53,-1,-1,4
24051218,31,18,-1,-1,5
24057498,58,23,-1,-1,4
24048209,53,23,-1,-1,2
24056291,39,6,-1,-1,5
24055816,5,10,-1,-1,0
24056971,20,43,-1,-1,4
24054180,37,24,-1,-1,0
24043070,33,57,-1,-1,2
24057167,43,27,-1,-1,5
24057203,33,51,-1,-1,3
24056888,9,41,-1,-1,2
24057431,27,17,-1,-1,3
24054615,37,21,-1,-1,2
24051435,18,19,-1,-1,1
24056621,39,32,-1,-1,7
24056497,18,38,-1,-1,7
24046866,30,25,-1,-1,0
24056022,40,29,-1,-1,5
24055215,35,37,-1,-1,0
24056443,5,39,-1,-1,0
24056625,36,20,-1,-1,3
24045508,48,56,-1,-1,3
24050292,53,9,-1,-1,6
24054331,36,2,-1,-1,0
24055706,51,41,-1,-1,6
24043152,0,24,-1,-1,2
24056508,44,31,-1,-1,6
24051827,11,19,-1,-1,0
24056424,31,48,-1,-1,2
24055154,40,5,-1,-1,3
24056784,1,23,-1,-1,4
24057438,16,12,-1,-1,6
24056928,17,29,-1,-1,5
24057406,3,4,-1,-1,0
24055659,26,45,-1,-1,2
24056914,29,23,-1,-1,0
24053048,13,5,-1,-1,7
24055426,3,13,-1,-1,7
24055144,1,12,-1,-1,6
24036036,9,0,-1,-1,4
24055765,42,34,-1,-1,5
24057436,23,35,-1,-1,2
24056085,20,21,-1,-1,0
24049115,37,15,-1,-1,3
24057538,41,22,-1,-1,4
24057279,27,42,-1,-1,2
24055923,47,0,-1,-1,6
24038962,0,9,-1,-1,2
24056012,4,4,-1,-1,3
24054275,20,29,-1,-1,2
24053607,46,22,-1,-1,1
24053888,19,1,-1,-1,5
24057528,36,4,-1,-1,5
24051630,21,43,-1,-1,6
24056545,43,45,-1,-1,0
24057514,44,42,-1,-1,4
24056015,7,42,-1,-1,7
24055490,31,12,-1,-1,4
24057009,26,20,-1,-1,2
24056147,36,26,-1,-1,3
24053714,8,1,-1,-1,4
24057470,1,55,-1,-1,0
24051624,17,11,-1,-1,1
24056187,26,39,-1,-1,6
24057359,43,52,-1,-1,7
24055833,12,39,-1,-1,6
24053148,49,23,-1,-1,5
24057083,20,47,-1,-1,1
24050526,34,32,-1,-1,7
24056218,12,54,-1,-1,7
24047145,2,1,-1,-1,6
24057025,34,40,-1,-1,7
24054579,30,46,-1,-1,0
24056596,36,55,-1,-1,1
24047611,54,22,-1,-1,1
24056370,22,4,-1,-1,5
24056035,6,54,-1,-1,7
24051410,49,55,-1,-1,7
24053078,5,54,-1,-1,5
24056712,1,39,-1,-1,6
24054543,32,44,-1,-1,5
24056224,37,26,-1,-1,5
24055353,13,33,-1,-1,6
24057238,40,38,-1,-1,4
24054027,41,3,-1,-1,3
24042956,14,47,-1,-1,5
24050796,31,43,-1,-1,5
24055993,57,40,-1,-1,1
24053365,7,20,-1,-1,2
24053875,5,31,-1,-1,4
24055163,20,58,-1,-1,6
24055651,43,25,-1,-1,7
24051975,50,34,-1,-1,0
24053236,45,26,-1,-1,2
24054428,38,27,-1,-1,6
24056723,1,18,-1,-1,1
24055891,6,20,-1,-1,3
24056061,6,27,-1,-1,4
24056829,24,11,-1,-1,0
24052113,39,43,-1,-1,2
24054328,0,34,-1,-1,3
24055469,17,13,-1,-1,6
24052176,31,5,-1,-1,7
24040015,42,11,-1,-1,7
24054317,55,34,-1,-1,5
24052081,29,31,-1,-1,0
24049337,39,0,-1,-1,5
24056052,40,39,-1,-1,2
24053346,58,34,-1,-1,5
24056509,45,27,-1,-1,2
24053396,50,54,-1,-1,6
24054788,29,53,-1,-1,6
24051263,36,1,-1,-1,1
24049012,2,31,-1,-1,3
24055195,11,18,-1,-1,2
24052726,15,37,-1,-1,6
24056051,30,40,-1,-1,3
24056268,35,11,-1,-1,2
24056579,29,10,-1,-1,5
24054857,12,4,-1,-1,2
24055723,2,46,-1,-1,4
24056458,32,46,-1,-1,4
24056060,3,34,-1,-1,5
24042767,53,53,-1,-1,0
24054928,48,9,-1,-1,1
24056019,21,34,-1,-1,5
24056491,18,35,-1,-1,2
24057381,34,44,-1,-1,5
24053673,12,33,-1,-1,1
24053165,7,19,-1,-1,0
24051492,46,4,-1,-1,2
24055519,25,45,-1,-1,7
24055438,52,2,-1,-1,3
24056570,26,32,-1,-1,5
24052312,2,3,-1,-1,5
24049867,49,13,-1,-1,4
24057024,18,21,-1,-1,6
24052408,13,4,-1,-1,5
24057254,39,46,-1,-1,5
24053526,41,50,-1,-1,2
24055768,44,52,-1,-1,4
24049633,45,28,-1,-1,7
24042786,46,24,-1,-1,0
24056911,24,56,-1,-1,2
24053833,56,30,-1,-1,1
24051355,29,36,-1,-1,4
24052334,46,19,-1,-1,7
24035053,45,0,-1,-1,2
24047001,52,20,-1,-1,4
24052423,12,1,-1,-1,2
24045975,8,51,-1,-1,5
24056763,31,42,-1,-1,2
24056233,19,11,-1,-1,2
24056165,18,11,-1,-1,0
24056951,42,55,-1,-1,4
24051905,33,36,-1,-1,6
24056930,25,4,-1,-1,4
24057180,27,11,-1,-1,6
24057183,28,38,-1,-1,6
24043365,46,53,-1,-1,7
24055050,8,31,-1,-1,4
24052718,40,36,-1,-1,0
24057121,14,27,-1,-1,0
24057505,42,52,-1,-1,1
24055404,47,33,-1,-1,0
24056825,10,33,-1,-1,5
24056213,22,2,-1,-1,6
24048810,24,13,-1,-1,1
24053008,33,45,-1,-1,5
24055449,15,12,-1,-1,4
24057375,13,43,-1,-1,6
24054929,30,27,-1,-1,2
24050903,39,14,-1,-1,4
24053992,11,8,-1,-1,6
24052769,58,35,-1,-1,4
24051618,53,18,-1,-1,3
24055257,34,4,-1,-1,0
24056318,49,0,-1,-1,3
24055108,48,40,-1,-1,0
24057465,54,16,-1,-1,7
24053328,52,28,-1,-1,5
24044188,37,2,-1,-1,2
24055492,18,23,-1,-1,2
24049297,13,22,-1,-1,4
24044463,24,58,-1,-1,2
24046882,58,11,-1,-1,6
24055915,26,42,-1,-1,1
24056140,50,47,-1,-1,7
24057144,17,54,-1,-1,2
24056110,36,0,-1,-1,5
24055401,36,3,-1,-1,5
24056158,15,57,-1,-1,1
24056205,48,24,-1,-1,6
24057218,22,51,-1,-1,6
24052543,8,57,-1,-1,7
24057445,44,41,-1,-1,2
24050974,6,0,-1,-1,3
24052019,44,22,-1,-1,5
24053217,50,37,-1,-1,3
24053270,53,37,-1,-1,4
24056760,40,34,-1,-1,5
24057459,12,24,-1,-1,6
24055384,30,23,-1,-1,2
24052368,13,35,-1,-1,2
24056908,43,9,-1,-1,5
24057503,23,51,-1,-1,0
24054663,1,3,-1,-1,0
24052743,4,27,-1,-1,3
24056203,13,41,-1,-1,1
24055846,14,11,-1,-1,5
24056686,50,35,-1,-1,5
24053707,7,9,-1,-1,0
24054885,45,11,-1,-1,2
24057284,46,41,-1,-1,5
24056795,37,27,-1,-1,1
24053747,8,48,-1,-1,7
24050980,12,13,-1,-1,5
24054482,21,53,-1,-1,3
24054713,8,40,-1,-1,5
24049853,35,36,-1,-1,5
24056432,48,45,-1,-1,3
24056738,56,55,-1,-1,3
24041739,51,46,-1,-1,5
24056159,50,32,-1,-1,5
24057311,35,8,-1,-1,5
24057267,14,28,-1,-1,2
24052144,23,16,-1,-1,5
24052287,1,16,-1,-1,1
24054443,28,36,-1,-1,4
24057490,3,23,-1,-1,6
24057516,19,16,-1,-1,7
24056314,20,28,-1,-1,7
24056515,24,29,-1,-1,6
24055908,41,48,-1,-1,5
24052989,35,16,-1,-1,1
24056349,9,46,-1,-1,2
24056320,18,25,-1,-1,3
24050749,55,51,-1,-1,3
24054264,23,5,-1,-1,7
24050549,32,27,-1,-1,5
24055539,29,11,-1,-1,3
24044198,29,26,-1,-1,4
24056749,26,12,-1,-1,7
24057052,58,57,-1,-1,6
24054557,9,37,-1,-1,7
24053144,18,4,-1,-1,0
24056661,42,47,-1,-1,7
24055189,56,16,-1,-1,1
24056513,0,23,-1,-1,1
24045333,58,32,-1,-1,7
24052732,19,51,-1,-1,6
24057196,16,5,-1,-1,6
24049663,40,2,-1,-1,4
24055099,51,48,-1,-1,3
24053870,43,49,-1,-1,2
24049855,30,57,-1,-1,2
24057000,32,51,-1,-1,4
24054161,22,24,-1,-1,3
24050152,20,17,-1,-1,3
24055573,25,53,-1,-1,6
24047058,56,21,-1,-1,0
24057104,38,37,-1,-1,5
24054591,57,27,-1,-1,5
24057226,47,20,-1,-1,5
24051424,27,54,-1,-1,2
24056476,16,32,-1,-1,1
24052830,16,10,-1,-1,4
24055788,26,55,-1,-1,2
24054503,49,21,-1,-1,6
24044958,26,16,-1,-1,6
24055824,41,24,-1,-1,0
24046345,23,12,-1,-1,3
24057488,8,28,-1,-1,4
24056288,22,44,-1,-1,0
24055510,49,37,-1,-1,2
24056117,23,3,-1,-1,5
24055678,52,11,-1,-1,4
24056944,47,40,-1,-1,3
24053613,42,28,-1,-1,7
24056353,22,52,-1,-1,3
24050193,49,6,-1,-1,5
24056670,11,12,-1,-1,0
24057278,56,22,-1,-1,0
24055561,43,46,-1,-1,0
24057253,53,47,-1,-1,5
24049136,47,54,-1,-1,7
24056403,18,29,-1,-1,6
24056582,32,0,-1,-1,2
24055228,43,28,-1,-1,6
24052792,55,55,-1,-1,4
24057405,37,55,-1,-1,3
24055619,36,16,-1,-1,1
24053718,28,18,-1,-1,4
24051783,46,38,-1,-1,2
24055073,19,17,-1,-1,0
24057100,57,3,-1,-1,1
24043242,55,56,-1,-1,6
24053013,3,16,-1,-1,4
24057123,17,1,-1,-1,5
24047813,0,38,-1,-1,3
24056947,10,19,-1,-1,0
24057389,27,7,-1,-1,1
24051919,42,16,-1,-1,4
24057435,39,44,-1,-1,6
24054973,19,45,-1,-1,4
24055325,11,35,-1,-1,6
24057448,50,4,-1,-1,6
24056114,47,6,-1,-1,0
24055965,21,4,-1,-1,1
24057523,22,22,-1,-1,7
24054679,14,43,-1,-1,5
24048351,14,21,-1,-1,0
24057369,11,22,-1,-1,0
24051709,22,32,-1,-1,5
24048553,56,28,-1,-1,0
24054260,56,13,-1,-1,6
24044171,2,37,-1,-1,6
24054367,13,37,-1,-1,4
24051586,7,23,-1,-1,1
24057506,14,4,-1,-1,6
24055289,28,39,-1,-1,6
24053529,8,35,-1,-1,5
24057358,39,3,-1,-1,2
24049832,13,13,-1,-1,4
24053615,20,8,-1,-1,1
24056758,22,20,-1,-1,5
24054600,40,33,-1,-1,0
24057535,49,48,-1,-1,3
24049757,4,50,-1,-1,1
24052653,33,52,-1,-1,4
24056981,9,34,-1,-1,3
24056800,40,44,-1,-1,1
24054085,9,56,-1,-1,1
24054943,21,13,-1,-1,2
24051325,32,15,-1,-1,2
24049908,49,47,-1,-1,2
24050279,3,11,-1,-1,3
24055984,34,10,-1,-1,4
24052331,37,23,-1,-1,1
24051500,15,54,-1,-1,0
24056270,14,3,-1,-1,6
24057357,33,21,-1,-1,1
24050728,2,25,-1,-1,1
24054440,40,0,-1,-1,5
24055605,14,50,-1,-1,1
24055628,49,27,-1,-1,4
24054539,41,20,-1,-1,0
24048523,32,6,-1,-1,5
24056958,23,34,-1,-1,6
24056071,38,5,-1,-1,2
24049035,26,49,-1,-1,5
24055265,53,24,-1,-1,0
24056600,41,4,-1,-1,6
24056620,27,52,-1,-1,1
24057330,30,8,-1,-1,6
24054139,50,5,-1,-1,4
24055221,28,40,-1,-1,2
24050215,53,5,-1,-1,6
24055105,1,0,-1,-1,3
24056618,16,28,-1,-1,7
24035743,55,54,-1,-1,0
24051562,29,33,-1,-1,7
24056694,36,7,-1,-1,6
24055624,21,6,-1,-1,4
24056791,56,12,-1,-1,5
24051468,0,40,-1,-1,4
24057474,44,32,-1,-1,6
24043429,8,4,-1,-1,2
24055001,51,10,-1,-1,5
24056655,2,30,-1,-1,6
24056741,45,5,-1,-1,2
24052901,36,51,-1,-1,4
24052468,51,16,-1,-1,0
24055020,49,19,-1,-1,3
24055945,52,27,-1,-1,5
24056991,10,29,-1,-1,0
24055139,12,2,-1,-1,1
24045819,47,47,-1,-1,2
24057511,26,24,-1,-1,6
24052666,4,10,-1,-1,2
24056614,10,20,-1,-1,0
24057510,44,36,-1,-1,0
24053962,39,16,-1,-1,5
24054795,44,0,-1,-1,4
24053701,40,55,-1,-1,0
24056175,16,0,-1,-1,6
24053811,34,20,-1,-1,7
24055270,36,8,-1,-1,2
24045395,51,22,-1,-1,5
24057029,51,49,-1,-1,3
24051342,14,34,-1,-1,0
24057096,24,5,-1,-1,3
24056628,16,25,-1,-1,6
24054923,32,49,-1,-1,2
24053715,45,6,-1,-1,7
24051650,39,55,-1,-1,7
24055232,44,5,-1,-1,5
24056721,49,17,-1,-1,5
24056994,45,48,-1,-1,7
24049373,30,2,-1,-1,0
24050520,58,10,-1,-1,7
24053652,22,33,-1,-1,4
24053730,7,17,-1,-1,7
24056936,17,5,-1,-1,7
24052837,6,47,-1,-1,1
24055412,14,19,-1,-1,6
24047789,1,13,-1,-1,6
24056658,32,37,-1,-1,4
24052117,47,12,-1,-1,2
24056606,17,30,-1,-1,3
24056966,56,43,-1,-1,7
24052309,2,58,-1,-1,2
24057316,28,52,-1,-1,4
24055850,8,49,-1,-1,4
24050422,0,22,-1,-1,4
24053267,31,24,-1,-1,7
24056547,24,1,-1,-1,6
24054747,57,0,-1,-1,4
24056323,32,14,-1,-1,5
24050625,15,0,-1,-1,6
24055077,2,4,-1,-1,4
24055870,7,55,-1,-1,1
24056135,50,33,-1,-1,7
24057504,26,35,-1,-1,1
24056495,55,10,-1,-1,2
24056798,23,39,-1,-1,2
24053286,39,24,-1,-1,1
24054603,25,39,-1,-1,7
24052246,3,29,-1,-1,3
24055680,37,10,-1,-1,0
24043132,7,3,-1,-1,5
24051489,19,10,-1,-1,1
24055644,42,33,-1,-1,0
24056912,51,35,-1,-1,3
24050638,55,32,-1,-1,5
24055955,31,9,-1,-1,0
24047171,50,13,-1,-1,1
24051653,42,6,-1,-1,1
24056223,45,53,-1,-1,2
24053675,56,17,-1,-1,3
24052559,10,25,-1,-1,3
24055653,37,1,-1,-1,1
24051346,42,41,-1,-1,4
24056909,27,41,-1,-1,4
24051848,55,46,-1,-1,5
24056317,37,46,-1,-1,2
24053750,42,49,-1,-1,2
24053814,11,28,-1,-1,5
24057508,55,42,-1,-1,6
24051244,4,33,-1,-1,3
24049292,54,56,-1,-1,0
24055368,23,21,-1,-1,3
24057236,40,48,-1,-1,1
24044643,48,32,-1,-1,6
24051033,33,0,-1,-1,2
24057228,17,4,-1,-1,7
24056764,56,32,-1,-1,4
24055429,50,48,-1,-1,6
24051908,22,21,-1,-1,4
24056451,35,12,-1,-1,4
24054498,24,8,-1,-1,5
24055009,30,9,-1,-1,2
24056238,42,31,-1,-1,0
24054794,31,58,-1,-1,2
24057493,23,40,-1,-1,6
24056539,8,41,-1,-1,1
24056355,49,50,-1,-1,7
24055957,54,32,-1,-1,2
24057139,50,17,-1,-1,2
24057016,20,45,-1,-1,7
24055854,11,16,-1,-1,5
24055609,56,6,-1,-1,1
24038443,55,29,-1,-1,5
24057043,41,49,-1,-1,7
24053550,9,35,-1,-1,4
24054169,50,8,-1,-1,4
24056770,6,48,-1,-1,5
24050389,32,5,-1,-1,4
24051909,11,2,-1,-1,7
24057011,22,55,-1,-1,2
24053602,56,48,-1,-1,5
24056869,4,26,-1,-1,6
24046150,33,37,-1,-1,1
24054214,16,15,-1,-1,4
24055844,3,7,-1,-1,3
24054209,30,47,-1,-1,1
24057384,36,46,-1,-1,6
24052324,2,48,-1,-1,2
24049782,6,34,-1,-1,6
24056533,0,19,-1,-1,0
24055572,40,32,-1,-1,5
24057404,31,39,-1,-1,5
24055964,45,46,-1,-1,0
24056813,27,10,-1,-1,7
24054253,38,10,-1,-1,3
24054744,15,56,-1,-1,4
24055486,24,41,-1,-1,5
24057339,46,2,-1,-1,7
24052921,32,39,-1,-1,6
24055674,46,51,-1,-1,7
24056452,4,55,-1,-1,3
24055556,35,41,-1,-1,2
24054493,16,2,-1,-1,0
24055853,13,52,-1,-1,6
24057138,26,14,-1,-1,5
24054572,18,13,-1,-1,1
24057140,40,52,-1,-1,5
24049772,57,16,-1,-1,3
24055778,39,29,-1,-1,1
24050057,49,30,-1,-1,7
24055120,20,23,-1,-1,5
24056286,5,14,-1,-1,7
24050720,48,22,-1,-1,4
24056624,20,27,-1,-1,2
24055900,12,43,-1,-1,1
24051661,44,44,-1,-1,7
24054877,18,57,-1,-1,5
24057269,12,38,-1,-1,6
24053876,39,30,-1,-1,7
24053645,14,48,-1,-1,4
24056580,5,1,-1,-1,1
24047351,23,0,-1,-1,3
24054652,28,37,-1,-1,2
24054856,50,52,-1,-1,0
24055069,17,21,-1,-1,5
24055717,8,2,-1,-1,2
24056632,23,31,-1,-1,3
24051554,22,6,-1,-1,5
24047978,15,17,-1,-1,1
24055514,42,42,-1,-1,5
24054012,29,47,-1,-1,4
24056880,9,32,-1,-1,6
24050086,48,1,-1,-1,0
24051897,57,24,-1,-1,3
24055708,36,12,-1,-1,5
24039555,21,52,-1,-1,6
24052280,32,4,-1,-1,7
24049637,23,22,-1,-1,3
24056490,21,39,-1,-1,4
24049787,13,56,-1,-1,7
24055097,23,48,-1,-1,2
24056083,29,56,-1,-1,3
24043751,17,0,-1,-1,4
24055952,49,45,-1,-1,5
24055753,1,37,-1,-1,6
24053140,53,50,-1,-1,2
24055616,15,43,-1,-1,3
24055675,51,27,-1,-1,3
24056408,3,36,-1,-1,3
24057477,58,21,-1,-1,7
24036706,56,8,-1,-1,6
24054732,0,28,-1,-1,4
24055705,33,33,-1,-1,7
24055248,9,39,-1,-1,0
24054216,47,44,-1,-1,0
24057099,5,42,-1,-1,2
24057522,2,9,-1,-1,0
24052341,10,7,-1,-1,6
24047921,7,41,-1,-1,1
24047576,0,6,-1,-1,3
24055958,45,14,-1,-1,3
24054745,33,19,-1,-1,5
24055921,33,49,-1,-1,2
24056593,56,41,-1,-1,7
24055935,1,49,-1,-1,3
24055079,19,14,-1,-1,5
24056310,8,52,-1,-1,2
24054951,25,6,-1,-1,0
24052083,53,49,-1,-1,7
24054604,38,32,-1,-1,0
24054872,9,53,-1,-1,1
24048142,5,26,-1,-1,1
24051895,4,6,-1,-1,0
24056866,47,36,-1,-1,0
24057447,47,11,-1,-1,5
24052748,51,33,-1,-1,0
24057033,7,14,-1,-1,6
24050840,49,2,-1,-1,5
24052821,2,11,-1,-1,4
24055961,19,0,-1,-1,6
24047122,5,49,-1,-1,0
24052478,4,28,-1,-1,2
24056558,12,30,-1,-1,5
24056589,0,14,-1,-1,0
24056871,40,49,-1,-1,3
24054576,52,18,-1,-1,6
24053680,45,17,-1,-1,2
24055057,13,6,-1,-1,7
24046750,14,15,-1,-1,5
24054325,20,54,-1,-1,1
24056934,26,36,-1,-1,4
24053176,38,15,-1,-1,5
24050329,9,9,-1,-1,1
24055555,33,42,-1,-1,4
24053309,52,22,-1,-1,0
24050203,27,14,-1,-1,5
24056736,56,36,-1,-1,1
24057422,5,41,-1,-1,7
24056740,55,25,-1,-1,3
24053710,19,36,-1,-1,4
24055930,28,19,-1,-1,0
24048972,54,0,-1,-1,6
24054563,58,26,-1,-1,5
24047148,43,57,-1,-1,0
24049673,38,3,-1,-1,2
24056525,31,25,-1,-1,4
24056044,46,49,-1,-1,3
24056828,58,47,-1,-1,7
24051173,30,18,-1,-1,7
24056996,40,17,-1,-1,1
24053925,48,54,-1,-1,3
24056098,42,51,-1,-1,2
24057154,31,47,-1,-1,7
24052601,42,29,-1,-1,5
24056772,31,3,-1,-1,2
24056832,47,23,-1,-1,7
24054250,36,11,-1,-1,5
24057502,23,26,-1,-1,6
24050502,37,29,-1,-1,2
24057061,29,44,-1,-1,1
24050715,48,28,-1,-1,0
24056591,48,36,-1,-1,1
24055261,10,28,-1,-1,4
24053414,45,31,-1,-1,5
24057492,3,49,-1,-1,7
24051600,53,2,-1,-1,6
24051429,30,10,-1,-1,3
24052173,21,26,-1,-1,3
24043762,0,48,-1,-1,3
24056414,19,20,-1,-1,6
24057494,45,45,-1,-1,1
24055756,34,21,-1,-1,6
24055306,47,19,-1,-1,5
24052982,18,52,-1,-1,2
24056641,51,0,-1,-1,6
24055946,56,50,-1,-1,7
24055632,19,25,-1,-1,2
24035368,5,21,-1,-1,3
24055526,48,3,-1,-1,7
24052430,57,55,-1,-1,0
24055604,2,55,-1,-1,5
24057321,12,14,-1,-1,6
24050109,58,51,-1,-1,5
24054775,21,47,-1,-1,0
24047143,58,39,-1,-1,0
24056244,25,41,-1,-1,1
24055886,31,11,-1,-1,2
24056709,40,23,-1,-1,5
24053697,15,24,-1,-1,2
24047176,48,21,-1,-1,1
24054729,54,3,-1,-1,4
24055147,48,15,-1,-1,6
24054895,34,28,-1,-1,3
24049598,25,0,-1,-1,6
24054808,6,4,-1,-1,6
24053850,33,12,-1,-1,2
24049449,27,33,-1,-1,5
24055165,2,24,-1,-1,5
24054904,26,56,-1,-1,3
24055868,0,5,-1,-1,4
24057320,19,23,-1,-1,7
24054456,12,27,-1,-1,1
24056304,41,29,-1,-1,5
24056719,16,34,-1,-1,7
24055114,28,1,-1,-1,6
24057152,22,8,-1,-1,5
24056668,45,39,-1,-1,5
24051609,39,22,-1,-1,3
24056056,2,16,-1,-1,5
24051954,3,37,-1,-1,0
24053555,22,5,-1,-1,5
24053203,54,19,-1,-1,4
24046720,57,58,-1,-1,2
24054736,2,17,-1,-1,4
24054386,47,52,-1,-1,0
24055205,43,3,-1,-1,2
24050324,0,55,-1,-1,4
24053624,11,29,-1,-1,0
24053513,18,26,-1,-1,3
24055934,55,14,-1,-1,3
24050498,32,22,-1,-1,6
24054949,2,14,-1,-1,6
24047705,27,46,-1,-1,0
24056561,31,16,-1,-1,2
24053742,3,26,-1,-1,1
24056767,14,22,-1,-1,0
24054181,32,13,-1,-1,6
24054680,48,37,-1,-1,4
24056777,21,3,-1,-1,7
24055874,26,13,-1,-1,1
24048394,56,38,-1,-1,3
24052735,20,37,-1,-1,1
24053902,56,33,-1,-1,6
24056431,4,51,-1,-1,2
24057022,56,1,-1,-1,3
24054990,50,25,-1,-1,4
24053106,2,35,-1,-1,0
24057156,20,36,-1,-1,4
24055666,49,14,-1,-1,1
24057119,10,9,-1,-1,1
24057450,47,46,-1,-1,5
24054809,20,38,-1,-1,1
24048500,13,51,-1,-1,7
24055917,39,10,-1,-1,5
24056409,35,21,-1,-1,0
24056283,8,11,-1,-1,1
24056864,20,41,-1,-1,6
24057407,33,46,-1,-1,0
24057318,38,31,-1,-1,2
24056847,3,38,-1,-1,5
24055677,29,28,-1,-1,0
24055947,40,25,-1,-1,0
24050928,14,54,-1,-1,0
24056280,42,17,-1,-1,6
24056116,9,44,-1,-1,3
24057353,15,11,-1,-1,5
24054897,20,15,-1,-1,0
24057326,7,47,-1,-1,7
24052075,52,3,-1,-1,2
24056190,23,28,-1,-1,5
24055162,28,13,-1,-1,0
24052108,2,8,-1,-1,7
24056077,39,2,-1,-1,2
24052197,48,25,-1,-1,1
24057184,13,28,-1,-1,7
24056478,17,7,-1,-1,5
24056514,17,48,-1,-1,0
24053001,55,15,-1,-1,3
24054537,13,58,-1,-1,2
24052242,53,57,-1,-1,1
24054989,47,34,-1,-1,7
24052486,28,6,-1,-1,7
24055208,3,2,-1,-1,1
24054171,33,7,-1,-1,7
24055422,11,48,-1,-1,1
24055340,46,13,-1,-1,0
24057333,8,10,-1,-1,3
24054010,13,15,-1,-1,5
24057010,38,52,-1,-1,1
24051729,21,20,-1,-1,6
24052563,3,31,-1,-1,1
24055707,16,13,-1,-1,3
24054239,35,32,-1,-1,7
24057324,4,31,-1,-1,2
24054020,32,42,-1,-1,3
24057322,35,2,-1,-1,1
24055747,19,28,-1,-1,2
24056328,24,50,-1,-1,3
24055074,43,32,-1,-1,1
24049459,1,33,-1,-1,6
24046300,23,49,-1,-1,1
24056700,33,54,-1,-1,7
24056405,4,25,-1,-1,6
24056319,27,50,-1,-1,1
24056102,40,13,-1,-1,3
24047241,32,32,-1,-1,2
24057499,44,47,-1,-1,6
24056959,11,3,-1,-1,0
24057115,55,7,-1,-1,4
24057473,15,42,-1,-1,7
24052090,55,2,-1,-1,3
24055977,45,34,-1,-1,4
24048053,44,19,-1,-1,5
24056956,16,51,-1,-1,1
24057385,29,24,-1,-1,3
24049448,26,31,-1,-1,2
24049346,16,45,-1,-1,4
24048277,12,17,-1,-1,0
24053036,54,36,-1,-1,6
24055085,12,42,-1,-1,7
24055369,38,35,-1,-1,7
24053739,24,2,-1,-1,5
24056464,8,15,-1,-1,4
24057491,40,56,-1,-1,6
24056750,58,29,-1,-1,6
24046398,2,10,-1,-1,3
24057055,47,8,-1,-1,2
24051784,8,42,-1,-1,6
24056569,47,38,-1,-1,4
24055724,9,25,-1,-1,1
24057364,11,37,-1,-1,0
24054810,51,54,-1,-1,1
24054766,0,45,-1,-1,2
24056380,19,50,-1,-1,2
24057413,38,56,-1,-1,0
24049408,17,50,-1,-1,2
24054016,47,50,-1,-1,2
24056568,48,29,-1,-1,6
24054959,55,31,-1,-1,7
24055305,48,34,-1,-1,0
24047665,33,10,-1,-1,0
24054485,46,23,-1,-1,5
24054802,22,56,-1,-1,5
24056796,40,35,-1,-1,7
24056142,12,21,-1,-1,1
24052985,24,10,-1,-1,5
24044089,1,36,-1,-1,5
24057170,27,20,-1,-1,1
24052213,12,35,-1,-1,3
24055774,56,34,-1,-1,2
24055897,46,43,-1,-1,1
24057534,46,31,-1,-1,0
24052373,51,36,-1,-1,7
24054228,49,32,-1,-1,2
24056186,47,25,-1,-1,3
24057086,15,40,-1,-1,4
24053056,1,20,-1,-1,6
24057393,23,54,-1,-1,3
24057019,42,27,-1,-1,3
24054338,33,11,-1,-1,6
24057079,34,23,-1,-1,1
24050234,3,52,-1,-1,0
24055481,36,39,-1,-1,7
24055944,3,8,-1,-1,7
24051426,58,48,-1,-1,5
24051386,54,55,-1,-1,1
24056169,43,2,-1,-1,1
24053057,57,48,-1,-1,1
24056404,25,20,-1,-1,6
24052301,8,33,-1,-1,1
24057308,36,33,-1,-1,7
24051002,15,28,-1,-1,4
24044072,52,7,-1,-1,0
24055828,38,22,-1,-1,5
24057111,10,39,-1,-1,7
24053986,25,31,-1,-1,1
24053699,9,51,-1,-1,2
24056794,40,18,-1,-1,7
24052816,5,38,-1,-1,7
24052106,2,52,-1,-1,6
24056500,11,15,-1,-1,3
24056387,26,51,-1,-1,3
24053142,34,8,-1,-1,1
24056856,14,20,-1,-1,2
24056141,18,1,-1,-1,7
24046219,47,16,-1,-1,6
24048197,26,37,-1,-1,1
24054653,7,27,-1,-1,4
24054699,50,22,-1,-1,2
24055686,8,36,-1,-1,7
24055798,21,9,-1,-1,7
24056484,7,13,-1,-1,7
24049570,0,3,-1,-1,0
24056873,1,27,-1,-1,1
24053465,23,2,-1,-1,1
24052758,18,9,-1,-1,0
24054911,4,0,-1,-1,6
24053361,0,54,-1,-1,4
24042044,0,43,-1,-1,3
24048784,8,13,-1,-1,4
24055145,44,14,-1,-1,6
24056916,36,10,-1,-1,6
24057068,35,26,-1,-1,1
24055517,45,3,-1,-1,7
24054021,5,30,-1,-1,3
24050512,44,39,-1,-1,2
24051370,23,23,-1,-1,1
24050981,20,16,-1,-1,1
24055080,29,50,-1,-1,3
24052383,13,18,-1,-1,5
24046873,2,15,-1,-1,4
24048019,7,35,-1,-1,4
24057064,39,11,-1,-1,1
24055714,31,29,-1,-1,0
24054052,49,56,-1,-1,2
24056498,17,2,-1,-1,0
24054867,24,21,-1,-1,5
24049791,37,16,-1,-1,6
24053479,28,2,-1,-1,5
24056388,8,55,-1,-1,7
24056868,8,6,-1,-1,0
24057464,21,49,-1,-1,4
24053355,43,55,-1,-1,7
24055825,32,31,-1,-1,0
24055078,52,23,-1,-1,4
24055829,14,36,-1,-1,2
24053536,17,46,-1,-1,0
24053820,3,9,-1,-1,0
24054565,4,24,-1,-1,7
24050636,47,30,-1,-1,6
24046066,15,32,-1,-1,7
24048012,51,13,-1,-1,4
24050379,57,29,-1,-1,5
24057035,38,57,-1,-1,0
24057058,3,53,-1,-1,5
24054596,14,42,-1,-1,6
24056654,13,31,-1,-1,5
24051627,4,14,-1,-1,6
24056814,45,7,-1,-1,6
24056733,8,30,-1,-1,4
24050407,55,0,-1,-1,3
24056708,39,50,-1,-1,3
24048376,23,52,-1,-1,1
24056262,24,17,-1,-1,5
24055528,43,13,-1,-1,5
24057415,15,41,-1,-1,5
24034548,0,46,-1,-1,4
24057002,34,46,-1,-1,4
24053947,33,41,-1,-1,4
24056234,41,31,-1,-1,6
24052626,56,9,-1,-1,3
24057026,50,57,-1,-1,7
24056820,36,54,-1,-1,1
24050583,15,36,-1,-1,7
24054178,49,44,-1,-1,5
24054827,45,22,-1,-1,6
24056584,29,41,-1,-1,5
24047727,58,24,-1,-1,0
24056957,27,35,-1,-1,4
24055608,39,52,-1,-1,6
24053366,4,34,-1,-1,3
24053097,24,39,-1,-1,3
24053994,3,58,-1,-1,2
24051643,53,26,-1,-1,7
24056070,16,46,-1,-1,2
24056300,51,30,-1,-1,1
24055676,19,30,-1,-1,2
24056279,44,12,-1,-1,6
24047280,15,49,-1,-1,7
24056915,39,25,-1,-1,3
24056222,45,36,-1,-1,7
24053201,13,20,-1,-1,1
24056663,3,33,-1,-1,3
24052916,0,49,-1,-1,0
24056704,9,28,-1,-1,1
24053771,20,2,-1,-1,0
24056168,50,28,-1,-1,5
24055791,23,47,-1,-1,5
24051807,28,53,-1,-1,3
24057178,54,27,-1,-1,4
24056393,23,20,-1,-1,7
24055729,18,33,-1,-1,5
24056848,17,41,-1,-1,7
24057276,39,35,-1,-1,6
24048911,54,44,-1,-1,0
24055716,23,38,-1,-1,5
24057299,33,17,-1,-1,4
24053467,24,25,-1,-1,5
24044338,49,8,-1,-1,1
24055613,26,0,-1,-1,6
24057527,1,5,-1,-1,7
24055942,15,55,-1,-1,7
24054599,36,44,-1,-1,4
24052230,12,8,-1,-1,7
24057003,1,1,-1,-1,6
24054777,55,9,-1,-1,6
24052754,23,55,-1,-1,6
24055919,24,47,-1,-1,7
24050943,27,51,-1,-1,6
24057388,33,39,-1,-1,0
24055654,27,24,-1,-1,5
24053523,38,16,-1,-1,7
24057462,33,6,-1,-1,3
24051628,50,2,-1,-1,2
24055041,1,48,-1,-1,7
24055160,7,44,-1,-1,5
24055988,24,35,-1,-1,3
24055295,9,24,-1,-1,3
24056176,32,12,-1,-1,2
24057157,41,45,-1,-1,3
24056396,54,23,-1,-1,0
24057137,32,23,-1,-1,6
24056877,58,25,-1,-1,5
24054956,25,25,-1,-1,0
24053231,57,30,-1,-1,5
24050492,34,16,-1,-1,4
24050563,21,1,-1,-1,7
24052191,32,29,-1,-1,4
24054223,10,53,-1,-1,5
24050513,53,42,-1,-1,0
24055794,37,43,-1,-1,3
24049258,49,11,-1,-1,0
24050595,51,43,-1,-1,5
24057530,24,26,-1,-1,3
24052715,54,29,-1,-1,4
24054120,39,51,-1,-1,4
24051175,52,16,-1,-1,3
24056422,30,21,-1,-1,5
24054459,34,39,-1,-1,3
24055807,57,36,-1,-1,5
24054460,15,50,-1,-1,6
24057057,53,56,-1,-1,0
24051406,1,38,-1,-1,6
24055980,50,16,-1,-1,0
24057260,53,44,-1,-1,7
24055212,24,19,-1,-1,2
24053284,34,17,-1,-1,0
24052615,56,29,-1,-1,3
24057325,50,41,-1,-1,3
24040713,47,21,-1,-1,7
24056156,40,40,-1,-1,3
24053000,41,9,-1,-1,5
24053978,25,33,-1,-1,4
24055670,53,36,-1,-1,4
24056115,35,4,-1,-1,5
24056252,24,3,-1,-1,4
24056636,30,39,-1,-1,5
24056945,19,19,-1,-1,1
24049889,52,35,-1,-1,7
24057478,16,48,-1,-1,6
24051459,45,10,-1,-1,4
24048821,47,57,-1,-1,7
24045466,13,25,-1,-1,3
24050822,39,1,-1,-1,4
24057372,41,16,-1,-1,0
24051413,12,50,-1,-1,4
24056103,38,23,-1,-1,2
24055093,47,55,-1,-1,3
24056615,29,13,-1,-1,7
24057130,28,54,-1,-1,1
24054862,12,57,-1,-1,5
24055749,38,9,-1,-1,3
24057476,39,23,-1,-1,7
24055390,17,20,-1,-1,5
24053993,50,44,-1,-1,4
24055866,52,6,-1,-1,5
24047135,19,18,-1,-1,7
24056683,17,31,-1,-1,6
24057048,3,12,-1,-1,2
24057268,37,34,-1,-1,7
24056430,41,30,-1,-1,6
24057373,16,11,-1,-1,7
24054149,16,3,-1,-1,1
24057103,11,34,-1,-1,4
24057309,50,58,-1,-1,6
24055795,26,17,-1,-1,2
24055300,55,57,-1,-1,7
24038215,21,56,-1,-1,7
24056590,54,5,-1,-1,4
24056950,1,44,-1,-1,0
24056671,4,21,-1,-1,3
24057442,53,7,-1,-1,3
24056307,15,58,-1,-1,7
24055471,38,53,-1,-1,6
24038671,30,56,-1,-1,3
24056331,46,26,-1,-1,7
24057426,34,52,-1,-1,1
24054778,56,11,-1,-1,3
24057273,29,30,-1,-1,3
24047090,35,51,-1,-1,3
24054922,15,48,-1,-1,3
24055782,57,38,-1,-1,2
24046683,49,18,-1,-1,5
24057216,55,30,-1,-1,5
24053524,21,28,-1,-1,0
24057179,29,22,-1,-1,5
24052046,30,28,-1,-1,7
24057250,36,47,-1,-1,3
24056470,19,34,-1,-1,0
24051965,6,6,-1,-1,7
24038843,28,56,-1,-1,4
24055417,35,30,-1,-1,3
24048138,23,50,-1,-1,4
24055197,37,35,-1,-1,6
24056913,18,3,-1,-1,3
24050658,6,23,-1,-1,4
24056803,39,57,-1,-1,3
24054575,20,34,-1,-1,2
24050581,25,10,-1,-1,1
24052295,5,52,-1,-1,7
24055106,57,44,-1,-1,3
24054523,3,20,-1,-1,2
24056609,26,10,-1,-1,1
24055596,47,17,-1,-1,5
24056997,42,56,-1,-1,6
24056100,27,40,-1,-1,3
24052169,10,32,-1,-1,4
24055066,7,36,-1,-1,4
24055386,19,12,-1,-1,3
24056487,27,19,-1,-1,7
24052964,37,31,-1,-1,2
24054119,7,7,-1,-1,0
24053149,58,27,-1,-1,0
24056566,33,34,-1,-1,2
24051591,41,1,-1,-1,7
24048895,22,57,-1,-1,3
24053428,7,58,-1,-1,2
24052135,57,39,-1,-1,7
24046716,15,7,-1,-1,1
24057387,5,19,-1,-1,5
24057200,43,53,-1,-1,3
24055938,46,35,-1,-1,0
24049300,40,10,-1,-1,4
24051077,12,56,-1,-1,7
24053070,44,9,-1,-1,1
24057243,50,53,-1,-1,0
24057536,57,42,-1,-1,1
24053755,11,54,-1,-1,0
24055210,47,18,-1,-1,5
24056438,11,42,-1,-1,1
24057176,4,57,-1,-1,7
24054369,38,45,-1,-1,6
24044504,11,9,-1,-1,3
24052545,32,35,-1,-1,5
24046176,39,38,-1,-1,1
24056447,30,1,-1,-1,6
24054602,48,2,-1,-1,3
24056657,28,15,-1,-1,5
24055570,33,38,-1,-1,1
24057294,52,47,-1,-1,7
24056366,9,42,-1,-1,4
24048862,52,38,-1,-1,4
24037792,0,16,-1,-1,4
24056801,39,48,-1,-1,1
24056485,3,50,-1,-1,2
24056775,3,44,-1,-1,1
24044173,13,11,-1,-1,1
24056976,52,1,-1,-1,0
24053397,51,11,-1,-1,3
24054068,57,19,-1,-1,2
24056756,30,22,-1,-1,0
24055250,34,9,-1,-1,1
24053260,23,10,-1,-1,6
24056418,23,46,-1,-1,1
24049515,55,11,-1,-1,6
24056137,8,47,-1,-1,6
24056073,56,14,-1,-1,5
24052413,17,26,-1,-1,6
24055802,52,8,-1,-1,0
24056385,33,5,-1,-1,5
24055031,46,44,-1,-1,4
24055442,13,16,-1,-1,3
24053509,47,27,-1,-1,5
24040526,21,0,-1,-1,2
24053128,32,54,-1,-1,4
24052544,43,40,-1,-1,6
24056506,29,32,-1,-1,2
24047277,16,21,-1,-1,0
24056563,36,17,-1,-1,1
24054568,50,24,-1,-1,0
24055213,44,3,-1,-1,2
24054407,52,56,-1,-1,7
24052603,40,54,-1,-1,1
24054175,20,12,-1,-1,7
24056918,51,55,-1,-1,4
24050344,32,24,-1,-1,6
24047318,4,46,-1,-1,4
24055711,26,41,-1,-1,5
24048917,16,22,-1,-1,4
24056555,16,39,-1,-1,2
24054569,54,28,-1,-1,5
24054219,10,55,-1,-1,3
24055927,47,42,-1,-1,6
24055525,58,37,-1,-1,7
24057252,32,33,-1,-1,6
24048210,20,26,-1,-1,7
24042866,1,52,-1,-1,2
24056352,6,57,-1,-1,5
24054831,58,33,-1,-1,6
24046057,58,3,-1,-1,5
24054958,10,1,-1,-1,4
24057078,18,43,-1,-1,6
24053601,47,26,-1,-1,7
24056627,39,13,-1,-1,0
24056516,46,39,-1,-1,2
24055581,34,45,-1,-1,1
24050289,13,10,-1,-1,2
24046426,18,58,-1,-1,1
24052841,27,55,-1,-1,4
24056360,19,31,-1,-1,4
24056483,58,53,-1,-1,7
24057193,19,27,-1,-1,4
24056505,1,46,-1,-1,1
24052704,43,24,-1,-1,1
24048624,45,49,-1,-1,5
24053667,25,52,-1,-1,3
24055606,56,45,-1,-1,4
24056018,51,53,-1,-1,5
24054606,30,0,-1,-1,2
24052405,13,14,-1,-1,5
24056292,0,20,-1,-1,3
24051928,10,41,-1,-1,3
24055672,36,6,-1,-1,1
24055274,35,5,-1,-1,3
24056157,22,41,-1,-1,0
24054187,26,47,-1,-1,3
24056030,35,0,-1,-1,3
24053905,13,29,-1,-1,6
24056192,39,9,-1,-1,7
24056941,40,58,-1,-1,1
24056383,28,10,-1,-1,5
24055656,29,35,-1,-1,1
24055615,57,17,-1,-1,1
24055867,19,3,-1,-1,5
24056423,29,6,-1,-1,2
24056645,6,37,-1,-1,2
24047437,0,37,-1,-1,2
24054931,41,11,-1,-1,2
24057075,22,16,-1,-1,7
24057513,19,35,-1,-1,1
24056993,39,49,-1,-1,1
24045385,49,46,-1,-1,2
24054089,58,41,-1,-1,7
24057289,16,40,-1,-1,2
24056792,10,36,-1,-1,6
24055720,23,27,-1,-1,3
24057423,41,28,-1,-1,7
24055479,21,48,-1,-1,7
24057054,29,42,-1,-1,4
24057155,6,16,-1,-1,3
24056308,45,16,-1,-1,1
24051930,5,23,-1,-1,7
24052557,35,22,-1,-1,5
24057162,6,29,-1,-1,2
24054974,2,38,-1,-1,4
24056299,12,36,-1,-1,3
24052699,3,0,-1,-1,6
24050458,53,40,-1,-1,3
24052992,17,51,-1,-1,7
24056559,45,38,-1,-1,5
24056034,18,12,-1,-1,4
24057345,51,18,-1,-1,3
24049878,49,5,-1,-1,0
24050564,35,38,-1,-1,1
24056160,2,56,-1,-1,2
24051326,55,49,-1,-1,7
24051580,32,58,-1,-1,2
24053946,52,14,-1,-1,4
24055883,32,50,-1,-1,2
24057360,48,53,-1,-1,0
24055914,11,39,-1,-1,0
24055534,5,25,-1,-1,2
24057457,40,6,-1,-1,3
24046359,44,13,-1,-1,7
24056653,40,42,-1,-1,4
24054639,37,12,-1,-1,3
24056321,31,7,-1,-1,2
24054588,15,45,-1,-1,3
24054050,51,4,-1,-1,7
24057021,4,13,-1,-1,4
24056998,26,48,-1,-1,0
24054623,1,6,-1,-1,4
24057304,30,54,-1,-1,2
24047975,5,33,-1,-1,3
24057116,56,26,-1,-1,4
24054075,42,57,-1,-1,7
24040448,58,55,-1,-1,0
24048253,17,3,-1,-1,0
24054312,17,18,-1,-1,4
24057145,9,43,-1,-1,1
24052159,50,31,-1,-1,7
24057283,36,25,-1,-1,1
24050103,25,21,-1,-1,6
24056013,20,22,-1,-1,6
24056150,42,19,-1,-1,5
24055589,23,25,-1,-1,2
24055639,13,40,-1,-1,4
24051369,40,30,-1,-1,2
24052747,24,48,-1,-1,0
24054272,42,9,-1,-1,1
24054184,48,39,-1,-1,1
24056155,0,21,-1,-1,0
24054636,10,15,-1,-1,2
24045930,16,7,-1,-1,2
24056101,36,41,-1,-1,3
24054388,45,20,-1,-1,5
24046073,19,46,-1,-1,1
24057101,55,17,-1,-1,7
24054039,17,23,-1,-1,3
24057093,31,34,-1,-1,7
24049703,5,28,-1,-1,1
24055837,53,46,-1,-1,6
24057258,38,30,-1,-1,1
24053003,9,50,-1,-1,6
24053791,29,3,-1,-1,4
24056130,4,53,-1,-1,3
24057348,31,8,-1,-1,7
24044600,2,7,-1,-1,2
24054384,21,17,-1,-1,6
24056027,33,14,-1,-1,6
24054844,44,10,-1,-1,6
24049747,58,54,-1,-1,4
24054667,52,12,-1,-1,2
24053813,1,30,-1,-1,0
24055669,7,43,-1,-1,3
24055892,47,51,-1,-1,2
24056875,43,22,-1,-1,4
24057004,49,35,-1,-1,6
24054306,39,45,-1,-1,2
24047933,24,52,-1,-1,1
24055512,39,40,-1,-1,1
24053929,16,35,-1,-1,2
24055056,11,58,-1,-1,2
24057439,46,36,-1,-1,6
24055737,41,7,-1,-1,6
24057166,58,43,-1,-1,6
24055244,3,10,-1,-1,5
24054838,4,47,-1,-1,6
24056198,14,14,-1,-1,7
24057446,54,24,-1,-1,1
24054849,21,23,-1,-1,0
24048756,49,22,-1,-1,4
24052872,22,46,-1,-1,1
24053317,10,10,-1,-1,2
24056020,14,35,-1,-1,1
24057143,16,49,-1,-1,5
24052670,7,38,-1,-1,6
24054466,0,27,-1,-1,3
24051395,39,36,-1,-1,1
24057186,23,9,-1,-1,5
24050237,5,50,-1,-1,4
24052652,39,27,-1,-1,6
24046287,17,9,-1,-1,7
24050605,35,23,-1,-1,0
24051743,49,58,-1,-1,2
24055076,6,58,-1,-1,2
24056449,6,9,-1,-1,1
24051558,1,25,-1,-1,7
24056510,27,0,-1,-1,2
24056905,42,53,-1,-1,5
24052503,5,48,-1,-1,5
24052482,46,46,-1,-1,1
24056301,6,17,-1,-1,4
24053596,11,36,-1,-1,2
24054285,46,21,-1,-1,5
24056608,50,38,-1,-1,3
24056336,42,50,-1,-1,1
24056989,19,22,-1,-1,3
24054499,15,8,-1,-1,3
24053177,25,54,-1,-1,1
24053494,9,10,-1,-1,6
24055607,31,30,-1,-1,1
24055048,18,31,-1,-1,6
24056281,23,14,-1,-1,7
24045278,44,25,-1,-1,5
24057331,18,24,-1,-1,0
24055214,16,31,-1,-1,2
24057323,16,43,-1,-1,5
24050436,19,29,-1,-1,1
24055563,22,35,-1,-1,1
24051679,55,50,-1,-1,2
24055131,49,26,-1,-1,5
24049781,19,47,-1,-1,5
24052853,51,7,-1,-1,0
24055234,4,29,-1,-1,1
24055898,45,33,-1,-1,4
24055625,51,51,-1,-1,2
24054348,34,24,-1,-1,1
24056846,50,18,-1,-1,2
24050795,3,25,-1,-1,2
24043356,49,54,-1,-1,2
24054919,56,42,-1,-1,5
24054791,0,4,-1,-1,0
24057386,36,24,-1,-1,6
24056673,19,5,-1,-1,2
24055679,42,38,-1,-1,0
24056332,41,18,-1,-1,4
24056681,35,52,-1,-1,7
24056119,11,46,-1,-1,0
24054190,36,31,-1,-1,4
24056325,6,2,-1,-1,2
24057199,37,7,-1,-1,1
24056979,27,30,-1,-1,7
24055150,46,48,-1,-1,7
24051613,35,33,-1,-1,3
24054742,10,31,-1,-1,2
24057344,11,51,-1,-1,2
24056852,42,54,-1,-1,7
24053603,4,35,-1,-1,7
24048117,53,25,-1,-1,7
24054724,9,57,-1,-1,3
24056467,33,27,-1,-1,6
24050839,4,19,-1,-1,5
24049259,17,55,-1,-1,0
24055288,22,0,-1,-1,2
24056665,6,44,-1,-1,7
24055185,49,24,-1,-1,7
24056688,7,40,-1,-1,6
24047901,54,35,-1,-1,2
24057131,9,26,-1,-1,2
24051017,26,22,-1,-1,2
24055899,48,55,-1,-1,2
24056461,31,50,-1,-1,5
24055660,25,18,-1,-1,0
24053384,32,28,-1,-1,3
24052112,54,2,-1,-1,0
24052320,30,3,-1,-1,1
24051088,13,21,-1,-1,2
24053268,13,9,-1,-1,2
24055211,8,0,-1,-1,2
24053364,25,49,-1,-1,6
24050587,53,13,-1,-1,3
24052085,16,58,-1,-1,2
24054737,37,39,-1,-1,7
24056986,22,9,-1,-1,1
24054125,41,17,-1,-1,6
24053681,22,40,-1,-1,1
24055132,6,46,-1,-1,7
24053704,52,19,-1,-1,3
24055372,11,26,-1,-1,0
24049290,44,48,-1,-1,0
24054705,20,51,-1,-1,4
24056406,52,54,-1,-1,5
24055502,50,27,-1,-1,6
24052445,0,12,-1,-1,1
24056844,26,4,-1,-1,0
24054309,18,50,-1,-1,6
24053444,7,54,-1,-1,2
24057342,12,47,-1,-1,4
24048096,48,18,-1,-1,3
24055377,3,28,-1,-1,5
24052798,6,53,-1,-1,6
24056345,45,37,-1,-1,5
24057163,11,45,-1,-1,5
24051131,25,47,-1,-1,5
24053882,46,58,-1,-1,7
24056346,42,45,-1,-1,6
24057335,3,48,-1,-1,5
24056793,50,51,-1,-1,6
24057008,13,24,-1,-1,4
24051982,2,49,-1,-1,6
24055172,1,53,-1,-1,0
24051785,16,18,-1,-1,1
24051096,11,31,-1,-1,3
24054985,18,27,-1,-1,0
24053521,42,25,-1,-1,5
24055448,33,47,-1,-1,6
24057046,12,55,-1,-1,1
24054375,27,25,-1,-1,0
24057356,32,10,-1,-1,5
24057419,20,13,-1,-1,2
24055567,5,44,-1,-1,1
24053492,19,7,-1,-1,0
24053728,25,12,-1,-1,3
24057495,37,44,-1,-1,5
24052760,48,38,-1,-1,5
24052605,50,11,-1,-1,4
24053256,58,7,-1,-1,4
24043411,4,22,-1,-1,3
24055936,57,9,-1,-1,3
24055473,44,43,-1,-1,1
24054423,15,44,-1,-1,3
24054622,53,35,-1,-1,5
24054303,57,43,-1,-1,6
24041305,44,58,-1,-1,2
24056805,1,10,-1,-1,6
24050639,29,1,-1,-1,6
24056597,28,30,-1,-1,0
24052356,44,15,-1,-1,7
24053903,26,50,-1,-1,1
24056479,8,27,-1,-1,3
24056269,3,15,-1,-1,4
24056923,7,1,-1,-1,0
24055496,31,23,-1,-1,1
24050339,17,47,-1,-1,5
24049343,7,24,-1,-1,5
24056381,26,5,-1,-1,1
24057031,8,58,-1,-1,2
24048265,8,32,-1,-1,0
24057408,36,32,-1,-1,1
24052719,28,5,-1,-1,3
24056260,15,51,-1,-1,1
24056737,25,8,-1,-1,7
24056481,29,25,-1,-1,1
24045045,5,11,-1,-1,3
24052600,52,46,-1,-1,2
24051885,36,42,-1,-1,7
24056344,1,42,-1,-1,6
24057219,16,23,-1,-1,0
24056835,13,45,-1,-1,0
24050780,47,22,-1,-1,1
24056459,40,22,-1,-1,6
24050295,16,27,-1,-1,3
24054025,35,25,-1,-1,6
24057484,25,42,-1,-1,0
24051199,44,1,-1,-1,4
24056781,22,34,-1,-1,4
24057245,22,36,-1,-1,7
24057015,4,8,-1,-1,5
24056567,5,46,-1,-1,6
24056955,21,37,-1,-1,0
24051753,50,3,-1,-1,2
24056932,36,34,-1,-1,2
24051433,58,0,-1,-1,6
24056678,28,44,-1,-1,4
24054415,48,8,-1,-1,5
24055394,5,55,-1,-1,2
24054968,48,52,-1,-1,2
24055819,54,14,-1,-1,7
24057540,16,47,-1,-1,6
24056354,28,26,-1,-1,0
24056139,44,29,-1,-1,3
24055520,1,7,-1,-1,6
24051789,48,43,-1,-1,7
24057301,52,15,-1,-1,0
24056340,43,10,-1,-1,4
24057377,14,29,-1,-1,6
24056638,38,49,-1,-1,1
24056549,28,17,-1,-1,5
24055648,58,56,-1,-1,0
24056544,42,3,-1,-1,5
24052501,20,4,-1,-1,6
24057424,36,37,-1,-1,2
24055323,8,34,-1,-1,3
24057443,38,26,-1,-1,3
24047973,58,22,-1,-1,0
24057441,14,37,-1,-1,0
24055107,57,14,-1,-1,3
24055764,53,11,-1,-1,7
24055784,27,37,-1,-1,5
24057248,37,3,-1,-1,3
24052282,32,18,-1,-1,0
24047816,11,10,-1,-1,2
24051744,58,44,-1,-1,0
24055311,25,35,-1,-1,6
24054859,15,27,-1,-1,3
24055621,33,30,-1,-1,5
24050249,4,40,-1,-1,0
24051977,29,43,-1,-1,2
24052832,12,37,-1,-1,7
24052518,40,28,-1,-1,6
24051441,2,34,-1,-1,3
24055702,28,32,-1,-1,2
24057515,34,36,-1,-1,4
24049808,6,8,-1,-1,0
24054007,34,25,-1,-1,6
24056742,31,40,-1,-1,3
24056249,51,15,-1,-1,0
24052215,51,50,-1,-1,6
24057305,36,49,-1,-1,6
24056434,14,8,-1,-1,5
24057038,8,14,-1,-1,2
24055365,28,27,-1,-1,5
24054700,54,42,-1,-1,6
24057334,30,36,-1,-1,4
24055933,7,39,-1,-1,6
24057113,48,42,-1,-1,5
24048927,18,47,-1,-1,1
24054536,36,19,-1,-1,4
24055979,39,20,-1,-1,7
24053490,52,10,-1,-1,3
24056692,39,26,-1,-1,7
24051536,1,28,-1,-1,6
24056771,48,26,-1,-1,6
24054991,15,52,-1,-1,5
24056910,38,54,-1,-1,0
24054461,12,22,-1,-1,1
24050886,8,25,-1,-1,6
24056243,56,39,-1,-1,4
24053009,38,6,-1,-1,4
24051831,55,58,-1,-1,1
24054019,58,18,-1,-1,0
24055297,25,34,-1,-1,6
24055742,28,33,-1,-1,7
24054398,36,30,-1,-1,5
24054657,27,4,-1,-1,4
24057363,52,49,-1,-1,0
24056967,22,38,-1,-1,4
24055871,35,15,-1,-1,0
24056984,47,37,-1,-1,3
24056023,5,3,-1,-1,2
24048161,8,50,-1,-1,5
24048914,40,41,-1,-1,0
24054987,51,2,-1,-1,3
24054408,24,6,-1,-1,5
24055875,14,18,-1,-1,2
24057444,39,5,-1,-1,2
24057013,57,18,-1,-1,2
24056364,8,44,-1,-1,1
24051838,36,38,-1,-1,2
24055809,22,7,-1,-1,0
24057524,12,58,-1,-1,2
24057240,16,41,-1,-1,2
24054156,5,5,-1,-1,7
24057370,35,45,-1,-1,0
24053635,9,12,-1,-1,0
24055169,54,8,-1,-1,7
24052444,18,20,-1,-1,7
24056722,3,39,-1,-1,0
24057136,18,2,-1,-1,5
24055597,55,27,-1,-1,4
24056372,34,6,-1,-1,5
24055758,36,29,-1,-1,2
24052700,21,22,-1,-1,7
24056338,17,16,-1,-1,2
24056105,12,53,-1,-1,5
24051550,7,51,-1,-1,0
24056572,39,37,-1,-1,0
24055430,0,31,-1,-1,3
24056963,49,7,-1,-1,0
24056679,25,3,-1,-1,4
24052011,57,1,-1,-1,3
24056543,31,10,-1,-1,7
24053503,36,9,-1,-1,0
24057018,26,40,-1,-1,6
24057027,47,5,-1,-1,6
24057501,29,37,-1,-1,4
24050219,9,22,-1,-1,6
24052905,15,10,-1,-1,3
24052867,48,35,-1,-1,0
24053076,47,2,-1,-1,5
24056613,5,34,-1,-1,7
24053457,40,31,-1,-1,2
24053157,9,8,-1,-1,6
24055217,27,2,-1,-1,2
24052634,58,58,-1,-1,0
24057208,35,49,-1,-1,0
24053271,39,56,-1,-1,0
24056526,56,19,-1,-1,5
24055521,46,1,-1,-1,4
24055727,11,47,-1,-1,5
24054071,57,41,-1,-1,1
24055500,19,42,-1,-1,0
24051508,14,24,-1,-1,2
24054597,52,50,-1,-1,1
24056084,37,47,-1,-1,5
24057337,23,13,-1,-1,3
24053480,7,25,-1,-1,7
24055552,18,53,-1,-1,1
24053851,11,50,-1,-1,2
24057177,1,29,-1,-1,0
24051882,38,42,-1,-1,0
24054960,56,4,-1,-1,0
24054630,11,24,-1,-1,7
24053744,8,53,-1,-1,1
24054858,15,46,-1,-1,5
24055998,25,27,-1,-1,2
24054883,53,54,-1,-1,0
24051310,5,13,-1,-1,0
24056804,42,39,-1,-1,0
24050705,35,18,-1,-1,2
24053735,1,41,-1,-1,3
24054294,56,47,-1,-1,7
24056677,47,53,-1,-1,2
24055790,34,38,-1,-1,7
24047843,50,15,-1,-1,3
24057041,5,15,-1,-1,6
24042810,41,53,-1,-1,0
24052638,33,1,-1,-1,6
24052756,23,7,-1,-1,1
24052393,26,57,-1,-1,7
24056623,1,19,-1,-1,2
24056329,2,18,-1,-1,5
24055170,14,1,-1,-1,0
24056838,7,50,-1,-1,0
24056961,54,25,-1,-1,2
24052856,58,38,-1,-1,4
24055272,2,39,-1,-1,1
24054255,10,46,-1,-1,2
24050689,44,45,-1,-1,2
24055694,58,30,-1,-1,0
24056373,22,30,-1,-1,4
24057209,24,42,-1,-1,2
24053683,23,36,-1,-1,1
24054581,18,34,-1,-1,7
24057251,29,46,-1,-1,5
24056790,32,45,-1,-1,5
24053379,14,10,-1,-1,1
24053889,40,26,-1,-1,0
24057461,22,15,-1,-1,7
24055034,37,51,-1,-1,4
24046361,58,28,-1,-1,0
24055652,23,4,-1,-1,5
24054668,18,28,-1,-1,3
24051972,38,41,-1,-1,7
24052772,52,9,-1,-1,2
24054719,25,55,-1,-1,1
24056858,24,22,-1,-1,7
24054659,8,21,-1,-1,1
24056881,9,55,-1,-1,0
24051994,2,21,-1,-1,6
24056032,24,51,-1,-1,5
24050378,8,19,-1,-1,6
24057469,17,33,-1,-1,1
24053836,7,0,-1,-1,6
24054196,41,54,-1,-1,5
24053692,53,43,-1,-1,7
24053251,38,47,-1,-1,0
24055834,24,53,-1,-1,3
24057142,17,22,-1,-1,7
24055043,53,27,-1,-1,0
24056220,7,33,-1,-1,7
24056182,22,37,-1,-1,6
24051552,31,41,-1,-1,4
24054334,53,34,-1,-1,6
24052739,50,26,-1,-1,4
24056529,27,15,-1,-1,0
24053972,10,16,-1,-1,5
24047057,40,14,-1,-1,0
24052540,45,25,-1,-1,4
24044907,6,7,-1,-1,4
24042880,43,19,-1,-1,1
24057133,36,35,-1,-1,5
24057249,6,38,-1,-1,7
24051042,28,47,-1,-1,5
24055754,29,5,-1,-1,2
24055811,13,57,-1,-1,1
24056386,37,52,-1,-1,5
24056687,3,57,-1,-1,4
24054768,31,14,-1,-1,7
24054530,29,18,-1,-1,0
24053679,57,56,-1,-1,6
24056247,42,35,-1,-1,5
24054476,44,6,-1,-1,4
24052456,26,29,-1,-1,3
24055171,53,1,-1,-1,3
24056782,30,13,-1,-1,2
24055005,33,28,-1,-1,0
24053235,30,45,-1,-1,5
24049135,52,42,-1,-1,3
24057414,6,40,-1,-1,0
24055700,24,0,-1,-1,6
24055594,54,50,-1,-1,3
24054728,34,58,-1,-1,6
24057213,25,23,-1,-1,6
24047828,10,27,-1,-1,7
24055863,4,41,-1,-1,5
24053041,3,42,-1,-1,1
24056849,4,36,-1,-1,1
24054950,14,55,-1,-1,2
24056007,56,49,-1,-1,3
24055367,43,43,-1,-1,4
24055569,16,30,-1,-1,6
24057005,24,12,-1,-1,4
24056489,30,15,-1,-1,6
24049350,30,5,-1,-1,6
24055091,26,7,-1,-1,1
24053797,34,50,-1,-1,7
24054927,48,41,-1,-1,6
24056106,14,38,-1,-1,0
24054246,16,8,-1,-1,0
24038453,40,1,-1,-1,7
24056759,41,46,-1,-1,6
24054969,0,56,-1,-1,1
24054863,20,19,-1,-1,2
24056592,38,40,-1,-1,1
24057106,34,26,-1,-1,3
24050909,40,46,-1,-1,6
24056884,31,19,-1,-1,1
24057164,30,20,-1,-1,5
24054079,28,22,-1,-1,4
24054512,19,37,-1,-1,1
24057281,31,45,-1,-1,5
24053335,32,8,-1,-1,5
24053967,17,12,-1,-1,1
24055287,38,4,-1,-1,1
24057410,50,7,-1,-1,5
24055822,39,28,-1,-1,1
24054694,23,18,-1,-1,0
24053546,37,36,-1,-1,5
24054875,51,25,-1,-1,6
24051898,58,15,-1,-1,5
24054981,37,22,-1,-1,3
24053308,5,9,-1,-1,5
24052432,39,33,-1,-1,5
24054920,25,7,-1,-1,6
24054988,21,14,-1,-1,2
24055410,52,5,-1,-1,2
24042032,30,51,-1,-1,2
24056900,19,48,-1,-1,0
24054319,27,16,-1,-1,0
24056810,16,44,-1,-1,4
24057400,14,13,-1,-1,2
24054502,40,4,-1,-1,6
24056987,38,36,-1,-1,6
24057192,18,30,-1,-1,1
24053848,7,2,-1,-1,6
24054865,43,15,-1,-1,5
24057063,12,20,-1,-1,3
24057349,49,42,-1,-1,3
24056111,53,39,-1,-1,5
24055173,31,32,-1,-1,7
24041823,37,0,-1,-1,6
24054994,37,49,-1,-1,5
24057265,42,8,-1,-1,5
24056745,45,18,-1,-1,5
24050127,38,2,-1,-1,3
24053376,49,53,-1,-1,2
24054491,30,26,-1,-1,4
24056450,49,3,-1,-1,2
24056466,56,56,-1,-1,7
24055627,9,7,-1,-1,5
24050102,58,20,-1,-1,5
24056177,10,8,-1,-1,6
24048441,10,50,-1,-1,7
24048382,25,24,-1,-1,6
24057084,57,8,-1,-1,3
24054069,42,2,-1,-1,1
24057427,8,39,-1,-1,6
24043251,47,4,-1,-1,1
24054839,42,30,-1,-1,5
24052820,12,32,-1,-1,7
24051372,27,3,-1,-1,5
24056429,48,23,-1,-1,2
24055905,44,21,-1,-1,6
24053890,24,57,-1,-1,7
24055335,28,51,-1,-1,3
24056780,29,4,-1,-1,0
24054487,18,32,-1,-1,3
24057225,30,11,-1,-1,0
24053378,50,43,-1,-1,1
24056507,29,48,-1,-1,1
24056010,50,14,-1,-1,2
24057307,6,45,-1,-1,2
24057449,27,22,-1,-1,6
24053226,35,56,-1,-1,6
24057234,10,18,-1,-1,1
24055922,41,47,-1,-1,2
24055316,12,23,-1,-1,0
24045529,52,0,-1,-1,2
24049620,16,26,-1,-1,0
24056397,46,40,-1,-1,7
24049841,42,0,-1,-1,2
24054043,16,6,-1,-1,5
24046829,9,23,-1,-1,3
24052536,51,34,-1,-1,1
24051901,22,18,-1,-1,2
24055719,9,16,-1,-1,0
24056425,29,17,-1,-1,0
24054288,5,22,-1,-1,4
24052232,30,43,-1,-1,6
24057160,18,14,-1,-1,2
24056926,53,45,-1,-1,1
24054202,3,14,-1,-1,2
24057073,6,31,-1,-1,2
24057392,1,40,-1,-1,2
24056532,12,29,-1,-1,4
24057412,47,58,-1,-1,7
24056925,41,58,-1,-1,2
24057403,57,50,-1,-1,5
24056964,34,53,-1,-1,7
24057141,25,22,-1,-1,4
24057291,25,56,-1,-1,0
24052797,38,12,-1,-1,2
24053809,57,46,-1,-1,2
24055425,45,19,-1,-1,7
24055433,19,38,-1,-1,5
24054823,44,34,-1,-1,4
24054140,4,52,-1,-1,5
24055690,28,46,-1,-1,3
24053136,35,19,-1,-1,1
24054541,49,36,-1,-1,5
24053926,25,13,-1,-1,1
24056465,26,34,-1,-1,5
24056985,55,40,-1,-1,5
24056675,8,37,-1,-1,7
24056585,45,57,-1,-1,3
24056043,57,51,-1,-1,3
24057212,32,19,-1,-1,5
24046588,7,56,-1,-1,2
24054779,41,39,-1,-1,1
24051253,2,23,-1,-1,4
24057214,27,31,-1,-1,3
24050916,38,21,-1,-1,2
24051317,54,37,-1,-1,1
24057227,54,53,-1,-1,1
24056577,45,50,-1,-1,6
24055910,29,27,-1,-1,0
24055443,9,30,-1,-1,0
24055242,56,24,-1,-1,0
24056488,51,3,-1,-1,4
24052560,15,1,-1,-1,4
24050280,26,23,-1,-1,3
24056367,38,51,-1,-1,6
24055436,33,55,-1,-1,4
24056026,29,7,-1,-1,2
24055239,26,26,-1,-1,7
24053941,30,53,-1,-1,1
24053318,33,9,-1,-1,5
24056833,47,39,-1,-1,3
24056401,57,7,-1,-1,3
24055193,43,20,-1,-1,5
24055943,44,37,-1,-1,2
24055638,43,14,-1,-1,3
24057109,1,51,-1,-1,0
24045404,34,27,-1,-1,0
24047572,46,17,-1,-1,7
24052038,1,2,-1,-1,5
24051390,10,47,-1,-1,1
24050853,15,4,-1,-1,2
24057425,34,43,-1,-1,6
24053881,57,26,-1,-1,6
24056006,49,25,-1,-1,6
24056818,8,38,-1,-1,3
24055614,15,26,-1,-1,2
24057149,11,13,-1,-1,3
24055741,7,32,-1,-1,7
24042163,43,4,-1,-1,2
24026429,34,31,-1,-1,1
24053826,15,25,-1,-1,5
24051111,37,6,-1,-1,4
24056874,54,45,-1,-1,3
24052865,39,39,-1,-1,1
24055852,35,53,-1,-1,3
24055740,40,37,-1,-1,3
24056768,45,30,-1,-1,6
24056711,58,19,-1,-1,7
24053980,27,28,-1,-1,2
24052201,16,19,-1,-1,3
24044394,7,28,-1,-1,1
24049507,11,25,-1,-1,4
24054758,15,34,-1,-1,1
24057525,46,33,-1,-1,1
24054151,34,22,-1,-1,2
24054853,9,40,-1,-1,2
24043136,41,56,-1,-1,6
24041533,12,3,-1,-1,6
24057526,37,11,-1,-1,0
24037866,45,43,-1,-1,2
24056714,24,33,-1,-1,3
24056099,35,50,-1,-1,3
24054896,9,11,-1,-1,6
24046466,4,18,-1,-1,2
24056702,46,16,-1,-1,4
24054074,17,35,-1,-1,0
24056822,6,12,-1,-1,4
24056705,11,43,-1,-1,0
24053443,29,55,-1,-1,6
24057028,10,30,-1,-1,6
24057247,35,3,-1,-1,5
24048929,46,57,-1,-1,7
24054590,44,20,-1,-1,3
24046988,55,3,-1,-1,6
24047261,35,7,-1,-1,0
24055668,5,40,-1,-1,6
24049624,9,29,-1,-1,2
24055968,52,13,-1,-1,2
24057127,26,43,-1,-1,0
24044455,13,17,-1,-1,5
24054226,26,33,-1,-1,1
24044818,17,8,-1,-1,6
24054598,29,8,-1,-1,1
24056725,27,45,-1,-1,6
24053585,43,12,-1,-1,4
24056296,13,19,-1,-1,5
24057124,24,38,-1,-1,6
24053638,46,8,-1,-1,0
24056297,20,53,-1,-1,5
24056583,46,56,-1,-1,5
24054396,0,15,-1,-1,0
24051250,20,1,-1,-1,4
24053702,36,36,-1,-1,5
24056316,38,20,-1,-1,1
24055400,51,42,-1,-1,2
24053305,29,34,-1,-1,4
24056821,38,11,-1,-1,5
24048705,27,53,-1,-1,2
24056172,29,38,-1,-1,7
24055665,41,25,-1,-1,5
24057434,47,10,-1,-1,7
24051309,10,21,-1,-1,6
24043056,2,2,-1,-1,5
24056038,18,7,-1,-1,0
24053152,17,17,-1,-1,2
24056129,38,28,-1,-1,0
24052161,0,53,-1,-1,2
24051136,39,19,-1,-1,3
24056840,18,6,-1,-1,2
24054279,54,41,-1,-1,4
24044988,50,20,-1,-1,7
24057293,34,1,-1,-1,0
24055835,20,55,-1,-1,3
24055138,45,12,-1,-1,7
24056882,50,45,-1,-1,4
24051664,44,54,-1,-1,3
24051759,56,51,-1,-1,7
24057197,46,10,-1,-1,4
24047299,24,16,-1,-1,4
24054836,32,16,-1,-1,0
24048675,58,13,-1,-1,6
24057486,47,31,-1,-1,3
24052712,8,43,-1,-1,5
24053197,4,30,-1,-1,0
24055582,34,19,-1,-1,4
24055515,45,44,-1,-1,6
24056656,38,24,-1,-1,5
24050242,29,39,-1,-1,5
24056520,16,53,-1,-1,6
24055508,23,45,-1,-1,5
24053409,0,25,-1,-1,3
24054155,58,50,-1,-1,0
24050274,38,48,-1,-1,1
24045596,21,7,-1,-1,5
24045623,4,42,-1,-1,4
24055263,42,12,-1,-1,6
24053985,0,39,-1,-1,3
24050797,11,4,-1,-1,0
24056901,28,35,-1,-1,3
24054341,21,44,-1,-1,6
24056598,27,21,-1,-1,1
24057239,18,54,-1,-1,3
24045297,2,20,-1,-1,2
24057507,43,47,-1,-1,5
24047475,14,5,-1,-1,3
24054908,29,14,-1,-1,7
24056145,11,44,-1,-1,6
24057076,11,33,-1,-1,2
24056646,23,32,-1,-1,2
24054716,18,36,-1,-1,0
24043737,10,44,-1,-1,1
24053963,2,26,-1,-1,0
24044242,10,24,-1,-1,2
24055600,52,39,-1,-1,7
24054574,1,50,-1,-1,1
24055691,54,47,-1,-1,2
24051388,53,16,-1,-1,3
24049289,21,15,-1,-1,2
24056194,56,44,-1,-1,6
24056240,17,19,-1,-1,0
24053844,33,48,-1,-1,6
24055258,11,41,-1,-1,4
24056274,42,37,-1,-1,5
24056399,45,29,-1,-1,7
24056633,18,18,-1,-1,2
24047340,54,10,-1,-1,6
24056827,31,52,-1,-1,0
24054400,28,16,-1,-1,4
24056904,39,47,-1,-1,0
24057487,24,40,-1,-1,5
24052078,54,54,-1,-1,7
24056125,43,50,-1,-1,0
24056754,28,24,-1,-1,2
24055424,9,49,-1,-1,4
24054508,19,56,-1,-1,7
24056672,28,55,-1,-1,2
24056586,20,49,-1,-1,6
24053872,53,55,-1,-1,5
24056831,28,12,-1,-1,1
24054446,55,18,-1,-1,6
24054756,50,49,-1,-1,4
24057409,3,1,-1,-1,5
24056938,21,16,-1,-1,0
24056049,45,47,-1,-1,5
24055362,17,44,-1,-1,7
24050002,46,27,-1,-1,7
24056697,58,49,-1,-1,4
24056893,10,13,-1,-1,7
24055226,22,10,-1,-1,3
24057195,21,45,-1,-1,1
24055920,51,9,-1,-1,3
24056735,45,23,-1,-1,4
24042232,5,12,-1,-1,1
24054743,43,41,-1,-1,1
24056199,44,23,-1,-1,7
24054894,56,57,-1,-1,5
24050201,1,17,-1,-1,1
24047396,57,49,-1,-1,4
24055941,11,30,-1,-1,6
24052481,56,15,-1,-1,1
24052689,13,1,-1,-1,5
24056407,58,8,-1,-1,6
24056428,3,40,-1,-1,2
24057383,41,0,-1,-1,6
24054678,12,51,-1,-1,2
24051941,9,54,-1,-1,0
24056769,18,37,-1,-1,3
24052162,43,39,-1,-1,2
24053334,36,5,-1,-1,5
24057270,6,5,-1,-1,7
24052669,54,4,-1,-1,5
24053254,56,52,-1,-1,2
24053762,35,13,-1,-1,6
24054912,11,6,-1,-1,4
24055444,5,36,-1,-1,4
24055713,30,17,-1,-1,1
24054691,44,56,-1,-1,6
24057125,49,10,-1,-1,6
24055470,50,9,-1,-1,1
24056058,54,57,-1,-1,1
24056816,26,30,-1,-1,4
24057037,26,27,-1,-1,3
24052311,31,17,-1,-1,5
24056710,28,45,-1,-1,2
24057391,52,31,-1,-1,2
24054709,58,45,-1,-1,0
24054473,30,37,-1,-1,3
24056652,54,13,-1,-1,7
24047658,44,8,-1,-1,6
24051498,8,5,-1,-1,5
24055564,13,55,-1,-1,4
24049518,27,26,-1,-1,0
24050107,39,17,-1,-1,5
24055002,26,19,-1,-1,1
24052217,31,49,-1,-1,6
24054290,39,34,-1,-1,0
24056164,43,37,-1,-1,6
24052263,27,6,-1,-1,3
24049129,19,39,-1,-1,2
24051867,48,17,-1,-1,0
24055418,0,36,-1,-1,0
24057042,57,22,-1,-1,1
24057489,43,21,-1,-1,7
24054577,42,7,-1,-1,4
24051337,38,43,-1,-1,5
24054570,38,44,-1,-1,7
24057263,6,22,-1,-1,3
24056890,9,13,-1,-1,2
24056002,11,20,-1,-1,1
24049133,25,19,-1,-1,2
24050423,40,45,-1,-1,4
24055206,54,38,-1,-1,1
24049057,10,52,-1,-1,0
24057287,21,40,-1,-1,3
24054269,38,19,-1,-1,4
24048797,42,21,-1,-1,5
24049715,18,10,-1,-1,3
24053871,51,28,-1,-1,5
24054477,36,40,-1,-1,7
24056337,20,33,-1,-1,1
24041021,11,49,-1,-1,7
24050054,29,57,-1,-1,5
24054055,20,20,-1,-1,1
24056739,32,40,-1,-1,7
24057500,10,0,-1,-1,3
24056605,57,32,-1,-1,3
24054684,43,51,-1,-1,6
24053227,25,29,-1,-1,1
24052838,20,44,-1,-1,1
24049925,0,57,-1,-1,1
24055585,36,28,-1,-1,6
24056313,9,47,-1,-1,5
24053700,14,39,-1,-1,4
24056962,14,46,-1,-1,1
24054753,10,45,-1,-1,1
24049685,24,46,-1,-1,5
24056806,49,40,-1,-1,2
24053751,37,58,-1,-1,1
24054852,15,38,-1,-1,5
24053654,31,55,-1,-1,0
24056807,6,35,-1,-1,5
24054265,51,39,-1,-1,5
24052089,54,7,-1,-1,1
24055772,51,21,-1,-1,0
24054999,57,33,-1,-1,1
24049008,58,5,-1,-1,0
24056647,17,14,-1,-1,1
24055204,12,9,-1,-1,0
24057458,37,28,-1,-1,7
24052843,47,28,-1,-1,5
24056455,5,32,-1,-1,4
24052367,2,53,-1,-1,5
24057229,55,13,-1,-1,2
24053910,25,30,-1,-1,7
24056664,44,17,-1,-1,2
24054488,26,46,-1,-1,3
24046252,6,36,-1,-1,6
24054903,4,32,-1,-1,4
24053568,36,14,-1,-1,3
24052955,20,57,-1,-1,1
24050812,7,11,-1,-1,5
24056594,12,11,-1,-1,4
24053100,2,6,-1,-1,4
24048008,55,26,-1,-1,6
24053362,48,58,-1,-1,0
24057518,18,41,-1,-1,0
24056975,36,48,-1,-1,7
24055750,12,18,-1,-1,5
24056843,3,24,-1,-1,5
24056183,37,20,-1,-1,3
24047312,4,49,-1,-1,0
24057085,12,12,-1,-1,4
24056008,41,21,-1,-1,1
24054510,6,32,-1,-1,3
24056895,43,5,-1,-1,6
24054549,14,52,-1,-1,5
24049992,13,2,-1,-1,3
24054421,34,47,-1,-1,0
24049911,49,52,-1,-1,5
24057365,55,36,-1,-1,0
24050716,36,58,-1,-1,2
24057396,39,31,-1,-1,2
24056607,13,49,-1,-1,5
24054739,14,44,-1,-1,1
24052244,40,8,-1,-1,6
24057081,48,11,-1,-1,1
24055857,52,41,-1,-1,2
24048457,39,58,-1,-1,2
24053109,33,50,-1,-1,1
24054308,47,15,-1,-1,7
24048068,18,46,-1,-1,1
24056776,30,19,-1,-1,0
24056992,12,41,-1,-1,6
24053181,24,45,-1,-1,7
24042497,22,54,-1,-1,6
24057374,3,19,-1,-1,4
24056876,23,30,-1,-1,3
24049965,2,12,-1,-1,0
24055926,58,6,-1,-1,4
24056390,41,5,-1,-1,1
24053878,6,15,-1,-1,7
24056728,36,52,-1,-1,4
24056885,24,15,-1,-1,1
24052345,36,22,-1,-1,2
24056574,40,21,-1,-1,6
24053323,49,12,-1,-1,7
24056892,57,21,-1,-1,1
24055113,25,14,-1,-1,7
24047606,41,15,-1,-1,3
24057224,9,58,-1,-1,0
24055990,46,50,-1,-1,1
24048837,24,7,-1,-1,5
24056477,4,39,-1,-1,1
24050467,9,18,-1,-1,7
24054834,16,38,-1,-1,1
24056096,6,33,-1,-1,7
24052045,9,36,-1,-1,2
24053460,15,13,-1,-1,1
24052086,14,31,-1,-1,1
24055098,40,16,-1,-1,5
24057416,1,24,-1,-1,4
24053598,2,19,-1,-1,4
24056193,15,6,-1,-1,2
24053474,51,40,-1,-1,7
24056327,28,31,-1,-1,2
24057102,3,35,-1,-1,2
24056228,45,13,-1,-1,6
24053533,17,15,-1,-1,0
24055303,50,42,-1,-1,4
24053991,55,41,-1,-1,6
24055007,26,28,-1,-1,3
24048870,22,48,-1,-1,3
24055081,31,26,-1,-1,0
24048327,47,48,-1,-1,1
24054983,33,58,-1,-1,7
24043935,49,31,-1,-1,1
24049752,14,57,-1,-1,6
24055877,34,55,-1,-1,2
24056245,18,5,-1,-1,0
24057303,22,45,-1,-1,7
24054371,32,52,-1,-1,5
24049010,7,45,-1,-1,1
24052380,56,54,-1,-1,1
24055414,2,41,-1,-1,2
24056161,6,28,-1,-1,1
24049750,18,17,-1,-1,3
24057519,19,6,-1,-1,4
24057483,46,55,-1,-1,1
24055260,16,55,-1,-1,3
24047185,6,10,-1,-1,1
24050881,4,58,-1,-1,2
24052155,13,53,-1,-1,4
24056082,16,36,-1,-1,5
24043648,17,45,-1,-1,1
24056342,34,33,-1,-1,3
24056751,22,42,-1,-1,7
24049923,56,40,-1,-1,1
24057295,17,24,-1,-1,4
24053883,49,20,-1,-1,7
24052353,5,18,-1,-1,1
24053174,25,5,-1,-1,1
24054689,9,45,-1,-1,6
24055647,33,35,-1,-1,5
24057235,34,2,-1,-1,4
24054635,32,3,-1,-1,6
24048851,46,5,-1,-1,6
24056802,33,23,-1,-1,5
24054128,52,40,-1,-1,4
24057290,10,58,-1,-1,1
24055697,26,54,-1,-1,0
24053556,22,26,-1,-1,0
24051968,33,24,-1,-1,4
24056171,37,48,-1,-1,1
24051476,26,8,-1,-1,1
24057217,55,35,-1,-1,5
24057285,22,14,-1,-1,0
24056774,21,12,-1,-1,2
24056747,19,9,-1,-1,6
24057346,3,17,-1,-1,1
24055590,33,56,-1,-1,2
24056391,10,40,-1,-1,2
24054114,6,14,-1,-1,7
24053674,54,6,-1,-1,3
24053621,1,22,-1,-1,7
24055931,43,36,-1,-1,0
24056977,50,0,-1,-1,3
24054266,6,24,-1,-1,1
24057537,47,49,-1,-1,0
24054706,36,27,-1,-1,2
24053399,20,0,-1,-1,3
24055975,30,55,-1,-1,5
24051291,34,3,-1,-1,6
24052911,6,3,-1,-1,5
24056492,48,49,-1,-1,4
24051702,30,7,-1,-1,0
24056001,5,7,-1,-1,0
24051531,39,21,-1,-1,4
24046217,17,58,-1,-1,6
24055354,31,20,-1,-1,6
24051929,21,5,-1,-1,1
24057032,13,42,-1,-1,3
24056907,42,13,-1,-1,0
24051097,32,26,-1,-1,7
24055450,3,18,-1,-1,2
24051847,57,12,-1,-1,5
24041082,5,45,-1,-1,2
24057432,21,57,-1,-1,1
24056676,52,44,-1,-1,7
24044212,48,16,-1,-1,0
24057221,28,49,-1,-1,4
24055704,48,44,-1,-1,1
24057091,7,15,-1,-1,6
24056541,3,54,-1,-1,4
24057190,31,13,-1,-1,7
24052935,3,41,-1,-1,3
24056456,12,10,-1,-1,3
24038154,49,4,-1,-1,6
24055800,0,58,-1,-1,1
24056548,7,10,-1,-1,2
24052315,24,24,-1,-1,0
24057256,43,33,-1,-1,1
24057512,0,7,-1,-1,4
24056259,28,14,-1,-1,2
24055722,51,12,-1,-1,4
24054660,27,9,-1,-1,6
24055629,48,27,-1,-1,4
24054807,22,58,-1,-1,2
24051316,44,57,-1,-1,7
24054899,35,29,-1,-1,2
24057206,34,48,-1,-1,7
24051023,0,13,-1,-1,0
24050125,0,35,-1,-1,4
24052522,46,20,-1,-1,7
24041351,0,0,-1,-1,2
24046388,3,5,-1,-1,7
24056209,32,17,-1,-1,5
24053096,53,52,-1,-1,7
24048887,55,47,-1,-1,5
24053589,27,18,-1,-1,6
24055084,22,47,-1,-1,2
24056706,24,43,-1,-1,2
24056420,54,11,-1,-1,7
24055787,57,25,-1,-1,0
24050259,46,12,-1,-1,3
24057150,14,32,-1,-1,0
24054835,12,48,-1,-1,0
24056468,15,15,-1,-1,3
24052799,41,8,-1,-1,2
24056550,5,2,-1,-1,6
24046795,22,27,-1,-1,7
24057168,39,18,-1,-1,6
24051012,42,5,-1,-1,7
24056039,3,43,-1,-1,6
24056757,31,27,-1,-1,1
24053007,1,56,-1,-1,2
24057148,21,25,-1,-1,0
24057080,44,53,-1,-1,3
24057185,4,12,-1,-1,3
24056426,56,2,-1,-1,3
24056437,37,19,-1,-1,6
24048075,8,46,-1,-1,1
24057174,55,24,-1,-1,6
24056649,55,48,-1,-1,1
24046109,0,18,-1,-1,4
24047078,2,33,-1,-1,4
24057066,29,20,-1,-1,4
24055649,57,53,-1,-1,3
24056496,9,33,-1,-1,3
24053823,37,57,-1,-1,5
24055299,8,56,-1,-1,4
24051921,56,23,-1,-1,1
24054358,4,44,-1,-1,0
24055322,4,1,-1,-1,1
24057541,49,15,-1,-1,4
