0 1 11 11 11 1 1 11 11 2 2 2 2 11 11 11 11 11 11 11 11 0 0 11 11 11 137 10 11 11 11 11 11 1 11 11 11 11 11 11 11 11 11 129 9 129 0 129 129 129 129 217 0 0 0 0 0 0 0 
9 0 0 9 11 1 11 11 11 11 2 2 2 11 11 0 11 11 3 129 11 11 11 11 11 3 11 10 0 11 11 11 11 0 11 11 11 11 11 11 11 11 1 9 129 1 0 129 129 129 129 0 221 0 0 0 0 0 0 
9 0 11 11 11 11 11 0 11 11 2 2 0 11 11 11 11 11 11 0 11 11 11 11 0 10 0 11 0 11 11 11 11 129 11 11 11 11 11 11 11 210 1 1 1 129 129 0 129 129 221 221 0 221 0 0 0 0 0 
11 11 137 11 11 11 3 11 11 10 11 10 11 11 11 129 11 11 11 0 11 11 3 11 11 0 0 11 1 0 0 11 0 129 0 11 11 0 0 11 11 1 0 153 0 1 129 129 129 129 129 129 0 221 0 221 0 0 0 
11 11 11 11 11 11 11 11 11 10 0 10 11 11 10 11 0 11 11 3 11 3 3 11 11 0 1 11 11 11 0 0 11 11 11 11 11 11 11 95 11 219 0 221 11 1 221 221 221 221 129 80 221 221 0 221 221 0 0 
11 0 137 129 10 0 11 11 10 10 10 1 11 10 10 11 11 11 11 11 0 11 2 11 11 11 11 11 11 11 11 11 11 11 11 11 11 11 95 95 95 95 95 221 11 221 221 221 221 221 221 221 221 0 221 0 0 216 216 
11 0 11 0 11 11 11 11 10 10 8 10 1 128 11 11 11 11 0 11 11 11 11 11 138 11 11 11 11 11 11 11 11 11 11 11 11 95 19 95 95 95 95 221 221 221 221 221 0 221 221 221 221 216 0 221 221 221 221 
0 11 137 11 11 11 11 11 10 10 10 11 10 128 0 11 11 11 11 11 11 11 11 3 3 11 11 11 11 11 0 11 95 11 11 95 95 77 0 95 95 95 95 95 0 221 221 221 221 221 221 221 0 0 216 221 0 216 221 
11 11 10 11 11 11 11 11 130 10 11 11 11 10 1 1 11 11 11 11 11 11 0 11 11 11 11 11 11 11 11 11 11 95 11 0 95 0 150 95 0 95 95 217 205 221 221 221 65 221 216 221 221 216 0 216 221 221 0 
0 11 11 11 11 10 11 11 130 11 130 11 11 11 11 11 0 11 11 11 11 11 11 11 11 11 11 11 11 11 11 95 95 95 95 95 95 95 95 95 0 95 95 95 0 153 95 221 221 221 221 221 221 221 221 221 0 216 216 
11 11 11 11 11 11 0 11 130 11 11 11 11 11 11 11 11 1 11 11 11 11 11 11 11 11 11 11 11 11 11 222 95 95 0 95 92 95 95 95 95 95 95 0 0 221 95 221 84 221 221 221 221 0 0 221 221 221 0 
11 11 11 11 11 0 11 10 11 11 11 11 130 130 11 0 1 0 11 11 11 11 11 11 11 11 11 11 11 11 11 11 95 0 95 95 95 0 95 95 95 95 197 95 0 153 153 84 216 221 221 0 216 221 221 153 221 221 221 
11 11 11 11 2 10 11 11 11 11 11 130 11 11 130 11 0 11 11 11 3 11 11 11 11 11 11 11 0 11 95 95 95 95 0 95 95 18 95 95 95 95 0 95 95 221 221 221 221 129 80 221 221 216 221 221 221 77 157 
11 11 11 11 11 2 11 11 11 11 11 11 11 11 11 3 11 0 11 11 11 11 11 11 11 11 11 207 207 95 0 95 0 85 95 5 0 0 95 0 0 95 95 95 95 221 0 219 221 221 0 221 221 221 0 0 221 221 221 
0 10 10 3 11 11 10 11 11 11 11 11 11 11 11 11 11 11 95 95 11 11 11 11 11 207 207 207 95 95 95 95 219 95 5 223 95 95 223 197 219 95 95 221 221 8 95 95 221 221 221 0 221 221 221 221 137 221 0 
10 11 11 11 11 0 10 11 11 11 11 11 11 11 11 11 11 11 11 95 207 219 95 11 95 0 207 207 95 95 95 95 77 95 0 12 8 95 95 95 95 197 221 138 95 221 95 95 221 0 152 0 221 221 0 221 221 221 221 
11 11 11 11 10 11 11 11 11 11 11 3 11 11 11 0 11 217 95 207 207 0 95 95 207 207 207 207 130 95 95 95 95 95 95 95 95 95 95 95 95 84 95 95 95 197 197 136 0 221 221 221 0 221 221 221 221 221 221 
0 8 11 129 0 11 11 11 207 11 11 11 207 11 0 207 207 207 95 207 207 95 207 95 207 78 78 207 207 0 95 95 95 219 95 95 95 95 95 95 95 95 95 95 95 197 221 221 221 0 221 221 0 9 221 221 221 0 157 
10 11 129 129 3 11 10 11 11 11 11 207 207 207 11 0 207 8 207 207 207 207 95 0 95 95 95 0 207 95 95 95 95 223 95 223 95 0 0 95 95 95 0 95 221 221 221 221 221 8 221 0 221 221 221 0 221 157 157 
10 11 129 11 3 11 10 11 207 0 11 11 11 207 221 221 0 207 207 207 95 95 95 95 95 0 95 0 95 95 95 95 95 0 95 95 0 95 95 95 95 77 95 95 221 0 221 221 221 221 221 77 221 221 221 221 221 0 0 
11 8 11 11 11 11 2 11 11 0 11 11 11 0 207 0 0 136 207 95 95 95 0 210 95 0 222 95 95 95 95 95 95 95 95 95 223 95 95 95 223 95 0 221 221 221 221 221 221 221 77 8 221 221 221 221 221 221 221 
0 10 11 11 11 0 11 207 11 11 207 202 202 136 207 207 207 0 207 207 207 0 90 16 92 95 95 95 95 95 95 95 223 3 95 95 95 0 95 95 95 95 0 8 221 152 221 221 221 221 221 221 221 221 221 221 221 13 221 
11 11 11 0 11 11 11 11 207 0 207 137 207 207 200 207 207 207 207 0 207 207 95 95 95 95 95 95 95 95 95 0 95 95 0 95 95 95 95 95 95 95 210 221 221 221 221 221 221 221 221 0 221 221 221 221 221 221 221 
0 11 11 11 11 11 11 11 153 207 207 207 207 0 207 207 207 207 207 207 207 95 95 95 95 95 223 95 95 95 95 95 77 0 95 197 95 95 95 221 221 221 221 221 221 221 0 221 221 221 221 221 0 0 221 221 221 88 0 
11 137 11 11 11 11 11 11 207 207 207 207 207 207 207 207 207 0 0 207 207 0 207 221 95 223 95 207 95 95 4 0 95 95 0 69 95 95 221 221 221 221 221 221 221 0 221 221 221 136 221 221 221 221 221 221 137 221 221 
11 11 11 11 11 11 0 216 217 207 207 139 207 0 207 207 207 207 207 217 207 219 207 95 221 95 207 95 8 8 95 141 95 95 95 8 95 221 221 221 221 221 221 221 221 221 221 200 221 221 0 0 221 0 0 221 221 221 221 
11 11 11 11 2 11 0 207 207 207 0 141 0 207 207 200 207 207 207 207 207 207 0 207 95 95 95 142 95 95 95 0 95 223 95 95 95 221 221 221 221 221 221 221 221 0 221 0 218 0 221 221 221 221 221 221 221 0 221 
10 11 11 10 11 11 207 207 0 207 207 141 207 207 207 207 204 207 0 207 207 90 90 90 95 222 95 0 95 95 139 12 0 221 95 221 95 95 221 0 221 221 200 221 221 221 207 218 0 216 217 221 221 221 221 221 221 216 216 
10 8 8 11 11 207 207 0 207 207 207 207 207 207 207 207 207 207 207 222 207 207 90 222 207 95 95 95 221 0 95 95 95 221 221 221 95 221 221 8 221 0 221 221 221 218 218 0 221 216 217 153 0 221 221 221 221 216 80 
11 8 8 8 11 11 207 0 136 207 207 73 137 207 207 216 207 0 207 207 207 207 222 207 207 95 222 222 222 221 0 0 95 95 221 221 221 8 221 8 221 221 221 218 221 218 0 221 221 221 0 221 221 216 221 221 221 216 216 
11 11 8 207 10 207 207 68 207 207 0 201 207 207 207 207 207 207 0 222 8 0 222 222 207 222 222 222 95 95 221 221 0 221 221 221 221 221 0 221 0 221 0 221 218 0 0 0 218 152 152 221 221 221 216 221 216 216 216 
2 8 10 0 10 90 90 0 202 218 207 207 201 207 207 207 207 207 0 207 136 222 218 222 222 222 222 222 222 221 221 221 221 0 221 0 221 221 221 221 221 221 221 0 221 218 218 0 218 0 221 221 221 221 216 216 0 216 216 
2 10 2 10 207 0 207 207 223 207 207 207 207 207 207 207 0 207 217 207 222 222 218 222 222 222 222 222 222 222 221 0 221 221 221 221 221 221 221 221 221 221 201 221 218 218 218 218 218 218 218 221 221 221 221 219 216 216 216 
11 10 2 207 10 207 207 207 207 207 0 207 207 207 207 207 222 0 207 222 204 222 222 222 222 222 222 221 222 222 0 221 221 221 221 0 221 221 221 221 221 221 221 221 26 221 218 218 130 0 221 221 217 221 217 217 216 0 0 
10 11 11 11 10 10 0 207 207 0 207 207 207 207 207 222 207 90 207 222 222 222 222 222 222 222 222 222 221 221 221 221 221 221 201 221 221 221 137 221 221 221 221 221 216 90 217 218 210 217 216 221 221 217 217 216 216 216 217 
10 11 11 11 10 10 10 221 204 207 207 207 207 207 207 222 204 207 222 222 222 222 222 130 130 222 221 221 221 221 221 221 221 10 221 153 221 216 221 137 221 0 221 221 0 216 218 218 0 216 216 217 221 217 217 137 217 217 0 
0 0 11 11 11 11 207 11 207 204 207 207 8 207 207 222 222 207 222 222 222 222 222 222 222 222 222 221 221 80 0 221 221 221 221 221 0 221 221 221 221 221 201 0 216 216 0 138 216 216 0 217 217 217 137 216 216 155 217 
10 128 0 222 11 11 11 207 207 207 207 207 207 207 90 222 207 0 222 222 222 218 221 222 222 222 222 222 221 221 221 0 221 216 221 221 221 221 221 221 220 217 0 221 216 220 216 216 216 216 216 217 216 217 152 216 216 216 128 
0 10 0 207 136 11 207 206 207 207 207 207 204 207 207 222 222 222 222 222 222 0 222 221 206 206 221 221 221 221 221 221 221 221 221 221 216 221 221 221 221 69 221 221 221 0 221 216 0 216 216 216 0 216 216 216 216 216 128 
10 136 0 136 207 207 0 206 206 207 207 207 69 0 207 0 222 0 222 222 222 0 222 0 222 221 221 0 221 221 221 221 221 221 221 221 221 217 221 217 221 221 217 0 221 221 221 217 0 0 216 216 216 0 0 216 200 216 128 
136 207 207 8 0 207 207 206 207 207 207 207 207 207 207 218 222 207 0 142 218 222 221 129 221 221 221 221 221 221 0 221 221 0 221 221 201 221 217 0 217 217 221 221 221 221 216 216 217 216 0 216 0 216 216 200 0 217 217 
1 136 136 207 207 10 206 207 207 0 207 0 207 207 0 207 207 90 90 222 222 218 221 221 73 221 221 221 8 0 221 221 221 221 217 152 221 217 0 0 220 217 221 136 221 217 0 217 217 153 216 217 216 216 216 216 217 217 217 
1 1 136 207 0 136 207 207 207 207 207 207 207 207 0 207 128 222 222 219 219 221 221 221 221 217 221 0 221 8 217 221 0 217 221 221 221 221 221 9 217 217 217 217 221 221 217 217 217 80 137 216 0 216 0 128 217 0 128 
1 1 136 136 0 136 207 207 0 207 207 207 207 207 207 205 219 219 222 218 8 0 219 197 217 217 221 221 221 0 217 217 217 217 221 221 221 221 221 221 217 217 0 218 0 221 221 217 0 80 221 216 0 216 216 217 217 0 128 
1 1 136 0 136 136 207 207 207 207 205 207 205 0 207 200 219 219 219 218 219 219 219 219 219 219 221 221 221 221 152 221 0 0 217 221 0 221 221 221 221 24 80 221 221 221 0 218 0 64 221 202 202 0 216 128 0 128 128 
1 1 0 136 0 0 136 207 0 207 130 205 205 205 219 207 218 218 218 219 219 219 219 219 219 221 221 221 217 217 217 217 221 221 217 221 221 220 221 221 221 221 221 218 218 218 218 218 218 218 218 153 218 128 128 0 128 128 128 
1 0 1 8 136 136 128 0 128 207 207 205 219 153 205 205 90 217 219 219 219 136 219 219 137 0 221 221 217 217 0 217 217 221 221 221 221 221 221 221 221 218 218 218 218 218 218 218 218 218 218 0 218 0 128 218 218 128 0 
0 1 8 8 0 136 128 136 0 128 205 136 136 219 0 205 0 219 219 218 219 219 217 219 219 216 221 217 217 217 217 217 221 217 217 221 221 221 221 218 218 221 218 218 221 221 221 218 218 0 218 218 217 217 128 128 128 0 128 
136 136 8 8 8 0 0 136 136 136 136 205 219 217 219 219 219 219 219 219 0 217 219 219 217 217 217 217 217 64 217 217 217 221 221 221 221 221 221 218 218 0 218 218 218 218 0 218 218 221 218 218 217 217 217 0 128 128 0 
136 136 8 8 136 136 136 136 136 0 136 0 217 219 217 219 0 153 219 219 219 219 219 217 217 217 217 217 217 8 217 217 217 217 0 217 221 221 221 217 218 218 218 217 218 0 217 217 0 221 218 0 218 216 217 216 216 128 8 
136 136 136 136 8 136 136 136 136 136 136 217 217 217 136 136 219 219 219 219 219 219 219 217 217 0 0 217 217 217 217 217 217 24 217 0 221 221 0 221 217 217 221 217 217 217 217 217 218 218 221 216 216 216 137 216 128 128 128 
136 136 8 136 8 136 136 136 136 136 136 136 0 0 219 219 8 219 219 219 219 219 219 219 8 217 217 152 217 219 219 0 0 221 24 221 221 217 130 217 217 221 0 221 221 217 217 217 218 136 216 216 216 216 216 137 216 128 128 
136 136 0 136 136 136 136 0 1 1 136 136 136 219 219 136 0 0 219 219 217 217 219 219 219 152 217 217 0 217 219 217 221 221 217 0 217 217 217 0 221 221 221 221 221 217 217 216 0 217 0 216 216 216 216 128 128 128 128 
136 128 136 136 136 0 136 136 8 136 136 136 0 0 136 136 136 128 217 136 153 219 217 136 217 217 217 0 219 217 217 217 221 200 217 0 0 217 217 0 217 221 217 221 221 8 216 152 217 8 216 217 152 0 128 216 216 128 0 
136 136 136 128 136 136 136 136 136 0 0 0 136 136 136 136 128 136 136 136 219 217 217 0 137 217 217 153 217 217 217 221 221 217 221 221 217 217 0 217 0 217 221 221 217 0 217 217 217 217 217 152 152 217 217 128 128 128 128 
0 136 136 136 128 136 136 136 136 136 136 136 136 136 136 128 136 136 0 219 0 138 216 216 217 217 217 0 217 217 221 221 221 221 217 217 217 217 217 217 217 217 221 0 217 217 217 217 217 217 217 0 0 217 217 217 128 128 128 
0 136 136 136 136 136 136 0 136 136 136 136 0 136 136 136 0 216 136 136 219 138 216 0 216 216 154 217 217 217 0 217 0 217 221 217 217 153 217 217 217 217 217 221 217 0 217 217 217 217 217 217 128 8 128 8 128 128 128 
0 0 136 0 136 136 136 136 136 136 136 136 128 128 136 136 136 136 136 136 0 217 216 73 216 0 136 64 0 217 217 217 217 217 217 217 217 0 221 221 217 217 217 217 217 217 217 217 0 217 217 217 128 128 8 128 8 0 0 
0 0 136 136 0 136 136 136 136 136 136 136 136 128 136 136 136 136 136 138 138 216 138 216 0 0 64 0 217 217 8 88 217 0 217 217 221 221 217 217 217 217 217 217 217 217 217 217 217 73 217 217 217 128 128 8 8 128 128 
