393 129 393 393 393 393 393 393 0 393 393 393 393 393 393 393 393 393 393 393 0 393 137 393 393 393 393 393 0 393 393 393 393 393 393 393 0 393 393 0 393 393 393 393 393 393 393 393 393 393 393 393 393 393 0 393 393 393 393 
393 393 393 393 393 393 0 137 393 393 393 264 393 393 0 393 393 0 393 393 393 393 393 393 393 393 393 393 393 393 393 393 393 393 137 393 393 393 393 393 393 393 152 393 393 393 393 393 393 393 393 393 393 393 393 129 393 393 393 
393 393 393 393 393 393 393 137 393 393 393 393 393 265 393 136 393 393 393 393 393 0 0 0 393 393 393 393 393 393 393 393 393 393 393 393 393 136 129 393 393 393 393 393 393 393 393 136 393 393 393 393 129 0 393 393 137 393 393 
0 393 393 137 0 393 393 393 393 393 393 393 393 393 393 393 393 393 393 393 0 137 137 393 0 0 393 393 393 136 393 137 0 144 393 393 393 393 136 0 393 393 393 393 393 393 393 393 393 0 393 129 393 393 0 0 393 393 0 
393 393 393 393 393 393 393 393 393 393 393 393 393 0 393 393 393 136 393 393 393 393 393 393 393 393 136 393 0 393 393 393 393 393 393 393 393 0 393 393 393 393 393 393 393 393 393 393 139 393 393 393 393 393 393 393 393 393 393 
393 0 393 393 0 393 393 393 393 393 393 0 393 393 393 393 393 136 393 392 393 393 393 393 393 393 393 136 393 393 0 393 393 393 1 393 0 393 393 393 393 137 393 393 393 137 393 393 393 139 0 393 153 393 393 0 393 393 393 
128 393 128 393 393 128 0 393 393 393 393 144 393 393 393 393 0 136 392 144 128 0 0 0 393 0 144 393 265 393 128 393 9 393 393 393 393 393 393 393 393 393 393 393 393 393 393 393 393 393 393 393 393 393 137 393 393 393 393 
393 393 393 393 393 137 393 0 0 393 393 393 393 393 393 393 137 137 393 128 393 0 137 393 393 393 393 265 393 393 393 393 0 0 393 393 393 393 0 393 393 393 393 393 393 0 0 393 393 393 393 393 393 393 393 137 393 128 393 
393 393 393 393 393 137 393 393 129 393 393 393 393 393 393 393 393 392 392 393 0 393 393 393 0 393 393 393 393 393 393 393 393 129 0 0 393 0 393 393 393 393 0 393 393 393 0 393 393 393 393 392 393 393 0 393 393 393 393 
0 393 0 393 393 0 393 0 130 393 0 0 393 393 393 393 393 137 393 393 137 393 265 393 393 393 393 393 0 393 393 393 393 24 393 393 137 393 393 393 393 393 393 0 393 393 393 393 393 393 392 392 393 393 393 393 393 137 0 
393 393 393 129 393 393 393 393 393 393 393 393 393 393 393 0 393 1 393 137 393 385 393 0 136 393 393 137 136 393 393 393 0 393 393 393 393 393 393 393 0 393 187 137 393 393 393 393 393 137 393 393 393 393 393 393 137 0 265 
393 393 393 393 393 393 393 137 393 393 393 393 0 393 393 9 185 185 187 187 0 128 393 393 393 393 187 0 393 393 393 0 393 393 393 393 393 393 0 136 137 393 393 393 393 393 393 393 393 0 393 393 393 393 0 393 393 137 265 
393 0 128 393 393 393 393 393 393 393 393 393 187 393 393 187 393 0 187 187 385 0 393 392 187 187 0 0 187 187 187 393 393 393 187 393 393 393 187 393 187 393 0 393 393 393 393 187 393 0 393 136 393 393 393 393 393 393 265 
0 393 393 0 393 393 129 393 393 393 393 136 393 393 187 393 0 187 187 187 393 393 392 393 187 187 187 187 187 187 187 0 0 48 393 187 393 187 393 187 187 187 187 187 393 0 393 179 393 393 187 393 129 393 393 393 393 265 265 
393 393 393 393 393 393 129 187 0 187 393 0 187 393 0 187 393 0 187 187 393 393 187 187 187 187 187 187 187 187 187 0 187 187 169 187 187 187 187 187 187 59 187 187 187 0 187 187 187 187 137 393 187 187 187 187 265 265 393 
393 129 393 0 0 393 0 187 187 0 187 187 187 187 187 187 176 187 187 187 187 393 187 187 187 0 187 187 187 187 187 187 187 187 0 169 0 59 187 187 187 187 187 187 187 0 169 187 187 0 187 187 0 187 187 393 393 265 265 
393 137 393 393 393 393 393 393 187 187 187 187 187 187 187 187 187 169 185 187 187 187 187 185 0 187 187 0 187 187 187 187 187 187 187 0 187 59 187 187 160 187 0 187 187 187 136 187 186 187 187 187 187 187 187 393 187 0 0 
393 393 137 0 393 393 137 187 187 187 187 155 187 187 187 187 187 187 187 187 187 187 187 58 187 187 187 187 187 187 187 185 187 187 187 187 187 185 187 187 187 187 187 187 187 187 187 186 187 187 187 0 0 187 0 177 185 0 187 
393 264 264 187 48 187 187 187 187 187 187 187 0 0 187 187 187 187 187 187 187 177 187 187 185 0 187 187 187 131 187 187 0 187 0 187 187 187 187 187 187 187 0 187 187 0 187 187 187 0 187 187 187 0 187 137 184 187 393 
187 393 393 0 0 187 187 187 187 0 187 187 187 187 187 187 187 187 187 187 187 187 49 0 187 187 187 187 185 187 187 187 187 187 187 59 187 187 187 187 187 155 136 160 57 187 185 187 187 187 187 187 187 187 185 187 393 187 393 
393 187 187 393 393 393 187 187 187 187 187 187 0 187 187 187 0 187 187 187 187 187 187 187 187 187 187 187 187 187 187 48 187 0 187 187 187 187 187 187 187 0 187 187 187 187 0 0 187 187 187 187 187 187 393 187 0 393 393 
187 187 187 393 187 187 187 187 187 187 187 187 187 187 187 187 187 187 187 187 187 187 187 187 187 187 187 0 187 0 187 187 177 187 59 187 187 187 187 169 139 187 187 187 187 0 0 187 153 0 187 187 187 155 393 187 393 393 393 
187 187 187 48 187 187 187 187 187 187 187 187 155 187 187 187 187 187 177 187 187 0 187 187 187 187 187 187 187 187 187 0 187 59 129 187 185 187 187 58 0 128 187 187 187 187 187 185 160 187 187 187 187 49 393 393 393 393 393 
0 0 187 187 187 187 187 187 187 187 187 155 187 187 187 187 187 187 48 187 187 187 187 187 58 0 187 187 187 187 187 0 187 129 187 187 187 185 187 187 48 0 187 48 0 0 187 176 187 187 187 187 177 393 0 185 187 393 393 
187 187 187 187 48 187 139 139 187 187 187 176 187 139 187 0 59 187 187 0 59 187 187 187 187 187 187 187 187 0 0 187 187 187 187 59 59 187 187 187 187 187 187 0 176 187 176 187 187 187 187 187 187 177 187 187 393 393 393 
187 187 187 187 0 187 187 187 0 0 0 187 187 0 187 187 187 187 187 187 187 187 187 187 187 187 187 187 187 187 0 187 187 0 187 187 187 187 187 187 176 187 187 187 155 187 187 187 187 187 153 187 187 187 187 187 0 0 0 
187 187 49 187 187 187 187 187 187 0 185 57 0 187 139 187 187 187 177 187 187 187 187 187 187 187 0 187 187 128 187 0 187 187 187 0 187 0 187 58 187 187 187 187 0 187 0 187 187 0 185 187 187 187 187 187 393 393 393 
187 187 185 185 187 187 179 187 187 187 187 187 187 187 187 187 169 187 187 187 0 187 187 187 187 187 187 187 187 187 187 187 171 187 187 187 187 187 187 187 187 187 187 187 187 187 185 187 187 0 187 48 187 187 139 393 393 0 0 
187 187 187 185 187 187 187 0 187 187 187 0 187 187 187 187 187 0 187 185 187 139 0 187 0 187 169 187 187 187 187 0 171 187 187 187 187 187 187 187 187 138 187 187 169 0 187 187 187 187 0 187 187 187 393 187 393 393 0 
187 0 187 187 187 187 187 187 0 139 187 187 187 187 187 187 187 187 187 187 139 187 187 187 187 0 187 169 187 187 187 187 187 0 0 187 187 187 187 187 187 187 187 187 139 187 187 187 187 187 187 187 187 187 0 393 393 393 393 
187 184 187 0 187 0 187 187 187 139 187 187 169 187 187 187 187 187 187 0 187 187 187 0 0 0 0 187 187 187 187 187 187 187 187 187 187 187 187 187 187 187 187 187 187 187 187 187 187 187 187 0 187 393 393 393 393 137 393 
155 187 187 137 187 187 187 187 187 187 187 0 187 187 139 187 187 187 187 187 0 185 187 187 187 187 0 187 187 185 0 187 187 187 187 187 187 187 187 187 187 185 187 187 187 0 187 169 187 187 187 187 185 187 129 187 393 393 393 
187 187 187 155 155 187 187 0 187 187 128 185 187 187 139 129 187 187 187 187 187 187 138 155 187 187 0 176 185 187 187 58 58 187 187 187 187 187 187 187 177 187 49 187 0 187 139 169 139 187 177 187 0 187 187 59 393 393 393 
187 187 48 155 0 187 187 153 187 187 187 187 187 187 138 187 0 187 187 187 187 187 187 138 187 187 0 187 187 187 187 187 187 187 187 187 187 187 0 187 153 153 187 187 169 187 187 187 187 187 187 0 187 187 187 187 393 393 393 
187 187 187 187 187 0 187 187 187 131 187 187 187 187 0 187 155 176 187 0 187 185 187 0 0 187 187 187 176 0 187 187 187 187 187 187 187 131 131 0 187 187 185 0 187 187 187 187 187 176 187 187 0 187 187 187 0 393 393 
187 187 187 187 187 187 187 187 187 187 128 153 187 187 187 187 187 187 0 187 187 0 187 187 187 187 187 176 136 0 0 187 187 186 187 187 187 187 187 187 187 187 187 187 187 187 187 187 187 187 186 187 0 187 187 393 187 393 393 
187 393 393 187 187 0 187 187 187 187 187 187 187 177 187 187 187 187 0 187 187 187 187 187 187 187 187 187 187 187 187 186 187 187 185 187 187 187 187 187 187 187 49 187 0 187 187 187 187 187 185 187 187 187 393 393 393 393 393 
187 393 187 187 187 187 187 1 0 187 187 187 187 187 187 187 187 187 187 187 187 187 187 0 187 187 187 187 187 187 153 0 187 187 187 185 187 169 0 187 187 187 187 187 187 187 187 187 155 187 187 187 187 153 393 393 0 0 393 
393 139 393 187 187 187 187 187 0 185 187 187 187 187 187 187 187 187 0 187 187 187 187 187 187 187 59 0 187 0 153 131 131 187 187 187 185 187 187 187 187 187 138 138 187 187 187 187 187 0 187 187 187 187 0 393 137 187 393 
393 393 187 0 187 187 187 187 187 187 187 187 187 187 187 187 187 187 187 187 187 187 187 187 187 187 187 187 0 187 187 187 176 176 177 187 187 187 187 0 187 187 171 187 187 179 187 187 0 187 139 187 187 187 187 393 187 0 0 
393 393 137 8 393 137 393 0 187 187 187 0 185 187 0 187 187 187 0 187 187 187 187 187 139 187 187 136 0 187 187 187 187 187 187 187 187 185 187 187 187 138 0 187 187 176 187 185 128 139 187 0 187 187 0 393 393 137 393 
393 393 393 393 393 129 393 187 187 187 187 187 0 185 187 187 187 0 187 187 187 0 187 139 187 136 187 187 187 187 0 187 187 187 187 187 187 187 59 187 153 0 187 187 187 187 187 187 185 187 187 187 187 187 187 187 393 393 393 
393 0 393 393 393 393 129 393 187 187 0 187 185 185 187 187 187 49 187 187 187 0 187 187 187 0 187 169 187 187 187 187 187 187 187 187 187 187 187 59 187 40 187 187 187 131 131 185 0 187 187 187 187 187 185 130 393 393 393 
393 393 137 393 137 393 393 393 187 187 187 59 59 187 187 187 187 187 187 187 187 187 187 187 187 187 0 0 187 187 187 187 155 187 187 0 187 187 187 0 187 187 187 187 187 187 187 185 187 187 0 187 185 187 187 393 187 187 393 
393 393 393 393 393 393 393 393 187 393 187 187 187 187 187 187 187 0 187 187 187 187 187 187 187 187 187 187 0 187 187 187 187 187 187 187 187 187 160 187 187 187 187 187 187 187 0 187 0 177 187 187 187 187 0 0 187 0 187 
393 393 0 393 393 393 0 137 137 393 393 0 187 187 187 187 187 187 187 187 187 187 187 187 187 187 187 139 187 0 187 153 186 0 187 187 187 187 160 0 187 187 187 187 187 187 128 187 0 0 187 187 185 0 187 187 187 393 393 
393 393 393 393 137 393 393 393 0 393 393 393 393 0 187 187 187 0 185 187 187 187 0 187 187 187 187 187 187 187 187 187 153 0 187 187 0 187 187 187 187 187 187 187 187 187 0 187 187 393 187 187 187 187 393 137 137 137 0 
393 393 393 0 393 137 136 393 0 137 393 393 187 0 16 187 187 187 187 154 187 187 187 187 187 187 139 187 187 187 187 187 187 187 187 0 0 0 187 0 187 187 59 187 187 187 0 187 393 187 187 187 187 393 393 393 393 393 0 
393 393 129 128 0 393 393 137 0 393 393 393 0 393 187 187 187 186 0 184 186 187 169 184 187 187 139 0 187 184 187 187 187 187 187 187 187 187 187 187 187 187 187 0 187 187 187 187 136 128 187 0 0 393 393 393 393 393 393 
393 393 393 0 128 137 0 393 137 393 393 137 187 393 187 187 186 186 184 186 128 186 184 0 187 187 187 186 187 187 187 48 187 187 187 0 187 187 187 0 187 187 169 187 187 187 187 187 187 136 187 393 187 393 393 393 393 393 393 
393 393 393 393 393 393 393 0 393 393 137 393 393 187 0 187 187 186 187 186 152 152 184 187 187 186 187 187 187 186 186 187 187 187 187 187 187 187 186 0 187 187 187 187 176 187 187 58 187 187 187 393 0 393 393 393 393 137 393 
393 393 393 393 393 393 393 393 0 393 393 393 393 393 393 0 187 187 187 128 152 0 0 186 186 136 0 187 186 186 185 187 187 187 187 187 187 187 186 0 0 176 187 187 0 187 58 187 187 187 187 152 393 393 393 393 136 393 0 
393 393 393 393 393 393 393 393 393 393 392 392 393 393 393 393 187 187 187 0 186 176 0 186 186 0 186 186 186 186 160 131 187 185 49 146 0 187 186 186 393 176 186 186 187 187 128 155 187 0 152 187 393 393 393 393 393 393 0 
393 393 393 393 393 393 393 393 393 393 393 392 393 0 393 393 187 264 160 186 186 154 186 186 186 186 186 176 146 146 184 393 187 187 187 187 187 187 186 186 187 186 187 187 187 187 187 187 187 48 137 137 0 393 393 393 393 0 393 
393 393 393 393 393 393 393 393 393 393 393 393 0 392 393 0 393 392 264 392 186 186 154 186 186 393 0 0 186 187 186 186 187 0 187 187 187 186 186 0 186 187 153 393 393 0 187 187 393 48 137 393 393 393 393 393 393 393 0 
393 393 129 137 393 393 393 8 393 393 393 393 393 393 393 0 186 392 392 392 0 186 186 186 393 393 393 58 393 393 187 187 186 186 187 187 186 186 128 186 187 393 393 393 0 393 393 0 393 393 137 393 393 393 393 0 393 393 393 
393 393 129 393 393 393 0 392 0 393 393 0 393 0 393 393 393 392 392 392 392 136 0 171 393 393 393 393 393 393 393 187 187 187 187 187 187 187 184 186 187 187 393 393 393 393 393 393 0 393 392 393 393 392 393 393 0 393 393 
393 393 393 393 136 393 393 393 137 0 393 0 393 393 137 137 186 393 392 144 392 392 393 393 0 393 393 393 393 0 187 137 187 187 187 187 187 187 393 0 393 393 187 393 393 393 393 393 393 392 393 393 393 393 392 393 393 393 0 
393 393 393 393 393 393 0 393 393 393 0 393 393 393 393 393 0 393 144 392 392 393 393 393 393 393 393 393 144 393 393 0 187 0 187 185 393 187 129 393 393 393 393 393 393 393 393 8 393 393 393 393 393 393 136 136 393 393 0 
