2 0 3 3 3 3 3 35 35 33 35 35 32 35 3 3 3 3 3 3 71 71 71 71 71 71 71 71 6 110 110 46 78 110 110 78 78 78 110 110 110 110 100 100 76 76 76 76 12 76 64 12 12 12 38 46 46 46 4 
32 2 35 3 3 35 0 32 33 35 35 2 3 3 3 3 3 3 3 3 35 71 71 71 71 96 71 0 71 71 0 110 110 0 110 78 110 66 110 110 78 100 100 76 76 6 72 76 76 76 0 12 12 12 38 12 46 12 4 
35 0 35 3 3 3 3 1 1 35 35 3 2 3 3 3 3 3 3 3 35 35 71 71 71 52 71 102 71 38 110 110 110 46 46 78 110 110 66 78 0 110 0 78 78 6 6 12 12 12 110 0 12 12 12 46 46 12 46 
35 3 3 3 3 3 3 3 0 32 0 35 35 3 3 35 3 3 103 35 35 35 35 71 71 71 52 71 110 101 110 110 110 110 110 52 110 78 78 78 110 110 110 76 64 76 76 76 12 12 110 0 12 12 12 12 12 0 12 
3 3 3 3 3 3 0 35 35 0 35 32 32 3 3 3 35 103 35 35 35 35 103 71 0 71 71 37 103 103 101 38 110 0 110 110 46 110 78 34 110 106 110 110 36 64 4 76 78 4 78 78 12 12 12 12 12 12 38 
3 3 3 3 3 0 3 35 3 0 0 35 3 3 0 0 103 35 35 35 35 96 103 71 71 71 103 103 103 103 38 110 110 102 110 110 110 0 78 110 106 110 0 110 4 36 78 4 78 110 78 110 12 12 12 12 4 0 38 
3 3 3 3 0 35 35 3 3 3 35 0 0 3 35 103 35 35 0 35 0 96 103 103 103 103 0 103 103 110 0 110 110 110 110 110 0 110 78 14 110 110 46 46 46 76 76 78 78 78 110 78 12 12 0 46 4 0 12 
3 3 3 0 3 3 3 3 3 35 3 0 35 3 103 35 35 103 103 35 103 3 103 103 103 0 103 103 0 103 110 20 0 0 110 110 110 110 110 78 0 110 108 46 76 0 76 102 78 110 110 12 12 6 110 38 0 38 12 
3 3 3 3 1 35 0 3 3 0 3 35 35 35 103 39 39 103 103 103 103 103 103 103 103 103 103 103 103 103 103 110 110 110 110 78 110 110 78 110 110 110 108 76 76 76 12 110 102 110 110 12 12 46 46 110 12 12 12 
3 3 35 35 35 35 3 3 3 33 33 35 35 35 39 39 35 32 35 0 103 102 103 103 103 103 0 0 103 103 103 71 0 110 110 110 78 110 110 110 110 110 110 38 76 0 110 0 110 110 40 0 12 46 110 110 110 0 12 
0 3 35 35 3 3 35 3 33 33 35 35 35 35 35 35 0 35 0 103 103 103 103 0 103 103 71 0 71 103 103 71 110 110 110 78 110 110 110 110 50 110 110 76 76 0 0 0 110 40 0 78 12 46 0 110 110 46 12 
35 35 0 3 3 35 3 0 114 33 33 33 35 35 36 39 35 39 39 103 36 103 103 103 0 71 71 71 103 103 110 110 0 110 0 74 110 110 110 110 110 110 110 76 76 74 110 110 110 78 78 78 76 46 12 4 110 110 12 
35 35 3 3 35 35 35 35 114 114 114 35 34 114 39 35 36 103 71 103 103 103 0 36 103 71 71 0 68 103 110 110 110 110 110 110 110 110 110 110 110 110 110 110 38 0 76 110 64 78 78 78 76 46 46 12 0 12 12 
35 35 3 3 3 35 3 35 114 114 34 32 34 114 35 35 103 103 103 103 103 103 103 103 103 103 38 71 0 110 110 110 110 110 106 110 110 110 102 78 0 110 110 110 78 110 110 76 76 78 0 76 78 76 0 12 0 110 110 
35 35 3 3 0 35 35 114 35 34 114 34 34 114 35 114 0 103 103 0 0 103 0 103 103 103 103 0 103 102 0 78 110 110 110 110 110 102 102 78 78 78 0 106 0 0 74 74 78 78 78 78 78 78 12 46 12 46 110 
35 35 35 35 35 35 114 114 35 114 114 114 114 114 114 114 114 114 32 103 0 103 103 103 0 103 96 71 103 103 110 110 110 110 110 110 102 110 0 6 38 0 100 46 110 110 96 76 110 78 0 76 78 76 0 46 46 12 46 
35 35 32 35 35 35 114 114 114 114 114 114 114 114 114 0 114 114 42 42 38 103 103 103 96 103 71 71 103 102 110 52 0 110 110 110 110 110 0 6 38 78 78 100 110 0 0 0 76 76 76 76 76 78 76 6 6 14 14 
35 35 35 35 114 32 114 114 98 34 114 114 114 114 114 114 114 114 114 114 114 103 103 103 103 96 103 103 103 103 110 110 110 110 110 110 110 110 110 110 110 78 78 110 110 110 110 110 4 0 76 78 76 76 76 6 14 14 102 
48 35 35 114 114 114 0 114 34 114 114 114 114 114 114 114 34 114 114 114 114 103 103 103 38 103 103 96 103 38 110 110 110 110 110 110 110 110 110 0 110 78 110 110 0 78 78 110 76 4 0 76 78 78 6 76 76 20 102 
48 48 0 48 35 35 114 0 114 114 114 98 82 114 114 114 114 114 114 114 114 114 103 103 114 103 103 103 103 110 102 110 0 106 110 110 110 110 102 110 110 110 110 110 0 76 76 76 78 78 76 76 76 76 78 78 78 78 78 
48 54 54 54 54 114 35 114 114 114 114 114 114 114 114 114 114 114 114 114 114 103 114 114 103 103 103 103 103 110 110 110 110 110 106 110 110 0 102 0 110 108 108 12 110 78 76 0 76 78 0 76 76 76 78 0 14 78 78 
48 0 48 54 116 114 114 114 0 114 114 114 114 48 114 114 114 114 114 48 114 114 2 0 48 0 103 103 103 110 110 110 110 110 110 110 110 110 110 0 0 0 100 12 12 78 0 76 4 0 76 76 52 78 78 78 78 78 78 
80 32 48 48 116 116 114 114 114 114 114 114 82 82 114 0 82 0 114 114 48 114 114 114 114 48 114 114 103 110 110 0 110 110 38 110 110 110 110 110 46 64 78 78 78 76 78 78 78 76 0 76 78 78 78 78 78 78 78 
80 80 0 116 33 116 114 114 114 114 114 114 82 112 114 114 114 114 114 114 48 114 114 114 98 82 114 114 114 110 110 110 110 110 110 110 0 110 110 110 110 44 78 78 76 0 12 0 78 108 0 78 76 78 78 78 78 78 78 
114 80 80 80 33 0 114 114 114 114 114 114 114 114 80 114 114 114 114 34 114 114 116 116 114 114 114 114 78 78 110 110 110 110 110 78 110 110 0 0 110 110 110 78 108 78 108 108 108 78 78 108 108 0 78 78 78 102 78 
114 0 34 80 114 98 114 114 114 114 114 114 42 114 114 114 114 82 114 114 98 114 114 114 114 0 114 114 16 110 110 110 96 110 110 110 110 110 0 110 110 110 36 100 78 108 78 78 108 78 108 78 108 78 78 78 78 14 102 
114 114 82 114 112 114 114 114 0 0 0 16 0 4 114 114 114 34 114 114 114 114 114 114 114 114 42 114 114 82 110 0 110 110 110 110 64 110 110 110 110 110 110 36 108 108 78 108 78 108 108 78 78 78 78 78 78 14 14 
114 114 114 0 114 114 33 114 114 35 114 0 2 114 114 114 114 114 114 114 114 2 114 114 114 114 114 114 114 114 114 114 110 110 110 110 38 110 110 110 110 0 110 0 108 78 108 76 0 78 78 78 78 78 78 78 0 78 14 
114 114 114 114 114 114 114 0 114 114 114 82 114 114 114 82 114 114 114 114 114 114 114 114 114 112 114 114 112 2 114 96 46 46 103 110 103 110 110 110 110 110 110 110 108 108 78 78 78 78 78 78 78 78 78 78 78 78 70 
114 114 114 114 98 114 114 114 82 114 114 0 82 114 34 114 0 114 114 114 32 34 0 114 114 114 0 114 0 112 114 103 103 103 103 103 103 110 103 110 110 44 110 0 108 0 108 78 78 78 0 0 78 78 78 96 78 70 78 
0 114 114 114 114 114 114 114 114 114 114 114 114 114 114 114 114 114 2 82 114 114 114 114 114 114 114 114 112 0 114 103 38 0 54 103 103 103 101 103 110 37 108 110 110 32 108 108 78 78 78 78 78 4 0 78 78 6 6 
16 2 114 114 48 114 114 98 114 114 114 114 114 0 114 114 114 114 114 2 114 114 114 114 114 114 114 112 48 103 103 103 0 103 103 103 103 101 103 0 103 37 103 110 110 108 108 0 97 78 78 78 0 78 14 78 78 0 5 
114 114 114 114 114 114 114 2 82 114 114 114 114 114 114 114 114 114 114 114 114 114 114 114 114 112 114 114 103 103 103 0 103 103 103 101 103 103 96 103 103 110 99 103 78 36 108 101 101 78 12 96 78 76 0 14 5 5 5 
114 114 114 114 114 112 82 114 114 114 114 114 48 114 114 50 114 114 114 114 114 114 114 114 114 114 34 114 103 103 102 102 103 0 103 101 101 101 103 96 103 0 103 103 103 108 101 101 0 0 96 78 78 78 78 100 14 14 36 
114 114 114 114 114 112 114 114 114 114 114 114 114 114 114 114 114 114 114 114 114 114 114 114 114 114 32 114 0 103 103 103 103 101 101 101 101 101 101 103 103 0 71 103 103 103 101 101 78 101 78 0 78 78 100 14 0 0 36 
114 114 114 2 114 114 0 114 114 114 114 114 114 114 114 0 114 114 114 114 114 114 114 114 114 114 114 103 103 103 103 69 101 0 101 101 101 0 101 101 0 0 103 103 103 0 101 101 101 101 101 78 5 5 78 0 0 36 36 
2 48 114 32 114 114 114 114 50 98 114 98 114 114 114 114 114 114 114 114 48 114 114 114 0 82 114 82 0 103 103 96 69 101 69 71 71 71 101 101 0 103 103 0 103 103 101 101 101 0 101 5 78 5 5 4 14 7 7 
48 0 82 114 114 0 114 114 114 114 98 114 114 114 114 114 114 0 114 114 114 114 114 102 114 103 103 103 0 39 103 103 69 69 0 71 101 103 101 103 71 103 103 101 101 101 101 101 101 37 37 37 5 5 5 5 4 36 36 
82 114 82 98 114 0 114 114 0 114 114 114 114 114 98 112 0 114 114 0 114 0 114 114 103 39 36 36 103 103 103 103 103 100 101 36 36 101 103 71 103 71 71 103 103 101 100 101 101 37 0 37 54 5 5 5 36 4 36 
0 82 82 114 114 114 48 34 114 114 114 114 114 114 112 114 114 114 114 34 114 114 114 114 103 103 39 0 0 103 0 103 103 0 103 38 69 0 103 103 71 71 103 103 101 7 101 101 103 0 101 37 37 5 5 0 4 4 0 
82 82 114 114 114 114 114 114 114 35 0 114 0 114 114 114 114 114 0 114 114 0 114 114 114 114 103 103 103 103 103 0 103 103 103 101 101 101 103 0 71 103 7 36 7 7 101 7 103 101 69 101 5 5 5 5 5 4 4 
82 82 82 114 82 114 114 32 48 114 114 0 114 114 114 0 114 114 114 114 114 114 114 103 96 0 103 103 103 103 0 99 96 96 103 100 101 103 101 71 71 71 71 36 103 4 0 4 37 37 0 37 36 5 5 5 5 4 4 
114 82 82 114 114 114 48 114 114 114 114 114 114 2 114 114 114 82 82 114 35 114 114 114 103 103 103 103 103 103 0 103 99 103 101 101 101 103 103 39 71 7 71 5 36 5 5 101 37 103 103 39 5 5 5 5 4 4 7 
82 0 98 114 114 114 114 114 114 114 114 114 114 114 114 114 114 114 82 114 2 114 114 103 100 0 103 103 71 103 103 103 102 99 64 101 101 101 101 39 101 7 5 5 5 5 5 5 5 5 39 0 5 39 5 5 4 4 4 
82 114 114 98 114 114 0 82 114 82 82 114 114 114 114 114 114 114 98 114 0 103 103 114 103 103 103 103 103 71 71 102 101 103 103 37 101 103 101 103 101 39 39 5 5 5 39 5 5 5 5 5 5 5 5 36 0 4 4 
98 82 114 0 114 114 114 114 0 82 114 114 114 48 114 114 114 0 114 114 103 0 103 114 114 103 103 103 0 38 38 71 103 103 103 103 103 103 103 39 39 103 103 103 7 33 39 39 39 38 5 39 5 39 4 0 0 36 4 
114 34 114 114 114 114 82 82 114 114 112 114 42 114 114 114 114 114 114 114 114 0 0 32 0 103 103 103 103 39 71 103 103 103 103 0 103 36 36 39 103 39 39 33 33 33 7 7 39 5 5 5 39 5 5 5 36 0 36 
114 114 42 114 0 114 114 114 114 114 0 114 98 114 114 114 114 114 114 114 114 103 36 103 114 103 103 103 39 71 103 0 103 103 103 103 103 103 39 39 39 39 33 39 39 0 7 39 39 5 39 0 5 5 5 5 36 5 36 
114 114 114 82 82 66 82 114 114 114 16 114 114 114 0 0 114 0 114 103 114 0 103 103 35 103 103 103 100 103 71 103 0 101 39 39 36 39 103 0 39 39 39 39 36 39 39 39 39 39 39 36 5 5 5 5 5 36 36 
114 114 66 82 114 82 114 114 0 114 0 114 114 0 0 114 114 114 116 114 103 0 0 103 103 103 103 103 103 103 0 0 103 101 39 39 103 103 7 32 39 39 0 39 0 39 116 39 0 39 39 5 5 5 5 5 5 36 36 
114 114 114 82 0 82 82 114 0 114 114 112 112 0 114 114 114 0 114 82 82 96 103 114 99 99 103 0 103 100 0 34 101 103 101 34 39 39 32 39 39 39 39 39 39 0 39 39 39 39 5 39 39 5 36 39 36 5 4 
2 114 34 82 82 82 82 32 114 114 114 0 112 2 114 114 34 114 99 114 82 97 99 99 99 103 103 103 103 103 103 103 103 101 101 34 103 39 39 39 39 39 39 39 39 7 39 39 39 39 5 5 36 5 39 39 5 5 4 
114 2 82 82 2 82 98 114 82 82 0 82 82 34 114 114 98 114 114 99 0 99 0 103 99 103 103 103 103 103 103 39 39 101 101 39 39 34 39 39 39 0 39 0 39 39 39 39 39 7 0 7 0 7 39 4 5 4 4 
2 2 2 82 114 98 114 114 114 34 114 82 114 114 34 114 0 114 114 99 99 99 103 114 99 99 0 0 103 103 101 71 39 0 39 4 0 39 39 39 39 33 39 39 39 36 39 39 39 7 7 7 7 7 35 39 4 4 4 
2 64 2 114 82 114 0 114 114 114 0 98 34 96 114 114 0 99 99 0 99 99 99 103 0 0 39 103 103 101 0 101 0 7 39 39 39 0 33 0 39 39 39 39 39 39 36 39 39 39 1 4 39 7 0 4 4 4 0 
114 114 2 2 82 114 114 114 114 114 98 0 100 96 114 114 114 0 103 103 0 99 103 103 39 0 39 39 7 101 38 101 0 103 7 39 39 33 39 39 0 39 37 37 37 39 39 39 7 7 39 7 7 39 7 4 36 0 0 
114 2 2 2 2 34 114 114 114 114 114 98 34 114 114 114 114 50 96 103 103 103 103 0 39 39 39 0 7 7 36 0 39 39 39 39 39 39 39 39 37 37 37 37 39 39 39 39 7 7 7 7 7 2 39 0 39 0 0 
0 114 114 34 114 34 98 114 32 0 114 114 34 114 114 34 34 50 99 99 99 99 103 103 7 7 39 7 7 0 39 39 36 39 39 39 39 39 37 39 0 37 37 37 37 39 4 7 7 0 6 7 7 7 39 0 0 5 5 
114 114 34 34 114 114 114 32 114 82 114 114 114 114 114 34 0 99 99 99 99 99 99 103 103 0 39 39 39 39 39 39 39 103 103 39 39 39 39 39 37 37 37 37 37 4 39 0 7 6 0 39 7 7 7 5 5 5 52 
