# org_id,org_cellx,org_celly,org_forage_target,org_group_id,org_facing
41869481,4,22,-1,-1,7
41870676,38,17,-1,-1,5
41871594,33,10,-1,-1,1
41871946,57,1,-1,-1,7
41870600,22,2,-1,-1,0
41871502,49,47,-1,-1,4
41870574,28,7,-1,-1,3
41872087,9,1,-1,-1,0
41871920,45,7,-1,-1,4
41868143,54,8,-1,-1,5
41870690,10,17,-1,-1,7
41869339,52,24,-1,-1,1
41870151,16,41,-1,-1,6
41871573,29,8,-1,-1,4
41860262,9,24,-1,-1,2
41870925,16,27,-1,-1,4
41867758,13,10,-1,-1,2
41867078,57,12,-1,-1,7
41870487,42,9,-1,-1,7
41871088,36,33,-1,-1,1
41870060,7,4,-1,-1,1
41870878,25,41,-1,-1,1
41868679,54,44,-1,-1,5
41862336,34,19,-1,-1,6
41869694,38,20,-1,-1,0
41870540,35,37,-1,-1,4
41871033,42,0,-1,-1,1
41867901,55,18,-1,-1,7
41872214,51,20,-1,-1,0
41863478,0,38,-1,-1,6
41871596,42,36,-1,-1,0
41871232,13,21,-1,-1,3
41870863,28,10,-1,-1,3
41870456,12,18,-1,-1,1
41871679,35,24,-1,-1,4
41871065,53,27,-1,-1,6
41868911,4,21,-1,-1,0
41872114,32,14,-1,-1,4
41867095,28,33,-1,-1,7
41864664,19,55,-1,-1,1
41867885,20,29,-1,-1,6
41868656,49,30,-1,-1,6
41870007,3,19,-1,-1,0
41868718,14,35,-1,-1,2
41872161,52,45,-1,-1,6
41870753,15,30,-1,-1,0
41857785,56,48,-1,-1,0
41871482,30,18,-1,-1,0
41870227,20,3,-1,-1,0
41872418,44,34,-1,-1,7
41872355,29,22,-1,-1,6
41869652,2,29,-1,-1,4
41868812,45,31,-1,-1,4
41871558,36,1,-1,-1,0
41871007,36,11,-1,-1,1
41870906,26,24,-1,-1,1
41871240,33,26,-1,-1,0
41872139,48,53,-1,-1,5
41866344,57,26,-1,-1,5
41871449,30,1,-1,-1,1
41872167,50,13,-1,-1,0
41865846,50,46,-1,-1,2
41871985,1,31,-1,-1,0
41870597,26,22,-1,-1,1
41870954,47,18,-1,-1,6
41871047,15,20,-1,-1,7
41870558,4,54,-1,-1,5
41870136,5,33,-1,-1,6
41871463,0,27,-1,-1,3
41866552,18,14,-1,-1,2
41871757,27,24,-1,-1,2
41871298,42,13,-1,-1,1
41870909,44,11,-1,-1,3
41872432,33,37,-1,-1,6
41871249,40,32,-1,-1,2
41867962,34,41,-1,-1,6
41869927,58,9,-1,-1,1
41867877,55,51,-1,-1,6
41871898,47,55,-1,-1,2
41870695,41,4,-1,-1,7
41870667,28,37,-1,-1,7
41872290,53,7,-1,-1,2
41868180,20,17,-1,-1,3
41872064,42,10,-1,-1,1
41870292,53,56,-1,-1,2
41867637,20,23,-1,-1,7
41870622,42,15,-1,-1,7
41872069,36,40,-1,-1,7
41871696,43,44,-1,-1,4
41872090,12,57,-1,-1,5
41863019,30,23,-1,-1,1
41872251,54,18,-1,-1,1
41868763,26,7,-1,-1,5
41871774,29,6,-1,-1,6
41869352,56,54,-1,-1,7
41871206,48,4,-1,-1,6
41871390,25,15,-1,-1,7
41867339,23,40,-1,-1,4
41868235,35,4,-1,-1,7
41872340,46,5,-1,-1,2
41865914,43,54,-1,-1,3
41867779,33,43,-1,-1,5
41870521,18,13,-1,-1,3
41871209,20,51,-1,-1,4
41867763,35,39,-1,-1,1
41872232,24,1,-1,-1,1
41868040,56,31,-1,-1,5
41872371,4,3,-1,-1,7
41869412,20,11,-1,-1,4
41869560,53,32,-1,-1,2
41869626,39,41,-1,-1,1
41865871,17,7,-1,-1,7
41864747,38,54,-1,-1,0
41871326,27,26,-1,-1,3
41869038,49,25,-1,-1,7
41865108,48,30,-1,-1,6
41871127,1,5,-1,-1,6
41854994,19,53,-1,-1,6
41871936,26,10,-1,-1,5
41868691,17,25,-1,-1,6
41870678,58,0,-1,-1,1
41871680,24,45,-1,-1,6
41869712,54,46,-1,-1,3
41871585,46,13,-1,-1,0
41867590,12,6,-1,-1,1
41871864,20,42,-1,-1,7
41872030,10,30,-1,-1,2
41866648,25,10,-1,-1,0
41870955,3,30,-1,-1,0
41872107,32,30,-1,-1,7
41863099,35,7,-1,-1,7
41871755,4,32,-1,-1,0
41872440,58,47,-1,-1,2
41861133,33,44,-1,-1,4
41870557,42,48,-1,-1,2
41870990,55,12,-1,-1,7
41870267,35,15,-1,-1,6
41865986,17,47,-1,-1,2
41870625,41,25,-1,-1,3
41864888,19,46,-1,-1,1
41867975,5,25,-1,-1,2
41870457,4,46,-1,-1,1
41868581,8,19,-1,-1,6
41871835,51,58,-1,-1,1
41872470,8,21,-1,-1,0
41872291,30,20,-1,-1,4
41872031,5,38,-1,-1,7
41869998,12,5,-1,-1,3
41869651,5,13,-1,-1,0
41867554,57,46,-1,-1,1
41870444,20,18,-1,-1,0
41872476,18,32,-1,-1,0
41870468,14,54,-1,-1,0
41872175,1,14,-1,-1,6
41871665,3,27,-1,-1,6
41870270,31,44,-1,-1,6
41870633,51,42,-1,-1,7
41871119,51,28,-1,-1,4
41872094,9,35,-1,-1,1
41872158,51,1,-1,-1,0
41871023,9,12,-1,-1,0
41863683,21,40,-1,-1,5
41870076,48,33,-1,-1,2
41869724,46,20,-1,-1,5
41869867,28,22,-1,-1,1
41871637,21,35,-1,-1,7
41868028,19,44,-1,-1,7
41867768,8,7,-1,-1,1
41871406,26,54,-1,-1,3
41871339,12,48,-1,-1,1
41871867,25,29,-1,-1,0
41867987,16,52,-1,-1,1
41855974,36,23,-1,-1,6
41863224,53,19,-1,-1,5
41867769,2,53,-1,-1,5
41872127,5,36,-1,-1,4
41869662,12,41,-1,-1,6
41868881,43,32,-1,-1,3
41871500,6,31,-1,-1,2
41871451,16,15,-1,-1,3
41865171,4,16,-1,-1,3
41863813,32,23,-1,-1,2
41870865,6,7,-1,-1,1
41871998,56,16,-1,-1,4
41871663,12,11,-1,-1,0
41869947,33,8,-1,-1,4
41868275,43,16,-1,-1,1
41871760,30,0,-1,-1,3
41871927,44,38,-1,-1,4
41871526,47,7,-1,-1,3
41871008,28,40,-1,-1,4
41872178,37,6,-1,-1,1
41870386,22,38,-1,-1,7
41870942,44,32,-1,-1,6
41872192,12,51,-1,-1,7
41865354,56,9,-1,-1,6
41872111,39,29,-1,-1,2
41871992,31,14,-1,-1,1
41866048,33,28,-1,-1,4
41871846,43,47,-1,-1,6
41872017,6,17,-1,-1,5
41872457,52,42,-1,-1,5
41870155,49,56,-1,-1,5
41868484,11,26,-1,-1,7
41871722,13,4,-1,-1,3
41866656,30,42,-1,-1,6
41868033,25,14,-1,-1,6
41870411,44,54,-1,-1,2
41872057,45,38,-1,-1,0
41863061,38,4,-1,-1,3
41870788,35,3,-1,-1,7
41871492,44,41,-1,-1,1
41869995,28,2,-1,-1,7
41870783,55,46,-1,-1,1
41867063,39,13,-1,-1,6
41870086,7,38,-1,-1,0
41865659,5,20,-1,-1,7
41859833,46,7,-1,-1,5
41869508,45,40,-1,-1,1
41863151,12,19,-1,-1,6
41871320,37,0,-1,-1,2
41869073,43,51,-1,-1,4
41866934,49,50,-1,-1,4
41867828,20,8,-1,-1,6
41870448,7,7,-1,-1,4
41868128,45,45,-1,-1,0
41871892,11,0,-1,-1,5
41872099,51,56,-1,-1,0
41871281,0,42,-1,-1,0
41870862,46,47,-1,-1,0
41869050,28,32,-1,-1,6
41866675,31,33,-1,-1,4
41870886,25,9,-1,-1,1
41869779,42,25,-1,-1,7
41869812,28,52,-1,-1,0
41860163,9,42,-1,-1,1
41872008,10,6,-1,-1,2
41871608,19,21,-1,-1,3
41868335,51,23,-1,-1,2
41870023,17,28,-1,-1,2
41856414,55,22,-1,-1,4
41869733,36,27,-1,-1,0
41870765,32,6,-1,-1,5
41870392,50,19,-1,-1,7
41867456,24,27,-1,-1,3
41869783,49,21,-1,-1,6
41854128,18,45,-1,-1,3
41870394,31,51,-1,-1,3
41869047,48,0,-1,-1,4
41871893,25,32,-1,-1,1
41872121,25,5,-1,-1,4
41872408,19,35,-1,-1,6
41871954,17,23,-1,-1,7
41869949,32,38,-1,-1,0
41867197,4,23,-1,-1,4
41870409,28,29,-1,-1,2
41871541,33,52,-1,-1,5
41870635,44,31,-1,-1,7
41869087,23,28,-1,-1,5
41865325,43,46,-1,-1,1
41869555,33,55,-1,-1,5
41871120,5,41,-1,-1,2
41869178,47,46,-1,-1,0
41869388,38,27,-1,-1,3
41866072,51,5,-1,-1,4
41870109,46,24,-1,-1,1
41870715,8,8,-1,-1,3
41870881,40,58,-1,-1,0
41871244,15,26,-1,-1,7
41869706,43,13,-1,-1,2
41870645,27,19,-1,-1,7
41866234,43,33,-1,-1,7
41871725,47,49,-1,-1,7
41872162,5,42,-1,-1,5
41870089,7,53,-1,-1,2
41866515,55,56,-1,-1,3
41871453,13,24,-1,-1,5
41864148,30,27,-1,-1,3
41871611,21,26,-1,-1,3
41871064,13,38,-1,-1,6
41869992,10,28,-1,-1,0
41870036,0,17,-1,-1,4
41864691,21,46,-1,-1,6
41864602,29,42,-1,-1,5
41870091,45,56,-1,-1,6
41869548,29,9,-1,-1,4
41870910,1,39,-1,-1,0
41868270,38,50,-1,-1,0
41867949,33,9,-1,-1,1
41867966,25,37,-1,-1,1
41870623,2,36,-1,-1,5
41869968,13,44,-1,-1,0
41868473,51,35,-1,-1,5
41868926,26,48,-1,-1,4
41868230,9,25,-1,-1,4
41871528,30,46,-1,-1,6
41871025,37,20,-1,-1,5
41862878,57,8,-1,-1,5
41869786,39,44,-1,-1,6
41871445,44,9,-1,-1,2
41872321,55,31,-1,-1,3
41868563,46,56,-1,-1,6
41871866,51,0,-1,-1,3
41871431,54,19,-1,-1,3
41865016,7,3,-1,-1,1
41871152,17,14,-1,-1,2
41865220,16,8,-1,-1,2
41868980,3,51,-1,-1,4
41871904,46,35,-1,-1,2
41871871,31,27,-1,-1,7
41868995,48,14,-1,-1,1
41872393,28,11,-1,-1,5
41867296,39,9,-1,-1,5
41863830,32,12,-1,-1,5
41863122,49,5,-1,-1,4
41871303,1,50,-1,-1,1
41871487,11,11,-1,-1,3
41867827,37,44,-1,-1,2
41868511,15,27,-1,-1,3
41872462,1,8,-1,-1,5
41865583,24,4,-1,-1,4
41869314,1,36,-1,-1,7
41868877,16,51,-1,-1,5
41867364,33,11,-1,-1,0
41868060,23,14,-1,-1,4
41865898,25,30,-1,-1,6
41862152,14,37,-1,-1,0
41871923,54,35,-1,-1,4
41871074,31,47,-1,-1,5
41868951,19,5,-1,-1,3
41870219,16,29,-1,-1,2
41871825,4,38,-1,-1,4
41871631,33,25,-1,-1,2
41865966,27,57,-1,-1,0
41870805,17,48,-1,-1,6
41871588,7,10,-1,-1,2
41866959,23,27,-1,-1,3
41869101,48,41,-1,-1,6
41867709,22,42,-1,-1,0
41870668,55,19,-1,-1,7
41872174,2,14,-1,-1,4
41868936,11,8,-1,-1,4
41871877,10,37,-1,-1,5
41872193,44,5,-1,-1,7
41866504,35,2,-1,-1,3
41868676,46,1,-1,-1,4
41867016,6,10,-1,-1,3
41869306,35,9,-1,-1,5
41872185,47,45,-1,-1,2
41871494,2,51,-1,-1,3
41871687,6,35,-1,-1,0
41872322,52,52,-1,-1,2
41871641,36,47,-1,-1,5
41869156,16,17,-1,-1,6
41870871,51,36,-1,-1,0
41872396,36,55,-1,-1,2
41865699,24,19,-1,-1,6
41867253,38,57,-1,-1,4
41871754,34,54,-1,-1,1
41868384,58,45,-1,-1,4
41865372,51,57,-1,-1,3
41860364,3,54,-1,-1,1
41860644,21,32,-1,-1,4
41871016,45,33,-1,-1,4
41872311,4,28,-1,-1,2
41866718,13,42,-1,-1,6
41862498,10,20,-1,-1,0
41872223,41,26,-1,-1,6
41869918,34,13,-1,-1,4
41870615,6,21,-1,-1,0
41865729,14,15,-1,-1,1
41867890,27,1,-1,-1,7
41869909,50,35,-1,-1,1
41868703,3,29,-1,-1,5
41868584,32,51,-1,-1,5
41872027,24,5,-1,-1,1
41872314,15,8,-1,-1,6
41868540,33,7,-1,-1,3
41871052,50,38,-1,-1,6
41865145,23,52,-1,-1,3
41871990,52,5,-1,-1,1
41871402,50,32,-1,-1,2
41871960,39,51,-1,-1,3
41861141,46,38,-1,-1,0
41869959,29,37,-1,-1,6
41871882,18,46,-1,-1,7
41868731,43,1,-1,-1,1
41870996,35,41,-1,-1,2
41868844,27,41,-1,-1,2
41869723,41,0,-1,-1,5
41872244,21,0,-1,-1,6
41871174,4,55,-1,-1,3
41867248,23,9,-1,-1,7
41863881,55,6,-1,-1,4
41859023,11,38,-1,-1,2
41868413,32,45,-1,-1,2
41868954,8,56,-1,-1,3
41870770,7,32,-1,-1,4
41870930,44,35,-1,-1,0
41866958,28,44,-1,-1,1
41871970,35,5,-1,-1,0
41871059,36,6,-1,-1,4
41872138,18,57,-1,-1,5
41867136,43,2,-1,-1,2
41868867,40,33,-1,-1,2
41871172,46,55,-1,-1,0
41871340,18,55,-1,-1,4
41869813,8,55,-1,-1,2
41864941,41,32,-1,-1,3
41872186,18,23,-1,-1,2
41866388,7,45,-1,-1,7
41871348,16,11,-1,-1,1
41871619,52,40,-1,-1,0
41871010,6,45,-1,-1,1
41871109,17,12,-1,-1,4
41868959,55,44,-1,-1,6
41872190,54,5,-1,-1,7
41871770,50,5,-1,-1,6
41871366,56,56,-1,-1,5
41860062,7,41,-1,-1,2
41859410,12,7,-1,-1,3
41869287,57,52,-1,-1,5
41870808,22,25,-1,-1,4
41869798,20,48,-1,-1,3
41867031,21,28,-1,-1,0
41871026,41,45,-1,-1,2
41870771,23,21,-1,-1,0
41867831,57,42,-1,-1,5
41871590,20,54,-1,-1,6
41870145,47,26,-1,-1,1
41865036,21,23,-1,-1,2
41866337,19,0,-1,-1,2
41865230,7,9,-1,-1,4
41867742,23,1,-1,-1,3
41871165,5,48,-1,-1,7
41869335,58,23,-1,-1,6
41868831,18,30,-1,-1,5
41869465,13,1,-1,-1,1
41862952,34,25,-1,-1,1
41869983,3,0,-1,-1,7
41871049,40,6,-1,-1,5
41869841,50,3,-1,-1,4
41871144,54,45,-1,-1,1
41870252,37,23,-1,-1,4
41864581,13,13,-1,-1,7
41870059,10,7,-1,-1,5
41871931,43,24,-1,-1,7
41871572,34,52,-1,-1,5
41871703,34,10,-1,-1,2
41872346,36,35,-1,-1,6
41871809,31,50,-1,-1,0
41860291,28,42,-1,-1,4
41872404,54,9,-1,-1,0
41871868,6,3,-1,-1,4
41869836,53,37,-1,-1,6
41871999,36,25,-1,-1,4
41870525,51,53,-1,-1,2
41872233,33,12,-1,-1,7
41871756,4,53,-1,-1,6
41872331,20,13,-1,-1,2
41871872,3,37,-1,-1,4
41871997,34,22,-1,-1,1
41871738,20,53,-1,-1,5
41872316,39,3,-1,-1,4
41871536,45,5,-1,-1,0
41870651,30,15,-1,-1,3
41872372,24,26,-1,-1,1
41870825,29,26,-1,-1,0
41871305,16,47,-1,-1,6
41871032,35,20,-1,-1,7
41870279,18,56,-1,-1,6
41872444,18,36,-1,-1,3
41870281,32,35,-1,-1,5
41866814,34,26,-1,-1,4
41870226,14,56,-1,-1,6
41872427,0,39,-1,-1,5
41872394,40,53,-1,-1,1
41870289,40,45,-1,-1,0
41872256,20,25,-1,-1,4
41866225,34,17,-1,-1,3
41870948,15,42,-1,-1,2
41870707,26,36,-1,-1,3
41871448,51,47,-1,-1,3
41869999,31,8,-1,-1,4
41871792,33,54,-1,-1,4
41871612,10,33,-1,-1,7
41871956,0,24,-1,-1,5
41870264,38,6,-1,-1,1
41872006,41,50,-1,-1,6
41872235,1,22,-1,-1,6
41871395,36,7,-1,-1,7
41869646,25,56,-1,-1,2
41869313,24,11,-1,-1,0
41868044,6,51,-1,-1,2
41872001,25,49,-1,-1,7
41871699,52,33,-1,-1,1
41870330,42,43,-1,-1,2
41868885,19,24,-1,-1,2
41870381,17,44,-1,-1,1
41867997,7,24,-1,-1,1
41870218,33,48,-1,-1,1
41872135,40,17,-1,-1,0
41872451,33,57,-1,-1,1
41866253,57,4,-1,-1,0
41865586,29,29,-1,-1,3
41869554,48,3,-1,-1,2
41867132,38,28,-1,-1,5
41870370,39,22,-1,-1,0
41856794,53,18,-1,-1,3
41869577,27,7,-1,-1,0
41872264,35,40,-1,-1,6
41867724,30,25,-1,-1,1
41871225,36,29,-1,-1,1
41872455,58,30,-1,-1,0
41870745,28,50,-1,-1,1
41864635,22,0,-1,-1,5
41868634,25,23,-1,-1,7
41872216,37,2,-1,-1,3
41869866,19,23,-1,-1,0
41872484,41,38,-1,-1,6
41867021,21,13,-1,-1,5
41871384,41,3,-1,-1,7
41869853,46,51,-1,-1,3
41867841,56,11,-1,-1,0
41866230,31,43,-1,-1,5
41865931,15,58,-1,-1,0
41870548,41,33,-1,-1,5
41871372,21,56,-1,-1,7
41855815,31,48,-1,-1,1
41862653,34,55,-1,-1,1
41865357,5,47,-1,-1,7
41866313,42,14,-1,-1,5
41870135,49,22,-1,-1,6
41872367,15,49,-1,-1,5
41862483,43,0,-1,-1,0
41871947,8,4,-1,-1,6
41867713,28,8,-1,-1,0
41866945,54,32,-1,-1,6
41871324,11,56,-1,-1,7
41871151,16,43,-1,-1,4
41870737,42,32,-1,-1,7
41872204,26,35,-1,-1,6
41869377,19,19,-1,-1,3
41871336,48,39,-1,-1,6
41871562,12,21,-1,-1,1
41871859,11,33,-1,-1,2
41872453,34,29,-1,-1,4
41864175,20,0,-1,-1,4
41870006,57,20,-1,-1,7
41871091,57,33,-1,-1,2
41868835,50,58,-1,-1,4
41866172,30,28,-1,-1,0
41871766,14,11,-1,-1,7
41869500,8,10,-1,-1,0
41867980,24,39,-1,-1,0
41870316,49,42,-1,-1,3
41868089,54,20,-1,-1,0
41870638,36,12,-1,-1,7
41867659,40,8,-1,-1,1
41862121,30,24,-1,-1,2
41871965,37,37,-1,-1,4
41869710,11,2,-1,-1,4
41858711,12,0,-1,-1,0
41871105,39,34,-1,-1,1
41871077,21,50,-1,-1,5
41868741,50,1,-1,-1,4
41868852,41,22,-1,-1,0
41864424,38,29,-1,-1,2
41872243,25,24,-1,-1,1
41872067,8,38,-1,-1,5
41872403,5,26,-1,-1,0
41869654,11,58,-1,-1,4
41871980,13,5,-1,-1,5
41870703,54,25,-1,-1,3
41871409,51,29,-1,-1,1
41870923,17,19,-1,-1,3
41865266,30,21,-1,-1,6
41867907,10,11,-1,-1,2
41868510,1,51,-1,-1,7
41871764,13,32,-1,-1,6
41870343,41,6,-1,-1,2
41870043,45,55,-1,-1,6
41868802,40,31,-1,-1,4
41866986,32,47,-1,-1,4
41869144,38,48,-1,-1,6
41872143,47,31,-1,-1,0
41869350,31,53,-1,-1,7
41869104,29,46,-1,-1,6
41870027,30,26,-1,-1,0
41871107,44,4,-1,-1,5
41870397,4,51,-1,-1,3
41870883,15,3,-1,-1,5
41865490,32,56,-1,-1,6
41870247,53,21,-1,-1,1
41868813,40,9,-1,-1,7
41871346,25,22,-1,-1,6
41865527,17,26,-1,-1,0
41871239,7,0,-1,-1,5
41868782,50,21,-1,-1,4
41872450,41,14,-1,-1,4
41869782,8,25,-1,-1,0
41867134,49,46,-1,-1,1
41852953,18,47,-1,-1,0
41857517,2,41,-1,-1,4
41870297,27,47,-1,-1,7
41871662,41,29,-1,-1,2
41870202,44,33,-1,-1,6
41871913,45,28,-1,-1,1
41865320,14,42,-1,-1,4
41871862,26,28,-1,-1,7
41871154,31,55,-1,-1,6
41865294,22,21,-1,-1,0
41868491,13,53,-1,-1,0
41855179,54,50,-1,-1,1
41869602,28,23,-1,-1,1
41868505,18,51,-1,-1,7
41868578,2,50,-1,-1,2
41871589,27,5,-1,-1,4
41867500,4,37,-1,-1,5
41871401,1,21,-1,-1,4
41868454,46,46,-1,-1,0
41870187,1,2,-1,-1,6
41870230,27,29,-1,-1,6
41871836,15,9,-1,-1,1
41871972,13,56,-1,-1,6
41865591,11,35,-1,-1,2
41872074,13,6,-1,-1,7
41864192,52,34,-1,-1,5
41870755,2,13,-1,-1,0
41872350,58,58,-1,-1,0
41871527,37,27,-1,-1,1
41870721,27,43,-1,-1,1
41864890,38,26,-1,-1,4
41865673,40,21,-1,-1,6
41867383,44,28,-1,-1,3
41870107,41,21,-1,-1,7
41870934,29,31,-1,-1,6
41872015,33,40,-1,-1,4
41872133,57,14,-1,-1,1
41867137,38,53,-1,-1,3
41870896,4,44,-1,-1,6
41871359,7,16,-1,-1,6
41870738,0,30,-1,-1,3
41858159,11,49,-1,-1,3
41870841,32,44,-1,-1,4
41871772,52,0,-1,-1,3
41868928,58,39,-1,-1,6
41871452,18,27,-1,-1,2
41867667,29,57,-1,-1,4
41871161,25,44,-1,-1,2
41864522,26,18,-1,-1,7
41871511,8,15,-1,-1,2
41871540,24,28,-1,-1,7
41870902,32,25,-1,-1,5
41861919,49,38,-1,-1,0
41870946,54,40,-1,-1,7
41871197,33,16,-1,-1,2
41861621,49,43,-1,-1,6
41866970,16,1,-1,-1,5
41872160,30,39,-1,-1,7
41871672,3,3,-1,-1,6
41867169,19,58,-1,-1,5
41864738,34,39,-1,-1,7
41868821,9,43,-1,-1,5
41871136,9,54,-1,-1,6
41871752,38,45,-1,-1,1
41871712,39,47,-1,-1,1
41871648,14,24,-1,-1,5
41871853,48,40,-1,-1,4
41866559,53,25,-1,-1,2
41869900,34,24,-1,-1,7
41866877,8,17,-1,-1,4
41868199,32,19,-1,-1,4
41869752,0,33,-1,-1,5
41870956,44,57,-1,-1,2
41868546,25,34,-1,-1,1
41867921,26,45,-1,-1,2
41871909,13,43,-1,-1,4
41869711,24,16,-1,-1,6
41864022,34,0,-1,-1,1
41869994,58,17,-1,-1,4
41871306,23,44,-1,-1,3
41869861,8,58,-1,-1,5
41863164,20,16,-1,-1,5
41870693,40,14,-1,-1,1
41870845,50,26,-1,-1,1
41860842,52,3,-1,-1,2
41870303,23,0,-1,-1,4
41871177,52,25,-1,-1,2
41869312,16,13,-1,-1,5
41871304,25,21,-1,-1,6
41869308,49,29,-1,-1,7
41869795,9,0,-1,-1,3
41869139,35,31,-1,-1,3
41869571,11,16,-1,-1,6
41872263,10,54,-1,-1,5
41868390,25,18,-1,-1,7
41866687,30,7,-1,-1,0
41870965,8,12,-1,-1,4
41871323,22,35,-1,-1,2
41869829,6,19,-1,-1,7
41870697,0,15,-1,-1,4
41867129,42,11,-1,-1,3
41870733,20,10,-1,-1,1
41871006,54,49,-1,-1,3
41871205,56,46,-1,-1,7
41871455,28,47,-1,-1,2
41870265,7,13,-1,-1,7
41871950,29,28,-1,-1,0
41868591,33,20,-1,-1,2
41871880,57,2,-1,-1,0
41872441,34,37,-1,-1,2
41872179,46,27,-1,-1,6
41869153,22,45,-1,-1,5
41871030,28,38,-1,-1,6
41871538,14,40,-1,-1,4
41871236,16,32,-1,-1,0
41868651,4,35,-1,-1,4
41869716,54,51,-1,-1,4
41869634,50,28,-1,-1,7
41872401,1,37,-1,-1,7
41871691,46,50,-1,-1,2
41870872,54,17,-1,-1,5
41868346,50,9,-1,-1,2
41868617,12,43,-1,-1,5
41872081,41,2,-1,-1,2
41869379,26,32,-1,-1,5
41870175,31,49,-1,-1,1
41870922,30,4,-1,-1,7
41867942,34,28,-1,-1,3
41868476,0,49,-1,-1,1
41871704,20,27,-1,-1,5
41870350,17,54,-1,-1,6
41870391,4,14,-1,-1,5
41854058,23,7,-1,-1,0
41867710,12,34,-1,-1,5
41867097,30,2,-1,-1,2
41865291,16,14,-1,-1,4
41871189,28,35,-1,-1,5
41868924,30,19,-1,-1,5
41864665,32,49,-1,-1,0
41867240,15,45,-1,-1,0
41868784,0,58,-1,-1,3
41864930,24,0,-1,-1,0
41870143,8,47,-1,-1,3
41870307,1,41,-1,-1,0
41869590,9,51,-1,-1,2
41862165,49,54,-1,-1,7
41869848,43,4,-1,-1,0
41872329,24,48,-1,-1,0
41872461,15,33,-1,-1,0
41870712,43,34,-1,-1,6
41872096,49,31,-1,-1,6
41871357,0,1,-1,-1,2
41869703,37,14,-1,-1,5
41858509,55,20,-1,-1,0
41858235,40,40,-1,-1,6
41869281,48,1,-1,-1,4
41866077,2,31,-1,-1,4
41868613,38,8,-1,-1,2
41869296,12,46,-1,-1,7
41870951,22,3,-1,-1,4
41869719,44,50,-1,-1,1
41863484,39,33,-1,-1,2
41871247,30,6,-1,-1,2
41872365,42,8,-1,-1,7
41871873,14,5,-1,-1,2
41871583,3,23,-1,-1,6
41868909,38,47,-1,-1,6
41867805,37,42,-1,-1,3
41870427,53,15,-1,-1,6
41867434,9,32,-1,-1,7
41872391,35,6,-1,-1,1
41872157,6,38,-1,-1,1
41872364,43,11,-1,-1,1
41872236,21,19,-1,-1,7
41872287,21,45,-1,-1,7
41862028,10,43,-1,-1,7
41856537,58,54,-1,-1,7
41864552,18,31,-1,-1,1
41868259,4,5,-1,-1,4
41869684,47,35,-1,-1,2
41867889,10,40,-1,-1,6
41866578,26,44,-1,-1,6
41872231,35,30,-1,-1,0
41868685,18,20,-1,-1,6
41866839,35,34,-1,-1,1
41871943,47,21,-1,-1,6
41869045,22,4,-1,-1,2
41872075,25,51,-1,-1,2
41872262,37,7,-1,-1,1
41868297,31,35,-1,-1,6
41872202,5,46,-1,-1,4
41869336,23,50,-1,-1,4
41869589,23,2,-1,-1,2
41870762,3,49,-1,-1,4
41869442,14,14,-1,-1,3
41870913,9,17,-1,-1,7
41866039,27,9,-1,-1,5
41871408,29,19,-1,-1,0
41872171,37,45,-1,-1,1
41870713,52,47,-1,-1,7
41871938,15,4,-1,-1,5
41871255,51,39,-1,-1,6
41871277,56,41,-1,-1,7
41872330,6,32,-1,-1,5
41869641,11,13,-1,-1,3
41871160,13,45,-1,-1,6
41870504,14,31,-1,-1,6
41869821,41,36,-1,-1,6
41871377,45,17,-1,-1,5
41869954,54,58,-1,-1,2
41867680,43,19,-1,-1,3
41862961,5,8,-1,-1,3
41871231,21,22,-1,-1,2
41870377,7,19,-1,-1,2
41871515,50,44,-1,-1,4
41871262,32,58,-1,-1,7
41870705,48,19,-1,-1,2
41872323,51,37,-1,-1,2
41861325,21,54,-1,-1,4
41871529,32,29,-1,-1,3
41864171,30,17,-1,-1,6
41870018,25,0,-1,-1,1
41865767,37,40,-1,-1,0
41870063,12,17,-1,-1,1
41871279,4,19,-1,-1,4
41869951,40,15,-1,-1,3
41871034,6,48,-1,-1,6
41870358,0,7,-1,-1,6
41871793,36,50,-1,-1,7
41866641,38,18,-1,-1,1
41871719,40,2,-1,-1,1
41869612,23,15,-1,-1,7
41869541,11,1,-1,-1,5
41866893,35,46,-1,-1,2
41872226,9,8,-1,-1,0
41871951,42,4,-1,-1,1
41868841,27,38,-1,-1,3
41858382,44,10,-1,-1,7
41871501,15,46,-1,-1,2
41871783,23,42,-1,-1,7
41869728,10,4,-1,-1,0
41869806,11,30,-1,-1,4
41867663,21,21,-1,-1,1
41868589,5,11,-1,-1,7
41869844,35,21,-1,-1,4
41870873,29,44,-1,-1,0
41870911,36,17,-1,-1,2
41870764,51,30,-1,-1,2
41863633,35,12,-1,-1,2
41871811,57,16,-1,-1,1
41871353,40,13,-1,-1,0
41871003,29,35,-1,-1,7
41870113,24,56,-1,-1,7
41869534,49,20,-1,-1,2
41868806,17,39,-1,-1,6
41863215,3,40,-1,-1,2
41871983,48,12,-1,-1,2
41870318,44,36,-1,-1,2
41872084,55,39,-1,-1,7
41865570,50,42,-1,-1,6
41870801,1,57,-1,-1,1
41870248,26,57,-1,-1,2
41872184,44,45,-1,-1,2
41871926,8,0,-1,-1,0
41871367,55,24,-1,-1,7
41871514,28,28,-1,-1,6
41860192,15,24,-1,-1,0
41870815,32,21,-1,-1,5
41871746,24,12,-1,-1,0
41871888,7,56,-1,-1,1
41868084,14,18,-1,-1,0
41870962,56,29,-1,-1,4
41872120,35,53,-1,-1,4
41869910,36,4,-1,-1,7
41867928,47,16,-1,-1,4
41867678,41,48,-1,-1,3
41871131,28,45,-1,-1,6
41871994,37,25,-1,-1,7
41869212,11,42,-1,-1,7
41870280,33,29,-1,-1,0
41872128,25,27,-1,-1,0
41870559,45,19,-1,-1,2
41865943,27,51,-1,-1,1
41869559,24,50,-1,-1,3
41868189,58,43,-1,-1,4
41869737,12,10,-1,-1,4
41871464,23,20,-1,-1,6
41869414,47,50,-1,-1,7
41866737,35,32,-1,-1,7
41860362,47,56,-1,-1,7
41868626,20,56,-1,-1,6
41865497,4,45,-1,-1,5
41871122,22,31,-1,-1,3
41870746,27,18,-1,-1,3
41870928,58,5,-1,-1,6
41871666,22,22,-1,-1,0
41871505,55,40,-1,-1,7
41867055,7,12,-1,-1,3
41871979,2,24,-1,-1,7
41872438,26,29,-1,-1,4
41869085,33,17,-1,-1,4
41866992,45,13,-1,-1,6
41865876,53,14,-1,-1,0
41871299,7,47,-1,-1,2
41869491,25,16,-1,-1,0
41869214,43,27,-1,-1,2
41869474,27,2,-1,-1,1
41863584,41,55,-1,-1,4
41864267,56,27,-1,-1,7
41862793,39,15,-1,-1,0
41869455,26,41,-1,-1,1
41868243,30,22,-1,-1,4
41865923,24,36,-1,-1,2
41858574,20,6,-1,-1,0
41866319,16,31,-1,-1,6
41865189,31,1,-1,-1,7
41869960,19,11,-1,-1,1
41866827,39,17,-1,-1,0
41868211,10,24,-1,-1,2
41871574,57,53,-1,-1,7
41868712,22,8,-1,-1,7
41870476,42,55,-1,-1,2
41871552,55,42,-1,-1,3
41870452,41,15,-1,-1,3
41869849,33,38,-1,-1,4
41870340,44,7,-1,-1,6
41870916,58,48,-1,-1,7
41868804,27,17,-1,-1,1
41868531,49,1,-1,-1,0
41866056,41,31,-1,-1,6
41872164,12,27,-1,-1,2
41870978,51,38,-1,-1,6
41872304,27,13,-1,-1,1
41871081,18,9,-1,-1,4
41861208,17,5,-1,-1,2
41867740,42,2,-1,-1,3
41872318,54,1,-1,-1,1
41872102,38,46,-1,-1,1
41864167,0,28,-1,-1,3
41871827,41,16,-1,-1,4
41870919,19,14,-1,-1,4
41869368,47,8,-1,-1,4
41871728,37,34,-1,-1,3
41872357,50,14,-1,-1,1
41859009,13,37,-1,-1,6
41871382,47,14,-1,-1,0
41872197,43,21,-1,-1,0
41872198,48,22,-1,-1,1
41870495,52,54,-1,-1,1
41865704,58,15,-1,-1,0
41871146,46,43,-1,-1,1
41871560,19,42,-1,-1,2
41869194,7,46,-1,-1,6
41871212,36,49,-1,-1,1
41862614,41,18,-1,-1,6
41871147,2,37,-1,-1,7
41868623,16,12,-1,-1,1
41871889,5,24,-1,-1,5
41871550,23,41,-1,-1,0
41870614,50,36,-1,-1,7
41866482,30,52,-1,-1,2
41872249,37,13,-1,-1,5
41869905,1,34,-1,-1,3
41867438,8,9,-1,-1,7
41858185,2,12,-1,-1,4
41870811,32,2,-1,-1,3
41872398,57,30,-1,-1,5
41864813,8,6,-1,-1,6
41866561,4,11,-1,-1,7
41871810,39,55,-1,-1,7
41863943,50,22,-1,-1,7
41872221,2,34,-1,-1,7
41870429,17,49,-1,-1,6
41871966,9,5,-1,-1,1
41866193,17,38,-1,-1,1
41863786,43,22,-1,-1,4
41870112,8,36,-1,-1,2
41867829,22,34,-1,-1,4
41868478,58,38,-1,-1,1
41869975,58,10,-1,-1,0
41854787,57,36,-1,-1,3
41871029,24,2,-1,-1,4
41867623,31,11,-1,-1,7
41871843,46,42,-1,-1,7
41872013,26,17,-1,-1,4
41866564,25,8,-1,-1,1
41872261,20,2,-1,-1,4
41871952,6,24,-1,-1,0
41864143,27,11,-1,-1,4
41869447,31,21,-1,-1,1
41870205,6,25,-1,-1,1
41869830,23,19,-1,-1,7
41869333,9,58,-1,-1,2
41870509,13,52,-1,-1,2
41870759,52,7,-1,-1,6
41868512,4,42,-1,-1,5
41867850,9,28,-1,-1,1
41870853,29,39,-1,-1,6
41866347,43,36,-1,-1,2
41866569,46,53,-1,-1,6
41870998,16,10,-1,-1,5
41868758,33,3,-1,-1,5
41868856,39,30,-1,-1,7
41872368,3,35,-1,-1,4
41869417,35,55,-1,-1,6
41869398,49,26,-1,-1,3
41871480,25,31,-1,-1,3
41869111,52,39,-1,-1,4
41871155,11,9,-1,-1,7
41871532,17,53,-1,-1,3
41871740,15,44,-1,-1,2
41871066,17,32,-1,-1,2
41866524,49,58,-1,-1,5
41870726,44,42,-1,-1,2
41872363,2,39,-1,-1,0
41866105,21,55,-1,-1,0
41867215,54,55,-1,-1,3
41872353,50,30,-1,-1,6
41868668,44,8,-1,-1,6
41869294,21,24,-1,-1,0
41869672,15,43,-1,-1,7
41871028,41,12,-1,-1,0
41865888,0,9,-1,-1,3
41870294,9,44,-1,-1,1
41872424,11,43,-1,-1,6
41870556,26,3,-1,-1,4
41870124,3,17,-1,-1,0
41865717,33,42,-1,-1,6
41871581,48,35,-1,-1,3
41871446,40,35,-1,-1,6
41870728,43,39,-1,-1,3
41870653,24,24,-1,-1,1
41867925,45,36,-1,-1,3
41872325,23,13,-1,-1,2
41871849,44,3,-1,-1,7
41868169,49,44,-1,-1,5
41868652,39,12,-1,-1,3
41871555,41,5,-1,-1,2
41871126,3,43,-1,-1,6
41868513,43,29,-1,-1,4
41870949,36,48,-1,-1,1
41868994,35,33,-1,-1,0
41872010,22,53,-1,-1,1
41867905,24,37,-1,-1,1
41870529,38,19,-1,-1,3
41865694,31,41,-1,-1,0
41869476,7,39,-1,-1,4
41867692,39,38,-1,-1,1
41871070,47,0,-1,-1,5
41871056,40,30,-1,-1,4
41868182,8,27,-1,-1,7
41871169,8,34,-1,-1,5
41863569,42,42,-1,-1,1
41869542,32,53,-1,-1,3
41863309,6,23,-1,-1,5
41858301,22,5,-1,-1,3
41872144,38,32,-1,-1,3
41869573,34,3,-1,-1,5
41871982,3,22,-1,-1,7
41866769,14,52,-1,-1,1
41870660,48,20,-1,-1,0
41865761,15,40,-1,-1,0
41868654,56,43,-1,-1,0
41869714,25,43,-1,-1,6
41869595,40,41,-1,-1,7
41870544,18,25,-1,-1,3
41865207,46,11,-1,-1,3
41870855,19,51,-1,-1,1
41867902,3,2,-1,-1,6
41871457,15,13,-1,-1,5
41872004,53,3,-1,-1,4
41867822,16,40,-1,-1,7
41871875,57,10,-1,-1,2
41868496,32,1,-1,-1,0
41866782,55,57,-1,-1,1
41868757,28,25,-1,-1,1
41868419,41,13,-1,-1,3
41867737,7,37,-1,-1,3
41864355,27,4,-1,-1,1
41872146,37,56,-1,-1,2
41858672,36,8,-1,-1,4
41871318,14,43,-1,-1,7
41871143,16,9,-1,-1,5
41870336,1,4,-1,-1,3
41871162,7,28,-1,-1,5
41865057,42,6,-1,-1,5
41870717,28,18,-1,-1,1
41867161,53,48,-1,-1,7
41868188,18,18,-1,-1,0
41867246,20,20,-1,-1,2
41867344,31,12,-1,-1,6
41864803,14,41,-1,-1,4
41870681,37,18,-1,-1,2
41864962,26,31,-1,-1,5
41872058,21,44,-1,-1,0
41871094,40,28,-1,-1,5
41869901,56,50,-1,-1,3
41868210,2,17,-1,-1,7
41871559,37,24,-1,-1,4
41871918,37,26,-1,-1,5
41865196,21,49,-1,-1,6
41868306,33,34,-1,-1,0
41869288,21,2,-1,-1,0
41866446,31,19,-1,-1,1
41867816,0,18,-1,-1,5
41872469,27,46,-1,-1,4
41864571,4,20,-1,-1,1
41870699,46,45,-1,-1,7
41869914,45,8,-1,-1,4
41872026,13,57,-1,-1,1
41869984,48,42,-1,-1,7
41869860,8,41,-1,-1,0
41872254,20,22,-1,-1,4
41868938,6,29,-1,-1,1
41870646,52,36,-1,-1,7
41871180,13,26,-1,-1,7
41871790,1,35,-1,-1,7
41869747,39,16,-1,-1,1
41870723,39,2,-1,-1,4
41871039,20,34,-1,-1,2
41856587,20,44,-1,-1,4
41867267,37,5,-1,-1,4
41872110,39,0,-1,-1,5
41870748,22,32,-1,-1,7
41872021,14,4,-1,-1,0
41871203,32,54,-1,-1,6
41863744,47,38,-1,-1,2
41870847,10,22,-1,-1,2
41871978,58,20,-1,-1,6
41864558,23,48,-1,-1,7
41860218,34,11,-1,-1,0
41870004,49,52,-1,-1,1
41867244,21,53,-1,-1,7
41867914,56,23,-1,-1,7
41871458,30,55,-1,-1,0
41870238,54,15,-1,-1,6
41867591,8,2,-1,-1,4
41872420,52,6,-1,-1,7
41872447,19,52,-1,-1,6
41870192,7,20,-1,-1,3
41869484,32,28,-1,-1,5
41863535,6,55,-1,-1,4
41872423,48,44,-1,-1,2
41869245,9,46,-1,-1,7
41870017,16,57,-1,-1,3
41871219,53,51,-1,-1,0
41869934,29,51,-1,-1,0
41870149,8,42,-1,-1,4
41866983,27,28,-1,-1,7
41871257,38,12,-1,-1,6
41868148,48,56,-1,-1,2
41871828,39,52,-1,-1,5
41870025,51,55,-1,-1,3
41860033,31,4,-1,-1,6
41872474,22,46,-1,-1,5
41870706,39,46,-1,-1,3
41872045,28,21,-1,-1,0
41871654,40,39,-1,-1,5
41871037,42,7,-1,-1,3
41872089,11,5,-1,-1,4
41871820,39,40,-1,-1,3
41869187,31,57,-1,-1,0
41872292,19,4,-1,-1,2
41871633,42,45,-1,-1,3
41871375,53,24,-1,-1,6
41868072,39,42,-1,-1,7
41871380,13,47,-1,-1,7
41863240,6,36,-1,-1,7
41862647,7,6,-1,-1,3
41872195,20,55,-1,-1,2
41861636,51,45,-1,-1,1
41870659,16,4,-1,-1,2
41871287,10,42,-1,-1,2
41872275,48,31,-1,-1,5
41872448,40,57,-1,-1,1
41871861,22,52,-1,-1,7
41869078,56,36,-1,-1,4
41871086,12,23,-1,-1,0
41862668,53,30,-1,-1,0
41869080,53,40,-1,-1,5
41869292,50,52,-1,-1,2
41871963,12,49,-1,-1,6
41870211,52,55,-1,-1,7
41871355,20,46,-1,-1,0
41871389,42,52,-1,-1,1
41869843,34,30,-1,-1,1
41872319,25,39,-1,-1,7
41872224,14,30,-1,-1,0
41863298,12,36,-1,-1,0
41869404,32,13,-1,-1,2
41870499,49,41,-1,-1,1
41866785,4,52,-1,-1,2
41868984,50,40,-1,-1,1
41856269,26,33,-1,-1,2
41868334,24,38,-1,-1,5
41871096,52,26,-1,-1,5
41872295,27,45,-1,-1,5
41871031,3,9,-1,-1,2
41871652,23,53,-1,-1,4
41871373,26,6,-1,-1,4
41870408,49,55,-1,-1,5
41870389,18,48,-1,-1,4
41872326,51,6,-1,-1,6
41869205,17,55,-1,-1,3
41859998,17,11,-1,-1,1
41869243,14,27,-1,-1,1
41869883,53,0,-1,-1,1
41866724,53,39,-1,-1,1
41856665,2,57,-1,-1,3
41864570,19,50,-1,-1,2
41868811,45,43,-1,-1,1
41871474,52,43,-1,-1,0
41867656,54,16,-1,-1,2
41872227,32,9,-1,-1,6
41867648,5,28,-1,-1,5
41870857,18,12,-1,-1,0
41871945,19,9,-1,-1,7
41869065,54,39,-1,-1,7
41863592,0,8,-1,-1,5
41865850,39,7,-1,-1,7
41871114,45,16,-1,-1,6
41870431,32,24,-1,-1,5
41871968,7,36,-1,-1,2
41870154,4,1,-1,-1,3
41870359,44,23,-1,-1,7
41871839,45,21,-1,-1,5
41871729,14,21,-1,-1,2
41871157,54,33,-1,-1,5
41870908,0,31,-1,-1,6
41867528,53,12,-1,-1,3
41871953,8,29,-1,-1,1
41871288,34,43,-1,-1,2
41867346,14,3,-1,-1,6
41869621,42,23,-1,-1,3
41872456,14,10,-1,-1,5
41872333,24,18,-1,-1,3
41871110,4,2,-1,-1,1
41870968,15,56,-1,-1,0
41869449,28,31,-1,-1,5
41872481,37,49,-1,-1,4
41868336,28,0,-1,-1,0
41863178,8,20,-1,-1,0
41868366,1,11,-1,-1,3
41872016,20,21,-1,-1,5
41870290,55,29,-1,-1,6
41869544,7,26,-1,-1,4
41869591,21,52,-1,-1,5
41865894,16,45,-1,-1,6
41871467,50,50,-1,-1,6
41871697,25,42,-1,-1,1
41867529,10,38,-1,-1,4
41872211,56,30,-1,-1,4
41872400,7,25,-1,-1,6
41871473,40,42,-1,-1,7
41862845,40,5,-1,-1,5
41872317,40,19,-1,-1,4
41862981,6,0,-1,-1,7
41864203,57,56,-1,-1,7
41871776,19,40,-1,-1,6
41872458,58,3,-1,-1,3
41864518,44,37,-1,-1,1
41872014,1,58,-1,-1,2
41870566,0,13,-1,-1,3
41871414,14,58,-1,-1,7
41863286,19,54,-1,-1,1
41869644,27,50,-1,-1,1
41869755,32,8,-1,-1,4
41859885,32,20,-1,-1,0
41872212,55,2,-1,-1,0
41869171,38,34,-1,-1,1
41864532,29,18,-1,-1,5
41869469,19,33,-1,-1,1
41869880,3,53,-1,-1,7
41864586,16,34,-1,-1,7
41872113,39,56,-1,-1,1
41863515,13,7,-1,-1,4
41870592,32,33,-1,-1,6
41871737,13,51,-1,-1,7
41868574,41,46,-1,-1,5
41871984,24,23,-1,-1,5
41863563,34,21,-1,-1,4
41870077,51,12,-1,-1,1
41845396,21,10,-1,-1,5
41866481,1,13,-1,-1,0
41871921,45,39,-1,-1,1
41872336,56,17,-1,-1,4
41868248,23,47,-1,-1,1
41871396,10,58,-1,-1,3
41871905,20,49,-1,-1,1
41871929,34,36,-1,-1,5
41865689,35,51,-1,-1,4
41872028,28,34,-1,-1,0
41871035,12,45,-1,-1,7
41865420,37,11,-1,-1,6
41868643,23,36,-1,-1,1
41871948,30,40,-1,-1,2
41871352,37,10,-1,-1,6
41871519,6,42,-1,-1,2
41870055,26,55,-1,-1,1
41872022,50,51,-1,-1,5
41869247,40,4,-1,-1,3
41867697,10,12,-1,-1,4
41871394,19,39,-1,-1,4
41867875,15,32,-1,-1,3
41871664,15,19,-1,-1,2
41870813,0,12,-1,-1,3
41871159,57,40,-1,-1,0
41871104,17,30,-1,-1,2
41871417,42,33,-1,-1,2
41871391,9,31,-1,-1,6
41870069,2,33,-1,-1,1
41868997,20,36,-1,-1,0
41860968,17,20,-1,-1,4
41871254,5,58,-1,-1,5
41871732,27,53,-1,-1,1
41863587,36,39,-1,-1,6
41868467,40,3,-1,-1,2
41872208,42,16,-1,-1,4
41858557,33,27,-1,-1,3
41872100,24,6,-1,-1,1
41870388,16,33,-1,-1,2
41868380,54,56,-1,-1,1
41871646,45,22,-1,-1,4
41872132,5,51,-1,-1,5
41862717,14,28,-1,-1,7
41872023,8,11,-1,-1,1
41871701,6,15,-1,-1,6
41865886,0,44,-1,-1,6
41858400,46,22,-1,-1,2
41871610,27,49,-1,-1,4
41868372,8,16,-1,-1,1
41870481,36,3,-1,-1,7
41869937,31,56,-1,-1,0
41868004,2,58,-1,-1,7
41867076,47,20,-1,-1,2
41871187,27,44,-1,-1,2
41871166,58,6,-1,-1,5
41872063,51,34,-1,-1,7
41867398,11,41,-1,-1,2
41871616,19,32,-1,-1,0
41867056,37,16,-1,-1,0
41868437,32,46,-1,-1,5
41868428,35,11,-1,-1,7
41869884,55,10,-1,-1,3
41871442,14,32,-1,-1,5
41868285,7,58,-1,-1,2
41869472,26,53,-1,-1,7
41868045,3,4,-1,-1,5
41869109,14,22,-1,-1,1
41872093,2,18,-1,-1,3
41868291,29,34,-1,-1,2
41870461,7,21,-1,-1,4
41871995,50,34,-1,-1,4
41869789,2,4,-1,-1,3
41869584,40,46,-1,-1,5
41868468,36,51,-1,-1,7
41863660,8,50,-1,-1,1
41870410,54,27,-1,-1,5
41869893,21,30,-1,-1,5
41853696,20,1,-1,-1,7
41872154,7,57,-1,-1,7
41868952,5,34,-1,-1,3
41868338,8,52,-1,-1,4
41871686,8,37,-1,-1,5
41870959,4,36,-1,-1,0
41870647,30,32,-1,-1,6
41870582,38,58,-1,-1,2
41872315,43,30,-1,-1,4
41872136,9,26,-1,-1,2
41865471,53,11,-1,-1,6
41871222,21,42,-1,-1,5
41866978,12,37,-1,-1,4
41869682,27,30,-1,-1,6
41869822,14,55,-1,-1,4
41871512,24,58,-1,-1,2
41871802,39,35,-1,-1,3
41871695,2,25,-1,-1,3
41867851,55,1,-1,-1,4
41864497,12,30,-1,-1,4
41860155,49,3,-1,-1,0
41871899,55,15,-1,-1,5
41870200,24,33,-1,-1,5
41871897,30,50,-1,-1,5
41868738,43,26,-1,-1,7
41870689,49,45,-1,-1,3
41870973,26,47,-1,-1,6
41871670,4,24,-1,-1,6
41872182,26,30,-1,-1,6
41870354,32,16,-1,-1,7
41867492,43,35,-1,-1,5
41871884,33,5,-1,-1,4
41871876,6,39,-1,-1,3
41868918,38,55,-1,-1,7
41865705,20,7,-1,-1,3
41863972,49,49,-1,-1,5
41869406,4,43,-1,-1,1
41868552,27,48,-1,-1,4
41860725,1,40,-1,-1,0
41867389,47,41,-1,-1,1
41870601,27,27,-1,-1,7
41870632,24,15,-1,-1,1
41869661,12,13,-1,-1,3
41867930,57,50,-1,-1,7
41870846,56,57,-1,-1,7
41870204,20,39,-1,-1,3
41864125,27,3,-1,-1,6
41868420,46,18,-1,-1,4
41871885,55,54,-1,-1,0
41871224,54,43,-1,-1,4
41872217,3,31,-1,-1,6
41871259,11,29,-1,-1,3
41870278,55,17,-1,-1,0
41866655,48,48,-1,-1,2
41870140,34,40,-1,-1,1
41871341,47,52,-1,-1,3
41869735,50,6,-1,-1,2
41869924,43,38,-1,-1,3
41870276,36,5,-1,-1,7
41870115,56,38,-1,-1,4
41865184,46,49,-1,-1,6
41871578,29,24,-1,-1,7
41869978,52,49,-1,-1,2
41868282,20,57,-1,-1,6
41871282,30,57,-1,-1,3
41872409,12,14,-1,-1,1
41869520,46,14,-1,-1,7
41870884,3,45,-1,-1,6
41867900,19,16,-1,-1,7
41871361,4,50,-1,-1,1
41872433,41,28,-1,-1,7
41869726,22,23,-1,-1,3
41871600,21,25,-1,-1,0
41870232,7,54,-1,-1,7
41872056,16,38,-1,-1,1
41861286,53,31,-1,-1,0
41867817,30,30,-1,-1,5
41870199,51,13,-1,-1,0
41872375,51,2,-1,-1,2
41871319,37,35,-1,-1,1
41870947,22,57,-1,-1,2
41871993,15,39,-1,-1,3
41870898,9,18,-1,-1,6
41872473,21,11,-1,-1,0
41870549,29,4,-1,-1,5
41870820,34,50,-1,-1,0
41862940,24,41,-1,-1,7
41872399,31,20,-1,-1,2
41868711,22,10,-1,-1,2
41868504,35,43,-1,-1,1
41871493,31,18,-1,-1,5
41871241,47,27,-1,-1,3
41867749,31,24,-1,-1,1
41858092,36,32,-1,-1,4
41871426,14,7,-1,-1,2
41872477,10,2,-1,-1,3
41865272,45,41,-1,-1,1
41867689,3,16,-1,-1,5
41868701,26,9,-1,-1,1
41869670,35,25,-1,-1,6
41871690,31,7,-1,-1,4
41870975,28,54,-1,-1,3
41868422,46,6,-1,-1,1
41872268,40,56,-1,-1,1
41871894,57,13,-1,-1,0
41868767,41,34,-1,-1,2
41867212,21,58,-1,-1,6
41871857,30,51,-1,-1,3
41852537,27,23,-1,-1,3
41865418,0,22,-1,-1,0
41870472,0,4,-1,-1,3
41863381,4,31,-1,-1,2
41868330,43,7,-1,-1,5
41869845,7,34,-1,-1,3
41861922,57,44,-1,-1,5
41870535,3,32,-1,-1,4
41866480,30,45,-1,-1,5
41856647,20,40,-1,-1,7
41870963,44,43,-1,-1,2
41859638,32,32,-1,-1,4
41871043,3,56,-1,-1,5
41869452,49,33,-1,-1,5
41871015,47,12,-1,-1,7
41871782,37,47,-1,-1,2
41865918,28,15,-1,-1,4
41872068,4,12,-1,-1,2
41865788,33,4,-1,-1,1
41871657,17,8,-1,-1,4
41872082,41,58,-1,-1,0
41864226,56,44,-1,-1,7
41869629,49,8,-1,-1,6
41870000,31,29,-1,-1,5
41868066,2,5,-1,-1,0
41872083,25,38,-1,-1,0
41870180,11,3,-1,-1,2
41865345,53,43,-1,-1,4
41872118,36,22,-1,-1,4
41871944,10,27,-1,-1,7
41865633,56,0,-1,-1,7
41870631,26,5,-1,-1,2
41871568,58,25,-1,-1,2
41868846,21,4,-1,-1,5
41868381,48,55,-1,-1,2
41870550,9,30,-1,-1,0
41871063,12,20,-1,-1,5
41871436,44,0,-1,-1,6
41859952,56,25,-1,-1,2
41867892,40,44,-1,-1,5
41869088,58,33,-1,-1,6
41869877,1,33,-1,-1,5
41869814,8,1,-1,-1,4
41868662,0,41,-1,-1,3
41870927,47,53,-1,-1,7
41866707,36,54,-1,-1,5
41872046,58,46,-1,-1,4
41866989,26,8,-1,-1,1
41871768,34,6,-1,-1,7
41858223,1,43,-1,-1,3
41866252,9,29,-1,-1,0
41870331,41,52,-1,-1,1
41871138,58,8,-1,-1,5
41869537,4,57,-1,-1,4
41872117,39,19,-1,-1,6
41870271,28,14,-1,-1,4
41868560,17,17,-1,-1,4
41869834,33,13,-1,-1,5
41872163,9,52,-1,-1,5
41870880,29,2,-1,-1,7
41872431,44,53,-1,-1,0
41871095,47,15,-1,-1,1
41868463,51,46,-1,-1,6
41871376,17,36,-1,-1,7
41870981,25,7,-1,-1,7
41869192,52,29,-1,-1,1
41871234,29,1,-1,-1,3
41861098,13,17,-1,-1,3
41871726,30,37,-1,-1,4
41866853,37,21,-1,-1,6
41871971,43,50,-1,-1,6
41872080,52,8,-1,-1,1
41866475,0,48,-1,-1,1
41865524,44,56,-1,-1,1
41863900,52,21,-1,-1,2
41865614,50,10,-1,-1,4
41869231,38,33,-1,-1,6
41867312,43,45,-1,-1,4
41862545,45,48,-1,-1,7
41867252,51,7,-1,-1,3
41864157,14,25,-1,-1,1
41870793,28,9,-1,-1,2
41872446,58,18,-1,-1,2
41872061,46,44,-1,-1,2
41869480,39,10,-1,-1,6
41872278,26,58,-1,-1,4
41872037,5,43,-1,-1,0
41869267,10,5,-1,-1,3
41871344,52,16,-1,-1,7
41869155,22,28,-1,-1,1
41872055,40,0,-1,-1,6
41871988,46,39,-1,-1,4
41871250,39,18,-1,-1,4
41870649,57,15,-1,-1,5
41871278,56,21,-1,-1,2
41871460,52,51,-1,-1,5
41872215,16,53,-1,-1,3
41862078,0,43,-1,-1,0
41870474,57,54,-1,-1,5
41872259,13,3,-1,-1,6
41870344,2,47,-1,-1,6
41872352,40,20,-1,-1,4
41868818,15,54,-1,-1,1
41870972,51,4,-1,-1,1
41868258,38,36,-1,-1,2
41871911,10,15,-1,-1,4
41871735,47,4,-1,-1,1
41869820,17,6,-1,-1,2
41853010,39,54,-1,-1,4
41864856,18,21,-1,-1,6
41872377,58,53,-1,-1,2
41872129,31,40,-1,-1,2
41865791,41,56,-1,-1,0
41866850,14,19,-1,-1,5
41871883,49,4,-1,-1,0
41869456,17,45,-1,-1,7
41870980,3,20,-1,-1,6
41872189,10,50,-1,-1,6
41871274,13,48,-1,-1,1
41872009,32,39,-1,-1,7
41872454,20,35,-1,-1,5
41869886,6,50,-1,-1,5
41870455,52,19,-1,-1,4
41869674,25,6,-1,-1,0
41864902,45,20,-1,-1,7
41870439,22,16,-1,-1,5
41858132,49,36,-1,-1,4
41869110,29,47,-1,-1,7
41869636,48,34,-1,-1,2
41871910,8,24,-1,-1,4
41869780,41,49,-1,-1,3
41869925,10,39,-1,-1,5
41870537,11,18,-1,-1,6
41869556,51,49,-1,-1,3
41864238,57,7,-1,-1,7
41870895,55,14,-1,-1,4
41868250,23,55,-1,-1,5
41864317,9,21,-1,-1,0
41872303,0,19,-1,-1,3
41862857,37,15,-1,-1,2
41865003,39,39,-1,-1,1
41866278,16,24,-1,-1,6
41866868,7,42,-1,-1,7
41869059,10,19,-1,-1,4
41862057,34,15,-1,-1,7
41872229,28,30,-1,-1,2
41871640,51,27,-1,-1,5
41866387,52,27,-1,-1,1
41870443,38,23,-1,-1,0
41871618,6,9,-1,-1,7
41872392,31,42,-1,-1,1
41871097,58,14,-1,-1,7
41872172,27,8,-1,-1,0
41871513,42,26,-1,-1,3
41872260,53,17,-1,-1,6
41870361,53,16,-1,-1,3
41871516,17,18,-1,-1,3
41870313,44,15,-1,-1,2
41870215,40,38,-1,-1,0
41870785,13,46,-1,-1,2
41871694,39,28,-1,-1,7
41867792,34,23,-1,-1,7
41871301,16,0,-1,-1,4
41869588,18,6,-1,-1,0
41871779,58,31,-1,-1,3
41871922,14,39,-1,-1,6
41865025,37,55,-1,-1,3
41866045,55,3,-1,-1,5
41851620,37,17,-1,-1,7
41867640,47,44,-1,-1,2
41871420,15,48,-1,-1,2
41863192,14,8,-1,-1,2
41869411,28,27,-1,-1,5
41868215,11,19,-1,-1,5
41870210,52,37,-1,-1,1
41866501,52,30,-1,-1,2
41871456,11,34,-1,-1,3
41866545,40,49,-1,-1,1
41872289,19,28,-1,-1,6
41866858,15,29,-1,-1,7
41865965,25,55,-1,-1,7
41872402,52,58,-1,-1,3
41872405,32,18,-1,-1,5
41867547,0,23,-1,-1,3
41869302,44,22,-1,-1,3
41872248,2,54,-1,-1,0
41871771,56,2,-1,-1,0
41870260,15,57,-1,-1,0
41869024,44,16,-1,-1,2
41869531,46,40,-1,-1,4
41865674,35,22,-1,-1,5
41870438,54,54,-1,-1,3
41871410,18,24,-1,-1,6
41870365,15,18,-1,-1,7
41872108,53,49,-1,-1,5
41864436,16,42,-1,-1,0
41871235,33,58,-1,-1,7
41869649,45,37,-1,-1,3
41865769,33,56,-1,-1,7
41872410,31,26,-1,-1,7
41871547,47,37,-1,-1,0
41869685,12,32,-1,-1,6
41869000,48,51,-1,-1,7
41869926,39,25,-1,-1,7
41872173,27,56,-1,-1,7
41869035,13,33,-1,-1,3
41867586,22,50,-1,-1,7
41865371,25,28,-1,-1,0
41871488,5,21,-1,-1,5
41871642,53,57,-1,-1,3
41869704,4,27,-1,-1,1
41864910,55,45,-1,-1,5
41866810,31,25,-1,-1,5
41868514,54,0,-1,-1,7
41871592,11,36,-1,-1,3
41871312,9,49,-1,-1,7
41869147,45,4,-1,-1,1
41869386,5,14,-1,-1,3
41871855,40,7,-1,-1,7
41872428,37,4,-1,-1,6
41869586,0,32,-1,-1,4
41870473,23,38,-1,-1,3
41862960,38,52,-1,-1,7
41872245,17,41,-1,-1,7
41870861,28,39,-1,-1,6
41872230,17,13,-1,-1,5
41870519,25,19,-1,-1,4
41867943,44,24,-1,-1,6
41868960,52,32,-1,-1,6
41870295,6,44,-1,-1,0
41864090,49,18,-1,-1,0
41870163,58,29,-1,-1,2
41872177,6,8,-1,-1,1
41870239,30,10,-1,-1,0
41870159,26,0,-1,-1,3
41870988,47,19,-1,-1,4
41858681,29,56,-1,-1,1
41866085,2,44,-1,-1,0
41867437,36,26,-1,-1,7
41867631,30,9,-1,-1,7
41871486,9,23,-1,-1,4
41862525,15,51,-1,-1,3
41871787,23,3,-1,-1,0
41869130,4,49,-1,-1,3
41869617,36,38,-1,-1,3
41868677,48,52,-1,-1,7
41870206,56,32,-1,-1,1
41870869,57,41,-1,-1,5
41871415,15,35,-1,-1,1
41871265,16,55,-1,-1,7
41855789,31,6,-1,-1,0
41872460,34,9,-1,-1,1
41870957,29,17,-1,-1,0
41867839,46,28,-1,-1,2
41867781,35,38,-1,-1,2
41864623,50,48,-1,-1,0
41860976,32,31,-1,-1,6
41866631,53,55,-1,-1,0
41871268,56,53,-1,-1,4
41870188,36,19,-1,-1,2
41872361,28,12,-1,-1,7
41870132,33,2,-1,-1,2
41859112,42,17,-1,-1,7
41871556,15,52,-1,-1,4
41872281,9,2,-1,-1,3
41870616,50,43,-1,-1,3
41871368,24,17,-1,-1,1
41866975,48,37,-1,-1,6
41870405,8,26,-1,-1,2
41872253,11,24,-1,-1,5
41866851,58,12,-1,-1,6
41872390,7,8,-1,-1,2
41868100,55,16,-1,-1,4
41871629,8,43,-1,-1,6
41864385,53,33,-1,-1,3
41868229,14,2,-1,-1,1
41869687,13,9,-1,-1,4
41867704,5,39,-1,-1,7
41872406,57,11,-1,-1,7
41868441,14,53,-1,-1,5
41869016,29,25,-1,-1,7
41872298,31,16,-1,-1,1
41865199,25,25,-1,-1,2
41870390,36,36,-1,-1,2
41871360,26,12,-1,-1,4
41868146,47,32,-1,-1,5
41865265,9,19,-1,-1,5
41870643,37,41,-1,-1,5
41871424,14,26,-1,-1,4
41871434,50,4,-1,-1,4
41865027,36,15,-1,-1,7
41865661,0,14,-1,-1,3
41869241,30,54,-1,-1,5
41862496,37,12,-1,-1,3
41871011,55,27,-1,-1,2
41865269,36,10,-1,-1,6
41872103,47,25,-1,-1,4
41872475,39,53,-1,-1,4
41866040,17,4,-1,-1,1
41869415,44,1,-1,-1,5
41869376,9,57,-1,-1,0
41865702,43,40,-1,-1,4
41859951,37,48,-1,-1,1
41871137,21,41,-1,-1,6
41867433,21,20,-1,-1,3
41870576,41,23,-1,-1,0
41865612,18,52,-1,-1,5
41868220,15,50,-1,-1,0
41862558,19,18,-1,-1,5
41869179,11,37,-1,-1,0
41866818,30,48,-1,-1,4
41868203,10,31,-1,-1,5
41869902,31,38,-1,-1,4
41870374,34,35,-1,-1,7
41866097,51,44,-1,-1,3
41871383,58,24,-1,-1,7
41871623,22,39,-1,-1,7
41869952,26,51,-1,-1,2
41872140,1,54,-1,-1,2
41866296,55,48,-1,-1,4
41870977,23,8,-1,-1,7
41867062,4,4,-1,-1,3
41872421,50,54,-1,-1,6
41869290,12,24,-1,-1,3
41871267,44,19,-1,-1,3
41868059,54,29,-1,-1,0
41871168,5,2,-1,-1,2
41869757,53,1,-1,-1,2
41870807,55,8,-1,-1,1
41870306,29,7,-1,-1,3
41864676,41,44,-1,-1,7
41871812,47,3,-1,-1,1
41869611,17,35,-1,-1,5
41869709,32,7,-1,-1,1
41863925,42,53,-1,-1,6
41853977,8,54,-1,-1,4
41868308,5,23,-1,-1,4
41860438,18,16,-1,-1,7
41868435,12,4,-1,-1,5
41870209,26,52,-1,-1,2
41871829,48,15,-1,-1,5
41872307,42,20,-1,-1,1
41871046,11,51,-1,-1,3
41871438,48,36,-1,-1,4
41859997,17,50,-1,-1,5
41871055,42,12,-1,-1,4
41867365,11,31,-1,-1,3
41862600,22,7,-1,-1,7
41870507,48,9,-1,-1,2
41871430,24,10,-1,-1,5
41868848,11,14,-1,-1,6
41866778,55,28,-1,-1,5
41871123,2,11,-1,-1,3
41866494,19,43,-1,-1,4
41864630,16,5,-1,-1,3
41867208,7,31,-1,-1,0
41867876,0,40,-1,-1,2
41868548,53,29,-1,-1,4
41865224,28,26,-1,-1,6
41872435,34,12,-1,-1,4
41870620,30,8,-1,-1,0
41865553,41,17,-1,-1,1
41871270,53,35,-1,-1,7
41865239,42,18,-1,-1,7
41870061,58,13,-1,-1,3
41871607,6,26,-1,-1,6
41872345,7,27,-1,-1,2
41871497,55,43,-1,-1,3
41866963,15,34,-1,-1,0
41866361,17,0,-1,-1,3
41867381,57,35,-1,-1,7
41867321,27,40,-1,-1,5
41866302,16,16,-1,-1,1
41863556,39,31,-1,-1,7
41872002,44,29,-1,-1,3
41870819,23,51,-1,-1,5
41860737,2,45,-1,-1,1
41855964,30,53,-1,-1,1
41871422,10,41,-1,-1,3
41863112,31,30,-1,-1,4
41870142,11,25,-1,-1,4
41866041,57,32,-1,-1,5
41866178,26,37,-1,-1,3
41868034,21,27,-1,-1,6
41866297,55,5,-1,-1,2
41866519,28,43,-1,-1,0
41860668,42,31,-1,-1,2
41872049,5,27,-1,-1,0
41866683,45,57,-1,-1,3
41872225,22,43,-1,-1,0
41870329,34,33,-1,-1,6
41867012,25,47,-1,-1,1
41872257,28,55,-1,-1,7
41860838,43,12,-1,-1,0
41871890,45,12,-1,-1,0
41871579,24,52,-1,-1,1
41868619,22,47,-1,-1,3
41870967,21,7,-1,-1,3
41869242,23,45,-1,-1,2
41871786,48,58,-1,-1,4
41870403,24,42,-1,-1,2
41870858,48,49,-1,-1,0
41866068,33,45,-1,-1,2
41872169,0,55,-1,-1,2
41872076,11,55,-1,-1,0
41872033,37,38,-1,-1,4
41870518,3,48,-1,-1,4
41866752,28,3,-1,-1,2
41871450,21,3,-1,-1,4
41868715,25,54,-1,-1,2
41872188,23,39,-1,-1,5
41871539,27,32,-1,-1,4
41868288,48,16,-1,-1,4
41871093,17,42,-1,-1,0
41870594,1,48,-1,-1,7
41864957,39,11,-1,-1,4
41872342,2,35,-1,-1,7
41870416,34,58,-1,-1,3
41870173,47,5,-1,-1,7
41870174,2,28,-1,-1,5
41871671,25,13,-1,-1,1
41872359,35,56,-1,-1,5
41870674,7,29,-1,-1,3
41860304,49,53,-1,-1,6
41870125,43,9,-1,-1,4
41854509,23,37,-1,-1,6
41856607,22,19,-1,-1,7
41863858,18,38,-1,-1,0
41870348,1,45,-1,-1,7
41869234,45,35,-1,-1,1
41870103,40,50,-1,-1,3
41869342,18,19,-1,-1,4
41867961,8,53,-1,-1,5
41868989,33,1,-1,-1,5
41870120,53,5,-1,-1,1
41866728,56,33,-1,-1,2
41868311,34,42,-1,-1,1
41870262,9,7,-1,-1,5
41872387,17,27,-1,-1,0
41870319,44,52,-1,-1,2
41870385,58,51,-1,-1,3
41872062,6,34,-1,-1,2
41867555,49,12,-1,-1,3
41870505,26,1,-1,-1,1
41869426,9,15,-1,-1,2
41870914,4,10,-1,-1,4
41871227,11,57,-1,-1,7
41868443,45,14,-1,-1,4
41865176,19,41,-1,-1,5
41869668,9,53,-1,-1,1
41872467,23,29,-1,-1,2
41871429,47,40,-1,-1,7
41871762,15,21,-1,-1,1
41865805,27,0,-1,-1,7
41864833,45,10,-1,-1,3
41871477,19,38,-1,-1,5
41867144,52,48,-1,-1,1
41871520,37,1,-1,-1,7
41867220,54,42,-1,-1,6
41868238,2,40,-1,-1,0
41862678,49,14,-1,-1,3
41868456,0,36,-1,-1,3
41867460,21,43,-1,-1,6
41871707,36,9,-1,-1,5
41867721,20,31,-1,-1,7
41868537,54,23,-1,-1,4
41872426,10,49,-1,-1,7
41871256,48,46,-1,-1,6
41871053,23,31,-1,-1,0
41871178,17,3,-1,-1,6
41868221,25,35,-1,-1,6
41863144,56,10,-1,-1,1
41868411,25,20,-1,-1,0
41871706,6,11,-1,-1,0
41870082,52,1,-1,-1,4
41869864,38,44,-1,-1,3
41871017,5,31,-1,-1,1
41870321,17,51,-1,-1,5
41871263,15,38,-1,-1,3
41870285,3,36,-1,-1,5
41869169,54,37,-1,-1,4
41871483,47,48,-1,-1,5
41860610,36,0,-1,-1,6
41867887,6,37,-1,-1,1
41867944,1,15,-1,-1,7
41869329,25,58,-1,-1,7
41871805,13,58,-1,-1,7
41862447,8,51,-1,-1,7
41864917,51,15,-1,-1,5
41869973,11,45,-1,-1,4
41870421,41,54,-1,-1,7
41869332,45,47,-1,-1,6
41871503,25,48,-1,-1,3
41870641,43,56,-1,-1,3
41872425,42,22,-1,-1,7
41870961,0,10,-1,-1,5
41871881,26,50,-1,-1,3
41872159,40,23,-1,-1,3
41867755,27,12,-1,-1,5
41871570,55,49,-1,-1,5
41871777,32,27,-1,-1,4
41870887,49,35,-1,-1,5
41862683,22,9,-1,-1,2
41866870,45,42,-1,-1,4
41868353,43,43,-1,-1,5
41856834,5,30,-1,-1,7
41869196,14,34,-1,-1,1
41871327,31,31,-1,-1,2
41863118,15,15,-1,-1,1
41871742,10,53,-1,-1,6
41871322,38,11,-1,-1,0
41870731,0,51,-1,-1,2
41870099,14,29,-1,-1,5
41869323,7,14,-1,-1,2
41872265,37,54,-1,-1,5
41870663,44,13,-1,-1,4
41868019,14,46,-1,-1,6
41872351,6,57,-1,-1,4
41869692,23,18,-1,-1,3
41872485,33,33,-1,-1,2
41869596,40,51,-1,-1,4
41869917,10,26,-1,-1,5
41869407,5,9,-1,-1,0
41872066,1,56,-1,-1,6
41869238,34,48,-1,-1,2
41870792,52,31,-1,-1,1
41865356,12,12,-1,-1,6
41872310,48,2,-1,-1,0
41872032,7,35,-1,-1,5
41870596,1,0,-1,-1,0
41869920,16,7,-1,-1,7
41871276,50,20,-1,-1,6
41870627,35,13,-1,-1,0
41871758,50,31,-1,-1,0
41863937,42,3,-1,-1,1
41869730,23,54,-1,-1,3
41865622,16,36,-1,-1,6
41870581,58,40,-1,-1,4
41871393,22,24,-1,-1,7
41872098,48,23,-1,-1,1
41870569,16,49,-1,-1,6
41866747,19,27,-1,-1,6
41869421,18,40,-1,-1,4
41870749,32,42,-1,-1,5
41870110,8,35,-1,-1,2
41869659,35,17,-1,-1,7
41869022,36,2,-1,-1,3
41863533,29,0,-1,-1,6
41859067,45,3,-1,-1,4
41871630,18,26,-1,-1,3
41870139,50,49,-1,-1,4
41871986,5,0,-1,-1,5
41869382,16,46,-1,-1,7
41871801,46,19,-1,-1,4
41872349,25,46,-1,-1,3
41869568,0,20,-1,-1,4
41869717,21,15,-1,-1,2
41870442,47,51,-1,-1,3
41871669,11,48,-1,-1,4
41869967,1,10,-1,-1,1
41871924,48,11,-1,-1,2
41872366,3,5,-1,-1,6
41871684,0,16,-1,-1,5
41869931,54,7,-1,-1,2
41871439,48,50,-1,-1,4
41872196,39,37,-1,-1,0
41871826,23,56,-1,-1,3
41870821,47,1,-1,-1,5
41872299,58,50,-1,-1,2
41867826,37,3,-1,-1,3
41869249,2,23,-1,-1,4
41866425,54,52,-1,-1,4
41870376,41,53,-1,-1,2
41872207,56,6,-1,-1,5
41869904,45,29,-1,-1,2
41871207,33,47,-1,-1,1
41871102,11,22,-1,-1,1
41870454,57,9,-1,-1,7
41866006,33,36,-1,-1,1
41871784,29,23,-1,-1,0
41872270,1,1,-1,-1,5
41872035,15,1,-1,-1,5
41872065,13,40,-1,-1,5
41869797,54,28,-1,-1,1
41869252,37,31,-1,-1,5
41870171,33,18,-1,-1,2
41870586,50,15,-1,-1,5
41867384,41,24,-1,-1,0
41870784,27,25,-1,-1,5
41868794,8,30,-1,-1,7
41861530,42,54,-1,-1,7
41868008,52,2,-1,-1,3
41870924,16,21,-1,-1,1
41870720,27,10,-1,-1,1
41871531,32,3,-1,-1,3
41872073,58,27,-1,-1,3
41872199,56,22,-1,-1,2
41871902,41,39,-1,-1,5
41871617,14,6,-1,-1,7
41865909,57,25,-1,-1,4
41871844,49,19,-1,-1,7
41860821,58,21,-1,-1,1
41864766,29,27,-1,-1,5
41871544,10,8,-1,-1,1
41872471,42,41,-1,-1,1
41865604,26,43,-1,-1,7
41867083,9,56,-1,-1,1
41864096,30,3,-1,-1,3
41868147,20,47,-1,-1,5
41872344,2,7,-1,-1,1
41869341,12,35,-1,-1,3
41872119,22,1,-1,-1,1
41871048,49,0,-1,-1,2
41870440,33,0,-1,-1,5
41870536,51,14,-1,-1,2
41869671,3,38,-1,-1,1
41871476,21,18,-1,-1,3
41871903,10,45,-1,-1,2
41871465,57,58,-1,-1,2
41871649,15,14,-1,-1,5
41870698,15,16,-1,-1,5
41872439,27,22,-1,-1,6
41866802,24,21,-1,-1,7
41871196,43,57,-1,-1,4
41866414,8,49,-1,-1,5
41872379,46,54,-1,-1,5
41871302,55,55,-1,-1,3
41871832,11,4,-1,-1,3
41870824,19,47,-1,-1,2
41871860,9,3,-1,-1,1
41869601,38,56,-1,-1,7
41872077,4,29,-1,-1,5
41872152,30,43,-1,-1,6
41865204,8,31,-1,-1,5
41869439,26,13,-1,-1,0
41867867,25,12,-1,-1,5
41869413,1,18,-1,-1,2
41871170,12,38,-1,-1,4
41865259,58,35,-1,-1,1
41869260,54,31,-1,-1,4
41872274,44,49,-1,-1,2
41865426,36,52,-1,-1,3
41872206,56,35,-1,-1,2
41872237,13,25,-1,-1,5
41869309,51,8,-1,-1,6
41865032,21,1,-1,-1,3
41870251,19,37,-1,-1,7
41871563,8,57,-1,-1,1
41871351,6,1,-1,-1,0
41871584,48,8,-1,-1,6
41870739,43,48,-1,-1,2
41869387,5,10,-1,-1,2
41854849,54,4,-1,-1,1
41868825,6,41,-1,-1,4
41872070,35,50,-1,-1,4
41872101,17,43,-1,-1,3
41871084,41,40,-1,-1,1
41865280,16,20,-1,-1,6
41856983,24,3,-1,-1,4
41857181,48,25,-1,-1,2
41869057,2,8,-1,-1,7
41863268,30,14,-1,-1,6
41869023,18,33,-1,-1,3
41861565,45,24,-1,-1,0
41871092,10,9,-1,-1,1
41864882,38,13,-1,-1,4
41871139,49,57,-1,-1,3
41872024,2,30,-1,-1,0
41864009,30,44,-1,-1,3
41871418,38,31,-1,-1,4
41871399,53,46,-1,-1,6
41867803,39,20,-1,-1,3
41870503,58,7,-1,-1,7
41866680,24,44,-1,-1,0
41870231,0,6,-1,-1,4
41871001,13,55,-1,-1,6
41857334,57,5,-1,-1,2
41870589,24,30,-1,-1,3
41867483,21,47,-1,-1,4
41869343,23,11,-1,-1,3
41870920,45,1,-1,-1,7
41870054,55,33,-1,-1,0
41869932,32,11,-1,-1,6
41867551,19,45,-1,-1,1
41872296,36,46,-1,-1,2
41872419,47,6,-1,-1,2
41868963,24,32,-1,-1,6
41872388,47,47,-1,-1,6
41870380,5,32,-1,-1,6
41870970,14,48,-1,-1,5
41871668,3,1,-1,-1,7
41863816,52,11,-1,-1,4
41869869,34,44,-1,-1,0
41857876,18,10,-1,-1,7
41868786,33,19,-1,-1,2
41868919,29,5,-1,-1,6
41871316,29,53,-1,-1,2
41870933,40,47,-1,-1,1
41870893,56,28,-1,-1,6
41872109,13,34,-1,-1,7
41865787,35,49,-1,-1,2
41871079,42,1,-1,-1,2
41872097,35,14,-1,-1,6
41869420,44,12,-1,-1,1
41867049,44,21,-1,-1,1
41872376,46,17,-1,-1,3
41870828,41,27,-1,-1,0
41871650,5,56,-1,-1,0
41871895,49,2,-1,-1,3
41871807,4,56,-1,-1,4
41867872,25,1,-1,-1,6
41871163,17,31,-1,-1,4
41870756,33,21,-1,-1,6
41868842,23,25,-1,-1,2
41868322,18,11,-1,-1,4
41872282,16,3,-1,-1,7
41857878,51,25,-1,-1,0
41870308,48,54,-1,-1,4
41871423,9,45,-1,-1,4
41870028,7,18,-1,-1,7
41871847,20,14,-1,-1,2
41871443,2,22,-1,-1,1
41864765,3,10,-1,-1,4
41872283,58,19,-1,-1,7
41866049,27,20,-1,-1,0
41863301,40,1,-1,-1,4
41871188,21,37,-1,-1,5
41863953,18,42,-1,-1,0
41871223,53,34,-1,-1,5
41870654,0,26,-1,-1,5
41868636,0,47,-1,-1,5
41869673,21,51,-1,-1,2
41866711,35,48,-1,-1,7
41870894,31,46,-1,-1,7
41871564,34,16,-1,-1,5
41871622,23,32,-1,-1,4
41871204,29,41,-1,-1,4
41857868,13,22,-1,-1,5
41871337,15,28,-1,-1,6
41868035,32,17,-1,-1,0
41863218,1,25,-1,-1,2
41865366,2,38,-1,-1,5
41872267,3,47,-1,-1,0
41869392,57,21,-1,-1,5
41862725,3,24,-1,-1,5
41869122,50,16,-1,-1,1
41867369,44,27,-1,-1,0
41868915,37,29,-1,-1,0
41871824,38,10,-1,-1,3
41868674,49,28,-1,-1,4
41872483,16,58,-1,-1,6
41870864,28,5,-1,-1,0
41867330,5,15,-1,-1,3
41868953,45,58,-1,-1,2
41867486,46,48,-1,-1,4
41868614,4,48,-1,-1,2
41869263,36,58,-1,-1,4
41872306,54,10,-1,-1,6
41868378,51,17,-1,-1,6
41861758,39,58,-1,-1,1
41870822,21,36,-1,-1,2
41871718,15,12,-1,-1,7
41869331,53,8,-1,-1,7
41871050,2,56,-1,-1,4
41868538,42,30,-1,-1,5
41867410,9,55,-1,-1,5
41872040,12,40,-1,-1,5
41868774,11,28,-1,-1,0
41871076,38,30,-1,-1,0
41870711,23,16,-1,-1,3
41870670,51,21,-1,-1,6
41869846,38,37,-1,-1,4
41869278,6,30,-1,-1,7
41861964,37,19,-1,-1,7
41870560,34,18,-1,-1,2
41852191,4,47,-1,-1,1
41871582,43,28,-1,-1,2
41867760,31,36,-1,-1,3
41863619,3,33,-1,-1,1
41870724,42,37,-1,-1,4
41867627,52,17,-1,-1,5
41861397,42,21,-1,-1,2
41871651,4,9,-1,-1,3
41868717,3,50,-1,-1,7
41867032,44,6,-1,-1,4
41866592,32,52,-1,-1,4
41871713,20,33,-1,-1,6
41870360,31,45,-1,-1,4
41869401,41,30,-1,-1,1
41872422,58,26,-1,-1,5
41871604,18,22,-1,-1,0
41868637,53,44,-1,-1,1
41871626,39,5,-1,-1,2
41872123,14,17,-1,-1,4
41860815,42,19,-1,-1,7
41867233,10,52,-1,-1,0
41872112,42,35,-1,-1,2
41871791,53,13,-1,-1,1
41872348,51,50,-1,-1,1
41870490,5,5,-1,-1,6
41865437,24,40,-1,-1,1
41869283,26,20,-1,-1,5
41870423,5,35,-1,-1,7
41871356,30,29,-1,-1,3
41871769,46,0,-1,-1,0
41872085,46,29,-1,-1,0
41865205,47,9,-1,-1,3
41871150,52,18,-1,-1,7
41870602,0,29,-1,-1,4
41864326,35,57,-1,-1,3
41871369,40,43,-1,-1,2
41868125,43,53,-1,-1,6
41863670,50,18,-1,-1,0
41871332,37,33,-1,-1,2
41868991,2,20,-1,-1,0
41868174,12,3,-1,-1,2
41867042,16,22,-1,-1,1
41870046,2,15,-1,-1,6
41860619,29,43,-1,-1,4
41868267,41,8,-1,-1,3
41870432,11,23,-1,-1,2
41871797,22,20,-1,-1,5
41870599,30,47,-1,-1,3
41871856,22,15,-1,-1,2
41869971,49,7,-1,-1,6
41870767,58,49,-1,-1,1
41869961,1,42,-1,-1,6
41858676,13,18,-1,-1,1
41871606,39,57,-1,-1,6
41868855,15,10,-1,-1,1
41871681,32,57,-1,-1,0
41870479,34,57,-1,-1,6
41861614,9,9,-1,-1,6
41870761,42,56,-1,-1,3
41870624,39,27,-1,-1,0
41872416,28,1,-1,-1,6
41869091,27,35,-1,-1,1
41870809,8,44,-1,-1,1
41871201,19,57,-1,-1,1
41870644,6,5,-1,-1,2
41872044,4,13,-1,-1,2
41868639,47,29,-1,-1,4
41871490,20,38,-1,-1,3
41870042,56,19,-1,-1,7
41870610,14,1,-1,-1,2
41865006,12,50,-1,-1,7
41843622,43,42,-1,-1,2
41871625,9,36,-1,-1,4
41870830,55,23,-1,-1,5
41853272,28,20,-1,-1,6
41867798,56,12,-1,-1,7
41867442,13,14,-1,-1,4
41872327,16,30,-1,-1,0
41868988,10,55,-1,-1,4
41864751,16,44,-1,-1,0
41860535,23,30,-1,-1,3
41870766,44,25,-1,-1,5
41869271,26,14,-1,-1,7
41868083,52,56,-1,-1,6
41870741,29,45,-1,-1,0
41862358,19,25,-1,-1,3
41872429,14,36,-1,-1,4
41864825,14,47,-1,-1,4
41863610,32,40,-1,-1,6
41871597,10,13,-1,-1,2
41872449,2,9,-1,-1,6
41866969,8,45,-1,-1,2
41866112,35,19,-1,-1,0
41870185,17,1,-1,-1,3
41871045,51,40,-1,-1,6
41871688,52,53,-1,-1,3
41872122,54,14,-1,-1,3
41868337,54,26,-1,-1,5
41872126,24,55,-1,-1,0
41871072,12,8,-1,-1,6
41870879,45,9,-1,-1,7
41869164,0,5,-1,-1,7
41871781,9,16,-1,-1,2
41869394,19,29,-1,-1,3
41869833,42,46,-1,-1,4
41872386,27,52,-1,-1,2
41856791,6,54,-1,-1,0
41868793,23,57,-1,-1,6
41868474,28,19,-1,-1,6
41871466,58,22,-1,-1,4
41862798,53,53,-1,-1,7
41871819,30,56,-1,-1,2
41870237,52,10,-1,-1,2
41869340,33,15,-1,-1,4
41872478,44,51,-1,-1,1
41866027,38,35,-1,-1,3
41867430,45,49,-1,-1,4
41871132,16,23,-1,-1,1
41871112,48,57,-1,-1,5
41867207,21,38,-1,-1,0
41867638,49,11,-1,-1,5
41871364,55,32,-1,-1,6
41871103,28,17,-1,-1,0
41865492,5,18,-1,-1,1
41872218,26,2,-1,-1,7
41868046,14,38,-1,-1,0
41870734,22,49,-1,-1,1
41872150,35,16,-1,-1,1
41872332,28,57,-1,-1,5
41865593,32,36,-1,-1,5
41865071,25,53,-1,-1,1
41870430,56,49,-1,-1,6
41870897,3,55,-1,-1,0
41870383,22,40,-1,-1,1
41872312,7,51,-1,-1,2
41867122,12,53,-1,-1,7
41871349,48,32,-1,-1,2
41870039,33,49,-1,-1,0
41869328,44,18,-1,-1,1
41867815,22,13,-1,-1,0
41868264,7,22,-1,-1,2
41871937,52,4,-1,-1,3
41871586,16,26,-1,-1,7
41870460,28,24,-1,-1,4
41870939,14,20,-1,-1,1
41871413,38,14,-1,-1,0
41868801,58,1,-1,-1,0
41868403,57,45,-1,-1,0
41864124,18,50,-1,-1,6
41871887,26,11,-1,-1,5
41869494,16,19,-1,-1,7
41872294,23,24,-1,-1,7
41870562,1,9,-1,-1,7
41868611,14,49,-1,-1,6
41868778,39,23,-1,-1,3
41871731,51,11,-1,-1,4
41869509,25,3,-1,-1,5
41871470,20,19,-1,-1,3
41869129,15,0,-1,-1,3
41864407,47,2,-1,-1,3
41868765,6,13,-1,-1,4
41870352,55,13,-1,-1,1
41870216,0,53,-1,-1,1
41872220,33,23,-1,-1,1
41867332,19,31,-1,-1,1
41864686,4,17,-1,-1,1
41872088,30,11,-1,-1,2
41872054,9,14,-1,-1,0
41871073,51,10,-1,-1,1
41869731,5,22,-1,-1,3
41858455,20,45,-1,-1,7
41870362,54,53,-1,-1,7
41855369,16,6,-1,-1,6
41870795,0,21,-1,-1,6
41867100,12,42,-1,-1,6
41868151,10,0,-1,-1,7
41870611,19,13,-1,-1,7
41870395,49,15,-1,-1,1
41871575,13,16,-1,-1,0
41871258,51,51,-1,-1,4
41871976,16,35,-1,-1,2
41860620,47,23,-1,-1,7
41870484,19,56,-1,-1,3
41870875,30,12,-1,-1,6
41870944,15,23,-1,-1,0
41868371,20,9,-1,-1,6
41870760,18,17,-1,-1,6
41870750,38,22,-1,-1,0
41870870,53,23,-1,-1,4
41870882,10,56,-1,-1,4
41872480,50,56,-1,-1,7
41869705,12,31,-1,-1,1
41866004,18,58,-1,-1,0
41870486,56,39,-1,-1,3
41863588,12,9,-1,-1,3
41870353,35,29,-1,-1,7
41870780,32,55,-1,-1,0
41868300,18,43,-1,-1,4
41869274,13,20,-1,-1,5
41871736,29,52,-1,-1,2
41871471,45,26,-1,-1,5
41862840,1,20,-1,-1,1
41871557,39,50,-1,-1,3
41872381,46,12,-1,-1,5
41868903,37,32,-1,-1,2
41867965,45,34,-1,-1,3
41870806,31,13,-1,-1,4
41866002,50,17,-1,-1,7
41870664,54,30,-1,-1,7
41865994,19,10,-1,-1,3
41870483,48,17,-1,-1,2
41868871,31,32,-1,-1,4
41868749,46,33,-1,-1,0
41870196,45,50,-1,-1,4
41865755,0,2,-1,-1,0
41870300,34,27,-1,-1,6
41864061,11,27,-1,-1,7
41871935,4,26,-1,-1,1
41860623,19,22,-1,-1,1
41870688,10,51,-1,-1,3
41868670,58,55,-1,-1,6
41864785,29,40,-1,-1,1
41856963,36,41,-1,-1,5
41862343,26,40,-1,-1,2
41872222,5,40,-1,-1,0
41858407,6,4,-1,-1,7
41870164,6,58,-1,-1,1
41871404,31,34,-1,-1,4
41867531,56,18,-1,-1,3
41868479,53,52,-1,-1,3
41872382,34,2,-1,-1,2
41870094,16,37,-1,-1,3
41871546,29,38,-1,-1,4
41869291,9,47,-1,-1,3
41871689,26,16,-1,-1,4
41867198,4,25,-1,-1,6
41871624,8,46,-1,-1,3
41872029,15,7,-1,-1,0
41865638,18,28,-1,-1,2
41866664,15,25,-1,-1,2
41871518,19,15,-1,-1,1
41870835,29,32,-1,-1,3
41868843,35,26,-1,-1,6
41872095,1,32,-1,-1,3
41868152,40,52,-1,-1,4
41871294,35,47,-1,-1,0
41871130,2,52,-1,-1,1
41871831,19,30,-1,-1,7
41871365,36,30,-1,-1,1
41867205,5,1,-1,-1,5
41869890,57,0,-1,-1,6
41871098,46,10,-1,-1,0
41871930,18,2,-1,-1,7
41864884,47,11,-1,-1,5
41860065,51,41,-1,-1,1
41868599,29,12,-1,-1,7
41870446,30,58,-1,-1,5
41865844,22,17,-1,-1,7
41868448,21,34,-1,-1,1
41869119,7,43,-1,-1,0
41855963,23,33,-1,-1,0
41869086,24,53,-1,-1,2
41871386,15,17,-1,-1,2
41872165,7,23,-1,-1,4
41868257,9,48,-1,-1,0
41868231,26,46,-1,-1,4
41863030,49,13,-1,-1,7
41866198,29,49,-1,-1,0
41863708,40,36,-1,-1,0
41868455,10,29,-1,-1,6
41863977,26,4,-1,-1,3
41865181,54,34,-1,-1,3
41872079,34,51,-1,-1,3
41860157,44,47,-1,-1,4
41861476,58,2,-1,-1,2
41869121,15,47,-1,-1,6
41871798,41,47,-1,-1,1
41862750,0,37,-1,-1,7
41868450,46,16,-1,-1,1
41871149,20,50,-1,-1,6
41867806,48,29,-1,-1,1
41872078,37,58,-1,-1,0
41870067,32,41,-1,-1,7
41863167,16,18,-1,-1,2
41871440,36,44,-1,-1,6
41868237,43,20,-1,-1,6
41866674,22,36,-1,-1,7
41864193,16,48,-1,-1,1
41871775,51,16,-1,-1,6
41870339,41,57,-1,-1,0
41860003,19,26,-1,-1,4
41871176,31,23,-1,-1,1
41871246,16,50,-1,-1,5
41869475,54,21,-1,-1,5
41871852,0,3,-1,-1,7
41872362,57,19,-1,-1,5
41871506,18,39,-1,-1,6
41866235,56,42,-1,-1,3
41871462,52,23,-1,-1,0
41859028,6,46,-1,-1,3
41872313,1,29,-1,-1,7
41860145,37,43,-1,-1,3
41869557,53,41,-1,-1,3
41872373,43,23,-1,-1,2
41871818,30,31,-1,-1,0
41863293,49,34,-1,-1,6
41863062,3,46,-1,-1,7
41872273,4,40,-1,-1,7
41865267,35,1,-1,-1,6
41865658,17,58,-1,-1,2
41867726,5,44,-1,-1,1
41870619,33,35,-1,-1,4
41864761,40,37,-1,-1,3
41864176,4,6,-1,-1,5
41871362,55,30,-1,-1,5
41868002,6,56,-1,-1,7
41871200,43,6,-1,-1,2
41870555,47,24,-1,-1,5
41868962,31,2,-1,-1,7
41867357,32,5,-1,-1,4
41862401,31,54,-1,-1,0
41861449,46,8,-1,-1,5
41871804,6,27,-1,-1,1
41871403,50,41,-1,-1,7
41871479,6,52,-1,-1,5
41869607,12,58,-1,-1,2
41870523,48,5,-1,-1,5
41871816,21,17,-1,-1,7
41871454,55,9,-1,-1,4
41869759,54,38,-1,-1,1
41865368,48,18,-1,-1,0
41870613,18,0,-1,-1,6
41871269,48,38,-1,-1,3
41871211,19,20,-1,-1,0
41872200,25,26,-1,-1,5
41863214,50,25,-1,-1,4
41871830,33,22,-1,-1,5
41871705,6,16,-1,-1,6
41851463,19,3,-1,-1,2
41871308,3,58,-1,-1,7
41868134,39,49,-1,-1,3
41866228,56,7,-1,-1,0
41871851,55,11,-1,-1,2
41871317,14,57,-1,-1,1
41869096,49,39,-1,-1,4
41867102,56,40,-1,-1,6
41869039,46,26,-1,-1,5
41872430,27,14,-1,-1,2
41869889,38,3,-1,-1,3
41871806,10,57,-1,-1,6
41867621,5,52,-1,-1,3
41866135,3,34,-1,-1,7
41872234,6,22,-1,-1,5
41866976,46,21,-1,-1,4
41872042,40,16,-1,-1,6
41871226,54,41,-1,-1,7
41868545,17,46,-1,-1,4
41871090,8,13,-1,-1,7
41870802,9,6,-1,-1,7
41870434,1,49,-1,-1,4
41868549,34,53,-1,-1,4
41864565,23,4,-1,-1,7
41871796,12,52,-1,-1,0
41866995,17,9,-1,-1,5
41869770,11,17,-1,-1,1
41872183,55,47,-1,-1,7
41869289,47,36,-1,-1,4
41870989,31,28,-1,-1,0
41871874,58,34,-1,-1,1
41869842,45,27,-1,-1,0
41861105,32,26,-1,-1,3
41872437,2,43,-1,-1,1
41869525,37,22,-1,-1,5
41867995,9,50,-1,-1,2
41872443,34,14,-1,-1,4
41869756,53,6,-1,-1,0
41868244,52,20,-1,-1,5
41857852,46,31,-1,-1,7
41867570,55,0,-1,-1,6
41870050,39,32,-1,-1,0
41872301,25,45,-1,-1,2
41871989,50,57,-1,-1,7
41865215,33,6,-1,-1,2
41871656,47,43,-1,-1,7
41868162,0,45,-1,-1,0
41870240,27,54,-1,-1,2
41871289,28,56,-1,-1,2
41872156,57,24,-1,-1,3
41871553,36,31,-1,-1,4
41870751,8,40,-1,-1,3
41869051,47,39,-1,-1,1
41871675,32,4,-1,-1,4
41863840,8,22,-1,-1,7
41871627,12,1,-1,-1,1
41870131,23,12,-1,-1,7
41872302,20,52,-1,-1,6
41869656,30,38,-1,-1,1
41869815,13,27,-1,-1,7
41865503,38,40,-1,-1,5
41868594,44,40,-1,-1,1
41872115,5,57,-1,-1,5
41872191,3,18,-1,-1,0
41871591,41,10,-1,-1,5
41864613,35,44,-1,-1,6
41867149,17,24,-1,-1,1
41871111,50,0,-1,-1,7
41868198,45,54,-1,-1,4
41870915,11,54,-1,-1,0
41870904,7,5,-1,-1,5
41870168,35,8,-1,-1,0
41869645,24,54,-1,-1,4
41867075,18,41,-1,-1,2
41867981,12,16,-1,-1,2
41871307,38,9,-1,-1,0
41871179,25,33,-1,-1,5
41870441,37,9,-1,-1,0
41869739,3,7,-1,-1,0
41871407,5,4,-1,-1,2
41871635,44,30,-1,-1,0
41865271,50,45,-1,-1,7
41871745,27,34,-1,-1,4
41871260,17,15,-1,-1,3
41865080,41,7,-1,-1,7
41868809,3,44,-1,-1,4
41869270,12,39,-1,-1,2
41870636,7,50,-1,-1,4
41869792,35,52,-1,-1,4
41872124,6,18,-1,-1,2
41859510,36,42,-1,-1,4
41864486,7,44,-1,-1,2
41872407,6,6,-1,-1,7
41868501,19,8,-1,-1,5
41871498,23,46,-1,-1,6
41871949,16,56,-1,-1,4
41868729,57,47,-1,-1,4
41871817,47,34,-1,-1,2
41865538,40,29,-1,-1,5
41870827,56,55,-1,-1,2
41870030,17,2,-1,-1,4
41870048,13,19,-1,-1,1
41872059,49,9,-1,-1,3
41872384,15,6,-1,-1,3
41868115,18,37,-1,-1,5
41868746,8,48,-1,-1,1
41865816,29,15,-1,-1,4
41869422,4,0,-1,-1,7
41870804,42,28,-1,-1,0
41872039,31,10,-1,-1,5
41865022,40,26,-1,-1,7
41870528,9,10,-1,-1,3
41872280,2,16,-1,-1,5
41870074,14,9,-1,-1,0
41872328,58,52,-1,-1,0
41871363,11,20,-1,-1,4
41870776,31,5,-1,-1,6
41872374,24,34,-1,-1,0
41872288,34,8,-1,-1,6
41871958,42,24,-1,-1,3
41870984,53,45,-1,-1,0
41870626,17,16,-1,-1,6
41870642,31,17,-1,-1,5
41872051,54,22,-1,-1,2
41870842,39,43,-1,-1,1
41872091,47,42,-1,-1,2
41867767,58,16,-1,-1,0
41872385,17,57,-1,-1,3
41869543,20,12,-1,-1,5
41871906,3,8,-1,-1,2
41870987,1,44,-1,-1,2
41866775,27,33,-1,-1,1
41871602,41,43,-1,-1,3
41870255,57,22,-1,-1,5
41872309,42,39,-1,-1,1
41867328,37,51,-1,-1,5
41869801,18,53,-1,-1,0
41872142,28,51,-1,-1,0
41870190,0,57,-1,-1,6
41869552,25,11,-1,-1,0
41868379,56,45,-1,-1,2
41863964,36,13,-1,-1,0
41868133,1,3,-1,-1,3
41871251,50,11,-1,-1,4
41864831,6,47,-1,-1,7
41871613,22,27,-1,-1,5
41868449,49,17,-1,-1,0
41867372,38,21,-1,-1,3
41862021,40,27,-1,-1,6
41868845,30,49,-1,-1,0
41870634,34,31,-1,-1,6
41871284,43,58,-1,-1,2
41871987,16,2,-1,-1,2
41870679,24,7,-1,-1,7
41869639,13,50,-1,-1,6
41871863,23,5,-1,-1,2
41866668,3,41,-1,-1,2
41864100,6,49,-1,-1,7
41863967,45,15,-1,-1,4
41860106,41,1,-1,-1,1
41869118,53,47,-1,-1,4
41869181,24,14,-1,-1,7
41871121,50,47,-1,-1,4
41862936,1,6,-1,-1,2
41872228,22,48,-1,-1,3
41868166,4,30,-1,-1,0
41868692,12,2,-1,-1,2
41871472,11,47,-1,-1,4
41871941,9,34,-1,-1,5
41868088,20,26,-1,-1,0
41864987,51,32,-1,-1,6
41870584,43,31,-1,-1,7
41870459,11,10,-1,-1,6
41868427,3,15,-1,-1,1
41870578,51,26,-1,-1,7
41869748,4,58,-1,-1,5
41869764,22,44,-1,-1,7
41867173,21,14,-1,-1,3
41871823,50,27,-1,-1,6
41869173,44,58,-1,-1,5
41871571,14,44,-1,-1,1
41870798,19,2,-1,-1,7
41871036,7,49,-1,-1,6
41870351,43,41,-1,-1,0
41865296,42,47,-1,-1,6
41870752,16,25,-1,-1,3
41868010,48,6,-1,-1,6
41869991,35,35,-1,-1,3
41871510,32,48,-1,-1,0
41871685,45,0,-1,-1,5
41866981,57,39,-1,-1,1
41863082,5,45,-1,-1,5
41870477,30,16,-1,-1,1
41862671,42,38,-1,-1,4
41868309,15,31,-1,-1,6
41871522,52,13,-1,-1,1
41866300,49,37,-1,-1,1
41871803,46,23,-1,-1,0
41871598,29,13,-1,-1,2
41864058,42,57,-1,-1,4
41872255,21,31,-1,-1,0
41871761,38,51,-1,-1,4
41865098,0,0,-1,-1,3
41872238,14,51,-1,-1,1
41861707,6,53,-1,-1,7
41869527,6,33,-1,-1,4
41869315,2,27,-1,-1,2
41865902,46,52,-1,-1,6
41872137,1,28,-1,-1,3
41870716,58,37,-1,-1,0
41872104,7,2,-1,-1,1
41870469,34,7,-1,-1,6
41865821,56,15,-1,-1,0
41872269,38,15,-1,-1,7
41872417,33,39,-1,-1,7
41866654,3,11,-1,-1,4
41869126,22,29,-1,-1,6
41869725,18,8,-1,-1,6
41872341,11,32,-1,-1,0
41872320,55,4,-1,-1,0
41870888,19,7,-1,-1,6
41868284,17,33,-1,-1,7
41870447,52,15,-1,-1,1
41871934,1,16,-1,-1,0
41871371,24,9,-1,-1,5
41869027,20,41,-1,-1,7
41870595,10,21,-1,-1,6
41864325,47,13,-1,-1,5
41871942,55,26,-1,-1,2
41871215,21,57,-1,-1,3
41871019,12,56,-1,-1,4
41870019,42,49,-1,-1,3
41859180,57,28,-1,-1,4
41872383,46,36,-1,-1,6
41872210,16,28,-1,-1,2
41871751,14,13,-1,-1,5
41869871,43,3,-1,-1,7
41871233,55,38,-1,-1,1
41871869,0,25,-1,-1,2
41872034,9,39,-1,-1,4
41871027,34,1,-1,-1,6
41869076,6,2,-1,-1,0
41872007,41,37,-1,-1,0
41870926,46,32,-1,-1,4
41870008,18,29,-1,-1,3
41871749,20,15,-1,-1,5
41871799,49,32,-1,-1,4
41866543,41,42,-1,-1,4
41872187,10,47,-1,-1,1
41868517,27,55,-1,-1,3
41864625,46,3,-1,-1,3
41867394,31,0,-1,-1,4
41872436,5,37,-1,-1,2
41870249,48,26,-1,-1,7
41867844,31,39,-1,-1,4
41868671,15,55,-1,-1,7
41867302,36,24,-1,-1,0
41866823,2,19,-1,-1,7
41862322,1,47,-1,-1,4
41868266,52,14,-1,-1,2
41869357,46,58,-1,-1,0
41867307,29,48,-1,-1,5
41868194,26,25,-1,-1,7
41872170,25,57,-1,-1,7
41868640,58,11,-1,-1,6
41870012,38,49,-1,-1,3
41871435,39,24,-1,-1,3
41864582,13,49,-1,-1,0
41872148,55,52,-1,-1,0
41871730,50,8,-1,-1,7
41868768,17,10,-1,-1,2
41871667,14,33,-1,-1,4
41861820,56,37,-1,-1,0
41865013,10,44,-1,-1,4
41865993,37,52,-1,-1,7
41867609,39,4,-1,-1,2
41871237,44,20,-1,-1,2
41860658,11,39,-1,-1,1
41867210,52,50,-1,-1,5
41871551,5,3,-1,-1,6
41871021,13,2,-1,-1,6
41869321,28,6,-1,-1,2
41871870,1,53,-1,-1,5
41870580,45,46,-1,-1,3
41862684,11,7,-1,-1,5
41872092,43,55,-1,-1,2
41869957,14,50,-1,-1,2
41871638,14,45,-1,-1,2
41868901,54,57,-1,-1,1
41870298,43,49,-1,-1,2
41871593,18,15,-1,-1,7
41869982,22,54,-1,-1,5
41870786,53,58,-1,-1,3
41871841,13,8,-1,-1,0
41870464,22,6,-1,-1,7
41871709,34,32,-1,-1,2
41871765,45,6,-1,-1,4
41866745,56,52,-1,-1,1
41868073,39,26,-1,-1,3
41870675,7,52,-1,-1,2
41871879,16,39,-1,-1,1
41871115,53,28,-1,-1,6
41872053,46,15,-1,-1,0
41864976,12,26,-1,-1,3
41871427,53,38,-1,-1,1
41868278,17,56,-1,-1,3
41866840,38,0,-1,-1,7
41869219,52,46,-1,-1,2
41868826,42,27,-1,-1,2
41868568,57,6,-1,-1,0
41872378,58,4,-1,-1,6
41866935,2,32,-1,-1,4
41862934,43,5,-1,-1,5
41867400,0,34,-1,-1,5
41867715,11,50,-1,-1,7
41867557,46,34,-1,-1,2
41859744,41,51,-1,-1,7
41864197,21,16,-1,-1,4
41872445,39,45,-1,-1,1
41870982,44,17,-1,-1,0
41870729,23,23,-1,-1,0
41872338,28,16,-1,-1,0
41871743,50,53,-1,-1,6
41865973,51,24,-1,-1,5
41871521,11,52,-1,-1,3
41870435,47,17,-1,-1,6
41870583,28,36,-1,-1,7
41871734,23,17,-1,-1,4
41868408,35,58,-1,-1,7
41871020,39,8,-1,-1,3
41870836,56,34,-1,-1,0
41870254,24,47,-1,-1,7
41872415,32,50,-1,-1,3
41870829,8,23,-1,-1,0
41867230,41,41,-1,-1,7
41866698,58,32,-1,-1,1
41867852,36,45,-1,-1,3
41870415,24,29,-1,-1,2
41867116,49,51,-1,-1,7
41870885,36,20,-1,-1,3
41870346,1,52,-1,-1,4
41863185,47,54,-1,-1,2
41865468,12,22,-1,-1,3
41871068,35,28,-1,-1,0
41859781,2,48,-1,-1,6
41868241,13,31,-1,-1,2
41862324,16,54,-1,-1,3
41872343,19,48,-1,-1,7
41871891,49,48,-1,-1,3
41864935,50,12,-1,-1,7
41867550,10,1,-1,-1,5
41871896,53,2,-1,-1,1
41863184,29,10,-1,-1,3
41870328,27,42,-1,-1,5
41871533,8,18,-1,-1,3
41869579,31,52,-1,-1,0
41871914,12,15,-1,-1,6
41869492,5,16,-1,-1,0
41867039,47,58,-1,-1,7
41870324,33,14,-1,-1,5
41867683,22,37,-1,-1,3
41860458,10,34,-1,-1,3
41871833,57,34,-1,-1,2
41871328,6,12,-1,-1,1
41866202,12,28,-1,-1,4
41872106,2,3,-1,-1,4
41870655,49,16,-1,-1,3
41869003,26,38,-1,-1,6
41868489,51,18,-1,-1,4
41870296,0,46,-1,-1,5
41847502,43,8,-1,-1,3
41867688,31,9,-1,-1,1
41872252,57,51,-1,-1,7
41866624,48,13,-1,-1,3
41871912,52,12,-1,-1,1
41871981,24,20,-1,-1,0
41859961,1,55,-1,-1,0
41870551,24,31,-1,-1,3
41872482,56,20,-1,-1,7
41870494,56,3,-1,-1,3
41867920,48,7,-1,-1,3
41872354,6,20,-1,-1,2
41862861,4,15,-1,-1,2
41868071,37,57,-1,-1,5
41870085,15,2,-1,-1,6
41851829,38,1,-1,-1,3
41872339,38,43,-1,-1,1
41869787,3,39,-1,-1,7
41863787,57,27,-1,-1,0
41871919,3,28,-1,-1,1
41867441,55,50,-1,-1,7
41870950,21,33,-1,-1,6
41870333,39,36,-1,-1,1
41868223,53,36,-1,-1,4
41872463,31,37,-1,-1,0
41870309,10,23,-1,-1,3
41871865,10,32,-1,-1,2
41870837,17,40,-1,-1,5
41872466,56,24,-1,-1,0
41871595,24,8,-1,-1,5
41868700,3,12,-1,-1,0
41861326,24,13,-1,-1,2
41868702,31,22,-1,-1,0
41864107,18,34,-1,-1,7
41871398,10,14,-1,-1,6
41864247,43,15,-1,-1,2
41872360,27,58,-1,-1,7
41868052,34,47,-1,-1,5
41871724,17,52,-1,-1,3
41871537,18,49,-1,-1,2
41870658,28,46,-1,-1,1
41871658,40,18,-1,-1,7
41872300,51,54,-1,-1,7
41871335,8,14,-1,-1,4
41868740,40,22,-1,-1,3
41872147,36,56,-1,-1,6
41868471,1,12,-1,-1,2
41871272,6,28,-1,-1,0
41870311,18,1,-1,-1,1
41872452,21,9,-1,-1,7
41871489,2,55,-1,-1,7
41860199,44,39,-1,-1,2
41864637,55,25,-1,-1,0
41871916,9,11,-1,-1,3
41872464,45,51,-1,-1,4
41869489,42,44,-1,-1,3
41865410,9,13,-1,-1,2
41863678,19,36,-1,-1,4
41870229,34,56,-1,-1,4
41872271,4,33,-1,-1,5
41871481,13,36,-1,-1,6
41869700,3,42,-1,-1,1
41867833,12,33,-1,-1,7
41870995,39,21,-1,-1,3
41870513,58,44,-1,-1,6
41870041,49,23,-1,-1,3
41867610,22,11,-1,-1,6
41872258,57,55,-1,-1,1
41862278,50,2,-1,-1,5
41860952,19,12,-1,-1,4
41868392,36,37,-1,-1,0
41870684,53,20,-1,-1,1
41871331,9,22,-1,-1,2
41864164,15,22,-1,-1,3
41867509,10,36,-1,-1,0
41869334,42,40,-1,-1,5
41864291,53,9,-1,-1,4
41866832,37,28,-1,-1,3
41870097,18,44,-1,-1,2
41868632,23,22,-1,-1,3
41868175,46,4,-1,-1,7
41867666,5,12,-1,-1,1
41866136,29,36,-1,-1,5
41866583,32,0,-1,-1,4
41869448,2,6,-1,-1,2
41871208,52,28,-1,-1,4
41860822,25,40,-1,-1,6
41872337,32,34,-1,-1,4
41869744,13,39,-1,-1,0
41868451,37,53,-1,-1,0
41871955,38,41,-1,-1,0
41870772,23,26,-1,-1,0
41868750,27,39,-1,-1,5
41864026,9,40,-1,-1,2
41870605,56,4,-1,-1,4
41865899,54,24,-1,-1,6
41871708,28,41,-1,-1,7
41870941,53,42,-1,-1,3
41861719,57,49,-1,-1,5
41866982,40,12,-1,-1,7
41871504,8,39,-1,-1,0
41872005,54,6,-1,-1,6
41871186,24,43,-1,-1,2
41872072,54,2,-1,-1,2
41871655,17,21,-1,-1,2
41869788,38,5,-1,-1,0
41870194,15,5,-1,-1,3
41871499,5,54,-1,-1,3
41867457,11,46,-1,-1,4
41870322,57,18,-1,-1,7
41871005,39,48,-1,-1,3
41868375,33,31,-1,-1,4
41868558,35,0,-1,-1,6
41871800,20,32,-1,-1,7
41870907,1,26,-1,-1,1
41861527,30,36,-1,-1,6
41871721,9,4,-1,-1,4
41869519,35,10,-1,-1,7
41871485,50,7,-1,-1,3
41869985,40,55,-1,-1,7
41870936,36,53,-1,-1,0
41856981,57,37,-1,-1,4
41869458,27,16,-1,-1,5
41867636,48,21,-1,-1,2
41870744,28,53,-1,-1,1
41871099,58,28,-1,-1,5
41868905,9,33,-1,-1,7
41866457,46,2,-1,-1,1
41870563,21,8,-1,-1,5
41868562,20,28,-1,-1,7
41871220,35,27,-1,-1,7
41871674,36,16,-1,-1,5
41872347,17,37,-1,-1,1
41867067,18,54,-1,-1,6
41869112,17,22,-1,-1,0
41869201,55,36,-1,-1,0
41867329,27,31,-1,-1,7
41863706,1,17,-1,-1,0
41866862,3,52,-1,-1,0
41871759,45,2,-1,-1,0
41863448,4,41,-1,-1,4
41871702,0,35,-1,-1,6
41870398,0,50,-1,-1,7
41870062,32,43,-1,-1,3
41866063,20,4,-1,-1,2
41868734,18,7,-1,-1,0
41859266,28,13,-1,-1,2
41868041,32,15,-1,-1,6
41872203,11,40,-1,-1,7
41870816,43,37,-1,-1,0
41870609,25,2,-1,-1,2
41871184,19,34,-1,-1,7
41859204,30,34,-1,-1,3
41871229,3,57,-1,-1,6
41870671,33,50,-1,-1,5
41864864,49,40,-1,-1,1
41871837,54,13,-1,-1,7
41869310,11,44,-1,-1,5
41872050,38,2,-1,-1,5
41857619,56,1,-1,-1,1
41868897,44,26,-1,-1,1
41870686,12,44,-1,-1,0
41869185,29,3,-1,-1,1
41871577,7,15,-1,-1,6
41869546,1,23,-1,-1,5
41870735,1,46,-1,-1,7
41871605,40,11,-1,-1,7
41868323,20,5,-1,-1,3
41870673,51,9,-1,-1,6
41865367,13,15,-1,-1,6
41869898,12,54,-1,-1,5
41870758,13,35,-1,-1,0
41866464,7,17,-1,-1,5
41871660,9,37,-1,-1,1
41866874,36,43,-1,-1,5
41871678,40,48,-1,-1,2
41872155,17,29,-1,-1,2
41870221,40,24,-1,-1,3
41871858,38,42,-1,-1,0
41865693,25,4,-1,-1,0
41871167,23,43,-1,-1,3
41871673,46,30,-1,-1,3
41872486,22,12,-1,-1,2
41872272,28,58,-1,-1,7
41870564,56,13,-1,-1,7
41871778,22,14,-1,-1,5
41872479,47,30,-1,-1,0
41872293,48,27,-1,-1,0
41863614,29,50,-1,-1,6
41864116,1,27,-1,-1,1
41871183,48,10,-1,-1,5
41872468,42,34,-1,-1,7
41872149,4,18,-1,-1,6
41870501,51,22,-1,-1,0
41872168,56,5,-1,-1,7
41865439,10,3,-1,-1,7
41872472,4,34,-1,-1,7
41865900,37,46,-1,-1,2
41861972,20,37,-1,-1,4
41869896,41,20,-1,-1,1
41868163,53,10,-1,-1,7
41863148,32,37,-1,-1,1
41871275,51,31,-1,-1,0
41867786,1,30,-1,-1,0
41870002,47,28,-1,-1,7
41871321,12,47,-1,-1,2
41868542,30,33,-1,-1,6
41867462,49,27,-1,-1,7
41868564,11,53,-1,-1,6
41869069,7,11,-1,-1,4
41868735,3,13,-1,-1,7
41867695,35,54,-1,-1,1
41870874,2,26,-1,-1,5
41870310,43,10,-1,-1,5
41869358,8,32,-1,-1,0
41865453,26,26,-1,-1,6
41866029,18,35,-1,-1,2
41871682,8,33,-1,-1,0
41871266,15,36,-1,-1,4
41869056,23,35,-1,-1,1
41871350,20,24,-1,-1,6
41870900,54,47,-1,-1,4
41868961,19,6,-1,-1,0
41872213,0,11,-1,-1,1
41868882,30,5,-1,-1,4
41871603,6,14,-1,-1,6
41872324,29,16,-1,-1,2
41868966,36,28,-1,-1,1
41869486,9,38,-1,-1,6
41864787,12,25,-1,-1,1
41871698,34,49,-1,-1,0
41869933,29,30,-1,-1,0
41865646,33,41,-1,-1,6
41870683,42,58,-1,-1,3
41863071,29,55,-1,-1,0
41862987,55,35,-1,-1,6
41868315,18,5,-1,-1,7
41871459,14,0,-1,-1,5
41871116,57,29,-1,-1,0
41871996,22,55,-1,-1,0
41871397,37,8,-1,-1,5
41860913,10,16,-1,-1,6
41871004,37,30,-1,-1,3
41869945,2,46,-1,-1,2
41868899,30,41,-1,-1,5
41869186,42,5,-1,-1,5
41870736,45,32,-1,-1,2
41871042,50,23,-1,-1,0
41854254,21,12,-1,-1,0
41868789,54,11,-1,-1,1
41870152,44,44,-1,-1,3
41871290,52,41,-1,-1,6
41871075,50,24,-1,-1,5
41871961,28,49,-1,-1,3
41872060,35,45,-1,-1,2
41871973,52,57,-1,-1,0
41866885,40,25,-1,-1,0
41867563,11,15,-1,-1,1
41869397,13,54,-1,-1,7
41871044,1,7,-1,-1,3
41872219,3,14,-1,-1,4
41864085,2,49,-1,-1,2
41870035,41,35,-1,-1,2
41872412,38,39,-1,-1,2
41871193,21,5,-1,-1,5
41869380,49,6,-1,-1,1
41870516,21,6,-1,-1,7
41868895,50,39,-1,-1,7
41871313,48,28,-1,-1,3
41869936,5,50,-1,-1,3
41871957,34,4,-1,-1,5
41869184,34,46,-1,-1,2
41859770,55,58,-1,-1,3
41864472,57,57,-1,-1,7
41871744,41,9,-1,-1,3
41870157,3,6,-1,-1,2
41871850,19,49,-1,-1,2
41869002,7,33,-1,-1,6
41871554,2,1,-1,-1,4
41871507,51,3,-1,-1,7
41872176,27,21,-1,-1,7
41870677,58,56,-1,-1,0
41872380,18,3,-1,-1,4
41868414,39,6,-1,-1,0
41863878,31,15,-1,-1,6
41867340,3,21,-1,-1,6
41867200,57,23,-1,-1,1
41868547,4,7,-1,-1,6
41866526,7,55,-1,-1,3
41866671,43,52,-1,-1,3
41870482,38,7,-1,-1,5
41867620,36,14,-1,-1,7
41870488,53,22,-1,-1,5
41871191,21,29,-1,-1,2
41868271,27,37,-1,-1,1
41872414,20,58,-1,-1,5
41871218,55,37,-1,-1,0
41872335,49,24,-1,-1,5
41868630,29,54,-1,-1,2
41867926,12,29,-1,-1,7
41872246,23,10,-1,-1,5
41872370,51,19,-1,-1,3
41865109,42,29,-1,-1,3
41871620,52,44,-1,-1,1
41869093,13,41,-1,-1,3
41864363,22,58,-1,-1,0
41867810,26,23,-1,-1,7
41870288,13,30,-1,-1,7
41870983,58,41,-1,-1,4
41870763,51,33,-1,-1,3
41871181,8,28,-1,-1,7
41871933,57,48,-1,-1,4
41867578,58,57,-1,-1,2
41871311,54,48,-1,-1,6
41871194,57,38,-1,-1,3
41870800,58,36,-1,-1,3
41872052,37,36,-1,-1,7
41868412,43,14,-1,-1,2
41869835,54,12,-1,-1,5
41866066,29,11,-1,-1,4
41868227,14,12,-1,-1,5
41872151,45,30,-1,-1,0
41869436,5,55,-1,-1,2
41866956,32,22,-1,-1,6
41868935,34,20,-1,-1,2
41872019,39,1,-1,-1,5
41870150,4,39,-1,-1,2
41869964,29,14,-1,-1,7
41871753,44,2,-1,-1,0
41866887,56,14,-1,-1,5
41866766,24,22,-1,-1,1
41869958,35,36,-1,-1,1
41861152,44,55,-1,-1,3
41871117,44,14,-1,-1,5
41871252,8,3,-1,-1,6
41864979,17,34,-1,-1,7
41865350,50,55,-1,-1,7
41871067,7,30,-1,-1,5
41864924,6,43,-1,-1,1
41868771,50,37,-1,-1,6
41868077,35,18,-1,-1,0
41861857,35,42,-1,-1,2
41867093,2,0,-1,-1,5
41870892,36,57,-1,-1,6
41871087,45,44,-1,-1,1
41871932,46,41,-1,-1,0
41870347,57,3,-1,-1,5
41866057,42,51,-1,-1,6
41870197,56,26,-1,-1,2
41871535,44,48,-1,-1,0
41870323,51,43,-1,-1,7
41868543,8,5,-1,-1,5
41870628,13,11,-1,-1,3
41868277,40,54,-1,-1,1
41869772,5,29,-1,-1,7
41872397,25,52,-1,-1,2
41865400,13,29,-1,-1,3
41871917,21,48,-1,-1,4
41869522,33,32,-1,-1,1
41871609,29,58,-1,-1,0
41870952,22,56,-1,-1,5
41868520,22,26,-1,-1,6
41870890,23,58,-1,-1,4
41866447,57,43,-1,-1,2
41866993,13,28,-1,-1,0
41871822,26,27,-1,-1,4
41864206,52,38,-1,-1,0
41856386,58,42,-1,-1,6
41857009,33,24,-1,-1,7
41869360,55,34,-1,-1,0
41871379,9,20,-1,-1,2
41869859,41,19,-1,-1,5
41869615,2,21,-1,-1,7
41871940,56,58,-1,-1,3
41870256,38,38,-1,-1,2
41872334,10,35,-1,-1,3
41867059,46,9,-1,-1,2
41872205,20,30,-1,-1,7
41869613,24,57,-1,-1,0
41870379,25,36,-1,-1,7
41872018,56,51,-1,-1,5
41867476,37,39,-1,-1,3
41872145,2,2,-1,-1,5
41867385,50,33,-1,-1,6
41870213,40,10,-1,-1,7
41867600,23,49,-1,-1,2
41871145,22,18,-1,-1,1
41872389,19,17,-1,-1,3
41870543,10,10,-1,-1,4
41870404,37,50,-1,-1,7
41870259,6,40,-1,-1,3
41872086,20,43,-1,-1,5
41868331,26,34,-1,-1,3
41871767,29,21,-1,-1,0
41865783,19,1,-1,-1,5
41866749,11,21,-1,-1,1
41864516,47,33,-1,-1,1
41869330,22,33,-1,-1,2
41870436,5,19,-1,-1,7
41870072,0,54,-1,-1,3
41860517,33,30,-1,-1,1
41867123,43,25,-1,-1,7
41859754,25,50,-1,-1,6
41863197,50,29,-1,-1,5
41869847,47,22,-1,-1,5
41872358,45,53,-1,-1,0
41869753,13,0,-1,-1,1
41872131,3,26,-1,-1,0
41871330,1,19,-1,-1,0
41872071,56,8,-1,-1,4
41871199,54,3,-1,-1,7
41869070,15,53,-1,-1,7
41871677,5,17,-1,-1,7
41871814,24,49,-1,-1,4
41870680,15,41,-1,-1,3
41870810,14,23,-1,-1,4
41869081,52,35,-1,-1,1
41869433,21,39,-1,-1,0
41871601,26,56,-1,-1,2
41869049,15,11,-1,-1,1
41871468,14,16,-1,-1,1
41871715,46,57,-1,-1,1
41872116,0,52,-1,-1,2
41871142,35,23,-1,-1,1
41870779,13,23,-1,-1,1
41868219,13,12,-1,-1,1
41871653,23,34,-1,-1,7
41866249,0,56,-1,-1,5
41871739,11,12,-1,-1,3
41870917,32,10,-1,-1,6
41872012,26,21,-1,-1,3
41872459,26,19,-1,-1,5
41870531,47,57,-1,-1,7
41872242,45,25,-1,-1,1
41867070,51,52,-1,-1,6
41871886,54,36,-1,-1,5
41871741,53,50,-1,-1,3
41872247,22,51,-1,-1,0
41866199,55,7,-1,-1,3
41871416,29,33,-1,-1,7
41871185,5,6,-1,-1,4
41869402,31,58,-1,-1,4
41872434,45,23,-1,-1,3
41859191,7,40,-1,-1,1
41865757,57,31,-1,-1,5
41866125,2,42,-1,-1,6
41867669,1,24,-1,-1,4
41856945,24,51,-1,-1,3
41870781,26,42,-1,-1,1
41869459,22,41,-1,-1,6
41870570,22,30,-1,-1,5
41871565,55,41,-1,-1,5
41871925,51,48,-1,-1,5
41872308,5,7,-1,-1,7
41871475,12,55,-1,-1,0
41872413,52,22,-1,-1,1
41866789,34,34,-1,-1,1
41872465,28,4,-1,-1,2
41869620,26,49,-1,-1,7
41868669,52,9,-1,-1,1
41864284,55,53,-1,-1,6
41870497,53,26,-1,-1,7
41868190,27,36,-1,-1,6
41855635,1,38,-1,-1,1
41870332,24,46,-1,-1,5
41871967,7,1,-1,-1,3
41867147,48,24,-1,-1,0
41871432,44,46,-1,-1,3
41857064,46,37,-1,-1,1
41870236,57,17,-1,-1,1
41867322,49,10,-1,-1,6
41849180,45,18,-1,-1,1
41857055,45,52,-1,-1,7
41871659,5,53,-1,-1,3
41871548,48,43,-1,-1,4
41870797,24,35,-1,-1,1
41867653,4,8,-1,-1,6
41869799,29,20,-1,-1,5
41869058,38,16,-1,-1,7
41868318,27,15,-1,-1,1
41869362,31,3,-1,-1,7
41867025,9,41,-1,-1,1
41868697,7,48,-1,-1,0
41870075,43,18,-1,-1,0
41872369,23,6,-1,-1,6
41869631,3,25,-1,-1,2
41872209,40,34,-1,-1,3
41872297,34,45,-1,-1,0
41861620,55,21,-1,-1,2
41870859,10,18,-1,-1,4
41871216,38,25,-1,-1,5
41872025,34,38,-1,-1,4
41864043,34,5,-1,-1,3
41868191,56,47,-1,-1,4
41863552,42,50,-1,-1,4
41872442,53,4,-1,-1,2
41871939,25,17,-1,-1,7
41871700,53,54,-1,-1,4
41867109,45,11,-1,-1,2
41870700,28,48,-1,-1,6
41871720,47,10,-1,-1,6
41858357,36,21,-1,-1,6
41871273,33,46,-1,-1,1
41870014,48,45,-1,-1,0
41871444,48,47,-1,-1,2
41872411,39,14,-1,-1,3
41868111,36,34,-1,-1,2
41872153,11,6,-1,-1,5
41867337,38,24,-1,-1,3
41869293,41,11,-1,-1,3
41863823,26,15,-1,-1,0
41863849,10,46,-1,-1,1
41871040,30,35,-1,-1,2
41870867,2,10,-1,-1,2
41865044,10,48,-1,-1,4
41870153,33,51,-1,-1,2
41852427,27,6,-1,-1,0
41869430,30,13,-1,-1,4
41872266,36,18,-1,-1,3
41860647,26,39,-1,-1,1
41870167,33,53,-1,-1,1
41866996,24,25,-1,-1,6
41870701,10,25,-1,-1,0
41872239,15,37,-1,-1,2
41870428,18,4,-1,-1,0
41870465,43,17,-1,-1,0
41871813,46,25,-1,-1,7
41868754,5,49,-1,-1,2
41872487,9,27,-1,-1,7
