1 1 1 0 0 1 1 1 1 1 0 1 0 27 19 19 19 19 19 27 19 19 19 19 19 1 17 17 18 18 30 22 2 22 22 22 22 12 12 30 30 30 6 22 22 4 4 28 30 30 30 22 4 4 30 30 30 30 30 
1 1 1 1 0 1 1 1 1 1 27 1 27 27 139 0 19 19 27 138 27 19 19 19 19 17 18 19 18 18 27 22 20 2 22 22 22 22 10 30 4 30 30 22 22 22 22 30 28 30 0 30 4 0 0 30 10 30 30 
1 1 1 1 1 0 1 1 11 1 1 27 27 27 1 0 1 19 19 27 19 27 19 25 0 16 18 27 27 27 22 22 30 0 2 22 22 22 0 30 30 30 30 30 0 30 22 22 10 22 30 30 30 10 10 0 30 0 0 
1 0 1 1 0 10 1 1 1 11 1 27 1 27 11 1 27 27 19 19 27 27 27 27 0 27 27 27 27 0 22 22 150 30 30 0 22 22 30 30 4 30 30 30 30 30 30 30 22 30 30 30 30 30 30 4 4 4 0 
0 1 3 10 10 1 1 1 4 0 11 27 1 1 27 27 27 27 19 3 27 27 11 11 27 27 27 27 22 22 0 22 30 30 30 30 0 30 30 0 30 30 30 30 30 30 30 30 22 22 30 30 30 18 30 30 4 4 4 
7 0 0 11 10 1 0 1 11 11 10 27 27 27 0 27 0 19 27 81 27 27 11 27 27 0 19 19 27 11 30 30 30 30 30 92 30 30 30 30 30 30 30 30 30 30 30 10 11 14 30 30 30 14 30 14 14 0 4 
7 11 10 10 10 10 10 10 11 27 0 19 27 11 27 27 27 0 27 27 27 11 11 27 27 27 19 19 10 30 30 30 10 30 150 30 16 0 0 30 30 30 30 30 30 30 14 0 14 11 30 30 14 14 14 14 14 14 0 
7 7 10 3 3 10 0 11 0 27 27 3 27 11 27 27 11 27 27 25 131 27 27 27 27 27 27 30 0 30 30 30 0 30 30 30 30 30 30 30 0 30 30 30 0 30 30 17 14 0 14 14 14 14 14 14 27 0 0 
66 66 0 3 3 11 11 11 0 27 3 27 11 27 27 27 138 27 19 27 27 27 27 27 27 27 27 27 27 30 30 30 30 30 30 30 22 30 30 0 30 0 150 30 30 14 150 0 0 30 30 14 10 30 30 30 14 14 6 
131 7 131 7 7 11 8 0 0 3 3 3 27 27 27 11 27 27 27 27 27 27 27 27 27 27 27 27 0 30 30 30 30 20 30 0 30 30 0 30 18 30 30 30 150 150 14 150 14 14 30 30 30 30 14 14 30 30 6 
7 131 3 7 11 0 0 11 11 11 3 11 11 27 11 11 11 27 27 27 27 89 27 0 27 27 27 138 27 27 30 30 0 30 30 30 30 30 30 30 30 30 30 150 150 0 150 30 10 30 30 30 14 30 14 14 10 30 6 
75 131 75 3 75 11 11 11 11 3 11 11 11 0 11 11 27 27 27 27 27 0 27 27 27 11 27 27 0 30 0 30 16 0 0 30 0 0 30 30 30 11 30 30 30 30 30 30 30 30 30 30 30 14 14 14 10 10 6 
131 75 75 195 75 3 0 11 11 11 11 11 11 11 0 11 27 27 27 27 0 27 27 27 89 27 27 27 0 30 30 0 16 30 30 27 22 30 30 30 30 30 30 30 30 30 30 22 30 30 30 30 30 14 14 14 30 10 30 
131 131 11 75 131 0 11 75 11 11 11 11 3 11 0 11 11 0 27 27 27 11 17 27 27 27 27 27 30 30 30 0 30 30 27 30 30 11 0 0 138 30 30 30 30 30 22 30 30 8 30 30 30 14 14 30 30 0 0 
11 131 131 0 131 0 72 11 75 3 11 11 11 0 10 11 27 27 27 27 0 27 19 27 27 27 27 27 27 27 18 30 30 30 30 30 138 30 30 30 30 30 138 30 22 22 0 30 10 30 10 0 30 14 30 30 27 30 12 
11 0 11 11 11 72 73 73 3 11 11 11 11 11 11 10 27 27 27 27 27 27 27 0 27 27 147 147 27 27 30 30 27 27 30 30 30 138 30 30 30 30 30 30 30 0 22 3 16 16 30 30 30 30 30 30 30 30 0 
11 11 11 11 0 0 73 11 11 11 11 0 11 11 27 27 9 27 27 27 0 19 27 27 27 27 27 27 27 11 22 30 27 30 30 30 30 11 0 30 30 30 30 0 30 30 22 22 30 30 30 150 30 30 0 30 30 30 30 
11 131 11 0 72 11 11 73 0 11 9 11 0 11 27 27 27 27 27 27 27 27 27 27 27 0 27 27 19 27 27 30 30 30 30 30 30 30 22 30 30 30 30 30 30 22 22 150 22 30 30 10 30 30 30 92 30 30 11 
11 11 11 11 27 11 11 11 11 11 11 11 11 11 27 27 27 27 27 27 27 27 27 27 27 27 27 27 30 147 30 27 30 30 30 30 30 16 30 30 30 30 30 30 30 22 0 30 30 30 0 30 30 30 0 30 30 30 0 
11 11 11 11 11 4 11 11 11 11 11 0 11 11 73 11 0 11 11 11 27 27 27 0 27 27 27 27 27 147 0 30 30 0 18 22 30 30 30 0 30 30 30 30 30 150 150 30 30 30 30 30 30 30 30 30 30 30 30 
11 0 11 3 11 11 11 3 11 11 11 11 11 11 11 11 27 27 27 27 27 27 27 27 27 27 27 147 147 147 30 30 30 30 0 30 30 30 30 30 30 30 30 150 30 134 0 150 30 30 30 30 30 30 0 30 0 30 30 
11 3 3 11 11 11 0 3 3 1 75 11 75 75 0 27 27 27 27 27 27 27 27 83 27 27 0 147 147 147 30 30 147 10 30 30 30 30 30 26 30 0 150 150 150 150 150 30 30 30 0 30 30 30 30 30 12 30 30 
3 3 11 11 11 11 3 10 3 10 73 75 11 0 75 0 19 27 147 27 27 25 27 27 27 27 19 27 0 27 147 147 30 30 30 30 30 30 150 30 150 150 150 150 212 130 150 130 30 30 30 0 30 92 30 18 30 12 30 
3 3 3 11 8 10 11 11 10 10 27 73 75 75 10 147 19 147 27 27 27 27 27 27 27 27 27 147 30 30 147 147 147 147 0 30 30 30 30 150 150 150 150 150 130 21 150 150 150 30 0 30 30 30 18 30 30 15 4 
3 3 11 11 0 11 11 75 11 75 75 75 74 10 75 73 147 147 209 27 147 27 27 27 27 27 147 147 147 0 147 147 0 0 30 30 30 0 212 0 150 150 150 150 150 150 150 150 130 30 0 30 30 30 30 30 30 15 15 
3 3 3 10 10 11 11 0 11 27 75 72 27 74 73 3 19 145 0 0 27 147 27 27 27 27 147 147 147 147 147 30 30 30 0 30 30 30 212 212 212 30 30 0 150 130 0 144 30 1 30 30 30 30 30 30 30 30 0 
3 0 3 10 2 11 11 75 11 10 8 11 27 27 27 0 19 147 27 147 27 147 146 27 27 147 147 147 147 147 30 30 30 0 30 30 22 30 212 30 212 92 0 150 0 150 0 30 144 1 212 30 30 30 30 30 30 11 150 
3 3 3 3 2 0 11 11 75 9 9 11 11 27 0 27 27 147 147 147 147 146 27 147 19 147 147 147 147 147 30 30 30 30 30 30 150 30 30 192 212 92 30 30 0 150 150 150 212 212 150 30 150 150 30 30 30 30 30 
1 3 3 75 0 75 75 75 75 75 75 0 27 27 17 145 147 0 0 147 147 27 131 27 147 128 131 147 0 147 147 30 0 30 0 30 30 30 72 92 212 131 0 84 150 150 150 212 212 150 212 150 150 30 30 30 30 12 30 
73 1 3 1 0 75 75 0 75 11 73 192 198 75 193 17 208 208 208 208 208 0 27 27 208 147 147 147 147 147 30 148 212 10 30 30 212 72 92 92 150 150 0 150 212 150 150 212 130 212 22 150 150 16 212 30 0 0 12 
1 1 1 3 75 75 75 75 75 194 73 194 75 198 198 198 208 208 208 208 208 212 147 131 208 147 147 212 147 131 200 212 212 30 212 212 92 148 0 150 0 150 150 150 150 0 150 212 148 22 150 150 150 150 212 131 12 12 12 
0 1 1 75 3 75 75 75 194 194 194 194 0 198 198 0 0 198 198 208 208 208 212 147 147 147 147 147 212 212 212 212 212 212 17 0 0 212 28 28 150 28 150 150 212 212 212 150 212 212 22 212 150 30 30 0 92 92 92 
0 194 1 3 3 75 75 194 194 192 198 0 0 198 0 198 198 198 212 212 208 212 212 212 212 212 212 212 212 212 212 212 212 212 212 212 212 212 212 28 28 28 212 212 212 212 0 212 212 212 212 212 0 0 30 30 92 16 92 
194 129 194 10 10 3 0 194 194 194 194 194 194 198 0 2 0 208 194 212 212 212 132 212 212 212 212 212 212 212 212 212 212 212 212 212 212 212 212 28 28 28 28 212 212 212 212 212 212 212 212 212 30 30 0 30 12 131 4 
194 208 2 194 10 194 194 194 192 194 194 2 194 194 198 198 0 194 208 208 212 212 212 212 212 212 212 212 212 212 212 212 212 212 212 212 212 0 28 84 28 28 212 208 212 212 212 212 212 212 212 192 30 30 30 20 30 20 0 
194 194 192 0 10 0 194 75 194 194 194 192 194 194 194 208 208 194 194 208 212 212 0 212 212 212 212 212 0 212 212 212 150 212 212 212 148 0 212 28 212 212 212 212 212 212 212 212 212 212 84 150 150 30 30 12 20 0 30 
0 194 194 66 66 194 194 194 75 194 194 194 194 194 194 192 208 0 194 193 212 212 212 192 212 212 212 212 148 148 0 212 150 212 212 212 212 212 212 28 28 212 212 212 212 212 148 212 212 212 68 134 212 30 30 30 30 30 30 
194 0 0 66 194 0 194 194 194 194 0 0 194 194 212 0 192 212 212 193 212 212 212 193 212 212 148 212 212 148 212 212 212 212 212 212 212 84 212 28 28 212 212 148 212 148 212 212 212 212 212 212 30 212 4 212 30 30 30 
194 192 66 66 194 194 194 65 194 194 194 194 194 194 194 212 212 0 212 0 212 212 212 212 4 212 148 212 212 148 212 212 212 0 212 212 212 28 212 212 28 148 148 212 212 212 212 212 212 212 212 212 212 30 30 212 30 31 138 
194 194 194 2 0 66 194 194 0 194 194 194 194 192 192 192 212 212 0 212 212 212 212 212 192 4 212 212 212 212 212 212 84 212 212 212 212 212 0 0 212 212 0 148 148 212 212 212 148 0 212 0 30 212 30 150 30 30 10 
0 194 194 2 194 194 194 194 194 194 0 194 194 194 192 192 212 212 212 212 212 212 212 195 212 208 212 212 212 212 212 198 212 212 212 212 84 212 193 212 212 192 212 212 212 0 212 212 148 148 212 212 148 148 0 30 30 30 10 
66 66 0 194 0 194 194 194 66 192 194 130 128 192 192 212 212 212 208 212 212 212 212 208 195 212 208 208 0 28 212 0 212 212 212 212 212 212 212 212 212 212 212 212 212 212 212 212 212 212 84 0 148 148 148 12 11 0 148 
194 194 193 194 194 194 194 194 194 130 192 130 194 192 192 0 0 212 212 212 208 0 212 212 0 0 80 212 193 212 212 212 212 212 0 212 212 212 212 212 212 212 212 212 192 212 212 212 212 0 148 20 148 148 148 148 12 11 148 
192 194 193 192 192 64 194 194 66 194 194 192 192 192 208 208 212 212 208 208 208 208 212 212 0 208 16 212 212 0 212 212 212 212 212 212 212 212 212 212 212 212 212 212 212 212 212 212 193 212 148 212 148 128 4 148 28 148 11 
192 192 193 208 192 194 194 194 0 192 0 192 192 192 0 212 192 208 212 208 208 16 0 0 212 212 212 0 212 0 212 212 0 145 145 212 212 212 212 193 212 212 212 0 212 148 212 212 212 212 212 84 148 148 4 0 148 128 0 
192 193 193 208 194 2 194 194 194 194 192 192 192 192 0 192 192 192 208 212 0 212 0 16 212 212 145 0 212 212 212 0 212 212 212 212 0 212 212 0 212 212 212 212 212 212 0 148 148 212 84 84 148 148 148 148 148 28 28 
192 192 192 194 0 192 194 194 194 192 192 192 192 192 212 212 212 212 212 212 212 80 208 212 212 196 208 208 212 212 192 0 0 212 212 212 212 212 192 212 212 212 212 212 212 212 148 212 148 0 148 148 148 148 148 148 4 148 28 
194 192 192 194 194 192 10 194 194 192 192 192 192 192 192 212 194 212 145 212 0 208 208 208 212 196 208 212 0 208 212 208 208 0 0 0 212 193 212 212 212 192 212 192 212 212 212 212 0 148 148 148 148 148 148 20 20 4 4 
192 192 194 194 194 192 1 192 192 192 192 192 192 192 192 192 212 145 212 212 212 208 208 208 212 212 208 208 208 212 212 208 212 212 212 208 212 212 212 212 192 212 212 212 212 0 148 212 148 148 148 145 148 148 148 4 4 4 194 
192 0 194 194 64 194 192 194 194 0 192 64 64 192 208 208 208 208 212 0 208 208 208 212 208 212 208 208 208 212 208 208 212 192 212 212 212 212 212 192 212 212 0 212 0 148 0 148 148 148 148 0 148 148 20 20 4 0 84 
0 64 66 66 194 192 0 194 192 128 64 0 192 192 192 0 212 208 0 208 208 208 208 212 212 212 212 208 208 208 208 208 212 212 212 212 212 148 212 92 212 148 195 212 212 144 144 20 148 148 148 148 148 20 84 84 84 84 84 
64 130 64 66 192 194 192 192 192 192 192 192 192 208 208 192 212 0 208 208 208 80 208 194 212 0 212 208 208 208 208 212 0 0 208 84 0 212 212 84 212 195 195 20 20 20 20 84 84 84 148 148 148 28 28 84 28 84 84 
0 0 192 64 64 194 194 192 192 192 193 193 193 208 128 208 212 208 208 208 192 208 208 208 212 212 208 208 208 208 208 208 208 212 208 212 0 212 84 212 0 212 212 148 20 20 20 64 84 148 0 129 28 84 28 28 84 84 84 
0 0 0 192 192 192 192 64 192 192 192 193 192 128 128 192 208 208 208 208 208 208 208 208 208 0 208 208 208 208 208 208 16 212 0 212 212 144 144 144 212 212 212 20 148 0 148 20 148 84 0 28 129 0 84 84 84 84 84 
192 0 0 192 192 192 192 64 192 192 192 0 193 192 0 0 208 208 208 208 16 193 208 145 212 0 208 192 192 208 208 208 84 212 208 208 212 144 144 0 212 212 212 20 148 148 148 20 84 128 148 128 0 212 212 84 0 84 84 
192 0 192 192 192 192 192 192 192 192 192 193 192 194 192 144 16 208 208 208 16 208 208 193 208 208 208 208 208 192 208 208 144 144 144 212 212 212 148 212 0 212 212 212 20 20 0 20 20 84 84 84 0 84 0 192 192 2 2 
192 192 0 192 192 192 192 192 0 192 192 193 194 194 192 192 144 0 208 208 208 208 193 208 0 208 208 208 208 208 208 144 208 208 144 144 212 212 212 148 212 212 212 212 212 0 212 16 84 0 0 20 20 20 65 192 128 0 128 
192 192 0 192 192 193 193 192 192 192 192 192 194 194 192 208 208 208 212 212 192 208 212 192 208 208 192 208 208 208 208 0 144 144 192 145 212 212 148 212 212 212 212 20 20 16 0 0 20 20 212 20 144 2 2 0 0 128 128 
192 192 192 192 192 192 192 192 192 0 192 192 194 192 192 0 208 208 208 212 212 212 192 208 208 208 208 208 208 208 0 208 208 212 145 192 148 212 212 17 212 212 20 20 0 16 16 16 20 20 212 20 2 144 2 0 2 2 0 
