150.027 150.027 150.027 150.027 150.027 150.027 150.027 150.027 150.027 150.027 150.027 150.027 150.027 150.027 150.027 150.027 150.027 150.027 150.027 150.027 150.027 150.027 150.027 150.027 150.027 150.027 150.027 150.027 150.027 150.027 150.027 150.027 150.027 150.027 150.027 150.027 150.027 150.027 150.027 150.027 150.027 150.027 150.027 150.027 150.027 150.027 150.027 150.027 150.027 150.027 150.027 150.027 150.027 150.027 150.027 150.027 150.027 150.027 150.027 
150.027 150.027 150.027 150.027 150.027 150.027 150.027 150.027 150.027 150.027 150.027 150.027 150.027 150.027 150.027 150.027 150.027 150.027 150.027 150.027 150.027 150.027 150.027 150.027 150.027 150.027 150.027 150.027 150.027 150.027 150.027 150.027 150.027 150.027 150.027 150.027 150.027 150.027 150.027 150.027 150.027 150.027 150.027 150.027 150.027 150.027 150.027 150.027 150.027 150.027 150.027 150.027 150.027 150.027 150.027 150.027 150.027 150.027 150.027 
150.027 150.027 150.027 150.027 150.027 150.027 150.027 150.027 150.027 150.027 150.027 150.027 150.027 150.027 150.027 150.027 150.027 150.027 150.027 150.027 150.027 150.027 150.027 150.027 150.027 150.027 150.027 150.027 150.027 150.027 150.027 150.027 150.027 150.027 150.027 150.027 150.027 150.027 150.027 150.027 150.027 150.027 150.027 150.027 150.027 150.027 150.027 150.027 150.027 150.027 150.027 150.027 150.027 150.027 150.027 150.027 150.027 150.027 150.027 
150.027 150.027 150.027 150.027 150.027 150.027 150.027 150.027 150.027 150.027 150.027 150.027 150.027 150.027 150.027 150.027 150.027 150.027 150.027 150.027 150.027 150.027 150.027 150.027 150.027 150.027 150.027 150.027 150.027 150.027 150.027 150.027 150.027 150.027 150.027 150.027 150.027 150.027 150.027 150.027 150.027 150.027 150.027 150.027 150.027 150.027 150.027 150.027 150.027 150.027 150.027 150.027 150.027 150.027 150.027 150.027 150.027 150.027 150.027 
150.027 150.027 150.027 150.027 150.027 150.027 150.027 150.027 150.027 150.027 150.027 150.027 150.027 150.027 150.027 150.027 150.027 150.027 150.027 150.027 150.027 150.027 150.027 150.027 150.027 150.027 150.027 150.027 150.027 150.027 150.027 150.027 150.027 150.027 150.027 150.027 150.027 150.027 150.027 150.027 150.027 150.027 150.027 150.027 150.027 150.027 150.027 150.027 150.027 150.027 150.027 150.027 150.027 150.027 150.027 150.027 150.027 150.027 150.027 
150.027 150.027 150.027 150.027 150.027 150.027 150.027 150.027 150.027 150.027 150.027 150.027 150.027 150.027 150.027 150.027 150.027 150.027 150.027 150.027 150.027 150.027 150.027 150.027 150.027 150.027 150.027 150.027 150.027 150.027 150.027 150.027 150.027 150.027 150.027 150.027 150.027 150.027 150.027 150.027 150.027 150.027 150.027 150.027 150.027 150.027 150.027 150.027 150.027 150.027 150.027 150.027 150.027 150.027 150.027 150.027 150.027 150.027 150.027 
150.027 150.027 150.027 150.027 150.027 150.027 150.027 150.027 150.027 150.027 150.027 150.027 150.027 150.027 150.027 150.027 150.027 150.027 150.027 150.027 150.027 150.027 150.027 150.027 150.027 150.027 150.027 150.027 150.027 150.027 150.027 150.027 150.027 150.027 150.027 150.027 150.027 150.027 150.027 150.027 150.027 150.027 150.027 150.027 150.027 150.027 150.027 150.027 150.027 150.027 150.027 150.027 150.027 150.027 150.027 150.027 150.027 150.027 150.027 
150.027 150.027 150.027 150.027 150.027 150.027 150.027 150.027 150.027 150.027 150.027 150.027 150.027 150.027 150.027 150.027 150.027 150.027 150.027 150.027 150.027 150.027 150.027 150.027 150.027 150.027 150.027 150.027 150.027 150.027 150.027 150.027 150.027 150.027 150.027 150.027 150.027 150.027 150.027 150.027 150.027 150.027 150.027 150.027 150.027 150.027 150.027 150.027 150.027 150.027 150.027 150.027 150.027 150.027 150.027 150.027 150.027 150.027 150.027 
150.027 150.027 150.027 150.027 150.027 150.027 150.027 150.027 150.027 150.027 150.027 150.027 150.027 150.027 150.027 150.027 150.027 150.027 150.027 150.027 150.027 150.027 150.027 150.027 150.027 150.027 150.027 150.027 150.027 150.027 150.027 150.027 150.027 150.027 150.027 150.027 150.027 150.027 150.027 150.027 150.027 150.027 150.027 150.027 150.027 150.027 150.027 150.027 150.027 150.027 150.027 150.027 150.027 150.027 150.027 150.027 150.027 150.027 150.027 
150.027 150.027 150.027 150.027 150.027 150.027 150.027 150.027 150.027 150.027 150.027 150.027 150.027 150.027 150.027 150.027 150.027 150.027 150.027 150.027 150.027 150.027 150.027 150.027 150.027 150.027 150.027 150.027 150.027 150.027 150.027 150.027 150.027 150.027 150.027 150.027 150.027 150.027 150.027 150.027 150.027 150.027 150.027 150.027 150.027 150.027 150.027 150.027 150.027 150.027 150.027 150.027 150.027 150.027 150.027 150.027 150.027 150.027 150.027 
150.027 150.027 150.027 150.027 150.027 150.027 150.027 150.027 150.027 150.027 150.027 150.027 150.027 150.027 150.027 150.027 150.027 150.027 150.027 150.027 150.027 150.027 150.027 150.027 150.027 150.027 150.027 150.027 150.027 150.027 150.027 150.027 150.027 150.027 150.027 150.027 150.027 150.027 150.027 150.027 150.027 150.027 150.027 150.027 150.027 150.027 150.027 150.027 150.027 150.027 150.027 150.027 150.027 150.027 150.027 150.027 150.027 150.027 150.027 
150.027 150.027 150.027 150.027 150.027 150.027 150.027 150.027 150.027 150.027 150.027 150.027 150.027 150.027 150.027 150.027 150.027 150.027 150.027 150.027 150.027 150.027 150.027 150.027 150.027 150.027 150.027 150.027 150.027 150.027 150.027 150.027 150.027 150.027 150.027 150.027 150.027 150.027 150.027 150.027 150.027 150.027 150.027 150.027 150.027 150.027 150.027 150.027 150.027 150.027 150.027 150.027 150.027 150.027 150.027 150.027 150.027 150.027 150.027 
150.027 150.027 150.027 150.027 150.027 150.027 150.027 150.027 150.027 150.027 150.027 150.027 150.027 150.027 150.027 150.027 150.027 150.027 150.027 150.027 150.027 150.027 150.027 150.027 150.027 150.027 150.027 150.027 150.027 150.027 150.027 150.027 150.027 150.027 150.027 150.027 150.027 150.027 150.027 150.027 150.027 150.027 150.027 150.027 150.027 150.027 150.027 150.027 150.027 150.027 150.027 150.027 150.027 150.027 150.027 150.027 150.027 150.027 150.027 
150.027 150.027 150.027 150.027 150.027 150.027 150.027 150.027 150.027 150.027 150.027 150.027 150.027 150.027 150.027 150.027 150.027 150.027 150.027 150.027 150.027 150.027 150.027 150.027 150.027 150.027 150.027 150.027 150.027 150.027 150.027 150.027 150.027 150.027 150.027 150.027 150.027 150.027 150.027 150.027 150.027 150.027 150.027 150.027 150.027 150.027 150.027 150.027 150.027 150.027 150.027 150.027 150.027 150.027 150.027 150.027 150.027 150.027 150.027 
150.027 150.027 150.027 150.027 150.027 150.027 150.027 150.027 150.027 150.027 150.027 150.027 150.027 150.027 150.027 150.027 150.027 150.027 150.027 150.027 150.027 150.027 150.027 150.027 150.027 150.027 150.027 150.027 150.027 150.027 150.027 150.027 150.027 150.027 150.027 150.027 150.027 150.027 150.027 150.027 150.027 150.027 150.027 150.027 150.027 150.027 150.027 150.027 150.027 150.027 150.027 150.027 150.027 150.027 150.027 150.027 150.027 150.027 150.027 
150.027 150.027 150.027 150.027 150.027 150.027 150.027 150.027 150.027 150.027 150.027 150.027 150.027 150.027 150.027 150.027 150.027 150.027 150.027 150.027 150.027 150.027 150.027 150.027 150.027 150.027 150.027 150.027 150.027 150.027 150.027 150.027 150.027 150.027 150.027 150.027 150.027 150.027 150.027 150.027 150.027 150.027 150.027 150.027 150.027 150.027 150.027 150.027 150.027 150.027 150.027 150.027 150.027 150.027 150.027 150.027 150.027 150.027 150.027 
150.027 150.027 150.027 150.027 150.027 150.027 150.027 150.027 150.027 150.027 150.027 150.027 150.027 150.027 150.027 150.027 150.027 150.027 150.027 150.027 150.027 150.027 150.027 150.027 150.027 150.027 150.027 150.027 150.027 150.027 150.027 150.027 150.027 150.027 150.027 150.027 150.027 150.027 150.027 150.027 150.027 150.027 150.027 150.027 150.027 150.027 150.027 150.027 150.027 150.027 150.027 150.027 150.027 150.027 150.027 150.027 150.027 150.027 150.027 
150.027 150.027 150.027 150.027 150.027 150.027 150.027 150.027 150.027 150.027 150.027 150.027 150.027 150.027 150.027 150.027 150.027 150.027 150.027 150.027 150.027 150.027 150.027 150.027 150.027 150.027 150.027 150.027 150.027 150.027 150.027 150.027 150.027 150.027 150.027 150.027 150.027 150.027 150.027 150.027 150.027 150.027 150.027 150.027 150.027 150.027 150.027 150.027 150.027 150.027 150.027 150.027 150.027 150.027 150.027 150.027 150.027 150.027 150.027 
150.027 150.027 150.027 150.027 150.027 150.027 150.027 150.027 150.027 150.027 150.027 150.027 150.027 150.027 150.027 150.027 150.027 150.027 150.027 150.027 150.027 150.027 150.027 150.027 150.027 150.027 150.027 150.027 150.027 150.027 150.027 150.027 150.027 150.027 150.027 150.027 150.027 150.027 150.027 150.027 150.027 150.027 150.027 150.027 150.027 150.027 150.027 150.027 150.027 150.027 150.027 150.027 150.027 150.027 150.027 150.027 150.027 150.027 150.027 
150.027 150.027 150.027 150.027 150.027 150.027 150.027 150.027 150.027 150.027 150.027 150.027 150.027 150.027 150.027 150.027 150.027 150.027 150.027 150.027 150.027 150.027 150.027 150.027 150.027 150.027 150.027 150.027 150.027 150.027 150.027 150.027 150.027 150.027 150.027 150.027 150.027 150.027 150.027 150.027 150.027 150.027 150.027 150.027 150.027 150.027 150.027 150.027 150.027 150.027 150.027 150.027 150.027 150.027 150.027 150.027 150.027 150.027 150.027 
150.027 150.027 150.027 150.027 150.027 150.027 150.027 150.027 150.027 150.027 150.027 150.027 150.027 150.027 150.027 150.027 150.027 150.027 150.027 150.027 150.027 150.027 150.027 150.027 150.027 150.027 150.027 150.027 150.027 150.027 150.027 150.027 150.027 150.027 150.027 150.027 150.027 150.027 150.027 150.027 150.027 150.027 150.027 150.027 150.027 150.027 150.027 150.027 150.027 150.027 150.027 150.027 150.027 150.027 150.027 150.027 150.027 150.027 150.027 
150.027 150.027 150.027 150.027 150.027 150.027 150.027 150.027 150.027 150.027 150.027 150.027 150.027 150.027 150.027 150.027 150.027 150.027 150.027 150.027 150.027 150.027 150.027 150.027 150.027 150.027 150.027 150.027 150.027 150.027 150.027 150.027 150.027 150.027 150.027 150.027 150.027 150.027 150.027 150.027 150.027 150.027 150.027 150.027 150.027 150.027 150.027 150.027 150.027 150.027 150.027 150.027 150.027 150.027 150.027 150.027 150.027 150.027 150.027 
150.027 150.027 150.027 150.027 150.027 150.027 150.027 150.027 150.027 150.027 150.027 150.027 150.027 150.027 150.027 150.027 150.027 150.027 150.027 150.027 150.027 150.027 150.027 150.027 150.027 150.027 150.027 150.027 150.027 150.027 150.027 150.027 150.027 150.027 150.027 150.027 150.027 150.027 150.027 150.027 150.027 150.027 150.027 150.027 150.027 150.027 150.027 150.027 150.027 150.027 150.027 150.027 150.027 150.027 150.027 150.027 150.027 150.027 150.027 
150.027 150.027 150.027 150.027 150.027 150.027 150.027 150.027 150.027 150.027 150.027 150.027 150.027 150.027 150.027 150.027 150.027 150.027 150.027 150.027 150.027 150.027 150.027 150.027 150.027 150.027 150.027 150.027 150.027 150.027 150.027 150.027 150.027 150.027 150.027 150.027 150.027 150.027 150.027 150.027 150.027 150.027 150.027 150.027 150.027 150.027 150.027 150.027 150.027 150.027 150.027 150.027 150.027 150.027 150.027 150.027 150.027 150.027 150.027 
150.027 150.027 150.027 150.027 150.027 150.027 150.027 150.027 150.027 150.027 150.027 150.027 150.027 150.027 150.027 150.027 150.027 150.027 150.027 150.027 150.027 150.027 150.027 150.027 150.027 150.027 150.027 150.027 150.027 150.027 150.027 150.027 150.027 150.027 150.027 150.027 150.027 150.027 150.027 150.027 150.027 150.027 150.027 150.027 150.027 150.027 150.027 150.027 150.027 150.027 150.027 150.027 150.027 150.027 150.027 150.027 150.027 150.027 150.027 
150.027 150.027 150.027 150.027 150.027 150.027 150.027 150.027 150.027 150.027 150.027 150.027 150.027 150.027 150.027 150.027 150.027 150.027 150.027 150.027 150.027 150.027 150.027 150.027 150.027 150.027 150.027 150.027 150.027 150.027 150.027 150.027 150.027 150.027 150.027 150.027 150.027 150.027 150.027 150.027 150.027 150.027 150.027 150.027 150.027 150.027 150.027 150.027 150.027 150.027 150.027 150.027 150.027 150.027 150.027 150.027 150.027 150.027 150.027 
150.027 150.027 150.027 150.027 150.027 150.027 150.027 150.027 150.027 150.027 150.027 150.027 150.027 150.027 150.027 150.027 150.027 150.027 150.027 150.027 150.027 150.027 150.027 150.027 150.027 150.027 150.027 150.027 150.027 150.027 150.027 150.027 150.027 150.027 150.027 150.027 150.027 150.027 150.027 150.027 150.027 150.027 150.027 150.027 150.027 150.027 150.027 150.027 150.027 150.027 150.027 150.027 150.027 150.027 150.027 150.027 150.027 150.027 150.027 
150.027 150.027 150.027 150.027 150.027 150.027 150.027 150.027 150.027 150.027 150.027 150.027 150.027 150.027 150.027 150.027 150.027 150.027 150.027 150.027 150.027 150.027 150.027 150.027 150.027 150.027 150.027 150.027 150.027 150.027 150.027 150.027 150.027 150.027 150.027 150.027 150.027 150.027 150.027 150.027 150.027 150.027 150.027 150.027 150.027 150.027 150.027 150.027 150.027 150.027 150.027 150.027 150.027 150.027 150.027 150.027 150.027 150.027 150.027 
150.027 150.027 150.027 150.027 150.027 150.027 150.027 150.027 150.027 150.027 150.027 150.027 150.027 150.027 150.027 150.027 150.027 150.027 150.027 150.027 150.027 150.027 150.027 150.027 150.027 150.027 150.027 150.027 150.027 150.027 150.027 150.027 150.027 150.027 150.027 150.027 150.027 150.027 150.027 150.027 150.027 150.027 150.027 150.027 150.027 150.027 150.027 150.027 150.027 150.027 150.027 150.027 150.027 150.027 150.027 150.027 150.027 150.027 150.027 
150.027 150.027 150.027 150.027 150.027 150.027 150.027 150.027 150.027 150.027 150.027 150.027 150.027 150.027 150.027 150.027 150.027 150.027 150.027 150.027 150.027 150.027 150.027 150.027 150.027 150.027 150.027 150.027 150.027 150.027 150.027 150.027 150.027 150.027 150.027 150.027 150.027 150.027 150.027 150.027 150.027 150.027 150.027 150.027 150.027 150.027 150.027 150.027 150.027 150.027 150.027 150.027 150.027 150.027 150.027 150.027 150.027 150.027 150.027 
150.027 150.027 150.027 150.027 150.027 150.027 150.027 150.027 150.027 150.027 150.027 150.027 150.027 150.027 150.027 150.027 150.027 150.027 150.027 150.027 150.027 150.027 150.027 150.027 150.027 150.027 150.027 150.027 150.027 150.027 150.027 150.027 150.027 150.027 150.027 150.027 150.027 150.027 150.027 150.027 150.027 150.027 150.027 150.027 150.027 150.027 150.027 150.027 150.027 150.027 150.027 150.027 150.027 150.027 150.027 150.027 150.027 150.027 150.027 
150.027 150.027 150.027 150.027 150.027 150.027 150.027 150.027 150.027 150.027 150.027 150.027 150.027 150.027 150.027 150.027 150.027 150.027 150.027 150.027 150.027 150.027 150.027 150.027 150.027 150.027 150.027 150.027 150.027 150.027 150.027 150.027 150.027 150.027 150.027 150.027 150.027 150.027 150.027 150.027 150.027 150.027 150.027 150.027 150.027 150.027 150.027 150.027 150.027 150.027 150.027 150.027 150.027 150.027 150.027 150.027 150.027 150.027 150.027 
150.027 150.027 150.027 150.027 150.027 150.027 150.027 150.027 150.027 150.027 150.027 150.027 150.027 150.027 150.027 150.027 150.027 150.027 150.027 150.027 150.027 150.027 150.027 150.027 150.027 150.027 150.027 150.027 150.027 150.027 150.027 150.027 150.027 150.027 150.027 150.027 150.027 150.027 150.027 150.027 150.027 150.027 150.027 150.027 150.027 150.027 150.027 150.027 150.027 150.027 150.027 150.027 150.027 150.027 150.027 150.027 150.027 150.027 150.027 
150.027 150.027 150.027 150.027 150.027 150.027 150.027 150.027 150.027 150.027 150.027 150.027 150.027 150.027 150.027 150.027 150.027 150.027 150.027 150.027 150.027 150.027 150.027 150.027 150.027 150.027 150.027 150.027 150.027 150.027 150.027 150.027 150.027 150.027 150.027 150.027 150.027 150.027 150.027 150.027 150.027 150.027 150.027 150.027 150.027 150.027 150.027 150.027 150.027 150.027 150.027 150.027 150.027 150.027 150.027 150.027 150.027 150.027 150.027 
150.027 150.027 150.027 150.027 150.027 150.027 150.027 150.027 150.027 150.027 150.027 150.027 150.027 150.027 150.027 150.027 150.027 150.027 150.027 150.027 150.027 150.027 150.027 150.027 150.027 150.027 150.027 150.027 150.027 150.027 150.027 150.027 150.027 150.027 150.027 150.027 150.027 150.027 150.027 150.027 150.027 150.027 150.027 150.027 150.027 150.027 150.027 150.027 150.027 150.027 150.027 150.027 150.027 150.027 150.027 150.027 150.027 150.027 150.027 
150.027 150.027 150.027 150.027 150.027 150.027 150.027 150.027 150.027 150.027 150.027 150.027 150.027 150.027 150.027 150.027 150.027 150.027 150.027 150.027 150.027 150.027 150.027 150.027 150.027 150.027 150.027 150.027 150.027 150.027 150.027 150.027 150.027 150.027 150.027 150.027 150.027 150.027 150.027 150.027 150.027 150.027 150.027 150.027 150.027 150.027 150.027 150.027 150.027 150.027 150.027 150.027 150.027 150.027 150.027 150.027 150.027 150.027 150.027 
150.027 150.027 150.027 150.027 150.027 150.027 150.027 150.027 150.027 150.027 150.027 150.027 150.027 150.027 150.027 150.027 150.027 150.027 150.027 150.027 150.027 150.027 150.027 150.027 150.027 150.027 150.027 150.027 150.027 150.027 150.027 150.027 150.027 150.027 150.027 150.027 150.027 150.027 150.027 150.027 150.027 150.027 150.027 150.027 150.027 150.027 150.027 150.027 150.027 150.027 150.027 150.027 150.027 150.027 150.027 150.027 150.027 150.027 150.027 
150.027 150.027 150.027 150.027 150.027 150.027 150.027 150.027 150.027 150.027 150.027 150.027 150.027 150.027 150.027 150.027 150.027 150.027 150.027 150.027 150.027 150.027 150.027 150.027 150.027 150.027 150.027 150.027 150.027 150.027 150.027 150.027 150.027 150.027 150.027 150.027 150.027 150.027 150.027 150.027 150.027 150.027 150.027 150.027 150.027 150.027 150.027 150.027 150.027 150.027 150.027 150.027 150.027 150.027 150.027 150.027 150.027 150.027 150.027 
150.027 150.027 150.027 150.027 150.027 150.027 150.027 150.027 150.027 150.027 150.027 150.027 150.027 150.027 150.027 150.027 150.027 150.027 150.027 150.027 150.027 150.027 150.027 150.027 150.027 150.027 150.027 150.027 150.027 150.027 150.027 150.027 150.027 150.027 150.027 150.027 150.027 150.027 150.027 150.027 150.027 150.027 150.027 150.027 150.027 150.027 150.027 150.027 150.027 150.027 150.027 150.027 150.027 150.027 150.027 150.027 150.027 150.027 150.027 
150.027 150.027 150.027 150.027 150.027 150.027 150.027 150.027 150.027 150.027 150.027 150.027 150.027 150.027 150.027 150.027 150.027 150.027 150.027 150.027 150.027 150.027 150.027 150.027 150.027 150.027 150.027 150.027 150.027 150.027 150.027 150.027 150.027 150.027 150.027 150.027 150.027 150.027 150.027 150.027 150.027 150.027 150.027 150.027 150.027 150.027 150.027 150.027 150.027 150.027 150.027 150.027 150.027 150.027 150.027 150.027 150.027 150.027 150.027 
150.027 150.027 150.027 150.027 150.027 150.027 150.027 150.027 150.027 150.027 150.027 150.027 150.027 150.027 150.027 150.027 150.027 150.027 150.027 150.027 150.027 150.027 150.027 150.027 150.027 150.027 150.027 150.027 150.027 150.027 150.027 150.027 150.027 150.027 150.027 150.027 150.027 150.027 150.027 150.027 150.027 150.027 150.027 150.027 150.027 150.027 150.027 150.027 150.027 150.027 150.027 150.027 150.027 150.027 150.027 150.027 150.027 150.027 150.027 
150.027 150.027 150.027 150.027 150.027 150.027 150.027 150.027 150.027 150.027 150.027 150.027 150.027 150.027 150.027 150.027 150.027 150.027 150.027 150.027 150.027 150.027 150.027 150.027 150.027 150.027 150.027 150.027 150.027 150.027 150.027 150.027 150.027 150.027 150.027 150.027 150.027 150.027 150.027 150.027 150.027 150.027 150.027 150.027 150.027 150.027 150.027 150.027 150.027 150.027 150.027 150.027 150.027 150.027 150.027 150.027 150.027 150.027 150.027 
150.027 150.027 150.027 150.027 150.027 150.027 150.027 150.027 150.027 150.027 150.027 150.027 150.027 150.027 150.027 150.027 150.027 150.027 150.027 150.027 150.027 150.027 150.027 150.027 150.027 150.027 150.027 150.027 150.027 150.027 150.027 150.027 150.027 150.027 150.027 150.027 150.027 150.027 150.027 150.027 150.027 150.027 150.027 150.027 150.027 150.027 150.027 150.027 150.027 150.027 150.027 150.027 150.027 150.027 150.027 150.027 150.027 150.027 150.027 
150.027 150.027 150.027 150.027 150.027 150.027 150.027 150.027 150.027 150.027 150.027 150.027 150.027 150.027 150.027 150.027 150.027 150.027 150.027 150.027 150.027 150.027 150.027 150.027 150.027 150.027 150.027 150.027 150.027 150.027 150.027 150.027 150.027 150.027 150.027 150.027 150.027 150.027 150.027 150.027 150.027 150.027 150.027 150.027 150.027 150.027 150.027 150.027 150.027 150.027 150.027 150.027 150.027 150.027 150.027 150.027 150.027 150.027 150.027 
150.027 150.027 150.027 150.027 150.027 150.027 150.027 150.027 150.027 150.027 150.027 150.027 150.027 150.027 150.027 150.027 150.027 150.027 150.027 150.027 150.027 150.027 150.027 150.027 150.027 150.027 150.027 150.027 150.027 150.027 150.027 150.027 150.027 150.027 150.027 150.027 150.027 150.027 150.027 150.027 150.027 150.027 150.027 150.027 150.027 150.027 150.027 150.027 150.027 150.027 150.027 150.027 150.027 150.027 150.027 150.027 150.027 150.027 150.027 
150.027 150.027 150.027 150.027 150.027 150.027 150.027 150.027 150.027 150.027 150.027 150.027 150.027 150.027 150.027 150.027 150.027 150.027 150.027 150.027 150.027 150.027 150.027 150.027 150.027 150.027 150.027 150.027 150.027 150.027 150.027 150.027 150.027 150.027 150.027 150.027 150.027 150.027 150.027 150.027 150.027 150.027 150.027 150.027 150.027 150.027 150.027 150.027 150.027 150.027 150.027 150.027 150.027 150.027 150.027 150.027 150.027 150.027 150.027 
150.027 150.027 150.027 150.027 150.027 150.027 150.027 150.027 150.027 150.027 150.027 150.027 150.027 150.027 150.027 150.027 150.027 150.027 150.027 150.027 150.027 150.027 150.027 150.027 150.027 150.027 150.027 150.027 150.027 150.027 150.027 150.027 150.027 150.027 150.027 150.027 150.027 150.027 150.027 150.027 150.027 150.027 150.027 150.027 150.027 150.027 150.027 150.027 150.027 150.027 150.027 150.027 150.027 150.027 150.027 150.027 150.027 150.027 150.027 
150.027 150.027 150.027 150.027 150.027 150.027 150.027 150.027 150.027 150.027 150.027 150.027 150.027 150.027 150.027 150.027 150.027 150.027 150.027 150.027 150.027 150.027 150.027 150.027 150.027 150.027 150.027 150.027 150.027 150.027 150.027 150.027 150.027 150.027 150.027 150.027 150.027 150.027 150.027 150.027 150.027 150.027 150.027 150.027 150.027 150.027 150.027 150.027 150.027 150.027 150.027 150.027 150.027 150.027 150.027 150.027 150.027 150.027 150.027 
150.027 150.027 150.027 150.027 150.027 150.027 150.027 150.027 150.027 150.027 150.027 150.027 150.027 150.027 150.027 150.027 150.027 150.027 150.027 150.027 150.027 150.027 150.027 150.027 150.027 150.027 150.027 150.027 150.027 150.027 150.027 150.027 150.027 150.027 150.027 150.027 150.027 150.027 150.027 150.027 150.027 150.027 150.027 150.027 150.027 150.027 150.027 150.027 150.027 150.027 150.027 150.027 150.027 150.027 150.027 150.027 150.027 150.027 150.027 
150.027 150.027 150.027 150.027 150.027 150.027 150.027 150.027 150.027 150.027 150.027 150.027 150.027 150.027 150.027 150.027 150.027 150.027 150.027 150.027 150.027 150.027 150.027 150.027 150.027 150.027 150.027 150.027 150.027 150.027 150.027 150.027 150.027 150.027 150.027 150.027 150.027 150.027 150.027 150.027 150.027 150.027 150.027 150.027 150.027 150.027 150.027 150.027 150.027 150.027 150.027 150.027 150.027 150.027 150.027 150.027 150.027 150.027 150.027 
150.027 150.027 150.027 150.027 150.027 150.027 150.027 150.027 150.027 150.027 150.027 150.027 150.027 150.027 150.027 150.027 150.027 150.027 150.027 150.027 150.027 150.027 150.027 150.027 150.027 150.027 150.027 150.027 150.027 150.027 150.027 150.027 150.027 150.027 150.027 150.027 150.027 150.027 150.027 150.027 150.027 150.027 150.027 150.027 150.027 150.027 150.027 150.027 150.027 150.027 150.027 150.027 150.027 150.027 150.027 150.027 150.027 150.027 150.027 
150.027 150.027 150.027 150.027 150.027 150.027 150.027 150.027 150.027 150.027 150.027 150.027 150.027 150.027 150.027 150.027 150.027 150.027 150.027 150.027 150.027 150.027 150.027 150.027 150.027 150.027 150.027 150.027 150.027 150.027 150.027 150.027 150.027 150.027 150.027 150.027 150.027 150.027 150.027 150.027 150.027 150.027 150.027 150.027 150.027 150.027 150.027 150.027 150.027 150.027 150.027 150.027 150.027 150.027 150.027 150.027 150.027 150.027 150.027 
150.027 150.027 150.027 150.027 150.027 150.027 150.027 150.027 150.027 150.027 150.027 150.027 150.027 150.027 150.027 150.027 150.027 150.027 150.027 150.027 150.027 150.027 150.027 150.027 150.027 150.027 150.027 150.027 150.027 150.027 150.027 150.027 150.027 150.027 150.027 150.027 150.027 150.027 150.027 150.027 150.027 150.027 150.027 150.027 150.027 150.027 150.027 150.027 150.027 150.027 150.027 150.027 150.027 150.027 150.027 150.027 150.027 150.027 150.027 
150.027 150.027 150.027 150.027 150.027 150.027 150.027 150.027 150.027 150.027 150.027 150.027 150.027 150.027 150.027 150.027 150.027 150.027 150.027 150.027 150.027 150.027 150.027 150.027 150.027 150.027 150.027 150.027 150.027 150.027 150.027 150.027 150.027 150.027 150.027 150.027 150.027 150.027 150.027 150.027 150.027 150.027 150.027 150.027 150.027 150.027 150.027 150.027 150.027 150.027 150.027 150.027 150.027 150.027 150.027 150.027 150.027 150.027 150.027 
150.027 150.027 150.027 150.027 150.027 150.027 150.027 150.027 150.027 150.027 150.027 150.027 150.027 150.027 150.027 150.027 150.027 150.027 150.027 150.027 150.027 150.027 150.027 150.027 150.027 150.027 150.027 150.027 150.027 150.027 150.027 150.027 150.027 150.027 150.027 150.027 150.027 150.027 150.027 150.027 150.027 150.027 150.027 150.027 150.027 150.027 150.027 150.027 150.027 150.027 150.027 150.027 150.027 150.027 150.027 150.027 150.027 150.027 150.027 
150.027 150.027 150.027 150.027 150.027 150.027 150.027 150.027 150.027 150.027 150.027 150.027 150.027 150.027 150.027 150.027 150.027 150.027 150.027 150.027 150.027 150.027 150.027 150.027 150.027 150.027 150.027 150.027 150.027 150.027 150.027 150.027 150.027 150.027 150.027 150.027 150.027 150.027 150.027 150.027 150.027 150.027 150.027 150.027 150.027 150.027 150.027 150.027 150.027 150.027 150.027 150.027 150.027 150.027 150.027 150.027 150.027 150.027 150.027 
150.027 150.027 150.027 150.027 150.027 150.027 150.027 150.027 150.027 150.027 150.027 150.027 150.027 150.027 150.027 150.027 150.027 150.027 150.027 150.027 150.027 150.027 150.027 150.027 150.027 150.027 150.027 150.027 150.027 150.027 150.027 150.027 150.027 150.027 150.027 150.027 150.027 150.027 150.027 150.027 150.027 150.027 150.027 150.027 150.027 150.027 150.027 150.027 150.027 150.027 150.027 150.027 150.027 150.027 150.027 150.027 150.027 150.027 150.027 
150.027 150.027 150.027 150.027 150.027 150.027 150.027 150.027 150.027 150.027 150.027 150.027 150.027 150.027 150.027 150.027 150.027 150.027 150.027 150.027 150.027 150.027 150.027 150.027 150.027 150.027 150.027 150.027 150.027 150.027 150.027 150.027 150.027 150.027 150.027 150.027 150.027 150.027 150.027 150.027 150.027 150.027 150.027 150.027 150.027 150.027 150.027 150.027 150.027 150.027 150.027 150.027 150.027 150.027 150.027 150.027 150.027 150.027 150.027 
150.027 150.027 150.027 150.027 150.027 150.027 150.027 150.027 150.027 150.027 150.027 150.027 150.027 150.027 150.027 150.027 150.027 150.027 150.027 150.027 150.027 150.027 150.027 150.027 150.027 150.027 150.027 150.027 150.027 150.027 150.027 150.027 150.027 150.027 150.027 150.027 150.027 150.027 150.027 150.027 150.027 150.027 150.027 150.027 150.027 150.027 150.027 150.027 150.027 150.027 150.027 150.027 150.027 150.027 150.027 150.027 150.027 150.027 150.027 
