142.898 142.898 142.898 142.898 142.898 142.898 142.898 142.898 142.898 142.898 142.898 142.898 142.898 142.898 142.898 142.898 142.898 142.898 142.898 142.898 142.898 142.898 142.898 142.898 142.898 142.898 142.898 142.898 142.898 142.898 142.898 142.898 142.898 142.898 142.898 142.898 142.898 142.898 142.898 142.898 142.898 142.898 142.898 142.898 142.898 142.898 142.898 142.898 142.898 142.898 142.898 142.898 142.898 142.898 142.898 142.898 142.898 142.898 142.898 
142.898 142.898 142.898 142.898 142.898 142.898 142.898 142.898 142.898 142.898 142.898 142.898 142.898 142.898 142.898 142.898 142.898 142.898 142.898 142.898 142.898 142.898 142.898 142.898 142.898 142.898 142.898 142.898 142.898 142.898 142.898 142.898 142.898 142.898 142.898 142.898 142.898 142.898 142.898 142.898 142.898 142.898 142.898 142.898 142.898 142.898 142.898 142.898 142.898 142.898 142.898 142.898 142.898 142.898 142.898 142.898 142.898 142.898 142.898 
142.898 142.898 142.898 142.898 142.898 142.898 142.898 142.898 142.898 142.898 142.898 142.898 142.898 142.898 142.898 142.898 142.898 142.898 142.898 142.898 142.898 142.898 142.898 142.898 142.898 142.898 142.898 142.898 142.898 142.898 142.898 142.898 142.898 142.898 142.898 142.898 142.898 142.898 142.898 142.898 142.898 142.898 142.898 142.898 142.898 142.898 142.898 142.898 142.898 142.898 142.898 142.898 142.898 142.898 142.898 142.898 142.898 142.898 142.898 
142.898 142.898 142.898 142.898 142.898 142.898 142.898 142.898 142.898 142.898 142.898 142.898 142.898 142.898 142.898 142.898 142.898 142.898 142.898 142.898 142.898 142.898 142.898 142.898 142.898 142.898 142.898 142.898 142.898 142.898 142.898 142.898 142.898 142.898 142.898 142.898 142.898 142.898 142.898 142.898 142.898 142.898 142.898 142.898 142.898 142.898 142.898 142.898 142.898 142.898 142.898 142.898 142.898 142.898 142.898 142.898 142.898 142.898 142.898 
142.898 142.898 142.898 142.898 142.898 142.898 142.898 142.898 142.898 142.898 142.898 142.898 142.898 142.898 142.898 142.898 142.898 142.898 142.898 142.898 142.898 142.898 142.898 142.898 142.898 142.898 142.898 142.898 142.898 142.898 142.898 142.898 142.898 142.898 142.898 142.898 142.898 142.898 142.898 142.898 142.898 142.898 142.898 142.898 142.898 142.898 142.898 142.898 142.898 142.898 142.898 142.898 142.898 142.898 142.898 142.898 142.898 142.898 142.898 
142.898 142.898 142.898 142.898 142.898 142.898 142.898 142.898 142.898 142.898 142.898 142.898 142.898 142.898 142.898 142.898 142.898 142.898 142.898 142.898 142.898 142.898 142.898 142.898 142.898 142.898 142.898 142.898 142.898 142.898 142.898 142.898 142.898 142.898 142.898 142.898 142.898 142.898 142.898 142.898 142.898 142.898 142.898 142.898 142.898 142.898 142.898 142.898 142.898 142.898 142.898 142.898 142.898 142.898 142.898 142.898 142.898 142.898 142.898 
142.898 142.898 142.898 142.898 142.898 142.898 142.898 142.898 142.898 142.898 142.898 142.898 142.898 142.898 142.898 142.898 142.898 142.898 142.898 142.898 142.898 142.898 142.898 142.898 142.898 142.898 142.898 142.898 142.898 142.898 142.898 142.898 142.898 142.898 142.898 142.898 142.898 142.898 142.898 142.898 142.898 142.898 142.898 142.898 142.898 142.898 142.898 142.898 142.898 142.898 142.898 142.898 142.898 142.898 142.898 142.898 142.898 142.898 142.898 
142.898 142.898 142.898 142.898 142.898 142.898 142.898 142.898 142.898 142.898 142.898 142.898 142.898 142.898 142.898 142.898 142.898 142.898 142.898 142.898 142.898 142.898 142.898 142.898 142.898 142.898 142.898 142.898 142.898 142.898 142.898 142.898 142.898 142.898 142.898 142.898 142.898 142.898 142.898 142.898 142.898 142.898 142.898 142.898 142.898 142.898 142.898 142.898 142.898 142.898 142.898 142.898 142.898 142.898 142.898 142.898 142.898 142.898 142.898 
142.898 142.898 142.898 142.898 142.898 142.898 142.898 142.898 142.898 142.898 142.898 142.898 142.898 142.898 142.898 142.898 142.898 142.898 142.898 142.898 142.898 142.898 142.898 142.898 142.898 142.898 142.898 142.898 142.898 142.898 142.898 142.898 142.898 142.898 142.898 142.898 142.898 142.898 142.898 142.898 142.898 142.898 142.898 142.898 142.898 142.898 142.898 142.898 142.898 142.898 142.898 142.898 142.898 142.898 142.898 142.898 142.898 142.898 142.898 
142.898 142.898 142.898 142.898 142.898 142.898 142.898 142.898 142.898 142.898 142.898 142.898 142.898 142.898 142.898 142.898 142.898 142.898 142.898 142.898 142.898 142.898 142.898 142.898 142.898 142.898 142.898 142.898 142.898 142.898 142.898 142.898 142.898 142.898 142.898 142.898 142.898 142.898 142.898 142.898 142.898 142.898 142.898 142.898 142.898 142.898 142.898 142.898 142.898 142.898 142.898 142.898 142.898 142.898 142.898 142.898 142.898 142.898 142.898 
142.898 142.898 142.898 142.898 142.898 142.898 142.898 142.898 142.898 142.898 142.898 142.898 142.898 142.898 142.898 142.898 142.898 142.898 142.898 142.898 142.898 142.898 142.898 142.898 142.898 142.898 142.898 142.898 142.898 142.898 142.898 142.898 142.898 142.898 142.898 142.898 142.898 142.898 142.898 142.898 142.898 142.898 142.898 142.898 142.898 142.898 142.898 142.898 142.898 142.898 142.898 142.898 142.898 142.898 142.898 142.898 142.898 142.898 142.898 
142.898 142.898 142.898 142.898 142.898 142.898 142.898 142.898 142.898 142.898 142.898 142.898 142.898 142.898 142.898 142.898 142.898 142.898 142.898 142.898 142.898 142.898 142.898 142.898 142.898 142.898 142.898 142.898 142.898 142.898 142.898 142.898 142.898 142.898 142.898 142.898 142.898 142.898 142.898 142.898 142.898 142.898 142.898 142.898 142.898 142.898 142.898 142.898 142.898 142.898 142.898 142.898 142.898 142.898 142.898 142.898 142.898 142.898 142.898 
142.898 142.898 142.898 142.898 142.898 142.898 142.898 142.898 142.898 142.898 142.898 142.898 142.898 142.898 142.898 142.898 142.898 142.898 142.898 142.898 142.898 142.898 142.898 142.898 142.898 142.898 142.898 142.898 142.898 142.898 142.898 142.898 142.898 142.898 142.898 142.898 142.898 142.898 142.898 142.898 142.898 142.898 142.898 142.898 142.898 142.898 142.898 142.898 142.898 142.898 142.898 142.898 142.898 142.898 142.898 142.898 142.898 142.898 142.898 
142.898 142.898 142.898 142.898 142.898 142.898 142.898 142.898 142.898 142.898 142.898 142.898 142.898 142.898 142.898 142.898 142.898 142.898 142.898 142.898 142.898 142.898 142.898 142.898 142.898 142.898 142.898 142.898 142.898 142.898 142.898 142.898 142.898 142.898 142.898 142.898 142.898 142.898 142.898 142.898 142.898 142.898 142.898 142.898 142.898 142.898 142.898 142.898 142.898 142.898 142.898 142.898 142.898 142.898 142.898 142.898 142.898 142.898 142.898 
142.898 142.898 142.898 142.898 142.898 142.898 142.898 142.898 142.898 142.898 142.898 142.898 142.898 142.898 142.898 142.898 142.898 142.898 142.898 142.898 142.898 142.898 142.898 142.898 142.898 142.898 142.898 142.898 142.898 142.898 142.898 142.898 142.898 142.898 142.898 142.898 142.898 142.898 142.898 142.898 142.898 142.898 142.898 142.898 142.898 142.898 142.898 142.898 142.898 142.898 142.898 142.898 142.898 142.898 142.898 142.898 142.898 142.898 142.898 
142.898 142.898 142.898 142.898 142.898 142.898 142.898 142.898 142.898 142.898 142.898 142.898 142.898 142.898 142.898 142.898 142.898 142.898 142.898 142.898 142.898 142.898 142.898 142.898 142.898 142.898 142.898 142.898 142.898 142.898 142.898 142.898 142.898 142.898 142.898 142.898 142.898 142.898 142.898 142.898 142.898 142.898 142.898 142.898 142.898 142.898 142.898 142.898 142.898 142.898 142.898 142.898 142.898 142.898 142.898 142.898 142.898 142.898 142.898 
142.898 142.898 142.898 142.898 142.898 142.898 142.898 142.898 142.898 142.898 142.898 142.898 142.898 142.898 142.898 142.898 142.898 142.898 142.898 142.898 142.898 142.898 142.898 142.898 142.898 142.898 142.898 142.898 142.898 142.898 142.898 142.898 142.898 142.898 142.898 142.898 142.898 142.898 142.898 142.898 142.898 142.898 142.898 142.898 142.898 142.898 142.898 142.898 142.898 142.898 142.898 142.898 142.898 142.898 142.898 142.898 142.898 142.898 142.898 
142.898 142.898 142.898 142.898 142.898 142.898 142.898 142.898 142.898 142.898 142.898 142.898 142.898 142.898 142.898 142.898 142.898 142.898 142.898 142.898 142.898 142.898 142.898 142.898 142.898 142.898 142.898 142.898 142.898 142.898 142.898 142.898 142.898 142.898 142.898 142.898 142.898 142.898 142.898 142.898 142.898 142.898 142.898 142.898 142.898 142.898 142.898 142.898 142.898 142.898 142.898 142.898 142.898 142.898 142.898 142.898 142.898 142.898 142.898 
142.898 142.898 142.898 142.898 142.898 142.898 142.898 142.898 142.898 142.898 142.898 142.898 142.898 142.898 142.898 142.898 142.898 142.898 142.898 142.898 142.898 142.898 142.898 142.898 142.898 142.898 142.898 142.898 142.898 142.898 142.898 142.898 142.898 142.898 142.898 142.898 142.898 142.898 142.898 142.898 142.898 142.898 142.898 142.898 142.898 142.898 142.898 142.898 142.898 142.898 142.898 142.898 142.898 142.898 142.898 142.898 142.898 142.898 142.898 
142.898 142.898 142.898 142.898 142.898 142.898 142.898 142.898 142.898 142.898 142.898 142.898 142.898 142.898 142.898 142.898 142.898 142.898 142.898 142.898 142.898 142.898 142.898 142.898 142.898 142.898 142.898 142.898 142.898 142.898 142.898 142.898 142.898 142.898 142.898 142.898 142.898 142.898 142.898 142.898 142.898 142.898 142.898 142.898 142.898 142.898 142.898 142.898 142.898 142.898 142.898 142.898 142.898 142.898 142.898 142.898 142.898 142.898 142.898 
142.898 142.898 142.898 142.898 142.898 142.898 142.898 142.898 142.898 142.898 142.898 142.898 142.898 142.898 142.898 142.898 142.898 142.898 142.898 142.898 142.898 142.898 142.898 142.898 142.898 142.898 142.898 142.898 142.898 142.898 142.898 142.898 142.898 142.898 142.898 142.898 142.898 142.898 142.898 142.898 142.898 142.898 142.898 142.898 142.898 142.898 142.898 142.898 142.898 142.898 142.898 142.898 142.898 142.898 142.898 142.898 142.898 142.898 142.898 
142.898 142.898 142.898 142.898 142.898 142.898 142.898 142.898 142.898 142.898 142.898 142.898 142.898 142.898 142.898 142.898 142.898 142.898 142.898 142.898 142.898 142.898 142.898 142.898 142.898 142.898 142.898 142.898 142.898 142.898 142.898 142.898 142.898 142.898 142.898 142.898 142.898 142.898 142.898 142.898 142.898 142.898 142.898 142.898 142.898 142.898 142.898 142.898 142.898 142.898 142.898 142.898 142.898 142.898 142.898 142.898 142.898 142.898 142.898 
142.898 142.898 142.898 142.898 142.898 142.898 142.898 142.898 142.898 142.898 142.898 142.898 142.898 142.898 142.898 142.898 142.898 142.898 142.898 142.898 142.898 142.898 142.898 142.898 142.898 142.898 142.898 142.898 142.898 142.898 142.898 142.898 142.898 142.898 142.898 142.898 142.898 142.898 142.898 142.898 142.898 142.898 142.898 142.898 142.898 142.898 142.898 142.898 142.898 142.898 142.898 142.898 142.898 142.898 142.898 142.898 142.898 142.898 142.898 
142.898 142.898 142.898 142.898 142.898 142.898 142.898 142.898 142.898 142.898 142.898 142.898 142.898 142.898 142.898 142.898 142.898 142.898 142.898 142.898 142.898 142.898 142.898 142.898 142.898 142.898 142.898 142.898 142.898 142.898 142.898 142.898 142.898 142.898 142.898 142.898 142.898 142.898 142.898 142.898 142.898 142.898 142.898 142.898 142.898 142.898 142.898 142.898 142.898 142.898 142.898 142.898 142.898 142.898 142.898 142.898 142.898 142.898 142.898 
142.898 142.898 142.898 142.898 142.898 142.898 142.898 142.898 142.898 142.898 142.898 142.898 142.898 142.898 142.898 142.898 142.898 142.898 142.898 142.898 142.898 142.898 142.898 142.898 142.898 142.898 142.898 142.898 142.898 142.898 142.898 142.898 142.898 142.898 142.898 142.898 142.898 142.898 142.898 142.898 142.898 142.898 142.898 142.898 142.898 142.898 142.898 142.898 142.898 142.898 142.898 142.898 142.898 142.898 142.898 142.898 142.898 142.898 142.898 
142.898 142.898 142.898 142.898 142.898 142.898 142.898 142.898 142.898 142.898 142.898 142.898 142.898 142.898 142.898 142.898 142.898 142.898 142.898 142.898 142.898 142.898 142.898 142.898 142.898 142.898 142.898 142.898 142.898 142.898 142.898 142.898 142.898 142.898 142.898 142.898 142.898 142.898 142.898 142.898 142.898 142.898 142.898 142.898 142.898 142.898 142.898 142.898 142.898 142.898 142.898 142.898 142.898 142.898 142.898 142.898 142.898 142.898 142.898 
142.898 142.898 142.898 142.898 142.898 142.898 142.898 142.898 142.898 142.898 142.898 142.898 142.898 142.898 142.898 142.898 142.898 142.898 142.898 142.898 142.898 142.898 142.898 142.898 142.898 142.898 142.898 142.898 142.898 142.898 142.898 142.898 142.898 142.898 142.898 142.898 142.898 142.898 142.898 142.898 142.898 142.898 142.898 142.898 142.898 142.898 142.898 142.898 142.898 142.898 142.898 142.898 142.898 142.898 142.898 142.898 142.898 142.898 142.898 
142.898 142.898 142.898 142.898 142.898 142.898 142.898 142.898 142.898 142.898 142.898 142.898 142.898 142.898 142.898 142.898 142.898 142.898 142.898 142.898 142.898 142.898 142.898 142.898 142.898 142.898 142.898 142.898 142.898 142.898 142.898 142.898 142.898 142.898 142.898 142.898 142.898 142.898 142.898 142.898 142.898 142.898 142.898 142.898 142.898 142.898 142.898 142.898 142.898 142.898 142.898 142.898 142.898 142.898 142.898 142.898 142.898 142.898 142.898 
142.898 142.898 142.898 142.898 142.898 142.898 142.898 142.898 142.898 142.898 142.898 142.898 142.898 142.898 142.898 142.898 142.898 142.898 142.898 142.898 142.898 142.898 142.898 142.898 142.898 142.898 142.898 142.898 142.898 142.898 142.898 142.898 142.898 142.898 142.898 142.898 142.898 142.898 142.898 142.898 142.898 142.898 142.898 142.898 142.898 142.898 142.898 142.898 142.898 142.898 142.898 142.898 142.898 142.898 142.898 142.898 142.898 142.898 142.898 
142.898 142.898 142.898 142.898 142.898 142.898 142.898 142.898 142.898 142.898 142.898 142.898 142.898 142.898 142.898 142.898 142.898 142.898 142.898 142.898 142.898 142.898 142.898 142.898 142.898 142.898 142.898 142.898 142.898 142.898 142.898 142.898 142.898 142.898 142.898 142.898 142.898 142.898 142.898 142.898 142.898 142.898 142.898 142.898 142.898 142.898 142.898 142.898 142.898 142.898 142.898 142.898 142.898 142.898 142.898 142.898 142.898 142.898 142.898 
142.898 142.898 142.898 142.898 142.898 142.898 142.898 142.898 142.898 142.898 142.898 142.898 142.898 142.898 142.898 142.898 142.898 142.898 142.898 142.898 142.898 142.898 142.898 142.898 142.898 142.898 142.898 142.898 142.898 142.898 142.898 142.898 142.898 142.898 142.898 142.898 142.898 142.898 142.898 142.898 142.898 142.898 142.898 142.898 142.898 142.898 142.898 142.898 142.898 142.898 142.898 142.898 142.898 142.898 142.898 142.898 142.898 142.898 142.898 
142.898 142.898 142.898 142.898 142.898 142.898 142.898 142.898 142.898 142.898 142.898 142.898 142.898 142.898 142.898 142.898 142.898 142.898 142.898 142.898 142.898 142.898 142.898 142.898 142.898 142.898 142.898 142.898 142.898 142.898 142.898 142.898 142.898 142.898 142.898 142.898 142.898 142.898 142.898 142.898 142.898 142.898 142.898 142.898 142.898 142.898 142.898 142.898 142.898 142.898 142.898 142.898 142.898 142.898 142.898 142.898 142.898 142.898 142.898 
142.898 142.898 142.898 142.898 142.898 142.898 142.898 142.898 142.898 142.898 142.898 142.898 142.898 142.898 142.898 142.898 142.898 142.898 142.898 142.898 142.898 142.898 142.898 142.898 142.898 142.898 142.898 142.898 142.898 142.898 142.898 142.898 142.898 142.898 142.898 142.898 142.898 142.898 142.898 142.898 142.898 142.898 142.898 142.898 142.898 142.898 142.898 142.898 142.898 142.898 142.898 142.898 142.898 142.898 142.898 142.898 142.898 142.898 142.898 
142.898 142.898 142.898 142.898 142.898 142.898 142.898 142.898 142.898 142.898 142.898 142.898 142.898 142.898 142.898 142.898 142.898 142.898 142.898 142.898 142.898 142.898 142.898 142.898 142.898 142.898 142.898 142.898 142.898 142.898 142.898 142.898 142.898 142.898 142.898 142.898 142.898 142.898 142.898 142.898 142.898 142.898 142.898 142.898 142.898 142.898 142.898 142.898 142.898 142.898 142.898 142.898 142.898 142.898 142.898 142.898 142.898 142.898 142.898 
142.898 142.898 142.898 142.898 142.898 142.898 142.898 142.898 142.898 142.898 142.898 142.898 142.898 142.898 142.898 142.898 142.898 142.898 142.898 142.898 142.898 142.898 142.898 142.898 142.898 142.898 142.898 142.898 142.898 142.898 142.898 142.898 142.898 142.898 142.898 142.898 142.898 142.898 142.898 142.898 142.898 142.898 142.898 142.898 142.898 142.898 142.898 142.898 142.898 142.898 142.898 142.898 142.898 142.898 142.898 142.898 142.898 142.898 142.898 
142.898 142.898 142.898 142.898 142.898 142.898 142.898 142.898 142.898 142.898 142.898 142.898 142.898 142.898 142.898 142.898 142.898 142.898 142.898 142.898 142.898 142.898 142.898 142.898 142.898 142.898 142.898 142.898 142.898 142.898 142.898 142.898 142.898 142.898 142.898 142.898 142.898 142.898 142.898 142.898 142.898 142.898 142.898 142.898 142.898 142.898 142.898 142.898 142.898 142.898 142.898 142.898 142.898 142.898 142.898 142.898 142.898 142.898 142.898 
142.898 142.898 142.898 142.898 142.898 142.898 142.898 142.898 142.898 142.898 142.898 142.898 142.898 142.898 142.898 142.898 142.898 142.898 142.898 142.898 142.898 142.898 142.898 142.898 142.898 142.898 142.898 142.898 142.898 142.898 142.898 142.898 142.898 142.898 142.898 142.898 142.898 142.898 142.898 142.898 142.898 142.898 142.898 142.898 142.898 142.898 142.898 142.898 142.898 142.898 142.898 142.898 142.898 142.898 142.898 142.898 142.898 142.898 142.898 
142.898 142.898 142.898 142.898 142.898 142.898 142.898 142.898 142.898 142.898 142.898 142.898 142.898 142.898 142.898 142.898 142.898 142.898 142.898 142.898 142.898 142.898 142.898 142.898 142.898 142.898 142.898 142.898 142.898 142.898 142.898 142.898 142.898 142.898 142.898 142.898 142.898 142.898 142.898 142.898 142.898 142.898 142.898 142.898 142.898 142.898 142.898 142.898 142.898 142.898 142.898 142.898 142.898 142.898 142.898 142.898 142.898 142.898 142.898 
142.898 142.898 142.898 142.898 142.898 142.898 142.898 142.898 142.898 142.898 142.898 142.898 142.898 142.898 142.898 142.898 142.898 142.898 142.898 142.898 142.898 142.898 142.898 142.898 142.898 142.898 142.898 142.898 142.898 142.898 142.898 142.898 142.898 142.898 142.898 142.898 142.898 142.898 142.898 142.898 142.898 142.898 142.898 142.898 142.898 142.898 142.898 142.898 142.898 142.898 142.898 142.898 142.898 142.898 142.898 142.898 142.898 142.898 142.898 
142.898 142.898 142.898 142.898 142.898 142.898 142.898 142.898 142.898 142.898 142.898 142.898 142.898 142.898 142.898 142.898 142.898 142.898 142.898 142.898 142.898 142.898 142.898 142.898 142.898 142.898 142.898 142.898 142.898 142.898 142.898 142.898 142.898 142.898 142.898 142.898 142.898 142.898 142.898 142.898 142.898 142.898 142.898 142.898 142.898 142.898 142.898 142.898 142.898 142.898 142.898 142.898 142.898 142.898 142.898 142.898 142.898 142.898 142.898 
142.898 142.898 142.898 142.898 142.898 142.898 142.898 142.898 142.898 142.898 142.898 142.898 142.898 142.898 142.898 142.898 142.898 142.898 142.898 142.898 142.898 142.898 142.898 142.898 142.898 142.898 142.898 142.898 142.898 142.898 142.898 142.898 142.898 142.898 142.898 142.898 142.898 142.898 142.898 142.898 142.898 142.898 142.898 142.898 142.898 142.898 142.898 142.898 142.898 142.898 142.898 142.898 142.898 142.898 142.898 142.898 142.898 142.898 142.898 
142.898 142.898 142.898 142.898 142.898 142.898 142.898 142.898 142.898 142.898 142.898 142.898 142.898 142.898 142.898 142.898 142.898 142.898 142.898 142.898 142.898 142.898 142.898 142.898 142.898 142.898 142.898 142.898 142.898 142.898 142.898 142.898 142.898 142.898 142.898 142.898 142.898 142.898 142.898 142.898 142.898 142.898 142.898 142.898 142.898 142.898 142.898 142.898 142.898 142.898 142.898 142.898 142.898 142.898 142.898 142.898 142.898 142.898 142.898 
142.898 142.898 142.898 142.898 142.898 142.898 142.898 142.898 142.898 142.898 142.898 142.898 142.898 142.898 142.898 142.898 142.898 142.898 142.898 142.898 142.898 142.898 142.898 142.898 142.898 142.898 142.898 142.898 142.898 142.898 142.898 142.898 142.898 142.898 142.898 142.898 142.898 142.898 142.898 142.898 142.898 142.898 142.898 142.898 142.898 142.898 142.898 142.898 142.898 142.898 142.898 142.898 142.898 142.898 142.898 142.898 142.898 142.898 142.898 
142.898 142.898 142.898 142.898 142.898 142.898 142.898 142.898 142.898 142.898 142.898 142.898 142.898 142.898 142.898 142.898 142.898 142.898 142.898 142.898 142.898 142.898 142.898 142.898 142.898 142.898 142.898 142.898 142.898 142.898 142.898 142.898 142.898 142.898 142.898 142.898 142.898 142.898 142.898 142.898 142.898 142.898 142.898 142.898 142.898 142.898 142.898 142.898 142.898 142.898 142.898 142.898 142.898 142.898 142.898 142.898 142.898 142.898 142.898 
142.898 142.898 142.898 142.898 142.898 142.898 142.898 142.898 142.898 142.898 142.898 142.898 142.898 142.898 142.898 142.898 142.898 142.898 142.898 142.898 142.898 142.898 142.898 142.898 142.898 142.898 142.898 142.898 142.898 142.898 142.898 142.898 142.898 142.898 142.898 142.898 142.898 142.898 142.898 142.898 142.898 142.898 142.898 142.898 142.898 142.898 142.898 142.898 142.898 142.898 142.898 142.898 142.898 142.898 142.898 142.898 142.898 142.898 142.898 
142.898 142.898 142.898 142.898 142.898 142.898 142.898 142.898 142.898 142.898 142.898 142.898 142.898 142.898 142.898 142.898 142.898 142.898 142.898 142.898 142.898 142.898 142.898 142.898 142.898 142.898 142.898 142.898 142.898 142.898 142.898 142.898 142.898 142.898 142.898 142.898 142.898 142.898 142.898 142.898 142.898 142.898 142.898 142.898 142.898 142.898 142.898 142.898 142.898 142.898 142.898 142.898 142.898 142.898 142.898 142.898 142.898 142.898 142.898 
142.898 142.898 142.898 142.898 142.898 142.898 142.898 142.898 142.898 142.898 142.898 142.898 142.898 142.898 142.898 142.898 142.898 142.898 142.898 142.898 142.898 142.898 142.898 142.898 142.898 142.898 142.898 142.898 142.898 142.898 142.898 142.898 142.898 142.898 142.898 142.898 142.898 142.898 142.898 142.898 142.898 142.898 142.898 142.898 142.898 142.898 142.898 142.898 142.898 142.898 142.898 142.898 142.898 142.898 142.898 142.898 142.898 142.898 142.898 
142.898 142.898 142.898 142.898 142.898 142.898 142.898 142.898 142.898 142.898 142.898 142.898 142.898 142.898 142.898 142.898 142.898 142.898 142.898 142.898 142.898 142.898 142.898 142.898 142.898 142.898 142.898 142.898 142.898 142.898 142.898 142.898 142.898 142.898 142.898 142.898 142.898 142.898 142.898 142.898 142.898 142.898 142.898 142.898 142.898 142.898 142.898 142.898 142.898 142.898 142.898 142.898 142.898 142.898 142.898 142.898 142.898 142.898 142.898 
142.898 142.898 142.898 142.898 142.898 142.898 142.898 142.898 142.898 142.898 142.898 142.898 142.898 142.898 142.898 142.898 142.898 142.898 142.898 142.898 142.898 142.898 142.898 142.898 142.898 142.898 142.898 142.898 142.898 142.898 142.898 142.898 142.898 142.898 142.898 142.898 142.898 142.898 142.898 142.898 142.898 142.898 142.898 142.898 142.898 142.898 142.898 142.898 142.898 142.898 142.898 142.898 142.898 142.898 142.898 142.898 142.898 142.898 142.898 
142.898 142.898 142.898 142.898 142.898 142.898 142.898 142.898 142.898 142.898 142.898 142.898 142.898 142.898 142.898 142.898 142.898 142.898 142.898 142.898 142.898 142.898 142.898 142.898 142.898 142.898 142.898 142.898 142.898 142.898 142.898 142.898 142.898 142.898 142.898 142.898 142.898 142.898 142.898 142.898 142.898 142.898 142.898 142.898 142.898 142.898 142.898 142.898 142.898 142.898 142.898 142.898 142.898 142.898 142.898 142.898 142.898 142.898 142.898 
142.898 142.898 142.898 142.898 142.898 142.898 142.898 142.898 142.898 142.898 142.898 142.898 142.898 142.898 142.898 142.898 142.898 142.898 142.898 142.898 142.898 142.898 142.898 142.898 142.898 142.898 142.898 142.898 142.898 142.898 142.898 142.898 142.898 142.898 142.898 142.898 142.898 142.898 142.898 142.898 142.898 142.898 142.898 142.898 142.898 142.898 142.898 142.898 142.898 142.898 142.898 142.898 142.898 142.898 142.898 142.898 142.898 142.898 142.898 
142.898 142.898 142.898 142.898 142.898 142.898 142.898 142.898 142.898 142.898 142.898 142.898 142.898 142.898 142.898 142.898 142.898 142.898 142.898 142.898 142.898 142.898 142.898 142.898 142.898 142.898 142.898 142.898 142.898 142.898 142.898 142.898 142.898 142.898 142.898 142.898 142.898 142.898 142.898 142.898 142.898 142.898 142.898 142.898 142.898 142.898 142.898 142.898 142.898 142.898 142.898 142.898 142.898 142.898 142.898 142.898 142.898 142.898 142.898 
142.898 142.898 142.898 142.898 142.898 142.898 142.898 142.898 142.898 142.898 142.898 142.898 142.898 142.898 142.898 142.898 142.898 142.898 142.898 142.898 142.898 142.898 142.898 142.898 142.898 142.898 142.898 142.898 142.898 142.898 142.898 142.898 142.898 142.898 142.898 142.898 142.898 142.898 142.898 142.898 142.898 142.898 142.898 142.898 142.898 142.898 142.898 142.898 142.898 142.898 142.898 142.898 142.898 142.898 142.898 142.898 142.898 142.898 142.898 
142.898 142.898 142.898 142.898 142.898 142.898 142.898 142.898 142.898 142.898 142.898 142.898 142.898 142.898 142.898 142.898 142.898 142.898 142.898 142.898 142.898 142.898 142.898 142.898 142.898 142.898 142.898 142.898 142.898 142.898 142.898 142.898 142.898 142.898 142.898 142.898 142.898 142.898 142.898 142.898 142.898 142.898 142.898 142.898 142.898 142.898 142.898 142.898 142.898 142.898 142.898 142.898 142.898 142.898 142.898 142.898 142.898 142.898 142.898 
142.898 142.898 142.898 142.898 142.898 142.898 142.898 142.898 142.898 142.898 142.898 142.898 142.898 142.898 142.898 142.898 142.898 142.898 142.898 142.898 142.898 142.898 142.898 142.898 142.898 142.898 142.898 142.898 142.898 142.898 142.898 142.898 142.898 142.898 142.898 142.898 142.898 142.898 142.898 142.898 142.898 142.898 142.898 142.898 142.898 142.898 142.898 142.898 142.898 142.898 142.898 142.898 142.898 142.898 142.898 142.898 142.898 142.898 142.898 
142.898 142.898 142.898 142.898 142.898 142.898 142.898 142.898 142.898 142.898 142.898 142.898 142.898 142.898 142.898 142.898 142.898 142.898 142.898 142.898 142.898 142.898 142.898 142.898 142.898 142.898 142.898 142.898 142.898 142.898 142.898 142.898 142.898 142.898 142.898 142.898 142.898 142.898 142.898 142.898 142.898 142.898 142.898 142.898 142.898 142.898 142.898 142.898 142.898 142.898 142.898 142.898 142.898 142.898 142.898 142.898 142.898 142.898 142.898 
142.898 142.898 142.898 142.898 142.898 142.898 142.898 142.898 142.898 142.898 142.898 142.898 142.898 142.898 142.898 142.898 142.898 142.898 142.898 142.898 142.898 142.898 142.898 142.898 142.898 142.898 142.898 142.898 142.898 142.898 142.898 142.898 142.898 142.898 142.898 142.898 142.898 142.898 142.898 142.898 142.898 142.898 142.898 142.898 142.898 142.898 142.898 142.898 142.898 142.898 142.898 142.898 142.898 142.898 142.898 142.898 142.898 142.898 142.898 
142.898 142.898 142.898 142.898 142.898 142.898 142.898 142.898 142.898 142.898 142.898 142.898 142.898 142.898 142.898 142.898 142.898 142.898 142.898 142.898 142.898 142.898 142.898 142.898 142.898 142.898 142.898 142.898 142.898 142.898 142.898 142.898 142.898 142.898 142.898 142.898 142.898 142.898 142.898 142.898 142.898 142.898 142.898 142.898 142.898 142.898 142.898 142.898 142.898 142.898 142.898 142.898 142.898 142.898 142.898 142.898 142.898 142.898 142.898 
142.898 142.898 142.898 142.898 142.898 142.898 142.898 142.898 142.898 142.898 142.898 142.898 142.898 142.898 142.898 142.898 142.898 142.898 142.898 142.898 142.898 142.898 142.898 142.898 142.898 142.898 142.898 142.898 142.898 142.898 142.898 142.898 142.898 142.898 142.898 142.898 142.898 142.898 142.898 142.898 142.898 142.898 142.898 142.898 142.898 142.898 142.898 142.898 142.898 142.898 142.898 142.898 142.898 142.898 142.898 142.898 142.898 142.898 142.898 
