# org_id,org_cellx,org_celly,org_forage_target,org_group_id,org_facing
40063248,30,43,-1,-1,2
40046179,6,22,-1,-1,7
40064019,42,30,-1,-1,4
40052345,52,3,-1,-1,2
40062687,43,34,-1,-1,4
40061139,35,3,-1,-1,4
40055540,39,58,-1,-1,2
40065015,41,23,-1,-1,2
40053774,54,9,-1,-1,0
40056536,54,19,-1,-1,3
40064908,46,54,-1,-1,3
40064131,9,43,-1,-1,4
40065434,54,46,-1,-1,7
40064445,33,38,-1,-1,4
40065158,41,5,-1,-1,1
40062102,37,23,-1,-1,2
40061231,5,24,-1,-1,0
40050842,56,58,-1,-1,0
40060503,47,9,-1,-1,6
40058663,11,36,-1,-1,5
40064928,32,40,-1,-1,7
40064376,44,29,-1,-1,3
40065091,29,44,-1,-1,0
40061540,8,24,-1,-1,4
40062097,48,56,-1,-1,2
40065376,11,26,-1,-1,2
40065157,39,40,-1,-1,1
40061671,4,41,-1,-1,0
40050993,1,5,-1,-1,2
40059822,3,8,-1,-1,5
40063120,48,44,-1,-1,1
40052038,17,54,-1,-1,1
40062075,13,6,-1,-1,5
40044919,27,56,-1,-1,6
40052795,49,44,-1,-1,7
40061966,8,20,-1,-1,4
40054034,36,58,-1,-1,1
40063659,3,2,-1,-1,4
40063943,9,47,-1,-1,2
40063545,31,12,-1,-1,7
40064056,31,9,-1,-1,2
40064895,1,42,-1,-1,1
40064348,33,4,-1,-1,3
40061863,17,20,-1,-1,6
40065310,42,3,-1,-1,0
40064593,0,9,-1,-1,2
40061438,41,17,-1,-1,0
40063992,27,14,-1,-1,0
40064075,51,19,-1,-1,4
40056159,9,11,-1,-1,4
40063225,4,12,-1,-1,7
40060532,53,29,-1,-1,4
40064321,25,20,-1,-1,2
40064962,32,27,-1,-1,2
40065363,42,17,-1,-1,4
40062381,22,32,-1,-1,4
40065292,0,23,-1,-1,0
40059091,21,5,-1,-1,7
40064842,31,18,-1,-1,6
40064505,32,26,-1,-1,2
40060145,39,25,-1,-1,5
40065320,37,11,-1,-1,4
40064403,0,44,-1,-1,4
40062736,11,34,-1,-1,2
40064601,39,10,-1,-1,2
40064711,26,40,-1,-1,3
40064828,31,27,-1,-1,4
40063803,15,54,-1,-1,2
40064667,33,11,-1,-1,7
40058795,19,36,-1,-1,3
40065229,33,8,-1,-1,0
40063245,17,16,-1,-1,1
40064213,16,30,-1,-1,5
40062966,39,5,-1,-1,2
40055735,39,49,-1,-1,0
40063135,12,23,-1,-1,7
40051809,53,53,-1,-1,7
40062380,47,17,-1,-1,6
40061849,8,5,-1,-1,6
40053545,1,15,-1,-1,7
40062989,12,0,-1,-1,4
40065405,5,25,-1,-1,5
40058455,6,1,-1,-1,5
40064154,49,14,-1,-1,7
40063855,31,57,-1,-1,0
40064891,34,48,-1,-1,6
40062282,16,26,-1,-1,6
40064031,53,24,-1,-1,3
40064602,39,2,-1,-1,2
40065125,49,28,-1,-1,0
40064489,3,41,-1,-1,3
40064774,23,26,-1,-1,7
40063303,50,48,-1,-1,5
40064457,29,12,-1,-1,7
40063596,36,0,-1,-1,4
40052329,22,37,-1,-1,2
40057233,34,5,-1,-1,5
40064613,48,26,-1,-1,1
40060854,16,41,-1,-1,3
40064091,17,31,-1,-1,2
40065268,10,34,-1,-1,3
40055560,8,47,-1,-1,6
40058427,27,11,-1,-1,7
40054188,6,30,-1,-1,5
40064238,39,41,-1,-1,3
40053552,0,16,-1,-1,4
40058696,8,2,-1,-1,6
40060620,42,46,-1,-1,3
40065232,53,3,-1,-1,6
40057934,19,52,-1,-1,1
40065118,15,10,-1,-1,7
40062105,10,44,-1,-1,4
40065219,35,54,-1,-1,2
40064333,16,28,-1,-1,1
40063411,25,24,-1,-1,4
40064554,34,34,-1,-1,2
40065151,33,16,-1,-1,6
40048214,57,55,-1,-1,1
40064685,2,2,-1,-1,4
40062504,22,25,-1,-1,6
40064260,44,5,-1,-1,3
40060004,11,55,-1,-1,5
40065098,14,19,-1,-1,2
40057188,55,2,-1,-1,4
40062560,53,32,-1,-1,6
40062015,24,44,-1,-1,1
40054614,15,13,-1,-1,3
40050262,21,52,-1,-1,7
40057208,43,54,-1,-1,3
40065033,52,30,-1,-1,0
40065213,43,55,-1,-1,7
40063437,25,18,-1,-1,2
40064734,3,54,-1,-1,1
40061559,56,53,-1,-1,6
40056165,6,29,-1,-1,7
40065418,33,31,-1,-1,4
40050931,5,53,-1,-1,5
40055647,18,26,-1,-1,4
40061781,9,15,-1,-1,6
40062345,5,49,-1,-1,5
40064423,32,1,-1,-1,7
40064458,36,44,-1,-1,2
40064883,29,23,-1,-1,3
40062103,12,5,-1,-1,6
40052553,7,49,-1,-1,5
40054556,46,42,-1,-1,6
40064367,48,27,-1,-1,1
40060402,53,42,-1,-1,2
40047471,53,0,-1,-1,2
40062233,44,25,-1,-1,3
40065031,19,57,-1,-1,7
40064975,39,43,-1,-1,5
40065077,43,13,-1,-1,3
40065269,38,37,-1,-1,5
40061041,26,12,-1,-1,2
40062186,49,56,-1,-1,5
40061622,48,16,-1,-1,7
40063568,22,33,-1,-1,1
40064632,55,47,-1,-1,0
40063691,39,51,-1,-1,7
40065329,25,48,-1,-1,3
40058173,58,29,-1,-1,4
40065334,55,28,-1,-1,4
40057379,19,37,-1,-1,5
40064578,13,25,-1,-1,1
40064539,42,27,-1,-1,5
40065327,29,11,-1,-1,0
40062655,42,18,-1,-1,0
40040267,6,43,-1,-1,5
40062405,22,0,-1,-1,6
40061884,32,24,-1,-1,3
40064184,52,53,-1,-1,2
40063413,49,47,-1,-1,2
40062982,4,40,-1,-1,1
40063217,6,10,-1,-1,1
40060511,8,53,-1,-1,4
40051066,55,8,-1,-1,0
40063398,42,8,-1,-1,4
40063650,42,20,-1,-1,7
40063922,26,19,-1,-1,0
40061915,33,45,-1,-1,1
40058505,45,44,-1,-1,0
40059785,1,41,-1,-1,3
40063288,12,31,-1,-1,2
40056052,49,46,-1,-1,6
40053802,53,35,-1,-1,0
40056935,55,38,-1,-1,4
40062371,24,24,-1,-1,4
40059511,1,12,-1,-1,7
40062961,34,16,-1,-1,5
40065061,50,35,-1,-1,5
40065017,56,36,-1,-1,7
40061580,16,10,-1,-1,4
40063486,25,40,-1,-1,3
40055493,40,48,-1,-1,5
40064893,34,28,-1,-1,2
40063369,51,43,-1,-1,0
40063987,35,58,-1,-1,1
40062549,48,37,-1,-1,2
40064372,9,42,-1,-1,5
40052510,13,58,-1,-1,7
40062779,51,11,-1,-1,6
40059178,15,34,-1,-1,2
40059718,9,39,-1,-1,6
40064293,38,57,-1,-1,3
40063420,13,5,-1,-1,3
40059373,57,31,-1,-1,5
40062778,6,24,-1,-1,1
40060176,56,56,-1,-1,2
40064273,20,25,-1,-1,3
40056626,9,6,-1,-1,4
40065166,21,47,-1,-1,1
40062349,0,5,-1,-1,0
40063796,28,1,-1,-1,3
40064953,46,37,-1,-1,2
40058749,50,4,-1,-1,7
40062285,54,14,-1,-1,1
40063240,57,35,-1,-1,6
40062052,16,11,-1,-1,1
40047901,12,22,-1,-1,0
40061260,0,21,-1,-1,4
40055019,13,11,-1,-1,2
40064128,55,57,-1,-1,1
40061854,10,13,-1,-1,7
40065439,39,42,-1,-1,0
40063105,31,2,-1,-1,3
40064758,36,49,-1,-1,3
40060599,2,21,-1,-1,4
40062777,58,54,-1,-1,6
40059021,9,17,-1,-1,7
40064488,50,13,-1,-1,1
40063029,55,7,-1,-1,2
40064515,25,11,-1,-1,6
40060103,53,49,-1,-1,2
40064832,47,38,-1,-1,5
40046019,16,52,-1,-1,7
40065164,35,33,-1,-1,6
40053983,48,42,-1,-1,1
40064833,34,7,-1,-1,7
40065139,27,13,-1,-1,0
40064135,57,9,-1,-1,3
40060655,49,15,-1,-1,6
40051940,15,7,-1,-1,7
40060259,10,54,-1,-1,4
40064992,41,18,-1,-1,4
40059193,0,34,-1,-1,0
40039338,0,39,-1,-1,4
40062321,25,33,-1,-1,7
40061235,54,17,-1,-1,3
40065068,10,45,-1,-1,3
40063926,51,40,-1,-1,7
40057928,7,9,-1,-1,5
40064695,32,22,-1,-1,1
40053489,3,55,-1,-1,2
40062698,1,45,-1,-1,7
40061905,29,45,-1,-1,0
40061250,58,50,-1,-1,7
40061842,27,23,-1,-1,6
40065173,19,14,-1,-1,0
40065444,57,29,-1,-1,5
40065225,30,18,-1,-1,3
40059935,3,34,-1,-1,4
40064261,32,48,-1,-1,4
40053286,4,36,-1,-1,2
40064823,22,28,-1,-1,3
40064652,13,34,-1,-1,7
40064903,16,22,-1,-1,2
40065332,50,25,-1,-1,3
40062613,40,2,-1,-1,1
40062759,17,22,-1,-1,2
40057714,6,6,-1,-1,6
40052504,51,58,-1,-1,0
40064345,18,2,-1,-1,2
40053606,15,11,-1,-1,2
40059018,58,2,-1,-1,0
40061355,21,31,-1,-1,5
40063182,57,14,-1,-1,6
40065258,34,14,-1,-1,1
40064738,8,44,-1,-1,0
40062203,57,56,-1,-1,3
40062609,50,5,-1,-1,0
40057929,51,2,-1,-1,0
40064999,30,30,-1,-1,7
40065274,33,18,-1,-1,6
40060947,46,53,-1,-1,5
40064093,24,12,-1,-1,3
40055733,41,50,-1,-1,5
40064794,29,31,-1,-1,6
40061045,19,47,-1,-1,6
40064626,17,19,-1,-1,7
40054355,12,14,-1,-1,2
40063405,55,48,-1,-1,7
40047167,9,51,-1,-1,0
40062026,49,33,-1,-1,1
40046957,58,33,-1,-1,6
40063504,18,8,-1,-1,6
40063055,55,43,-1,-1,5
40064204,1,40,-1,-1,2
40065357,44,15,-1,-1,1
40054727,3,47,-1,-1,3
40062419,44,46,-1,-1,6
40054857,54,3,-1,-1,5
40063402,6,46,-1,-1,7
40065411,21,36,-1,-1,3
40064388,36,31,-1,-1,6
40064629,11,54,-1,-1,6
40064813,36,24,-1,-1,2
40059510,13,1,-1,-1,1
40062332,46,7,-1,-1,7
40057023,0,36,-1,-1,3
40064910,6,50,-1,-1,2
40059632,53,44,-1,-1,0
40058853,24,41,-1,-1,2
40063834,20,48,-1,-1,4
40062628,56,39,-1,-1,3
40064882,46,3,-1,-1,7
40055778,4,33,-1,-1,4
40034322,46,48,-1,-1,0
40059758,41,32,-1,-1,5
40062305,34,47,-1,-1,3
40055744,31,39,-1,-1,5
40057823,32,23,-1,-1,2
40065291,9,31,-1,-1,4
40065106,58,27,-1,-1,4
40061317,51,3,-1,-1,2
40056929,47,21,-1,-1,5
40065203,31,29,-1,-1,1
40063690,47,5,-1,-1,5
40061990,2,29,-1,-1,3
40062425,14,55,-1,-1,2
40059698,13,31,-1,-1,5
40065244,36,9,-1,-1,7
40064461,6,17,-1,-1,7
40064468,38,10,-1,-1,2
40059848,41,44,-1,-1,3
40064271,46,9,-1,-1,1
40063940,12,28,-1,-1,1
40061733,54,20,-1,-1,7
40062930,49,1,-1,-1,4
40050132,8,8,-1,-1,5
40064927,39,38,-1,-1,6
40062540,17,26,-1,-1,2
40063521,19,17,-1,-1,0
40060614,50,23,-1,-1,0
40059184,51,41,-1,-1,7
40063996,51,28,-1,-1,7
40056979,42,52,-1,-1,2
40064690,21,56,-1,-1,3
40055674,6,49,-1,-1,3
40064783,28,21,-1,-1,4
40064254,37,34,-1,-1,5
40060084,35,7,-1,-1,4
40065146,28,25,-1,-1,6
40063667,57,32,-1,-1,1
40064067,39,20,-1,-1,5
40065141,8,52,-1,-1,1
40051782,20,2,-1,-1,4
40045634,5,44,-1,-1,7
40065058,33,49,-1,-1,5
40064299,44,13,-1,-1,0
40063673,32,11,-1,-1,0
40059343,40,50,-1,-1,0
40062974,53,23,-1,-1,5
40055576,7,11,-1,-1,3
40063230,36,2,-1,-1,2
40064816,33,23,-1,-1,6
40064718,26,28,-1,-1,5
40056945,54,49,-1,-1,0
40059850,24,48,-1,-1,6
40049169,50,16,-1,-1,4
40064684,8,12,-1,-1,4
40055559,23,0,-1,-1,5
40063642,52,21,-1,-1,1
40056593,45,20,-1,-1,7
40060489,2,55,-1,-1,2
40056135,14,8,-1,-1,3
40061911,23,10,-1,-1,7
40065085,1,21,-1,-1,2
40060588,1,44,-1,-1,0
40063881,9,21,-1,-1,6
40050248,16,12,-1,-1,2
40055659,53,18,-1,-1,3
40063986,54,0,-1,-1,5
40062481,37,15,-1,-1,0
40063577,54,6,-1,-1,5
40059411,7,12,-1,-1,0
40064631,34,6,-1,-1,7
40064483,40,19,-1,-1,0
40064619,38,54,-1,-1,3
40064892,33,50,-1,-1,1
40063203,54,21,-1,-1,3
40065372,37,24,-1,-1,7
40063571,3,13,-1,-1,6
40063844,23,39,-1,-1,7
40034051,0,22,-1,-1,4
40063035,54,15,-1,-1,6
40064140,0,35,-1,-1,4
40057524,43,2,-1,-1,4
40062861,49,45,-1,-1,5
40061275,22,20,-1,-1,6
40063583,49,30,-1,-1,3
40053075,19,0,-1,-1,6
40055323,22,8,-1,-1,0
40064661,37,41,-1,-1,5
40062248,26,2,-1,-1,4
40065299,46,44,-1,-1,3
40064576,35,26,-1,-1,6
40062868,36,19,-1,-1,5
40065381,27,53,-1,-1,0
40061879,57,38,-1,-1,4
40062137,50,50,-1,-1,2
40061788,32,2,-1,-1,2
40064368,23,31,-1,-1,1
40065368,8,14,-1,-1,3
40064801,18,27,-1,-1,2
40054664,17,8,-1,-1,1
40063913,19,19,-1,-1,3
40064573,20,46,-1,-1,4
40064978,54,1,-1,-1,3
40061243,13,12,-1,-1,5
40064531,55,11,-1,-1,2
40063021,10,0,-1,-1,6
40062719,54,25,-1,-1,5
40062948,6,11,-1,-1,0
40064805,53,19,-1,-1,5
40064752,32,38,-1,-1,0
40060456,48,10,-1,-1,5
40064270,36,15,-1,-1,2
40063430,52,52,-1,-1,7
40061364,18,41,-1,-1,2
40064888,25,30,-1,-1,1
40063734,12,21,-1,-1,1
40063580,25,54,-1,-1,1
40043241,12,39,-1,-1,3
40064784,24,6,-1,-1,0
40057543,1,46,-1,-1,4
40064595,12,34,-1,-1,4
40063585,37,5,-1,-1,0
40061446,13,27,-1,-1,4
40064518,50,32,-1,-1,1
40065307,24,27,-1,-1,5
40055927,3,17,-1,-1,7
40058399,12,48,-1,-1,1
40060481,27,0,-1,-1,4
40052288,45,58,-1,-1,1
40062893,34,42,-1,-1,4
40056638,30,2,-1,-1,0
40065013,18,19,-1,-1,2
40065172,32,3,-1,-1,7
40064553,29,14,-1,-1,6
40064710,40,12,-1,-1,4
40063171,29,41,-1,-1,3
40059761,21,33,-1,-1,7
40063638,52,17,-1,-1,3
40059081,47,49,-1,-1,2
40062545,38,26,-1,-1,6
40053434,7,13,-1,-1,2
40064807,26,52,-1,-1,5
40053787,18,21,-1,-1,7
40057668,3,56,-1,-1,4
40056133,9,49,-1,-1,1
40061856,6,3,-1,-1,5
40058733,12,40,-1,-1,7
40050490,2,9,-1,-1,4
40062512,23,28,-1,-1,2
40062566,29,52,-1,-1,2
40058099,10,24,-1,-1,4
40064146,24,57,-1,-1,1
40056937,12,44,-1,-1,6
40062738,37,35,-1,-1,6
40064580,16,25,-1,-1,3
40063930,55,4,-1,-1,7
40064955,34,31,-1,-1,5
40064845,45,40,-1,-1,4
40063343,26,8,-1,-1,1
40059272,21,20,-1,-1,3
40048317,58,52,-1,-1,4
40031413,19,6,-1,-1,7
40058435,30,48,-1,-1,5
40063687,51,35,-1,-1,2
40062078,57,8,-1,-1,2
40060435,1,23,-1,-1,6
40063351,8,33,-1,-1,5
40063758,44,44,-1,-1,6
40063520,12,45,-1,-1,7
40063292,31,58,-1,-1,1
40064066,41,27,-1,-1,1
40055944,51,5,-1,-1,5
40065049,26,29,-1,-1,7
40064824,40,15,-1,-1,2
40059053,11,21,-1,-1,0
40064026,28,52,-1,-1,1
40048876,0,17,-1,-1,0
40060927,40,5,-1,-1,6
40027626,8,38,-1,-1,1
40059012,24,45,-1,-1,2
40064864,7,52,-1,-1,4
40060763,43,38,-1,-1,6
40063174,34,54,-1,-1,2
40062029,8,34,-1,-1,7
40039966,5,20,-1,-1,5
40064364,19,12,-1,-1,3
40052086,56,6,-1,-1,6
40065288,3,23,-1,-1,4
40061251,28,2,-1,-1,2
40065247,30,28,-1,-1,0
40060865,28,48,-1,-1,3
40063470,3,37,-1,-1,0
40063906,37,14,-1,-1,4
40063294,46,23,-1,-1,2
40062798,29,3,-1,-1,5
40064897,32,39,-1,-1,5
40063725,25,49,-1,-1,1
40057302,2,15,-1,-1,6
40059073,50,19,-1,-1,7
40051591,10,8,-1,-1,1
40056800,46,15,-1,-1,1
40063739,14,11,-1,-1,5
40058199,38,55,-1,-1,2
40053444,43,37,-1,-1,6
40063765,20,55,-1,-1,3
40060531,27,16,-1,-1,5
40057864,16,32,-1,-1,7
40055746,55,14,-1,-1,1
40055750,43,50,-1,-1,7
40062364,53,12,-1,-1,6
40060470,1,54,-1,-1,1
40064030,14,34,-1,-1,7
40062316,27,49,-1,-1,0
40065030,33,27,-1,-1,4
40065020,54,52,-1,-1,6
40064183,8,56,-1,-1,5
40064715,43,44,-1,-1,2
40065348,28,33,-1,-1,0
40055823,1,2,-1,-1,2
40044308,58,34,-1,-1,7
40065063,23,3,-1,-1,6
40061285,40,34,-1,-1,7
40064393,38,7,-1,-1,2
40065181,11,44,-1,-1,6
40059478,52,12,-1,-1,2
40061775,46,57,-1,-1,5
40063179,30,36,-1,-1,5
40065071,23,5,-1,-1,0
40064327,28,39,-1,-1,0
40063617,9,54,-1,-1,4
40064923,35,57,-1,-1,3
40065034,25,58,-1,-1,6
40062533,8,3,-1,-1,2
40057751,17,51,-1,-1,3
40053738,34,1,-1,-1,5
40062994,44,36,-1,-1,3
40064616,53,16,-1,-1,3
40062973,51,37,-1,-1,4
40043279,49,4,-1,-1,0
40063552,28,41,-1,-1,7
40061023,21,57,-1,-1,5
40064691,21,7,-1,-1,5
40065103,35,46,-1,-1,5
40061793,55,5,-1,-1,4
40065159,32,15,-1,-1,1
40063808,29,22,-1,-1,4
40059852,2,46,-1,-1,4
40054652,50,9,-1,-1,4
40064858,48,4,-1,-1,0
40063558,51,15,-1,-1,3
40063680,46,24,-1,-1,7
40062375,33,21,-1,-1,7
40064236,32,9,-1,-1,5
40043863,12,32,-1,-1,6
40061765,4,25,-1,-1,4
40064607,35,17,-1,-1,4
40064947,23,25,-1,-1,3
40062372,26,34,-1,-1,1
40065384,28,28,-1,-1,1
40048498,24,5,-1,-1,1
40061808,2,24,-1,-1,0
40064675,35,24,-1,-1,2
40061624,54,28,-1,-1,4
40065407,16,46,-1,-1,1
40048205,48,0,-1,-1,2
40061746,51,46,-1,-1,2
40064510,33,32,-1,-1,7
40063931,33,56,-1,-1,4
40065416,35,22,-1,-1,7
40064630,20,52,-1,-1,3
40065275,45,28,-1,-1,3
40063530,17,11,-1,-1,3
40062224,53,10,-1,-1,6
40063877,20,33,-1,-1,2
40060784,50,37,-1,-1,1
40065413,44,37,-1,-1,6
40063998,26,36,-1,-1,6
40064431,52,25,-1,-1,3
40065135,20,6,-1,-1,7
40062906,17,45,-1,-1,6
40062136,37,50,-1,-1,5
40063954,38,11,-1,-1,3
40064108,12,13,-1,-1,0
40051643,45,21,-1,-1,0
40065386,29,30,-1,-1,1
40064413,31,30,-1,-1,3
40047267,12,7,-1,-1,4
40062812,36,1,-1,-1,1
40063277,48,15,-1,-1,1
40065392,30,37,-1,-1,6
40065035,39,15,-1,-1,5
40052384,4,29,-1,-1,4
40063878,43,7,-1,-1,3
40058508,5,13,-1,-1,1
40065323,36,36,-1,-1,7
40058287,51,50,-1,-1,7
40061907,46,25,-1,-1,7
40064721,37,29,-1,-1,6
40064317,47,7,-1,-1,6
40057811,40,3,-1,-1,1
40058676,57,53,-1,-1,5
40056164,2,0,-1,-1,2
40046525,0,56,-1,-1,1
40064899,11,35,-1,-1,3
40064707,50,46,-1,-1,1
40061210,20,56,-1,-1,7
40060984,37,2,-1,-1,5
40061120,47,10,-1,-1,5
40064885,36,28,-1,-1,1
40061038,48,50,-1,-1,4
40063098,42,5,-1,-1,0
40062815,5,0,-1,-1,3
40065032,20,1,-1,-1,3
40060909,47,36,-1,-1,0
40057948,27,9,-1,-1,4
40064028,15,27,-1,-1,0
40063232,22,7,-1,-1,4
40051126,0,15,-1,-1,1
40063924,47,14,-1,-1,6
40063283,42,39,-1,-1,4
40063517,26,35,-1,-1,1
40062172,21,17,-1,-1,2
40023288,5,47,-1,-1,3
40065257,56,25,-1,-1,4
40065149,31,32,-1,-1,3
40059634,46,45,-1,-1,7
40058073,3,44,-1,-1,3
40063559,46,10,-1,-1,7
40061376,32,55,-1,-1,3
40060189,23,9,-1,-1,3
40057093,9,12,-1,-1,3
40055803,9,37,-1,-1,1
40061050,38,56,-1,-1,0
40063262,34,50,-1,-1,5
40065367,54,30,-1,-1,7
40064627,29,26,-1,-1,1
40064340,15,32,-1,-1,1
40062836,36,16,-1,-1,0
40063115,38,45,-1,-1,0
40040726,16,6,-1,-1,5
40052423,54,54,-1,-1,0
40060493,2,36,-1,-1,7
40060168,53,46,-1,-1,3
40062437,37,44,-1,-1,5
40058949,12,4,-1,-1,2
40060234,17,12,-1,-1,2
40064099,32,6,-1,-1,6
40058881,5,38,-1,-1,2
40057303,21,34,-1,-1,2
40055832,11,45,-1,-1,6
40063664,43,16,-1,-1,3
40057328,6,13,-1,-1,6
40065160,32,32,-1,-1,0
40064126,6,15,-1,-1,7
40034826,2,20,-1,-1,6
40064217,39,1,-1,-1,0
40064187,18,40,-1,-1,4
40055777,13,50,-1,-1,1
40062307,58,13,-1,-1,0
40063649,37,1,-1,-1,3
40056933,50,1,-1,-1,0
40064476,36,35,-1,-1,5
40039903,45,55,-1,-1,5
40058779,20,10,-1,-1,0
40031447,17,5,-1,-1,3
40043967,3,57,-1,-1,4
40056109,22,12,-1,-1,1
40064343,25,36,-1,-1,1
40065388,29,28,-1,-1,7
40063386,21,12,-1,-1,2
40061677,56,41,-1,-1,5
40050716,15,55,-1,-1,7
40062963,35,8,-1,-1,3
40063246,12,53,-1,-1,7
40062833,18,24,-1,-1,1
40058392,56,42,-1,-1,6
40065199,27,24,-1,-1,0
40064247,37,55,-1,-1,1
40064544,27,20,-1,-1,5
40064859,21,29,-1,-1,7
40058574,17,35,-1,-1,2
40062525,21,11,-1,-1,7
40063011,47,58,-1,-1,2
40061031,9,18,-1,-1,1
40064036,9,19,-1,-1,0
40063465,1,28,-1,-1,7
40044789,9,40,-1,-1,1
40058897,6,47,-1,-1,6
40052390,14,0,-1,-1,5
40063653,2,17,-1,-1,2
40056558,5,16,-1,-1,1
40060988,24,42,-1,-1,4
40063564,41,13,-1,-1,2
40063800,23,37,-1,-1,6
40063540,27,15,-1,-1,1
40056582,3,22,-1,-1,4
40064767,21,37,-1,-1,5
40065009,25,10,-1,-1,3
40064659,54,29,-1,-1,5
40060898,7,46,-1,-1,6
40059227,55,35,-1,-1,2
40063214,26,7,-1,-1,1
40064635,3,7,-1,-1,4
40064945,47,54,-1,-1,7
40059228,5,31,-1,-1,7
40063205,18,56,-1,-1,0
40043124,43,52,-1,-1,2
40059133,7,54,-1,-1,7
40055921,18,7,-1,-1,1
40063142,27,45,-1,-1,5
40062011,3,24,-1,-1,1
40060740,40,28,-1,-1,0
40065200,15,33,-1,-1,2
40065215,31,56,-1,-1,0
40061279,54,8,-1,-1,7
40063017,10,9,-1,-1,5
40063454,38,29,-1,-1,1
40060707,54,35,-1,-1,7
40050806,12,19,-1,-1,3
40064584,17,42,-1,-1,7
40059820,18,32,-1,-1,6
40062444,32,54,-1,-1,3
40064003,31,37,-1,-1,2
40064046,45,18,-1,-1,4
40044553,32,57,-1,-1,0
40061991,56,43,-1,-1,1
40064754,36,50,-1,-1,0
40060986,7,44,-1,-1,7
40061174,5,5,-1,-1,1
40063856,1,13,-1,-1,0
40058507,42,57,-1,-1,7
40064982,30,38,-1,-1,1
40064491,47,25,-1,-1,5
40062193,38,16,-1,-1,7
40065313,58,47,-1,-1,7
40062965,19,20,-1,-1,6
40061323,16,8,-1,-1,1
40065340,28,29,-1,-1,7
40062671,6,0,-1,-1,5
40061386,25,52,-1,-1,0
40062964,49,58,-1,-1,2
40062729,47,19,-1,-1,5
40062111,53,41,-1,-1,2
40059483,37,45,-1,-1,5
40062348,33,5,-1,-1,2
40062331,39,18,-1,-1,7
40064113,30,21,-1,-1,0
40064074,27,10,-1,-1,2
40053779,1,57,-1,-1,6
40063376,2,18,-1,-1,6
40057455,13,15,-1,-1,3
40058024,55,45,-1,-1,4
40061300,53,58,-1,-1,7
40058151,17,47,-1,-1,7
40060098,49,37,-1,-1,7
40044949,34,0,-1,-1,4
40065084,48,28,-1,-1,3
40055535,11,50,-1,-1,6
40062668,4,21,-1,-1,6
40061564,42,9,-1,-1,7
40064107,7,32,-1,-1,7
40059647,13,44,-1,-1,5
40065318,33,55,-1,-1,6
40063088,48,45,-1,-1,0
40056487,45,23,-1,-1,4
40056177,36,55,-1,-1,4
40060721,47,53,-1,-1,6
40065422,30,35,-1,-1,3
40058540,41,22,-1,-1,7
40060973,48,3,-1,-1,4
40062700,48,48,-1,-1,4
40061558,41,25,-1,-1,2
40064699,48,19,-1,-1,0
40055319,39,53,-1,-1,2
40063032,53,6,-1,-1,0
40058023,25,2,-1,-1,6
40062997,26,49,-1,-1,6
40060372,56,49,-1,-1,3
40065105,35,42,-1,-1,7
40060652,41,53,-1,-1,3
40062361,23,54,-1,-1,3
40062326,19,5,-1,-1,3
40053354,48,46,-1,-1,0
40057092,46,58,-1,-1,6
40062514,29,55,-1,-1,2
40054943,8,16,-1,-1,5
40065065,29,38,-1,-1,7
40063087,16,20,-1,-1,4
40064894,45,43,-1,-1,0
40064609,27,39,-1,-1,5
40061394,58,46,-1,-1,0
40064996,33,29,-1,-1,3
40058786,4,11,-1,-1,7
40062971,55,58,-1,-1,6
40064682,44,52,-1,-1,5
40052862,2,43,-1,-1,6
40059345,14,22,-1,-1,4
40063469,30,0,-1,-1,6
40062460,12,30,-1,-1,5
40063593,25,27,-1,-1,3
40063528,32,34,-1,-1,1
40065240,30,44,-1,-1,3
40061506,7,4,-1,-1,0
40035192,14,10,-1,-1,4
40056998,58,45,-1,-1,4
40035764,4,30,-1,-1,5
40059229,58,9,-1,-1,0
40056257,11,1,-1,-1,7
40063024,31,22,-1,-1,5
40041139,43,0,-1,-1,4
40046425,7,48,-1,-1,2
40060987,35,43,-1,-1,7
40057601,42,4,-1,-1,7
40049520,3,0,-1,-1,4
40062219,42,10,-1,-1,7
40065387,29,39,-1,-1,7
40064433,45,16,-1,-1,4
40064306,56,48,-1,-1,4
40065124,35,51,-1,-1,0
40057624,18,20,-1,-1,4
40065214,40,40,-1,-1,5
40051645,40,58,-1,-1,1
40062541,3,19,-1,-1,4
40065093,20,15,-1,-1,0
40063767,43,28,-1,-1,2
40059659,50,21,-1,-1,0
40063371,45,49,-1,-1,5
40063654,12,3,-1,-1,4
40042917,10,15,-1,-1,4
40049409,17,6,-1,-1,3
40061843,48,38,-1,-1,0
40063961,58,19,-1,-1,7
40064421,31,48,-1,-1,6
40060422,38,22,-1,-1,5
40065115,41,40,-1,-1,5
40051565,11,25,-1,-1,2
40063890,28,43,-1,-1,5
40061502,2,16,-1,-1,0
40065316,4,15,-1,-1,4
40061974,22,1,-1,-1,2
40061577,28,8,-1,-1,6
40045096,51,7,-1,-1,4
40059753,16,45,-1,-1,2
40062945,3,10,-1,-1,4
40063013,8,22,-1,-1,1
40064706,52,4,-1,-1,1
40057563,49,21,-1,-1,6
40064694,53,14,-1,-1,6
40065086,41,29,-1,-1,2
40064546,56,22,-1,-1,5
40062862,46,47,-1,-1,3
40055477,25,53,-1,-1,6
40065393,55,50,-1,-1,5
40064890,22,19,-1,-1,0
40060426,35,14,-1,-1,2
40054779,56,50,-1,-1,0
40062489,3,58,-1,-1,7
40065328,30,57,-1,-1,4
40064502,46,38,-1,-1,0
40061060,53,20,-1,-1,2
40063708,5,56,-1,-1,7
40065128,57,23,-1,-1,3
40064049,29,10,-1,-1,2
40065445,53,47,-1,-1,7
40064611,2,44,-1,-1,6
40062352,19,45,-1,-1,7
40060310,23,22,-1,-1,1
40058563,49,17,-1,-1,0
40065046,55,37,-1,-1,3
40041436,7,50,-1,-1,2
40059451,24,10,-1,-1,5
40060228,7,51,-1,-1,0
40057849,1,18,-1,-1,6
40065297,53,30,-1,-1,4
40061503,2,57,-1,-1,7
40060810,15,30,-1,-1,7
40064778,27,2,-1,-1,6
40039334,15,56,-1,-1,4
40063999,37,8,-1,-1,7
40056134,29,50,-1,-1,0
40055716,54,37,-1,-1,7
40061724,16,24,-1,-1,3
40064879,48,5,-1,-1,5
40063443,52,47,-1,-1,4
40059910,22,4,-1,-1,6
40060215,23,53,-1,-1,7
40064637,22,41,-1,-1,6
40064258,33,35,-1,-1,3
40058026,53,7,-1,-1,5
40063000,27,8,-1,-1,3
40063286,2,5,-1,-1,5
40062967,20,36,-1,-1,6
40058216,17,15,-1,-1,6
40064129,32,16,-1,-1,0
40065277,2,42,-1,-1,2
40064179,14,51,-1,-1,3
40058781,16,50,-1,-1,0
40061629,17,40,-1,-1,4
40064670,28,47,-1,-1,5
40062115,58,42,-1,-1,5
40059291,43,19,-1,-1,1
40060415,47,20,-1,-1,1
40060830,49,10,-1,-1,1
40065428,15,16,-1,-1,0
40064004,46,55,-1,-1,3
40063710,34,20,-1,-1,4
40042008,4,49,-1,-1,3
40064881,50,30,-1,-1,0
40065114,5,2,-1,-1,5
40062067,41,8,-1,-1,6
40062265,31,45,-1,-1,6
40052467,21,55,-1,-1,0
40061334,22,16,-1,-1,5
40055207,18,18,-1,-1,4
40063247,32,45,-1,-1,7
40064809,22,24,-1,-1,5
40055305,22,49,-1,-1,5
40065022,42,25,-1,-1,4
40054076,56,55,-1,-1,1
40064971,25,19,-1,-1,2
40057064,43,15,-1,-1,3
40063787,8,31,-1,-1,6
40065344,28,9,-1,-1,6
40065421,55,52,-1,-1,2
40053893,5,21,-1,-1,0
40052488,56,47,-1,-1,2
40062579,28,14,-1,-1,6
40062595,8,15,-1,-1,4
40063730,30,6,-1,-1,2
40060724,0,46,-1,-1,4
40053440,6,12,-1,-1,7
40057564,37,0,-1,-1,6
40060934,45,38,-1,-1,0
40063697,30,22,-1,-1,6
40064773,42,13,-1,-1,4
40065262,38,34,-1,-1,2
40059105,56,3,-1,-1,3
40048389,57,47,-1,-1,1
40053781,58,15,-1,-1,6
40060812,29,6,-1,-1,3
40057919,9,3,-1,-1,7
40059545,38,24,-1,-1,4
40052255,5,41,-1,-1,0
40064098,23,29,-1,-1,1
40060708,14,25,-1,-1,1
40048916,1,53,-1,-1,5
40062547,45,31,-1,-1,6
40065290,31,7,-1,-1,6
40051982,9,7,-1,-1,4
40060331,12,24,-1,-1,1
40062633,6,56,-1,-1,7
40061562,50,55,-1,-1,4
40060919,26,22,-1,-1,3
40063133,15,48,-1,-1,1
40063497,48,33,-1,-1,2
40064478,34,15,-1,-1,5
40064700,20,27,-1,-1,0
40060257,41,9,-1,-1,2
40058732,57,54,-1,-1,1
40063816,52,29,-1,-1,2
40060122,40,22,-1,-1,5
40061678,42,14,-1,-1,4
40064967,41,4,-1,-1,5
40053028,50,41,-1,-1,5
40059419,31,53,-1,-1,7
40064420,40,49,-1,-1,4
40065186,39,35,-1,-1,7
40057967,35,47,-1,-1,1
40062125,39,8,-1,-1,7
40062362,18,37,-1,-1,6
40064724,10,7,-1,-1,1
40062834,5,33,-1,-1,4
40063410,5,39,-1,-1,1
40061478,35,25,-1,-1,3
40061513,7,58,-1,-1,6
40063772,4,55,-1,-1,5
40062222,38,5,-1,-1,3
40059624,21,41,-1,-1,6
40061753,13,14,-1,-1,2
40064136,43,5,-1,-1,0
40061214,12,36,-1,-1,1
40054961,7,27,-1,-1,1
40052232,58,10,-1,-1,7
40061715,23,45,-1,-1,4
40060231,4,38,-1,-1,0
40062828,17,48,-1,-1,6
40054611,14,6,-1,-1,0
40061244,20,34,-1,-1,3
40063981,31,51,-1,-1,7
40063494,10,31,-1,-1,0
40061448,41,11,-1,-1,3
40056908,22,58,-1,-1,7
40063485,42,53,-1,-1,1
40062764,30,53,-1,-1,2
40052987,2,34,-1,-1,7
40063479,29,51,-1,-1,5
40064760,6,53,-1,-1,1
40062612,41,54,-1,-1,4
40063066,7,41,-1,-1,7
40062037,10,21,-1,-1,2
40059604,41,55,-1,-1,2
40065188,47,41,-1,-1,4
40060565,1,55,-1,-1,3
40065383,40,31,-1,-1,0
40063048,35,12,-1,-1,0
40063652,22,48,-1,-1,6
40064861,36,34,-1,-1,2
40058496,8,17,-1,-1,2
40065312,44,27,-1,-1,7
40061286,47,6,-1,-1,4
40057559,10,40,-1,-1,2
40063342,3,27,-1,-1,2
40050458,21,46,-1,-1,5
40062899,45,5,-1,-1,6
40061420,19,58,-1,-1,1
40058014,43,8,-1,-1,6
40061003,19,7,-1,-1,0
40064650,58,40,-1,-1,5
40063355,20,26,-1,-1,6
40058057,26,48,-1,-1,7
40061891,17,46,-1,-1,1
40060966,52,22,-1,-1,5
40057643,29,48,-1,-1,7
40062527,10,14,-1,-1,4
40063175,55,24,-1,-1,6
40064548,29,24,-1,-1,5
40064190,30,51,-1,-1,7
40061348,56,27,-1,-1,5
40062780,16,14,-1,-1,7
40065440,4,34,-1,-1,4
40065391,18,23,-1,-1,4
40054982,6,7,-1,-1,0
40060383,57,11,-1,-1,1
40061546,20,8,-1,-1,0
40059366,16,54,-1,-1,1
40064255,40,55,-1,-1,7
40062891,5,12,-1,-1,4
40060540,4,19,-1,-1,1
40048543,15,3,-1,-1,0
40063310,41,14,-1,-1,2
40060278,4,18,-1,-1,1
40060977,52,35,-1,-1,2
40060790,57,51,-1,-1,6
40064444,1,26,-1,-1,2
40047864,44,57,-1,-1,5
40062511,18,29,-1,-1,6
40056229,19,11,-1,-1,1
40065436,10,51,-1,-1,1
40051338,11,19,-1,-1,7
40063539,14,26,-1,-1,0
40064841,33,30,-1,-1,3
40064408,20,40,-1,-1,4
40058628,52,11,-1,-1,7
40064741,29,56,-1,-1,3
40059573,9,20,-1,-1,4
40064007,20,53,-1,-1,7
40064889,32,12,-1,-1,0
40064735,43,29,-1,-1,1
40065036,55,51,-1,-1,2
40064839,32,42,-1,-1,5
40063977,52,32,-1,-1,1
40063893,25,22,-1,-1,1
40059589,31,52,-1,-1,0
40063884,42,7,-1,-1,3
40064709,19,33,-1,-1,4
40057141,22,54,-1,-1,5
40062869,8,32,-1,-1,6
40063336,54,5,-1,-1,7
40064072,51,14,-1,-1,0
40062773,31,3,-1,-1,2
40063810,37,36,-1,-1,7
40064133,30,25,-1,-1,3
40063859,56,16,-1,-1,7
40065395,34,35,-1,-1,3
40062257,52,14,-1,-1,4
40065170,38,53,-1,-1,0
40043845,57,45,-1,-1,3
40056283,5,45,-1,-1,1
40055251,9,36,-1,-1,3
40055562,19,8,-1,-1,3
40062843,10,3,-1,-1,7
40064172,49,18,-1,-1,1
40056424,53,50,-1,-1,4
40059288,2,13,-1,-1,1
40062073,22,51,-1,-1,5
40060378,58,3,-1,-1,4
40063195,45,47,-1,-1,3
40065403,45,52,-1,-1,7
40065362,38,15,-1,-1,1
40065094,40,13,-1,-1,6
40065168,14,36,-1,-1,2
40059697,6,38,-1,-1,2
40062583,47,1,-1,-1,0
40063632,44,42,-1,-1,4
40045156,2,58,-1,-1,1
40064646,3,49,-1,-1,5
40057115,57,2,-1,-1,7
40063610,36,12,-1,-1,4
40063435,25,32,-1,-1,7
40042395,14,15,-1,-1,1
40057537,10,48,-1,-1,2
40063919,14,18,-1,-1,6
40064623,43,48,-1,-1,7
40063862,17,23,-1,-1,6
40064916,44,22,-1,-1,5
40064986,33,22,-1,-1,6
40061114,53,52,-1,-1,5
40050792,7,36,-1,-1,1
40062750,47,24,-1,-1,3
40053589,20,57,-1,-1,4
40051145,55,1,-1,-1,3
40061365,47,44,-1,-1,5
40061778,18,11,-1,-1,1
40056617,17,7,-1,-1,1
40057651,15,19,-1,-1,7
40064748,52,13,-1,-1,2
40065234,32,10,-1,-1,1
40048432,4,51,-1,-1,1
40064931,8,43,-1,-1,5
40064817,24,47,-1,-1,5
40055052,24,3,-1,-1,2
40064522,41,0,-1,-1,4
40065202,18,43,-1,-1,4
40058946,36,22,-1,-1,3
40063867,54,24,-1,-1,6
40056225,57,0,-1,-1,6
40064647,19,44,-1,-1,0
40055670,20,42,-1,-1,7
40064866,39,21,-1,-1,7
40062464,28,55,-1,-1,7
40059750,22,3,-1,-1,7
40062953,50,49,-1,-1,1
40064175,44,55,-1,-1,4
40058439,54,26,-1,-1,4
40060165,0,11,-1,-1,4
40052101,43,58,-1,-1,2
40043622,10,4,-1,-1,6
40052981,46,32,-1,-1,1
40059811,9,33,-1,-1,1
40062728,15,57,-1,-1,0
40035536,7,8,-1,-1,1
40063263,8,35,-1,-1,2
40047148,19,54,-1,-1,6
40064951,17,9,-1,-1,4
40061898,18,51,-1,-1,7
40059685,17,33,-1,-1,4
40063783,52,16,-1,-1,5
40046510,35,50,-1,-1,5
40056231,19,49,-1,-1,2
40061153,13,22,-1,-1,6
40065278,38,12,-1,-1,4
40065144,26,20,-1,-1,6
40059320,52,41,-1,-1,2
40064526,11,42,-1,-1,6
40065270,35,45,-1,-1,6
40061122,45,1,-1,-1,6
40057444,22,23,-1,-1,1
40065331,44,30,-1,-1,0
40065208,42,21,-1,-1,0
40044256,9,22,-1,-1,1
40063512,7,10,-1,-1,4
40051611,33,54,-1,-1,4
40065113,38,4,-1,-1,0
40061299,7,14,-1,-1,0
40065018,28,36,-1,-1,1
40064704,44,32,-1,-1,4
40062908,35,4,-1,-1,0
40059322,15,5,-1,-1,5
40057193,1,38,-1,-1,3
40056516,44,54,-1,-1,5
40060462,57,36,-1,-1,1
40063798,6,14,-1,-1,5
40057417,9,25,-1,-1,1
40048792,2,28,-1,-1,5
40054989,50,34,-1,-1,7
40057354,10,30,-1,-1,7
40062790,4,31,-1,-1,0
40063619,35,27,-1,-1,3
40065140,3,46,-1,-1,6
40056116,56,32,-1,-1,4
40059224,52,28,-1,-1,3
40055658,57,41,-1,-1,5
40054910,44,0,-1,-1,4
40052363,37,48,-1,-1,0
40063003,11,56,-1,-1,2
40064867,50,54,-1,-1,2
40058838,27,51,-1,-1,4
40063563,38,19,-1,-1,1
40051771,9,28,-1,-1,5
40050515,57,30,-1,-1,4
40064921,23,52,-1,-1,5
40065304,31,41,-1,-1,7
40060943,53,1,-1,-1,5
40065209,38,6,-1,-1,1
40061170,34,26,-1,-1,1
40062604,49,26,-1,-1,3
40055863,38,1,-1,-1,6
40065369,4,37,-1,-1,3
40063112,49,32,-1,-1,0
40059274,34,43,-1,-1,6
40063143,18,33,-1,-1,4
40062112,58,1,-1,-1,0
40059158,22,44,-1,-1,0
40061595,51,45,-1,-1,4
40059238,39,46,-1,-1,3
40064370,35,20,-1,-1,1
40061044,5,57,-1,-1,7
40057665,44,3,-1,-1,5
40063006,27,41,-1,-1,4
40063566,11,29,-1,-1,7
40054114,28,53,-1,-1,0
40065216,35,39,-1,-1,2
40064521,45,54,-1,-1,0
40063793,48,41,-1,-1,3
40064762,39,39,-1,-1,4
40064435,1,11,-1,-1,6
40063156,12,25,-1,-1,3
40065379,36,30,-1,-1,6
40057617,11,57,-1,-1,5
40063805,49,19,-1,-1,5
40065026,14,7,-1,-1,5
40063157,11,53,-1,-1,4
40055967,12,11,-1,-1,5
40059307,7,28,-1,-1,5
40062130,41,19,-1,-1,5
40064168,41,41,-1,-1,6
40060039,9,38,-1,-1,6
40063864,2,8,-1,-1,7
40057623,18,36,-1,-1,6
40059708,15,53,-1,-1,2
40061903,51,9,-1,-1,4
40063870,44,34,-1,-1,4
40056173,54,45,-1,-1,0
40045727,0,8,-1,-1,2
40056758,16,55,-1,-1,4
40052201,11,23,-1,-1,4
40060457,3,4,-1,-1,4
40058778,22,18,-1,-1,5
40062760,23,13,-1,-1,3
40063990,22,47,-1,-1,6
40064739,4,13,-1,-1,4
40063676,6,55,-1,-1,3
40062007,4,54,-1,-1,6
40057845,21,44,-1,-1,3
40065335,50,26,-1,-1,6
40065130,20,30,-1,-1,2
40065259,18,39,-1,-1,5
40064949,25,31,-1,-1,2
40064426,30,29,-1,-1,1
40064486,42,32,-1,-1,6
40064120,1,16,-1,-1,7
40064358,17,41,-1,-1,0
40063317,7,38,-1,-1,3
40064449,41,15,-1,-1,3
40063969,27,44,-1,-1,3
40064112,26,51,-1,-1,4
40051367,26,58,-1,-1,1
40063959,39,30,-1,-1,6
40050903,17,0,-1,-1,3
40065212,34,51,-1,-1,3
40061029,56,52,-1,-1,2
40065230,36,4,-1,-1,2
40065083,24,20,-1,-1,7
40064450,47,16,-1,-1,3
40064900,20,17,-1,-1,4
40063628,7,39,-1,-1,1
40063984,35,44,-1,-1,6
40060929,49,53,-1,-1,7
40061642,47,33,-1,-1,1
40060914,19,18,-1,-1,7
40064693,25,17,-1,-1,4
40057531,0,40,-1,-1,1
40065057,12,29,-1,-1,3
40062598,34,24,-1,-1,6
40064297,23,15,-1,-1,4
40065394,51,18,-1,-1,3
40064868,32,29,-1,-1,0
40064005,21,48,-1,-1,4
40063661,21,25,-1,-1,2
40059677,24,49,-1,-1,2
40061679,35,23,-1,-1,5
40063737,7,33,-1,-1,6
40064802,39,37,-1,-1,4
40061500,40,36,-1,-1,2
40060828,8,41,-1,-1,2
40062561,41,52,-1,-1,6
40052059,58,55,-1,-1,6
40062106,30,54,-1,-1,3
40060081,50,43,-1,-1,1
40065236,40,44,-1,-1,1
40064338,40,57,-1,-1,0
40057980,15,21,-1,-1,5
40065441,30,55,-1,-1,0
40061113,23,56,-1,-1,7
40064803,42,43,-1,-1,2
40061176,37,4,-1,-1,6
40063305,31,34,-1,-1,5
40065162,52,10,-1,-1,2
40060876,9,50,-1,-1,6
40059048,55,33,-1,-1,4
40060463,7,19,-1,-1,1
40056551,18,57,-1,-1,6
40065289,31,42,-1,-1,3
40057215,48,52,-1,-1,2
40056070,12,56,-1,-1,2
40065437,9,8,-1,-1,5
40052460,12,47,-1,-1,5
40065256,34,9,-1,-1,5
40061047,17,38,-1,-1,7
40060613,23,34,-1,-1,6
40064138,37,56,-1,-1,2
40058617,17,50,-1,-1,0
40061906,43,4,-1,-1,1
40057468,36,51,-1,-1,5
40064726,19,25,-1,-1,6
40058737,18,5,-1,-1,2
40061886,55,21,-1,-1,5
40059671,21,51,-1,-1,0
40064153,50,36,-1,-1,0
40065400,40,30,-1,-1,3
40062824,56,44,-1,-1,1
40064096,0,48,-1,-1,4
40064701,40,14,-1,-1,2
40064549,4,52,-1,-1,2
40060160,53,33,-1,-1,2
40064666,32,33,-1,-1,2
40063378,23,24,-1,-1,3
40064216,29,2,-1,-1,3
40061980,10,41,-1,-1,3
40058738,39,16,-1,-1,7
40065179,26,25,-1,-1,3
40063888,55,29,-1,-1,5
40062499,21,40,-1,-1,0
40055103,24,37,-1,-1,3
40064829,48,36,-1,-1,3
40063608,46,13,-1,-1,7
40065390,10,53,-1,-1,7
40047410,36,52,-1,-1,4
40064737,33,2,-1,-1,0
40065287,3,28,-1,-1,2
40059490,23,50,-1,-1,7
40065078,50,33,-1,-1,6
40059187,17,3,-1,-1,2
40064865,53,26,-1,-1,5
40054644,49,49,-1,-1,4
40049219,5,9,-1,-1,4
40065283,34,25,-1,-1,5
40061151,51,1,-1,-1,2
40041615,53,4,-1,-1,3
40064698,49,42,-1,-1,5
40032627,17,58,-1,-1,7
40047823,56,7,-1,-1,1
40060976,11,41,-1,-1,7
40061263,41,26,-1,-1,2
40053122,4,6,-1,-1,2
40065255,5,36,-1,-1,1
40057619,14,50,-1,-1,1
40063698,21,42,-1,-1,5
40058605,24,46,-1,-1,1
40063597,24,39,-1,-1,5
40065041,34,55,-1,-1,4
40058177,15,26,-1,-1,4
40063832,35,52,-1,-1,2
40065246,36,32,-1,-1,3
40056491,5,17,-1,-1,4
40064800,19,27,-1,-1,0
40060273,2,47,-1,-1,3
40055439,11,2,-1,-1,6
40064674,58,26,-1,-1,6
40055491,51,56,-1,-1,5
40063216,26,43,-1,-1,2
40055474,41,56,-1,-1,4
40061032,15,6,-1,-1,4
40064639,30,41,-1,-1,6
40055093,20,4,-1,-1,6
40062532,7,23,-1,-1,6
40064747,26,16,-1,-1,2
40053658,2,27,-1,-1,5
40064331,27,35,-1,-1,0
40060538,44,6,-1,-1,5
40058315,55,53,-1,-1,2
40061353,20,21,-1,-1,5
40064977,52,42,-1,-1,1
40064550,18,22,-1,-1,3
40063228,6,45,-1,-1,6
40061036,58,18,-1,-1,6
40060529,26,46,-1,-1,6
40053899,44,48,-1,-1,3
40065389,42,36,-1,-1,6
40057314,45,37,-1,-1,7
40065245,38,28,-1,-1,5
40062428,44,14,-1,-1,6
40060316,30,1,-1,-1,0
40059575,2,32,-1,-1,5
40062680,14,32,-1,-1,6
40061741,11,51,-1,-1,7
40063038,6,34,-1,-1,6
40061310,10,55,-1,-1,5
40061144,29,54,-1,-1,1
40049247,20,49,-1,-1,0
40059118,13,55,-1,-1,0
40063942,15,43,-1,-1,4
40065302,41,35,-1,-1,5
40059239,21,6,-1,-1,6
40060264,9,30,-1,-1,5
40056099,3,5,-1,-1,5
40062731,5,30,-1,-1,6
40064961,33,36,-1,-1,6
40059335,0,49,-1,-1,4
40060371,8,21,-1,-1,7
40057611,7,1,-1,-1,2
40063933,21,4,-1,-1,6
40058589,57,40,-1,-1,1
40064176,25,41,-1,-1,6
40065138,13,29,-1,-1,1
40065266,32,25,-1,-1,6
40065426,43,40,-1,-1,3
40062210,1,0,-1,-1,6
40064620,25,35,-1,-1,5
40063724,29,40,-1,-1,2
40060689,44,19,-1,-1,6
40059886,20,14,-1,-1,1
40064976,35,11,-1,-1,7
40065420,30,11,-1,-1,5
40061904,16,49,-1,-1,2
40062625,27,21,-1,-1,2
40065156,25,43,-1,-1,0
40064929,24,23,-1,-1,1
40065182,42,23,-1,-1,4
40065351,28,20,-1,-1,7
40058256,7,6,-1,-1,7
40063320,15,14,-1,-1,7
40061836,43,22,-1,-1,0
40039222,21,58,-1,-1,6
40060816,28,18,-1,-1,5
40039178,8,54,-1,-1,2
40063570,53,51,-1,-1,7
40061550,31,46,-1,-1,1
40063928,45,14,-1,-1,5
40063353,20,7,-1,-1,1
40058098,15,25,-1,-1,6
40062317,6,52,-1,-1,5
40054853,12,55,-1,-1,2
40064736,19,3,-1,-1,1
40064854,28,26,-1,-1,1
40059514,4,4,-1,-1,4
40065352,31,5,-1,-1,0
40064405,49,6,-1,-1,5
40044732,27,6,-1,-1,2
40064499,13,36,-1,-1,0
40064253,48,22,-1,-1,1
40064569,18,15,-1,-1,6
40064768,32,19,-1,-1,3
40059874,27,58,-1,-1,6
40064574,16,40,-1,-1,2
40060982,15,20,-1,-1,5
40062993,39,19,-1,-1,1
40049263,23,7,-1,-1,0
40064954,53,39,-1,-1,5
40053393,11,15,-1,-1,5
40061359,40,18,-1,-1,5
40058512,30,19,-1,-1,6
40063965,32,13,-1,-1,1
40061313,28,15,-1,-1,0
40059195,5,51,-1,-1,4
40062617,23,41,-1,-1,4
40057837,27,47,-1,-1,3
40063370,40,38,-1,-1,7
40064572,29,16,-1,-1,0
40063249,58,21,-1,-1,7
40062383,57,7,-1,-1,5
40065365,46,6,-1,-1,7
40061621,15,18,-1,-1,1
40059980,6,37,-1,-1,7
40048553,4,53,-1,-1,2
40065315,9,34,-1,-1,1
40062708,47,0,-1,-1,2
40064284,41,6,-1,-1,4
40062077,10,33,-1,-1,7
40065150,26,5,-1,-1,1
40062960,21,19,-1,-1,7
40063728,55,26,-1,-1,0
40064556,28,40,-1,-1,7
40062441,26,56,-1,-1,5
40065081,29,25,-1,-1,5
40062451,54,32,-1,-1,7
40063085,55,10,-1,-1,4
40062952,19,38,-1,-1,0
40058747,7,56,-1,-1,4
40065406,37,38,-1,-1,0
40064349,19,28,-1,-1,4
40065294,30,10,-1,-1,1
40058837,7,37,-1,-1,4
40052062,2,7,-1,-1,3
40061712,3,9,-1,-1,7
40058536,54,16,-1,-1,6
40054615,4,45,-1,-1,2
40064378,0,18,-1,-1,4
40061645,33,24,-1,-1,5
40038180,50,12,-1,-1,4
40063964,5,7,-1,-1,2
40055502,10,5,-1,-1,4
40058851,11,5,-1,-1,1
40061373,16,15,-1,-1,0
40047060,37,12,-1,-1,0
40063554,25,42,-1,-1,2
40060768,33,58,-1,-1,6
40054863,47,4,-1,-1,3
40063636,33,14,-1,-1,3
40059866,24,32,-1,-1,6
40063771,51,33,-1,-1,4
40059413,34,45,-1,-1,0
40063761,12,42,-1,-1,1
40061664,53,9,-1,-1,3
40063682,33,13,-1,-1,5
40062550,50,7,-1,-1,5
40064722,17,34,-1,-1,4
40054000,51,48,-1,-1,5
40045541,55,20,-1,-1,7
40064366,39,24,-1,-1,2
40057184,22,46,-1,-1,5
40064043,4,24,-1,-1,2
40060506,19,34,-1,-1,5
40059562,57,22,-1,-1,4
40063381,28,17,-1,-1,2
40058969,6,23,-1,-1,1
40058926,44,21,-1,-1,6
40063542,47,18,-1,-1,6
40049305,3,48,-1,-1,7
40058852,52,46,-1,-1,0
40062972,31,47,-1,-1,0
40061280,57,57,-1,-1,3
40064479,28,10,-1,-1,3
40064853,32,37,-1,-1,5
40063323,46,30,-1,-1,5
40065285,47,3,-1,-1,3
40065069,29,36,-1,-1,2
40063084,50,27,-1,-1,2
40064683,45,22,-1,-1,0
40061919,50,31,-1,-1,4
40064379,38,42,-1,-1,6
40065432,47,40,-1,-1,7
40061443,58,41,-1,-1,6
40058877,44,50,-1,-1,1
40065228,31,26,-1,-1,2
40049007,29,46,-1,-1,5
40060600,10,49,-1,-1,7
40060920,39,55,-1,-1,2
40063474,24,14,-1,-1,3
40062530,4,43,-1,-1,3
40065095,55,12,-1,-1,5
40059137,12,1,-1,-1,5
40052043,20,13,-1,-1,7
40058204,11,48,-1,-1,1
40054581,21,2,-1,-1,2
40064958,3,31,-1,-1,7
40062745,18,25,-1,-1,3
40063701,50,58,-1,-1,1
40062060,20,45,-1,-1,7
40060091,19,29,-1,-1,7
40056633,5,14,-1,-1,6
40059000,8,23,-1,-1,0
40065190,31,11,-1,-1,4
40063511,24,25,-1,-1,3
40061893,51,20,-1,-1,5
40065339,27,46,-1,-1,0
40059351,11,46,-1,-1,0
40062546,48,18,-1,-1,4
40065019,7,17,-1,-1,0
40060440,52,50,-1,-1,0
40061388,12,35,-1,-1,3
40064998,45,29,-1,-1,5
40065254,43,39,-1,-1,6
40051223,52,2,-1,-1,1
40065380,25,39,-1,-1,4
40064243,24,13,-1,-1,3
40060591,54,51,-1,-1,7
40063633,38,39,-1,-1,5
40059837,35,48,-1,-1,0
40064821,56,19,-1,-1,5
40058908,15,12,-1,-1,3
40063587,30,40,-1,-1,3
40063935,36,47,-1,-1,7
40065243,14,46,-1,-1,2
40065272,36,5,-1,-1,1
40052857,8,55,-1,-1,5
40060205,20,3,-1,-1,0
40064285,44,8,-1,-1,1
40061482,0,13,-1,-1,4
40057129,13,49,-1,-1,6
40063481,1,24,-1,-1,3
40063421,7,24,-1,-1,4
40061302,37,3,-1,-1,3
40058615,5,27,-1,-1,5
40064835,46,52,-1,-1,1
40064147,7,53,-1,-1,4
40060296,18,58,-1,-1,1
40064373,43,14,-1,-1,4
40062638,52,20,-1,-1,0
40045520,8,13,-1,-1,7
40044752,9,58,-1,-1,7
40061379,14,20,-1,-1,6
40060038,15,22,-1,-1,3
40064177,32,20,-1,-1,7
40063896,54,31,-1,-1,3
40060980,58,30,-1,-1,5
40063274,7,15,-1,-1,5
40064416,17,24,-1,-1,1
40063866,40,9,-1,-1,2
40052647,38,58,-1,-1,6
40051814,49,20,-1,-1,0
40063367,23,20,-1,-1,6
40060683,31,8,-1,-1,6
40065107,41,37,-1,-1,6
40061515,24,31,-1,-1,5
40062823,57,33,-1,-1,5
40063920,0,7,-1,-1,4
40065396,31,23,-1,-1,7
40058002,52,27,-1,-1,2
40048222,2,3,-1,-1,3
40055254,6,26,-1,-1,6
40064219,31,35,-1,-1,1
40063252,12,51,-1,-1,4
40059470,54,43,-1,-1,1
40062842,45,27,-1,-1,1
40060438,11,6,-1,-1,6
40063194,30,24,-1,-1,5
40064610,37,17,-1,-1,7
40059537,25,14,-1,-1,0
40064995,53,34,-1,-1,0
40063117,6,25,-1,-1,1
40056973,48,35,-1,-1,3
40041635,11,9,-1,-1,1
40063967,13,47,-1,-1,6
40061505,15,35,-1,-1,0
40059645,24,11,-1,-1,2
40057325,58,6,-1,-1,5
40063643,30,27,-1,-1,2
40061104,38,38,-1,-1,6
40062722,44,24,-1,-1,6
40059251,18,9,-1,-1,7
40065039,43,6,-1,-1,7
40064857,18,6,-1,-1,4
40059104,24,7,-1,-1,5
40062057,56,24,-1,-1,7
40064352,28,27,-1,-1,6
40061340,28,58,-1,-1,0
40064454,42,42,-1,-1,6
40057767,52,40,-1,-1,2
40054421,54,22,-1,-1,2
40064073,11,18,-1,-1,5
40064475,49,27,-1,-1,2
40062242,44,18,-1,-1,0
40060751,32,0,-1,-1,3
40061404,49,40,-1,-1,0
40054270,13,54,-1,-1,0
40062302,18,14,-1,-1,0
40065104,26,17,-1,-1,3
40065142,39,33,-1,-1,3
40059318,36,46,-1,-1,4
40064160,36,23,-1,-1,0
40054704,56,10,-1,-1,3
40064723,45,6,-1,-1,6
40061524,39,52,-1,-1,0
40056962,6,8,-1,-1,4
40064677,40,54,-1,-1,1
40061344,40,17,-1,-1,3
40065301,40,39,-1,-1,0
40061961,15,38,-1,-1,5
40063180,42,16,-1,-1,0
40065008,37,28,-1,-1,5
40064825,44,31,-1,-1,2
40062035,22,38,-1,-1,2
40054874,4,48,-1,-1,5
40060758,56,26,-1,-1,5
40060384,38,44,-1,-1,0
40062799,44,41,-1,-1,2
40060083,54,53,-1,-1,0
40059429,55,41,-1,-1,6
40062725,32,5,-1,-1,3
40062164,5,10,-1,-1,5
40063561,23,42,-1,-1,2
40063968,32,41,-1,-1,4
40058821,56,38,-1,-1,2
40060301,39,12,-1,-1,1
40063907,48,30,-1,-1,7
40063132,11,49,-1,-1,0
40064744,45,10,-1,-1,4
40064506,22,26,-1,-1,4
40055770,54,2,-1,-1,7
40064529,43,35,-1,-1,4
40055463,15,52,-1,-1,0
40050231,30,52,-1,-1,3
40059186,54,13,-1,-1,6
40062465,46,0,-1,-1,6
40062168,55,17,-1,-1,4
40062577,39,54,-1,-1,1
40064507,49,48,-1,-1,2
40054495,55,9,-1,-1,4
40062987,20,38,-1,-1,7
40063879,22,27,-1,-1,3
40057189,37,57,-1,-1,0
40064070,12,37,-1,-1,5
40060938,33,3,-1,-1,4
40064759,38,35,-1,-1,5
40065064,36,29,-1,-1,2
40061007,28,7,-1,-1,6
40064259,43,30,-1,-1,2
40064988,49,7,-1,-1,3
40064318,14,52,-1,-1,3
40061004,48,13,-1,-1,3
40063380,19,32,-1,-1,6
40062099,45,0,-1,-1,3
40065399,30,16,-1,-1,6
40065342,26,13,-1,-1,3
40065336,12,46,-1,-1,0
40065054,12,10,-1,-1,4
40063629,4,57,-1,-1,3
40062270,11,3,-1,-1,4
40063149,42,31,-1,-1,3
40058807,11,30,-1,-1,4
40055928,10,47,-1,-1,1
40063953,36,56,-1,-1,0
40057222,13,43,-1,-1,3
40060756,45,50,-1,-1,2
40065074,41,20,-1,-1,6
40059424,6,35,-1,-1,6
40063510,30,15,-1,-1,7
40064169,33,51,-1,-1,4
40064634,7,43,-1,-1,6
40051777,8,50,-1,-1,4
40062158,43,17,-1,-1,5
40063064,12,6,-1,-1,7
40065111,52,9,-1,-1,5
40064422,10,25,-1,-1,0
40063498,45,46,-1,-1,2
40064249,54,23,-1,-1,7
40057578,49,12,-1,-1,4
40064463,0,42,-1,-1,3
40061383,8,45,-1,-1,5
40060573,3,38,-1,-1,0
40064102,32,28,-1,-1,2
40062956,24,28,-1,-1,1
40063685,40,21,-1,-1,1
40061605,21,45,-1,-1,4
40062686,12,58,-1,-1,0
40041030,4,14,-1,-1,5
40064942,26,30,-1,-1,3
40065040,34,23,-1,-1,0
40064353,43,47,-1,-1,1
40063929,34,53,-1,-1,6
40065314,4,28,-1,-1,1
40064194,16,27,-1,-1,2
40062840,14,1,-1,-1,5
40052722,49,0,-1,-1,5
40059240,50,44,-1,-1,5
40065126,16,29,-1,-1,5
40064909,11,39,-1,-1,3
40060978,52,55,-1,-1,7
40064417,29,13,-1,-1,3
40064636,32,35,-1,-1,5
40064844,52,39,-1,-1,1
40054978,0,24,-1,-1,2
40064493,42,22,-1,-1,7
40060622,5,15,-1,-1,0
40060287,36,7,-1,-1,3
40063863,52,6,-1,-1,7
40058942,19,43,-1,-1,0
40064575,36,25,-1,-1,2
40054050,58,5,-1,-1,4
40060985,14,42,-1,-1,6
40064640,0,25,-1,-1,0
40064471,15,41,-1,-1,5
40064077,43,32,-1,-1,5
40062519,17,39,-1,-1,7
40065261,30,31,-1,-1,4
40061875,6,39,-1,-1,7
40065043,23,21,-1,-1,6
40065443,41,7,-1,-1,3
40064027,33,10,-1,-1,0
40052137,6,19,-1,-1,7
40059371,19,15,-1,-1,5
40044959,15,47,-1,-1,2
40065097,25,25,-1,-1,6
40064045,54,39,-1,-1,3
40064439,56,28,-1,-1,6
40060626,52,15,-1,-1,4
40063388,48,2,-1,-1,6
40065002,22,6,-1,-1,0
40064134,25,16,-1,-1,5
40063492,43,12,-1,-1,4
40061332,20,43,-1,-1,7
40062660,49,54,-1,-1,4
40062129,43,20,-1,-1,7
40062851,51,22,-1,-1,5
40058554,49,2,-1,-1,5
40060132,27,48,-1,-1,7
40060053,26,53,-1,-1,0
40064934,44,33,-1,-1,5
40064834,47,29,-1,-1,5
40059114,3,14,-1,-1,6
40062442,34,49,-1,-1,3
40056605,47,56,-1,-1,4
40063429,46,29,-1,-1,5
40063847,13,10,-1,-1,4
40064662,40,24,-1,-1,5
40062313,7,0,-1,-1,3
40057465,23,14,-1,-1,2
40064156,3,21,-1,-1,4
40063703,57,19,-1,-1,4
40063681,13,45,-1,-1,4
40065169,34,33,-1,-1,6
40063777,19,22,-1,-1,1
40062827,41,2,-1,-1,7
40065123,55,18,-1,-1,0
40064604,58,49,-1,-1,4
40057025,54,48,-1,-1,7
40063185,6,48,-1,-1,7
40064470,16,23,-1,-1,5
40058236,51,16,-1,-1,2
40065198,27,36,-1,-1,6
40059914,36,57,-1,-1,0
40063078,30,9,-1,-1,0
40062341,11,14,-1,-1,5
40059930,29,0,-1,-1,4
40064111,19,41,-1,-1,1
40048725,42,58,-1,-1,7
40064394,31,17,-1,-1,2
40065154,28,44,-1,-1,3
40065210,55,56,-1,-1,7
40063042,50,24,-1,-1,6
40063391,45,34,-1,-1,4
40048661,7,21,-1,-1,5
40063243,49,52,-1,-1,0
40064335,34,38,-1,-1,3
40061802,30,49,-1,-1,7
40060073,46,8,-1,-1,0
40051108,47,47,-1,-1,4
40062230,40,11,-1,-1,5
40063567,20,29,-1,-1,2
40062447,18,28,-1,-1,3
40059522,12,2,-1,-1,4
40061614,55,39,-1,-1,7
40061766,41,24,-1,-1,5
40064191,45,48,-1,-1,7
40061829,2,14,-1,-1,6
40065358,6,21,-1,-1,7
40056632,52,7,-1,-1,1
40050900,4,58,-1,-1,7
40063781,46,12,-1,-1,3
40051537,27,54,-1,-1,6
40065167,19,31,-1,-1,2
40059201,48,8,-1,-1,2
40064188,1,14,-1,-1,5
40064792,30,32,-1,-1,0
40065429,13,23,-1,-1,4
40064375,28,12,-1,-1,3
40061587,29,19,-1,-1,2
40059998,6,42,-1,-1,2
40065410,35,32,-1,-1,7
40064795,39,32,-1,-1,3
40065153,49,24,-1,-1,2
40064100,33,26,-1,-1,3
40064826,16,9,-1,-1,5
40065062,44,12,-1,-1,5
40064396,39,6,-1,-1,3
40060061,6,20,-1,-1,1
40064956,30,45,-1,-1,1
40064781,24,1,-1,-1,7
40062657,19,4,-1,-1,5
40064325,24,53,-1,-1,6
40056775,55,34,-1,-1,7
40065047,27,34,-1,-1,1
40063506,28,3,-1,-1,7
40064532,37,31,-1,-1,5
40053904,57,48,-1,-1,1
40060874,51,29,-1,-1,2
40060219,6,40,-1,-1,7
40062455,18,4,-1,-1,2
40062800,42,38,-1,-1,5
40064357,24,33,-1,-1,0
40046162,2,23,-1,-1,1
40061268,9,1,-1,-1,7
40053307,16,37,-1,-1,1
40064415,58,31,-1,-1,4
40058670,7,7,-1,-1,1
40060107,0,57,-1,-1,4
40056858,5,54,-1,-1,0
40065366,23,6,-1,-1,2
40061282,32,52,-1,-1,2
40062367,42,49,-1,-1,2
40063609,20,28,-1,-1,2
40062741,22,30,-1,-1,6
40065251,40,47,-1,-1,3
40062494,19,35,-1,-1,0
40061584,18,35,-1,-1,4
40058956,54,57,-1,-1,5
40065359,44,26,-1,-1,6
40063385,14,56,-1,-1,5
40062740,13,48,-1,-1,6
40061266,13,41,-1,-1,1
40060598,53,37,-1,-1,5
40063733,8,30,-1,-1,2
40064673,33,39,-1,-1,7
40064386,27,28,-1,-1,6
40051208,42,48,-1,-1,0
40057631,41,58,-1,-1,7
40061964,26,37,-1,-1,3
40065003,52,0,-1,-1,5
40062424,27,52,-1,-1,0
40057501,28,45,-1,-1,2
40058713,35,0,-1,-1,4
40058707,32,46,-1,-1,7
40063684,48,40,-1,-1,7
40065090,43,41,-1,-1,4
40062340,16,53,-1,-1,5
40061976,17,56,-1,-1,0
40064779,48,31,-1,-1,0
40061504,10,58,-1,-1,7
40055762,38,2,-1,-1,1
40065134,38,30,-1,-1,3
40064756,39,29,-1,-1,4
40059915,22,43,-1,-1,0
40062503,35,36,-1,-1,4
40064313,36,8,-1,-1,3
40062938,48,24,-1,-1,3
40051072,14,28,-1,-1,3
40050816,25,1,-1,-1,6
40056928,12,57,-1,-1,1
40063408,31,16,-1,-1,6
40063611,53,28,-1,-1,6
40059532,6,16,-1,-1,1
40053253,43,46,-1,-1,0
40063227,31,50,-1,-1,0
40061199,2,40,-1,-1,6
40062634,23,2,-1,-1,3
40065300,29,4,-1,-1,4
40065235,43,33,-1,-1,7
40057975,54,10,-1,-1,1
40056960,10,1,-1,-1,1
40060118,56,29,-1,-1,5
40059787,36,20,-1,-1,4
40064119,51,8,-1,-1,5
40057259,23,49,-1,-1,7
40055382,12,17,-1,-1,6
40064873,27,43,-1,-1,7
40055082,1,20,-1,-1,3
40061785,22,36,-1,-1,4
40063626,3,12,-1,-1,6
40058003,20,12,-1,-1,4
40064615,36,41,-1,-1,2
40056612,10,10,-1,-1,4
40063546,40,43,-1,-1,7
40064363,46,16,-1,-1,1
40046470,3,6,-1,-1,6
40061732,38,3,-1,-1,4
40062901,39,44,-1,-1,1
40063970,45,4,-1,-1,7
40062486,29,47,-1,-1,6
40064849,35,37,-1,-1,2
40047052,7,57,-1,-1,0
40053276,5,52,-1,-1,7
40063820,40,23,-1,-1,3
40063483,11,27,-1,-1,5
40064878,45,24,-1,-1,6
40061368,31,44,-1,-1,0
40065132,28,24,-1,-1,2
40065048,43,57,-1,-1,7
40063555,43,9,-1,-1,4
40063903,48,20,-1,-1,5
40058487,14,14,-1,-1,4
40064387,21,39,-1,-1,0
40056740,23,1,-1,-1,7
40064703,28,23,-1,-1,1
40061965,13,3,-1,-1,6
40050368,44,56,-1,-1,0
40054167,15,45,-1,-1,7
40064115,39,27,-1,-1,6
40063487,19,26,-1,-1,3
40059479,57,43,-1,-1,4
40048466,58,37,-1,-1,4
40064059,25,51,-1,-1,2
40065361,35,2,-1,-1,3
40063501,29,29,-1,-1,7
40062895,25,7,-1,-1,1
40047266,21,49,-1,-1,4
40063714,33,37,-1,-1,1
40050356,10,16,-1,-1,5
40054678,16,34,-1,-1,7
40062169,4,46,-1,-1,0
40058229,42,33,-1,-1,3
40060300,18,52,-1,-1,6
40061256,34,52,-1,-1,5
40062520,37,20,-1,-1,3
40058875,47,48,-1,-1,2
40065308,48,29,-1,-1,3
40065305,55,30,-1,-1,3
40060645,0,30,-1,-1,1
40063825,32,7,-1,-1,2
40051707,50,52,-1,-1,3
40061098,28,13,-1,-1,1
40059025,50,42,-1,-1,3
40062062,23,43,-1,-1,5
40061850,57,5,-1,-1,3
40064755,38,50,-1,-1,4
40057805,39,7,-1,-1,2
40058698,20,5,-1,-1,3
40065227,35,30,-1,-1,3
40064278,13,28,-1,-1,5
40062278,29,42,-1,-1,0
40064523,58,56,-1,-1,7
40064840,29,53,-1,-1,4
40064948,34,11,-1,-1,3
40064712,38,17,-1,-1,1
40060005,13,40,-1,-1,5
40059383,49,16,-1,-1,5
40061039,21,53,-1,-1,2
40064790,46,17,-1,-1,2
40063457,32,43,-1,-1,4
40065431,10,2,-1,-1,1
40058775,51,47,-1,-1,0
40061237,52,56,-1,-1,3
40058345,18,17,-1,-1,0
40040064,9,57,-1,-1,1
40059013,47,39,-1,-1,3
40064050,40,7,-1,-1,0
40057473,1,3,-1,-1,5
40059746,1,47,-1,-1,7
40063658,49,55,-1,-1,1
40062087,37,49,-1,-1,6
40062556,41,38,-1,-1,2
40046347,18,0,-1,-1,2
40065221,46,14,-1,-1,7
40062439,56,1,-1,-1,2
40064678,42,28,-1,-1,3
40058108,57,18,-1,-1,4
40064214,28,51,-1,-1,2
40063980,18,45,-1,-1,3
40043937,6,57,-1,-1,7
40065184,5,19,-1,-1,4
40062453,25,9,-1,-1,2
40064354,47,46,-1,-1,7
40065253,53,22,-1,-1,4
40064494,56,45,-1,-1,3
40062988,53,11,-1,-1,3
40052794,52,23,-1,-1,6
40065056,16,39,-1,-1,0
40056542,7,16,-1,-1,3
40065143,29,35,-1,-1,1
40060891,21,16,-1,-1,0
40065024,5,26,-1,-1,7
40064414,31,1,-1,-1,1
40041924,0,55,-1,-1,1
40063446,26,33,-1,-1,4
40064907,49,34,-1,-1,2
40062237,33,42,-1,-1,4
40059724,23,16,-1,-1,4
40061794,37,47,-1,-1,6
40059576,44,53,-1,-1,4
40055862,10,57,-1,-1,0
40051676,33,57,-1,-1,6
40060339,36,11,-1,-1,2
40061471,4,3,-1,-1,0
40053103,53,5,-1,-1,7
40065195,27,40,-1,-1,1
40061462,7,47,-1,-1,4
40064222,42,15,-1,-1,5
40055747,34,2,-1,-1,4
40062488,44,39,-1,-1,5
40055150,44,2,-1,-1,4
40046907,1,39,-1,-1,0
40065079,26,4,-1,-1,3
40065241,1,22,-1,-1,3
40065052,54,36,-1,-1,0
40063312,42,51,-1,-1,2
40065122,37,40,-1,-1,6
40065023,19,40,-1,-1,2
40061337,27,3,-1,-1,7
40064877,42,40,-1,-1,7
40059459,1,6,-1,-1,4
40057094,5,34,-1,-1,0
40065133,50,3,-1,-1,0
40057947,16,4,-1,-1,7
40065055,58,44,-1,-1,4
40062394,15,50,-1,-1,0
40051773,18,10,-1,-1,5
40065239,44,1,-1,-1,5
40064815,32,30,-1,-1,6
40061892,17,4,-1,-1,6
40063190,37,27,-1,-1,2
40063110,2,33,-1,-1,2
40064922,28,49,-1,-1,6
40065423,38,14,-1,-1,4
40056764,52,44,-1,-1,0
40065117,27,50,-1,-1,4
40053020,33,9,-1,-1,1
40065067,25,38,-1,-1,6
40040632,47,8,-1,-1,4
40053854,58,32,-1,-1,5
40065252,14,13,-1,-1,1
40060951,49,5,-1,-1,4
40065419,35,21,-1,-1,7
40060847,30,8,-1,-1,3
40064608,49,39,-1,-1,1
40063902,37,30,-1,-1,7
40062573,37,37,-1,-1,5
40065238,40,41,-1,-1,2
40059908,7,26,-1,-1,0
40064203,47,26,-1,-1,7
40063939,20,31,-1,-1,6
40063169,42,2,-1,-1,2
40053989,6,2,-1,-1,6
40064511,47,2,-1,-1,1
40063850,44,43,-1,-1,2
40059945,12,15,-1,-1,1
40064125,42,6,-1,-1,6
40063598,1,36,-1,-1,3
40059330,41,48,-1,-1,0
40057449,5,3,-1,-1,5
40063925,48,11,-1,-1,0
40065280,24,29,-1,-1,4
40054913,2,49,-1,-1,1
40062882,39,31,-1,-1,3
40065204,37,32,-1,-1,2
40060085,45,2,-1,-1,2
40057242,55,23,-1,-1,4
40064064,24,16,-1,-1,2
40063671,39,57,-1,-1,3
40058622,3,30,-1,-1,1
40059223,30,46,-1,-1,7
40051237,15,15,-1,-1,4
40064257,56,4,-1,-1,1
40063374,46,50,-1,-1,4
40054345,4,32,-1,-1,3
40062626,14,24,-1,-1,5
40065265,33,25,-1,-1,7
40061962,54,40,-1,-1,7
40064796,39,45,-1,-1,4
40054930,9,52,-1,-1,5
40060203,45,9,-1,-1,3
40064924,11,22,-1,-1,2
40052719,19,50,-1,-1,1
40060695,49,13,-1,-1,6
40059818,38,0,-1,-1,3
40064210,52,18,-1,-1,6
40064164,33,33,-1,-1,6
40060867,51,25,-1,-1,1
40063712,15,2,-1,-1,2
40063801,16,17,-1,-1,5
40064503,29,18,-1,-1,1
40058797,26,50,-1,-1,4
40060282,41,51,-1,-1,3
40063849,32,14,-1,-1,1
40063947,49,38,-1,-1,5
40063125,14,54,-1,-1,5
40059796,48,21,-1,-1,0
40062195,50,6,-1,-1,3
40058188,24,0,-1,-1,3
40064215,30,50,-1,-1,0
40055838,13,24,-1,-1,3
40063259,2,38,-1,-1,7
40059547,21,8,-1,-1,4
40054679,18,55,-1,-1,3
40065375,31,10,-1,-1,5
40056436,38,51,-1,-1,2
40063934,34,40,-1,-1,3
40065338,38,20,-1,-1,6
40053040,16,1,-1,-1,4
40064157,42,11,-1,-1,0
40065116,7,20,-1,-1,7
40064178,57,17,-1,-1,3
40056537,50,57,-1,-1,3
40052516,5,35,-1,-1,2
40062469,50,0,-1,-1,5
40061407,51,12,-1,-1,4
40047456,58,51,-1,-1,6
40064427,14,16,-1,-1,1
40054230,19,16,-1,-1,3
40062261,8,6,-1,-1,6
40055623,9,56,-1,-1,0
40061311,2,35,-1,-1,7
40061931,13,51,-1,-1,4
40062020,46,11,-1,-1,4
40065191,46,26,-1,-1,4
40060739,25,21,-1,-1,4
40058071,45,41,-1,-1,5
40064812,43,45,-1,-1,7
40065324,28,37,-1,-1,6
40063637,33,46,-1,-1,5
40051294,21,1,-1,-1,4
40062436,8,37,-1,-1,1
40064418,29,32,-1,-1,6
40058385,22,39,-1,-1,5
40062066,0,6,-1,-1,4
40061889,24,17,-1,-1,7
40053257,0,58,-1,-1,0
40044484,19,13,-1,-1,3
40065178,10,17,-1,-1,4
40064155,48,12,-1,-1,2
40057664,41,1,-1,-1,2
40061164,21,21,-1,-1,2
40063207,27,29,-1,-1,0
40064166,31,40,-1,-1,0
40052297,56,15,-1,-1,6
40062656,56,8,-1,-1,4
40062493,4,35,-1,-1,2
40063594,33,6,-1,-1,4
40064347,17,36,-1,-1,0
40065446,34,13,-1,-1,7
40054161,2,39,-1,-1,5
40053388,33,1,-1,-1,4
40061684,33,48,-1,-1,3
40063417,9,27,-1,-1,1
40060363,43,51,-1,-1,4
40064960,17,1,-1,-1,1
40062292,55,13,-1,-1,6
40050338,4,8,-1,-1,2
40064517,13,2,-1,-1,6
40053239,39,50,-1,-1,0
40064024,13,18,-1,-1,4
40063950,17,25,-1,-1,7
40064764,33,40,-1,-1,7
40062318,15,29,-1,-1,1
40062128,23,19,-1,-1,7
40052694,47,57,-1,-1,4
40061749,19,55,-1,-1,0
40064482,48,7,-1,-1,2
40063237,10,20,-1,-1,4
40060224,56,31,-1,-1,0
40046527,18,49,-1,-1,4
40063321,51,27,-1,-1,5
40063424,35,35,-1,-1,4
40064360,13,17,-1,-1,2
40061948,4,0,-1,-1,2
40063592,8,28,-1,-1,7
40056580,9,0,-1,-1,4
40063148,10,36,-1,-1,3
40064319,40,37,-1,-1,4
40062867,57,10,-1,-1,3
40056712,7,3,-1,-1,6
40065303,27,30,-1,-1,1
40065347,24,50,-1,-1,3
40062792,6,41,-1,-1,7
40064265,36,10,-1,-1,4
40059365,28,0,-1,-1,2
40062006,19,42,-1,-1,1
40062274,15,0,-1,-1,4
40060770,10,43,-1,-1,0
40056658,40,0,-1,-1,4
40060092,24,40,-1,-1,4
40057890,49,36,-1,-1,3
40061112,47,55,-1,-1,5
40056235,8,57,-1,-1,2
40057727,25,0,-1,-1,2
40049380,13,38,-1,-1,3
40063349,22,15,-1,-1,5
40061737,20,50,-1,-1,6
40062083,28,11,-1,-1,4
40063130,46,39,-1,-1,7
40064855,38,27,-1,-1,0
40060116,2,31,-1,-1,3
40064972,39,17,-1,-1,4
40064943,21,3,-1,-1,4
40062159,40,6,-1,-1,3
40061195,51,34,-1,-1,2
40062090,15,37,-1,-1,6
40064545,5,48,-1,-1,5
40053009,15,49,-1,-1,1
40063329,14,47,-1,-1,2
40046159,16,51,-1,-1,5
40064926,12,38,-1,-1,1
40042060,23,55,-1,-1,7
40063536,10,38,-1,-1,5
40062535,57,44,-1,-1,1
40059392,54,44,-1,-1,6
40063812,35,15,-1,-1,0
40058318,47,45,-1,-1,0
40061711,6,28,-1,-1,7
40053696,19,21,-1,-1,2
40060679,10,52,-1,-1,7
40064686,8,49,-1,-1,2
40061239,42,54,-1,-1,0
40056958,16,13,-1,-1,6
40049163,34,46,-1,-1,5
40060586,3,50,-1,-1,7
40064716,40,29,-1,-1,0
40059891,50,18,-1,-1,6
40064294,39,3,-1,-1,2
40059304,13,32,-1,-1,7
40062104,58,39,-1,-1,4
40052972,11,11,-1,-1,2
40064606,57,52,-1,-1,0
40065250,20,47,-1,-1,6
40064622,10,6,-1,-1,6
40062663,15,1,-1,-1,2
40063951,4,10,-1,-1,0
40063147,22,29,-1,-1,1
40065028,18,46,-1,-1,1
40061641,25,50,-1,-1,2
40064355,15,17,-1,-1,6
40059249,9,46,-1,-1,3
40063393,41,47,-1,-1,6
40048006,0,45,-1,-1,0
40059244,5,43,-1,-1,6
40065100,51,23,-1,-1,6
40046142,22,45,-1,-1,0
40050236,3,11,-1,-1,5
40065082,22,57,-1,-1,1
40065220,31,21,-1,-1,2
40052063,14,17,-1,-1,5
40062607,31,54,-1,-1,4
40064123,55,31,-1,-1,3
40064229,30,7,-1,-1,4
40059534,55,3,-1,-1,6
40062850,10,29,-1,-1,7
40057902,46,4,-1,-1,3
40058104,54,42,-1,-1,2
40065415,53,13,-1,-1,1
40055868,50,11,-1,-1,4
40063639,3,36,-1,-1,6
40063027,56,5,-1,-1,3
40055038,22,2,-1,-1,1
40065417,40,33,-1,-1,0
40064124,2,10,-1,-1,5
40062923,42,1,-1,-1,2
40040579,14,49,-1,-1,5
40055767,20,9,-1,-1,2
40063235,0,38,-1,-1,0
40065121,30,5,-1,-1,1
40052549,18,54,-1,-1,4
40046548,14,37,-1,-1,0
40064516,33,44,-1,-1,1
40064968,40,42,-1,-1,5
40061213,50,2,-1,-1,3
40064974,7,30,-1,-1,0
40065223,31,13,-1,-1,7
40059119,16,2,-1,-1,6
40059829,14,35,-1,-1,3
40063763,9,53,-1,-1,2
40054148,6,51,-1,-1,2
40059083,37,18,-1,-1,3
40062784,8,26,-1,-1,6
40062689,2,1,-1,-1,1
40062674,14,31,-1,-1,4
40064055,31,36,-1,-1,7
40065145,31,31,-1,-1,5
40062682,48,57,-1,-1,2
40062123,18,50,-1,-1,5
40065433,22,21,-1,-1,7
40057518,40,56,-1,-1,0
40061035,53,2,-1,-1,1
40065014,28,35,-1,-1,6
40063439,14,4,-1,-1,3
40064202,21,38,-1,-1,3
40063975,56,2,-1,-1,4
40058407,22,56,-1,-1,6
40064008,38,13,-1,-1,4
40065364,25,6,-1,-1,2
40063140,29,7,-1,-1,2
40063053,28,4,-1,-1,7
40061177,52,5,-1,-1,3
40058620,47,50,-1,-1,0
40064697,29,20,-1,-1,2
40063746,34,8,-1,-1,0
40062409,19,10,-1,-1,6
40060315,56,11,-1,-1,3
40063272,36,38,-1,-1,4
40060759,0,41,-1,-1,4
40058424,41,3,-1,-1,1
40063059,27,37,-1,-1,3
40057674,10,42,-1,-1,5
40059456,50,29,-1,-1,4
40059206,2,12,-1,-1,3
40065264,9,4,-1,-1,3
40063318,49,43,-1,-1,2
40055581,2,52,-1,-1,1
40059918,4,27,-1,-1,3
40063677,53,17,-1,-1,0
40065412,23,40,-1,-1,1
40065350,25,37,-1,-1,3
40061586,45,25,-1,-1,2
40061949,53,55,-1,-1,4
40059823,56,33,-1,-1,1
40050411,4,9,-1,-1,5
40062870,44,28,-1,-1,6
40062599,29,37,-1,-1,6
40051901,2,25,-1,-1,2
40059480,57,3,-1,-1,2
40044989,35,53,-1,-1,0
40063713,28,19,-1,-1,5
40060706,12,9,-1,-1,0
40063845,51,49,-1,-1,2
40057367,56,18,-1,-1,7
40061945,1,10,-1,-1,6
40061520,27,17,-1,-1,0
40063818,13,20,-1,-1,2
40059235,51,53,-1,-1,5
40062940,29,43,-1,-1,3
40062135,23,12,-1,-1,1
40063544,42,29,-1,-1,3
40055273,58,8,-1,-1,0
40064170,26,24,-1,-1,1
40065189,14,38,-1,-1,1
40061554,11,38,-1,-1,6
40061755,1,43,-1,-1,6
40064189,35,6,-1,-1,4
40064763,5,40,-1,-1,5
40062412,44,58,-1,-1,6
40064256,17,37,-1,-1,2
40064380,38,32,-1,-1,1
40053356,49,57,-1,-1,5
40062910,34,18,-1,-1,6
40064863,48,6,-1,-1,0
40062065,2,4,-1,-1,7
40055200,32,47,-1,-1,6
40062213,36,54,-1,-1,3
40063715,26,15,-1,-1,2
40064173,38,48,-1,-1,4
40056769,18,53,-1,-1,4
40058498,56,9,-1,-1,5
40065175,44,20,-1,-1,6
40047201,5,18,-1,-1,0
40054634,10,19,-1,-1,4
40064772,57,12,-1,-1,0
40065282,27,33,-1,-1,3
40063265,57,1,-1,-1,3
40055907,25,5,-1,-1,2
40064286,5,50,-1,-1,5
40064742,10,39,-1,-1,5
40065029,56,21,-1,-1,0
40064085,41,39,-1,-1,5
40064239,21,28,-1,-1,0
40058735,21,23,-1,-1,3
40065237,21,30,-1,-1,1
40058671,4,47,-1,-1,1
40065109,23,30,-1,-1,6
40063095,10,11,-1,-1,2
40062421,5,32,-1,-1,0
40056073,58,16,-1,-1,6
40060311,25,56,-1,-1,2
40058920,50,47,-1,-1,3
40062507,14,45,-1,-1,4
40057609,40,1,-1,-1,1
40064851,4,5,-1,-1,7
40057138,13,52,-1,-1,3
40064527,21,22,-1,-1,4
40065311,29,17,-1,-1,2
40057210,10,50,-1,-1,0
40063226,0,33,-1,-1,1
40065131,34,32,-1,-1,7
40062116,35,10,-1,-1,3
40057401,30,3,-1,-1,4
40064412,16,19,-1,-1,3
40065353,28,31,-1,-1,3
40059566,11,33,-1,-1,6
40061162,46,21,-1,-1,7
40058192,10,22,-1,-1,2
40051804,26,54,-1,-1,6
40059199,19,48,-1,-1,6
40059913,56,35,-1,-1,1
40055956,37,54,-1,-1,1
40055600,39,23,-1,-1,0
40060991,13,42,-1,-1,6
40064268,23,18,-1,-1,3
40060108,37,9,-1,-1,2
40061179,42,41,-1,-1,3
40047272,8,42,-1,-1,7
40049668,49,8,-1,-1,1
40063918,28,46,-1,-1,7
40061295,12,27,-1,-1,3
40062860,55,44,-1,-1,3
40062578,8,46,-1,-1,1
40064740,25,29,-1,-1,4
40063379,39,26,-1,-1,0
40063407,32,18,-1,-1,7
40064097,14,40,-1,-1,2
40052315,3,26,-1,-1,3
40056305,8,0,-1,-1,5
40064528,37,43,-1,-1,2
40065205,15,24,-1,-1,4
40053460,18,30,-1,-1,5
40055372,0,27,-1,-1,4
40048978,48,1,-1,-1,3
40065073,16,21,-1,-1,2
40054073,20,44,-1,-1,7
40058410,48,9,-1,-1,7
40056077,58,35,-1,-1,7
40051309,4,50,-1,-1,3
40062526,3,18,-1,-1,1
40065072,54,34,-1,-1,7
40064381,46,34,-1,-1,2
40064498,40,25,-1,-1,5
40064044,13,53,-1,-1,1
40056899,9,55,-1,-1,5
40058566,52,34,-1,-1,2
40065430,20,20,-1,-1,0
40061391,3,16,-1,-1,2
40064080,57,34,-1,-1,7
40042167,6,54,-1,-1,7
40057012,4,2,-1,-1,3
40064901,47,31,-1,-1,7
40065012,22,13,-1,-1,5
40050977,12,12,-1,-1,2
40065006,33,19,-1,-1,5
40062937,36,43,-1,-1,4
40058748,27,7,-1,-1,5
40057925,17,27,-1,-1,6
40063831,45,13,-1,-1,5
40060465,58,23,-1,-1,0
40063054,39,34,-1,-1,2
40061198,28,56,-1,-1,2
40063241,57,26,-1,-1,5
40048548,1,56,-1,-1,7
40065373,7,45,-1,-1,2
40064250,30,39,-1,-1,6
40063212,25,47,-1,-1,0
40063605,57,6,-1,-1,1
40064337,27,38,-1,-1,6
40064994,54,55,-1,-1,0
40062393,32,58,-1,-1,6
40064915,23,32,-1,-1,4
40051711,13,37,-1,-1,5
40065298,35,28,-1,-1,3
40063848,46,43,-1,-1,4
40057713,14,2,-1,-1,1
40046943,13,0,-1,-1,5
40064308,29,57,-1,-1,7
40061309,51,17,-1,-1,4
40063651,19,30,-1,-1,2
40058443,51,57,-1,-1,5
40063588,42,55,-1,-1,2
40064932,7,42,-1,-1,2
40064836,34,29,-1,-1,1
40064930,52,51,-1,-1,1
40061916,7,22,-1,-1,3
40058535,26,57,-1,-1,2
40060746,45,11,-1,-1,4
40064487,33,28,-1,-1,5
40052740,41,21,-1,-1,4
40063853,28,6,-1,-1,4
40054692,15,58,-1,-1,2
40061169,58,48,-1,-1,7
40065402,48,43,-1,-1,6
40060509,48,55,-1,-1,5
40064676,20,32,-1,-1,6
40064016,23,57,-1,-1,5
40060857,35,55,-1,-1,0
40060733,39,9,-1,-1,0
40058321,13,35,-1,-1,0
40056622,2,26,-1,-1,7
40059987,22,14,-1,-1,2
40064869,44,23,-1,-1,7
40062063,9,13,-1,-1,0
40061158,0,19,-1,-1,4
40063264,24,55,-1,-1,0
40062941,26,44,-1,-1,4
40029406,6,18,-1,-1,7
40064290,11,12,-1,-1,4
40060063,0,31,-1,-1,3
40063646,20,51,-1,-1,2
40061264,38,21,-1,-1,3
40064870,44,11,-1,-1,2
40064192,43,18,-1,-1,7
40053571,43,25,-1,-1,5
40063001,24,2,-1,-1,3
40063218,31,14,-1,-1,0
40056799,9,9,-1,-1,6
40065059,12,18,-1,-1,4
40055952,9,48,-1,-1,0
40064950,40,10,-1,-1,2
40062093,56,54,-1,-1,4
40060020,1,9,-1,-1,7
40060979,56,0,-1,-1,2
40061124,20,22,-1,-1,3
40064624,38,40,-1,-1,4
40062475,44,4,-1,-1,7
40059035,13,46,-1,-1,3
40061760,0,52,-1,-1,2
40063846,7,55,-1,-1,2
40057514,4,42,-1,-1,3
40065425,43,31,-1,-1,4
40047730,7,5,-1,-1,1
40062032,30,23,-1,-1,1
40063600,35,5,-1,-1,3
40054849,14,58,-1,-1,1
40065435,25,46,-1,-1,1
40065414,57,37,-1,-1,4
40062410,46,33,-1,-1,4
40065110,32,31,-1,-1,2
40057630,41,33,-1,-1,7
40047913,14,33,-1,-1,3
40063254,6,5,-1,-1,4
40065005,31,15,-1,-1,2
40064242,26,18,-1,-1,3
40062884,44,45,-1,-1,1
40058160,48,32,-1,-1,2
40065096,45,42,-1,-1,2
40064599,48,51,-1,-1,0
40057073,1,37,-1,-1,2
40064582,21,26,-1,-1,5
40062296,43,23,-1,-1,5
40064485,17,57,-1,-1,6
40064296,56,37,-1,-1,5
40065427,35,34,-1,-1,1
40048805,4,44,-1,-1,3
40065382,37,26,-1,-1,5
40064452,24,52,-1,-1,2
40058678,17,21,-1,-1,6
40058021,58,12,-1,-1,0
40059488,48,54,-1,-1,3
40063773,51,31,-1,-1,1
40060871,37,21,-1,-1,2
40064534,29,33,-1,-1,5
40057160,51,51,-1,-1,6
40059654,40,53,-1,-1,7
40064749,25,15,-1,-1,2
40061030,33,0,-1,-1,5
40058468,34,4,-1,-1,4
40064459,22,40,-1,-1,4
40057319,16,57,-1,-1,3
40064198,54,4,-1,-1,7
40060325,51,52,-1,-1,0
40062363,14,57,-1,-1,7
40056822,49,51,-1,-1,4
40058613,33,52,-1,-1,7
40064965,0,54,-1,-1,2
40060933,44,17,-1,-1,4
40060995,55,15,-1,-1,2
40063522,29,1,-1,-1,5
40058784,9,45,-1,-1,2
40052265,35,41,-1,-1,1
40064843,11,37,-1,-1,0
40065101,6,44,-1,-1,4
40065099,31,33,-1,-1,4
40064777,48,17,-1,-1,0
40065442,51,32,-1,-1,7
40061245,58,20,-1,-1,7
40065087,42,35,-1,-1,7
40059963,49,25,-1,-1,2
40063576,24,4,-1,-1,2
40060815,55,40,-1,-1,2
40062498,36,42,-1,-1,1
40064663,19,51,-1,-1,7
40063768,24,34,-1,-1,0
40057022,19,23,-1,-1,4
40064875,46,31,-1,-1,6
40055476,4,26,-1,-1,6
40062435,19,1,-1,-1,5
40063840,58,36,-1,-1,6
40060191,15,23,-1,-1,6
40060368,4,22,-1,-1,6
40063723,45,56,-1,-1,7
40062374,47,37,-1,-1,1
40064952,35,38,-1,-1,7
40062205,24,21,-1,-1,7
40064020,51,30,-1,-1,3
40061016,1,58,-1,-1,6
40064037,32,56,-1,-1,0
40061603,23,4,-1,-1,3
40064480,36,48,-1,-1,3
40063811,57,20,-1,-1,2
40064770,18,38,-1,-1,2
40047189,43,56,-1,-1,5
40062359,0,14,-1,-1,3
40052990,8,1,-1,-1,3
40057350,0,28,-1,-1,2
40057269,57,24,-1,-1,0
40065330,26,32,-1,-1,2
40064362,22,17,-1,-1,2
40064937,38,25,-1,-1,4
40062630,20,0,-1,-1,2
40054883,55,19,-1,-1,2
40060475,21,27,-1,-1,5
40061619,53,45,-1,-1,6
40065171,11,47,-1,-1,7
40058581,2,41,-1,-1,3
40055178,26,47,-1,-1,3
40063699,43,43,-1,-1,5
40063184,52,1,-1,-1,1
40065108,50,17,-1,-1,7
40065180,27,25,-1,-1,7
40065398,50,39,-1,-1,1
40047723,54,12,-1,-1,5
40065007,38,23,-1,-1,6
40063030,44,10,-1,-1,0
40054533,1,50,-1,-1,0
40064969,40,26,-1,-1,3
40065102,32,4,-1,-1,7
40064428,37,16,-1,-1,7
40057101,19,46,-1,-1,2
40064911,28,32,-1,-1,3
40064925,34,57,-1,-1,5
40064424,24,19,-1,-1,4
40062260,49,3,-1,-1,2
40051278,15,44,-1,-1,6
40064618,30,34,-1,-1,4
40063326,22,9,-1,-1,7
40057675,54,58,-1,-1,2
40059420,37,22,-1,-1,3
40063973,24,43,-1,-1,4
40064936,58,22,-1,-1,5
40065284,14,9,-1,-1,6
40065192,55,22,-1,-1,6
40064395,32,51,-1,-1,4
40057842,0,10,-1,-1,0
40060507,39,48,-1,-1,7
40053250,0,43,-1,-1,0
40064430,33,17,-1,-1,5
40063741,46,5,-1,-1,7
40064838,25,8,-1,-1,3
40062837,1,17,-1,-1,5
40057015,12,20,-1,-1,7
40062415,31,38,-1,-1,4
40065196,17,10,-1,-1,5
40064137,55,16,-1,-1,1
40064643,16,0,-1,-1,2
40063046,3,39,-1,-1,1
40063458,0,51,-1,-1,0
40059907,34,58,-1,-1,1
40054134,21,15,-1,-1,6
40061017,20,24,-1,-1,2
40057084,15,46,-1,-1,3
40039068,56,34,-1,-1,3
40062089,10,12,-1,-1,7
40063618,50,14,-1,-1,5
40029946,2,54,-1,-1,3
40060146,26,6,-1,-1,4
40054252,41,16,-1,-1,5
40058031,50,15,-1,-1,4
40064946,56,40,-1,-1,4
40065371,34,30,-1,-1,6
40064443,17,29,-1,-1,2
40064009,38,33,-1,-1,7
40064266,9,23,-1,-1,0
40061885,47,15,-1,-1,5
40064122,33,43,-1,-1,6
40063666,45,35,-1,-1,4
40065293,29,21,-1,-1,0
40062433,5,11,-1,-1,2
40064935,28,5,-1,-1,1
40057369,56,14,-1,-1,7
40063612,44,49,-1,-1,3
40055794,8,39,-1,-1,6
40063547,18,12,-1,-1,6
40063901,26,11,-1,-1,3
40056992,19,2,-1,-1,3
40060239,29,15,-1,-1,4
40063464,1,30,-1,-1,3
40055988,11,16,-1,-1,1
40062030,26,38,-1,-1,2
40063873,46,49,-1,-1,5
40064729,45,3,-1,-1,1
40048976,51,4,-1,-1,6
40053568,32,50,-1,-1,7
40057532,52,49,-1,-1,0
40063894,22,50,-1,-1,6
40064288,8,11,-1,-1,5
40063886,36,27,-1,-1,0
40060101,0,37,-1,-1,3
40065438,10,56,-1,-1,4
40063111,47,43,-1,-1,0
40058813,33,47,-1,-1,1
40062407,50,45,-1,-1,7
40062939,8,48,-1,-1,4
40062387,53,43,-1,-1,2
40064786,26,26,-1,-1,0
40064465,13,39,-1,-1,0
40062927,33,12,-1,-1,1
40058849,58,7,-1,-1,4
40065346,45,12,-1,-1,1
40059598,57,13,-1,-1,7
40063050,28,30,-1,-1,6
40064142,34,27,-1,-1,1
40064964,30,20,-1,-1,4
40065325,38,18,-1,-1,6
40063614,40,51,-1,-1,7
40061246,19,56,-1,-1,5
40059920,42,37,-1,-1,7
40062757,27,1,-1,-1,7
40063127,11,32,-1,-1,4
40062046,37,46,-1,-1,0
40057685,52,31,-1,-1,0
40063572,3,33,-1,-1,4
40058045,11,43,-1,-1,2
40062298,49,41,-1,-1,3
40059889,12,43,-1,-1,5
40064785,6,27,-1,-1,4
40065319,32,17,-1,-1,7
40058880,19,9,-1,-1,7
40055056,0,3,-1,-1,3
40063736,28,54,-1,-1,0
40064653,38,41,-1,-1,3
40062883,5,6,-1,-1,4
40064350,45,45,-1,-1,0
40061618,37,52,-1,-1,6
40064023,33,7,-1,-1,7
40049488,4,1,-1,-1,3
40065231,52,58,-1,-1,2
40063304,5,29,-1,-1,3
40061459,30,12,-1,-1,5
40064116,17,28,-1,-1,7
40059835,24,9,-1,-1,3
40054593,26,55,-1,-1,2
40059808,21,50,-1,-1,6
40064940,1,29,-1,-1,7
40064211,50,20,-1,-1,0
40060952,45,57,-1,-1,2
40055962,0,29,-1,-1,4
40065385,30,14,-1,-1,0
40060354,10,26,-1,-1,0
40063721,26,21,-1,-1,2
40063837,8,25,-1,-1,2
40064429,57,15,-1,-1,2
40058344,22,10,-1,-1,0
40064705,48,34,-1,-1,7
40063455,14,3,-1,-1,5
40058001,8,4,-1,-1,4
40063752,16,16,-1,-1,4
40054602,11,58,-1,-1,7
40052118,11,0,-1,-1,4
40062999,22,42,-1,-1,4
40061193,8,58,-1,-1,0
40056066,46,2,-1,-1,7
40064385,1,31,-1,-1,7
40060587,46,22,-1,-1,6
40062581,51,55,-1,-1,4
40065165,14,30,-1,-1,0
40046679,24,51,-1,-1,6
40063641,41,42,-1,-1,3
40053953,26,0,-1,-1,3
40061326,34,10,-1,-1,7
40065051,25,45,-1,-1,2
40063696,27,31,-1,-1,7
40058218,4,17,-1,-1,5
40059005,38,52,-1,-1,0
40063460,49,23,-1,-1,7
40059628,51,44,-1,-1,7
40065119,47,32,-1,-1,2
40059197,52,37,-1,-1,1
40064654,20,37,-1,-1,6
40056951,18,44,-1,-1,5
40041302,50,51,-1,-1,6
40065242,58,25,-1,-1,7
40057662,6,9,-1,-1,6
40058636,11,4,-1,-1,0
40063872,16,33,-1,-1,2
40063663,5,58,-1,-1,0
40064448,24,15,-1,-1,3
40065161,44,16,-1,-1,4
40062569,5,4,-1,-1,3
40064384,29,8,-1,-1,4
40065222,6,32,-1,-1,6
40064568,45,33,-1,-1,2
40054273,10,28,-1,-1,1
40063621,43,11,-1,-1,3
40065276,2,51,-1,-1,7
40065354,34,39,-1,-1,7
40057400,17,2,-1,-1,6
40059034,52,43,-1,-1,5
40054024,22,22,-1,-1,6
40057363,14,43,-1,-1,2
40064789,57,42,-1,-1,6
40064984,31,25,-1,-1,4
40064787,45,36,-1,-1,6
40065001,50,22,-1,-1,2
40061867,25,12,-1,-1,0
40062693,12,33,-1,-1,0
40065401,4,16,-1,-1,6
40038744,3,3,-1,-1,3
40064281,12,8,-1,-1,5
40060086,24,56,-1,-1,5
40063477,5,1,-1,-1,3
40065011,26,14,-1,-1,0
40058110,30,56,-1,-1,2
40060398,43,3,-1,-1,4
40064095,8,29,-1,-1,2
40059506,24,8,-1,-1,7
40064432,43,21,-1,-1,5
40061125,11,7,-1,-1,1
40062450,14,27,-1,-1,2
40056996,13,7,-1,-1,7
40064614,15,36,-1,-1,2
40057850,14,23,-1,-1,4
40058332,31,43,-1,-1,6
40060105,40,45,-1,-1,0
40058984,47,30,-1,-1,5
40061242,18,34,-1,-1,1
40064267,21,32,-1,-1,2
40064918,56,23,-1,-1,1
40064462,30,33,-1,-1,4
40064872,58,38,-1,-1,5
40028647,50,56,-1,-1,7
40029190,3,52,-1,-1,2
40052169,51,54,-1,-1,1
40064793,54,27,-1,-1,4
40059457,44,7,-1,-1,4
40062510,3,15,-1,-1,4
40062189,26,10,-1,-1,6
40061535,51,13,-1,-1,4
40059357,40,16,-1,-1,4
40064144,36,40,-1,-1,0
40062854,47,35,-1,-1,0
40061207,49,35,-1,-1,3
40065075,41,46,-1,-1,0
40063313,23,11,-1,-1,1
40055367,0,1,-1,-1,3
40065409,29,27,-1,-1,7
40065309,42,34,-1,-1,0
40062022,37,6,-1,-1,1
40064014,41,12,-1,-1,7
40055688,15,40,-1,-1,4
40065345,24,30,-1,-1,2
40063383,21,43,-1,-1,7
40062360,40,20,-1,-1,2
40058788,26,3,-1,-1,5
40058113,9,41,-1,-1,0
40061582,24,35,-1,-1,0
40057075,17,55,-1,-1,4
40064467,56,12,-1,-1,1
40058094,13,21,-1,-1,5
40060451,16,31,-1,-1,6
40060971,7,40,-1,-1,5
40061184,22,53,-1,-1,0
40064588,11,20,-1,-1,7
40061606,20,54,-1,-1,0
40055506,48,49,-1,-1,0
40063073,52,36,-1,-1,1
40063726,19,39,-1,-1,7
40058756,21,10,-1,-1,3
40058929,50,8,-1,-1,1
40062468,20,11,-1,-1,6
40061204,13,19,-1,-1,1
40064220,49,9,-1,-1,3
40063301,1,34,-1,-1,4
40065370,46,35,-1,-1,3
40058547,58,24,-1,-1,5
40064830,38,46,-1,-1,7
40061665,1,4,-1,-1,5
40063962,56,13,-1,-1,2
40065147,28,57,-1,-1,4
40058899,10,35,-1,-1,5
40065027,21,9,-1,-1,4
40060490,53,40,-1,-1,7
40059605,16,38,-1,-1,2
40061024,28,50,-1,-1,2
40063780,46,51,-1,-1,6
40064132,34,37,-1,-1,7
40065224,4,23,-1,-1,1
40064791,32,44,-1,-1,4
40061211,9,14,-1,-1,6
40058266,14,21,-1,-1,3
40058393,48,58,-1,-1,2
40060008,11,17,-1,-1,1
40057031,22,5,-1,-1,0
40065129,27,18,-1,-1,6
40064460,36,33,-1,-1,4
40046522,56,57,-1,-1,4
40058444,47,23,-1,-1,2
40065194,31,28,-1,-1,3
40065127,3,29,-1,-1,2
40064497,40,35,-1,-1,3
40063946,13,16,-1,-1,7
40060439,34,56,-1,-1,1
40054879,16,48,-1,-1,3
40065050,53,57,-1,-1,4
40064719,38,8,-1,-1,3
40064174,1,8,-1,-1,3
40065183,27,42,-1,-1,1
40059473,11,52,-1,-1,5
40061189,19,53,-1,-1,3
40063514,49,11,-1,-1,0
40059281,1,49,-1,-1,7
40062277,40,8,-1,-1,7
40062390,16,5,-1,-1,7
40061390,5,42,-1,-1,1
40063334,28,34,-1,-1,1
40064746,18,31,-1,-1,1
40062294,36,39,-1,-1,5
40064766,57,50,-1,-1,3
40064603,30,47,-1,-1,7
40065248,17,32,-1,-1,4
40055384,13,13,-1,-1,7
40062108,36,14,-1,-1,6
40065424,36,18,-1,-1,5
40057389,46,18,-1,-1,0
40064051,50,53,-1,-1,6
40052529,9,10,-1,-1,0
40064054,43,53,-1,-1,4
40052566,4,39,-1,-1,2
40055812,22,11,-1,-1,0
40063905,16,35,-1,-1,0
40062933,35,49,-1,-1,1
40058154,58,0,-1,-1,4
40060042,39,4,-1,-1,5
40062920,35,9,-1,-1,5
40059942,46,28,-1,-1,5
40063706,51,39,-1,-1,2
40058576,57,39,-1,-1,3
40061412,48,39,-1,-1,4
40055107,53,8,-1,-1,6
40064161,13,26,-1,-1,3
40064810,57,25,-1,-1,7
40064782,37,33,-1,-1,1
40063778,51,21,-1,-1,7
40064334,46,27,-1,-1,6
40061537,48,23,-1,-1,4
40063537,23,47,-1,-1,3
40065279,41,43,-1,-1,1
40057536,52,57,-1,-1,2
40063735,37,13,-1,-1,1
40065397,38,43,-1,-1,0
40062841,24,26,-1,-1,2
40064524,46,56,-1,-1,3
40064633,41,30,-1,-1,5
40061685,51,0,-1,-1,5
40061146,47,51,-1,-1,1
40064656,39,56,-1,-1,7
40064365,9,44,-1,-1,1
40065207,20,23,-1,-1,6
40058517,58,11,-1,-1,7
40058187,41,49,-1,-1,1
40063345,35,56,-1,-1,0
40064906,39,28,-1,-1,1
40063341,0,26,-1,-1,2
40064389,29,49,-1,-1,5
40049159,31,55,-1,-1,6
40053491,11,24,-1,-1,2
40062746,55,36,-1,-1,4
40061950,17,49,-1,-1,2
40062397,54,11,-1,-1,4
40062071,36,13,-1,-1,5
40064681,41,57,-1,-1,0
40063257,54,56,-1,-1,4
40060895,9,26,-1,-1,1
40064185,55,55,-1,-1,0
40064083,35,19,-1,-1,1
40063447,56,17,-1,-1,0
40047771,7,34,-1,-1,2
40043507,39,0,-1,-1,3
40057298,3,51,-1,-1,1
40065374,26,27,-1,-1,4
40037666,21,0,-1,-1,2
40061384,23,58,-1,-1,6
40054576,10,27,-1,-1,3
40060412,11,40,-1,-1,5
40063718,47,22,-1,-1,7
40051623,15,9,-1,-1,4
40062138,40,4,-1,-1,0
40063688,23,46,-1,-1,1
40064981,39,22,-1,-1,6
40051550,14,39,-1,-1,2
40053237,1,35,-1,-1,2
40060518,52,48,-1,-1,1
40064446,36,21,-1,-1,6
40061681,42,56,-1,-1,6
40063857,50,40,-1,-1,7
40062919,46,19,-1,-1,3
40064434,31,19,-1,-1,2
40061185,27,12,-1,-1,2
40057186,15,42,-1,-1,1
40064104,30,13,-1,-1,0
40063937,39,11,-1,-1,6
40060230,10,46,-1,-1,5
40050818,0,47,-1,-1,1
40055024,43,10,-1,-1,2
40048639,2,50,-1,-1,5
40064447,25,23,-1,-1,2
40065317,40,32,-1,-1,6
40062462,1,27,-1,-1,2
40063082,12,54,-1,-1,0
40064985,42,24,-1,-1,5
40061012,56,51,-1,-1,5
40057420,6,31,-1,-1,0
40062185,1,1,-1,-1,6
40060846,8,51,-1,-1,0
40063327,39,13,-1,-1,6
40058490,9,2,-1,-1,5
40059806,47,42,-1,-1,2
40065321,53,56,-1,-1,6
40064410,17,18,-1,-1,4
40039654,7,31,-1,-1,6
40062045,12,50,-1,-1,1
40064808,26,42,-1,-1,4
40056397,17,44,-1,-1,6
40061693,32,49,-1,-1,4
40063562,53,48,-1,-1,2
40061655,8,9,-1,-1,2
40064751,57,4,-1,-1,1
40062426,34,21,-1,-1,5
40065408,40,27,-1,-1,4
40063760,28,38,-1,-1,1
40061321,26,45,-1,-1,1
40065045,37,19,-1,-1,2
40060359,32,21,-1,-1,5
40065333,25,28,-1,-1,0
40063908,23,35,-1,-1,0
40065066,22,31,-1,-1,6
40061463,16,44,-1,-1,7
40055267,3,32,-1,-1,6
40063590,12,16,-1,-1,5
40054027,33,53,-1,-1,7
40065378,27,19,-1,-1,4
40060795,51,38,-1,-1,0
40063744,40,46,-1,-1,5
40059529,34,3,-1,-1,2
40061742,9,16,-1,-1,0
40037260,58,58,-1,-1,7
40065377,1,33,-1,-1,3
40054032,45,7,-1,-1,1
40058978,10,37,-1,-1,0
40057397,29,58,-1,-1,1
40057171,1,25,-1,-1,7
40064917,24,36,-1,-1,3
40064714,30,42,-1,-1,4
40058519,48,14,-1,-1,2
40058677,13,33,-1,-1,6
40064848,32,8,-1,-1,6
40063432,15,51,-1,-1,1
40063490,9,24,-1,-1,0
40054149,2,56,-1,-1,6
40065044,5,37,-1,-1,1
40063550,26,31,-1,-1,4
40057240,6,33,-1,-1,0
40064010,15,28,-1,-1,4
40062913,37,58,-1,-1,2
40065176,6,36,-1,-1,3
40063366,23,27,-1,-1,1
40057079,13,57,-1,-1,4
40065326,44,47,-1,-1,7
40053078,22,35,-1,-1,6
40059660,36,6,-1,-1,1
40061395,36,3,-1,-1,7
40064276,53,54,-1,-1,6
40063871,54,47,-1,-1,6
40061486,21,54,-1,-1,4
40060669,41,36,-1,-1,5
40064021,27,27,-1,-1,0
40063912,55,32,-1,-1,1
40064850,34,12,-1,-1,5
40056389,23,48,-1,-1,0
40061639,25,13,-1,-1,2
40063899,41,31,-1,-1,6
40063197,14,44,-1,-1,6
40064750,43,27,-1,-1,4
40060140,12,41,-1,-1,6
40064594,17,17,-1,-1,3
40064669,5,55,-1,-1,1
40064596,21,35,-1,-1,5
40050125,10,32,-1,-1,0
40063830,4,56,-1,-1,5
40059584,16,36,-1,-1,2
40063362,32,36,-1,-1,2
40062809,5,46,-1,-1,4
40065038,9,35,-1,-1,2
40056342,42,50,-1,-1,7
40065120,57,49,-1,-1,1
40061544,23,44,-1,-1,5
40052382,30,58,-1,-1,0
40064289,11,10,-1,-1,2
40062794,25,57,-1,-1,3
40064939,37,42,-1,-1,5
40060029,52,54,-1,-1,1
40061831,55,0,-1,-1,3
40064959,35,40,-1,-1,4
40063382,8,19,-1,-1,2
40063523,45,8,-1,-1,2
40065137,45,26,-1,-1,4
40058834,23,51,-1,-1,0
40064806,27,4,-1,-1,7
40060227,0,50,-1,-1,2
40061710,42,45,-1,-1,1
40063788,51,26,-1,-1,6
40062845,31,4,-1,-1,2
40061374,6,4,-1,-1,0
40052970,0,4,-1,-1,4
40059988,45,17,-1,-1,2
40055826,27,5,-1,-1,4
40062538,36,17,-1,-1,1
40061779,2,22,-1,-1,3
40063104,31,6,-1,-1,4
40057412,15,4,-1,-1,1
40064114,54,33,-1,-1,7
40061192,53,27,-1,-1,5
40065341,44,38,-1,-1,4
40062161,4,7,-1,-1,1
40065218,41,10,-1,-1,1
40061734,53,38,-1,-1,7
40062821,55,49,-1,-1,3
40060130,11,28,-1,-1,1
40062529,45,30,-1,-1,3
40063828,39,14,-1,-1,2
40059552,24,58,-1,-1,2
40063373,52,24,-1,-1,5
40063860,16,58,-1,-1,2
40065286,26,41,-1,-1,3
40062563,43,26,-1,-1,0
40060603,15,8,-1,-1,1
40062632,46,40,-1,-1,7
40062220,3,25,-1,-1,4
40059954,50,38,-1,-1,7
40054813,54,18,-1,-1,2
40064512,43,36,-1,-1,6
40053720,53,15,-1,-1,1
40053630,3,45,-1,-1,7
40064612,5,28,-1,-1,2
40065217,14,12,-1,-1,3
40058674,39,47,-1,-1,4
40055245,1,7,-1,-1,5
40062457,44,51,-1,-1,7
40062767,54,50,-1,-1,7
40060250,57,28,-1,-1,4
40062859,36,37,-1,-1,1
40064233,35,16,-1,-1,4
40060772,30,17,-1,-1,0
40061109,2,30,-1,-1,3
40055885,19,24,-1,-1,3
40065211,3,20,-1,-1,1
40064301,52,8,-1,-1,6
40064277,39,36,-1,-1,1
40063234,57,16,-1,-1,0
40065322,30,26,-1,-1,3
40064158,41,34,-1,-1,6
40047309,51,42,-1,-1,7
40061357,18,3,-1,-1,7
40060551,25,3,-1,-1,3
40056866,44,35,-1,-1,5
40060000,16,43,-1,-1,4
40060547,25,4,-1,-1,4
40064655,27,22,-1,-1,1
40064035,38,9,-1,-1,1
40056847,2,6,-1,-1,3
40055828,16,42,-1,-1,1
40056126,16,7,-1,-1,6
40058168,5,23,-1,-1,5
40058357,5,22,-1,-1,6
40064991,31,24,-1,-1,7
40054620,55,46,-1,-1,2
40049339,35,13,-1,-1,3
40065226,20,35,-1,-1,5
40054805,27,57,-1,-1,4
40062100,31,0,-1,-1,4
40048116,7,25,-1,-1,5
40063086,8,18,-1,-1,1
40062399,50,28,-1,-1,5
40062217,37,10,-1,-1,1
40061267,28,42,-1,-1,6
40063448,18,16,-1,-1,5
40064728,35,29,-1,-1,1
40059141,11,31,-1,-1,3
40055652,18,13,-1,-1,1
40063622,17,13,-1,-1,4
40036490,1,52,-1,-1,4
40063972,54,41,-1,-1,5
40064963,5,8,-1,-1,1
40060993,12,49,-1,-1,3
40065306,53,31,-1,-1,5
40064130,24,38,-1,-1,6
40062004,26,39,-1,-1,5
40065155,34,22,-1,-1,2
40063074,13,30,-1,-1,1
40062898,8,7,-1,-1,6
40064664,47,52,-1,-1,3
40060472,33,20,-1,-1,0
40029582,12,52,-1,-1,6
40051105,20,18,-1,-1,5
40065355,46,20,-1,-1,0
40058463,48,53,-1,-1,6
40062991,51,6,-1,-1,6
40064551,34,19,-1,-1,7
40065356,47,34,-1,-1,1
40064538,36,26,-1,-1,1
40063453,14,41,-1,-1,7
40059379,24,54,-1,-1,0
40064351,49,31,-1,-1,1
40064980,2,48,-1,-1,1
40063251,49,29,-1,-1,2
40061896,6,58,-1,-1,0
40063397,23,36,-1,-1,1
40062582,17,30,-1,-1,5
40061662,57,58,-1,-1,7
40065343,17,14,-1,-1,7
40063900,27,32,-1,-1,3
40063885,18,1,-1,-1,7
40061419,47,27,-1,-1,7
40053706,57,46,-1,-1,1
40051962,55,42,-1,-1,2
40064404,34,36,-1,-1,5
40054586,1,51,-1,-1,5
40057963,37,53,-1,-1,6
40063814,10,23,-1,-1,4
40060022,34,44,-1,-1,1
40061648,2,45,-1,-1,1
40063949,44,9,-1,-1,2
40060862,17,53,-1,-1,3
40063339,58,17,-1,-1,6
40064221,22,55,-1,-1,4
40062903,21,14,-1,-1,3
40064472,27,26,-1,-1,2
40045908,46,46,-1,-1,2
40054675,2,53,-1,-1,5
40053936,43,1,-1,-1,7
40058793,16,47,-1,-1,4
40061666,42,12,-1,-1,5
40065112,37,39,-1,-1,7
40064993,33,34,-1,-1,6
40062642,9,5,-1,-1,7
40061920,46,41,-1,-1,6
40063473,49,50,-1,-1,3
40060704,3,35,-1,-1,7
40050831,7,35,-1,-1,0
40061925,7,29,-1,-1,7
40065295,58,57,-1,-1,4
40062943,18,48,-1,-1,2
40062513,58,53,-1,-1,4
40061134,0,53,-1,-1,4
40063261,29,5,-1,-1,6
40054822,30,4,-1,-1,0
40064990,51,36,-1,-1,4
40060582,37,7,-1,-1,0
40063720,41,28,-1,-1,1
40062040,16,18,-1,-1,5
40051404,3,42,-1,-1,1
40053047,46,1,-1,-1,2
40063177,53,36,-1,-1,4
40064399,56,20,-1,-1,5
40059583,14,53,-1,-1,0
40063630,20,19,-1,-1,3
40056747,13,8,-1,-1,6
40064732,18,42,-1,-1,2
40064118,42,19,-1,-1,0
40060656,53,21,-1,-1,2
40061265,47,13,-1,-1,6
40064957,47,12,-1,-1,0
40064541,37,51,-1,-1,6
40054945,50,10,-1,-1,1
40059703,0,2,-1,-1,2
40063440,20,16,-1,-1,1
40052701,51,10,-1,-1,3
40065092,38,31,-1,-1,0
40063158,42,26,-1,-1,6
40045200,0,20,-1,-1,2
40062855,3,40,-1,-1,0
40061095,23,23,-1,-1,5
40062249,7,18,-1,-1,6
40062309,41,45,-1,-1,7
40061675,17,52,-1,-1,3
40064514,3,1,-1,-1,5
40061182,38,49,-1,-1,2
40061220,52,26,-1,-1,6
40057459,23,17,-1,-1,6
40064730,21,18,-1,-1,4
40060403,42,0,-1,-1,5
40044481,8,36,-1,-1,4
40058843,36,53,-1,-1,3
40064540,44,40,-1,-1,0
40065136,29,34,-1,-1,4
40062323,26,1,-1,-1,7
40064279,21,13,-1,-1,7
40059300,33,15,-1,-1,5
40064084,51,24,-1,-1,5
40061422,10,18,-1,-1,5
40064583,21,24,-1,-1,3
40061223,48,25,-1,-1,6
40065404,26,9,-1,-1,0
40054347,57,21,-1,-1,7
40051356,9,29,-1,-1,1
40061444,12,26,-1,-1,2
40064804,43,49,-1,-1,7
40062271,34,41,-1,-1,1
40060836,45,53,-1,-1,6
40059167,23,33,-1,-1,2
40062392,20,41,-1,-1,1
40061740,48,47,-1,-1,2
40064617,54,38,-1,-1,0
40064727,28,16,-1,-1,5
40059370,4,20,-1,-1,5
40065349,29,9,-1,-1,1
40064079,3,53,-1,-1,1
40057249,22,52,-1,-1,4
40056879,56,30,-1,-1,0
40062753,35,1,-1,-1,0
40062376,16,3,-1,-1,6
40059539,26,23,-1,-1,7
40054734,2,11,-1,-1,2
40063792,32,53,-1,-1,3
40064979,8,40,-1,-1,3
40063267,58,4,-1,-1,6
40062718,23,8,-1,-1,1
40056830,45,19,-1,-1,1
40056993,45,51,-1,-1,5
40064563,22,34,-1,-1,5
40058871,16,56,-1,-1,7
40060545,28,22,-1,-1,4
40048900,20,58,-1,-1,7
40059986,23,38,-1,-1,7
40062915,14,5,-1,-1,6
40058520,31,49,-1,-1,2
40063350,45,39,-1,-1,1
40063201,43,42,-1,-1,2
40060627,55,54,-1,-1,4
40064871,40,52,-1,-1,6
40061786,35,18,-1,-1,6
40049357,13,4,-1,-1,3
40061941,7,2,-1,-1,0
40064765,11,8,-1,-1,7
40064339,49,22,-1,-1,1
40065296,43,24,-1,-1,4
40063742,2,37,-1,-1,5
40064329,8,27,-1,-1,1
40060948,46,36,-1,-1,4
40052155,8,10,-1,-1,0
40058569,58,43,-1,-1,6
40060498,36,45,-1,-1,7
40056201,14,29,-1,-1,6
40057226,3,43,-1,-1,6
40060182,52,19,-1,-1,4
40061747,45,32,-1,-1,3
40058718,42,47,-1,-1,4
40063829,24,22,-1,-1,5
40064665,15,39,-1,-1,3
40064481,31,20,-1,-1,7
40064880,18,47,-1,-1,1
40062665,42,44,-1,-1,0
40059273,38,36,-1,-1,0
40064411,52,38,-1,-1,0
40065360,15,31,-1,-1,3
40063480,27,55,-1,-1,7
40064310,1,19,-1,-1,5
40063319,13,56,-1,-1,7
40059872,58,28,-1,-1,6
40057848,0,32,-1,-1,0
40059491,11,13,-1,-1,1
40059036,17,43,-1,-1,7
40064150,45,15,-1,-1,3
40033113,55,6,-1,-1,0
40061418,47,11,-1,-1,3
40063694,25,55,-1,-1,2
40064708,47,28,-1,-1,6
40064473,38,47,-1,-1,6
40064500,0,12,-1,-1,0
40063729,25,44,-1,-1,0
40061827,55,25,-1,-1,7
40064359,34,17,-1,-1,4
40061339,24,18,-1,-1,0
40064312,55,27,-1,-1,3
40062338,2,19,-1,-1,5
40059097,1,48,-1,-1,1
40064852,33,41,-1,-1,3
40061938,53,25,-1,-1,2
40065080,35,31,-1,-1,7
40064581,56,46,-1,-1,3
40064938,54,7,-1,-1,5
40055740,0,0,-1,-1,3
40056731,14,48,-1,-1,5
40061812,25,34,-1,-1,3
40064876,52,33,-1,-1,1
40064092,20,39,-1,-1,4
40056843,1,32,-1,-1,1
40055496,9,32,-1,-1,1
40062466,37,25,-1,-1,3
40063516,25,26,-1,-1,4
40061091,58,14,-1,-1,6
40061099,13,9,-1,-1,0
40064941,57,27,-1,-1,6
40065447,52,45,-1,-1,5
