0 0 0 0 1 1 1 0 1 1 1 1 1 1 1 1 1 1 1 1 0 0 0 0 0 1 0 0 0 0 2 0 2 0 0 0 6 6 0 0 2 2 2 2 0 0 6 6 6 0 0 0 0 0 0 0 0 0 0 
1 1 1 1 0 1 1 1 1 1 1 1 1 1 1 1 1 1 1 1 1 1 1 1 0 1 0 0 0 2 0 2 2 2 0 0 0 2 0 0 6 2 0 2 0 6 0 6 0 0 0 0 0 4 0 0 0 0 0 
1 1 0 0 0 0 1 1 0 1 1 0 1 1 1 0 0 1 1 1 1 1 1 1 1 0 0 0 0 0 0 2 2 0 0 6 2 0 0 2 6 2 2 0 6 6 6 6 6 0 6 0 4 4 6 0 6 6 0 
1 0 1 0 0 0 1 1 1 1 0 1 0 1 1 1 1 1 1 1 1 1 1 1 1 1 1 2 2 2 0 2 2 2 2 6 6 2 2 2 0 2 2 4 6 6 6 6 6 6 4 4 4 6 0 0 6 0 0 
1 1 1 1 1 0 1 1 1 1 1 1 1 0 1 1 0 1 1 1 1 1 1 1 1 1 2 2 17 2 2 0 6 0 0 6 0 2 2 6 6 6 2 4 4 0 6 6 4 6 4 4 4 4 0 6 0 0 6 
1 1 0 1 1 1 0 1 1 1 0 1 0 3 1 0 1 3 1 0 1 1 1 1 1 17 0 17 0 0 17 2 3 6 0 0 2 2 6 6 6 6 0 4 4 6 0 0 4 4 4 4 4 6 0 0 6 6 4 
9 9 9 1 1 1 0 0 1 1 0 32 1 1 1 1 1 0 3 1 1 1 1 1 0 1 1 1 1 3 17 3 2 0 0 0 2 0 2 6 6 6 0 6 0 6 6 4 4 4 4 4 4 4 6 6 6 4 4 
9 9 1 0 0 1 1 1 1 1 1 1 0 1 0 1 1 3 3 1 1 1 3 0 1 1 1 3 1 1 3 3 3 6 6 0 0 2 6 6 0 0 6 6 0 0 0 4 4 4 4 4 4 4 0 6 4 4 4 
0 1 1 1 1 0 1 1 1 0 0 1 1 1 1 1 0 1 3 1 1 1 0 3 1 1 1 3 1 3 3 3 6 6 2 2 2 2 6 6 6 6 0 6 6 6 6 4 4 4 0 4 4 4 6 6 4 4 4 
17 17 1 1 1 1 1 1 1 1 32 1 1 1 1 1 1 1 1 1 1 1 0 3 1 1 3 3 2 1 3 3 3 3 3 3 3 6 4 4 6 6 6 6 6 6 4 0 4 4 4 4 2 6 6 0 4 4 4 
0 1 17 1 1 0 1 1 1 1 1 1 1 1 1 1 1 1 1 1 1 0 3 0 0 17 3 17 17 1 0 3 3 6 6 3 6 0 6 6 6 6 6 4 4 6 2 0 4 4 4 4 0 6 4 4 4 4 4 
1 1 0 17 1 1 1 1 1 1 1 1 1 1 1 1 1 1 1 1 3 3 3 3 0 17 3 3 2 3 3 0 6 6 6 6 6 6 6 6 24 6 6 6 6 4 0 0 4 4 4 4 6 0 4 4 4 4 4 
1 9 0 1 0 1 1 1 1 0 0 0 1 9 1 0 1 0 1 1 3 3 3 0 17 17 17 3 3 3 3 3 34 3 3 0 6 0 6 6 6 0 2 0 4 6 4 4 4 4 4 4 0 4 4 4 4 4 4 
0 0 1 0 1 1 1 1 1 1 1 1 9 1 1 0 1 1 19 3 1 19 3 0 0 17 17 3 3 3 3 3 34 3 3 3 6 6 6 6 6 6 4 6 4 6 0 0 4 4 4 4 4 0 4 0 0 4 4 
1 1 0 1 1 1 1 1 1 0 1 0 9 0 0 1 1 1 1 19 19 19 19 3 17 19 0 1 3 2 3 3 3 3 0 6 34 6 6 6 6 6 4 4 4 4 4 4 4 4 4 4 4 4 4 4 4 4 2 
1 1 1 9 1 1 9 9 1 1 1 1 1 9 1 9 1 1 19 19 19 19 34 19 18 1 19 19 3 2 3 3 3 34 32 0 34 34 32 6 0 6 6 4 4 4 4 0 4 0 4 0 4 4 4 4 4 4 2 
1 1 1 9 9 9 8 9 9 0 1 9 3 0 24 1 1 1 19 19 19 0 11 18 19 1 1 19 19 19 3 3 32 32 34 34 34 34 34 6 4 4 4 6 0 4 0 4 4 4 2 4 4 4 4 4 4 4 2 
9 9 9 9 40 1 9 0 9 9 0 9 3 9 24 1 1 1 1 0 17 19 18 11 1 1 3 0 19 3 3 3 32 34 0 34 34 34 4 0 6 4 4 0 4 2 4 4 4 4 2 4 4 0 0 4 0 4 2 
0 9 0 9 9 9 9 9 0 0 9 3 3 9 24 3 3 1 24 19 19 19 1 1 1 0 19 48 19 2 2 48 34 34 34 34 0 34 4 4 4 4 4 4 4 4 4 4 4 4 0 0 4 4 4 4 4 4 0 
9 9 9 9 9 8 9 0 9 9 9 3 24 24 0 24 0 24 24 19 0 1 1 1 1 19 0 48 48 16 2 34 34 2 32 34 34 34 34 4 4 0 0 4 4 4 4 4 4 0 0 4 4 0 4 4 0 0 4 
9 40 40 9 9 9 9 0 0 3 9 3 24 0 24 24 0 24 19 24 1 24 0 1 19 19 48 48 16 0 2 34 34 34 32 34 34 34 34 34 34 4 0 4 4 0 0 4 4 4 2 4 0 4 4 4 4 0 0 
40 40 0 9 40 8 9 9 9 0 24 24 24 24 0 0 24 24 24 0 24 1 0 19 19 19 19 48 0 48 34 48 48 48 34 34 32 32 4 4 4 4 4 4 4 4 0 4 4 4 0 4 0 4 4 2 4 0 4 
40 16 0 40 40 8 9 9 8 9 24 24 24 0 24 0 24 24 24 0 24 0 0 0 0 48 48 48 48 34 48 48 34 34 34 34 4 4 4 4 0 4 4 4 0 4 0 4 4 2 4 4 4 4 4 4 2 4 0 
40 40 40 40 40 9 9 40 40 40 40 24 24 24 24 40 24 24 24 24 24 24 24 0 0 0 0 24 48 48 48 48 34 34 34 34 34 0 4 0 4 4 4 0 4 4 4 4 4 4 4 4 4 4 4 0 4 0 4 
40 40 0 40 40 40 9 40 40 2 40 24 0 24 24 24 24 24 24 24 0 24 24 24 24 0 24 48 48 34 0 48 0 34 34 34 0 0 32 4 4 4 4 4 4 4 4 4 0 4 4 4 4 0 4 4 0 0 4 
0 0 0 40 40 40 40 40 40 40 40 40 9 40 0 0 16 24 24 24 24 24 24 32 48 48 48 48 48 48 0 48 48 34 0 34 34 48 48 4 4 4 4 4 4 34 0 4 4 4 0 4 4 4 4 4 4 4 4 
0 40 40 40 40 40 0 34 40 40 40 9 9 40 40 40 16 24 24 24 24 24 24 24 24 48 0 48 16 48 0 48 48 0 34 34 34 48 0 4 48 4 4 4 34 0 0 4 0 4 0 4 4 0 4 4 4 4 4 
40 0 0 0 0 40 8 40 2 40 40 40 40 9 40 40 40 0 40 40 24 24 24 24 48 24 48 16 48 48 48 48 48 48 0 0 34 34 32 4 4 48 4 4 4 4 0 4 4 0 4 0 4 4 4 0 4 4 4 
32 40 40 0 8 40 40 40 40 40 40 40 40 8 8 40 40 24 40 40 24 24 24 24 24 0 48 24 48 48 48 48 48 0 0 48 48 0 66 32 4 4 4 0 4 64 4 6 6 0 0 4 4 0 4 4 0 4 4 
40 32 40 8 40 8 8 40 40 40 40 40 40 40 48 40 48 24 24 40 0 24 40 24 24 24 24 24 24 48 0 48 0 48 48 48 0 66 32 48 0 4 0 64 64 4 64 64 6 6 4 64 4 8 4 4 0 0 0 
32 42 40 40 0 40 40 40 40 40 40 40 0 48 40 48 0 40 24 40 24 24 24 24 24 0 24 24 24 24 48 48 48 0 48 34 34 34 0 48 64 4 0 64 4 64 64 4 0 4 0 0 64 0 64 64 0 0 0 
0 32 32 40 40 40 40 40 40 40 40 40 40 40 48 40 40 40 40 40 24 40 40 0 0 8 24 24 24 48 0 48 48 48 48 48 34 34 66 66 8 64 10 64 64 64 4 64 64 64 0 64 64 0 64 64 64 0 0 
32 0 40 40 40 40 40 40 40 40 48 0 40 0 40 40 0 40 40 40 40 24 24 24 0 0 24 24 34 24 0 34 48 48 48 0 0 34 66 66 8 64 66 64 4 4 64 8 64 64 64 64 64 64 64 64 64 64 64 
0 8 32 40 40 40 40 40 48 40 40 40 40 40 40 40 40 40 40 0 40 24 40 24 0 24 24 24 24 24 24 34 66 24 66 0 66 66 66 66 66 64 64 66 66 66 0 64 64 64 0 64 64 64 64 64 64 64 64 
8 8 32 40 40 40 48 40 48 0 40 40 40 40 0 40 40 40 40 0 40 40 40 40 24 24 0 66 24 24 24 66 24 34 34 0 66 66 66 0 66 66 64 64 64 64 0 0 64 64 64 0 64 64 64 64 64 64 64 
0 32 0 40 40 40 40 40 48 0 40 40 40 0 2 40 24 40 40 40 0 40 40 40 24 8 24 66 66 66 0 24 0 0 66 66 66 0 66 66 66 66 66 66 66 64 64 0 64 64 64 0 64 64 64 64 64 64 64 
0 0 40 40 40 40 40 40 40 0 40 40 40 40 40 40 0 24 40 40 40 40 0 40 40 8 8 24 24 24 0 24 24 0 0 64 66 2 0 66 0 66 66 66 66 66 0 66 10 64 64 64 64 64 64 0 64 64 64 
0 40 40 40 40 40 40 40 40 40 40 40 0 40 40 40 0 40 32 32 40 24 24 24 24 8 0 24 24 24 0 24 16 66 0 64 2 66 0 0 0 66 66 66 66 66 66 64 66 64 64 64 64 64 64 64 72 72 0 
0 40 40 40 0 0 48 40 40 40 40 32 32 40 40 40 0 40 40 40 24 40 24 24 24 24 24 0 24 24 24 34 24 66 64 64 2 0 64 64 64 64 66 66 0 66 64 64 64 64 64 64 64 64 64 64 72 72 64 
40 0 40 0 40 40 16 40 40 32 0 32 32 40 40 0 40 0 40 40 40 24 24 0 24 24 0 24 0 24 34 24 24 0 0 64 2 66 64 64 8 64 66 66 66 66 64 66 64 64 64 64 0 64 64 64 0 64 0 
40 0 0 0 40 40 0 32 0 40 40 40 34 40 40 40 40 40 0 40 40 24 24 24 24 24 24 24 24 34 24 2 24 24 66 0 0 66 64 8 64 66 66 66 66 66 64 64 64 64 0 64 64 64 64 64 0 64 64 
48 0 0 40 40 0 40 32 0 34 32 0 34 34 40 40 0 40 16 40 0 24 16 24 24 24 24 24 34 24 24 2 34 66 0 0 10 8 8 64 8 0 64 64 66 66 0 64 64 64 64 64 64 64 0 64 66 64 0 
0 0 0 40 40 40 32 48 40 32 0 40 0 34 16 40 0 0 40 16 0 16 24 24 24 24 24 24 34 24 24 24 0 2 2 66 66 66 66 66 64 66 64 0 66 64 0 0 64 64 64 66 66 64 0 64 64 0 0 
0 0 0 0 0 2 48 48 40 2 40 0 40 8 0 16 40 40 40 0 24 24 24 24 24 24 8 24 24 24 24 24 24 2 66 66 2 2 66 66 66 64 64 64 64 66 64 64 64 64 64 64 64 0 64 0 0 0 0 
0 0 0 0 2 0 48 48 2 0 16 40 40 16 18 16 18 0 0 0 16 24 24 0 24 24 24 0 24 16 0 24 24 24 2 2 66 2 64 66 66 66 64 64 64 64 64 64 64 64 64 64 64 64 64 0 0 0 0 
0 0 0 0 0 48 56 2 0 16 16 18 40 16 16 18 16 16 16 16 16 0 16 24 0 16 0 24 24 0 2 24 24 64 2 66 64 2 64 66 64 66 64 64 64 0 0 64 64 64 64 64 64 0 64 64 64 0 0 
0 0 0 0 0 0 16 2 2 16 0 18 16 16 16 16 16 16 16 16 16 16 18 2 24 16 0 16 24 2 2 2 2 2 64 0 64 2 64 64 0 66 64 0 64 64 64 64 64 0 0 64 0 64 64 64 0 0 0 
0 0 0 0 0 0 2 2 16 16 40 0 16 18 16 18 0 18 16 16 16 0 18 0 16 16 16 16 16 2 16 2 2 2 0 64 64 0 64 0 0 64 64 64 64 64 64 64 8 0 0 64 64 64 64 64 64 64 64 
40 40 0 2 2 2 0 16 16 32 16 0 16 18 18 18 18 16 0 0 16 0 0 0 16 16 16 16 16 16 16 2 2 2 0 64 64 64 0 0 64 64 64 64 64 64 64 64 0 64 64 64 64 64 64 0 0 64 64 
40 40 2 2 2 2 2 16 16 16 16 16 0 18 18 18 18 16 0 0 0 24 0 0 24 24 16 16 16 0 16 0 2 2 0 0 64 64 64 0 64 64 64 64 64 64 64 0 0 64 64 64 64 64 64 64 64 0 0 
40 40 0 0 2 2 0 0 16 0 16 32 0 18 18 18 18 18 0 18 16 24 16 0 24 0 16 16 0 16 16 0 16 0 16 64 8 64 64 64 0 64 64 64 64 64 64 64 64 10 64 64 64 64 64 64 64 64 64 
2 40 2 2 2 0 0 0 16 0 16 32 0 18 18 18 0 0 0 24 16 16 24 24 24 16 16 16 16 16 0 16 0 16 8 8 8 0 64 64 0 64 0 64 64 64 64 64 64 64 64 0 64 0 64 64 64 64 64 
2 2 0 0 40 40 0 16 0 16 24 24 0 0 0 0 0 0 24 24 24 24 16 24 16 0 16 16 16 16 16 0 16 0 0 24 24 8 64 64 64 64 64 64 64 64 64 64 64 0 0 64 64 0 64 64 64 64 64 
2 2 40 0 0 0 0 0 16 16 24 24 0 0 0 0 0 0 8 16 16 16 16 0 16 0 16 16 16 16 16 0 16 0 24 24 0 64 64 64 64 64 64 64 64 64 64 64 0 64 64 64 64 64 64 0 0 0 64 
2 40 40 40 40 24 0 0 24 16 16 24 0 0 0 0 0 0 8 0 8 0 0 16 16 0 16 0 24 16 0 16 0 0 0 0 8 8 64 64 64 0 64 64 64 0 64 64 64 64 64 64 64 0 64 0 64 64 0 
0 0 40 40 40 24 0 24 24 24 0 0 0 0 24 24 0 0 0 8 8 0 0 0 0 0 16 8 16 16 24 0 0 0 0 8 0 8 8 8 64 64 0 64 64 64 64 64 64 64 0 64 64 64 0 64 0 0 64 
0 0 0 40 0 24 24 24 24 24 24 24 0 0 24 0 16 0 0 0 0 0 0 0 0 16 8 8 16 0 0 24 0 0 8 8 8 0 8 8 24 0 64 64 64 0 64 64 64 0 64 64 64 64 64 0 64 64 0 
0 0 0 40 8 0 0 24 24 24 24 0 0 0 0 16 16 0 0 0 0 16 16 8 8 8 8 8 2 8 24 24 24 8 0 24 24 24 24 24 0 0 0 64 64 64 64 64 64 64 64 64 64 64 64 0 0 64 0 
0 40 40 40 0 0 0 0 0 24 24 0 0 0 0 0 0 16 0 16 16 16 8 8 8 8 8 8 8 24 24 24 24 8 24 24 24 24 24 24 0 0 0 8 64 64 64 64 64 64 64 64 0 64 0 0 0 64 64 
