0 0 0 0 0 0 0 0 0 0 0 0 0 0 0 0 0 0 0 0 0 0 0 0 0 0 0 0 0 0 0 0 0 0 0 0 0 0 0 4 4 4 4 4 0 0 0 4 4 0 0 0 0 0 0 0 0 0 0 
0 0 0 0 0 0 0 0 0 0 0 0 0 0 0 0 0 0 0 0 0 0 0 0 0 0 0 0 0 0 0 0 0 0 0 0 0 0 0 0 4 0 0 4 4 4 0 4 0 0 0 0 0 0 0 0 0 0 0 
0 0 0 0 0 0 0 0 0 0 0 0 0 0 0 0 0 0 0 0 0 0 0 0 0 0 0 0 0 0 0 0 0 0 0 0 0 0 0 0 4 4 4 0 0 4 4 4 0 0 0 0 0 0 0 0 0 0 0 
0 0 0 0 0 0 0 0 0 0 0 0 0 0 0 0 0 0 0 0 0 0 0 0 0 0 0 0 0 0 0 0 0 0 0 0 0 0 0 0 0 128 4 0 4 4 4 4 4 4 4 0 0 0 0 0 0 0 0 
0 0 0 0 0 0 0 0 0 0 0 0 0 0 0 0 0 0 0 0 0 0 0 0 0 0 0 0 0 0 0 0 0 0 0 128 128 0 0 0 0 0 0 0 0 4 4 4 4 4 4 0 4 0 0 0 0 0 0 
0 0 0 0 0 0 0 0 0 0 0 0 0 0 0 0 0 0 0 0 0 0 0 0 0 0 0 0 0 0 0 0 0 0 0 128 0 128 0 0 128 128 0 0 0 0 4 4 4 4 4 4 4 4 0 0 0 0 0 
0 0 0 0 0 0 0 0 0 0 0 0 0 0 0 0 0 0 0 0 0 0 0 0 0 0 0 0 0 0 0 0 0 0 128 128 0 0 128 128 0 0 0 0 4 4 4 4 4 4 4 0 0 4 0 0 0 0 0 
0 0 0 0 0 0 0 0 0 0 0 0 0 0 0 0 0 0 0 0 0 0 0 0 0 0 0 0 0 0 0 0 0 0 0 0 0 0 0 0 4 0 0 0 4 0 4 4 4 4 4 4 0 4 4 0 4 0 0 
0 0 0 0 0 0 0 0 0 0 0 0 0 0 0 0 0 0 0 0 0 0 0 0 0 0 0 0 0 0 0 0 0 0 0 0 0 0 4 0 4 4 0 0 4 4 4 4 4 4 4 4 4 0 0 4 4 0 0 
0 0 0 0 0 0 0 0 0 0 0 0 0 0 0 0 0 0 0 0 0 0 0 0 0 0 0 0 0 0 0 0 0 0 0 0 0 4 4 0 4 4 4 0 4 0 4 4 4 4 4 4 4 4 0 0 4 0 0 
0 0 0 0 0 0 0 0 0 0 0 0 0 0 0 0 0 0 0 0 0 0 0 0 0 0 0 0 0 0 0 0 0 0 0 0 4 4 4 4 0 4 4 4 4 4 4 0 0 4 4 4 4 0 0 4 8 8 0 
0 0 0 0 0 0 0 0 0 0 0 0 0 0 0 0 0 0 0 0 0 0 0 0 0 0 0 0 0 0 0 0 0 0 0 0 0 0 4 4 0 4 4 4 4 4 4 0 4 0 4 0 4 4 4 0 0 0 8 
0 0 0 0 0 0 0 0 0 0 0 0 0 0 0 0 0 8 8 0 0 0 0 0 0 0 0 0 0 0 32 0 32 0 0 0 0 0 0 4 0 4 4 4 4 4 4 4 0 4 0 0 0 0 0 0 0 0 8 
0 0 0 0 0 0 0 0 0 0 0 0 0 0 8 0 0 0 8 0 0 0 0 0 0 0 0 0 0 32 32 32 0 0 32 0 0 0 0 0 0 4 0 4 4 4 4 4 4 4 4 0 4 0 0 8 0 0 0 
0 0 0 0 0 0 0 0 0 0 8 0 0 0 8 8 0 8 8 0 0 0 0 32 0 0 0 0 0 32 0 32 32 32 0 32 0 0 0 0 0 4 4 4 0 4 4 4 0 4 0 4 4 4 0 8 0 0 0 
0 0 0 0 0 0 0 0 0 8 8 0 0 0 8 0 8 0 0 0 8 0 0 0 0 0 0 0 0 0 0 0 32 32 32 32 32 0 32 32 32 0 4 4 4 4 4 4 4 4 4 4 0 4 8 8 8 0 0 
0 0 0 0 0 0 0 8 8 0 0 0 0 0 0 8 0 8 8 0 0 8 0 0 0 0 0 0 0 0 32 0 0 0 0 32 32 32 32 32 32 4 4 4 4 4 4 4 8 0 4 4 8 8 8 8 8 8 0 
0 0 0 0 0 0 0 8 0 0 0 8 0 0 0 0 0 8 8 8 8 8 0 8 8 0 0 0 32 32 32 32 32 32 0 32 32 32 0 32 0 32 4 4 4 4 4 8 0 0 0 4 8 8 8 8 8 0 0 
0 0 0 0 0 0 0 8 8 8 8 0 0 0 0 8 0 0 8 0 8 8 8 8 0 0 0 32 32 32 32 32 32 0 32 32 32 32 32 32 32 32 4 4 8 8 4 8 0 8 8 8 8 8 8 8 0 8 0 
0 0 0 0 0 0 0 8 0 8 8 8 0 0 8 8 0 8 8 0 0 8 8 0 0 0 0 32 32 32 32 32 32 32 0 0 32 32 32 32 32 8 32 32 0 0 8 0 0 4 8 8 8 8 8 8 0 0 0 
0 0 0 0 8 0 8 0 8 8 0 8 8 8 8 0 8 0 0 32 0 8 8 8 0 0 32 32 32 32 0 32 32 32 32 32 32 32 0 32 32 32 8 32 0 0 0 0 4 0 8 8 8 8 8 0 0 0 0 
0 0 0 0 0 8 8 8 8 8 8 8 8 8 8 8 0 8 8 8 8 0 32 32 0 0 0 32 32 0 0 32 32 32 32 32 0 32 32 32 32 32 32 8 0 0 0 0 8 8 0 8 8 8 8 8 8 0 0 
0 0 0 0 0 8 8 8 8 0 8 0 8 8 8 8 8 8 8 32 32 8 32 32 0 32 32 32 32 32 32 32 32 0 32 32 32 32 32 32 32 32 8 0 8 8 8 0 8 8 8 8 8 8 8 8 0 8 0 
0 0 0 0 0 8 8 8 8 8 8 8 8 8 8 8 8 8 8 8 8 0 0 32 32 32 32 32 32 32 32 32 32 32 32 32 32 32 32 32 32 32 32 8 8 0 8 8 8 8 8 8 8 8 8 8 0 0 0 
0 0 0 0 0 0 8 0 8 8 8 8 8 8 8 8 32 32 8 8 8 32 0 32 32 32 32 32 32 32 32 32 32 32 32 32 32 32 32 32 32 8 32 8 0 8 8 8 8 8 8 8 8 8 0 8 0 0 0 
0 0 0 0 0 0 8 8 0 8 8 8 8 8 8 8 8 8 0 8 32 32 0 0 32 0 0 0 0 32 32 32 32 32 32 32 32 32 0 0 8 8 32 32 8 8 8 8 0 8 8 8 0 8 0 0 0 0 0 
0 0 0 0 8 8 0 64 8 8 8 8 8 8 8 0 0 0 32 0 32 32 32 32 0 32 64 32 0 32 32 32 32 0 32 32 0 32 32 8 8 8 8 8 8 8 0 8 0 8 8 8 8 0 8 8 0 0 0 
0 0 0 0 0 8 64 64 0 8 8 8 8 8 0 8 0 0 32 32 32 32 32 32 32 0 0 32 32 0 32 32 32 32 32 32 32 32 32 0 8 8 8 0 8 0 8 0 8 0 8 8 0 0 8 8 8 0 0 
0 8 0 0 0 0 0 8 8 0 8 8 8 8 0 8 8 8 0 0 32 32 32 32 0 32 32 32 32 32 32 32 32 32 32 32 32 32 8 8 32 0 0 8 8 8 8 8 8 0 0 0 8 8 8 8 0 0 0 
0 0 8 0 0 64 8 64 0 0 8 8 8 8 8 64 0 0 0 32 32 0 32 32 32 32 32 32 32 32 32 32 0 32 32 32 0 32 0 32 0 0 0 0 8 0 8 0 72 8 0 0 8 8 8 0 0 0 0 
8 64 64 8 64 0 0 0 0 64 64 8 8 64 8 32 64 64 0 0 32 32 32 32 32 32 0 0 32 32 32 0 32 32 32 32 0 8 8 0 0 0 0 0 8 8 0 72 8 72 0 0 0 0 0 0 0 0 0 
8 64 8 64 64 0 0 64 64 64 64 64 64 64 64 32 64 64 32 32 32 32 32 0 0 32 0 32 0 0 32 32 0 32 32 0 0 8 8 8 0 0 0 8 0 8 8 8 8 8 0 0 0 0 8 0 0 8 0 
0 64 64 64 64 64 0 0 0 64 64 192 192 192 192 32 32 32 32 32 0 32 32 32 32 32 32 32 32 0 32 32 32 0 32 0 0 0 0 72 0 72 8 8 0 72 72 8 8 8 0 0 0 0 0 0 8 0 8 
0 64 64 64 64 0 192 64 64 64 64 192 64 192 0 32 0 32 32 32 32 32 32 32 32 32 32 32 32 32 32 32 32 32 0 0 0 0 0 72 72 72 128 0 0 128 0 8 0 0 0 0 0 0 8 8 8 8 8 
0 64 64 64 192 192 192 64 64 64 192 192 192 64 0 32 32 32 32 0 32 32 32 32 32 32 32 32 32 32 32 32 0 0 32 0 0 0 0 0 72 72 72 8 8 8 0 0 0 0 0 0 0 0 0 8 0 8 8 
0 0 64 64 192 192 64 64 64 64 64 192 192 192 192 192 32 32 32 32 32 32 32 32 32 32 0 32 32 32 32 32 0 32 32 32 0 0 0 0 8 0 72 72 72 72 8 8 0 0 0 0 0 0 0 0 0 8 8 
0 0 64 64 64 192 0 192 192 64 64 32 32 32 192 192 32 0 32 32 32 32 32 32 32 32 32 0 32 32 32 32 0 0 0 0 0 0 0 8 72 72 72 0 8 72 8 128 0 0 128 0 0 0 0 8 8 8 8 
64 64 0 64 192 64 0 192 192 192 192 32 32 64 32 64 32 32 32 32 32 32 32 32 32 32 0 32 32 32 32 0 0 0 0 0 0 0 0 0 72 0 8 72 8 8 72 0 0 8 0 128 0 0 8 8 8 8 8 
64 64 64 192 64 192 192 64 64 192 64 64 32 64 64 64 64 64 32 32 0 32 32 32 32 32 32 32 0 32 0 32 0 0 0 0 0 8 0 0 0 72 72 0 0 128 0 128 8 8 0 0 128 0 8 8 8 8 0 
64 192 192 192 192 192 192 64 64 0 192 192 192 32 0 0 32 32 32 32 0 32 32 0 0 32 32 32 32 32 32 0 0 0 0 64 8 8 0 0 128 72 8 0 128 128 128 128 128 8 0 0 128 0 128 8 8 8 8 
64 128 192 192 192 0 192 192 192 192 64 192 192 64 128 32 64 32 32 32 32 32 0 32 32 32 32 0 32 0 0 0 0 0 0 64 0 8 8 0 0 8 128 0 0 128 128 128 128 0 8 128 128 128 128 0 8 8 8 
128 64 192 64 192 64 192 192 192 192 192 128 192 192 192 64 64 32 32 32 32 32 32 0 32 32 32 0 32 32 0 64 0 0 64 64 64 8 8 8 64 128 128 128 128 128 0 128 0 128 8 128 128 128 128 128 8 8 8 
64 64 192 0 64 0 128 192 64 192 192 0 192 192 192 0 64 4 32 32 32 32 32 32 32 32 0 64 0 32 0 64 64 0 64 64 0 0 64 64 0 128 0 128 128 128 0 128 0 128 128 8 128 128 128 128 128 8 0 
64 64 192 64 64 64 128 64 192 192 192 192 192 192 192 192 4 192 0 4 0 32 0 32 32 32 12 32 64 0 64 0 0 0 64 64 64 64 64 64 128 128 128 128 128 128 128 128 0 128 128 128 0 0 0 0 8 8 0 
64 192 64 64 64 128 128 192 128 192 0 0 64 192 192 192 192 64 128 4 4 4 4 32 32 32 32 4 4 0 0 64 0 0 0 0 0 64 0 64 128 128 128 128 128 128 128 128 0 0 128 0 128 0 128 0 8 8 8 
64 64 0 64 128 0 128 128 128 192 128 192 192 192 192 4 192 128 4 4 0 4 4 4 32 32 32 32 4 0 64 0 0 0 64 0 0 64 64 128 128 0 128 128 0 0 128 128 128 128 128 128 128 128 128 128 0 8 8 
0 0 64 64 128 128 192 192 192 192 192 192 192 192 192 192 0 128 4 0 4 4 4 4 32 32 4 4 4 0 0 64 64 64 0 64 64 64 0 64 128 0 128 128 128 128 128 0 0 128 128 128 128 128 128 128 0 8 0 
128 0 0 128 128 192 192 192 64 192 192 192 192 192 128 0 128 128 0 4 4 4 4 4 0 32 4 4 4 64 64 0 64 64 0 0 64 64 64 0 0 128 64 128 0 128 128 0 0 0 128 128 128 128 0 128 8 128 0 
0 0 128 0 128 192 192 64 192 128 192 192 0 128 0 0 128 128 0 4 4 4 4 4 4 4 4 64 64 0 64 64 64 64 0 64 0 0 0 64 128 0 128 128 128 128 128 128 128 0 0 128 128 128 128 0 128 128 0 
0 0 128 64 192 192 192 192 192 192 0 192 128 0 128 0 0 128 0 4 4 4 128 4 4 4 0 64 4 0 64 64 0 0 0 64 64 0 64 64 0 128 128 128 128 128 128 128 128 0 128 128 0 128 128 128 128 0 0 
64 64 64 192 192 192 192 192 64 192 128 128 192 128 128 0 128 128 64 0 0 4 4 128 4 4 4 64 4 4 4 64 0 0 64 64 64 64 64 64 0 128 128 128 128 128 128 128 128 128 128 128 128 128 0 0 128 128 0 
64 64 64 128 64 192 192 64 128 192 128 128 64 64 128 0 0 128 128 64 4 0 0 4 4 4 4 0 64 64 0 64 64 64 64 64 64 0 64 0 0 0 0 0 128 128 0 128 128 128 128 0 128 128 128 128 0 0 0 
64 64 8 64 192 64 192 64 128 192 128 128 0 0 128 128 128 128 128 128 4 0 4 4 4 4 4 4 4 0 64 64 64 64 64 64 64 0 64 0 0 0 128 128 128 128 128 8 0 128 128 128 128 128 128 128 128 0 0 
0 0 64 8 8 64 64 192 64 128 192 128 128 128 128 128 128 128 128 4 0 0 4 4 4 4 4 4 4 0 64 64 64 64 64 64 64 64 0 0 0 128 0 128 128 128 0 8 128 128 0 0 128 128 128 128 136 0 0 
0 0 0 8 64 64 128 128 192 192 192 128 128 128 128 128 128 128 128 4 0 0 0 4 4 4 0 4 0 0 0 64 64 64 64 64 64 64 64 0 0 0 0 128 128 0 128 128 128 128 0 128 0 64 0 0 0 136 0 
0 0 8 0 64 64 64 0 128 128 128 0 128 128 128 128 0 128 0 0 4 0 0 4 4 0 68 4 4 64 64 64 128 64 64 64 64 0 0 0 0 0 0 0 0 128 128 0 0 64 64 128 128 64 64 0 0 0 0 
0 64 64 8 0 0 64 64 192 0 0 0 128 128 128 0 0 128 0 0 0 0 0 0 4 4 4 4 0 0 128 128 128 128 0 64 64 0 0 0 0 0 0 0 0 0 0 128 128 128 64 64 128 128 128 0 0 0 0 
0 0 0 0 0 0 0 192 0 0 0 192 128 0 0 0 0 0 0 0 0 0 0 0 0 4 4 4 128 128 128 128 128 64 0 64 0 0 0 0 64 0 8 8 0 0 0 0 128 64 64 128 128 128 0 0 0 0 0 
0 0 0 0 64 0 0 0 0 0 192 192 0 128 0 0 0 0 0 0 0 128 128 0 0 4 4 4 128 128 128 128 0 0 64 0 0 0 64 64 0 64 8 8 0 8 8 64 64 128 128 0 0 128 128 0 0 0 0 
