93.3267 93.3267 93.3267 100 100 100 100 100 100 100 100 100 100 100 99.75 100 100 100 100 100 100 100 99.75 99.75 100 100 100 100 100 100 100 100 100 100 100 100 100 100 100 100 100 100 100 100 100 100 100 100 100 100 100 99.75 100 100 100 100 93.3267 93.3267 93.3267 
93.3267 93.3267 100 100 100 100 100 100 100 99.75 100 100 100 99.75 100 100 100 100 99.75 100 100 100 100 99.75 100 100 100 100 100 100 100 100 100 100 100 100 100 100 100 100 100 100 100 100 100 100 100 100 100 100 100 99.75 100 100 100 100 100 93.3267 93.3267 
93.3267 100 100 100 100 100 100 100 100 100 100 100 100 99.75 100 100 100 100 100 100 100 100 100 99.75 100 100 100 100 100 100 100 100 100 100 100 100 100 100 100 100 100 100 100 100 100 100 100 99.75 100 100 100 100 100 100 100 100 100 100 93.3267 
100 100 100 100 99.75 100 99.75 99.75 100 100 100 100 100 100 99.75 99.75 100 100 99.75 100 100 100 100 100 100 100 100 100 100 100 100 100 100 100 100 100 100 100 100 100 100 100 100 100 100 100 100 100 100 100 100 100 100 100 100 100 99.75 100 100 
100 100 100 100 100 99.75 99.75 100 100 100 100 100 100 100 100 100 99.75 100 100 100 100 99.75 100 100 100 100 100 100 100 100 100 100 100 100 100 100 100 100 100 100 100 100 100 100 100 100 100 100 100 99.75 100 100 100 100 99.75 99.75 100 100 100 
100 100 100 100 100 100 100 99.75 100 100 100 100 100 99.75 100 99.75 100 99.75 100 100 100 100 99.75 100 100 100 100 100 100 100 100 100 100 100 100 100 100 100 100 100 100 100 100 100 100 100 100 100 100 100 100 99.75 100 99.75 99.75 99.75 100 100 100 
100 100 99.75 99.75 99.75 100 100 99.75 100 99.75 99.75 100 100 100 99.75 99.75 100 100 100 99.75 100 100 100 100 100 100 100 100 100 100 100 100 100 100 100 100 100 100 100 100 100 100 100 100 100 100 100 100 100 100 100 100 100 100 100 100 100 100 100 
100 100 99.75 99.75 100 100 100 100 100 99.75 100 100 99.75 100 100 100 100 100 100 100 100 100 100 100 100 100 100 100 100 100 100 100 100 100 100 100 100 100 100 100 100 100 100 100 100 100 100 100 100 100 100 100 100 100 99.75 100 100 100 100 
99.75 99.75 100 100 100 100 100 100 100 100 100 100 100 100 100 99.75 100 100 100 100 100 100 100 100 100 100 100 100 100 100 100 100 100 100 100 100 100 100 100 100 100 100 100 100 100 100 100 100 100 100 100 100 100 100 100 100 100 100 99.75 
100 100 100 99.75 100 100 100 100 100 100 100 100 100 100 100 100 99.75 100 100 100 100 100 100 100 100 100 100 100 100 100 100 100 100 100 100 100 100 100 100 100 100 100 100 100 100 100 100 100 100 100 99.75 100 100 100 100 100 100 100 100 
100 100 100 100 100 99.75 100 100 100 100 100 100 100 100 100 100 100 100 100 100 100 100 100 100 100 100 100 100 100 100 100 100 100 100 100 100 100 100 100 100 100 100 100 100 100 100 100 100 100 100 100 100 100 100 100 100 100 100 100 
100 100 100 100 100 100 100 100 100 100 100 100 100 100 100 100 100 100 100 100 100 100 100 100 100 100 100 100 100 100 100 100 100 100 100 100 100 100 100 100 100 100 100 100 100 100 100 100 100 100 100 100 100 100 100 100 100 100 100 
100 100 100 100 100 100 100 100 100 100 100 100 100 100 100 100 100 100 100 100 100 100 100 100 100 100 100 100 100 100 100 100 100 100 100 100 100 100 100 100 100 100 100 100 100 100 100 100 100 100 100 100 100 100 100 100 100 100 100 
100 100 100 100 100 100 100 100 100 100 100 100 100 100 100 100 100 100 100 100 100 100 100 100 100 100 100 100 100 100 100 100 100 100 100 100 100 100 100 100 100 100 100 100 100 100 100 100 100 100 100 100 100 100 100 100 100 100 100 
100 100 100 100 100 100 100 100 100 100 100 100 100 100 100 100 100 100 100 100 100 100 100 100 100 100 100 100 100 100 100 100 100 100 100 100 100 100 100 100 100 100 100 100 100 100 100 100 100 100 100 100 100 100 100 100 100 100 100 
100 100 100 100 100 100 100 100 100 100 100 100 100 100 100 100 100 100 100 100 100 100 100 100 100 100 100 100 100 100 100 100 100 100 100 100 100 100 100 100 100 100 100 100 100 100 100 100 100 100 100 100 100 100 100 100 100 100 100 
100 100 100 100 100 100 100 100 100 100 100 100 100 100 100 100 100 100 100 100 100 100 100 100 100 100 100 100 100 100 100 100 100 100 100 100 100 100 100 100 100 100 100 100 100 100 100 100 100 100 100 100 100 100 100 100 100 100 100 
100 100 100 100 100 100 100 100 100 100 100 100 100 100 100 100 100 100 100 100 100 100 100 100 100 100 100 100 100 100 100 100 100 100 100 100 100 100 100 100 100 100 100 100 100 100 100 100 100 100 100 100 100 100 100 100 100 100 100 
100 100 100 100 100 100 100 100 100 100 100 100 100 100 100 100 100 100 100 100 100 100 100 100 100 100 100 100 100 100 100 100 100 100 100 100 100 100 100 100 100 100 100 100 100 100 100 100 100 100 100 100 100 99.75 100 100 100 100 100 
100 100 100 100 100 100 100 100 100 100 100 100 100 100 100 100 100 100 100 100 100 100 100 100 100 100 100 100 100 100 100 100 100 100 100 100 100 100 100 100 100 100 100 100 100 100 100 100 100 100 100 100 100 100 100 100 100 100 100 
100 100 100 100 100 100 100 100 100 100 100 100 100 100 100 100 100 100 100 100 100 100 100 100 100 100 100 100 100 100 100 100 100 100 100 100 100 100 100 100 100 100 100 100 100 100 100 100 100 100 100 100 100 100 100 100 100 100 100 
100 100 100 100 100 100 100 100 100 100 100 100 100 100 100 100 100 100 100 100 100 100 100 100 100 100 100 100 100 100 100 100 100 99.75 100 100 100 100 100 100 100 100 100 100 100 100 100 100 100 100 100 100 100 100 100 100 100 100 100 
100 100 100 100 100 100 100 100 100 100 100 100 100 100 100 100 100 100 100 100 100 100 100 100 100 100 100 100 100 100 100 100 100 100 100 100 100 100 100 100 100 100 100 100 100 100 100 100 100 100 100 100 100 100 100 100 100 100 100 
100 100 100 100 100 100 100 100 100 100 100 100 100 100 100 100 100 100 100 100 100 100 100 100 100 100 100 100 100 100 100 99.75 100 100 100 100 100 100 100 100 100 100 100 100 100 100 100 100 100 100 100 100 100 100 100 100 100 100 100 
100 100 100 100 100 100 100 100 100 100 100 100 100 100 100 100 100 99.75 100 100 100 100 100 100 100 100 100 100 100 100 100 100 100 100 100 100 100 100 100 100 100 100 100 100 100 100 100 100 100 100 100 100 100 100 100 100 100 100 100 
100 100 100 100 100 100 100 100 100 99.75 100 100 100 100 100 99.75 99.75 100 100 99.75 99.75 100 100 100 100 100 99.75 100 100 100 100 100 100 100 100 100 100 100 100 100 100 100 100 100 100 100 100 100 100 100 100 100 100 100 100 100 100 100 100 
100 100 100 100 100 100 100 99.75 100 99.75 100 100 100 99.75 99.75 100 99.75 100 100 100 99.75 100 100 99.75 100 100 100 100 100 100 100 100 100 100 100 100 100 100 100 100 100 100 100 100 100 100 100 100 100 100 100 100 100 100 100 100 100 100 100 
100 100 100 100 100 99.75 99.75 100 100 100 100 100 99.75 99.75 99.75 99.75 99.75 99.75 99.75 99.75 100 100 100 100 100 100 100 100 99.75 99.75 100 100 100 100 100 100 100 100 100 100 100 100 100 100 100 100 100 100 100 100 100 100 100 100 100 100 100 100 100 
100 100 100 100 100 100 100 100 99.75 100 100 100 100 99.75 100 100 99.75 100 99.75 100 100 100 99.75 100 100 100 100 100 99.75 99.75 99.75 99.75 100 100 100 100 100 100 100 100 100 100 100 100 100 100 100 100 100 100 100 100 100 100 100 100 100 100 100 
100 100 100 100 100 100 100 100 100 100 100 100 100 99.75 99.75 100 100 99.75 100 100 100 100 99.75 100 100 100 100 99.75 100 99.75 100 100 99.75 99.75 100 100 100 100 100 100 100 100 100 100 100 100 100 100 100 100 100 100 100 100 100 100 100 100 100 
100 100 100 100 100 100 100 100 100 99.75 99.75 100 100 100 100 100 100 99.75 100 100 100 100 100 100 100 100 100 99.75 100 99.75 100 100 100 99.75 99.75 100 100 100 100 100 100 100 100 100 100 100 100 100 100 100 100 100 100 100 100 100 100 100 100 
100 100 100 100 100 100 100 100 100 100 99.75 100 99.75 100 100 99.75 100 99.75 99.75 100 100 100 100 100 100 100 100 100 99.75 100 100 100 100 99.75 100 99.75 100 100 100 100 100 100 100 100 100 100 100 100 100 100 100 100 100 100 100 100 100 100 100 
100 100 100 100 100 100 100 100 100 100 99.75 99.75 100 100 100 100 99.5006 100 100 100 100 100 100 100 100 100 99.75 99.75 100 100 100 100 100 100 99.75 100 99.75 100 100 100 100 100 100 100 100 100 100 100 100 100 100 100 100 100 100 100 100 100 100 
100 100 100 100 100 100 100 100 100 100 100 100 100 100 100 100 100 99.75 100 100 100 99.75 100 100 100 100 100 100 100 100 100 100 99.75 100 100 100 99.75 100 100 100 100 100 100 100 100 100 100 100 100 100 100 100 100 100 100 100 100 100 100 
100 100 99.75 100 100 100 100 100 100 100 100 100 100 100 99.75 100 100 99.75 99.75 100 100 99.75 100 100 100 100 100 100 100 100 100 100 100 100 100 100 100 100 100 100 100 100 100 100 100 100 100 100 100 100 100 100 100 100 100 100 100 100 100 
100 100 99.5006 99.75 100 100 100 100 100 100 100 100 99.75 100 100 100 100 100 100 99.75 100 100 100 100 100 100 100 100 100 100 100 100 100 100 100 100 100 100 100 100 100 100 100 100 100 100 100 100 100 100 100 100 100 100 100 100 100 100 100 
100 100 100 100 100 100 100 100 100 100 100 100 100 100 100 100 100 100 100 100 100 99.75 100 100 100 100 100 100 100 100 100 100 100 100 100 100 100 100 100 100 100 100 100 100 100 100 100 100 100 100 100 100 100 100 100 100 100 100 100 
100 100 100 100 100 100 100 100 100 100 100 100 100 100 100 100 100 100 100 100 100 99.75 100 100 100 100 100 100 100 100 100 100 100 100 100 100 100 100 100 100 100 100 100 100 100 100 100 100 100 100 100 100 100 100 100 100 100 100 100 
100 100 99.75 100 100 100 99.75 100 100 100 100 100 100 100 100 100 100 100 100 100 100 100 100 100 100 99.75 100 100 99.75 100 100 100 100 100 100 100 100 100 100 100 100 100 100 100 100 100 100 100 100 100 100 100 100 100 100 100 100 100 100 
100 100 99.75 99.75 100 100 100 99.75 100 100 100 100 100 99.75 100 100 100 100 100 100 100 99.75 100 100 100 99.75 100 100 100 100 100 100 100 100 100 100 100 100 100 100 100 100 100 100 100 100 100 100 100 100 100 100 100 100 100 100 100 100 100 
100 100 100 99.75 100 100 99.75 99.75 99.75 100 100 100 99.75 100 100 100 100 100 99.75 100 100 100 100 100 100 99.75 100 99.75 100 100 100 100 99.75 100 100 100 100 100 100 100 100 100 100 100 100 100 100 100 100 100 100 100 100 100 100 100 100 100 100 
100 100 100 100 100 100 100 100 100 100 100 100 100 100 100 100 100 100 99.75 100 100 100 99.75 100 100 100 99.75 100 100 99.75 100 99.75 99.75 99.75 100 100 100 100 100 100 100 100 100 100 100 100 100 100 100 100 100 100 100 100 100 100 100 100 100 
100 100 100 100 100 100 100 100 100 100 100 100 100 100 100 100 100 100 99.75 100 100 100 100 100 100 99.75 100 100 100 100 100 99.75 100 100 100 100 100 100 100 100 100 100 100 100 100 100 100 100 100 100 100 100 100 100 100 100 100 100 100 
100 100 100 100 99.75 100 100 100 100 100 100 100 100 100 100 100 100 99.75 100 100 100 100 100 100 100 100 100 100 100 100 100 100 100 100 100 100 100 100 100 100 100 100 100 100 100 100 100 100 100 100 100 100 100 100 100 100 100 100 100 
100 100 100 100 100 99.75 100 99.75 99.75 99.75 100 100 100 100 100 100 100 100 100 100 100 100 100 100 100 100 100 100 100 99.75 100 99.75 99.75 100 100 100 100 100 100 100 100 100 100 100 100 100 100 100 100 100 100 100 100 100 100 100 100 100 100 
100 100 100 100 100 100 100 100 100 100 100 100 100 100 100 100 100 100 99.75 100 100 100 100 100 100 100 100 99.75 100 100 99.75 99.75 99.75 100 100 100 100 100 100 100 100 100 100 100 100 100 100 100 100 100 100 100 100 100 100 100 100 100 100 
100 100 100 99.75 100 100 100 99.75 99.75 100 100 100 100 100 100 100 100 100 100 100 100 100 100 100 100 100 100 100 100 100 100 100 100 100 100 100 100 100 100 100 100 100 100 100 100 100 100 100 100 100 100 100 100 100 100 100 100 100 100 
100 100 100 100 100 100 100 100 100 100 100 100 100 100 100 100 100 100 100 100 100 99.75 100 100 100 100 100 99.75 100 100 100 100 100 100 100 100 100 100 100 100 100 100 100 100 100 100 100 100 100 100 100 100 100 100 100 100 100 100 100 
100 100 100 100 100 100 100 100 100 100 100 100 100 100 100 100 100 100 100 100 100 100 99.75 100 100 100 99.75 99.75 100 100 100 100 100 100 100 100 100 100 100 100 100 100 100 100 100 100 100 100 100 100 100 100 100 100 100 100 100 100 100 
100 100 100 99.75 100 100 100 100 100 100 100 100 100 100 100 100 99.75 100 100 100 100 99.75 100 100 100 100 99.75 100 100 100 99.75 100 100 100 100 100 100 100 100 100 100 100 100 100 100 100 100 100 100 100 100 100 100 100 100 100 100 100 100 
100 100 100 99.75 100 100 100 100 100 100 100 100 99.75 100 100 100 100 100 100 100 99.75 100 100 100 100 100 100 100 100 100 100 99.75 100 100 100 100 100 100 100 100 100 100 100 100 100 100 100 100 100 100 100 100 100 100 100 100 100 100 100 
99.75 99.75 100 100 100 100 100 100 100 100 100 100 100 100 100 100 100 100 100 99.75 99.75 100 100 100 99.75 100 100 100 100 100 100 100 100 100 100 100 100 100 100 100 100 100 100 100 100 100 100 100 100 100 100 100 100 100 100 100 100 100 100 
100 100 100 99.75 100 100 100 100 100 100 100 100 100 100 100 100 100 100 100 99.75 100 100 100 100 100 99.75 100 100 100 100 100 100 100 100 100 100 100 100 100 100 100 100 100 100 100 100 100 100 100 100 100 100 100 100 100 100 100 100 100 
100 100 100 100 99.75 100 100 100 100 100 99.75 100 100 100 100 100 100 100 100 100 100 100 100 100 100 100 100 100 99.75 100 100 100 100 100 100 100 100 100 100 100 100 100 100 100 100 100 100 100 100 100 100 100 100 100 100 100 100 100 100 
100 99.75 99.75 100 100 100 99.75 100 99.75 100 100 100 100 100 100 100 100 100 100 100 100 100 100 100 100 99.75 100 100 99.75 100 100 100 100 100 100 100 100 100 100 100 100 100 100 100 100 100 100 100 100 100 100 100 100 100 100 100 100 100 100 
100 100 99.75 100 100 100 100 100 99.75 99.75 100 100 100 100 100 100 100 100 100 99.75 100 100 100 100 100 100 100 99.75 100 100 100 100 100 100 100 100 100 100 100 100 100 100 100 100 100 100 100 100 100 100 100 100 100 100 100 100 100 100 100 
93.3267 100 100 100 100 100 100 100 100 100 100 100 100 100 100 100 100 100 99.75 99.75 99.75 100 100 100 100 100 100 99.75 99.75 100 100 100 100 100 100 100 99.75 100 100 100 100 100 100 100 100 100 100 100 100 100 100 100 100 100 100 100 100 100 93.3267 
93.3267 93.3267 100 100 100 100 100 100 99.75 99.75 100 100 100 99.75 100 100 100 100 100 100 100 100 100 100 100 100 100 99.75 100 100 100 100 100 100 100 100 99.75 99.75 100 100 100 100 100 100 100 100 100 100 100 100 100 100 100 100 100 100 100 93.3267 93.3267 
93.3267 93.3267 93.3267 100 100 100 100 100 99.75 99.75 100 100 100 99.75 99.75 100 100 100 100 100 100 100 100 100 100 100 100 100 100 100 100 100 100 100 100 100 100 100 100 100 100 100 100 100 100 100 100 100 100 100 100 100 100 100 100 100 93.3267 93.3267 93.3267 
