0 67 67 67 67 3 3 3 3 3 3 3 33 39 0 39 39 39 0 39 3 3 35 3 3 0 3 0 38 0 0 39 39 39 12 39 4 12 12 8 12 12 8 8 8 8 8 0 8 8 8 8 0 8 8 8 0 8 8 
3 3 67 67 1 3 1 3 3 3 0 33 39 39 39 3 4 39 39 1 1 35 1 3 39 38 39 38 36 39 36 0 0 39 39 12 12 12 12 12 12 12 8 12 12 12 12 8 8 8 8 4 0 4 8 8 8 8 8 
67 67 1 1 1 2 1 1 3 3 65 39 39 39 3 3 3 4 3 3 33 35 39 39 39 39 39 39 36 0 39 0 0 12 39 12 12 12 8 8 12 8 12 12 12 12 8 0 8 8 12 12 12 4 0 8 8 8 8 
67 0 0 3 0 67 1 1 1 3 39 65 3 39 3 3 3 35 0 3 3 35 39 35 39 35 39 36 39 0 39 36 12 39 12 12 12 12 12 12 12 12 12 12 12 12 12 12 12 12 12 0 0 0 8 8 8 0 8 
0 1 3 3 3 1 1 1 64 1 3 3 3 39 39 3 35 35 0 0 35 35 0 39 35 39 39 39 0 39 39 36 12 12 12 12 12 12 12 12 12 12 12 12 4 12 0 12 0 12 12 12 8 8 0 8 8 8 8 
3 3 1 0 0 1 1 0 64 1 1 3 39 39 39 35 67 67 3 65 35 35 39 0 39 36 39 39 39 39 39 12 12 12 12 12 12 12 0 12 12 12 12 12 12 12 12 12 0 12 41 41 41 41 41 0 8 8 8 
3 3 1 1 1 37 2 1 1 1 35 3 35 35 35 34 35 3 3 3 35 67 39 39 38 37 39 39 39 39 39 39 39 12 12 12 12 8 8 12 12 0 12 12 12 12 12 41 41 41 41 41 41 41 8 0 8 8 8 
1 1 3 1 1 0 37 37 1 32 0 35 35 35 34 39 0 3 65 65 67 35 0 38 99 39 0 36 0 65 0 39 36 12 12 12 12 12 12 12 12 12 0 12 12 12 0 41 0 41 41 41 8 40 41 41 40 40 8 
37 3 1 1 1 1 0 37 1 1 3 0 35 35 35 35 39 65 3 39 3 39 38 0 39 0 36 36 36 0 35 39 36 4 12 39 0 12 12 41 12 4 41 41 12 12 0 41 41 41 41 41 41 0 40 41 41 8 41 
37 1 3 37 37 1 1 1 0 1 3 35 35 35 35 0 39 39 65 39 0 39 38 39 39 39 0 1 39 0 39 39 39 39 4 12 12 0 12 12 41 41 41 41 41 41 12 41 41 41 0 41 41 40 40 40 41 41 8 
37 3 2 1 1 37 1 1 1 35 1 35 35 35 35 65 0 39 68 65 39 39 39 39 36 0 39 39 39 39 39 36 35 0 39 12 12 0 12 12 12 41 41 41 41 11 41 3 41 41 0 0 41 41 40 40 0 41 8 
37 37 1 1 1 1 1 1 39 0 0 35 35 66 35 39 99 99 68 99 99 39 4 39 39 39 39 65 39 39 36 39 39 39 12 0 37 12 12 41 41 41 0 41 41 0 3 11 41 11 41 0 41 41 41 40 41 41 8 
37 37 0 1 1 0 1 1 1 39 35 2 34 34 39 39 39 99 39 99 0 3 39 39 0 39 39 39 39 65 39 39 39 39 0 37 41 12 12 0 0 41 41 41 41 41 41 34 41 41 0 0 41 41 41 41 41 40 41 
33 65 37 37 37 1 1 1 39 35 1 0 33 33 39 39 39 67 99 39 39 3 39 0 0 39 0 39 39 0 39 39 39 39 39 0 41 12 12 41 41 41 41 41 33 41 41 41 0 41 41 41 41 0 41 9 41 41 41 
33 37 37 37 1 65 1 1 128 39 39 39 39 0 39 39 67 39 67 39 39 39 39 39 39 39 39 39 39 39 39 39 39 41 0 41 41 41 41 41 41 41 41 41 41 33 41 41 32 41 41 41 41 41 9 41 41 41 41 
33 33 37 2 37 37 1 0 1 39 39 39 39 97 39 39 0 0 39 39 39 39 0 39 0 39 164 39 39 39 39 39 39 41 41 41 41 0 41 33 41 41 41 41 41 41 41 33 41 41 41 9 41 42 41 41 41 41 40 
1 0 33 33 33 65 65 1 1 0 33 35 97 35 64 39 39 39 39 39 39 39 39 39 39 39 0 0 39 39 35 35 41 35 39 40 41 41 0 41 41 41 41 41 41 41 41 41 41 41 41 41 42 41 41 41 0 40 0 
0 1 33 36 3 65 4 0 1 97 97 33 97 35 39 0 39 39 4 38 39 39 39 39 39 39 39 39 39 39 35 39 39 39 41 9 36 41 0 41 0 41 41 41 41 0 41 41 41 41 41 41 41 41 41 41 41 41 41 
0 33 65 1 1 68 0 97 1 97 97 97 33 33 0 39 0 39 0 39 39 0 39 39 39 39 35 0 39 39 35 36 35 65 65 39 41 41 41 0 41 41 41 41 41 41 41 41 41 160 41 41 41 0 41 42 0 41 41 
33 33 33 65 1 68 97 97 35 1 97 97 97 35 35 35 35 35 32 35 39 39 39 0 39 39 35 39 39 39 0 36 35 39 41 39 42 41 41 41 41 41 41 41 0 41 41 41 41 41 41 41 33 41 41 9 42 41 41 
33 33 33 65 97 65 97 1 1 1 97 97 97 97 35 35 97 35 97 39 39 0 39 0 39 224 39 39 39 39 39 36 0 39 41 41 41 41 0 41 2 41 41 0 41 41 41 41 41 41 41 41 41 34 41 41 41 9 42 
33 97 97 2 65 97 0 0 1 0 1 97 35 97 97 67 97 97 96 35 39 1 39 39 0 0 224 39 39 0 36 39 39 0 161 161 0 0 41 41 2 41 41 41 41 41 41 41 0 0 41 41 41 41 36 41 41 9 9 
0 33 33 97 97 97 0 0 97 97 97 97 97 0 97 97 97 97 2 96 224 39 96 224 224 224 224 224 224 39 36 224 39 39 161 161 161 41 41 161 41 41 41 161 41 41 41 41 41 41 40 41 41 41 41 0 41 41 9 
97 33 97 97 97 97 1 97 97 97 0 97 0 97 97 97 97 2 96 0 39 39 224 96 224 224 224 160 36 224 224 224 224 161 39 161 41 41 161 41 161 33 41 41 161 161 161 41 2 10 41 40 41 41 41 9 9 41 41 
97 97 0 1 97 0 0 97 97 33 97 97 97 97 97 97 97 97 2 2 224 224 224 224 96 224 224 160 36 224 224 96 161 161 0 161 161 161 161 161 41 161 41 40 161 0 41 161 41 41 0 41 41 160 0 9 41 41 0 
97 96 33 66 97 97 97 97 97 0 97 97 0 97 97 97 97 224 97 224 96 96 96 96 96 0 160 160 224 224 224 96 224 161 0 0 161 161 32 41 161 41 161 161 161 161 161 161 161 41 41 41 0 41 41 41 9 41 0 
97 97 97 66 97 97 97 0 33 97 97 0 96 96 97 97 0 224 224 96 224 96 224 224 224 224 224 160 224 224 224 224 162 162 96 161 161 164 0 161 41 161 41 161 161 161 161 41 41 41 41 41 41 41 0 41 33 41 2 
97 97 97 97 97 66 97 0 2 64 96 96 96 96 96 96 97 64 64 224 224 224 224 224 224 224 224 160 224 224 224 96 0 0 161 161 164 161 161 161 0 161 161 41 161 32 161 161 41 41 41 41 42 41 41 2 41 33 0 
97 97 97 97 66 97 66 2 64 0 64 96 96 96 32 0 96 96 96 224 0 224 224 224 224 0 224 224 224 0 0 96 0 0 224 161 0 162 161 161 164 161 161 161 161 0 41 161 41 161 41 33 41 41 41 0 41 0 41 
97 64 97 96 96 97 97 64 96 64 64 96 96 96 96 2 96 96 96 224 96 224 224 224 224 224 0 224 224 224 224 224 224 161 161 161 0 162 161 161 161 161 161 161 161 41 161 161 161 0 41 32 9 41 41 41 41 41 33 
0 64 97 97 0 224 98 98 64 32 96 96 96 2 2 2 96 96 224 224 224 224 224 224 224 224 224 224 224 224 0 224 224 224 224 0 161 161 161 33 161 161 161 161 161 161 161 161 160 33 41 41 41 41 41 41 41 0 33 
64 64 64 96 224 224 224 96 98 64 96 0 66 0 96 96 224 96 96 224 224 224 224 0 224 224 224 224 224 224 224 224 224 224 161 224 161 161 0 161 33 0 161 161 161 161 161 41 41 33 33 0 41 41 42 41 32 33 33 
64 64 64 0 96 96 96 98 64 0 64 66 96 96 96 96 0 224 0 96 224 0 224 224 224 96 0 224 224 224 224 160 224 224 224 200 32 161 161 161 161 0 164 161 161 161 161 161 161 41 33 33 41 42 41 33 32 33 33 
64 64 64 64 64 224 64 64 64 66 66 96 0 97 96 66 96 160 224 224 224 224 224 224 224 224 224 224 224 224 224 160 224 200 200 200 0 161 161 224 0 161 164 96 161 161 2 161 41 33 33 0 41 41 41 33 33 33 33 
64 0 64 64 0 66 224 64 66 64 66 96 66 66 97 0 160 96 160 0 224 224 224 224 224 130 64 224 224 0 224 224 224 224 200 0 200 224 224 161 161 161 161 161 161 161 161 161 161 41 33 41 0 41 41 33 33 33 33 
0 64 192 192 192 0 96 64 66 66 66 96 0 96 64 96 64 96 224 224 224 224 224 224 224 224 130 224 224 224 224 64 224 224 200 160 224 224 224 200 161 161 130 0 161 161 0 161 161 33 42 41 41 41 41 41 33 32 33 
3 64 0 192 192 66 66 66 66 66 66 64 96 96 64 64 96 0 96 224 224 224 224 224 96 224 224 224 0 224 224 224 224 224 160 224 0 128 200 200 130 130 8 200 0 200 200 162 0 41 41 41 41 41 76 76 160 76 33 
96 3 64 64 64 64 66 66 66 64 64 96 96 96 96 96 96 0 64 96 0 0 224 224 224 224 0 224 224 64 224 224 224 224 200 224 128 224 224 200 0 8 128 200 200 200 161 33 34 200 41 32 41 41 76 76 76 76 76 
0 64 64 0 66 0 66 66 66 96 2 64 66 96 96 96 96 96 64 64 96 96 224 224 224 224 224 224 64 224 128 224 224 224 224 200 200 0 200 200 200 200 200 0 0 200 200 200 200 200 200 41 41 76 76 76 136 76 0 
97 97 0 66 0 64 64 66 66 66 64 66 2 66 0 96 96 2 64 64 224 96 128 224 224 224 0 224 0 64 0 0 224 224 138 160 200 128 0 200 200 200 128 130 200 200 200 200 200 200 192 34 76 76 76 76 136 0 76 
0 97 0 66 66 66 64 64 66 0 0 66 0 2 66 66 96 96 2 64 64 224 224 224 0 224 224 224 224 200 200 0 200 200 224 138 160 76 200 200 200 200 200 200 0 200 200 200 200 200 76 76 0 76 76 76 76 76 0 
97 0 66 66 66 66 66 66 66 66 66 66 96 66 96 96 128 2 66 66 64 224 64 224 224 224 224 224 64 160 224 0 200 224 224 224 138 200 0 200 200 200 200 200 200 200 200 200 200 76 4 76 0 76 76 76 76 0 6 
64 1 66 66 66 66 66 66 66 64 0 66 66 96 0 96 128 66 66 66 66 224 192 224 160 224 96 224 192 224 224 224 200 200 224 0 192 200 200 0 200 200 200 0 128 0 200 0 200 200 76 76 76 36 72 0 6 76 72 
64 64 66 66 66 66 64 66 66 66 2 66 66 66 96 96 66 66 66 66 66 194 192 192 192 160 160 160 224 224 224 224 160 200 200 200 200 200 200 0 200 200 200 200 200 200 200 200 200 76 76 0 76 76 76 76 76 76 72 
0 2 66 66 66 66 66 64 66 66 66 64 66 66 96 64 64 0 64 66 192 192 194 192 192 224 224 96 96 160 224 224 130 0 200 200 200 200 200 200 200 200 200 200 200 200 200 200 200 0 76 76 76 76 72 76 0 8 76 
66 0 2 0 66 66 66 66 66 66 66 0 66 66 64 66 66 64 66 0 194 194 194 194 194 224 224 224 96 160 224 224 130 130 130 200 200 200 200 200 200 200 200 200 200 200 200 200 76 76 200 0 76 76 72 76 76 8 8 
2 2 0 66 66 0 66 66 66 66 66 66 66 64 66 66 66 66 66 64 194 194 194 194 224 194 224 224 160 160 32 224 200 200 192 200 200 200 200 200 200 200 200 200 192 0 200 0 76 200 76 76 76 72 76 76 76 76 8 
64 2 2 0 66 66 66 66 2 66 66 66 66 66 66 0 66 66 2 0 64 194 194 0 194 0 224 224 224 32 96 0 200 200 200 200 0 200 200 200 200 200 200 192 200 200 200 200 76 76 76 76 76 8 8 76 76 76 6 
2 2 0 2 66 66 66 0 2 66 66 0 66 66 66 0 66 66 66 66 66 194 194 194 224 224 224 224 224 200 200 200 200 200 0 200 200 200 200 200 136 200 200 200 200 200 64 0 200 76 76 76 8 76 8 72 76 76 6 
66 0 2 2 0 66 66 2 2 66 66 66 66 66 66 64 66 0 194 66 194 194 194 194 192 224 224 224 224 128 128 200 224 200 200 200 200 200 200 200 200 200 200 200 200 200 192 0 200 200 200 200 100 10 10 76 72 76 6 
2 66 0 2 66 66 2 2 2 2 66 66 64 0 66 0 66 64 66 0 192 66 192 192 194 224 224 224 224 224 224 0 66 200 200 200 0 200 200 200 200 200 192 200 200 200 200 200 130 200 200 200 200 10 76 200 0 76 76 
66 2 2 2 2 2 2 2 0 2 66 64 64 66 66 0 2 66 0 66 2 64 192 192 192 224 224 224 224 160 0 224 200 224 130 200 200 128 136 200 200 200 0 200 200 200 200 200 200 0 200 200 200 200 200 76 200 6 76 
2 2 0 2 2 2 2 66 2 2 2 66 0 66 0 2 0 2 2 2 2 192 64 192 224 192 192 224 224 160 224 224 224 224 160 224 200 200 200 72 200 200 200 0 200 200 200 200 200 200 200 200 10 200 76 8 72 0 72 
2 2 66 66 0 0 66 66 0 66 66 2 66 66 66 0 0 2 2 2 2 192 0 0 128 192 192 192 224 200 200 224 224 160 160 200 224 200 200 72 200 200 200 200 200 200 200 200 200 0 10 0 10 200 0 8 8 8 72 
66 66 66 0 66 2 66 2 1 2 66 66 2 66 66 64 2 2 0 0 2 2 2 192 128 128 2 224 192 224 0 224 224 224 160 200 160 200 200 200 200 9 0 200 200 200 200 0 200 10 10 0 10 0 200 0 0 72 72 
66 66 66 66 66 66 66 66 2 66 2 66 66 66 2 2 2 0 2 2 2 2 2 192 0 32 224 192 224 192 224 192 224 200 224 0 32 0 0 200 200 200 200 72 200 200 200 0 10 200 0 8 10 8 8 8 10 8 8 
66 66 66 66 66 66 66 66 2 64 66 66 66 64 0 0 0 2 2 2 2 2 0 128 128 224 192 224 128 192 192 0 8 224 200 200 200 200 200 200 200 200 200 200 200 0 0 200 10 128 0 200 200 0 8 8 10 8 8 
64 66 66 0 0 66 66 66 66 66 66 64 64 0 66 0 0 0 2 2 2 2 130 130 130 130 224 192 224 192 192 192 192 192 224 200 8 200 200 200 200 200 200 200 138 200 200 0 10 200 128 200 8 10 8 10 10 8 0 
64 0 64 64 66 66 66 66 66 0 64 64 64 64 0 0 0 0 0 2 0 2 130 130 130 130 0 0 0 192 192 192 192 0 200 200 200 200 200 200 200 200 200 200 200 200 0 0 192 200 200 10 10 8 8 10 10 0 0 
