# org_id,org_cellx,org_celly,org_forage_target,org_group_id,org_facing
46670873,44,48,-1,-1,4
46670744,13,0,-1,-1,0
46664858,55,7,-1,-1,4
46670700,11,26,-1,-1,4
46671483,6,43,-1,-1,5
46660070,49,52,-1,-1,4
46671718,35,7,-1,-1,1
46670333,16,24,-1,-1,3
46670734,44,54,-1,-1,6
46668806,15,39,-1,-1,1
46671532,13,33,-1,-1,7
46666211,14,29,-1,-1,7
46671290,15,49,-1,-1,6
46668928,8,41,-1,-1,3
46668460,37,46,-1,-1,6
46670885,32,46,-1,-1,4
46667880,1,24,-1,-1,0
46670973,52,43,-1,-1,3
46666408,1,1,-1,-1,3
46666080,11,29,-1,-1,4
46671010,37,39,-1,-1,5
46671528,22,16,-1,-1,1
46662224,29,39,-1,-1,2
46666036,41,33,-1,-1,6
46668822,46,48,-1,-1,0
46669490,40,9,-1,-1,1
46664793,18,16,-1,-1,3
46668352,25,10,-1,-1,4
46671693,42,15,-1,-1,5
46669578,22,41,-1,-1,7
46670041,55,8,-1,-1,6
46645422,27,12,-1,-1,0
46666744,34,15,-1,-1,0
46665275,3,31,-1,-1,5
46668634,32,56,-1,-1,2
46649415,6,7,-1,-1,7
46670030,31,33,-1,-1,4
46660850,44,47,-1,-1,4
46668126,41,5,-1,-1,2
46665881,13,18,-1,-1,5
46668361,48,21,-1,-1,2
46671599,0,26,-1,-1,4
46671464,57,48,-1,-1,0
46669997,47,15,-1,-1,0
46669680,40,42,-1,-1,0
46670049,11,21,-1,-1,2
46670661,54,3,-1,-1,4
46670191,22,31,-1,-1,5
46669215,28,36,-1,-1,3
46667561,40,10,-1,-1,3
46670178,27,18,-1,-1,0
46670719,54,12,-1,-1,3
46668835,47,58,-1,-1,1
46668022,46,21,-1,-1,2
46671126,40,51,-1,-1,2
46667003,49,15,-1,-1,5
46664569,17,57,-1,-1,0
46670147,54,5,-1,-1,5
46670932,5,42,-1,-1,7
46670336,20,26,-1,-1,7
46670022,29,27,-1,-1,5
46670993,49,30,-1,-1,3
46671090,55,27,-1,-1,2
46671393,43,11,-1,-1,4
46667473,44,42,-1,-1,3
46671107,18,10,-1,-1,3
46671566,20,40,-1,-1,6
46670887,26,55,-1,-1,1
46671506,11,55,-1,-1,0
46669734,54,34,-1,-1,4
46667684,23,1,-1,-1,4
46670088,29,54,-1,-1,4
46668856,38,33,-1,-1,2
46670996,32,24,-1,-1,3
46667765,16,22,-1,-1,4
46669146,39,18,-1,-1,3
46671468,27,35,-1,-1,3
46664121,13,53,-1,-1,6
46671128,34,11,-1,-1,5
46670070,36,37,-1,-1,2
46667421,43,38,-1,-1,3
46667935,30,39,-1,-1,5
46668882,43,5,-1,-1,7
46669147,5,36,-1,-1,5
46666468,46,20,-1,-1,2
46665072,47,8,-1,-1,6
46663058,44,56,-1,-1,3
46671115,22,45,-1,-1,0
46671324,28,40,-1,-1,3
46666767,9,32,-1,-1,7
46671767,58,10,-1,-1,7
46659614,45,32,-1,-1,5
46668544,32,27,-1,-1,5
46658667,37,53,-1,-1,5
46668810,41,51,-1,-1,5
46668491,24,5,-1,-1,1
46669373,38,40,-1,-1,7
46669980,55,29,-1,-1,0
46668499,6,38,-1,-1,3
46671440,17,26,-1,-1,6
46670694,10,41,-1,-1,5
46670691,32,21,-1,-1,3
46667523,31,7,-1,-1,7
46670382,23,51,-1,-1,3
46667658,33,20,-1,-1,1
46669165,46,37,-1,-1,5
46671078,1,17,-1,-1,7
46670976,38,34,-1,-1,2
46668536,38,47,-1,-1,6
46666712,25,35,-1,-1,5
46669458,0,9,-1,-1,0
46671295,5,6,-1,-1,7
46668525,12,51,-1,-1,3
46668138,52,36,-1,-1,1
46667707,35,2,-1,-1,5
46671047,17,5,-1,-1,1
46670499,0,12,-1,-1,1
46663929,7,16,-1,-1,3
46671766,34,19,-1,-1,4
46671728,38,52,-1,-1,5
46667776,7,4,-1,-1,4
46668504,13,25,-1,-1,6
46669011,48,9,-1,-1,7
46669766,26,28,-1,-1,0
46669410,40,36,-1,-1,7
46664934,3,22,-1,-1,0
46668736,1,2,-1,-1,0
46666815,45,18,-1,-1,5
46671130,26,30,-1,-1,7
46671712,14,22,-1,-1,6
46671329,52,16,-1,-1,0
46664343,9,16,-1,-1,2
46668147,52,38,-1,-1,5
46667647,54,35,-1,-1,5
46671846,57,6,-1,-1,7
46670063,24,26,-1,-1,0
46669754,47,10,-1,-1,4
46669604,4,25,-1,-1,0
46670803,22,24,-1,-1,1
46667969,21,34,-1,-1,0
46670575,11,4,-1,-1,0
46668866,15,21,-1,-1,7
46670053,4,18,-1,-1,4
46665907,25,57,-1,-1,6
46669796,4,51,-1,-1,3
46665804,25,41,-1,-1,1
46670621,41,57,-1,-1,0
46668319,56,19,-1,-1,0
46671508,5,9,-1,-1,3
46666769,31,50,-1,-1,4
46665327,45,3,-1,-1,3
46668996,35,27,-1,-1,1
46663874,21,32,-1,-1,1
46670897,52,33,-1,-1,4
46669225,56,35,-1,-1,6
46664058,23,29,-1,-1,6
46666249,23,30,-1,-1,0
46668514,50,6,-1,-1,4
46669526,5,14,-1,-1,2
46662887,33,39,-1,-1,2
46669506,51,0,-1,-1,2
46660091,5,20,-1,-1,0
46669316,55,14,-1,-1,7
46670911,35,21,-1,-1,5
46668000,45,7,-1,-1,2
46670766,54,55,-1,-1,6
46671110,57,23,-1,-1,5
46671768,47,22,-1,-1,1
46671797,15,3,-1,-1,1
46670682,22,13,-1,-1,2
46669437,15,5,-1,-1,3
46671180,43,29,-1,-1,6
46671688,47,0,-1,-1,7
46666038,22,44,-1,-1,3
46670289,52,44,-1,-1,3
46671380,40,47,-1,-1,1
46669912,3,33,-1,-1,5
46669759,24,19,-1,-1,4
46670624,22,9,-1,-1,3
46671053,37,19,-1,-1,1
46671147,58,29,-1,-1,6
46663127,47,56,-1,-1,6
46671210,20,14,-1,-1,7
46667373,8,46,-1,-1,5
46667236,12,36,-1,-1,1
46661464,36,27,-1,-1,1
46662056,37,3,-1,-1,1
46664529,25,16,-1,-1,4
46666088,12,19,-1,-1,5
46669350,46,30,-1,-1,0
46671268,39,7,-1,-1,1
46670151,16,17,-1,-1,3
46669786,46,47,-1,-1,6
46669474,5,48,-1,-1,4
46659909,41,58,-1,-1,7
46671345,58,3,-1,-1,1
46670832,57,0,-1,-1,2
46668380,26,36,-1,-1,4
46661769,58,31,-1,-1,6
46663881,27,58,-1,-1,6
46670195,47,49,-1,-1,5
46665586,5,21,-1,-1,7
46670951,25,51,-1,-1,2
46671242,49,26,-1,-1,7
46666380,11,57,-1,-1,6
46669168,23,2,-1,-1,6
46668813,49,29,-1,-1,5
46666680,8,1,-1,-1,2
46670735,5,46,-1,-1,3
46669141,7,13,-1,-1,5
46671414,47,23,-1,-1,2
46670961,43,34,-1,-1,0
46669558,20,41,-1,-1,6
46670678,19,30,-1,-1,2
46664721,41,6,-1,-1,3
46664359,6,41,-1,-1,7
46666593,54,47,-1,-1,6
46664709,19,29,-1,-1,3
46667039,39,56,-1,-1,6
46670046,22,36,-1,-1,4
46667789,7,21,-1,-1,2
46667500,16,32,-1,-1,1
46671860,45,58,-1,-1,0
46669611,38,6,-1,-1,5
46666361,53,41,-1,-1,0
46670223,57,24,-1,-1,7
46671572,43,12,-1,-1,6
46669058,46,16,-1,-1,4
46671426,51,10,-1,-1,0
46671302,1,52,-1,-1,0
46670936,41,10,-1,-1,7
46667131,42,31,-1,-1,6
46669279,1,12,-1,-1,3
46670386,5,29,-1,-1,6
46671523,58,11,-1,-1,4
46670311,47,27,-1,-1,0
46668585,20,11,-1,-1,7
46671279,6,24,-1,-1,2
46669996,42,4,-1,-1,5
46666509,56,14,-1,-1,5
46671453,24,57,-1,-1,3
46670676,39,2,-1,-1,5
46670285,54,39,-1,-1,0
46669233,39,19,-1,-1,5
46664804,4,44,-1,-1,0
46666739,2,43,-1,-1,0
46671408,29,12,-1,-1,4
46667950,56,36,-1,-1,5
46664917,38,18,-1,-1,1
46663558,18,54,-1,-1,1
46665086,39,21,-1,-1,7
46670403,44,12,-1,-1,0
46670037,28,2,-1,-1,5
46669554,39,44,-1,-1,1
46670892,6,54,-1,-1,4
46670547,16,35,-1,-1,4
46663575,3,46,-1,-1,4
46666001,38,14,-1,-1,2
46671659,24,48,-1,-1,3
46671220,31,29,-1,-1,3
46671004,20,23,-1,-1,6
46666409,41,1,-1,-1,7
46671732,53,33,-1,-1,3
46671608,33,45,-1,-1,2
46670640,27,16,-1,-1,3
46670998,32,51,-1,-1,7
46671015,21,1,-1,-1,5
46670059,44,34,-1,-1,4
46666281,30,38,-1,-1,4
46669478,4,58,-1,-1,1
46669767,42,11,-1,-1,0
46671454,45,56,-1,-1,7
46669539,5,8,-1,-1,5
46663556,22,54,-1,-1,4
46667194,30,10,-1,-1,5
46671514,46,5,-1,-1,7
46669377,12,34,-1,-1,3
46671383,10,21,-1,-1,3
46669179,58,33,-1,-1,2
46654445,25,47,-1,-1,7
46670942,20,28,-1,-1,4
46671227,28,32,-1,-1,0
46659170,31,6,-1,-1,6
46668153,53,45,-1,-1,0
46671472,22,26,-1,-1,5
46669674,58,9,-1,-1,1
46670986,8,49,-1,-1,1
46670819,27,49,-1,-1,4
46671676,48,55,-1,-1,5
46670702,40,14,-1,-1,0
46667197,15,9,-1,-1,3
46670298,51,40,-1,-1,6
46667485,28,37,-1,-1,5
46667487,53,48,-1,-1,7
46668148,36,12,-1,-1,7
46671746,17,9,-1,-1,1
46668307,35,19,-1,-1,7
46666044,13,13,-1,-1,5
46670152,48,40,-1,-1,7
46667232,11,38,-1,-1,2
46669946,44,36,-1,-1,1
46671841,23,14,-1,-1,4
46660345,23,9,-1,-1,0
46671183,43,47,-1,-1,4
46671764,50,28,-1,-1,0
46666824,18,13,-1,-1,5
46665705,45,31,-1,-1,4
46671580,8,34,-1,-1,7
46665649,13,45,-1,-1,2
46665516,32,42,-1,-1,0
46668572,33,8,-1,-1,0
46671588,13,39,-1,-1,7
46663011,32,5,-1,-1,5
46669824,57,45,-1,-1,3
46667709,56,32,-1,-1,1
46667810,30,17,-1,-1,7
46668077,20,5,-1,-1,5
46670420,44,3,-1,-1,4
46667702,28,20,-1,-1,6
46671648,33,37,-1,-1,3
46661725,42,14,-1,-1,0
46669577,10,53,-1,-1,3
46671722,15,22,-1,-1,1
46671281,6,29,-1,-1,3
46662453,9,42,-1,-1,1
46668110,53,46,-1,-1,0
46665834,4,20,-1,-1,1
46668598,38,5,-1,-1,7
46667125,6,23,-1,-1,3
46670761,50,54,-1,-1,5
46671665,34,4,-1,-1,5
46671174,20,32,-1,-1,4
46671448,3,44,-1,-1,2
46670443,9,20,-1,-1,1
46667423,54,27,-1,-1,5
46671170,34,16,-1,-1,2
46668617,56,52,-1,-1,7
46666983,28,16,-1,-1,0
46671636,31,10,-1,-1,7
46669791,41,54,-1,-1,4
46664946,37,24,-1,-1,3
46670636,53,25,-1,-1,0
46669138,21,42,-1,-1,6
46665978,22,1,-1,-1,4
46669439,16,15,-1,-1,2
46670247,23,54,-1,-1,6
46670851,8,38,-1,-1,5
46667424,35,20,-1,-1,5
46671777,41,49,-1,-1,7
46663860,26,11,-1,-1,5
46670959,20,58,-1,-1,0
46670174,15,17,-1,-1,4
46667082,14,57,-1,-1,1
46671650,10,50,-1,-1,5
46670656,35,0,-1,-1,2
46670448,56,18,-1,-1,7
46668824,42,5,-1,-1,5
46657857,19,42,-1,-1,6
46670090,39,50,-1,-1,4
46669191,53,4,-1,-1,3
46671351,2,39,-1,-1,4
46667031,6,13,-1,-1,1
46661816,31,14,-1,-1,3
46671262,34,12,-1,-1,3
46668115,51,31,-1,-1,4
46670485,49,4,-1,-1,1
46671674,56,20,-1,-1,4
46666399,27,5,-1,-1,2
46663725,43,1,-1,-1,6
46668777,32,31,-1,-1,0
46657434,38,56,-1,-1,7
46671211,56,4,-1,-1,2
46669873,21,38,-1,-1,6
46661604,12,32,-1,-1,1
46670054,44,5,-1,-1,4
46665958,30,24,-1,-1,1
46657488,54,22,-1,-1,2
46670708,15,42,-1,-1,5
46665160,35,16,-1,-1,2
46671400,24,12,-1,-1,2
46663140,41,37,-1,-1,2
46671839,54,14,-1,-1,7
46668870,2,3,-1,-1,7
46671538,36,9,-1,-1,0
46671161,58,21,-1,-1,5
46669322,34,53,-1,-1,3
46671510,34,14,-1,-1,5
46669523,57,41,-1,-1,7
46667872,35,30,-1,-1,6
46669700,28,23,-1,-1,7
46669482,24,21,-1,-1,6
46670674,52,5,-1,-1,0
46671086,37,56,-1,-1,5
46667346,28,53,-1,-1,6
46661922,17,18,-1,-1,2
46669651,11,49,-1,-1,7
46670098,57,36,-1,-1,3
46660522,29,51,-1,-1,5
46669893,0,23,-1,-1,1
46661993,4,15,-1,-1,0
46662588,33,14,-1,-1,0
46666905,9,18,-1,-1,5
46671838,54,0,-1,-1,2
46671859,46,45,-1,-1,0
46670278,39,27,-1,-1,4
46667446,50,47,-1,-1,3
46670139,20,12,-1,-1,0
46671670,2,31,-1,-1,3
46663535,9,12,-1,-1,3
46668899,37,9,-1,-1,1
46668311,12,10,-1,-1,4
46670479,39,48,-1,-1,7
46670841,15,19,-1,-1,3
46670626,43,14,-1,-1,2
46666748,17,50,-1,-1,4
46668567,10,20,-1,-1,5
46669623,37,16,-1,-1,0
46668961,14,12,-1,-1,2
46671100,56,47,-1,-1,3
46666549,3,50,-1,-1,4
46671562,48,0,-1,-1,5
46666688,55,1,-1,-1,3
46670794,32,28,-1,-1,6
46669501,50,53,-1,-1,4
46671270,20,34,-1,-1,5
46661089,38,45,-1,-1,6
46665996,24,14,-1,-1,7
46669620,51,54,-1,-1,4
46669017,50,32,-1,-1,0
46668799,35,13,-1,-1,2
46664246,18,3,-1,-1,7
46668329,24,15,-1,-1,3
46670509,11,40,-1,-1,1
46671318,30,45,-1,-1,6
46669080,49,25,-1,-1,6
46671424,49,22,-1,-1,2
46671084,54,4,-1,-1,3
46668615,30,30,-1,-1,1
46670377,48,50,-1,-1,3
46670775,51,3,-1,-1,7
46668635,9,8,-1,-1,3
46669298,6,46,-1,-1,3
46669514,2,33,-1,-1,1
46669289,42,13,-1,-1,7
46668719,22,17,-1,-1,3
46665339,7,10,-1,-1,6
46671252,15,33,-1,-1,1
46665214,25,27,-1,-1,6
46671009,14,54,-1,-1,0
46665434,56,51,-1,-1,0
46671214,58,48,-1,-1,3
46671780,50,39,-1,-1,2
46667674,24,13,-1,-1,3
46670813,58,51,-1,-1,3
46665263,38,51,-1,-1,4
46670912,39,52,-1,-1,1
46663448,21,31,-1,-1,1
46671209,52,22,-1,-1,0
46671545,2,40,-1,-1,7
46668452,53,13,-1,-1,4
46671083,57,27,-1,-1,7
46666621,52,6,-1,-1,0
46666366,18,24,-1,-1,2
46650018,43,51,-1,-1,3
46664276,2,24,-1,-1,0
46671463,3,9,-1,-1,3
46671700,17,35,-1,-1,1
46666594,46,49,-1,-1,0
46670467,0,11,-1,-1,0
46663192,43,21,-1,-1,1
46670648,12,43,-1,-1,2
46667892,22,39,-1,-1,6
46666376,27,51,-1,-1,2
46670643,52,2,-1,-1,6
46668235,24,38,-1,-1,7
46670388,25,53,-1,-1,3
46670729,53,16,-1,-1,4
46664169,40,30,-1,-1,0
46669171,1,5,-1,-1,3
46671789,26,27,-1,-1,4
46667139,26,35,-1,-1,7
46669113,48,56,-1,-1,6
46670243,21,20,-1,-1,7
46669498,1,16,-1,-1,4
46670522,15,45,-1,-1,1
46671740,41,9,-1,-1,2
46668117,36,25,-1,-1,5
46669517,24,31,-1,-1,2
46671809,47,32,-1,-1,5
46670916,1,56,-1,-1,4
46669496,26,9,-1,-1,7
46669473,39,17,-1,-1,3
46671735,39,46,-1,-1,3
46669988,10,0,-1,-1,6
46668522,49,49,-1,-1,0
46669927,27,13,-1,-1,0
46671421,23,35,-1,-1,2
46671373,54,21,-1,-1,6
46638971,16,40,-1,-1,2
46664130,39,8,-1,-1,3
46667718,0,47,-1,-1,7
46668260,1,0,-1,-1,0
46670788,34,9,-1,-1,6
46671044,21,5,-1,-1,7
46670755,23,44,-1,-1,5
46669679,51,39,-1,-1,6
46669551,52,25,-1,-1,6
46671584,29,25,-1,-1,2
46669843,40,41,-1,-1,6
46671111,7,56,-1,-1,7
46670898,31,45,-1,-1,6
46670679,14,18,-1,-1,0
46666639,17,19,-1,-1,6
46671752,40,27,-1,-1,2
46671811,3,0,-1,-1,7
46670133,15,2,-1,-1,4
46671417,33,21,-1,-1,5
46671524,7,50,-1,-1,2
46670979,29,0,-1,-1,7
46670566,23,7,-1,-1,6
46670140,46,34,-1,-1,7
46671826,46,31,-1,-1,7
46665735,40,25,-1,-1,3
46667392,25,34,-1,-1,7
46671312,7,32,-1,-1,4
46667432,45,20,-1,-1,6
46667731,32,18,-1,-1,1
46669366,4,11,-1,-1,7
46669930,21,9,-1,-1,2
46669779,45,43,-1,-1,3
46671585,37,6,-1,-1,3
46671570,36,55,-1,-1,6
46662318,22,11,-1,-1,4
46670254,2,46,-1,-1,1
46670712,8,19,-1,-1,1
46670252,53,30,-1,-1,5
46670087,8,5,-1,-1,6
46669203,15,56,-1,-1,1
46661828,51,1,-1,-1,6
46671152,27,55,-1,-1,1
46670301,15,37,-1,-1,6
46669755,7,44,-1,-1,2
46667474,17,11,-1,-1,6
46666547,30,18,-1,-1,7
46666310,58,14,-1,-1,4
46661974,49,7,-1,-1,1
46669621,0,27,-1,-1,4
46660968,40,3,-1,-1,6
46669591,47,25,-1,-1,1
46670249,18,43,-1,-1,2
46667334,4,33,-1,-1,7
46669733,15,46,-1,-1,7
46669584,53,58,-1,-1,1
46668124,37,51,-1,-1,3
46670201,47,9,-1,-1,5
46657429,20,55,-1,-1,3
46668674,0,52,-1,-1,6
46665924,51,50,-1,-1,6
46670529,29,52,-1,-1,0
46669214,5,56,-1,-1,4
46667045,56,33,-1,-1,2
46660569,56,7,-1,-1,7
46651266,50,36,-1,-1,7
46666304,32,0,-1,-1,7
46664648,12,52,-1,-1,2
46669457,2,27,-1,-1,3
46670239,51,29,-1,-1,5
46669254,43,17,-1,-1,2
46664174,11,25,-1,-1,3
46668978,16,54,-1,-1,2
46671406,5,35,-1,-1,5
46668979,30,49,-1,-1,3
46670701,24,36,-1,-1,1
46671699,29,7,-1,-1,1
46666660,50,58,-1,-1,6
46668667,26,8,-1,-1,0
46670715,28,3,-1,-1,3
46670182,55,50,-1,-1,7
46666951,45,23,-1,-1,5
46670340,14,1,-1,-1,4
46668592,58,27,-1,-1,3
46670337,3,14,-1,-1,7
46665533,46,2,-1,-1,4
46671037,34,49,-1,-1,2
46671531,9,26,-1,-1,4
46667414,14,21,-1,-1,4
46669814,2,56,-1,-1,6
46671855,32,45,-1,-1,1
46671669,40,31,-1,-1,3
46671207,28,41,-1,-1,6
46671691,5,32,-1,-1,6
46670228,57,21,-1,-1,3
46669029,4,42,-1,-1,3
46671397,14,6,-1,-1,2
46669415,33,47,-1,-1,0
46661309,10,23,-1,-1,4
46670644,12,48,-1,-1,1
46668210,50,50,-1,-1,5
46671137,34,56,-1,-1,6
46670573,49,8,-1,-1,0
46663616,31,18,-1,-1,5
46670344,27,7,-1,-1,4
46658630,43,42,-1,-1,3
46664397,31,28,-1,-1,0
46670093,34,41,-1,-1,4
46663816,4,54,-1,-1,4
46668977,20,4,-1,-1,1
46663923,40,34,-1,-1,0
46666635,31,52,-1,-1,6
46667119,37,44,-1,-1,4
46662109,23,50,-1,-1,5
46671223,36,14,-1,-1,4
46668833,11,41,-1,-1,7
46671428,33,46,-1,-1,4
46663797,51,51,-1,-1,7
46671407,54,6,-1,-1,7
46655571,21,7,-1,-1,6
46660986,44,6,-1,-1,0
46665960,41,23,-1,-1,1
46670076,32,14,-1,-1,2
46671189,27,9,-1,-1,6
46667344,45,37,-1,-1,5
46668661,46,35,-1,-1,4
46668293,38,44,-1,-1,7
46669448,6,25,-1,-1,1
46670804,49,13,-1,-1,1
46670426,42,24,-1,-1,2
46669942,32,54,-1,-1,1
46671143,13,37,-1,-1,0
46668673,2,7,-1,-1,2
46667676,2,58,-1,-1,3
46667970,43,35,-1,-1,2
46671658,39,55,-1,-1,4
46668360,10,15,-1,-1,3
46664534,19,57,-1,-1,3
46671049,43,25,-1,-1,1
46662308,56,53,-1,-1,1
46666760,21,4,-1,-1,2
46670538,13,8,-1,-1,0
46668179,48,22,-1,-1,5
46667075,57,16,-1,-1,2
46671749,55,49,-1,-1,4
46671392,40,19,-1,-1,4
46671192,35,22,-1,-1,4
46668211,7,29,-1,-1,1
46671311,38,36,-1,-1,3
46668354,21,44,-1,-1,2
46670213,2,15,-1,-1,2
46671626,49,27,-1,-1,6
46648643,33,17,-1,-1,4
46670840,4,22,-1,-1,6
46671150,41,53,-1,-1,1
46667982,30,55,-1,-1,5
46671573,32,39,-1,-1,5
46666454,27,54,-1,-1,6
46670197,46,0,-1,-1,5
46670632,43,28,-1,-1,3
46670578,19,32,-1,-1,0
46659418,28,30,-1,-1,5
46670765,27,32,-1,-1,2
46668495,38,46,-1,-1,2
46670282,11,16,-1,-1,2
46663064,57,22,-1,-1,1
46671142,25,30,-1,-1,6
46671606,32,4,-1,-1,1
46669981,3,5,-1,-1,7
46671656,7,20,-1,-1,0
46670170,12,20,-1,-1,1
46660691,50,27,-1,-1,0
46669365,28,7,-1,-1,7
46671836,13,1,-1,-1,2
46660680,20,30,-1,-1,7
46660438,39,37,-1,-1,1
46667721,57,28,-1,-1,0
46667938,27,8,-1,-1,5
46671217,48,38,-1,-1,2
46667846,8,7,-1,-1,6
46655231,36,26,-1,-1,0
46670600,21,18,-1,-1,6
46668464,33,0,-1,-1,4
46671027,48,28,-1,-1,5
46670540,34,43,-1,-1,7
46670206,0,20,-1,-1,1
46670903,16,12,-1,-1,4
46663772,23,22,-1,-1,5
46671683,23,31,-1,-1,5
46668165,39,11,-1,-1,3
46662757,5,26,-1,-1,3
46671742,47,2,-1,-1,5
46671167,3,7,-1,-1,1
46670937,18,30,-1,-1,1
46671793,0,46,-1,-1,1
46666894,47,46,-1,-1,0
46669389,44,41,-1,-1,5
46664185,47,47,-1,-1,6
46667965,1,22,-1,-1,7
46666896,16,13,-1,-1,7
46665044,4,24,-1,-1,5
46671770,23,23,-1,-1,7
46666344,57,9,-1,-1,6
46671418,39,36,-1,-1,1
46670732,35,33,-1,-1,2
46669597,29,46,-1,-1,5
46671799,55,28,-1,-1,7
46671713,0,41,-1,-1,0
46671818,39,43,-1,-1,6
46669552,24,56,-1,-1,7
46671806,49,0,-1,-1,3
46670669,46,14,-1,-1,7
46671664,42,3,-1,-1,7
46666961,38,26,-1,-1,3
46661409,16,4,-1,-1,5
46665577,48,43,-1,-1,5
46671389,42,41,-1,-1,0
46668621,10,52,-1,-1,6
46668201,49,53,-1,-1,1
46669640,48,27,-1,-1,1
46670854,15,30,-1,-1,7
46667590,20,37,-1,-1,7
46670117,13,9,-1,-1,6
46666359,14,52,-1,-1,2
46669803,23,36,-1,-1,5
46668802,34,45,-1,-1,4
46661368,15,40,-1,-1,6
46668206,22,20,-1,-1,4
46668852,41,26,-1,-1,6
46659885,33,33,-1,-1,3
46667141,18,9,-1,-1,5
46662323,58,42,-1,-1,3
46668690,47,42,-1,-1,6
46665026,52,24,-1,-1,1
46668713,19,2,-1,-1,0
46665674,26,17,-1,-1,6
46670645,1,9,-1,-1,4
46659215,58,58,-1,-1,0
46668922,5,54,-1,-1,1
46665468,22,23,-1,-1,5
46667386,42,29,-1,-1,5
46670341,3,56,-1,-1,1
46666667,36,8,-1,-1,3
46668986,4,10,-1,-1,1
46671737,39,31,-1,-1,0
46661036,3,35,-1,-1,2
46662627,30,5,-1,-1,0
46671457,20,9,-1,-1,5
46669276,16,26,-1,-1,5
46663077,9,54,-1,-1,1
46667920,31,12,-1,-1,0
46668815,11,20,-1,-1,3
46671264,54,23,-1,-1,7
46668957,12,56,-1,-1,2
46671853,54,49,-1,-1,7
46667101,23,49,-1,-1,2
46665048,18,11,-1,-1,7
46666308,20,51,-1,-1,3
46670400,41,40,-1,-1,4
46671813,47,16,-1,-1,0
46671305,11,19,-1,-1,2
46670546,55,22,-1,-1,0
46667546,37,15,-1,-1,2
46669785,53,1,-1,-1,6
46670564,21,19,-1,-1,2
46669880,20,13,-1,-1,2
46670878,30,42,-1,-1,6
46671354,43,13,-1,-1,6
46671776,29,42,-1,-1,4
46669328,42,51,-1,-1,1
46670518,24,55,-1,-1,0
46669547,16,29,-1,-1,5
46671372,6,31,-1,-1,6
46670639,26,52,-1,-1,4
46655599,30,57,-1,-1,4
46671734,48,37,-1,-1,2
46671360,35,53,-1,-1,4
46670288,21,21,-1,-1,7
46669899,21,37,-1,-1,7
46667090,8,26,-1,-1,2
46671711,28,43,-1,-1,6
46667839,24,41,-1,-1,2
46671607,50,21,-1,-1,6
46671299,56,38,-1,-1,5
46670598,15,55,-1,-1,7
46670778,46,39,-1,-1,4
46668869,42,40,-1,-1,7
46669934,2,50,-1,-1,7
46670476,46,15,-1,-1,6
46669699,26,23,-1,-1,2
46669595,57,54,-1,-1,1
46671235,37,45,-1,-1,6
46665159,43,19,-1,-1,3
46669775,0,55,-1,-1,4
46670551,48,48,-1,-1,3
46670895,48,31,-1,-1,0
46663141,55,20,-1,-1,2
46670091,31,47,-1,-1,4
46668862,25,18,-1,-1,3
46667510,1,50,-1,-1,7
46667441,33,40,-1,-1,1
46671499,19,34,-1,-1,5
46671145,5,41,-1,-1,5
46661963,57,57,-1,-1,4
46670662,43,0,-1,-1,5
46667155,6,11,-1,-1,2
46664555,6,33,-1,-1,3
46669260,11,42,-1,-1,6
46671663,44,57,-1,-1,0
46667656,9,35,-1,-1,6
46666228,37,30,-1,-1,6
46666491,33,56,-1,-1,2
46670505,11,24,-1,-1,4
46669206,51,36,-1,-1,7
46669095,58,55,-1,-1,7
46669831,17,31,-1,-1,6
46671850,12,50,-1,-1,7
46667384,19,27,-1,-1,0
46666492,18,48,-1,-1,1
46671602,44,27,-1,-1,2
46671187,14,56,-1,-1,6
46671317,20,27,-1,-1,6
46669257,43,4,-1,-1,7
46670603,15,51,-1,-1,1
46668409,30,46,-1,-1,7
46671212,21,51,-1,-1,5
46669635,5,58,-1,-1,7
46667560,49,3,-1,-1,7
46668197,19,51,-1,-1,4
46660260,16,36,-1,-1,0
46668436,55,37,-1,-1,4
46661441,7,49,-1,-1,6
46665790,27,45,-1,-1,7
46671590,35,51,-1,-1,2
46669586,45,19,-1,-1,5
46669939,22,33,-1,-1,6
46667195,23,56,-1,-1,6
46664515,46,36,-1,-1,6
46668588,22,25,-1,-1,0
46669401,16,48,-1,-1,6
46671801,51,22,-1,-1,3
46671378,15,8,-1,-1,4
46671783,4,53,-1,-1,7
46662274,28,38,-1,-1,1
46671259,56,46,-1,-1,2
46669896,55,44,-1,-1,4
46670696,13,52,-1,-1,7
46651624,26,56,-1,-1,4
46670882,2,6,-1,-1,4
46668801,35,14,-1,-1,1
46669149,8,50,-1,-1,2
46663918,19,46,-1,-1,1
46671313,10,3,-1,-1,2
46669133,10,1,-1,-1,1
46670943,44,23,-1,-1,2
46668084,36,24,-1,-1,0
46669828,27,19,-1,-1,4
46661590,14,50,-1,-1,1
46669549,24,28,-1,-1,4
46656763,51,13,-1,-1,7
46668797,9,19,-1,-1,0
46670169,51,32,-1,-1,0
46669241,18,2,-1,-1,7
46670198,49,12,-1,-1,5
46670693,17,23,-1,-1,0
46668839,41,7,-1,-1,2
46664054,56,8,-1,-1,4
46671438,2,12,-1,-1,6
46667569,56,1,-1,-1,2
46668897,2,44,-1,-1,2
46671843,49,32,-1,-1,3
46671522,39,4,-1,-1,4
46665384,26,13,-1,-1,1
46670563,26,12,-1,-1,7
46671725,57,55,-1,-1,5
46671348,7,14,-1,-1,3
46671333,58,13,-1,-1,0
46663710,27,26,-1,-1,0
46665270,38,9,-1,-1,2
46671623,14,45,-1,-1,3
46670257,13,50,-1,-1,0
46671375,52,19,-1,-1,5
46667657,7,11,-1,-1,2
46670826,37,23,-1,-1,2
46670129,17,30,-1,-1,6
46670214,48,58,-1,-1,1
46668560,33,15,-1,-1,3
46669127,48,47,-1,-1,0
46671063,43,43,-1,-1,6
46657957,8,40,-1,-1,5
46668942,22,14,-1,-1,5
46671642,3,43,-1,-1,2
46667336,23,26,-1,-1,4
46670784,55,16,-1,-1,0
46669443,9,49,-1,-1,3
46660709,31,15,-1,-1,1
46670220,34,48,-1,-1,1
46668995,37,40,-1,-1,6
46667486,50,49,-1,-1,5
46670218,16,37,-1,-1,7
46671202,40,11,-1,-1,0
46671491,41,50,-1,-1,1
46670527,51,18,-1,-1,0
46671744,27,6,-1,-1,6
46666489,56,54,-1,-1,0
46669991,35,11,-1,-1,1
46669648,33,5,-1,-1,0
46671308,48,15,-1,-1,2
46670233,9,21,-1,-1,4
46667041,35,25,-1,-1,6
46668431,10,28,-1,-1,3
46671541,49,48,-1,-1,0
46667385,5,33,-1,-1,5
46667477,9,51,-1,-1,3
46669925,43,32,-1,-1,1
46668228,21,49,-1,-1,1
46671617,45,41,-1,-1,6
46670723,27,1,-1,-1,7
46667774,8,30,-1,-1,5
46667576,19,39,-1,-1,5
46669405,0,42,-1,-1,6
46667939,3,25,-1,-1,4
46660604,10,39,-1,-1,5
46671851,7,45,-1,-1,1
46671723,25,25,-1,-1,4
46663232,26,20,-1,-1,4
46666766,4,29,-1,-1,2
46668896,8,18,-1,-1,6
46654151,46,26,-1,-1,2
46670150,57,10,-1,-1,4
46671530,19,1,-1,-1,5
46670628,16,38,-1,-1,2
46669528,38,0,-1,-1,7
46669242,48,6,-1,-1,0
46664348,28,18,-1,-1,1
46671231,42,43,-1,-1,4
46663963,57,44,-1,-1,2
46670699,17,37,-1,-1,0
46670810,53,3,-1,-1,6
46663869,54,32,-1,-1,3
46668749,13,40,-1,-1,5
46664485,8,43,-1,-1,6
46667233,50,15,-1,-1,7
46671631,33,36,-1,-1,3
46670817,33,53,-1,-1,4
46669902,24,33,-1,-1,3
46670497,6,20,-1,-1,6
46669709,1,40,-1,-1,0
46670226,33,7,-1,-1,5
46661906,29,31,-1,-1,0
46660052,53,17,-1,-1,0
46668836,2,23,-1,-1,3
46668399,0,5,-1,-1,7
46670987,51,17,-1,-1,1
46664912,9,28,-1,-1,4
46670019,23,58,-1,-1,2
46670013,33,19,-1,-1,4
46668751,18,45,-1,-1,6
46671033,6,53,-1,-1,5
46668278,16,56,-1,-1,7
46670671,50,51,-1,-1,5
46664017,43,23,-1,-1,5
46669086,7,25,-1,-1,0
46671479,39,23,-1,-1,3
46667116,55,52,-1,-1,5
46671179,24,42,-1,-1,5
46670837,31,22,-1,-1,7
46671321,34,25,-1,-1,2
46671852,22,8,-1,-1,5
46668364,27,10,-1,-1,4
46671285,31,0,-1,-1,3
46666262,53,44,-1,-1,4
46669023,8,0,-1,-1,5
46671096,5,25,-1,-1,1
46669444,31,11,-1,-1,6
46669088,51,9,-1,-1,5
46666833,28,4,-1,-1,0
46665608,47,44,-1,-1,7
46670492,57,12,-1,-1,6
46666863,19,53,-1,-1,2
46670528,22,46,-1,-1,3
46671489,40,7,-1,-1,7
46671757,7,22,-1,-1,6
46670511,17,52,-1,-1,6
46664631,40,26,-1,-1,7
46663302,32,29,-1,-1,3
46670482,5,39,-1,-1,3
46670923,50,5,-1,-1,2
46671177,35,9,-1,-1,6
46669701,14,46,-1,-1,7
46664379,6,6,-1,-1,0
46670945,34,33,-1,-1,5
46667612,15,38,-1,-1,6
46665235,33,26,-1,-1,6
46670992,20,3,-1,-1,3
46669619,32,2,-1,-1,3
46667074,56,5,-1,-1,4
46665972,1,34,-1,-1,1
46666045,55,58,-1,-1,1
46669636,25,21,-1,-1,2
46666200,16,53,-1,-1,0
46670709,22,30,-1,-1,0
46664189,23,47,-1,-1,7
46670713,57,49,-1,-1,5
46668780,17,28,-1,-1,0
46671398,43,49,-1,-1,3
46671498,3,29,-1,-1,7
46669332,4,1,-1,-1,2
46670405,22,35,-1,-1,1
46671429,15,28,-1,-1,7
46665361,11,7,-1,-1,1
46670376,0,48,-1,-1,3
46668630,22,43,-1,-1,6
46671771,8,45,-1,-1,3
46665458,44,22,-1,-1,0
46669730,55,34,-1,-1,0
46667400,30,48,-1,-1,5
46670454,58,16,-1,-1,3
46671409,4,3,-1,-1,0
46670225,32,32,-1,-1,6
46671857,26,14,-1,-1,1
46667769,8,14,-1,-1,3
46668879,43,15,-1,-1,6
46671593,19,35,-1,-1,4
46671035,6,21,-1,-1,7
46670754,24,24,-1,-1,6
46667388,46,29,-1,-1,7
46671480,32,35,-1,-1,4
46670279,26,4,-1,-1,2
46669748,38,29,-1,-1,6
46664440,4,13,-1,-1,2
46669434,9,30,-1,-1,0
46669804,58,45,-1,-1,6
46668926,8,2,-1,-1,4
46662607,48,13,-1,-1,6
46670681,34,21,-1,-1,1
46668378,55,21,-1,-1,5
46667066,7,1,-1,-1,7
46671416,38,1,-1,-1,0
46670881,9,52,-1,-1,6
46671803,27,30,-1,-1,2
46669747,16,11,-1,-1,2
46669438,3,1,-1,-1,6
46668886,3,54,-1,-1,0
46670153,10,36,-1,-1,7
46670016,42,37,-1,-1,7
46670742,0,0,-1,-1,3
46671350,3,34,-1,-1,2
46671604,46,43,-1,-1,6
46669483,10,4,-1,-1,3
46669906,58,52,-1,-1,1
46669369,44,28,-1,-1,1
46656611,20,54,-1,-1,1
46670312,26,10,-1,-1,6
46668375,47,24,-1,-1,1
46668593,55,46,-1,-1,5
46668534,36,15,-1,-1,4
46670023,29,6,-1,-1,3
46670844,19,43,-1,-1,4
46669319,36,39,-1,-1,6
46669063,31,23,-1,-1,1
46670276,52,11,-1,-1,6
46669720,28,14,-1,-1,4
46666329,20,21,-1,-1,7
46671094,49,24,-1,-1,4
46670706,35,57,-1,-1,7
46671474,34,50,-1,-1,1
46663910,55,47,-1,-1,0
46663980,10,2,-1,-1,4
46671706,29,45,-1,-1,3
46667036,16,34,-1,-1,2
46670411,6,39,-1,-1,5
46670168,10,34,-1,-1,6
46670422,11,17,-1,-1,3
46669572,27,40,-1,-1,3
46666020,51,20,-1,-1,2
46668706,10,22,-1,-1,0
46658060,43,30,-1,-1,5
46670421,52,37,-1,-1,2
46668377,2,54,-1,-1,3
46666461,5,47,-1,-1,5
46664879,13,35,-1,-1,4
46668691,26,0,-1,-1,6
46668184,56,12,-1,-1,1
46669383,37,18,-1,-1,5
46669337,6,22,-1,-1,4
46667566,2,8,-1,-1,3
46664337,55,55,-1,-1,2
46670836,55,35,-1,-1,4
46670698,12,0,-1,-1,3
46670234,26,46,-1,-1,5
46670446,55,56,-1,-1,7
46670452,39,24,-1,-1,3
46670392,11,51,-1,-1,3
46667957,21,36,-1,-1,3
46669510,54,51,-1,-1,4
46666055,44,32,-1,-1,4
46671419,29,41,-1,-1,5
46670771,31,34,-1,-1,1
46671791,44,31,-1,-1,3
46668773,11,43,-1,-1,6
46670270,5,19,-1,-1,5
46671678,28,21,-1,-1,3
46671687,5,3,-1,-1,2
46668105,52,12,-1,-1,1
46670205,32,13,-1,-1,7
46671093,1,23,-1,-1,2
46667026,57,8,-1,-1,3
46664639,25,24,-1,-1,7
46671858,40,40,-1,-1,2
46670739,36,23,-1,-1,1
46669969,4,21,-1,-1,2
46665830,38,48,-1,-1,7
46670172,40,39,-1,-1,3
46670326,45,12,-1,-1,2
46669196,0,24,-1,-1,0
46663422,14,30,-1,-1,6
46668384,41,56,-1,-1,6
46661785,42,34,-1,-1,7
46659602,36,44,-1,-1,1
46657506,21,46,-1,-1,3
46669336,6,0,-1,-1,0
46667691,41,48,-1,-1,2
46667786,46,54,-1,-1,0
46668173,53,37,-1,-1,2
46669052,33,28,-1,-1,3
46668793,22,57,-1,-1,4
46668647,24,10,-1,-1,4
46671720,6,19,-1,-1,0
46670359,50,8,-1,-1,4
46670167,14,4,-1,-1,4
46665950,52,35,-1,-1,2
46670811,46,46,-1,-1,3
46669781,24,34,-1,-1,1
46669016,29,14,-1,-1,0
46671692,8,52,-1,-1,4
46660321,54,25,-1,-1,1
46671275,37,58,-1,-1,1
46671106,17,54,-1,-1,7
46669486,4,43,-1,-1,6
46671500,4,7,-1,-1,2
46671061,47,35,-1,-1,5
46668931,30,21,-1,-1,7
46669866,17,3,-1,-1,5
46669973,42,38,-1,-1,1
46663841,55,32,-1,-1,3
46669347,52,49,-1,-1,7
46671274,16,28,-1,-1,2
46660561,8,22,-1,-1,5
46667061,35,17,-1,-1,6
46671025,53,0,-1,-1,1
46669364,33,38,-1,-1,5
46663526,53,28,-1,-1,6
46667638,45,9,-1,-1,3
46669809,27,39,-1,-1,2
46671561,23,20,-1,-1,3
46670869,13,26,-1,-1,5
46667688,40,38,-1,-1,1
46668258,43,54,-1,-1,6
46670928,7,38,-1,-1,0
46667963,17,38,-1,-1,4
46671837,58,36,-1,-1,4
46669545,23,45,-1,-1,1
46662632,17,56,-1,-1,7
46665375,46,27,-1,-1,5
46670236,42,39,-1,-1,3
46668526,42,46,-1,-1,1
46668788,12,27,-1,-1,0
46664895,48,49,-1,-1,1
46667271,20,24,-1,-1,5
46660106,13,11,-1,-1,5
46668291,3,16,-1,-1,4
46671452,51,44,-1,-1,4
46670607,13,32,-1,-1,3
46670818,4,23,-1,-1,0
46670137,23,33,-1,-1,5
46666570,0,17,-1,-1,4
46671000,12,57,-1,-1,0
46668611,44,55,-1,-1,5
46670714,19,0,-1,-1,1
46669898,50,35,-1,-1,6
46670948,57,34,-1,-1,4
46671760,44,19,-1,-1,3
46669270,16,19,-1,-1,3
46669587,0,7,-1,-1,5
46669100,26,19,-1,-1,6
46667408,36,1,-1,-1,1
46671534,22,40,-1,-1,4
46670273,26,48,-1,-1,4
46671861,46,58,-1,-1,5
46670002,26,34,-1,-1,2
46670189,48,24,-1,-1,2
46664007,24,11,-1,-1,0
46671515,30,47,-1,-1,4
46659884,55,17,-1,-1,5
46668001,12,31,-1,-1,1
46671081,12,15,-1,-1,0
46671277,40,18,-1,-1,0
46670064,38,8,-1,-1,6
46671257,44,38,-1,-1,0
46670870,9,5,-1,-1,3
46669125,0,16,-1,-1,6
46671059,50,0,-1,-1,7
46671705,39,5,-1,-1,1
46669470,15,32,-1,-1,2
46669690,45,28,-1,-1,3
46670737,36,32,-1,-1,3
46671485,7,8,-1,-1,5
46669622,2,5,-1,-1,3
46669949,8,13,-1,-1,3
46668447,39,15,-1,-1,0
46667940,1,35,-1,-1,1
46665504,46,44,-1,-1,4
46671738,48,46,-1,-1,6
46671365,56,39,-1,-1,3
46671335,40,21,-1,-1,5
46665882,35,26,-1,-1,0
46671643,16,25,-1,-1,0
46670900,41,0,-1,-1,7
46670381,29,18,-1,-1,6
46670078,6,49,-1,-1,5
46671823,54,43,-1,-1,3
46667343,31,1,-1,-1,4
46666880,5,18,-1,-1,2
46671124,47,4,-1,-1,6
46670670,10,44,-1,-1,0
46667853,25,55,-1,-1,3
46666397,15,36,-1,-1,6
46669909,14,44,-1,-1,3
46669820,25,46,-1,-1,3
46671689,17,14,-1,-1,2
46671250,12,3,-1,-1,4
46670230,28,44,-1,-1,4
46670531,26,32,-1,-1,1
46665956,29,8,-1,-1,1
46668181,11,58,-1,-1,7
46669293,49,14,-1,-1,4
46660249,28,45,-1,-1,0
46666079,51,52,-1,-1,5
46670373,18,49,-1,-1,4
46664649,18,5,-1,-1,4
46671013,28,58,-1,-1,1
46667046,13,14,-1,-1,7
46667932,46,8,-1,-1,7
46668844,29,17,-1,-1,1
46664146,40,58,-1,-1,6
46665197,49,21,-1,-1,0
46668848,53,5,-1,-1,1
46669363,24,45,-1,-1,7
46669559,27,25,-1,-1,3
46671058,9,13,-1,-1,2
46671276,16,57,-1,-1,7
46671587,43,26,-1,-1,6
46667650,33,6,-1,-1,0
46661588,58,20,-1,-1,2
46669216,37,49,-1,-1,3
46669916,18,58,-1,-1,0
46668947,19,10,-1,-1,4
46664396,31,36,-1,-1,0
46671621,53,27,-1,-1,7
46666659,8,56,-1,-1,2
46668298,32,20,-1,-1,1
46671671,53,12,-1,-1,5
46671598,41,15,-1,-1,5
46670800,34,35,-1,-1,0
46664347,53,21,-1,-1,3
46670848,3,49,-1,-1,2
46670664,13,6,-1,-1,0
46668829,51,7,-1,-1,2
46666210,2,11,-1,-1,4
46663820,45,4,-1,-1,3
46670513,28,56,-1,-1,5
46669362,53,35,-1,-1,4
46671707,55,2,-1,-1,2
46671556,23,27,-1,-1,4
46668775,38,31,-1,-1,3
46671592,9,31,-1,-1,0
46670255,5,27,-1,-1,4
46669768,36,57,-1,-1,2
46671577,52,0,-1,-1,6
46671157,49,42,-1,-1,0
46669382,15,31,-1,-1,5
46659024,53,2,-1,-1,5
46669381,24,35,-1,-1,4
46671835,8,47,-1,-1,0
46662180,39,39,-1,-1,3
46670798,5,1,-1,-1,2
46661827,56,56,-1,-1,4
46667761,27,4,-1,-1,0
46669285,17,6,-1,-1,7
46668683,27,0,-1,-1,7
46668157,48,12,-1,-1,0
46671632,18,33,-1,-1,0
46662231,47,53,-1,-1,6
46668613,49,55,-1,-1,7
46665900,45,25,-1,-1,2
46670789,52,40,-1,-1,3
46670431,57,1,-1,-1,7
46670068,28,29,-1,-1,7
46669340,57,31,-1,-1,6
46669745,37,54,-1,-1,0
46669255,29,47,-1,-1,3
46671138,12,44,-1,-1,7
46668132,15,16,-1,-1,2
46669236,9,47,-1,-1,7
46668652,21,25,-1,-1,3
46671122,21,3,-1,-1,4
46664153,17,40,-1,-1,7
46669341,16,3,-1,-1,3
46666050,15,43,-1,-1,1
46667766,41,32,-1,-1,3
46670283,4,26,-1,-1,4
46670414,48,17,-1,-1,2
46669948,21,26,-1,-1,6
46671751,27,48,-1,-1,2
46667662,46,22,-1,-1,2
46667118,1,7,-1,-1,4
46666862,43,16,-1,-1,0
46671595,10,55,-1,-1,6
46671745,57,42,-1,-1,3
46669924,52,48,-1,-1,2
46669553,25,40,-1,-1,1
46667175,36,30,-1,-1,5
46668058,19,44,-1,-1,0
46664745,58,50,-1,-1,3
46665134,28,31,-1,-1,7
46669751,8,11,-1,-1,7
46669833,11,18,-1,-1,1
46669761,40,0,-1,-1,6
46667901,6,18,-1,-1,3
46670883,0,30,-1,-1,6
46671031,56,50,-1,-1,5
46663745,31,43,-1,-1,1
46670933,3,53,-1,-1,6
46669527,19,14,-1,-1,1
46671347,14,58,-1,-1,3
46671198,22,58,-1,-1,4
46670935,14,39,-1,-1,2
46668632,39,34,-1,-1,2
46665509,25,22,-1,-1,2
46667160,0,39,-1,-1,2
46664980,34,5,-1,-1,1
46671610,32,50,-1,-1,1
46671484,39,22,-1,-1,2
46669515,57,30,-1,-1,1
46667708,50,45,-1,-1,5
46669976,39,40,-1,-1,7
46670510,44,10,-1,-1,0
46671842,37,28,-1,-1,1
46670781,24,29,-1,-1,3
46668014,20,44,-1,-1,4
46670375,25,36,-1,-1,2
46665185,14,9,-1,-1,1
46671492,23,3,-1,-1,7
46671779,17,48,-1,-1,6
46671056,13,41,-1,-1,0
46670107,27,36,-1,-1,0
46671832,11,39,-1,-1,5
46671011,14,13,-1,-1,3
46671662,0,8,-1,-1,1
46664073,34,1,-1,-1,7
46671685,5,16,-1,-1,4
46667248,9,27,-1,-1,4
46670821,14,26,-1,-1,6
46669836,28,22,-1,-1,2
46669154,48,33,-1,-1,0
46671423,1,6,-1,-1,4
46671320,27,46,-1,-1,2
46668339,34,31,-1,-1,6
46663506,41,2,-1,-1,2
46669471,33,18,-1,-1,4
46670265,5,13,-1,-1,7
46669956,53,42,-1,-1,3
46670904,45,15,-1,-1,7
46671555,17,20,-1,-1,4
46671134,0,3,-1,-1,7
46669601,29,23,-1,-1,5
46669846,55,23,-1,-1,4
46669139,6,27,-1,-1,5
46669829,30,22,-1,-1,7
46670965,9,24,-1,-1,1
46670101,41,39,-1,-1,7
46671364,39,42,-1,-1,7
46668435,11,33,-1,-1,4
46668888,57,52,-1,-1,5
46670350,55,19,-1,-1,2
46666126,14,40,-1,-1,4
46670325,36,56,-1,-1,6
46671477,24,46,-1,-1,0
46668738,19,25,-1,-1,0
46667904,0,28,-1,-1,1
46670044,32,7,-1,-1,1
46670156,9,53,-1,-1,4
46670331,56,17,-1,-1,2
46662294,12,49,-1,-1,6
46670025,10,24,-1,-1,5
46667867,33,55,-1,-1,2
46668369,11,9,-1,-1,4
46671694,21,40,-1,-1,7
46669343,28,54,-1,-1,0
46668965,0,49,-1,-1,6
46669626,33,49,-1,-1,0
46670793,29,49,-1,-1,3
46667806,26,49,-1,-1,5
46663899,36,46,-1,-1,5
46668127,7,36,-1,-1,4
46668441,34,58,-1,-1,2
46671634,7,26,-1,-1,2
46669691,38,28,-1,-1,7
46671188,39,54,-1,-1,4
46671032,40,33,-1,-1,1
46671790,57,38,-1,-1,3
46671695,40,44,-1,-1,0
46671765,25,4,-1,-1,2
46671824,11,1,-1,-1,3
46667431,7,53,-1,-1,4
46667805,26,54,-1,-1,5
46662402,56,24,-1,-1,4
46668175,27,44,-1,-1,4
46670792,47,51,-1,-1,3
46669589,40,20,-1,-1,2
46667209,42,19,-1,-1,5
46663931,3,15,-1,-1,7
46670114,52,14,-1,-1,1
46670384,26,44,-1,-1,3
46671470,17,8,-1,-1,6
46669705,3,52,-1,-1,3
46667102,29,4,-1,-1,3
46667273,45,45,-1,-1,4
46669698,7,48,-1,-1,1
46668554,56,26,-1,-1,4
46663686,30,6,-1,-1,3
46670909,7,43,-1,-1,2
46670860,25,48,-1,-1,5
46671057,29,37,-1,-1,0
46669826,21,23,-1,-1,1
46670235,20,47,-1,-1,1
46663984,50,3,-1,-1,5
46669263,19,40,-1,-1,7
46671591,6,48,-1,-1,2
46662389,42,23,-1,-1,2
46669606,23,46,-1,-1,3
46671682,56,0,-1,-1,4
46667997,56,41,-1,-1,3
46671091,49,17,-1,-1,1
46668954,50,17,-1,-1,0
46670275,30,8,-1,-1,6
46670299,4,37,-1,-1,2
46664433,23,4,-1,-1,1
46669027,0,4,-1,-1,7
46670972,20,53,-1,-1,6
46670585,23,39,-1,-1,2
46670845,33,2,-1,-1,7
46671006,53,49,-1,-1,3
46667927,5,37,-1,-1,1
46671403,43,33,-1,-1,7
46670633,23,48,-1,-1,6
46667135,43,48,-1,-1,4
46658930,54,31,-1,-1,0
46664230,3,40,-1,-1,6
46667739,56,58,-1,-1,3
46667521,49,37,-1,-1,6
46671620,33,48,-1,-1,0
46668932,38,57,-1,-1,7
46667582,0,51,-1,-1,0
46667465,26,43,-1,-1,3
46663570,30,50,-1,-1,2
46660080,23,13,-1,-1,7
46671420,29,9,-1,-1,3
46666841,19,48,-1,-1,4
46665239,29,32,-1,-1,3
46667699,20,8,-1,-1,3
46668920,4,36,-1,-1,0
46669732,25,0,-1,-1,3
46670371,39,47,-1,-1,5
46666483,32,17,-1,-1,6
46669435,26,37,-1,-1,2
46670969,48,57,-1,-1,6
46670272,24,22,-1,-1,2
46670536,40,55,-1,-1,4
46671127,4,41,-1,-1,6
46668564,52,3,-1,-1,4
46660653,23,43,-1,-1,7
46666709,25,49,-1,-1,2
46671228,17,55,-1,-1,4
46668765,58,25,-1,-1,5
46670659,35,37,-1,-1,4
46669694,46,57,-1,-1,6
46665697,26,33,-1,-1,6
46671831,51,15,-1,-1,6
46671579,2,17,-1,-1,0
46671533,36,5,-1,-1,6
46671521,52,29,-1,-1,5
46671494,17,29,-1,-1,2
46670740,58,6,-1,-1,6
46670251,48,19,-1,-1,4
46668945,8,32,-1,-1,3
46667280,9,10,-1,-1,4
46658588,29,34,-1,-1,0
46667648,26,29,-1,-1,1
46670323,34,30,-1,-1,3
46667796,43,7,-1,-1,4
46670444,26,15,-1,-1,1
46654116,20,16,-1,-1,7
46667095,47,38,-1,-1,3
46671503,3,36,-1,-1,7
46671444,41,46,-1,-1,4
46668160,51,12,-1,-1,0
46669327,57,4,-1,-1,7
46664241,14,53,-1,-1,2
46670593,36,36,-1,-1,0
46671036,24,9,-1,-1,2
46669231,46,51,-1,-1,2
46670875,26,7,-1,-1,2
46671286,29,3,-1,-1,5
46669455,38,55,-1,-1,4
46668698,29,38,-1,-1,2
46668625,47,30,-1,-1,0
46671729,27,29,-1,-1,6
46670762,40,54,-1,-1,3
46671089,19,5,-1,-1,3
46671786,58,19,-1,-1,0
46669810,36,58,-1,-1,2
46669008,25,9,-1,-1,6
46669065,38,7,-1,-1,1
46670667,17,47,-1,-1,6
46671401,25,56,-1,-1,6
46669219,12,21,-1,-1,2
46655187,30,37,-1,-1,4
46669979,57,39,-1,-1,0
46670163,14,51,-1,-1,1
46662479,52,30,-1,-1,2
46662378,44,58,-1,-1,5
46667745,27,27,-1,-1,5
46663536,26,21,-1,-1,7
46671856,2,26,-1,-1,6
46663908,30,12,-1,-1,2
46671563,20,42,-1,-1,6
46670618,18,12,-1,-1,4
46661933,33,54,-1,-1,6
46671254,7,52,-1,-1,7
46668941,29,58,-1,-1,6
46668485,0,15,-1,-1,3
46668078,36,11,-1,-1,4
46671352,0,54,-1,-1,5
46670083,22,10,-1,-1,6
46671560,38,11,-1,-1,4
46671370,37,26,-1,-1,6
46671586,45,1,-1,-1,2
46669073,37,17,-1,-1,2
46658726,50,38,-1,-1,5
46670675,31,31,-1,-1,7
46671741,23,53,-1,-1,5
46667153,41,8,-1,-1,2
46669299,6,58,-1,-1,3
46671493,53,55,-1,-1,1
46671684,24,6,-1,-1,4
46668641,11,22,-1,-1,5
46669495,0,40,-1,-1,1
46670537,22,51,-1,-1,6
46670591,31,55,-1,-1,2
46670425,33,58,-1,-1,3
46663785,30,54,-1,-1,7
46665542,44,2,-1,-1,2
46667750,52,26,-1,-1,6
46669030,6,30,-1,-1,4
46670478,13,12,-1,-1,7
46668695,7,57,-1,-1,5
46670956,45,51,-1,-1,6
46669827,11,14,-1,-1,6
46662470,32,11,-1,-1,0
46670982,27,52,-1,-1,1
46665592,27,56,-1,-1,6
46671219,38,30,-1,-1,4
46671405,5,24,-1,-1,3
46668603,58,8,-1,-1,0
46669033,28,42,-1,-1,2
46666585,19,28,-1,-1,4
46670436,12,6,-1,-1,0
46669159,38,21,-1,-1,3
46668513,27,31,-1,-1,6
46666515,22,15,-1,-1,4
46670568,4,39,-1,-1,7
46670586,52,39,-1,-1,3
46668454,21,2,-1,-1,1
46666143,19,50,-1,-1,1
46668762,23,25,-1,-1,0
46669050,18,36,-1,-1,4
46669210,10,5,-1,-1,6
46669445,45,49,-1,-1,7
46671436,57,20,-1,-1,6
46670442,30,44,-1,-1,6
46659689,16,44,-1,-1,1
46657216,39,14,-1,-1,5
46669447,46,33,-1,-1,7
46670795,14,10,-1,-1,5
46669249,13,2,-1,-1,5
46670629,43,27,-1,-1,5
46670970,33,11,-1,-1,6
46670722,42,42,-1,-1,1
46665944,51,41,-1,-1,2
46667594,0,29,-1,-1,1
46664540,4,28,-1,-1,1
46663161,49,20,-1,-1,7
46669268,42,53,-1,-1,6
46670999,14,11,-1,-1,4
46671390,7,17,-1,-1,2
46671435,44,53,-1,-1,0
46670481,51,53,-1,-1,7
46670004,55,18,-1,-1,2
46670915,3,38,-1,-1,5
46662877,56,22,-1,-1,1
46671467,38,20,-1,-1,0
46666453,2,19,-1,-1,4
46670855,24,51,-1,-1,3
46663274,44,7,-1,-1,4
46671564,7,23,-1,-1,6
46670445,53,31,-1,-1,7
46670339,9,9,-1,-1,6
46670685,57,5,-1,-1,2
46670611,23,42,-1,-1,3
46668118,5,53,-1,-1,7
46665803,45,11,-1,-1,5
46670647,56,43,-1,-1,3
46669864,20,45,-1,-1,5
46666193,45,54,-1,-1,3
46666459,8,9,-1,-1,1
46670138,25,31,-1,-1,3
46668330,31,42,-1,-1,1
46669968,37,11,-1,-1,3
46667161,54,13,-1,-1,2
46670867,23,11,-1,-1,2
46670104,35,44,-1,-1,6
46670616,26,6,-1,-1,2
46666437,37,32,-1,-1,7
46671716,4,57,-1,-1,1
46661711,42,1,-1,-1,7
46667741,0,1,-1,-1,7
46663611,2,25,-1,-1,1
46669331,37,36,-1,-1,1
46669302,7,33,-1,-1,0
46666778,41,29,-1,-1,3
46670635,44,46,-1,-1,6
46668427,54,24,-1,-1,0
46670816,32,55,-1,-1,3
46669724,16,6,-1,-1,1
46670716,53,24,-1,-1,2
46665310,34,28,-1,-1,0
46670374,22,50,-1,-1,0
46670266,32,19,-1,-1,0
46670820,17,0,-1,-1,3
46669919,52,47,-1,-1,7
46661905,10,56,-1,-1,1
46666463,10,47,-1,-1,3
46671630,12,30,-1,-1,3
46671451,52,57,-1,-1,2
46670747,56,25,-1,-1,3
46669823,46,1,-1,-1,5
46662117,16,52,-1,-1,7
46663459,7,5,-1,-1,0
46671201,7,42,-1,-1,2
46668563,45,24,-1,-1,3
46662933,29,2,-1,-1,3
46671232,9,33,-1,-1,7
46666693,39,6,-1,-1,6
46667519,19,6,-1,-1,6
46671446,44,16,-1,-1,4
46669243,22,5,-1,-1,6
46670588,10,8,-1,-1,7
46670830,48,52,-1,-1,3
46671206,5,55,-1,-1,3
46670358,48,29,-1,-1,1
46668720,12,28,-1,-1,7
46667207,36,45,-1,-1,6
46671208,35,6,-1,-1,6
46669716,33,23,-1,-1,6
46667915,46,12,-1,-1,2
46667502,39,0,-1,-1,5
46669612,58,1,-1,-1,6
46668739,25,52,-1,-1,3
46667490,37,33,-1,-1,3
46670334,16,49,-1,-1,2
46660534,39,53,-1,-1,2
46671109,0,34,-1,-1,6
46671245,38,39,-1,-1,1
46671863,48,11,-1,-1,5
46669654,27,43,-1,-1,6
46665477,48,5,-1,-1,5
46655540,28,35,-1,-1,7
46671069,29,20,-1,-1,5
46670024,51,34,-1,-1,1
46668520,43,53,-1,-1,5
46666717,17,36,-1,-1,7
46668466,36,2,-1,-1,3
46664596,13,56,-1,-1,7
46670619,30,26,-1,-1,3
46669211,51,45,-1,-1,5
46656637,40,28,-1,-1,3
46669993,18,39,-1,-1,1
46671043,6,14,-1,-1,1
46670115,35,46,-1,-1,3
46666179,15,6,-1,-1,3
46668182,46,10,-1,-1,0
46670893,46,24,-1,-1,6
46670894,43,58,-1,-1,1
46669546,14,23,-1,-1,4
46652802,30,13,-1,-1,0
46670498,44,40,-1,-1,2
46667678,34,32,-1,-1,0
46666625,44,33,-1,-1,6
46666197,12,5,-1,-1,2
46670026,47,18,-1,-1,6
46671038,39,58,-1,-1,0
46671411,45,44,-1,-1,7
46665771,12,18,-1,-1,2
46662842,11,12,-1,-1,3
46671542,4,52,-1,-1,0
46670974,36,28,-1,-1,7
46668213,9,36,-1,-1,3
46662121,11,27,-1,-1,4
46667176,56,3,-1,-1,1
46670154,10,27,-1,-1,3
46671677,4,47,-1,-1,0
46670574,37,35,-1,-1,7
46671120,6,12,-1,-1,2
46667792,41,36,-1,-1,7
46663824,2,45,-1,-1,1
46670940,31,3,-1,-1,6
46669855,57,32,-1,-1,6
46649122,57,11,-1,-1,3
46670614,19,47,-1,-1,4
46670248,56,15,-1,-1,0
46663357,54,37,-1,-1,1
46669092,16,21,-1,-1,7
46668253,16,10,-1,-1,5
46667868,12,7,-1,-1,1
46669739,45,29,-1,-1,4
46662461,58,35,-1,-1,5
46669708,43,9,-1,-1,6
46667433,50,43,-1,-1,1
46669277,36,52,-1,-1,2
46670307,16,23,-1,-1,0
46670324,11,56,-1,-1,3
46670899,7,9,-1,-1,1
46671828,41,13,-1,-1,0
46671755,42,58,-1,-1,6
46671624,13,34,-1,-1,6
46668421,22,7,-1,-1,7
46670688,15,10,-1,-1,4
46671637,10,13,-1,-1,1
46666173,37,2,-1,-1,6
46671781,31,4,-1,-1,6
46670919,3,12,-1,-1,7
46665870,51,46,-1,-1,7
46669320,21,10,-1,-1,3
46671696,7,2,-1,-1,0
46668507,32,34,-1,-1,5
46670261,11,11,-1,-1,1
46670020,9,58,-1,-1,0
46670459,46,7,-1,-1,4
46669283,51,26,-1,-1,4
46671603,54,52,-1,-1,5
46651433,30,40,-1,-1,2
46665563,29,26,-1,-1,2
46670642,3,51,-1,-1,0
46665899,43,57,-1,-1,2
46670297,51,27,-1,-1,4
46671673,18,15,-1,-1,3
46668680,55,15,-1,-1,2
46671101,31,30,-1,-1,3
46670149,20,0,-1,-1,2
46666975,54,53,-1,-1,1
46671754,34,23,-1,-1,6
46670801,58,49,-1,-1,4
46670124,16,58,-1,-1,1
46671717,12,35,-1,-1,4
46671292,14,28,-1,-1,1
46670051,3,8,-1,-1,4
46670161,30,31,-1,-1,7
46669367,3,3,-1,-1,7
46664335,20,10,-1,-1,3
46664304,34,46,-1,-1,6
46671655,1,28,-1,-1,1
46670653,4,14,-1,-1,6
46671497,38,41,-1,-1,7
46669166,42,32,-1,-1,2
46670304,21,35,-1,-1,4
46668108,16,43,-1,-1,7
46669468,6,9,-1,-1,5
46667247,18,35,-1,-1,4
46670222,21,14,-1,-1,1
46670171,27,22,-1,-1,0
46659006,29,35,-1,-1,3
46671023,9,41,-1,-1,6
46667309,2,35,-1,-1,4
46670111,40,49,-1,-1,1
46669881,7,19,-1,-1,6
46670011,24,32,-1,-1,5
46669461,0,21,-1,-1,6
46664462,47,26,-1,-1,2
46667847,54,40,-1,-1,2
46667369,33,3,-1,-1,6
46671554,58,41,-1,-1,4
46666012,1,11,-1,-1,2
46671616,26,26,-1,-1,7
46668608,31,58,-1,-1,3
46661068,31,24,-1,-1,0
46671051,32,30,-1,-1,6
46667918,43,39,-1,-1,6
46670934,0,18,-1,-1,7
46670846,35,24,-1,-1,0
46670920,50,57,-1,-1,3
46668858,39,20,-1,-1,5
46671362,1,30,-1,-1,4
46670864,18,25,-1,-1,7
46671169,1,8,-1,-1,3
46669393,18,29,-1,-1,0
46670097,19,55,-1,-1,6
46671529,57,14,-1,-1,3
46670003,26,47,-1,-1,3
46668333,2,10,-1,-1,5
46671517,36,7,-1,-1,3
46665388,41,20,-1,-1,7
46671450,2,34,-1,-1,3
46671675,23,8,-1,-1,6
46664767,33,41,-1,-1,7
46670596,40,23,-1,-1,1
46671272,37,48,-1,-1,5
46671255,8,58,-1,-1,4
46671046,24,50,-1,-1,6
46668909,25,17,-1,-1,1
46669566,20,15,-1,-1,5
46670630,10,30,-1,-1,1
46669094,5,5,-1,-1,7
46650396,53,32,-1,-1,3
46667240,35,54,-1,-1,4
46671241,38,22,-1,-1,0
46671597,49,45,-1,-1,3
46668318,47,52,-1,-1,4
46671550,14,20,-1,-1,5
46663282,4,46,-1,-1,2
46660404,13,36,-1,-1,0
46669537,21,27,-1,-1,7
46670980,15,53,-1,-1,7
46670130,56,10,-1,-1,5
46667863,20,36,-1,-1,2
46667961,12,16,-1,-1,5
46669172,26,24,-1,-1,6
46670441,56,42,-1,-1,6
46667314,18,32,-1,-1,6
46668290,31,57,-1,-1,1
46670204,45,47,-1,-1,4
46659295,51,4,-1,-1,3
46670592,58,23,-1,-1,6
46669573,47,40,-1,-1,1
46666795,41,42,-1,-1,2
46670429,49,54,-1,-1,1
46669038,38,19,-1,-1,0
46664556,3,13,-1,-1,3
46670548,25,23,-1,-1,1
46670028,13,31,-1,-1,6
46670410,25,3,-1,-1,0
46671686,32,47,-1,-1,6
46668893,33,12,-1,-1,7
46670796,36,16,-1,-1,3
46663937,1,10,-1,-1,3
46671615,25,39,-1,-1,4
46663420,26,1,-1,-1,5
46671085,2,37,-1,-1,1
46670338,28,9,-1,-1,0
46666428,15,58,-1,-1,4
46669822,20,39,-1,-1,4
46668677,22,53,-1,-1,1
46669161,58,43,-1,-1,1
46670535,53,51,-1,-1,7
46665684,0,22,-1,-1,0
46654865,8,48,-1,-1,0
46667955,22,32,-1,-1,1
46668483,52,46,-1,-1,0
46669425,37,10,-1,-1,3
46670361,19,49,-1,-1,4
46671613,51,24,-1,-1,5
46670245,28,8,-1,-1,2
46670924,3,11,-1,-1,6
46671357,43,24,-1,-1,0
46669975,29,15,-1,-1,4
46670544,3,24,-1,-1,6
46669134,11,3,-1,-1,3
46668030,21,11,-1,-1,0
46670158,40,1,-1,-1,4
46669044,40,6,-1,-1,0
46671487,27,21,-1,-1,6
46665438,45,33,-1,-1,2
46665131,0,33,-1,-1,2
46671240,21,56,-1,-1,5
46667968,31,2,-1,-1,7
46669642,43,40,-1,-1,0
46671782,57,58,-1,-1,1
46664672,34,8,-1,-1,0
46670136,23,17,-1,-1,2
46670131,31,40,-1,-1,5
46671068,51,55,-1,-1,4
46671097,21,29,-1,-1,5
46669819,3,39,-1,-1,7
46670418,14,41,-1,-1,5
46663338,27,28,-1,-1,0
46669431,2,29,-1,-1,2
46667836,41,55,-1,-1,0
46669931,35,3,-1,-1,7
46668741,0,38,-1,-1,4
46663504,21,39,-1,-1,3
46668267,22,29,-1,-1,2
46670302,52,58,-1,-1,7
46671001,42,0,-1,-1,5
46669646,43,10,-1,-1,5
46666488,23,12,-1,-1,3
46671539,4,0,-1,-1,1
46666352,47,54,-1,-1,0
46670177,8,6,-1,-1,4
46668752,35,32,-1,-1,2
46669970,7,40,-1,-1,5
46669967,24,8,-1,-1,6
46662596,40,45,-1,-1,1
46671356,31,5,-1,-1,6
46669267,42,52,-1,-1,4
46671772,22,4,-1,-1,3
46671578,19,56,-1,-1,2
46668763,49,16,-1,-1,7
46668772,8,36,-1,-1,7
46664229,14,43,-1,-1,5
46667777,21,13,-1,-1,4
46660179,43,46,-1,-1,4
46660939,31,38,-1,-1,3
46666725,48,51,-1,-1,5
46666374,40,46,-1,-1,6
46664138,36,54,-1,-1,3
46667493,19,20,-1,-1,6
46671458,57,18,-1,-1,4
46667983,40,35,-1,-1,2
46668675,32,1,-1,-1,4
46671395,54,17,-1,-1,5
46669026,20,29,-1,-1,6
46667941,53,26,-1,-1,7
46671119,44,20,-1,-1,6
46667740,19,16,-1,-1,2
46669675,37,42,-1,-1,0
46664086,31,49,-1,-1,5
46670473,37,12,-1,-1,6
46670689,11,28,-1,-1,2
46659900,7,18,-1,-1,5
46668252,39,28,-1,-1,6
46669020,8,27,-1,-1,0
46671825,30,2,-1,-1,1
46669678,30,11,-1,-1,7
46664779,35,10,-1,-1,7
46667249,50,10,-1,-1,5
46658385,1,39,-1,-1,2
46669841,37,34,-1,-1,2
46670597,21,6,-1,-1,2
46671021,22,56,-1,-1,3
46671048,40,15,-1,-1,7
46665615,38,4,-1,-1,1
46670113,34,3,-1,-1,0
46671605,37,52,-1,-1,5
46662998,0,50,-1,-1,0
46671829,50,37,-1,-1,1
46671456,56,40,-1,-1,1
46669247,42,20,-1,-1,4
46670319,32,58,-1,-1,4
46667675,27,34,-1,-1,1
46669769,32,15,-1,-1,0
46671638,25,19,-1,-1,0
46669212,6,5,-1,-1,4
46670321,57,56,-1,-1,6
46664321,30,51,-1,-1,5
46669235,6,28,-1,-1,5
46670631,4,45,-1,-1,5
46667598,5,10,-1,-1,7
46666666,35,12,-1,-1,5
46670720,32,52,-1,-1,7
46671635,45,48,-1,-1,1
46671386,12,40,-1,-1,3
46670960,25,6,-1,-1,0
46662996,31,51,-1,-1,2
46668019,56,49,-1,-1,7
46669258,30,4,-1,-1,4
46670393,9,39,-1,-1,1
46664464,44,49,-1,-1,1
46671034,15,7,-1,-1,0
46667698,29,10,-1,-1,1
46669188,9,48,-1,-1,6
46663609,1,37,-1,-1,3
46670175,56,44,-1,-1,4
46671666,54,42,-1,-1,3
46670738,10,18,-1,-1,5
46665781,11,31,-1,-1,2
46671763,42,55,-1,-1,7
46664000,4,16,-1,-1,5
46671536,0,32,-1,-1,4
46667704,8,12,-1,-1,3
46662000,14,49,-1,-1,5
46666872,25,38,-1,-1,0
46669541,10,49,-1,-1,3
46671481,40,37,-1,-1,0
46669380,49,41,-1,-1,6
46671535,9,29,-1,-1,0
46664857,4,49,-1,-1,3
46671815,52,9,-1,-1,1
46670605,16,46,-1,-1,0
46671596,47,50,-1,-1,1
46671256,45,17,-1,-1,2
46669868,17,34,-1,-1,4
46668573,54,41,-1,-1,6
46670351,10,25,-1,-1,3
46669318,50,19,-1,-1,5
46671490,36,38,-1,-1,4
46668867,58,34,-1,-1,5
46666918,5,57,-1,-1,1
46671709,58,0,-1,-1,4
46670634,3,30,-1,-1,2
46669813,50,1,-1,-1,7
46671701,24,44,-1,-1,1
46669325,53,18,-1,-1,4
46670917,43,6,-1,-1,7
46660592,57,19,-1,-1,7
46667661,58,40,-1,-1,4
46666147,34,44,-1,-1,7
46668649,53,50,-1,-1,3
46667666,52,42,-1,-1,4
46671625,56,30,-1,-1,0
46668618,4,30,-1,-1,0
46666716,26,58,-1,-1,1
46671144,15,25,-1,-1,4
46670589,11,47,-1,-1,4
46668842,9,40,-1,-1,1
46669207,40,22,-1,-1,5
46668818,42,56,-1,-1,1
46671171,16,30,-1,-1,1
46670457,3,10,-1,-1,6
46669876,48,36,-1,-1,4
46671622,20,46,-1,-1,1
46663209,23,5,-1,-1,2
46671018,56,34,-1,-1,0
46667987,45,22,-1,-1,3
46668876,50,12,-1,-1,5
46667885,9,25,-1,-1,0
46670532,52,51,-1,-1,6
46669945,35,28,-1,-1,7
46666206,9,7,-1,-1,6
46671071,16,51,-1,-1,5
46671547,4,34,-1,-1,2
46671293,38,13,-1,-1,2
46669556,9,55,-1,-1,1
46671501,49,47,-1,-1,3
46670471,12,25,-1,-1,2
46671103,33,22,-1,-1,0
46666517,8,33,-1,-1,5
46670542,23,32,-1,-1,0
46668927,7,37,-1,-1,2
46663894,50,4,-1,-1,4
46667157,17,15,-1,-1,1
46671074,47,48,-1,-1,6
46666811,23,34,-1,-1,6
46663594,54,28,-1,-1,1
46669072,44,37,-1,-1,0
46671307,6,37,-1,-1,7
46668405,1,57,-1,-1,2
46670905,55,54,-1,-1,7
46659656,18,0,-1,-1,0
46670825,45,35,-1,-1,2
46669359,44,43,-1,-1,6
46668111,51,23,-1,-1,3
46669816,37,0,-1,-1,1
46669922,5,38,-1,-1,2
46670697,26,57,-1,-1,4
46668512,11,48,-1,-1,2
46671399,47,6,-1,-1,3
46667772,25,45,-1,-1,4
46671247,48,14,-1,-1,2
46668412,49,51,-1,-1,5
46669192,3,48,-1,-1,3
46656391,7,54,-1,-1,1
46671785,46,28,-1,-1,0
46669615,53,54,-1,-1,2
46669441,48,7,-1,-1,7
46670356,3,20,-1,-1,5
46671239,11,6,-1,-1,7
46669667,17,21,-1,-1,1
46667252,18,28,-1,-1,1
46669378,13,48,-1,-1,7
46671427,7,35,-1,-1,6
46668925,33,9,-1,-1,1
46670157,31,20,-1,-1,1
46668005,56,45,-1,-1,0
46659506,6,34,-1,-1,3
46671848,40,17,-1,-1,6
46668498,45,36,-1,-1,3
46667890,27,42,-1,-1,7
46668229,34,0,-1,-1,6
46671355,51,25,-1,-1,1
46668847,21,55,-1,-1,0
46662791,23,40,-1,-1,5
46670378,50,23,-1,-1,7
46665341,26,5,-1,-1,1
46671552,22,47,-1,-1,1
46666818,45,50,-1,-1,6
46668794,6,42,-1,-1,3
46664633,52,31,-1,-1,0
46671200,53,11,-1,-1,7
46668437,48,26,-1,-1,6
46671221,39,33,-1,-1,6
46669227,22,2,-1,-1,3
46668494,58,17,-1,-1,2
46670360,50,18,-1,-1,6
46670246,54,57,-1,-1,0
46669989,3,26,-1,-1,0
46670913,28,11,-1,-1,0
46665580,26,3,-1,-1,3
46671269,47,17,-1,-1,7
46670615,37,1,-1,-1,5
46669155,7,34,-1,-1,4
46670977,37,47,-1,-1,1
46668300,12,1,-1,-1,3
46661013,13,20,-1,-1,0
46667322,5,7,-1,-1,5
46668284,5,31,-1,-1,1
46664389,40,56,-1,-1,3
46671263,7,58,-1,-1,0
46670368,13,29,-1,-1,3
46668187,56,9,-1,-1,7
46667697,53,9,-1,-1,3
46664733,20,6,-1,-1,7
46670525,16,42,-1,-1,5
46671804,57,37,-1,-1,1
46665694,13,4,-1,-1,0
46670127,2,51,-1,-1,6
46671537,2,38,-1,-1,1
46664498,45,38,-1,-1,6
46669012,34,34,-1,-1,1
46667166,19,38,-1,-1,5
46669129,57,47,-1,-1,4
46665385,44,18,-1,-1,3
46670383,18,27,-1,-1,0
46669118,30,16,-1,-1,0
46670842,54,2,-1,-1,1
46670105,51,35,-1,-1,3
46671396,34,51,-1,-1,0
46666960,4,31,-1,-1,0
46659480,29,50,-1,-1,4
46671769,32,53,-1,-1,5
46667609,13,22,-1,-1,0
46666278,26,31,-1,-1,1
46671644,47,41,-1,-1,0
46658817,27,11,-1,-1,4
46669888,2,36,-1,-1,1
46667667,38,15,-1,-1,3
46671814,8,31,-1,-1,0
46669656,41,16,-1,-1,3
46667848,40,53,-1,-1,4
46667445,49,31,-1,-1,3
46666456,6,4,-1,-1,2
46665788,38,53,-1,-1,4
46671165,36,19,-1,-1,4
46671382,33,24,-1,-1,5
46667967,54,9,-1,-1,0
46668539,15,26,-1,-1,0
46671287,38,25,-1,-1,6
46665366,58,2,-1,-1,6
46668805,1,13,-1,-1,7
46670240,10,46,-1,-1,7
46667111,48,32,-1,-1,4
46663834,29,40,-1,-1,4
46667803,9,44,-1,-1,6
46662267,12,11,-1,-1,1
46671098,38,23,-1,-1,0
46670750,46,19,-1,-1,2
46669144,53,20,-1,-1,5
46668096,5,50,-1,-1,1
46669684,54,26,-1,-1,4
46669610,29,24,-1,-1,4
46669982,47,36,-1,-1,4
46666477,55,42,-1,-1,0
46670822,9,15,-1,-1,7
46664305,2,53,-1,-1,0
46668152,14,37,-1,-1,1
46670315,53,43,-1,-1,6
46670560,24,54,-1,-1,2
46664855,3,18,-1,-1,7
46671342,30,14,-1,-1,6
46665369,49,39,-1,-1,5
46662583,13,38,-1,-1,6
46671641,35,31,-1,-1,1
46661977,0,53,-1,-1,7
46670318,1,38,-1,-1,2
46669883,28,26,-1,-1,4
46671193,12,8,-1,-1,1
46667238,58,24,-1,-1,0
46665740,8,35,-1,-1,1
46670684,47,43,-1,-1,0
46671568,2,4,-1,-1,7
46669774,6,45,-1,-1,6
46667917,3,27,-1,-1,2
46666486,51,58,-1,-1,7
46670274,32,57,-1,-1,6
46671473,49,19,-1,-1,4
46671168,26,18,-1,-1,7
46669060,44,50,-1,-1,2
46670829,17,58,-1,-1,3
46669096,43,18,-1,-1,5
46667412,58,47,-1,-1,6
46670617,36,47,-1,-1,2
46671367,41,52,-1,-1,6
46670955,35,52,-1,-1,5
46671294,24,2,-1,-1,0
46670964,19,37,-1,-1,7
46671787,12,4,-1,-1,5
46663180,1,31,-1,-1,2
46667262,25,7,-1,-1,6
46671394,50,20,-1,-1,0
46666890,42,12,-1,-1,2
46670746,15,24,-1,-1,5
46670652,0,14,-1,-1,4
46668016,20,31,-1,-1,1
46668144,47,14,-1,-1,1
46669186,6,35,-1,-1,7
46668190,3,47,-1,-1,0
46666895,33,57,-1,-1,2
46668204,49,10,-1,-1,0
46670888,48,45,-1,-1,6
46667397,13,7,-1,-1,3
46667773,28,0,-1,-1,4
46670432,8,29,-1,-1,1
46665424,38,16,-1,-1,2
46664482,15,35,-1,-1,3
46671233,48,42,-1,-1,0
46671431,51,14,-1,-1,1
46671160,55,53,-1,-1,3
46665331,18,21,-1,-1,0
46655855,28,17,-1,-1,6
46671488,52,4,-1,-1,2
46664302,15,52,-1,-1,1
46668106,34,42,-1,-1,2
46667573,47,5,-1,-1,4
46670357,34,55,-1,-1,6
46669120,56,6,-1,-1,7
46666004,15,1,-1,-1,6
46663579,31,8,-1,-1,3
46666919,47,7,-1,-1,4
46666783,8,3,-1,-1,1
46670561,50,42,-1,-1,1
46666413,25,32,-1,-1,6
46664184,50,52,-1,-1,6
46671775,57,13,-1,-1,7
46669666,31,54,-1,-1,7
46670764,6,40,-1,-1,3
46671346,6,15,-1,-1,3
46670627,58,53,-1,-1,4
46668628,44,45,-1,-1,5
46669083,30,29,-1,-1,3
46670590,39,35,-1,-1,1
46670812,49,6,-1,-1,2
46662981,24,25,-1,-1,4
46668704,23,57,-1,-1,3
46668336,17,24,-1,-1,4
46669043,13,54,-1,-1,4
46669266,5,44,-1,-1,4
46670949,17,10,-1,-1,1
46658348,1,43,-1,-1,4
46669417,6,3,-1,-1,2
46671753,19,45,-1,-1,5
46663267,44,39,-1,-1,2
46671385,6,17,-1,-1,3
46670192,45,21,-1,-1,1
46670071,44,30,-1,-1,7
46669197,22,0,-1,-1,0
46666819,19,3,-1,-1,2
46671008,2,57,-1,-1,5
46666906,51,16,-1,-1,6
46667154,30,25,-1,-1,2
46665772,10,16,-1,-1,4
46670759,42,7,-1,-1,7
46670994,10,33,-1,-1,2
46671148,15,34,-1,-1,5
46655723,48,20,-1,-1,1
46666342,22,48,-1,-1,3
46665981,5,28,-1,-1,7
46668944,15,13,-1,-1,4
46668272,34,22,-1,-1,7
46670853,51,8,-1,-1,0
46668496,5,22,-1,-1,7
46670456,51,11,-1,-1,4
46670160,58,26,-1,-1,7
46671840,23,19,-1,-1,3
46671654,38,54,-1,-1,4
46670038,56,37,-1,-1,0
46669397,30,58,-1,-1,3
46663958,44,29,-1,-1,0
46670100,54,8,-1,-1,7
46671205,45,26,-1,-1,3
46666701,24,4,-1,-1,7
46668884,34,52,-1,-1,1
46670406,38,12,-1,-1,4
46669013,17,12,-1,-1,6
46670385,18,20,-1,-1,4
46670286,11,23,-1,-1,4
46669407,8,53,-1,-1,6
46669647,18,34,-1,-1,4
46670902,35,35,-1,-1,4
46669041,18,4,-1,-1,4
46670918,20,50,-1,-1,1
46670081,18,56,-1,-1,0
46670752,18,31,-1,-1,3
46667203,2,22,-1,-1,1
46671251,25,33,-1,-1,2
46665111,27,15,-1,-1,6
46667381,37,38,-1,-1,6
46665363,18,42,-1,-1,3
46670922,34,24,-1,-1,0
46671611,52,20,-1,-1,1
46666519,31,27,-1,-1,4
46667389,17,45,-1,-1,2
46668214,20,20,-1,-1,7
46664159,24,52,-1,-1,4
46671443,24,40,-1,-1,1
46670134,10,32,-1,-1,1
46665596,37,41,-1,-1,2
46667747,30,20,-1,-1,4
46667356,3,6,-1,-1,3
46670058,52,45,-1,-1,3
46666588,23,24,-1,-1,6
46668575,51,30,-1,-1,2
46666263,0,57,-1,-1,6
46667158,27,23,-1,-1,0
46666728,3,19,-1,-1,2
46661681,44,9,-1,-1,5
46671176,2,2,-1,-1,6
46664149,40,52,-1,-1,7
46670985,57,53,-1,-1,0
46668651,5,0,-1,-1,0
46669442,33,43,-1,-1,2
46669036,57,50,-1,-1,5
46670823,45,6,-1,-1,0
46670159,28,27,-1,-1,1
46670608,7,7,-1,-1,4
46671558,24,47,-1,-1,4
46663105,27,14,-1,-1,1
46668825,19,23,-1,-1,6
46662936,4,8,-1,-1,2
46667902,50,40,-1,-1,5
46670502,32,44,-1,-1,7
46670128,55,57,-1,-1,0
46668689,31,56,-1,-1,1
46670782,37,43,-1,-1,3
46666874,45,8,-1,-1,7
46668353,17,46,-1,-1,5
46670475,51,43,-1,-1,7
46669628,44,25,-1,-1,4
46671509,6,26,-1,-1,1
46670120,49,33,-1,-1,5
46671475,1,18,-1,-1,1
46671520,19,22,-1,-1,2
46663779,54,38,-1,-1,5
46669958,44,8,-1,-1,1
46669856,43,8,-1,-1,0
46667874,13,27,-1,-1,2
46671854,36,43,-1,-1,1
46663856,31,48,-1,-1,6
46668510,58,54,-1,-1,1
46671076,24,27,-1,-1,6
46671442,49,46,-1,-1,5
46667019,39,3,-1,-1,4
46664884,19,12,-1,-1,1
46668104,58,28,-1,-1,1
46671087,18,57,-1,-1,2
46665569,32,38,-1,-1,6
46666633,46,38,-1,-1,6
46667508,55,43,-1,-1,2
46671182,52,7,-1,-1,0
46668422,12,24,-1,-1,7
46671736,36,17,-1,-1,6
46669865,44,26,-1,-1,4
46667294,11,53,-1,-1,7
46668505,28,51,-1,-1,3
46665644,34,27,-1,-1,1
46671196,45,53,-1,-1,0
46669613,36,50,-1,-1,4
46671039,7,3,-1,-1,1
46669777,21,45,-1,-1,3
46668227,57,51,-1,-1,2
46664442,26,42,-1,-1,7
46666382,15,44,-1,-1,7
46660376,15,27,-1,-1,2
46671007,48,53,-1,-1,7
46664215,8,42,-1,-1,0
46671283,54,18,-1,-1,4
46664800,15,14,-1,-1,0
46671819,57,29,-1,-1,7
46662697,29,57,-1,-1,7
46664326,52,18,-1,-1,3
46668061,30,41,-1,-1,3
46671543,34,10,-1,-1,2
46665224,1,49,-1,-1,6
46671800,23,10,-1,-1,5
46670968,0,25,-1,-1,6
46670468,13,44,-1,-1,6
46670958,45,16,-1,-1,4
46663767,13,16,-1,-1,7
46670562,30,15,-1,-1,1
46668716,6,16,-1,-1,3
46669189,46,3,-1,-1,3
46666264,50,55,-1,-1,3
46665244,6,2,-1,-1,7
46667829,9,2,-1,-1,4
46670602,49,56,-1,-1,1
46670327,34,18,-1,-1,0
46664186,16,50,-1,-1,4
46671559,12,41,-1,-1,5
46661093,28,48,-1,-1,3
46669670,48,35,-1,-1,5
46666169,0,10,-1,-1,2
46661722,8,4,-1,-1,4
46670372,2,20,-1,-1,5
46671589,40,24,-1,-1,5
46671218,4,56,-1,-1,3
46670231,36,42,-1,-1,6
46665332,14,7,-1,-1,6
46670190,37,37,-1,-1,1
46666302,12,42,-1,-1,0
46668854,27,33,-1,-1,3
46669608,47,28,-1,-1,6
46669729,0,45,-1,-1,5
46671459,46,9,-1,-1,6
46671574,34,26,-1,-1,6
46668929,37,14,-1,-1,5
46670649,15,41,-1,-1,7
46665868,9,22,-1,-1,7
46669346,5,4,-1,-1,6
46671810,32,36,-1,-1,4
46671619,41,43,-1,-1,0
46671516,42,18,-1,-1,3
46668234,27,17,-1,-1,3
46671135,1,54,-1,-1,1
46671495,43,50,-1,-1,6
46670466,29,30,-1,-1,4
46665700,42,57,-1,-1,0
46669040,55,40,-1,-1,7
46671432,17,33,-1,-1,2
46664609,45,0,-1,-1,5
46662821,21,53,-1,-1,5
46671657,34,39,-1,-1,7
46670927,51,57,-1,-1,5
46671796,28,15,-1,-1,0
46663872,37,5,-1,-1,5
46667198,47,31,-1,-1,4
46667361,11,5,-1,-1,3
46665730,36,29,-1,-1,7
46669386,8,24,-1,-1,7
46668898,54,50,-1,-1,2
46664235,13,43,-1,-1,6
46670938,55,3,-1,-1,4
46670241,9,43,-1,-1,3
46665054,50,25,-1,-1,5
46669633,56,2,-1,-1,0
46664713,42,2,-1,-1,2
46666829,34,29,-1,-1,3
46669921,51,48,-1,-1,7
46670000,6,32,-1,-1,1
46669395,32,25,-1,-1,6
46667312,10,54,-1,-1,4
46668582,37,20,-1,-1,5
46666296,28,34,-1,-1,7
46669861,41,11,-1,-1,4
46659997,40,8,-1,-1,1
46669681,36,13,-1,-1,1
46667821,46,13,-1,-1,6
46670504,1,14,-1,-1,2
46670035,11,30,-1,-1,6
46671337,46,6,-1,-1,3
46670872,58,38,-1,-1,2
46669773,22,55,-1,-1,3
46671649,43,55,-1,-1,5
46670981,10,19,-1,-1,3
46670880,3,55,-1,-1,0
46670470,20,49,-1,-1,0
46669959,50,29,-1,-1,2
46667265,35,55,-1,-1,3
46669987,56,28,-1,-1,7
46665034,28,46,-1,-1,6
46671653,18,17,-1,-1,7
46671773,7,6,-1,-1,6
46661626,22,19,-1,-1,0
46669358,54,19,-1,-1,2
46671016,16,14,-1,-1,7
46671609,49,35,-1,-1,6
46671645,43,41,-1,-1,0
46671756,28,33,-1,-1,1
46667234,53,56,-1,-1,7
46668732,8,17,-1,-1,5
46671724,10,11,-1,-1,0
46671582,51,38,-1,-1,5
46668085,52,8,-1,-1,1
46665856,32,40,-1,-1,6
46664693,16,18,-1,-1,6
46671546,55,24,-1,-1,5
46661714,12,26,-1,-1,3
46666225,50,9,-1,-1,5
46671191,9,56,-1,-1,2
46663060,47,1,-1,-1,3
46668013,20,56,-1,-1,0
46668400,13,5,-1,-1,6
46671512,18,19,-1,-1,5
46666911,29,33,-1,-1,6
46667692,32,48,-1,-1,2
46665421,48,41,-1,-1,1
46671075,21,54,-1,-1,5
46670745,13,42,-1,-1,2
46669910,31,39,-1,-1,0
46669704,43,44,-1,-1,3
46671325,31,9,-1,-1,3
46671844,46,32,-1,-1,7
46666602,33,35,-1,-1,0
46665060,55,39,-1,-1,1
46666184,7,39,-1,-1,5
46670208,10,17,-1,-1,1
46667038,53,52,-1,-1,7
46671575,16,31,-1,-1,6
46664789,58,18,-1,-1,5
46668967,45,5,-1,-1,1
46667520,55,31,-1,-1,6
46668459,6,57,-1,-1,7
46668296,24,18,-1,-1,0
46670428,12,9,-1,-1,5
46667931,57,25,-1,-1,6
46671525,39,26,-1,-1,6
46660605,21,58,-1,-1,5
46652996,24,16,-1,-1,3
46669194,33,25,-1,-1,4
46666573,8,16,-1,-1,5
46667043,35,5,-1,-1,6
46665113,51,33,-1,-1,4
46670219,13,10,-1,-1,6
46669685,31,25,-1,-1,5
46668533,13,46,-1,-1,6
46664941,36,40,-1,-1,7
46668017,36,10,-1,-1,4
46671072,39,10,-1,-1,4
46668596,33,34,-1,-1,4
46671731,32,23,-1,-1,5
46664514,23,6,-1,-1,4
46669740,4,32,-1,-1,3
46669114,17,32,-1,-1,3
46671437,13,47,-1,-1,6
46671698,45,39,-1,-1,0
46657460,10,35,-1,-1,2
46670449,55,10,-1,-1,1
46670646,25,50,-1,-1,2
46669288,3,37,-1,-1,2
46669087,15,15,-1,-1,1
46666718,10,43,-1,-1,6
46671368,52,28,-1,-1,2
46654326,35,39,-1,-1,4
46670072,10,12,-1,-1,6
46670460,30,0,-1,-1,1
46670655,58,7,-1,-1,4
46670085,52,56,-1,-1,4
46671830,9,50,-1,-1,0
46668565,18,44,-1,-1,6
46668056,21,17,-1,-1,5
46670349,33,16,-1,-1,4
46670526,25,37,-1,-1,6
46670757,28,39,-1,-1,1
46669035,14,27,-1,-1,3
46662999,38,2,-1,-1,0
46668167,47,39,-1,-1,6
46669661,8,54,-1,-1,6
46670785,39,16,-1,-1,0
46669923,45,30,-1,-1,4
46667358,38,43,-1,-1,0
46669039,39,25,-1,-1,6
46670901,9,38,-1,-1,0
46671730,48,4,-1,-1,1
46668271,45,55,-1,-1,7
46669408,53,57,-1,-1,0
46659948,21,48,-1,-1,2
46671805,58,30,-1,-1,5
46671280,56,31,-1,-1,3
46668636,42,33,-1,-1,2
46667791,46,56,-1,-1,1
46667568,28,13,-1,-1,4
46670772,53,40,-1,-1,5
46668742,20,57,-1,-1,3
46665118,58,15,-1,-1,4
46671747,26,25,-1,-1,7
46666478,47,37,-1,-1,3
46663760,50,33,-1,-1,1
46664616,33,51,-1,-1,0
46659233,5,12,-1,-1,7
46670576,10,14,-1,-1,4
46669999,3,58,-1,-1,5
46670582,55,48,-1,-1,1
46671230,29,16,-1,-1,4
46670199,1,15,-1,-1,4
46669576,8,25,-1,-1,5
46668938,44,24,-1,-1,1
46667947,31,13,-1,-1,1
46670543,10,37,-1,-1,5
46669544,49,44,-1,-1,7
46671304,35,45,-1,-1,1
46667717,31,53,-1,-1,4
46665311,19,13,-1,-1,3
46667726,42,10,-1,-1,0
46671410,10,42,-1,-1,1
46671319,49,58,-1,-1,5
46667822,5,52,-1,-1,5
46667564,36,51,-1,-1,0
46668049,19,26,-1,-1,6
46666685,57,26,-1,-1,5
46668599,51,6,-1,-1,0
46667672,37,27,-1,-1,2
46668529,6,1,-1,-1,3
46671519,25,29,-1,-1,3
46670654,30,23,-1,-1,4
46670474,21,52,-1,-1,3
46666849,20,33,-1,-1,7
46670408,23,37,-1,-1,5
46669174,16,9,-1,-1,1
46657707,39,57,-1,-1,4
46671104,2,18,-1,-1,2
46667428,20,1,-1,-1,5
46668373,56,11,-1,-1,0
46669842,3,57,-1,-1,5
46667971,34,2,-1,-1,0
46665675,40,12,-1,-1,5
46663472,13,21,-1,-1,3
46669250,18,14,-1,-1,7
46670260,20,17,-1,-1,3
46667018,57,40,-1,-1,7
46661817,17,41,-1,-1,0
46669103,41,3,-1,-1,1
46671132,16,20,-1,-1,6
46670660,11,36,-1,-1,0
46666196,39,51,-1,-1,1
46668299,7,27,-1,-1,4
46669629,40,50,-1,-1,1
46670601,2,55,-1,-1,2
46666181,25,5,-1,-1,3
46666982,39,30,-1,-1,1
46666962,55,26,-1,-1,4
46669983,56,55,-1,-1,6
46665572,37,8,-1,-1,1
46666548,19,11,-1,-1,0
46668337,8,23,-1,-1,1
46671710,42,17,-1,-1,2
46670808,33,31,-1,-1,0
46668301,30,32,-1,-1,4
46666109,42,54,-1,-1,1
46670005,9,3,-1,-1,4
46666314,31,19,-1,-1,4
46666851,50,48,-1,-1,3
46669489,49,38,-1,-1,0
46669057,26,40,-1,-1,7
46662879,11,54,-1,-1,5
46668009,47,20,-1,-1,5
46671505,32,22,-1,-1,5
46666231,32,8,-1,-1,5
46667364,50,26,-1,-1,4
46666444,19,58,-1,-1,2
46671323,4,17,-1,-1,7
46661525,9,46,-1,-1,2
46670767,18,18,-1,-1,5
46671660,19,15,-1,-1,0
46668846,21,41,-1,-1,5
46668682,4,55,-1,-1,3
46668305,27,57,-1,-1,4
46671449,14,3,-1,-1,7
46668326,21,50,-1,-1,0
46665749,44,35,-1,-1,2
46671330,3,28,-1,-1,2
46667687,1,51,-1,-1,2
46667649,1,26,-1,-1,6
46671759,24,39,-1,-1,1
46670612,30,52,-1,-1,5
46670718,55,45,-1,-1,6
46669565,51,49,-1,-1,6
46670493,43,31,-1,-1,3
46668776,35,23,-1,-1,6
46670657,47,34,-1,-1,6
46660436,54,54,-1,-1,6
46671164,3,17,-1,-1,2
46669840,10,40,-1,-1,1
46669723,16,7,-1,-1,5
46666139,49,57,-1,-1,1
46671726,2,30,-1,-1,0
46652900,2,42,-1,-1,0
46669484,45,27,-1,-1,2
46668285,1,20,-1,-1,6
46670730,43,22,-1,-1,6
46662779,5,45,-1,-1,1
46669884,42,27,-1,-1,3
46670061,53,38,-1,-1,5
46670805,14,19,-1,-1,7
46670957,40,29,-1,-1,1
46667921,9,57,-1,-1,3
46670309,53,39,-1,-1,7
46671234,48,3,-1,-1,0
46667169,19,41,-1,-1,3
46671114,42,25,-1,-1,3
46671073,56,48,-1,-1,4
46666008,44,11,-1,-1,1
46670488,33,29,-1,-1,6
46671816,22,3,-1,-1,3
46666447,7,30,-1,-1,6
46671758,2,9,-1,-1,1
46669839,5,11,-1,-1,0
46671633,5,43,-1,-1,0
46669131,45,40,-1,-1,3
46671306,41,38,-1,-1,7
46668142,12,39,-1,-1,3
46670430,37,13,-1,-1,3
46669812,27,2,-1,-1,1
46669361,18,53,-1,-1,3
46666101,40,2,-1,-1,0
46669731,51,19,-1,-1,3
46671155,29,53,-1,-1,6
46670926,14,38,-1,-1,4
46671849,18,40,-1,-1,0
46670774,42,16,-1,-1,2
46660799,3,32,-1,-1,3
46663319,20,35,-1,-1,3
46664960,33,4,-1,-1,2
46671369,15,57,-1,-1,6
46671065,12,33,-1,-1,7
46670753,29,21,-1,-1,7
46671439,17,7,-1,-1,2
46664850,55,5,-1,-1,7
46671236,1,32,-1,-1,4
46670176,8,28,-1,-1,6
46662306,5,17,-1,-1,3
46666617,46,40,-1,-1,4
46671618,29,48,-1,-1,0
46666878,29,13,-1,-1,4
46669631,41,17,-1,-1,2
46669304,6,51,-1,-1,6
46669788,32,49,-1,-1,4
46666508,32,26,-1,-1,5
46668686,0,37,-1,-1,5
46667455,40,16,-1,-1,7
46669592,12,23,-1,-1,1
46670521,53,10,-1,-1,1
46671802,14,31,-1,-1,7
46668099,11,13,-1,-1,5
46669936,43,36,-1,-1,0
46671050,43,52,-1,-1,4
46671343,46,50,-1,-1,4
46668222,22,49,-1,-1,6
46667631,16,2,-1,-1,4
46664796,24,30,-1,-1,6
46667266,44,52,-1,-1,1
46669718,28,49,-1,-1,0
46664078,27,50,-1,-1,2
46671359,42,6,-1,-1,1
46670637,41,45,-1,-1,3
46663837,6,47,-1,-1,5
46663867,31,21,-1,-1,1
46670194,11,0,-1,-1,0
46671045,48,8,-1,-1,4
46664405,35,42,-1,-1,1
46666843,36,21,-1,-1,0
46670453,0,58,-1,-1,3
46671349,29,5,-1,-1,5
46667030,18,46,-1,-1,5
46671271,55,13,-1,-1,6
46670034,30,53,-1,-1,4
46671504,7,46,-1,-1,7
46668834,53,22,-1,-1,0
46670891,11,46,-1,-1,2
46671030,47,33,-1,-1,1
46671422,47,55,-1,-1,3
46667571,9,14,-1,-1,5
46663712,15,50,-1,-1,0
46670559,18,51,-1,-1,6
46668174,41,44,-1,-1,6
46668714,20,52,-1,-1,5
46665797,20,38,-1,-1,3
46658293,4,50,-1,-1,0
46669502,19,7,-1,-1,7
46671471,26,41,-1,-1,4
46666108,55,30,-1,-1,0
46666865,52,21,-1,-1,2
46669860,21,15,-1,-1,7
46662826,39,13,-1,-1,1
46671042,55,6,-1,-1,2
46669306,42,48,-1,-1,2
46668755,41,4,-1,-1,2
46670009,28,50,-1,-1,2
46671486,55,51,-1,-1,4
46671847,52,53,-1,-1,3
46670658,57,33,-1,-1,1
46671708,14,17,-1,-1,6
46666148,19,19,-1,-1,7
46671628,1,44,-1,-1,7
46659742,51,21,-1,-1,3
46670776,48,34,-1,-1,0
46668662,44,1,-1,-1,6
46667230,22,22,-1,-1,6
46668890,45,13,-1,-1,3
46671681,50,31,-1,-1,6
46666298,54,56,-1,-1,0
46668891,34,47,-1,-1,6
46667345,14,32,-1,-1,7
46665829,33,30,-1,-1,7
46670281,38,3,-1,-1,0
46667800,30,7,-1,-1,3
46663396,45,2,-1,-1,0
46671761,18,6,-1,-1,2
46671099,21,24,-1,-1,4
46671502,36,33,-1,-1,5
46665687,2,0,-1,-1,0
46659088,17,49,-1,-1,2
46667694,29,22,-1,-1,4
46668347,40,13,-1,-1,5
46666204,50,56,-1,-1,1
46671715,1,29,-1,-1,1
46669398,27,24,-1,-1,7
46670401,50,11,-1,-1,7
46663920,15,0,-1,-1,5
46670027,7,51,-1,-1,0
46663406,48,10,-1,-1,7
46670293,41,24,-1,-1,0
46655181,50,16,-1,-1,7
46670815,12,22,-1,-1,3
46665377,1,36,-1,-1,0
46671024,7,31,-1,-1,2
46670530,35,4,-1,-1,2
46671092,51,5,-1,-1,7
46670783,30,1,-1,-1,4
46669229,12,13,-1,-1,3
46668779,7,41,-1,-1,1
46666930,12,17,-1,-1,1
46669342,6,10,-1,-1,1
46671019,28,57,-1,-1,3
46670571,12,2,-1,-1,0
46667267,51,37,-1,-1,0
46671513,35,41,-1,-1,7
46669600,36,6,-1,-1,4
46671258,38,17,-1,-1,3
46671822,32,10,-1,-1,5
46668176,2,13,-1,-1,0
46671548,30,33,-1,-1,2
46663714,4,27,-1,-1,0
46667073,1,33,-1,-1,7
46670500,38,24,-1,-1,7
46670427,31,44,-1,-1,1
46665818,41,35,-1,-1,1
46666830,46,4,-1,-1,3
46671366,15,18,-1,-1,2
46669375,2,16,-1,-1,4
46665145,29,11,-1,-1,0
46669370,30,9,-1,-1,0
46671827,25,28,-1,-1,3
46671131,43,3,-1,-1,7
46671203,7,28,-1,-1,7
46665999,39,12,-1,-1,3
46670409,2,48,-1,-1,1
46670802,14,25,-1,-1,5
46664705,41,41,-1,-1,3
46670638,16,39,-1,-1,4
46667255,49,5,-1,-1,7
46671469,24,53,-1,-1,5
46671012,2,32,-1,-1,6
46671328,50,13,-1,-1,2
46669793,14,16,-1,-1,5
46666189,47,13,-1,-1,4
46669929,53,8,-1,-1,5
46671788,42,35,-1,-1,2
46671478,12,53,-1,-1,4
46654654,26,2,-1,-1,4
46668791,33,10,-1,-1,2
46671153,10,57,-1,-1,2
46670258,20,19,-1,-1,1
46671784,42,36,-1,-1,4
46664512,39,45,-1,-1,1
46664859,41,12,-1,-1,3
46669404,56,57,-1,-1,2
46667936,29,28,-1,-1,6
46664161,25,54,-1,-1,2
46671652,15,23,-1,-1,7
46671374,28,10,-1,-1,1
46667714,19,9,-1,-1,0
46671204,14,48,-1,-1,6
46665851,47,12,-1,-1,4
46666606,16,27,-1,-1,3
46667883,28,19,-1,-1,2
46666053,54,48,-1,-1,3
46671029,44,15,-1,-1,6
46669837,8,20,-1,-1,6
46670269,11,34,-1,-1,0
46671702,4,5,-1,-1,1
46671817,6,44,-1,-1,2
46666343,21,57,-1,-1,6
46671774,46,11,-1,-1,7
46668121,24,37,-1,-1,5
46670736,16,55,-1,-1,4
46669879,5,15,-1,-1,4
46669692,39,9,-1,-1,3
46669581,48,39,-1,-1,4
46670042,48,1,-1,-1,5
46670517,10,29,-1,-1,0
46671430,4,4,-1,-1,3
46671166,15,4,-1,-1,3
46671384,14,8,-1,-1,1
46671527,14,35,-1,-1,6
46664875,24,49,-1,-1,3
46670868,14,47,-1,-1,7
46671253,26,53,-1,-1,2
46671733,34,17,-1,-1,3
46667539,49,1,-1,-1,1
46670419,30,27,-1,-1,5
46669476,42,49,-1,-1,2
46663438,35,43,-1,-1,1
46665617,29,1,-1,-1,5
46663090,25,43,-1,-1,1
46671067,2,14,-1,-1,7
46669712,58,56,-1,-1,7
46669077,47,57,-1,-1,3
46671338,52,50,-1,-1,0
46660423,50,34,-1,-1,6
46670486,35,58,-1,-1,6
46670238,48,54,-1,-1,7
46670790,6,36,-1,-1,7
46670180,48,44,-1,-1,4
46657786,26,39,-1,-1,7
46670983,36,48,-1,-1,6
46670491,43,56,-1,-1,7
46662997,35,49,-1,-1,6
46667284,33,44,-1,-1,1
46668404,14,42,-1,-1,5
46670066,11,2,-1,-1,2
46671441,46,55,-1,-1,5
46671199,29,29,-1,-1,2
46667990,41,22,-1,-1,0
46670799,34,7,-1,-1,5
46670651,38,38,-1,-1,0
46671149,8,51,-1,-1,5
46670786,19,52,-1,-1,0
46670807,14,33,-1,-1,6
46671112,5,51,-1,-1,3
46661514,14,5,-1,-1,3
46669961,11,44,-1,-1,5
46667596,50,14,-1,-1,1
46671668,47,29,-1,-1,0
46669416,12,54,-1,-1,0
46668915,35,36,-1,-1,0
46669119,54,11,-1,-1,1
46670227,35,50,-1,-1,5
46671778,13,15,-1,-1,3
46669943,6,50,-1,-1,3
46663687,54,44,-1,-1,5
46670838,0,44,-1,-1,6
46667215,4,40,-1,-1,2
46670210,15,47,-1,-1,1
46666944,5,34,-1,-1,7
46662418,34,38,-1,-1,5
46659212,42,9,-1,-1,5
46671507,20,7,-1,-1,6
46666542,26,50,-1,-1,6
46668594,36,34,-1,-1,2
46669971,44,21,-1,-1,3
46668208,33,50,-1,-1,4
46670207,36,41,-1,-1,5
46668418,12,37,-1,-1,7
46671639,5,49,-1,-1,5
46664239,37,21,-1,-1,4
46671154,49,43,-1,-1,6
46671173,41,28,-1,-1,4
46669475,52,13,-1,-1,6
46670770,33,27,-1,-1,5
46670439,32,41,-1,-1,6
46668684,11,8,-1,-1,7
46670045,8,21,-1,-1,0
46671014,38,32,-1,-1,2
46667048,30,28,-1,-1,0
46671108,7,47,-1,-1,7
46669972,54,1,-1,-1,4
46666592,18,22,-1,-1,5
46670424,55,38,-1,-1,7
46671181,32,9,-1,-1,5
46671185,52,27,-1,-1,7
46671105,14,15,-1,-1,2
46671246,30,19,-1,-1,0
46671284,49,11,-1,-1,1
46668003,45,42,-1,-1,3
46671017,18,41,-1,-1,7
46666327,37,22,-1,-1,1
46671455,36,49,-1,-1,2
46669158,3,42,-1,-1,1
46669449,3,21,-1,-1,7
46671518,50,41,-1,-1,3
46669433,58,39,-1,-1,3
46668506,36,35,-1,-1,3
46669957,25,13,-1,-1,2
46671433,17,27,-1,-1,3
46671225,3,4,-1,-1,0
46661834,0,13,-1,-1,5
46669869,49,2,-1,-1,0
46667991,23,15,-1,-1,7
46669379,30,34,-1,-1,4
46670116,35,29,-1,-1,5
46670221,33,52,-1,-1,0
46667928,13,28,-1,-1,2
46665936,46,23,-1,-1,3
46670447,17,43,-1,-1,6
46668269,56,23,-1,-1,2
46670484,35,15,-1,-1,3
46671808,27,20,-1,-1,6
46669290,25,26,-1,-1,5
46670991,40,5,-1,-1,1
46670533,21,47,-1,-1,4
46667163,57,46,-1,-1,3
46671139,18,52,-1,-1,5
46667530,8,55,-1,-1,2
46671680,22,21,-1,-1,6
46661148,19,54,-1,-1,3
46671334,6,8,-1,-1,5
46670687,20,18,-1,-1,5
46671129,1,21,-1,-1,3
46668557,53,15,-1,-1,2
46670355,53,23,-1,-1,2
46670250,26,45,-1,-1,1
46661995,58,37,-1,-1,5
46670557,52,1,-1,-1,6
46671136,14,14,-1,-1,3
46666775,19,31,-1,-1,1
46652170,2,21,-1,-1,7
46668053,9,0,-1,-1,1
46666183,50,24,-1,-1,3
46671141,21,30,-1,-1,6
46669567,10,31,-1,-1,6
46664651,35,8,-1,-1,5
46671445,25,8,-1,-1,7
46669062,36,18,-1,-1,7
46671845,25,15,-1,-1,3
46667906,48,18,-1,-1,6
46670164,1,25,-1,-1,2
46671371,28,25,-1,-1,7
46668581,58,5,-1,-1,5
46665137,27,3,-1,-1,7
46671612,14,24,-1,-1,0
46667730,58,22,-1,-1,7
46671315,34,13,-1,-1,1
46668832,34,6,-1,-1,3
46669430,34,54,-1,-1,1
46667453,24,20,-1,-1,0
46668434,31,46,-1,-1,1
46671229,15,54,-1,-1,2
46669232,27,41,-1,-1,5
46666726,11,50,-1,-1,4
46667976,33,13,-1,-1,7
46668268,48,2,-1,-1,2
46666724,42,47,-1,-1,7
46661864,53,7,-1,-1,3
46666176,12,58,-1,-1,2
46670185,29,19,-1,-1,1
46665514,28,24,-1,-1,0
46664040,51,2,-1,-1,0
46668254,33,42,-1,-1,4
46671833,26,22,-1,-1,3
46670843,22,42,-1,-1,6
46669295,35,38,-1,-1,6
46671062,28,5,-1,-1,2
46671544,44,44,-1,-1,6
46668919,0,2,-1,-1,5
46670663,9,17,-1,-1,0
46671834,41,21,-1,-1,7
46668161,37,7,-1,-1,7
46669184,58,12,-1,-1,0
46670380,36,20,-1,-1,2
46671116,44,14,-1,-1,1
46671434,37,31,-1,-1,4
46666241,19,17,-1,-1,6
46666007,20,48,-1,-1,3
46670725,50,7,-1,-1,6
46671327,5,2,-1,-1,7
46667811,22,18,-1,-1,7
46670680,55,41,-1,-1,2
46670142,53,34,-1,-1,0
46666965,47,45,-1,-1,1
46670287,30,56,-1,-1,4
46670610,41,34,-1,-1,0
46665859,7,0,-1,-1,3
46661892,19,24,-1,-1,6
46670874,0,36,-1,-1,7
46665681,39,1,-1,-1,4
46668295,24,3,-1,-1,5
46670520,34,40,-1,-1,2
46669938,13,30,-1,-1,3
46669130,21,28,-1,-1,7
46665734,58,46,-1,-1,3
46668457,18,26,-1,-1,4
46670032,9,6,-1,-1,7
46667189,53,19,-1,-1,3
46671743,54,46,-1,-1,3
46668551,40,32,-1,-1,3
46661775,17,44,-1,-1,6
46669599,30,35,-1,-1,7
46670367,56,13,-1,-1,1
46671647,23,0,-1,-1,6
46671266,52,10,-1,-1,6
46658620,17,16,-1,-1,2
46669672,55,9,-1,-1,5
46671248,54,20,-1,-1,4
46670365,32,12,-1,-1,3
46659058,49,34,-1,-1,0
46669583,19,36,-1,-1,0
46668574,10,6,-1,-1,5
46670858,8,57,-1,-1,4
46669109,29,36,-1,-1,4
46669644,1,41,-1,-1,6
46668966,45,52,-1,-1,2
46669722,26,16,-1,-1,1
46670572,10,45,-1,-1,2
46669421,42,50,-1,-1,1
46668972,24,23,-1,-1,4
46670686,22,28,-1,-1,3
46662603,26,51,-1,-1,5
46669717,40,4,-1,-1,0
46670501,8,37,-1,-1,1
46671727,10,9,-1,-1,5
46666852,20,22,-1,-1,5
46671614,54,58,-1,-1,6
46663085,7,12,-1,-1,6
46669564,13,57,-1,-1,1
46671750,9,34,-1,-1,5
46670857,28,55,-1,-1,6
46666195,11,10,-1,-1,3
46668993,14,0,-1,-1,2
46670462,18,55,-1,-1,0
46666747,25,42,-1,-1,2
46662966,47,3,-1,-1,0
46669830,1,46,-1,-1,5
46662993,12,45,-1,-1,2
46668795,10,58,-1,-1,1
46670604,21,8,-1,-1,7
46650695,32,33,-1,-1,7
46668655,35,48,-1,-1,7
46668850,9,37,-1,-1,1
46664301,51,28,-1,-1,6
46670862,10,38,-1,-1,4
46665040,38,50,-1,-1,6
46663773,22,52,-1,-1,2
46670866,14,36,-1,-1,0
46670215,22,34,-1,-1,4
46667541,45,57,-1,-1,2
46671704,54,36,-1,-1,7
46670710,22,38,-1,-1,2
46664808,42,21,-1,-1,1
46670849,33,1,-1,-1,0
46668527,22,12,-1,-1,3
46670224,17,17,-1,-1,7
46669423,41,27,-1,-1,6
46663515,37,29,-1,-1,0
46670146,21,22,-1,-1,3
46667376,1,47,-1,-1,7
46669399,1,42,-1,-1,3
46662266,56,27,-1,-1,2
46670092,35,1,-1,-1,6
46669609,10,10,-1,-1,3
46670069,52,55,-1,-1,0
46663443,46,25,-1,-1,0
46663468,57,43,-1,-1,7
46667450,1,48,-1,-1,6
46670314,43,45,-1,-1,2
46670519,23,21,-1,-1,4
46670320,47,11,-1,-1,3
46666093,17,25,-1,-1,2
46670777,17,39,-1,-1,1
46670306,19,4,-1,-1,3
46666546,46,42,-1,-1,6
46664213,20,43,-1,-1,5
46670549,49,50,-1,-1,2
46669688,23,55,-1,-1,2
46670997,39,49,-1,-1,6
46664723,32,6,-1,-1,0
46670809,0,19,-1,-1,0
46670346,16,33,-1,-1,5
46670399,1,19,-1,-1,4
46670625,9,1,-1,-1,6
46670179,37,57,-1,-1,7
46671151,10,7,-1,-1,7
46668863,15,11,-1,-1,6
46669885,45,10,-1,-1,1
46669765,25,12,-1,-1,5
46669857,36,31,-1,-1,7
46671172,30,36,-1,-1,2
46667383,8,10,-1,-1,6
46671600,55,36,-1,-1,7
46669963,11,15,-1,-1,2
46668590,35,40,-1,-1,5
46670707,20,25,-1,-1,5
46670077,49,23,-1,-1,7
46670741,57,7,-1,-1,0
46668481,50,2,-1,-1,1
46669513,1,45,-1,-1,5
46669918,22,27,-1,-1,1
46671748,10,48,-1,-1,4
46669098,23,41,-1,-1,7
46669326,55,0,-1,-1,5
46669858,45,34,-1,-1,2
46671762,31,17,-1,-1,7
46671288,55,25,-1,-1,4
46665343,24,7,-1,-1,2
46666062,52,54,-1,-1,6
46665636,30,43,-1,-1,4
46663645,44,13,-1,-1,2
46664398,1,58,-1,-1,7
46667497,17,42,-1,-1,1
46666885,25,20,-1,-1,5
46670417,58,4,-1,-1,1
46667398,44,17,-1,-1,1
46667352,46,18,-1,-1,5
46668566,47,19,-1,-1,2
46667335,13,17,-1,-1,1
46661219,39,41,-1,-1,4
46671807,56,16,-1,-1,0
46665600,28,28,-1,-1,7
46670237,37,4,-1,-1,2
46667483,45,46,-1,-1,1
46667196,13,51,-1,-1,5
46669914,52,32,-1,-1,5
46668921,39,38,-1,-1,1
46666019,25,44,-1,-1,5
46669703,2,28,-1,-1,6
46671388,49,18,-1,-1,1
46662186,57,17,-1,-1,4
46670141,36,22,-1,-1,7
46665030,12,38,-1,-1,0
46670760,53,47,-1,-1,2
46659561,7,15,-1,-1,0
46663758,25,2,-1,-1,3
46666326,38,49,-1,-1,3
46669418,29,43,-1,-1,5
46671496,2,41,-1,-1,3
46671697,4,6,-1,-1,6
46668639,52,15,-1,-1,0
46671309,12,12,-1,-1,4
46666842,35,34,-1,-1,4
46670200,21,43,-1,-1,5
46670554,31,26,-1,-1,3
46670354,53,36,-1,-1,7
46671794,31,41,-1,-1,1
46669374,56,29,-1,-1,6
46671213,39,29,-1,-1,6
46670835,23,38,-1,-1,2
46671739,51,42,-1,-1,5
46665888,14,2,-1,-1,4
46670756,42,8,-1,-1,7
46666883,46,52,-1,-1,0
46665219,0,56,-1,-1,3
46664698,12,46,-1,-1,7
46663777,52,41,-1,-1,7
46671640,21,16,-1,-1,0
46671792,20,2,-1,-1,5
46670690,7,55,-1,-1,3
46665763,36,3,-1,-1,6
46669707,34,20,-1,-1,0
46671340,4,12,-1,-1,0
46668571,42,22,-1,-1,4
46668469,11,45,-1,-1,1
46664944,3,2,-1,-1,4
46663873,36,0,-1,-1,3
46669536,0,35,-1,-1,3
46670914,44,0,-1,-1,0
46670464,21,0,-1,-1,0
46671140,5,30,-1,-1,5
46656700,49,28,-1,-1,1
46667671,35,18,-1,-1,2
46666993,42,28,-1,-1,3
46668837,42,26,-1,-1,4
46667912,43,37,-1,-1,6
46666686,1,3,-1,-1,2
46668819,17,2,-1,-1,7
46671064,16,47,-1,-1,5
46671402,22,6,-1,-1,2
46671117,57,3,-1,-1,6
46666933,50,22,-1,-1,1
46668547,8,8,-1,-1,6
46661799,35,47,-1,-1,0
46665006,0,43,-1,-1,0
46671812,17,53,-1,-1,2
46651492,4,38,-1,-1,4
46668349,5,40,-1,-1,2
46662480,50,46,-1,-1,7
46667318,14,55,-1,-1,1
46671703,15,29,-1,-1,2
46669728,38,27,-1,-1,2
46669532,41,47,-1,-1,5
46671297,18,23,-1,-1,0
46667037,53,6,-1,-1,2
46670211,54,30,-1,-1,4
46669054,18,7,-1,-1,4
46668416,48,23,-1,-1,1
46671020,17,13,-1,-1,0
46671310,41,30,-1,-1,4
46670705,46,41,-1,-1,6
46671651,35,56,-1,-1,5
46669344,23,16,-1,-1,2
46668082,4,19,-1,-1,4
46667583,2,1,-1,-1,2
46671282,7,24,-1,-1,7
46670988,55,11,-1,-1,4
46668346,18,50,-1,-1,7
46671361,46,17,-1,-1,1
46668756,52,17,-1,-1,6
46671163,2,47,-1,-1,3
46668934,54,29,-1,-1,4
46671571,4,35,-1,-1,6
46668609,1,53,-1,-1,5
46669854,4,2,-1,-1,6
46671381,23,52,-1,-1,6
46668036,21,33,-1,-1,5
46665583,8,44,-1,-1,1
46670962,46,53,-1,-1,0
46670416,36,4,-1,-1,1
46668119,2,52,-1,-1,5
46669756,2,49,-1,-1,5
46670865,15,12,-1,-1,7
46670673,9,23,-1,-1,7
46669818,4,9,-1,-1,0
46670075,10,51,-1,-1,6
46658923,40,43,-1,-1,6
46668071,28,47,-1,-1,1
46671316,38,10,-1,-1,7
46661692,58,44,-1,-1,7
46671040,9,11,-1,-1,2
46670433,54,15,-1,-1,4
46666434,18,1,-1,-1,7
46669006,8,15,-1,-1,5
46670125,49,40,-1,-1,0
46665954,17,22,-1,-1,7
46662599,18,37,-1,-1,7
46668629,52,34,-1,-1,2
46671569,24,17,-1,-1,7
46669947,31,16,-1,-1,5
46664062,29,44,-1,-1,1
46670437,47,21,-1,-1,4
46668025,9,45,-1,-1,2
46668678,58,32,-1,-1,5
46667123,49,9,-1,-1,0
46670370,21,12,-1,-1,0
46664993,41,31,-1,-1,4
46654885,3,23,-1,-1,6
46668196,6,52,-1,-1,0
46667341,54,33,-1,-1,1
46669625,18,47,-1,-1,5
46669530,18,8,-1,-1,7
46667223,40,48,-1,-1,2
46671412,37,50,-1,-1,7
46670162,29,55,-1,-1,4
46670008,33,32,-1,-1,2
46667517,38,58,-1,-1,6
46667557,17,4,-1,-1,0
46660698,55,33,-1,-1,4
46669920,12,47,-1,-1,6
46669778,11,52,-1,-1,7
46668964,3,41,-1,-1,3
46670018,48,16,-1,-1,5
46666711,55,12,-1,-1,6
46668982,28,6,-1,-1,2
46667929,36,53,-1,-1,7
46671594,19,8,-1,-1,7
46668624,10,26,-1,-1,0
46668523,13,49,-1,-1,6
46668744,24,43,-1,-1,6
46663949,16,41,-1,-1,3
46664989,16,8,-1,-1,3
46671557,25,14,-1,-1,7
46668251,55,4,-1,-1,0
46670477,12,29,-1,-1,1
46671178,53,29,-1,-1,2
46668718,52,52,-1,-1,5
46670579,19,21,-1,-1,2
46670398,5,23,-1,-1,0
46665639,27,37,-1,-1,2
46666786,24,58,-1,-1,4
46670126,28,1,-1,-1,3
46670665,57,15,-1,-1,4
46671339,12,14,-1,-1,2
46664349,13,58,-1,-1,7
46671862,26,38,-1,-1,3
46662584,25,1,-1,-1,1
46669204,43,20,-1,-1,3
46670620,19,18,-1,-1,0
46670534,34,36,-1,-1,7
46670910,25,58,-1,-1,6
46664641,34,57,-1,-1,5
46661085,56,21,-1,-1,3
46668317,54,45,-1,-1,4
46670523,13,24,-1,-1,6
46666904,31,35,-1,-1,4
46667365,15,48,-1,-1,1
46669339,24,1,-1,-1,7
46670202,4,48,-1,-1,1
46662687,3,45,-1,-1,1
46671672,38,35,-1,-1,2
46671798,54,10,-1,-1,1
46664380,54,16,-1,-1,4
46668983,42,44,-1,-1,7
46665933,25,11,-1,-1,7
46664388,37,25,-1,-1,4
46670166,13,3,-1,-1,2
46665800,11,35,-1,-1,0
46671003,42,30,-1,-1,4
46668933,53,53,-1,-1,2
46666785,13,55,-1,-1,6
46660714,39,32,-1,-1,5
46671690,6,55,-1,-1,1
46671216,41,14,-1,-1,1
46669962,28,12,-1,-1,2
46661442,9,4,-1,-1,2
46671159,41,19,-1,-1,2
46663884,45,14,-1,-1,2
46669488,34,37,-1,-1,2
46664460,48,30,-1,-1,4
46668952,23,28,-1,-1,7
46667092,41,18,-1,-1,2
46662253,52,23,-1,-1,2
46663823,51,56,-1,-1,0
46671576,13,23,-1,-1,6
46671629,44,51,-1,-1,6
46671719,1,27,-1,-1,1
46671714,11,32,-1,-1,7
46669710,32,3,-1,-1,4
46665003,27,53,-1,-1,0
46667191,27,47,-1,-1,1
46670165,42,45,-1,-1,7
46671303,50,30,-1,-1,7
46668402,19,33,-1,-1,5
46671026,43,2,-1,-1,5
46670814,38,37,-1,-1,1
46666426,53,14,-1,-1,6
46671265,17,1,-1,-1,4
46668874,32,16,-1,-1,6
46653078,16,5,-1,-1,4
46669182,31,37,-1,-1,6
46666646,8,39,-1,-1,4
46671462,27,38,-1,-1,5
46666137,16,16,-1,-1,7
46671465,0,31,-1,-1,2
46671028,41,25,-1,-1,4
46664604,24,0,-1,-1,0
46669664,49,36,-1,-1,7
46663955,29,56,-1,-1,3
46670834,51,47,-1,-1,1
46660010,1,55,-1,-1,0
46666662,28,52,-1,-1,1
46671197,12,55,-1,-1,2
46670256,11,37,-1,-1,2
46664085,31,32,-1,-1,4
46667068,57,35,-1,-1,5
46668980,18,38,-1,-1,7
46670641,16,0,-1,-1,1
46668381,16,45,-1,-1,0
46671123,57,2,-1,-1,3
46670569,37,55,-1,-1,7
46667120,50,44,-1,-1,3
46668396,32,43,-1,-1,6
46670570,13,19,-1,-1,1
46660570,44,4,-1,-1,2
46668584,40,57,-1,-1,6
46668040,16,1,-1,-1,6
46669632,58,57,-1,-1,0
46671391,23,18,-1,-1,7
46652332,22,37,-1,-1,0
46661518,48,25,-1,-1,1
46662202,17,51,-1,-1,2
46671267,54,7,-1,-1,2
46668871,30,3,-1,-1,2
46671080,14,34,-1,-1,3
46670103,32,37,-1,-1,4
46664748,6,56,-1,-1,3
46669519,38,42,-1,-1,6
46671583,15,20,-1,-1,1
46671331,1,4,-1,-1,1
46671864,0,6,-1,-1,4
