# org_id,org_cellx,org_celly,org_forage_target,org_group_id,org_facing
8499294,11,55,-1,-1,3
8497806,0,6,-1,-1,2
8500876,14,44,-1,-1,6
8501073,14,35,-1,-1,5
8497698,57,36,-1,-1,5
8498491,26,0,-1,-1,6
8500758,25,35,-1,-1,7
8497781,50,19,-1,-1,4
8492674,33,26,-1,-1,1
8500776,43,22,-1,-1,0
8497488,30,10,-1,-1,0
8490189,32,11,-1,-1,4
8499715,19,39,-1,-1,1
8499958,11,9,-1,-1,0
8501066,27,18,-1,-1,0
8500977,22,32,-1,-1,7
8501257,18,40,-1,-1,3
8500622,35,4,-1,-1,3
8494050,16,55,-1,-1,3
8500424,32,1,-1,-1,5
8497018,3,35,-1,-1,1
8494584,33,58,-1,-1,2
8497245,16,11,-1,-1,6
8498904,22,14,-1,-1,0
8497437,4,21,-1,-1,2
8501163,48,56,-1,-1,5
8500636,17,14,-1,-1,0
8501077,0,52,-1,-1,4
8500807,57,54,-1,-1,0
8501019,36,29,-1,-1,6
8498266,16,56,-1,-1,0
8499029,8,10,-1,-1,7
8500404,14,32,-1,-1,2
8496198,10,28,-1,-1,6
8501249,14,41,-1,-1,6
8496850,12,14,-1,-1,2
8500666,44,57,-1,-1,5
8500007,49,7,-1,-1,3
8489227,31,15,-1,-1,6
8500955,17,58,-1,-1,0
8500317,45,20,-1,-1,6
8500572,46,47,-1,-1,7
8493298,37,26,-1,-1,3
8497004,4,19,-1,-1,1
8498384,21,4,-1,-1,2
8500411,16,14,-1,-1,7
8501304,31,42,-1,-1,3
8498580,42,19,-1,-1,0
8500355,52,26,-1,-1,1
8497365,52,2,-1,-1,0
8500106,37,22,-1,-1,6
8496537,45,15,-1,-1,7
8499039,18,6,-1,-1,3
8496717,29,33,-1,-1,2
8500650,52,33,-1,-1,7
8495120,16,37,-1,-1,1
8495229,42,5,-1,-1,6
8499663,28,33,-1,-1,0
8499559,21,26,-1,-1,3
8485072,48,29,-1,-1,4
8501006,12,17,-1,-1,4
8491773,50,52,-1,-1,5
8497651,42,28,-1,-1,1
8497354,22,6,-1,-1,7
8500342,51,37,-1,-1,3
8498900,25,18,-1,-1,5
8494581,17,11,-1,-1,5
8500625,31,20,-1,-1,6
8495631,57,43,-1,-1,4
8501311,14,19,-1,-1,6
8495345,54,47,-1,-1,6
8500390,37,37,-1,-1,3
8498338,4,34,-1,-1,6
8498446,30,5,-1,-1,1
8500976,1,48,-1,-1,3
8501131,49,6,-1,-1,2
8500840,27,16,-1,-1,5
8497791,13,43,-1,-1,5
8499645,56,46,-1,-1,4
8497713,30,50,-1,-1,1
8499969,21,17,-1,-1,4
8497699,43,14,-1,-1,5
8500972,39,10,-1,-1,7
8499910,22,16,-1,-1,7
8501143,54,2,-1,-1,6
8490791,27,38,-1,-1,7
8501145,56,34,-1,-1,1
8500069,20,2,-1,-1,1
8495499,5,7,-1,-1,4
8499854,46,38,-1,-1,3
8489431,4,5,-1,-1,5
8497412,57,18,-1,-1,5
8498832,46,42,-1,-1,2
8497894,49,38,-1,-1,7
8500836,58,14,-1,-1,0
8497788,37,35,-1,-1,5
8497344,34,6,-1,-1,6
8500472,17,52,-1,-1,3
8499565,6,45,-1,-1,6
8500769,21,47,-1,-1,7
8501138,8,51,-1,-1,2
8500006,35,41,-1,-1,6
8500308,52,6,-1,-1,2
8498838,45,32,-1,-1,1
8499938,0,47,-1,-1,0
8499934,47,9,-1,-1,1
8498760,48,22,-1,-1,2
8498319,9,39,-1,-1,2
8499901,11,31,-1,-1,1
8495672,13,32,-1,-1,6
8497925,29,3,-1,-1,6
8482939,49,48,-1,-1,6
8499713,0,13,-1,-1,1
8500691,5,13,-1,-1,6
8497924,46,54,-1,-1,5
8499243,31,29,-1,-1,2
8499728,40,2,-1,-1,5
8497545,42,9,-1,-1,1
8501060,30,14,-1,-1,1
8499550,57,38,-1,-1,3
8500999,1,56,-1,-1,5
8500446,46,3,-1,-1,4
8498413,5,57,-1,-1,5
8500334,46,25,-1,-1,6
8498235,48,53,-1,-1,5
8496575,7,15,-1,-1,1
8498120,6,23,-1,-1,4
8496463,38,13,-1,-1,5
8498335,6,12,-1,-1,5
8494234,41,7,-1,-1,1
8498961,22,47,-1,-1,1
8487514,11,7,-1,-1,5
8499357,52,1,-1,-1,1
8499953,29,6,-1,-1,2
8501026,14,52,-1,-1,5
8495030,47,39,-1,-1,4
8494196,57,27,-1,-1,2
8497472,24,5,-1,-1,1
8499409,55,34,-1,-1,7
8500628,38,15,-1,-1,0
8501214,36,45,-1,-1,4
8496781,22,3,-1,-1,5
8501004,51,7,-1,-1,0
8494856,2,24,-1,-1,2
8501052,37,47,-1,-1,1
8499935,12,45,-1,-1,0
8497151,45,35,-1,-1,5
8494547,17,1,-1,-1,0
8499024,30,22,-1,-1,4
8498911,9,34,-1,-1,0
8490054,58,48,-1,-1,0
8500877,48,3,-1,-1,5
8497426,1,0,-1,-1,5
8485246,47,2,-1,-1,4
8500761,28,52,-1,-1,0
8500686,14,47,-1,-1,6
8497087,32,32,-1,-1,1
8500126,34,38,-1,-1,1
8500207,15,3,-1,-1,0
8497571,8,17,-1,-1,3
8497951,57,16,-1,-1,4
8501314,20,18,-1,-1,3
8493515,56,35,-1,-1,7
8500132,2,44,-1,-1,2
8498503,36,24,-1,-1,7
8499981,32,21,-1,-1,5
8500013,5,40,-1,-1,1
8500777,20,5,-1,-1,1
8500723,35,24,-1,-1,2
8492909,55,4,-1,-1,4
8492362,46,55,-1,-1,1
8500033,48,18,-1,-1,6
8493794,36,28,-1,-1,3
8499134,27,25,-1,-1,4
8498283,48,16,-1,-1,5
8500221,54,16,-1,-1,4
8499103,19,25,-1,-1,2
8495586,25,40,-1,-1,3
8497905,54,31,-1,-1,4
8499517,30,49,-1,-1,2
8499814,55,11,-1,-1,2
8500687,43,8,-1,-1,4
8491756,29,57,-1,-1,0
8499377,42,41,-1,-1,3
8500394,58,11,-1,-1,0
8496277,41,9,-1,-1,3
8499633,6,43,-1,-1,4
8499617,11,42,-1,-1,4
8499668,41,5,-1,-1,0
8498490,48,51,-1,-1,4
8501170,7,50,-1,-1,1
8499966,41,18,-1,-1,6
8501014,30,13,-1,-1,2
8497462,50,46,-1,-1,7
8500945,13,54,-1,-1,3
8492859,53,35,-1,-1,1
8498493,17,38,-1,-1,2
8500359,57,17,-1,-1,7
8498557,32,47,-1,-1,4
8498130,3,25,-1,-1,5
8500107,12,40,-1,-1,5
8499363,24,47,-1,-1,6
8501197,28,42,-1,-1,5
8500330,44,32,-1,-1,7
8499420,47,56,-1,-1,5
8499528,51,47,-1,-1,0
8500956,0,56,-1,-1,0
8500124,46,49,-1,-1,0
8499418,14,11,-1,-1,2
8494275,31,58,-1,-1,6
8496240,23,40,-1,-1,1
8499093,23,2,-1,-1,5
8488911,12,18,-1,-1,7
8499010,37,5,-1,-1,3
8497766,26,33,-1,-1,6
8500400,41,44,-1,-1,4
8499947,45,57,-1,-1,3
8488631,44,52,-1,-1,7
8501265,3,19,-1,-1,4
8500819,34,17,-1,-1,1
8493878,24,38,-1,-1,1
8497746,48,19,-1,-1,4
8498401,45,17,-1,-1,1
8500624,52,23,-1,-1,3
8497889,8,32,-1,-1,7
8501199,29,24,-1,-1,1
8496199,16,57,-1,-1,6
8499696,3,22,-1,-1,1
8501144,35,32,-1,-1,5
8501186,36,26,-1,-1,6
8501050,20,30,-1,-1,0
8499569,56,51,-1,-1,2
8501016,38,40,-1,-1,2
8497662,10,35,-1,-1,3
8499490,17,17,-1,-1,2
8500918,45,11,-1,-1,0
8486652,21,22,-1,-1,2
8500134,16,21,-1,-1,7
8498448,51,31,-1,-1,5
8501112,54,26,-1,-1,6
8498371,55,52,-1,-1,0
8491620,39,7,-1,-1,5
8500271,56,29,-1,-1,6
8492004,32,35,-1,-1,5
8493946,52,50,-1,-1,5
8494033,58,43,-1,-1,0
8498573,39,46,-1,-1,0
8498761,34,26,-1,-1,3
8500002,18,19,-1,-1,3
8501301,29,27,-1,-1,1
8498984,4,49,-1,-1,1
8500439,47,17,-1,-1,5
8489268,5,45,-1,-1,1
8498620,33,20,-1,-1,5
8500393,47,15,-1,-1,7
8496211,57,37,-1,-1,3
8498910,39,26,-1,-1,3
8500080,17,6,-1,-1,7
8499077,15,23,-1,-1,5
8500360,54,6,-1,-1,4
8500335,36,55,-1,-1,1
8496529,37,54,-1,-1,3
8492688,35,22,-1,-1,6
8495749,7,37,-1,-1,5
8498592,17,54,-1,-1,6
8492496,20,10,-1,-1,2
8490255,0,11,-1,-1,1
8497521,55,32,-1,-1,3
8495664,25,50,-1,-1,1
8500384,8,45,-1,-1,3
8494835,41,48,-1,-1,5
8496454,18,45,-1,-1,4
8500218,57,30,-1,-1,2
8497995,11,8,-1,-1,6
8497042,5,18,-1,-1,1
8494039,30,20,-1,-1,4
8489765,52,12,-1,-1,5
8498602,11,20,-1,-1,7
8500194,11,35,-1,-1,1
8500228,4,38,-1,-1,5
8500835,32,37,-1,-1,1
8499879,17,10,-1,-1,0
8492566,25,29,-1,-1,0
8496906,9,58,-1,-1,2
8498955,48,14,-1,-1,2
8500031,16,47,-1,-1,4
8491212,9,29,-1,-1,0
8496653,53,33,-1,-1,5
8488234,20,35,-1,-1,2
8499812,30,7,-1,-1,4
8492921,24,23,-1,-1,0
8498394,23,58,-1,-1,2
8500214,36,32,-1,-1,7
8497454,47,37,-1,-1,5
8495775,49,20,-1,-1,2
8494356,45,46,-1,-1,2
8497902,48,28,-1,-1,3
8497051,32,17,-1,-1,4
8500908,28,44,-1,-1,1
8498795,33,40,-1,-1,2
8496306,53,25,-1,-1,6
8496138,14,57,-1,-1,3
8496970,12,36,-1,-1,1
8497404,42,17,-1,-1,7
8482001,5,29,-1,-1,7
8498940,48,33,-1,-1,0
8500254,40,4,-1,-1,5
8498594,43,41,-1,-1,2
8498543,29,36,-1,-1,0
8501009,49,50,-1,-1,7
8499427,16,50,-1,-1,6
8496673,49,34,-1,-1,7
8499985,30,41,-1,-1,6
8495439,10,16,-1,-1,7
8501012,38,5,-1,-1,3
8500246,1,50,-1,-1,6
8501128,48,27,-1,-1,5
8497492,11,51,-1,-1,1
8489852,38,9,-1,-1,2
8500236,15,25,-1,-1,3
8495039,28,26,-1,-1,7
8499040,12,48,-1,-1,0
8501113,29,43,-1,-1,2
8490863,20,0,-1,-1,6
8496373,2,45,-1,-1,5
8498732,1,13,-1,-1,4
8494914,25,23,-1,-1,3
8496814,26,53,-1,-1,6
8497335,21,31,-1,-1,6
8498487,58,31,-1,-1,4
8495459,6,28,-1,-1,2
8496527,23,36,-1,-1,0
8500992,19,32,-1,-1,6
8498868,34,43,-1,-1,2
8500589,47,24,-1,-1,2
8492503,22,13,-1,-1,6
8498662,4,47,-1,-1,1
8501070,34,15,-1,-1,6
8498890,24,0,-1,-1,3
8498808,52,24,-1,-1,4
8497456,23,13,-1,-1,3
8499561,43,18,-1,-1,0
8499475,35,3,-1,-1,4
8498865,6,48,-1,-1,4
8494740,45,37,-1,-1,6
8499352,42,7,-1,-1,2
8493151,21,15,-1,-1,2
8501209,13,40,-1,-1,1
8499152,27,15,-1,-1,7
8495687,27,29,-1,-1,3
8498657,54,25,-1,-1,4
8500442,46,23,-1,-1,4
8501046,26,2,-1,-1,3
8498452,41,8,-1,-1,6
8496555,31,37,-1,-1,2
8497732,10,37,-1,-1,0
8498425,48,36,-1,-1,3
8497892,38,16,-1,-1,6
8481180,46,46,-1,-1,4
8493318,12,19,-1,-1,7
8498899,32,13,-1,-1,3
8497408,19,14,-1,-1,4
8499706,51,49,-1,-1,7
8498708,52,25,-1,-1,3
8497619,40,36,-1,-1,2
8499308,2,34,-1,-1,1
8494430,39,56,-1,-1,0
8498610,53,45,-1,-1,2
8499709,29,9,-1,-1,7
8501005,29,32,-1,-1,4
8498160,15,32,-1,-1,0
8492212,53,28,-1,-1,4
8499799,37,36,-1,-1,6
8488517,20,19,-1,-1,5
8495901,12,34,-1,-1,0
8500961,40,25,-1,-1,5
8500923,17,19,-1,-1,1
8488448,54,53,-1,-1,0
8491587,3,13,-1,-1,0
8495466,54,17,-1,-1,2
8490137,34,10,-1,-1,7
8490897,57,50,-1,-1,4
8490361,37,6,-1,-1,5
8491208,57,44,-1,-1,5
8501211,20,39,-1,-1,7
8500396,44,43,-1,-1,7
8487266,28,0,-1,-1,4
8498626,7,46,-1,-1,5
8500578,29,46,-1,-1,7
8499209,55,42,-1,-1,0
8501204,38,14,-1,-1,0
8498133,11,34,-1,-1,1
8500953,27,14,-1,-1,7
8499407,15,38,-1,-1,0
8500478,37,2,-1,-1,6
8490721,36,39,-1,-1,3
8499095,38,47,-1,-1,3
8500267,28,57,-1,-1,0
8500354,34,1,-1,-1,0
8500053,27,5,-1,-1,2
8491509,41,42,-1,-1,7
8498069,39,11,-1,-1,5
8496356,9,44,-1,-1,5
8498388,4,14,-1,-1,6
8499194,28,34,-1,-1,1
8496186,18,54,-1,-1,6
8492808,40,49,-1,-1,2
8497556,57,11,-1,-1,6
8498750,12,24,-1,-1,0
8492225,12,4,-1,-1,6
8499387,32,39,-1,-1,0
8498925,41,22,-1,-1,0
8491442,30,47,-1,-1,5
8499570,38,2,-1,-1,3
8499160,40,0,-1,-1,2
8498597,17,53,-1,-1,1
8495333,5,44,-1,-1,0
8498375,9,48,-1,-1,6
8493759,4,53,-1,-1,0
8501208,25,6,-1,-1,0
8498867,41,35,-1,-1,6
8490929,40,38,-1,-1,6
8501062,58,0,-1,-1,6
8494599,39,47,-1,-1,1
8500951,25,38,-1,-1,6
8491738,32,2,-1,-1,7
8498965,33,37,-1,-1,2
8501172,6,57,-1,-1,5
8500545,28,50,-1,-1,1
8499610,10,4,-1,-1,4
8500016,52,35,-1,-1,0
8500140,51,24,-1,-1,5
8498215,54,8,-1,-1,2
8500716,37,45,-1,-1,2
8501176,19,26,-1,-1,1
8500879,32,19,-1,-1,6
8499656,23,3,-1,-1,4
8499566,23,38,-1,-1,2
8499485,53,16,-1,-1,4
8500485,22,8,-1,-1,4
8496794,13,30,-1,-1,7
8495865,55,45,-1,-1,0
8498686,54,41,-1,-1,7
8496232,7,51,-1,-1,2
8494455,18,7,-1,-1,4
8500551,20,55,-1,-1,2
8500237,58,27,-1,-1,0
8500412,54,44,-1,-1,0
8492844,35,15,-1,-1,3
8498863,4,9,-1,-1,3
8499699,7,52,-1,-1,6
8500488,53,32,-1,-1,1
8501207,56,47,-1,-1,1
8500432,28,48,-1,-1,0
8500936,58,46,-1,-1,4
8496273,26,9,-1,-1,0
8500448,43,33,-1,-1,0
8496667,46,35,-1,-1,4
8498851,25,42,-1,-1,1
8500217,48,21,-1,-1,1
8501141,27,51,-1,-1,4
8498882,57,32,-1,-1,3
8501278,23,6,-1,-1,7
8500144,5,15,-1,-1,7
8501086,27,44,-1,-1,4
8499267,26,10,-1,-1,3
8500019,50,50,-1,-1,0
8499601,22,12,-1,-1,3
8498461,3,28,-1,-1,5
8498915,26,44,-1,-1,1
8498976,12,52,-1,-1,2
8499717,38,28,-1,-1,2
8500822,15,0,-1,-1,4
8491806,9,8,-1,-1,4
8499291,22,18,-1,-1,4
8500779,20,33,-1,-1,4
8497239,41,12,-1,-1,3
8494885,51,34,-1,-1,6
8500857,52,4,-1,-1,0
8499509,18,15,-1,-1,1
8500621,44,38,-1,-1,1
8499459,54,57,-1,-1,1
8500882,50,12,-1,-1,0
8498278,53,20,-1,-1,0
8499796,39,35,-1,-1,3
8495436,50,49,-1,-1,0
8496745,39,2,-1,-1,1
8488955,23,27,-1,-1,0
8498574,10,9,-1,-1,2
8498745,48,58,-1,-1,0
8501034,13,34,-1,-1,5
8500816,48,23,-1,-1,0
8499679,14,23,-1,-1,1
8491180,16,30,-1,-1,6
8500120,30,35,-1,-1,6
8497899,12,50,-1,-1,6
8497255,41,49,-1,-1,0
8499740,26,48,-1,-1,4
8500266,45,48,-1,-1,3
8499504,51,12,-1,-1,3
8500474,56,24,-1,-1,2
8498616,58,54,-1,-1,7
8495342,27,47,-1,-1,5
8495743,58,55,-1,-1,4
8498193,1,33,-1,-1,7
8491265,45,56,-1,-1,1
8497125,2,32,-1,-1,2
8500542,34,23,-1,-1,7
8497478,20,27,-1,-1,6
8495192,9,27,-1,-1,5
8499314,9,45,-1,-1,6
8500922,47,26,-1,-1,2
8496500,4,12,-1,-1,7
8491904,20,37,-1,-1,7
8500325,3,21,-1,-1,3
8500272,53,57,-1,-1,3
8495263,12,15,-1,-1,4
8501115,52,43,-1,-1,5
8495841,21,7,-1,-1,2
8499702,49,15,-1,-1,3
8500541,44,0,-1,-1,6
8500658,43,50,-1,-1,0
8497086,18,4,-1,-1,2
8498106,10,54,-1,-1,1
8501152,1,11,-1,-1,3
8500486,38,41,-1,-1,5
8494988,35,39,-1,-1,7
8500909,11,57,-1,-1,3
8496331,20,22,-1,-1,0
8500435,37,10,-1,-1,3
8498144,5,50,-1,-1,7
8497391,24,56,-1,-1,5
8491503,39,28,-1,-1,3
8494083,3,48,-1,-1,5
8497515,26,5,-1,-1,4
8494171,2,27,-1,-1,3
8500302,12,33,-1,-1,5
8483943,51,2,-1,-1,3
8499556,31,7,-1,-1,3
8490199,25,25,-1,-1,5
8500303,5,34,-1,-1,5
8492044,43,2,-1,-1,7
8497180,38,4,-1,-1,1
8499324,10,24,-1,-1,7
8497547,57,39,-1,-1,2
8495950,2,39,-1,-1,6
8499961,45,28,-1,-1,6
8500438,19,3,-1,-1,6
8488107,19,2,-1,-1,4
8501084,13,1,-1,-1,0
8497819,29,31,-1,-1,7
8495875,15,53,-1,-1,3
8494497,0,58,-1,-1,0
8497281,25,24,-1,-1,1
8501029,39,53,-1,-1,0
8477151,56,11,-1,-1,5
8498724,58,19,-1,-1,4
8495428,26,52,-1,-1,4
8497921,28,4,-1,-1,4
8500517,25,2,-1,-1,4
8501063,43,12,-1,-1,2
8497780,29,0,-1,-1,2
8492133,19,16,-1,-1,4
8499203,3,14,-1,-1,6
8501274,53,27,-1,-1,5
8495681,52,13,-1,-1,2
8500711,7,33,-1,-1,6
8495125,0,16,-1,-1,0
8501003,13,52,-1,-1,6
8499433,23,37,-1,-1,3
8500341,32,26,-1,-1,3
8497647,26,49,-1,-1,6
8493817,0,17,-1,-1,0
8500890,2,28,-1,-1,4
8500304,43,25,-1,-1,4
8500912,6,34,-1,-1,4
8496017,34,29,-1,-1,6
8499458,31,35,-1,-1,5
8501262,22,33,-1,-1,6
8496227,35,30,-1,-1,2
8498500,10,10,-1,-1,3
8499462,19,21,-1,-1,7
8498340,51,54,-1,-1,6
8499707,47,41,-1,-1,0
8498288,49,32,-1,-1,3
8500639,41,52,-1,-1,5
8498817,25,7,-1,-1,3
8501165,8,9,-1,-1,3
8500982,25,56,-1,-1,1
8497071,53,48,-1,-1,3
8495714,41,46,-1,-1,0
8500871,13,48,-1,-1,2
8498019,54,37,-1,-1,2
8494288,44,13,-1,-1,7
8499296,25,55,-1,-1,6
8497997,30,34,-1,-1,6
8497184,9,51,-1,-1,7
8500045,1,58,-1,-1,1
8496983,32,14,-1,-1,2
8500114,50,26,-1,-1,3
8499419,16,7,-1,-1,6
8498719,17,37,-1,-1,0
8499500,54,13,-1,-1,7
8500078,36,7,-1,-1,1
8499729,53,9,-1,-1,2
8499846,22,39,-1,-1,3
8500925,32,10,-1,-1,0
8500323,42,52,-1,-1,1
8500444,9,7,-1,-1,3
8500231,25,20,-1,-1,4
8492714,21,29,-1,-1,1
8497886,54,48,-1,-1,7
8487782,15,46,-1,-1,0
8495331,30,27,-1,-1,2
8499009,13,10,-1,-1,3
8501122,39,0,-1,-1,4
8490109,33,23,-1,-1,6
8495002,24,8,-1,-1,2
8499725,24,52,-1,-1,1
8499334,1,10,-1,-1,7
8496279,56,49,-1,-1,3
8494078,29,53,-1,-1,7
8499297,24,11,-1,-1,5
8496817,9,0,-1,-1,6
8490763,11,49,-1,-1,4
8489473,14,6,-1,-1,4
8500490,36,56,-1,-1,1
8501285,56,55,-1,-1,1
8500580,15,34,-1,-1,2
8497435,31,41,-1,-1,4
8499778,26,8,-1,-1,0
8497686,24,27,-1,-1,6
8501124,28,5,-1,-1,1
8490727,8,52,-1,-1,3
8492416,45,21,-1,-1,0
8494728,33,11,-1,-1,4
8496771,32,48,-1,-1,5
8500960,28,31,-1,-1,3
8500395,22,35,-1,-1,4
8500562,17,16,-1,-1,0
8496212,3,24,-1,-1,0
8500993,19,44,-1,-1,4
8497168,37,41,-1,-1,4
8499690,45,43,-1,-1,2
8485724,7,55,-1,-1,3
8499531,0,30,-1,-1,0
8497818,19,48,-1,-1,0
8497613,23,50,-1,-1,6
8495560,47,34,-1,-1,0
8501306,26,17,-1,-1,5
8500473,31,17,-1,-1,7
8497586,38,53,-1,-1,0
8498839,58,5,-1,-1,4
8500860,27,53,-1,-1,4
8492835,37,31,-1,-1,1
8501114,36,9,-1,-1,2
8500671,10,38,-1,-1,2
8498903,23,20,-1,-1,6
8498948,52,40,-1,-1,6
8484430,25,5,-1,-1,5
8499781,4,39,-1,-1,5
8492882,33,14,-1,-1,5
8498771,42,57,-1,-1,5
8500284,55,41,-1,-1,5
8494370,26,14,-1,-1,6
8494578,24,15,-1,-1,4
8497718,29,10,-1,-1,4
8496601,49,56,-1,-1,3
8497379,53,51,-1,-1,6
8498229,55,43,-1,-1,5
8500510,25,43,-1,-1,1
8498078,27,0,-1,-1,2
8499608,27,13,-1,-1,1
8500820,3,11,-1,-1,2
8499727,9,17,-1,-1,1
8492016,26,45,-1,-1,2
8497890,18,3,-1,-1,7
8497988,40,32,-1,-1,7
8499898,24,37,-1,-1,7
8500674,34,18,-1,-1,5
8501187,48,57,-1,-1,4
8499094,35,47,-1,-1,6
8498826,21,6,-1,-1,1
8499691,50,23,-1,-1,2
8495206,27,42,-1,-1,1
8500285,49,23,-1,-1,4
8498325,28,56,-1,-1,1
8493319,43,16,-1,-1,2
8498697,49,1,-1,-1,1
8498241,43,24,-1,-1,5
8499564,33,6,-1,-1,4
8500708,21,43,-1,-1,6
8493232,52,54,-1,-1,7
8501193,22,20,-1,-1,7
8496804,24,50,-1,-1,5
8500647,2,51,-1,-1,2
8499598,31,10,-1,-1,2
8489700,18,46,-1,-1,2
8492221,21,55,-1,-1,5
8497367,1,12,-1,-1,7
8499145,49,10,-1,-1,4
8495621,13,3,-1,-1,1
8495637,20,49,-1,-1,2
8493927,8,48,-1,-1,4
8497409,47,40,-1,-1,5
8495288,57,52,-1,-1,1
8496572,48,52,-1,-1,1
8499430,25,28,-1,-1,6
8496627,20,46,-1,-1,3
8496819,47,8,-1,-1,1
8496085,19,41,-1,-1,1
8501277,31,12,-1,-1,3
8500211,55,37,-1,-1,6
8499790,6,6,-1,-1,4
8490996,7,5,-1,-1,2
8490683,6,5,-1,-1,2
8490146,11,44,-1,-1,0
8501151,6,51,-1,-1,2
8500553,16,46,-1,-1,1
8501200,41,23,-1,-1,0
8498159,52,48,-1,-1,7
8495406,23,30,-1,-1,1
8500170,52,53,-1,-1,2
8496416,38,11,-1,-1,5
8499532,27,58,-1,-1,2
8498059,48,12,-1,-1,3
8500789,48,8,-1,-1,0
8500458,41,26,-1,-1,2
8491273,45,49,-1,-1,6
8498619,46,40,-1,-1,5
8490681,6,50,-1,-1,6
8499090,29,39,-1,-1,4
8500290,32,52,-1,-1,6
8497470,9,32,-1,-1,5
8498713,3,0,-1,-1,4
8500247,22,24,-1,-1,0
8495019,13,23,-1,-1,5
8500110,39,8,-1,-1,1
8501316,52,39,-1,-1,1
8501205,51,38,-1,-1,6
8500609,42,46,-1,-1,1
8495746,27,21,-1,-1,4
8500866,51,40,-1,-1,2
8499894,12,26,-1,-1,0
8499192,55,27,-1,-1,6
8500880,17,34,-1,-1,1
8500275,45,50,-1,-1,3
8499929,3,1,-1,-1,1
8500162,5,54,-1,-1,3
8493651,47,42,-1,-1,5
8499463,46,2,-1,-1,4
8494833,4,11,-1,-1,6
8498402,32,46,-1,-1,3
8496156,28,21,-1,-1,1
8498639,46,5,-1,-1,0
8497810,18,23,-1,-1,5
8493985,36,50,-1,-1,3
8499096,12,23,-1,-1,2
8500176,16,4,-1,-1,6
8495082,53,34,-1,-1,2
8493703,2,37,-1,-1,3
8501238,37,53,-1,-1,6
8497448,23,25,-1,-1,5
8491293,11,41,-1,-1,4
8500574,13,33,-1,-1,7
8500535,10,8,-1,-1,5
8500050,45,34,-1,-1,0
8498429,8,35,-1,-1,3
8495709,55,12,-1,-1,1
8499723,17,15,-1,-1,0
8500406,31,38,-1,-1,0
8501300,26,51,-1,-1,4
8496043,4,55,-1,-1,0
8498400,28,41,-1,-1,7
8500854,49,41,-1,-1,5
8495258,31,9,-1,-1,0
8497069,34,13,-1,-1,2
8491456,49,24,-1,-1,1
8498467,53,42,-1,-1,0
8501185,6,18,-1,-1,6
8501267,53,17,-1,-1,6
8498393,8,19,-1,-1,0
8498170,38,20,-1,-1,0
8499472,53,49,-1,-1,4
8497507,51,22,-1,-1,5
8492402,17,8,-1,-1,3
8500641,51,18,-1,-1,7
8498255,7,48,-1,-1,1
8498511,32,24,-1,-1,7
8500351,45,55,-1,-1,1
8493468,56,22,-1,-1,4
8501017,9,33,-1,-1,3
8500989,42,3,-1,-1,2
8500616,58,32,-1,-1,0
8494509,14,25,-1,-1,3
8491886,12,6,-1,-1,5
8500520,20,8,-1,-1,2
8497692,1,26,-1,-1,0
8500459,1,21,-1,-1,6
8498920,42,40,-1,-1,6
8492439,55,8,-1,-1,3
8500043,48,38,-1,-1,0
8500014,10,43,-1,-1,0
8501048,28,24,-1,-1,6
8499187,13,51,-1,-1,3
8500102,48,17,-1,-1,3
8498720,52,15,-1,-1,4
8487424,21,42,-1,-1,4
8500965,48,32,-1,-1,0
8497936,18,31,-1,-1,7
8498874,33,13,-1,-1,6
8500652,6,39,-1,-1,4
8500915,10,50,-1,-1,5
8494183,46,4,-1,-1,7
8496226,15,33,-1,-1,6
8492166,57,29,-1,-1,1
8496308,22,25,-1,-1,7
8500180,44,31,-1,-1,4
8497514,7,6,-1,-1,7
8492760,13,50,-1,-1,2
8495061,54,29,-1,-1,3
8490024,0,10,-1,-1,0
8495046,7,53,-1,-1,3
8498423,42,51,-1,-1,1
8500654,14,34,-1,-1,1
8501096,44,6,-1,-1,7
8497771,30,32,-1,-1,7
8501090,49,0,-1,-1,2
8494326,35,27,-1,-1,4
8497580,7,31,-1,-1,7
8489628,51,44,-1,-1,7
8492492,50,58,-1,-1,0
8498224,40,13,-1,-1,3
8500519,15,57,-1,-1,2
8499675,17,55,-1,-1,4
8497622,9,1,-1,-1,4
8499711,36,30,-1,-1,3
8496579,31,57,-1,-1,5
8500608,40,8,-1,-1,4
8500827,43,19,-1,-1,6
8498314,16,58,-1,-1,1
8499493,31,34,-1,-1,2
8500349,56,21,-1,-1,3
8495844,48,42,-1,-1,3
8499791,11,24,-1,-1,4
8500821,4,10,-1,-1,6
8501254,8,3,-1,-1,2
8500662,35,44,-1,-1,0
8494539,30,2,-1,-1,3
8501223,56,56,-1,-1,6
8500307,35,9,-1,-1,7
8499917,47,11,-1,-1,3
8497829,35,20,-1,-1,4
8499884,20,47,-1,-1,1
8491864,35,17,-1,-1,5
8498125,1,18,-1,-1,4
8496528,47,7,-1,-1,4
8495968,53,10,-1,-1,2
8499496,54,11,-1,-1,3
8497320,25,9,-1,-1,0
8489569,5,58,-1,-1,2
8500522,8,38,-1,-1,4
8490097,56,18,-1,-1,4
8499533,17,4,-1,-1,5
8500462,1,31,-1,-1,6
8501025,52,8,-1,-1,6
8499079,36,14,-1,-1,7
8499219,11,33,-1,-1,7
8501312,38,30,-1,-1,6
8492592,0,28,-1,-1,4
8495511,32,22,-1,-1,6
8500973,31,23,-1,-1,3
8497044,4,25,-1,-1,5
8495805,11,36,-1,-1,4
8500257,15,18,-1,-1,4
8496374,38,31,-1,-1,1
8499414,7,28,-1,-1,7
8500883,10,6,-1,-1,4
8500381,2,1,-1,-1,0
8499417,34,12,-1,-1,7
8493352,36,46,-1,-1,5
8501250,27,54,-1,-1,6
8500216,22,42,-1,-1,4
8499832,1,34,-1,-1,7
8499802,8,5,-1,-1,7
8500772,37,43,-1,-1,7
8500593,0,3,-1,-1,1
8497240,11,2,-1,-1,7
8500851,6,19,-1,-1,3
8496536,40,9,-1,-1,5
8496806,2,3,-1,-1,2
8500063,35,21,-1,-1,2
8495745,38,58,-1,-1,0
8489053,9,46,-1,-1,4
8500749,46,8,-1,-1,2
8501294,44,19,-1,-1,1
8500374,48,15,-1,-1,4
8499995,31,1,-1,-1,2
8500066,38,52,-1,-1,7
8497224,15,35,-1,-1,6
8497757,6,52,-1,-1,2
8500607,44,25,-1,-1,7
8499153,21,38,-1,-1,4
8495472,58,1,-1,-1,7
8498471,0,27,-1,-1,3
8498611,50,20,-1,-1,1
8501235,17,20,-1,-1,6
8499822,30,51,-1,-1,5
8489938,16,39,-1,-1,5
8500051,2,58,-1,-1,2
8491803,42,25,-1,-1,2
8501032,26,37,-1,-1,4
8498168,52,55,-1,-1,5
8500897,32,57,-1,-1,2
8497121,3,20,-1,-1,0
8500699,17,46,-1,-1,7
8499779,42,33,-1,-1,2
8495514,6,0,-1,-1,6
8500564,6,38,-1,-1,2
8499993,36,17,-1,-1,1
8499741,23,39,-1,-1,4
8499257,21,37,-1,-1,3
8500037,22,40,-1,-1,3
8497058,26,31,-1,-1,3
8494828,18,32,-1,-1,4
8495517,35,42,-1,-1,3
8501137,58,49,-1,-1,5
8501247,13,13,-1,-1,2
8500847,30,45,-1,-1,1
8500370,43,48,-1,-1,3
8500437,25,37,-1,-1,0
8499105,51,33,-1,-1,2
8500803,14,14,-1,-1,5
8500301,5,26,-1,-1,4
8499747,36,33,-1,-1,6
8499508,36,23,-1,-1,1
8497820,47,0,-1,-1,5
8499977,53,19,-1,-1,3
8500937,4,28,-1,-1,7
8500025,3,50,-1,-1,6
8500899,10,33,-1,-1,6
8491297,33,55,-1,-1,7
8494945,54,3,-1,-1,5
8486425,45,53,-1,-1,7
8497743,47,30,-1,-1,6
8498043,30,39,-1,-1,0
8497269,12,5,-1,-1,0
8500343,3,36,-1,-1,2
8500468,36,1,-1,-1,7
8500651,50,38,-1,-1,3
8500664,45,26,-1,-1,6
8500886,35,43,-1,-1,0
8493737,0,26,-1,-1,4
8500732,47,51,-1,-1,0
8499489,44,9,-1,-1,7
8496365,36,20,-1,-1,1
8498447,37,20,-1,-1,0
8500222,9,47,-1,-1,5
8494506,6,40,-1,-1,4
8500617,18,52,-1,-1,1
8499726,31,11,-1,-1,7
8495325,48,4,-1,-1,0
8496066,17,13,-1,-1,6
8501228,37,57,-1,-1,4
8499678,10,27,-1,-1,5
8492418,16,27,-1,-1,2
8496754,54,38,-1,-1,7
8498100,51,27,-1,-1,2
8496562,34,52,-1,-1,5
8498728,58,50,-1,-1,6
8499973,55,7,-1,-1,3
8499574,49,28,-1,-1,6
8500108,28,3,-1,-1,4
8499022,21,32,-1,-1,0
8498739,0,57,-1,-1,0
8486405,45,7,-1,-1,6
8497370,17,41,-1,-1,2
8500436,56,13,-1,-1,3
8499878,27,19,-1,-1,3
8496993,25,17,-1,-1,4
8497828,13,39,-1,-1,6
8500893,13,7,-1,-1,7
8498812,21,48,-1,-1,0
8493815,2,7,-1,-1,3
8494689,0,2,-1,-1,4
8492942,11,0,-1,-1,5
8498917,58,6,-1,-1,4
8500415,30,15,-1,-1,1
8499657,19,53,-1,-1,4
8501045,14,20,-1,-1,6
8500122,36,52,-1,-1,6
8498362,4,13,-1,-1,1
8497793,46,1,-1,-1,4
8500731,20,56,-1,-1,6
8498706,31,2,-1,-1,4
8494503,46,17,-1,-1,6
8501157,9,28,-1,-1,2
8499869,21,41,-1,-1,7
8499345,5,9,-1,-1,3
8500950,6,36,-1,-1,6
8500249,4,56,-1,-1,7
8494596,24,44,-1,-1,0
8498710,19,27,-1,-1,1
8500665,25,14,-1,-1,2
8498985,41,14,-1,-1,1
8496629,16,20,-1,-1,0
8496646,16,29,-1,-1,0
8499647,6,54,-1,-1,3
8499157,13,31,-1,-1,5
8500620,5,33,-1,-1,5
8494536,7,16,-1,-1,1
8492307,10,11,-1,-1,7
8490967,20,48,-1,-1,0
8497135,44,53,-1,-1,3
8494668,52,29,-1,-1,4
8498712,0,40,-1,-1,0
8499368,19,40,-1,-1,1
8501107,42,15,-1,-1,1
8495699,37,23,-1,-1,2
8498042,39,57,-1,-1,5
8492590,55,50,-1,-1,3
8500760,33,29,-1,-1,0
8498326,43,1,-1,-1,0
8499439,27,32,-1,-1,5
8496902,32,49,-1,-1,5
8500012,38,42,-1,-1,3
8497516,12,1,-1,-1,4
8499312,8,57,-1,-1,3
8499378,40,26,-1,-1,1
8498549,40,34,-1,-1,6
8498450,45,51,-1,-1,6
8498492,29,12,-1,-1,1
8499335,21,39,-1,-1,7
8500838,28,32,-1,-1,0
8500450,16,28,-1,-1,5
8500790,34,2,-1,-1,4
8500752,34,44,-1,-1,0
8498480,23,53,-1,-1,3
8496882,17,32,-1,-1,2
8500709,14,58,-1,-1,2
8499693,13,4,-1,-1,4
8500376,51,10,-1,-1,1
8493281,36,22,-1,-1,4
8500515,38,51,-1,-1,5
8500818,46,24,-1,-1,7
8498064,34,0,-1,-1,2
8500504,52,14,-1,-1,7
8498775,2,35,-1,-1,5
8488805,10,17,-1,-1,0
8491974,19,34,-1,-1,3
8500413,20,57,-1,-1,4
8486723,12,0,-1,-1,5
8500855,22,26,-1,-1,0
8499270,39,40,-1,-1,2
8500948,9,49,-1,-1,0
8499028,47,4,-1,-1,5
8498108,48,44,-1,-1,1
8496865,19,58,-1,-1,6
8495999,30,44,-1,-1,1
8500856,38,7,-1,-1,2
8497243,33,3,-1,-1,3
8493644,11,19,-1,-1,7
8496531,31,19,-1,-1,4
8494844,29,17,-1,-1,3
8500872,45,1,-1,-1,6
8494372,30,28,-1,-1,0
8483368,14,40,-1,-1,2
8484892,4,52,-1,-1,6
8499823,3,41,-1,-1,7
8499450,20,31,-1,-1,7
8496596,35,10,-1,-1,7
8500183,6,3,-1,-1,3
8498341,25,36,-1,-1,4
8497330,24,55,-1,-1,7
8500837,54,42,-1,-1,0
8499712,47,49,-1,-1,7
8499705,45,38,-1,-1,7
8493720,12,39,-1,-1,7
8495779,43,44,-1,-1,0
8498692,4,51,-1,-1,6
8495190,15,49,-1,-1,0
8500815,43,23,-1,-1,3
8500753,29,54,-1,-1,0
8486797,40,42,-1,-1,1
8496991,38,45,-1,-1,0
8500808,53,4,-1,-1,0
8498562,28,14,-1,-1,6
8484997,44,12,-1,-1,6
8499788,40,5,-1,-1,3
8497310,0,42,-1,-1,3
8500434,37,38,-1,-1,6
8499889,26,27,-1,-1,6
8501202,19,37,-1,-1,3
8499546,46,7,-1,-1,7
8499805,52,44,-1,-1,4
8499831,36,44,-1,-1,1
8498746,29,50,-1,-1,0
8489026,55,15,-1,-1,1
8500463,50,33,-1,-1,3
8499971,35,38,-1,-1,1
8499222,2,9,-1,-1,4
8501279,42,21,-1,-1,6
8496517,8,21,-1,-1,0
8496107,19,56,-1,-1,4
8500185,9,42,-1,-1,5
8498167,16,45,-1,-1,7
8494774,15,11,-1,-1,2
8498187,36,2,-1,-1,4
8501221,1,23,-1,-1,7
8500792,26,6,-1,-1,5
8498535,45,13,-1,-1,0
8496162,58,9,-1,-1,4
8496115,51,56,-1,-1,1
8497032,49,11,-1,-1,7
8500500,32,0,-1,-1,3
8496118,52,57,-1,-1,4
8499469,20,17,-1,-1,5
8497260,19,55,-1,-1,0
8500924,26,42,-1,-1,6
8500305,6,1,-1,-1,7
8499793,35,49,-1,-1,3
8497720,5,1,-1,-1,1
8499756,7,0,-1,-1,6
8497339,2,31,-1,-1,7
8499083,2,54,-1,-1,5
8497026,18,43,-1,-1,5
8498367,12,55,-1,-1,3
8499104,38,46,-1,-1,7
8497342,2,8,-1,-1,3
8500350,19,20,-1,-1,3
8500397,48,2,-1,-1,0
8498020,55,47,-1,-1,0
8500428,32,55,-1,-1,7
8499289,32,3,-1,-1,3
8498253,49,52,-1,-1,1
8497398,24,53,-1,-1,1
8499949,44,39,-1,-1,7
8498356,32,53,-1,-1,6
8496784,17,28,-1,-1,7
8484532,51,45,-1,-1,2
8498344,52,58,-1,-1,2
8500123,29,55,-1,-1,2
8498345,4,22,-1,-1,3
8497171,53,21,-1,-1,2
8495051,8,12,-1,-1,4
8489045,39,18,-1,-1,7
8499327,52,31,-1,-1,3
8501299,6,49,-1,-1,0
8494680,34,33,-1,-1,4
8500896,33,12,-1,-1,7
8499342,21,40,-1,-1,4
8494545,29,35,-1,-1,1
8501293,12,32,-1,-1,5
8500423,38,57,-1,-1,4
8491358,40,6,-1,-1,6
8501008,14,10,-1,-1,5
8495936,48,13,-1,-1,1
8501237,15,1,-1,-1,6
8500938,0,12,-1,-1,3
8496924,18,33,-1,-1,2
8494282,50,30,-1,-1,3
8499845,35,7,-1,-1,7
8500991,9,21,-1,-1,7
8501243,58,4,-1,-1,4
8500345,55,19,-1,-1,7
8500175,56,37,-1,-1,2
8496524,44,1,-1,-1,0
8499206,16,9,-1,-1,1
8501272,4,57,-1,-1,7
8497463,39,24,-1,-1,6
8497501,53,14,-1,-1,7
8487376,24,54,-1,-1,1
8499269,58,3,-1,-1,5
8500352,42,36,-1,-1,4
8499833,2,17,-1,-1,6
8499581,11,4,-1,-1,4
8499512,20,3,-1,-1,4
8500475,54,12,-1,-1,7
8501308,52,52,-1,-1,2
8499722,46,27,-1,-1,5
8494611,11,16,-1,-1,7
8498040,46,9,-1,-1,3
8500514,2,5,-1,-1,7
8500516,11,48,-1,-1,7
8501307,7,19,-1,-1,0
8498205,44,35,-1,-1,7
8500668,52,42,-1,-1,2
8496737,45,3,-1,-1,1
8498709,38,8,-1,-1,3
8498690,50,11,-1,-1,2
8497688,23,4,-1,-1,1
8496574,50,57,-1,-1,5
8500138,6,27,-1,-1,5
8495070,2,23,-1,-1,6
8499860,32,56,-1,-1,7
8496685,14,5,-1,-1,0
8494637,10,20,-1,-1,4
8500157,15,44,-1,-1,4
8501142,40,28,-1,-1,1
8500800,1,35,-1,-1,2
8500768,23,54,-1,-1,0
8499184,25,11,-1,-1,3
8480074,27,6,-1,-1,1
8500763,11,54,-1,-1,3
8500456,47,53,-1,-1,3
8500426,55,33,-1,-1,7
8498016,53,44,-1,-1,6
8499903,0,51,-1,-1,2
8499578,15,47,-1,-1,4
8499078,9,54,-1,-1,3
8498047,15,20,-1,-1,0
8500730,6,11,-1,-1,6
8499116,1,6,-1,-1,0
8499154,14,0,-1,-1,2
8497107,35,40,-1,-1,3
8500252,43,52,-1,-1,4
8491731,24,32,-1,-1,1
8486530,16,48,-1,-1,3
8499530,16,51,-1,-1,2
8497306,14,49,-1,-1,2
8500493,5,24,-1,-1,1
8499609,25,4,-1,-1,2
8499115,50,1,-1,-1,7
8501309,46,36,-1,-1,7
8495493,48,31,-1,-1,3
8499758,5,46,-1,-1,0
8501194,2,57,-1,-1,2
8500765,3,12,-1,-1,4
8497357,22,15,-1,-1,4
8498855,3,10,-1,-1,3
8498589,33,49,-1,-1,6
8500894,4,15,-1,-1,3
8497249,23,10,-1,-1,7
8500075,22,52,-1,-1,2
8497407,45,27,-1,-1,1
8498163,6,22,-1,-1,3
8501217,36,11,-1,-1,0
8500610,56,28,-1,-1,3
8496914,12,35,-1,-1,3
8499888,8,7,-1,-1,7
8496849,28,10,-1,-1,4
8500870,47,54,-1,-1,5
8499654,11,3,-1,-1,3
8500250,25,1,-1,-1,1
8497733,13,9,-1,-1,4
8498075,37,1,-1,-1,6
8497164,24,31,-1,-1,7
8498132,43,38,-1,-1,4
8498828,53,11,-1,-1,3
8499590,17,26,-1,-1,4
8500596,37,56,-1,-1,5
8498166,16,13,-1,-1,2
8500093,35,55,-1,-1,3
8499885,7,8,-1,-1,6
8496589,38,6,-1,-1,6
8496798,30,26,-1,-1,2
8487373,7,30,-1,-1,4
8498254,5,28,-1,-1,4
8499858,43,29,-1,-1,7
8497361,6,37,-1,-1,6
8491025,13,28,-1,-1,6
8498457,0,49,-1,-1,3
8499386,14,8,-1,-1,6
8495438,41,39,-1,-1,1
8499622,57,19,-1,-1,0
8493363,14,3,-1,-1,0
8495193,7,39,-1,-1,3
8499511,54,51,-1,-1,6
8499840,57,35,-1,-1,6
8485553,39,9,-1,-1,5
8488734,44,49,-1,-1,0
8500508,43,36,-1,-1,6
8495941,52,7,-1,-1,2
8497960,56,14,-1,-1,7
8501213,0,9,-1,-1,0
8500451,38,25,-1,-1,5
8500677,19,0,-1,-1,6
8500195,17,56,-1,-1,1
8497531,6,44,-1,-1,7
8498972,50,9,-1,-1,1
8492440,30,33,-1,-1,0
8500525,33,31,-1,-1,3
8500276,50,54,-1,-1,4
8498721,6,20,-1,-1,1
8495720,1,51,-1,-1,6
8500149,58,57,-1,-1,0
8499658,25,48,-1,-1,2
8497939,48,30,-1,-1,0
8498672,40,53,-1,-1,6
8501055,12,22,-1,-1,7
8499453,50,7,-1,-1,5
8496768,24,34,-1,-1,0
8499328,10,2,-1,-1,2
8500997,27,2,-1,-1,4
8497510,5,20,-1,-1,4
8501291,13,24,-1,-1,0
8497745,47,22,-1,-1,2
8497253,29,7,-1,-1,5
8500425,28,40,-1,-1,6
8495761,38,29,-1,-1,1
8493667,57,56,-1,-1,0
8492451,35,56,-1,-1,5
8499290,33,10,-1,-1,0
8499748,24,22,-1,-1,5
8499664,27,37,-1,-1,1
8495306,57,7,-1,-1,5
8479909,10,0,-1,-1,4
8499641,52,49,-1,-1,7
8500187,52,16,-1,-1,6
8495481,12,9,-1,-1,7
8500940,17,24,-1,-1,7
8497598,21,9,-1,-1,6
8497655,33,39,-1,-1,0
8498009,10,47,-1,-1,7
8497907,28,22,-1,-1,7
8498932,15,10,-1,-1,6
8490618,3,40,-1,-1,5
8497078,44,11,-1,-1,4
8500373,7,3,-1,-1,2
8501118,3,5,-1,-1,0
8495661,17,49,-1,-1,0
8499777,24,2,-1,-1,4
8497888,56,30,-1,-1,7
8500657,2,6,-1,-1,4
8495485,24,49,-1,-1,4
8498348,0,31,-1,-1,2
8499867,53,43,-1,-1,4
8500245,56,23,-1,-1,0
8501173,55,18,-1,-1,3
8500328,40,52,-1,-1,3
8497037,16,41,-1,-1,3
8499456,37,29,-1,-1,5
8491480,52,21,-1,-1,4
8499987,54,45,-1,-1,2
8500676,13,5,-1,-1,2
8500788,35,53,-1,-1,7
8499223,58,20,-1,-1,4
8500891,54,24,-1,-1,4
8497209,50,2,-1,-1,4
8493698,4,29,-1,-1,2
8495286,30,31,-1,-1,3
8498627,4,58,-1,-1,2
8497563,41,20,-1,-1,5
8498520,28,54,-1,-1,1
8496053,24,21,-1,-1,5
8491106,23,11,-1,-1,2
8498887,29,16,-1,-1,0
8490086,1,46,-1,-1,6
8499804,1,15,-1,-1,5
8495640,7,35,-1,-1,4
8497053,32,29,-1,-1,2
8498800,26,55,-1,-1,1
8500552,27,34,-1,-1,6
8497275,18,30,-1,-1,2
8494231,11,39,-1,-1,7
8500962,27,10,-1,-1,5
8500736,3,52,-1,-1,5
8501031,14,18,-1,-1,1
8495866,5,53,-1,-1,2
8500378,26,1,-1,-1,2
8499406,37,27,-1,-1,1
8501233,2,15,-1,-1,3
8500911,34,28,-1,-1,2
8499170,16,19,-1,-1,3
8500825,18,27,-1,-1,3
8499680,18,47,-1,-1,3
8495296,29,11,-1,-1,5
8493283,28,20,-1,-1,6
8497887,4,40,-1,-1,1
8495455,13,55,-1,-1,6
8494493,33,35,-1,-1,2
8495656,28,2,-1,-1,1
8500268,45,12,-1,-1,4
8501061,17,27,-1,-1,4
8495873,39,14,-1,-1,3
8487478,11,58,-1,-1,2
8487572,34,4,-1,-1,0
8496285,53,26,-1,-1,4
8501161,44,2,-1,-1,3
8500846,29,21,-1,-1,6
8498872,35,28,-1,-1,4
8500710,40,11,-1,-1,6
8496027,5,37,-1,-1,5
8499600,31,51,-1,-1,7
8500008,2,42,-1,-1,3
8499525,29,40,-1,-1,2
8499268,16,8,-1,-1,1
8493665,6,32,-1,-1,1
8499629,53,30,-1,-1,1
8499132,24,19,-1,-1,4
8495540,16,2,-1,-1,2
8500148,8,36,-1,-1,5
8497079,22,48,-1,-1,0
8487638,0,36,-1,-1,0
8500165,3,7,-1,-1,2
8496656,41,4,-1,-1,0
8493226,28,23,-1,-1,0
8501239,23,46,-1,-1,1
8496687,44,24,-1,-1,4
8493610,21,24,-1,-1,6
8500745,50,29,-1,-1,2
8500824,42,44,-1,-1,0
8498885,42,26,-1,-1,5
8500333,23,47,-1,-1,7
8496136,47,50,-1,-1,2
8500796,31,14,-1,-1,2
8501295,15,8,-1,-1,3
8500696,3,45,-1,-1,3
8499886,40,58,-1,-1,6
8496503,57,57,-1,-1,5
8497423,44,4,-1,-1,4
8498421,4,27,-1,-1,1
8496072,58,25,-1,-1,4
8490317,9,3,-1,-1,7
8497198,32,25,-1,-1,7
8495177,57,51,-1,-1,1
8500704,23,32,-1,-1,1
8497111,29,18,-1,-1,3
8496986,36,43,-1,-1,5
8495469,26,34,-1,-1,5
8499027,47,32,-1,-1,0
8501155,33,9,-1,-1,3
8500959,18,39,-1,-1,3
8495322,43,42,-1,-1,3
8499871,30,18,-1,-1,0
8493564,47,48,-1,-1,7
8498131,29,56,-1,-1,4
8501011,22,43,-1,-1,7
8487915,24,42,-1,-1,7
8499364,3,32,-1,-1,5
8500186,44,30,-1,-1,0
8499673,36,49,-1,-1,3
8495777,56,38,-1,-1,0
8501215,17,7,-1,-1,6
8499562,22,30,-1,-1,4
8495513,32,8,-1,-1,7
8500340,24,16,-1,-1,0
8499862,5,32,-1,-1,0
8491234,42,49,-1,-1,7
8493732,50,41,-1,-1,5
8492713,43,28,-1,-1,6
8500371,51,28,-1,-1,1
8495625,3,39,-1,-1,6
8500447,4,45,-1,-1,5
8494193,19,7,-1,-1,7
8479746,56,54,-1,-1,5
8499169,13,42,-1,-1,6
8489892,0,23,-1,-1,1
8496092,48,48,-1,-1,7
8495185,40,3,-1,-1,1
8498539,43,55,-1,-1,7
8500875,43,51,-1,-1,3
8495136,12,2,-1,-1,7
8499365,54,52,-1,-1,4
8492648,0,29,-1,-1,3
8499891,24,43,-1,-1,6
8500118,20,29,-1,-1,0
8498675,35,26,-1,-1,2
8499992,24,4,-1,-1,4
8497604,0,33,-1,-1,2
8494358,28,16,-1,-1,7
8499234,33,44,-1,-1,4
8500853,22,41,-1,-1,7
8498307,0,50,-1,-1,4
8496813,18,20,-1,-1,2
8498634,27,50,-1,-1,3
8488128,25,54,-1,-1,5
8499536,27,49,-1,-1,0
8484556,40,29,-1,-1,2
8498544,17,57,-1,-1,6
8498591,20,58,-1,-1,6
8500864,37,8,-1,-1,2
8500064,43,11,-1,-1,0
8500556,21,2,-1,-1,1
8495830,55,6,-1,-1,1
8498146,54,1,-1,-1,1
8499892,28,12,-1,-1,1
8499968,10,45,-1,-1,4
8500022,33,52,-1,-1,6
8494929,44,41,-1,-1,1
8492162,43,3,-1,-1,7
8500849,29,15,-1,-1,7
8498702,34,7,-1,-1,3
8499089,3,56,-1,-1,2
8499278,37,44,-1,-1,6
8497385,0,41,-1,-1,3
8500055,7,44,-1,-1,6
8497918,3,16,-1,-1,4
8500383,0,18,-1,-1,3
8499177,25,15,-1,-1,0
8495807,46,48,-1,-1,0
8489743,36,10,-1,-1,3
8500405,22,7,-1,-1,1
8490420,12,56,-1,-1,0
8499555,0,1,-1,-1,1
8499285,18,13,-1,-1,2
8497669,36,6,-1,-1,0
8495869,47,19,-1,-1,7
8500421,58,16,-1,-1,4
8499544,0,0,-1,-1,4
8498682,19,5,-1,-1,5
8496168,39,51,-1,-1,7
8494677,23,12,-1,-1,5
8491840,56,58,-1,-1,0
8500606,41,25,-1,-1,2
8499405,44,42,-1,-1,2
8489940,18,21,-1,-1,0
8500190,49,26,-1,-1,4
8499272,10,15,-1,-1,6
8496216,28,46,-1,-1,3
8498735,43,35,-1,-1,4
8500648,50,31,-1,-1,1
8499563,26,43,-1,-1,6
8487864,3,3,-1,-1,4
8497657,30,55,-1,-1,1
8501057,16,40,-1,-1,7
8499697,21,27,-1,-1,6
8500980,53,55,-1,-1,5
8498797,58,58,-1,-1,7
8493258,16,17,-1,-1,7
8497626,21,58,-1,-1,2
8501101,13,16,-1,-1,2
8500460,29,47,-1,-1,0
8499951,19,47,-1,-1,5
8499851,51,36,-1,-1,7
8494211,33,51,-1,-1,1
8500898,17,30,-1,-1,4
8499333,24,17,-1,-1,5
8498449,9,18,-1,-1,0
8500797,2,40,-1,-1,4
8498502,39,43,-1,-1,7
8497765,12,54,-1,-1,3
8501227,27,17,-1,-1,5
8494860,9,26,-1,-1,0
8498738,18,18,-1,-1,7
8500096,12,11,-1,-1,4
8487095,37,16,-1,-1,1
8500005,43,47,-1,-1,3
8499975,51,15,-1,-1,4
8495808,54,39,-1,-1,7
8501103,14,12,-1,-1,2
8500205,36,18,-1,-1,1
8501230,3,29,-1,-1,7
8494793,16,43,-1,-1,3
8490025,22,38,-1,-1,5
8499254,55,17,-1,-1,1
8499681,10,57,-1,-1,3
8494697,31,13,-1,-1,0
8495489,25,33,-1,-1,2
8498197,49,46,-1,-1,7
8489945,38,22,-1,-1,2
8496965,58,37,-1,-1,4
8496187,39,19,-1,-1,0
8499429,52,18,-1,-1,7
8497418,0,24,-1,-1,1
8493504,55,38,-1,-1,1
8486201,44,23,-1,-1,0
8500930,18,56,-1,-1,3
8501119,20,51,-1,-1,6
8500168,9,38,-1,-1,0
8499383,15,31,-1,-1,2
8500783,37,34,-1,-1,5
8496938,55,1,-1,-1,5
8498960,42,10,-1,-1,4
8500600,20,26,-1,-1,5
8500919,51,43,-1,-1,2
8500191,32,6,-1,-1,1
8500356,30,48,-1,-1,6
8500660,7,13,-1,-1,7
8489721,39,42,-1,-1,0
8499721,44,7,-1,-1,1
8499276,43,5,-1,-1,4
8498200,51,53,-1,-1,7
8500985,32,27,-1,-1,6
8494891,20,34,-1,-1,7
8500678,25,8,-1,-1,3
8495882,52,36,-1,-1,2
8499337,10,55,-1,-1,1
8499940,49,22,-1,-1,4
8500258,5,51,-1,-1,5
8498039,9,40,-1,-1,5
8490722,7,2,-1,-1,4
8500294,1,27,-1,-1,1
8498729,43,58,-1,-1,6
8494842,4,32,-1,-1,6
8499986,34,45,-1,-1,5
8498875,19,57,-1,-1,1
8499553,37,18,-1,-1,5
8498906,26,39,-1,-1,6
8499483,58,52,-1,-1,0
8498233,57,22,-1,-1,5
8496723,51,19,-1,-1,1
8500015,39,37,-1,-1,4
8498685,41,1,-1,-1,1
8500905,42,22,-1,-1,0
8500744,45,24,-1,-1,7
8500941,57,9,-1,-1,2
8497795,0,44,-1,-1,0
8493539,8,28,-1,-1,2
8496252,57,13,-1,-1,3
8499440,9,55,-1,-1,0
8498301,8,39,-1,-1,1
8500585,32,4,-1,-1,7
8497725,51,42,-1,-1,0
8489157,50,18,-1,-1,6
8500869,25,58,-1,-1,2
8495673,30,42,-1,-1,2
8499730,41,37,-1,-1,5
8500900,20,16,-1,-1,5
8500388,29,45,-1,-1,5
8496319,48,25,-1,-1,0
8500056,11,37,-1,-1,0
8496267,11,6,-1,-1,7
8491437,7,58,-1,-1,6
8499718,11,22,-1,-1,2
8499299,49,43,-1,-1,6
8493872,20,1,-1,-1,7
8500588,37,13,-1,-1,1
8490917,46,22,-1,-1,2
8496472,13,15,-1,-1,6
8499978,53,31,-1,-1,5
8492199,30,30,-1,-1,1
8497422,47,36,-1,-1,1
8501210,41,24,-1,-1,6
8497197,43,30,-1,-1,6
8498443,51,30,-1,-1,0
8483650,22,58,-1,-1,0
8493396,12,10,-1,-1,4
8498005,44,37,-1,-1,5
8501023,0,7,-1,-1,3
8498483,36,51,-1,-1,2
8497045,30,40,-1,-1,6
8500631,58,44,-1,-1,0
8485335,49,54,-1,-1,3
8500595,49,29,-1,-1,3
8496878,26,57,-1,-1,4
8500873,43,43,-1,-1,7
8498459,35,52,-1,-1,0
8497778,4,0,-1,-1,2
8500933,42,0,-1,-1,3
8497399,51,21,-1,-1,0
8498324,53,56,-1,-1,5
8496436,39,54,-1,-1,1
8496997,46,52,-1,-1,3
8498110,27,8,-1,-1,0
8497512,23,23,-1,-1,7
8500889,45,41,-1,-1,3
8497146,3,31,-1,-1,3
8498501,5,19,-1,-1,2
8497832,37,49,-1,-1,5
8498220,9,22,-1,-1,7
8500634,18,42,-1,-1,6
8499970,12,20,-1,-1,7
8498331,44,45,-1,-1,7
8501168,33,27,-1,-1,1
8497938,16,18,-1,-1,7
8496470,22,51,-1,-1,6
8492281,14,15,-1,-1,6
8493590,33,5,-1,-1,0
8500172,34,20,-1,-1,4
8500817,28,18,-1,-1,4
8500067,51,23,-1,-1,4
8501287,32,33,-1,-1,7
8500113,46,56,-1,-1,0
8499403,23,24,-1,-1,1
8494789,8,49,-1,-1,4
8501092,27,35,-1,-1,1
8500845,56,32,-1,-1,2
8500954,21,57,-1,-1,5
8496724,45,9,-1,-1,5
8498118,7,38,-1,-1,6
8500327,11,50,-1,-1,2
8499369,55,3,-1,-1,4
8496802,5,25,-1,-1,6
8490902,39,58,-1,-1,0
8495522,25,57,-1,-1,2
8498687,42,42,-1,-1,7
8496931,29,4,-1,-1,2
8499117,31,16,-1,-1,1
8494791,0,19,-1,-1,2
8493161,32,42,-1,-1,3
8498293,55,0,-1,-1,6
8499260,7,56,-1,-1,2
8494878,14,48,-1,-1,4
8498780,49,17,-1,-1,0
8497273,53,40,-1,-1,0
8494261,39,25,-1,-1,1
8500656,52,45,-1,-1,2
8500366,41,3,-1,-1,6
8497736,54,23,-1,-1,0
8500498,43,54,-1,-1,4
8500036,46,57,-1,-1,5
8500586,47,35,-1,-1,1
8490300,19,8,-1,-1,2
8497645,48,5,-1,-1,3
8500694,3,9,-1,-1,3
8494871,11,56,-1,-1,1
8493992,9,37,-1,-1,2
8500988,38,43,-1,-1,5
8495140,14,22,-1,-1,2
8492884,44,27,-1,-1,4
8497347,8,4,-1,-1,0
8499913,29,51,-1,-1,5
8498871,19,17,-1,-1,7
8500727,32,30,-1,-1,2
8500743,51,25,-1,-1,1
8499367,25,26,-1,-1,1
8495281,55,10,-1,-1,0
8488136,51,1,-1,-1,1
8497475,19,19,-1,-1,3
8498781,10,34,-1,-1,0
8497841,19,49,-1,-1,2
8501102,9,2,-1,-1,1
8501081,40,10,-1,-1,7
8499224,41,29,-1,-1,4
8501305,6,26,-1,-1,1
8497727,32,18,-1,-1,6
8500632,30,37,-1,-1,2
8497872,19,9,-1,-1,0
8500949,22,11,-1,-1,6
8488919,53,7,-1,-1,7
8499408,15,51,-1,-1,1
8496934,15,43,-1,-1,2
8500706,39,34,-1,-1,2
8495847,6,13,-1,-1,5
8500318,47,16,-1,-1,5
8489339,23,16,-1,-1,6
8500967,47,43,-1,-1,0
8498026,31,8,-1,-1,1
8498837,8,2,-1,-1,7
8490693,49,35,-1,-1,5
8500902,11,52,-1,-1,3
8499435,45,54,-1,-1,7
8484695,32,15,-1,-1,6
8496275,4,36,-1,-1,6
8496633,25,3,-1,-1,5
8500598,20,23,-1,-1,1
8499486,20,15,-1,-1,5
8495582,22,22,-1,-1,6
8496770,8,46,-1,-1,0
8500983,40,35,-1,-1,2
8489458,37,3,-1,-1,4
8497940,46,39,-1,-1,7
8501270,9,10,-1,-1,6
8499571,35,19,-1,-1,2
8500509,0,54,-1,-1,2
8499353,34,25,-1,-1,5
8491610,12,28,-1,-1,1
8499965,56,39,-1,-1,7
8496466,42,54,-1,-1,4
8499989,8,29,-1,-1,2
8495670,21,13,-1,-1,5
8495458,53,50,-1,-1,2
8492541,8,22,-1,-1,6
8498210,39,12,-1,-1,1
8487330,15,27,-1,-1,3
8499945,14,30,-1,-1,4
8498405,22,46,-1,-1,3
8499070,34,39,-1,-1,3
8498954,31,5,-1,-1,1
8499800,46,41,-1,-1,1
8498318,58,28,-1,-1,5
8498036,42,53,-1,-1,1
8500974,12,31,-1,-1,2
8497324,42,29,-1,-1,6
8495850,10,30,-1,-1,7
8500583,25,47,-1,-1,7
8501229,21,11,-1,-1,4
8500226,49,19,-1,-1,6
8500917,25,0,-1,-1,6
8499004,8,26,-1,-1,3
8499309,45,0,-1,-1,4
8500720,14,56,-1,-1,5
8498440,9,50,-1,-1,2
8500787,8,15,-1,-1,6
8498374,8,47,-1,-1,2
8496370,47,10,-1,-1,5
8497629,54,36,-1,-1,4
8493909,0,32,-1,-1,1
8495178,24,3,-1,-1,1
8496896,36,27,-1,-1,6
8497922,56,44,-1,-1,2
8500737,53,39,-1,-1,1
8499582,51,11,-1,-1,7
8499091,22,44,-1,-1,4
8492154,10,56,-1,-1,0
8496995,22,45,-1,-1,3
8501079,10,53,-1,-1,2
8492991,9,19,-1,-1,6
8500338,55,25,-1,-1,4
8498227,38,38,-1,-1,7
8499670,52,46,-1,-1,6
8495312,21,52,-1,-1,2
8499755,5,5,-1,-1,2
8500362,29,41,-1,-1,4
8496165,6,4,-1,-1,5
8495202,32,38,-1,-1,2
8498956,15,24,-1,-1,3
8501206,20,38,-1,-1,0
8500240,50,47,-1,-1,7
8499967,22,50,-1,-1,2
8500767,34,37,-1,-1,1
8500087,45,8,-1,-1,3
8497262,14,51,-1,-1,2
8499395,1,30,-1,-1,7
8498209,57,28,-1,-1,5
8500635,15,55,-1,-1,1
8492965,9,4,-1,-1,2
8493225,27,40,-1,-1,6
8498966,54,30,-1,-1,6
8491328,5,27,-1,-1,0
8497285,47,20,-1,-1,6
8500253,46,16,-1,-1,7
8496497,43,34,-1,-1,1
8500538,50,55,-1,-1,1
8492101,2,13,-1,-1,0
8500852,7,43,-1,-1,7
8500673,53,41,-1,-1,6
8500310,40,44,-1,-1,1
8493519,15,54,-1,-1,3
8501109,35,16,-1,-1,4
8500721,37,24,-1,-1,7
8499075,11,14,-1,-1,2
8499375,23,42,-1,-1,6
8496948,16,38,-1,-1,7
8490364,19,15,-1,-1,4
8499017,56,3,-1,-1,2
8498390,19,35,-1,-1,5
8491245,38,12,-1,-1,1
8498243,50,45,-1,-1,0
8498819,10,32,-1,-1,2
8500220,34,30,-1,-1,0
8493197,35,48,-1,-1,3
8500101,33,54,-1,-1,4
8484994,32,58,-1,-1,6
8496424,51,51,-1,-1,3
8499876,1,25,-1,-1,4
8496151,13,57,-1,-1,1
8500576,30,12,-1,-1,6
8499491,26,12,-1,-1,3
8500543,50,17,-1,-1,6
8494961,40,40,-1,-1,0
8500738,40,57,-1,-1,7
8501245,31,24,-1,-1,1
8501125,12,46,-1,-1,6
8498139,41,34,-1,-1,0
8494149,33,46,-1,-1,5
8495529,3,17,-1,-1,7
8498951,5,14,-1,-1,4
8498748,12,57,-1,-1,4
8501022,55,48,-1,-1,5
8498359,38,49,-1,-1,2
8500746,4,30,-1,-1,0
8489736,16,26,-1,-1,2
8499176,26,22,-1,-1,4
8499443,22,10,-1,-1,2
8500038,53,36,-1,-1,5
8482544,15,14,-1,-1,1
8499676,18,49,-1,-1,5
8500145,4,2,-1,-1,6
8493305,26,7,-1,-1,0
8496690,31,3,-1,-1,7
8494737,34,11,-1,-1,4
8494873,7,7,-1,-1,2
8500747,54,10,-1,-1,3
8500264,49,51,-1,-1,3
8495077,4,17,-1,-1,3
8497941,58,26,-1,-1,7
8499302,27,27,-1,-1,7
8500928,49,42,-1,-1,3
8498366,38,54,-1,-1,5
8495977,33,19,-1,-1,6
8496245,6,42,-1,-1,5
8496616,24,35,-1,-1,7
8500146,56,36,-1,-1,4
8500524,51,14,-1,-1,6
8500539,49,53,-1,-1,7
8498550,57,12,-1,-1,3
8498815,15,17,-1,-1,7
8493120,25,27,-1,-1,6
8500645,42,6,-1,-1,5
8493206,58,39,-1,-1,4
8498463,24,46,-1,-1,0
8500612,51,41,-1,-1,3
8490762,24,14,-1,-1,6
8499615,14,50,-1,-1,1
8500223,29,37,-1,-1,3
8497195,8,13,-1,-1,6
8501222,24,41,-1,-1,7
8496456,42,20,-1,-1,2
8499912,35,54,-1,-1,4
8500399,53,23,-1,-1,7
8496958,21,19,-1,-1,2
8501059,29,30,-1,-1,6
8497674,49,18,-1,-1,2
8501310,30,17,-1,-1,6
8499178,50,24,-1,-1,1
8492040,18,26,-1,-1,2
8496744,52,9,-1,-1,2
8500408,25,53,-1,-1,5
8500273,55,44,-1,-1,0
8498298,51,55,-1,-1,6
8496675,37,9,-1,-1,2
8498322,44,16,-1,-1,1
8500141,46,11,-1,-1,4
8500260,28,55,-1,-1,5
8486251,55,31,-1,-1,2
8497210,14,43,-1,-1,0
8498085,19,36,-1,-1,7
8491420,7,42,-1,-1,6
8497843,28,36,-1,-1,0
8500024,11,1,-1,-1,3
8499606,54,33,-1,-1,5
8499102,26,18,-1,-1,5
8494141,8,20,-1,-1,5
8501252,45,44,-1,-1,4
8496721,16,6,-1,-1,4
8500213,38,18,-1,-1,4
8496176,35,18,-1,-1,0
8498420,13,37,-1,-1,5
8496682,9,23,-1,-1,3
8500129,55,39,-1,-1,1
8500337,32,7,-1,-1,5
8495945,53,12,-1,-1,1
8501162,24,24,-1,-1,4
8497802,41,6,-1,-1,5
8499287,16,15,-1,-1,4
8494566,5,22,-1,-1,7
8500219,13,20,-1,-1,1
8501188,16,0,-1,-1,2
8501192,26,30,-1,-1,2
8500385,1,5,-1,-1,6
8490960,50,14,-1,-1,7
8500312,1,49,-1,-1,6
8498204,28,53,-1,-1,6
8500913,13,58,-1,-1,7
8498881,34,35,-1,-1,4
8500298,32,50,-1,-1,1
8498408,1,54,-1,-1,2
8494574,30,4,-1,-1,0
8500210,37,48,-1,-1,3
8496202,6,29,-1,-1,2
8487167,2,49,-1,-1,6
8500661,57,21,-1,-1,3
8500828,6,25,-1,-1,4
8497835,58,30,-1,-1,4
8501121,40,30,-1,-1,1
8492727,7,9,-1,-1,3
8497634,50,15,-1,-1,4
8500868,49,3,-1,-1,3
8500091,39,44,-1,-1,1
8497637,28,28,-1,-1,5
8484171,24,25,-1,-1,0
8489854,45,39,-1,-1,6
8494348,10,40,-1,-1,2
8499628,53,37,-1,-1,7
8495809,47,5,-1,-1,2
8500496,42,12,-1,-1,2
8499543,55,55,-1,-1,5
8499035,57,46,-1,-1,3
8498311,18,10,-1,-1,5
8494542,29,19,-1,-1,7
8500527,6,24,-1,-1,7
8499266,23,48,-1,-1,6
8500809,39,32,-1,-1,1
8500392,56,16,-1,-1,1
8499444,58,38,-1,-1,0
8500804,51,57,-1,-1,2
8497965,14,26,-1,-1,5
8498561,28,19,-1,-1,7
8499542,20,45,-1,-1,0
8498002,3,23,-1,-1,4
8499552,18,2,-1,-1,6
8499905,49,40,-1,-1,3
8501236,42,14,-1,-1,5
8501280,41,58,-1,-1,0
8493064,54,35,-1,-1,7
8500785,10,48,-1,-1,4
8500770,8,16,-1,-1,7
8499130,34,34,-1,-1,6
8500775,54,22,-1,-1,6
8501033,3,47,-1,-1,2
8498548,16,23,-1,-1,4
8498650,26,40,-1,-1,1
8498431,38,3,-1,-1,3
8498876,28,30,-1,-1,6
8500748,5,10,-1,-1,7
8492444,32,9,-1,-1,2
8500826,21,44,-1,-1,0
8499068,35,8,-1,-1,3
8500079,29,23,-1,-1,7
8498667,13,21,-1,-1,0
8498273,26,36,-1,-1,4
8500929,2,26,-1,-1,4
8487948,13,38,-1,-1,2
8491197,18,35,-1,-1,2
8500810,36,31,-1,-1,7
8498328,10,7,-1,-1,2
8497308,58,40,-1,-1,5
8498526,29,38,-1,-1,1
8499202,40,24,-1,-1,6
8497424,8,11,-1,-1,4
8499431,31,43,-1,-1,2
8499286,22,2,-1,-1,1
8500594,37,0,-1,-1,4
8499007,51,4,-1,-1,5
8498528,7,25,-1,-1,5
8500416,48,46,-1,-1,3
8490403,46,37,-1,-1,3
8500109,27,36,-1,-1,6
8498054,27,56,-1,-1,7
8500554,43,53,-1,-1,5
8498607,13,6,-1,-1,6
8499724,14,37,-1,-1,5
8490362,28,51,-1,-1,5
8500667,57,20,-1,-1,1
8499122,30,43,-1,-1,5
8496444,50,21,-1,-1,5
8499043,54,49,-1,-1,0
8494586,4,1,-1,-1,7
8500233,7,29,-1,-1,4
8498506,43,26,-1,-1,6
8497980,10,42,-1,-1,0
8499933,4,18,-1,-1,7
8495962,2,41,-1,-1,0
8501047,32,44,-1,-1,7
8499881,22,29,-1,-1,0
8499000,5,21,-1,-1,4
8498207,58,10,-1,-1,0
8500633,46,18,-1,-1,5
8500713,32,45,-1,-1,2
8493881,12,58,-1,-1,2
8501082,41,47,-1,-1,6
8495695,15,7,-1,-1,4
8492183,45,29,-1,-1,3
8496144,41,53,-1,-1,7
8491379,52,34,-1,-1,7
8495246,46,0,-1,-1,6
8496664,17,36,-1,-1,3
8496455,50,44,-1,-1,2
8501002,4,4,-1,-1,4
8499627,56,2,-1,-1,1
8498971,46,19,-1,-1,7
8489360,18,53,-1,-1,7
8500963,5,35,-1,-1,6
8494745,50,32,-1,-1,3
8500885,2,38,-1,-1,7
8498558,33,43,-1,-1,3
8496246,49,36,-1,-1,0
8495892,2,22,-1,-1,2
8499762,31,26,-1,-1,7
8498579,2,46,-1,-1,0
8495958,31,21,-1,-1,1
8501041,30,46,-1,-1,1
8495385,35,45,-1,-1,3
8492956,19,18,-1,-1,2
8500536,39,49,-1,-1,1
8497415,14,21,-1,-1,5
8500903,10,49,-1,-1,5
8498822,36,42,-1,-1,6
8498831,13,25,-1,-1,1
8494709,13,53,-1,-1,0
8501083,19,23,-1,-1,4
8496205,30,54,-1,-1,1
8495166,11,47,-1,-1,3
8497750,3,30,-1,-1,6
8492324,1,57,-1,-1,5
8499838,42,48,-1,-1,4
8498239,19,52,-1,-1,1
8501053,43,7,-1,-1,6
8496084,33,8,-1,-1,7
8499358,35,12,-1,-1,7
8496131,12,53,-1,-1,4
8499265,16,1,-1,-1,0
8494192,58,13,-1,-1,4
8499120,43,37,-1,-1,5
8499687,19,46,-1,-1,3
8500805,24,29,-1,-1,5
8498225,48,24,-1,-1,6
8498386,33,28,-1,-1,3
8493000,0,43,-1,-1,0
8498571,1,19,-1,-1,4
8496597,5,41,-1,-1,1
8496693,25,12,-1,-1,7
8497131,20,25,-1,-1,5
8499097,0,46,-1,-1,2
8497272,11,46,-1,-1,0
8495097,12,44,-1,-1,7
8496901,21,33,-1,-1,5
8500353,33,38,-1,-1,7
8496836,12,21,-1,-1,0
8501056,27,55,-1,-1,1
8500685,5,2,-1,-1,5
8499849,31,6,-1,-1,2
8501108,55,30,-1,-1,6
8498723,13,45,-1,-1,6
8501296,13,26,-1,-1,3
8500288,55,14,-1,-1,2
8497830,22,9,-1,-1,1
8497879,39,20,-1,-1,0
8499625,7,22,-1,-1,3
8497603,35,5,-1,-1,6
8499313,45,10,-1,-1,3
8501111,43,27,-1,-1,7
8496614,46,33,-1,-1,7
8494432,48,50,-1,-1,3
8491549,18,37,-1,-1,3
8497216,33,48,-1,-1,1
8499212,38,56,-1,-1,0
8499734,40,21,-1,-1,1
8499826,48,0,-1,-1,6
8499926,21,49,-1,-1,4
8500065,23,8,-1,-1,4
8501116,18,24,-1,-1,5
8497380,3,8,-1,-1,2
8495094,31,56,-1,-1,7
8500842,22,27,-1,-1,5
8497303,51,17,-1,-1,7
8498752,39,55,-1,-1,4
8499020,34,49,-1,-1,5
8501313,28,49,-1,-1,7
8500829,55,16,-1,-1,7
8493579,11,53,-1,-1,7
8497923,26,21,-1,-1,5
8496194,55,21,-1,-1,0
8496421,19,45,-1,-1,0
8500998,40,43,-1,-1,1
8497136,25,45,-1,-1,7
8495856,41,11,-1,-1,5
8499960,38,37,-1,-1,2
8495083,27,46,-1,-1,3
8500119,42,55,-1,-1,4
8498681,7,26,-1,-1,7
8496170,34,50,-1,-1,3
8498472,42,56,-1,-1,4
8483075,36,36,-1,-1,0
8497229,15,48,-1,-1,7
8494690,56,33,-1,-1,6
8496606,2,29,-1,-1,2
8501149,24,18,-1,-1,6
8497489,47,18,-1,-1,5
8498727,41,16,-1,-1,6
8498203,8,33,-1,-1,5
8496400,19,51,-1,-1,4
8492007,43,17,-1,-1,7
8499502,43,4,-1,-1,1
8495240,46,58,-1,-1,6
8499930,45,31,-1,-1,5
8493640,53,53,-1,-1,7
8495787,57,25,-1,-1,5
8499665,11,18,-1,-1,3
8496007,7,24,-1,-1,6
8499323,19,38,-1,-1,1
8496394,19,24,-1,-1,4
8494177,1,36,-1,-1,7
8501174,5,47,-1,-1,1
8498566,28,43,-1,-1,5
8501095,36,41,-1,-1,7
8497989,56,53,-1,-1,7
8495059,30,9,-1,-1,4
8501072,18,28,-1,-1,5
8498061,6,33,-1,-1,6
8496441,45,23,-1,-1,4
8500705,9,14,-1,-1,6
8495150,24,30,-1,-1,1
8499643,23,26,-1,-1,4
8498563,51,32,-1,-1,1
8500092,45,30,-1,-1,0
8500630,46,28,-1,-1,1
8493217,46,44,-1,-1,1
8501000,8,14,-1,-1,6
8500017,23,7,-1,-1,1
8496632,50,34,-1,-1,2
8500329,16,16,-1,-1,4
8484175,28,58,-1,-1,6
8488458,58,51,-1,-1,4
8499133,45,45,-1,-1,4
8500097,14,38,-1,-1,5
8500518,9,36,-1,-1,7
8495751,28,6,-1,-1,2
8498578,21,25,-1,-1,2
8498853,45,14,-1,-1,5
8497898,36,12,-1,-1,3
8499478,39,30,-1,-1,2
8492310,44,44,-1,-1,1
8500082,8,40,-1,-1,2
8494830,7,11,-1,-1,5
8491375,43,31,-1,-1,4
8500683,8,30,-1,-1,6
8489870,11,11,-1,-1,1
8500189,32,20,-1,-1,0
8499924,38,24,-1,-1,5
8499904,46,10,-1,-1,2
8500587,29,14,-1,-1,5
8500489,3,18,-1,-1,6
8497315,4,23,-1,-1,0
8500862,36,54,-1,-1,2
8496049,53,58,-1,-1,1
8499941,47,45,-1,-1,4
8500839,44,51,-1,-1,0
8501147,28,35,-1,-1,0
8501038,15,42,-1,-1,2
8496117,2,18,-1,-1,6
8500099,37,4,-1,-1,6
8485608,23,35,-1,-1,3
8491137,54,20,-1,-1,0
8498269,9,12,-1,-1,2
8497350,18,17,-1,-1,3
8497536,32,43,-1,-1,5
8501275,2,55,-1,-1,0
8498963,53,2,-1,-1,2
8500558,43,20,-1,-1,5
8499753,26,47,-1,-1,4
8500569,46,51,-1,-1,6
8501179,54,19,-1,-1,1
8500409,53,8,-1,-1,2
8468114,19,13,-1,-1,1
8496668,47,1,-1,-1,7
8497652,54,9,-1,-1,2
8500279,44,54,-1,-1,4
8499787,15,30,-1,-1,2
8500368,6,8,-1,-1,7
8498136,36,4,-1,-1,1
8499983,0,48,-1,-1,2
8497935,14,31,-1,-1,5
8500778,7,45,-1,-1,2
8491254,44,55,-1,-1,7
8498891,13,0,-1,-1,5
8494233,47,58,-1,-1,2
8499221,38,1,-1,-1,1
8500296,19,1,-1,-1,0
8501255,35,33,-1,-1,5
8500309,26,56,-1,-1,3
8496846,12,3,-1,-1,6
8498257,16,34,-1,-1,7
8497574,26,4,-1,-1,2
8497768,56,12,-1,-1,6
8500278,8,8,-1,-1,1
8501054,22,28,-1,-1,3
8499346,10,3,-1,-1,6
8500324,45,40,-1,-1,2
8499866,23,22,-1,-1,6
8501273,8,0,-1,-1,2
8494726,47,57,-1,-1,6
8499391,14,27,-1,-1,7
8499655,58,8,-1,-1,7
8497857,5,4,-1,-1,6
8500806,48,37,-1,-1,0
8498395,31,54,-1,-1,6
8499014,26,13,-1,-1,1
8490528,12,41,-1,-1,1
8498155,4,7,-1,-1,1
8493901,26,15,-1,-1,3
8499605,25,39,-1,-1,1
8499151,14,7,-1,-1,3
8493880,51,6,-1,-1,3
8500563,39,22,-1,-1,5
8494705,57,55,-1,-1,3
8500695,53,6,-1,-1,4
8500547,24,20,-1,-1,4
8500865,42,32,-1,-1,7
8500026,55,13,-1,-1,1
8500364,48,55,-1,-1,7
8499158,35,23,-1,-1,2
8499956,35,25,-1,-1,0
8498609,35,34,-1,-1,3
8499527,13,22,-1,-1,1
8493701,36,8,-1,-1,3
8501068,53,24,-1,-1,5
8497577,14,4,-1,-1,7
8497797,47,47,-1,-1,6
8499054,6,17,-1,-1,3
8496086,42,24,-1,-1,4
8499411,15,21,-1,-1,2
8499959,26,28,-1,-1,5
8500306,35,13,-1,-1,4
8494330,48,39,-1,-1,7
8500452,32,31,-1,-1,4
8500482,27,1,-1,-1,1
8501251,20,13,-1,-1,2
8501231,49,4,-1,-1,5
8499484,28,39,-1,-1,3
8498353,43,32,-1,-1,1
8494678,58,23,-1,-1,5
8498791,14,13,-1,-1,1
8499301,34,40,-1,-1,1
8498813,45,47,-1,-1,1
8501282,34,9,-1,-1,5
8498796,9,11,-1,-1,0
8499611,23,31,-1,-1,4
8496933,41,27,-1,-1,6
8499255,10,21,-1,-1,5
8501191,44,5,-1,-1,2
8500455,25,31,-1,-1,6
8499750,28,27,-1,-1,0
8501177,22,56,-1,-1,0
8501246,21,53,-1,-1,7
8501094,13,11,-1,-1,4
8500567,2,52,-1,-1,5
8495677,19,43,-1,-1,6
8499719,7,40,-1,-1,0
8497901,44,29,-1,-1,0
8494999,0,34,-1,-1,3
8500655,40,46,-1,-1,6
8490824,9,20,-1,-1,7
8499233,47,44,-1,-1,5
8499684,26,25,-1,-1,7
8498474,57,5,-1,-1,2
8497885,47,33,-1,-1,7
8501148,2,0,-1,-1,2
8492331,36,38,-1,-1,0
8496519,25,32,-1,-1,6
8500958,14,42,-1,-1,3
8499817,42,18,-1,-1,0
8491151,4,35,-1,-1,3
8500280,49,31,-1,-1,3
8496159,31,27,-1,-1,4
8500986,46,34,-1,-1,2
8499507,9,5,-1,-1,7
8500499,29,52,-1,-1,2
8500637,10,44,-1,-1,6
8499399,27,20,-1,-1,7
8497653,14,9,-1,-1,0
8497223,36,53,-1,-1,6
8498689,57,41,-1,-1,3
8499843,1,44,-1,-1,7
8497847,24,6,-1,-1,4
8485054,42,43,-1,-1,0
8496736,15,12,-1,-1,6
8500060,2,16,-1,-1,1
8490140,55,51,-1,-1,5
8500910,12,29,-1,-1,4
8501289,58,42,-1,-1,7
8498953,30,29,-1,-1,4
8494085,6,58,-1,-1,7
8479539,32,16,-1,-1,7
8495394,18,48,-1,-1,0
8499895,8,6,-1,-1,7
8500994,34,48,-1,-1,6
8498364,14,55,-1,-1,4
8497133,41,40,-1,-1,4
8499236,57,42,-1,-1,5
8500786,43,45,-1,-1,1
8495124,2,50,-1,-1,5
8499915,55,23,-1,-1,6
8497794,21,50,-1,-1,1
8497767,17,9,-1,-1,5
8500229,48,20,-1,-1,7
8497265,32,34,-1,-1,6
8500061,31,40,-1,-1,7
8499928,32,12,-1,-1,5
8499073,9,30,-1,-1,5
8501315,15,39,-1,-1,5
8499639,31,33,-1,-1,7
8493791,8,18,-1,-1,5
8498858,41,13,-1,-1,5
8498458,35,36,-1,-1,0
8500934,48,11,-1,-1,1
8491465,30,16,-1,-1,0
8489580,0,45,-1,-1,3
8499107,40,33,-1,-1,6
8496704,50,13,-1,-1,4
8498334,58,15,-1,-1,6
8500812,37,55,-1,-1,1
8492078,43,21,-1,-1,7
8500125,36,48,-1,-1,1
8498432,2,19,-1,-1,0
8496617,6,31,-1,-1,3
8499548,20,41,-1,-1,4
8501178,1,7,-1,-1,0
8499136,17,43,-1,-1,6
8499336,42,13,-1,-1,3
8498377,50,27,-1,-1,3
8500841,6,47,-1,-1,1
8500068,19,50,-1,-1,6
8495272,41,36,-1,-1,4
8499640,41,33,-1,-1,3
8498057,44,21,-1,-1,0
8498792,31,18,-1,-1,4
8500573,14,28,-1,-1,5
8498354,54,7,-1,-1,2
8492571,14,16,-1,-1,1
8499583,38,36,-1,-1,4
8497605,40,15,-1,-1,4
8491083,42,45,-1,-1,1
8499770,19,10,-1,-1,1
8486583,34,42,-1,-1,1
8497805,16,49,-1,-1,0
8485773,8,24,-1,-1,6
8500920,4,26,-1,-1,4
8494652,41,57,-1,-1,1
8496546,36,57,-1,-1,3
8500944,26,50,-1,-1,2
8501276,36,47,-1,-1,5
8500111,54,15,-1,-1,4
8494895,38,21,-1,-1,0
8501058,5,23,-1,-1,0
8493440,50,48,-1,-1,7
8500331,14,54,-1,-1,1
8496715,27,43,-1,-1,6
8494694,39,52,-1,-1,5
8500389,44,34,-1,-1,0
8500975,47,46,-1,-1,6
8493550,49,37,-1,-1,1
8493753,4,54,-1,-1,4
8499442,17,47,-1,-1,4
8496521,0,35,-1,-1,4
8500813,43,9,-1,-1,7
8492946,1,43,-1,-1,0
8498936,34,58,-1,-1,2
8498175,18,55,-1,-1,0
8500850,27,7,-1,-1,2
8499025,32,40,-1,-1,4
8498165,20,28,-1,-1,5
8501318,34,21,-1,-1,3
8500166,40,50,-1,-1,5
8495315,53,52,-1,-1,7
8475192,36,58,-1,-1,7
8496634,5,16,-1,-1,2
8496359,45,16,-1,-1,3
8501150,51,9,-1,-1,5
8499108,30,3,-1,-1,4
8496666,16,32,-1,-1,2
8499262,27,31,-1,-1,5
8493095,39,3,-1,-1,1
8500382,51,35,-1,-1,0
8496382,6,56,-1,-1,5
8490785,4,44,-1,-1,5
8499549,31,25,-1,-1,2
8494426,2,53,-1,-1,1
8499384,42,50,-1,-1,7
8500714,19,54,-1,-1,6
8496083,55,24,-1,-1,1
8496293,36,35,-1,-1,1
8499733,58,33,-1,-1,5
8494629,27,52,-1,-1,0
8500470,40,12,-1,-1,6
8499535,7,12,-1,-1,0
8499667,18,1,-1,-1,3
8497659,23,44,-1,-1,6
8499168,7,14,-1,-1,5
8501271,13,41,-1,-1,4
8501105,11,38,-1,-1,1
8500859,4,37,-1,-1,6
8501069,13,47,-1,-1,5
8497787,30,36,-1,-1,5
8500029,15,36,-1,-1,6
8500481,14,33,-1,-1,3
8499944,58,53,-1,-1,7
8499331,12,12,-1,-1,4
8495895,43,15,-1,-1,5
8499446,5,8,-1,-1,6
8486460,22,49,-1,-1,3
8492047,31,4,-1,-1,7
8501100,35,46,-1,-1,0
8501281,37,14,-1,-1,7
8496320,12,8,-1,-1,7
8498927,0,20,-1,-1,3
8497833,7,32,-1,-1,6
8500433,46,13,-1,-1,5
8491111,37,17,-1,-1,0
8500584,39,4,-1,-1,4
8499666,36,34,-1,-1,1
8499672,31,28,-1,-1,7
8493609,39,5,-1,-1,7
8498055,3,55,-1,-1,0
8501218,57,6,-1,-1,2
8495293,56,42,-1,-1,1
8501027,35,50,-1,-1,7
8501302,16,22,-1,-1,5
8499594,56,43,-1,-1,0
8497738,11,29,-1,-1,5
8483840,7,20,-1,-1,0
8500131,47,38,-1,-1,2
8499692,58,7,-1,-1,5
8500403,16,12,-1,-1,1
8498555,3,37,-1,-1,6
8501126,34,14,-1,-1,7
8499979,19,31,-1,-1,6
8498983,2,56,-1,-1,3
8500057,44,17,-1,-1,2
8494762,30,58,-1,-1,7
8499013,56,20,-1,-1,4
8498588,53,3,-1,-1,6
8494666,0,8,-1,-1,0
8497348,15,50,-1,-1,4
8496652,34,36,-1,-1,2
8498497,58,22,-1,-1,4
8497332,56,15,-1,-1,1
8499936,17,44,-1,-1,2
8496709,57,53,-1,-1,1
8501099,25,13,-1,-1,0
8493223,31,55,-1,-1,0
8500946,16,53,-1,-1,2
8499636,1,42,-1,-1,7
8498185,15,29,-1,-1,5
8492587,45,52,-1,-1,4
8498854,37,33,-1,-1,2
8497102,51,8,-1,-1,2
8500550,5,52,-1,-1,7
8500070,12,43,-1,-1,2
8495790,24,12,-1,-1,5
8499207,47,6,-1,-1,1
8499510,58,35,-1,-1,4
8498323,33,36,-1,-1,5
8501225,39,48,-1,-1,0
8498407,23,56,-1,-1,6
8500615,57,45,-1,-1,1
8501175,29,22,-1,-1,5
8498810,37,46,-1,-1,0
8492152,49,44,-1,-1,4
8499213,13,35,-1,-1,2
8500540,15,2,-1,-1,3
8500454,23,5,-1,-1,7
8500756,41,10,-1,-1,6
8497773,43,57,-1,-1,1
8498883,27,45,-1,-1,5
8499045,33,45,-1,-1,7
8501158,9,53,-1,-1,1
8500243,3,15,-1,-1,4
8495239,20,42,-1,-1,4
8500559,6,41,-1,-1,3
8495405,4,50,-1,-1,5
8496334,17,25,-1,-1,1
8499330,45,22,-1,-1,0
8500480,58,45,-1,-1,6
8500039,29,29,-1,-1,6
8495123,17,40,-1,-1,2
8500169,12,27,-1,-1,4
8500027,42,38,-1,-1,5
8500262,34,27,-1,-1,4
8501260,36,40,-1,-1,1
8501182,55,2,-1,-1,3
8498614,13,12,-1,-1,0
8500968,50,16,-1,-1,6
8499954,36,3,-1,-1,2
8498313,17,42,-1,-1,2
8501091,33,0,-1,-1,6
8501216,20,9,-1,-1,4
8495904,50,25,-1,-1,3
8499737,24,48,-1,-1,5
8499870,19,22,-1,-1,5
8485277,11,43,-1,-1,2
8496700,23,14,-1,-1,3
8500513,36,19,-1,-1,4
8499752,9,35,-1,-1,2
8494410,21,28,-1,-1,5
8499999,37,21,-1,-1,1
8494979,16,42,-1,-1,2
8500419,24,57,-1,-1,1
8494847,22,55,-1,-1,7
8496515,38,50,-1,-1,1
8500762,57,23,-1,-1,3
8497046,49,16,-1,-1,4
8500681,24,13,-1,-1,0
8497568,39,29,-1,-1,1
8500971,16,10,-1,-1,6
8500613,3,42,-1,-1,7
8499749,38,32,-1,-1,2
8501196,13,14,-1,-1,6
8498767,34,57,-1,-1,5
8498645,58,2,-1,-1,4
8486023,20,54,-1,-1,2
8499494,3,49,-1,-1,5
8501201,56,50,-1,-1,0
8496234,23,21,-1,-1,1
8501104,53,13,-1,-1,4
8499798,46,50,-1,-1,7
8500336,51,58,-1,-1,2
8496023,29,8,-1,-1,2
8496509,4,3,-1,-1,4
8500914,28,45,-1,-1,7
8497261,33,24,-1,-1,6
8492528,57,3,-1,-1,4
8500935,5,3,-1,-1,5
8493569,1,4,-1,-1,0
8499356,24,10,-1,-1,0
8500863,1,45,-1,-1,2
8493073,25,49,-1,-1,5
8499931,56,27,-1,-1,5
8499468,4,43,-1,-1,2
8497588,28,13,-1,-1,2
8499320,12,37,-1,-1,0
8493679,18,14,-1,-1,2
8501183,50,0,-1,-1,4
8499506,18,9,-1,-1,5
8497611,40,39,-1,-1,6
8497600,16,52,-1,-1,3
8499245,23,9,-1,-1,7
8498952,8,27,-1,-1,0
8484675,55,53,-1,-1,1
8500907,17,45,-1,-1,3
8501043,4,42,-1,-1,1
8498070,13,46,-1,-1,3
8499447,34,3,-1,-1,6
8499380,41,50,-1,-1,7
8495374,14,29,-1,-1,1
8495498,58,36,-1,-1,0
8497377,31,47,-1,-1,6
8496309,22,4,-1,-1,2
8499465,41,15,-1,-1,2
8500357,16,36,-1,-1,2
8498460,38,23,-1,-1,5
8494084,49,13,-1,-1,0
8493493,26,19,-1,-1,5
8501297,38,48,-1,-1,0
8499044,52,28,-1,-1,2
8501127,41,54,-1,-1,4
8498967,13,36,-1,-1,6
8497678,30,8,-1,-1,3
8500192,39,16,-1,-1,6
8499460,27,12,-1,-1,1
8500476,25,19,-1,-1,6
8500028,30,1,-1,-1,7
8500799,12,25,-1,-1,0
8501241,42,2,-1,-1,7
8485443,2,33,-1,-1,2
8500927,53,15,-1,-1,6
8496265,5,36,-1,-1,7
8499501,40,51,-1,-1,0
8500431,13,56,-1,-1,2
8500477,53,47,-1,-1,6
8497401,26,24,-1,-1,5
8495956,52,22,-1,-1,3
8496070,25,10,-1,-1,1
8501290,48,6,-1,-1,6
8492266,9,52,-1,-1,3
8498612,51,13,-1,-1,5
8496621,45,18,-1,-1,6
8497221,17,39,-1,-1,3
8497049,42,11,-1,-1,4
8497837,40,22,-1,-1,5
8495987,5,6,-1,-1,7
8496908,8,56,-1,-1,2
8498530,11,13,-1,-1,5
8500618,32,28,-1,-1,3
8499751,4,31,-1,-1,7
8494496,24,39,-1,-1,5
8499746,4,33,-1,-1,6
8492996,3,43,-1,-1,2
8500823,41,28,-1,-1,6
8493671,35,0,-1,-1,5
8500689,2,11,-1,-1,3
8499827,54,40,-1,-1,0
8499138,21,21,-1,-1,5
8499514,10,51,-1,-1,5
8498001,20,21,-1,-1,6
8492079,43,13,-1,-1,0
8499652,10,23,-1,-1,2
8499247,46,20,-1,-1,6
8500742,30,53,-1,-1,4
8495689,55,29,-1,-1,3
8497883,39,38,-1,-1,2
8499703,42,37,-1,-1,7
8497425,52,32,-1,-1,7
8500888,20,6,-1,-1,6
8500722,5,12,-1,-1,6
8495825,9,41,-1,-1,2
8498150,6,30,-1,-1,1
8501166,8,25,-1,-1,1
8498545,28,7,-1,-1,3
8494082,18,29,-1,-1,2
8499592,57,33,-1,-1,6
8501153,43,10,-1,-1,7
8497181,8,23,-1,-1,0
8498045,22,1,-1,-1,6
8499659,6,21,-1,-1,7
8496838,42,30,-1,-1,1
8500703,44,10,-1,-1,4
8495403,47,31,-1,-1,5
8498879,38,44,-1,-1,4
8496458,44,26,-1,-1,6
8490370,5,43,-1,-1,6
8493055,45,58,-1,-1,6
8501120,4,48,-1,-1,2
8493848,57,15,-1,-1,4
8497170,27,26,-1,-1,0
8500143,15,5,-1,-1,7
8493712,53,46,-1,-1,6
8500363,15,26,-1,-1,6
8498473,15,4,-1,-1,4
8499382,55,22,-1,-1,2
8496774,41,41,-1,-1,1
8494401,44,18,-1,-1,7
8497009,19,30,-1,-1,4
8493145,34,5,-1,-1,4
8497906,6,55,-1,-1,7
8498773,18,0,-1,-1,2
8497958,37,25,-1,-1,4
8495612,32,36,-1,-1,7
8498494,42,27,-1,-1,5
8495218,24,1,-1,-1,0
8490085,44,3,-1,-1,6
8498820,1,37,-1,-1,7
8498533,30,56,-1,-1,2
8490862,17,2,-1,-1,7
8491597,21,3,-1,-1,5
8496280,8,41,-1,-1,3
8498303,16,3,-1,-1,2
8490379,23,18,-1,-1,0
8498567,11,27,-1,-1,5
8497490,36,0,-1,-1,3
8499205,46,26,-1,-1,3
8499998,47,29,-1,-1,2
8500332,4,6,-1,-1,2
8500137,10,41,-1,-1,6
8499576,22,0,-1,-1,3
8498733,20,32,-1,-1,4
8499389,45,5,-1,-1,2
8497196,52,0,-1,-1,3
8495906,25,21,-1,-1,3
8492485,53,29,-1,-1,4
8493642,7,36,-1,-1,5
8498084,46,29,-1,-1,3
8493306,48,1,-1,-1,7
8500100,50,56,-1,-1,2
8499242,35,11,-1,-1,5
8497601,34,56,-1,-1,1
8501286,19,4,-1,-1,6
8499437,18,57,-1,-1,4
8499495,24,33,-1,-1,2
8491714,43,0,-1,-1,2
8497998,20,12,-1,-1,7
8499899,18,8,-1,-1,2
8491226,40,19,-1,-1,6
8500215,8,34,-1,-1,0
8500139,17,48,-1,-1,5
8500117,0,4,-1,-1,4
8499348,41,56,-1,-1,4
8499964,11,30,-1,-1,5
8490594,29,5,-1,-1,3
8500344,29,34,-1,-1,2
8495975,31,52,-1,-1,1
8496080,24,58,-1,-1,2
8500688,52,51,-1,-1,0
8492072,57,31,-1,-1,5
8499008,24,45,-1,-1,6
8500611,9,15,-1,-1,1
8499404,30,24,-1,-1,7
8500326,26,38,-1,-1,3
8499036,17,31,-1,-1,4
8500597,52,56,-1,-1,2
8501071,16,5,-1,-1,4
8498179,35,31,-1,-1,3
8497715,32,51,-1,-1,6
8494408,30,23,-1,-1,5
8501317,0,25,-1,-1,4
8493433,44,48,-1,-1,4
8499686,33,4,-1,-1,2
8496879,13,17,-1,-1,1
8496490,6,46,-1,-1,1
8493498,30,38,-1,-1,2
8495523,24,7,-1,-1,6
8497061,22,21,-1,-1,7
8500528,28,1,-1,-1,7
8498660,39,6,-1,-1,5
8498415,20,43,-1,-1,1
8500270,44,40,-1,-1,1
8501171,16,31,-1,-1,3
8500274,3,33,-1,-1,4
8500010,20,36,-1,-1,6
8500040,49,30,-1,-1,6
8501093,25,44,-1,-1,2
8498785,33,32,-1,-1,3
8500548,12,16,-1,-1,5
8498901,40,47,-1,-1,6
8497328,9,16,-1,-1,3
8500171,33,7,-1,-1,4
8499568,21,35,-1,-1,4
8500605,1,40,-1,-1,1
8500407,48,40,-1,-1,0
8485586,53,18,-1,-1,3
8500739,27,9,-1,-1,0
8496665,2,14,-1,-1,4
8496135,34,32,-1,-1,7
8496324,1,20,-1,-1,2
8496387,35,58,-1,-1,6
8501292,37,39,-1,-1,4
8501110,23,19,-1,-1,2
8499863,23,28,-1,-1,0
8499650,17,0,-1,-1,4
8498864,19,28,-1,-1,3
8501303,40,41,-1,-1,1
8496961,26,26,-1,-1,2
8501224,54,43,-1,-1,1
8499714,33,50,-1,-1,5
8492449,14,17,-1,-1,7
8497450,8,1,-1,-1,7
8499801,44,58,-1,-1,1
8500277,7,23,-1,-1,7
8500604,45,4,-1,-1,3
8500174,1,3,-1,-1,6
8500698,50,37,-1,-1,6
8493361,5,0,-1,-1,5
8500560,35,35,-1,-1,2
8500230,4,41,-1,-1,0
8501160,15,28,-1,-1,1
8501167,33,22,-1,-1,0
8497457,23,1,-1,-1,6
8500537,9,9,-1,-1,2
8500575,44,46,-1,-1,0
8499701,36,15,-1,-1,2
8499051,57,47,-1,-1,2
8500495,15,41,-1,-1,5
8497643,43,6,-1,-1,7
8494829,27,28,-1,-1,7
8497289,7,54,-1,-1,3
8499101,33,21,-1,-1,3
8495581,11,25,-1,-1,5
8500766,38,34,-1,-1,6
8491205,10,31,-1,-1,3
8500076,44,15,-1,-1,4
8498921,1,16,-1,-1,1
8499972,39,50,-1,-1,0
8500735,19,33,-1,-1,4
8499026,29,28,-1,-1,0
8497282,27,48,-1,-1,2
8500248,49,45,-1,-1,2
8499887,12,51,-1,-1,6
8500471,44,22,-1,-1,6
8501169,30,25,-1,-1,4
8500565,6,14,-1,-1,7
8499421,52,10,-1,-1,1
8499001,1,9,-1,-1,7
8499186,49,21,-1,-1,3
8500445,50,51,-1,-1,5
8498669,37,30,-1,-1,0
8500346,7,21,-1,-1,2
8493050,58,41,-1,-1,4
8499072,5,17,-1,-1,3
8493057,23,55,-1,-1,6
8499513,7,10,-1,-1,7
8497137,40,48,-1,-1,1
8495900,15,9,-1,-1,2
8497248,7,18,-1,-1,4
8498358,44,33,-1,-1,0
8499909,11,15,-1,-1,3
8498196,31,22,-1,-1,6
8494603,41,32,-1,-1,4
8495009,0,53,-1,-1,0
8497710,53,5,-1,-1,0
8500680,47,13,-1,-1,3
8499123,41,21,-1,-1,7
8499283,14,24,-1,-1,6
8500901,7,34,-1,-1,4
8494180,21,56,-1,-1,0
8492511,35,29,-1,-1,1
8496253,3,57,-1,-1,3
8500293,56,5,-1,-1,0
8497554,56,41,-1,-1,4
8501268,3,4,-1,-1,6
8499339,47,52,-1,-1,5
8498862,3,27,-1,-1,5
8499316,6,2,-1,-1,5
8500669,30,57,-1,-1,0
8499963,3,6,-1,-1,7
8500387,26,46,-1,-1,0
8498485,19,6,-1,-1,0
8494646,0,37,-1,-1,0
8499338,24,26,-1,-1,1
8501264,31,30,-1,-1,1
8495574,10,25,-1,-1,4
8499264,21,12,-1,-1,5
8497633,18,44,-1,-1,1
8499990,1,22,-1,-1,3
8500201,8,37,-1,-1,7
8495719,8,31,-1,-1,3
8498601,18,25,-1,-1,6
8500464,15,52,-1,-1,3
8488603,0,15,-1,-1,2
8495475,9,13,-1,-1,1
8494772,5,11,-1,-1,0
8500566,51,50,-1,-1,4
8501123,52,20,-1,-1,4
8500086,22,34,-1,-1,3
8501269,20,7,-1,-1,6
8497749,6,7,-1,-1,1
8499850,1,24,-1,-1,7
8500932,21,10,-1,-1,5
8500182,45,36,-1,-1,6
8499061,48,34,-1,-1,6
8500372,10,39,-1,-1,6
8501075,6,15,-1,-1,2
8499916,24,40,-1,-1,0
8499875,2,25,-1,-1,0
8499541,20,50,-1,-1,3
8498190,54,58,-1,-1,7
8500718,41,51,-1,-1,2
8496927,28,47,-1,-1,3
8500487,7,17,-1,-1,3
8496337,16,54,-1,-1,4
8500319,33,53,-1,-1,6
8500533,53,1,-1,-1,2
8494537,10,58,-1,-1,6
8501001,41,17,-1,-1,0
8500283,23,17,-1,-1,3
8499585,58,34,-1,-1,5
8496520,43,39,-1,-1,2
8500832,18,5,-1,-1,2
8497092,51,3,-1,-1,4
8499811,14,2,-1,-1,4
8498336,14,36,-1,-1,2
8496892,54,27,-1,-1,5
8497875,41,2,-1,-1,5
8498833,51,39,-1,-1,6
8499098,32,23,-1,-1,3
8494628,22,19,-1,-1,0
8500978,46,30,-1,-1,3
8495620,31,49,-1,-1,5
8500843,58,24,-1,-1,0
8497020,18,12,-1,-1,2
8498018,11,17,-1,-1,5
8497969,49,9,-1,-1,6
8501013,39,33,-1,-1,6
8498454,1,53,-1,-1,0
8500640,1,28,-1,-1,7
8486334,40,37,-1,-1,3
8497705,9,31,-1,-1,2
8499113,13,18,-1,-1,0
8500001,5,31,-1,-1,7
8501253,57,49,-1,-1,1
8501232,56,48,-1,-1,1
8501130,52,11,-1,-1,0
8494115,55,40,-1,-1,3
8480592,40,23,-1,-1,2
8497031,6,10,-1,-1,3
8498517,48,26,-1,-1,5
8501010,49,57,-1,-1,0
8498482,44,8,-1,-1,3
8492569,9,56,-1,-1,6
8500964,51,5,-1,-1,0
8500966,11,40,-1,-1,6
8494263,33,41,-1,-1,7
8500754,8,58,-1,-1,2
8501106,34,55,-1,-1,3
8484483,30,0,-1,-1,6
8499820,2,2,-1,-1,4
8500848,22,57,-1,-1,7
8499388,27,23,-1,-1,0
8501190,50,43,-1,-1,4
8499660,41,30,-1,-1,6
8500995,41,19,-1,-1,0
8500577,28,17,-1,-1,1
8499174,12,47,-1,-1,7
8498262,21,54,-1,-1,5
8497974,56,6,-1,-1,4
8499908,39,31,-1,-1,3
8495276,33,42,-1,-1,3
8491098,42,58,-1,-1,2
8500316,37,15,-1,-1,2
8500457,2,20,-1,-1,4
8500365,12,38,-1,-1,1
8499185,14,39,-1,-1,4
8501244,35,37,-1,-1,7
8500939,33,25,-1,-1,6
8499188,26,16,-1,-1,5
8500003,39,45,-1,-1,3
8501007,40,14,-1,-1,2
8499765,1,41,-1,-1,5
8499623,50,3,-1,-1,0
8501080,51,0,-1,-1,6
8499834,35,6,-1,-1,2
8500177,39,17,-1,-1,0
8500461,40,55,-1,-1,4
8499362,40,17,-1,-1,2
8501195,26,41,-1,-1,6
8498683,11,28,-1,-1,3
8494671,41,55,-1,-1,5
8489455,20,20,-1,-1,3
8499557,11,26,-1,-1,0
8497593,50,10,-1,-1,6
8499141,9,25,-1,-1,4
8495837,49,25,-1,-1,5
8501212,9,57,-1,-1,3
8495978,17,23,-1,-1,5
8500164,3,54,-1,-1,1
8501039,57,58,-1,-1,0
8500401,8,42,-1,-1,5
8499246,4,20,-1,-1,6
8499760,57,10,-1,-1,7
8501037,33,56,-1,-1,4
8500981,41,0,-1,-1,6
8500943,21,18,-1,-1,2
8499114,27,11,-1,-1,1
8501234,28,25,-1,-1,2
8498012,36,21,-1,-1,4
8500707,31,39,-1,-1,3
8500379,1,32,-1,-1,4
8498153,54,18,-1,-1,0
8500032,10,29,-1,-1,4
8486355,18,58,-1,-1,7
8500200,39,39,-1,-1,1
8489905,51,16,-1,-1,2
8500255,19,12,-1,-1,2
8497292,21,16,-1,-1,5
8499370,51,20,-1,-1,6
8501133,34,31,-1,-1,5
8499317,21,5,-1,-1,3
8500734,45,19,-1,-1,7
8497052,52,17,-1,-1,2
8493379,28,29,-1,-1,7
8496487,21,23,-1,-1,7
8496786,37,51,-1,-1,4
8500422,29,20,-1,-1,1
8500750,16,33,-1,-1,5
8496103,37,32,-1,-1,6
8498158,23,43,-1,-1,0
8499220,26,54,-1,-1,3
8494867,14,45,-1,-1,1
8500591,33,34,-1,-1,0
8495551,39,13,-1,-1,7
8500103,19,11,-1,-1,7
8498711,20,11,-1,-1,3
8496916,56,10,-1,-1,3
8500484,1,38,-1,-1,2
8499366,8,53,-1,-1,5
8498843,3,53,-1,-1,0
8498226,52,27,-1,-1,0
8499126,33,16,-1,-1,5
8500289,2,36,-1,-1,4
8497985,7,4,-1,-1,0
8501198,33,15,-1,-1,0
8495789,56,25,-1,-1,6
8500142,56,26,-1,-1,1
8499855,37,11,-1,-1,6
8497582,14,46,-1,-1,6
8499976,44,56,-1,-1,5
8500479,8,43,-1,-1,6
8493203,32,54,-1,-1,2
8498508,13,44,-1,-1,4
8499736,47,14,-1,-1,7
8499524,47,3,-1,-1,3
8499432,9,6,-1,-1,5
8494314,38,55,-1,-1,7
8500094,50,39,-1,-1,6
8500670,23,57,-1,-1,4
8500212,31,36,-1,-1,2
8490801,42,4,-1,-1,6
8493685,54,28,-1,-1,4
8498248,44,47,-1,-1,4
8490875,50,22,-1,-1,3
8497991,52,37,-1,-1,1
8499785,25,51,-1,-1,4
8500568,17,12,-1,-1,1
8500377,23,34,-1,-1,3
8499674,1,14,-1,-1,5
8497421,39,41,-1,-1,1
8500491,58,29,-1,-1,7
8498044,40,45,-1,-1,3
8490011,42,39,-1,-1,0
8499677,18,41,-1,-1,0
8499050,31,32,-1,-1,0
8497124,48,41,-1,-1,5
8501219,36,5,-1,-1,2
8497990,50,35,-1,-1,5
8500795,28,8,-1,-1,2
8501136,21,20,-1,-1,1
8501146,56,1,-1,-1,6
8482841,37,58,-1,-1,1
8500697,25,30,-1,-1,1
8493709,52,41,-1,-1,6
8499445,47,21,-1,-1,2
8496612,40,31,-1,-1,3
8500196,24,9,-1,-1,3
8491276,29,49,-1,-1,7
8496783,3,51,-1,-1,5
8500497,58,12,-1,-1,6
8498969,8,50,-1,-1,3
8501283,8,54,-1,-1,7
8499140,17,18,-1,-1,3
8496567,38,35,-1,-1,0
8500084,56,17,-1,-1,1
8480386,52,47,-1,-1,1
8498734,11,21,-1,-1,4
8498418,2,48,-1,-1,4
8497496,29,1,-1,-1,5
8500147,1,1,-1,-1,2
8498392,56,0,-1,-1,5
8496096,20,24,-1,-1,0
8500811,42,31,-1,-1,1
8498959,6,16,-1,-1,4
8500410,5,38,-1,-1,2
8491849,31,53,-1,-1,0
8500153,23,49,-1,-1,6
8491760,36,25,-1,-1,5
8500282,22,54,-1,-1,6
8501258,2,47,-1,-1,7
8500398,53,0,-1,-1,2
8499476,7,1,-1,-1,2
8496462,18,11,-1,-1,6
8497893,41,43,-1,-1,6
8493371,15,45,-1,-1,5
8500532,55,49,-1,-1,5
8498821,17,29,-1,-1,0
8501298,25,41,-1,-1,0
8501018,30,19,-1,-1,1
8494492,24,51,-1,-1,7
8490312,12,13,-1,-1,2
8496789,1,39,-1,-1,0
8489440,49,58,-1,-1,2
8495725,35,1,-1,-1,6
8499464,5,39,-1,-1,0
8499560,15,40,-1,-1,2
8497850,56,31,-1,-1,3
8498091,34,8,-1,-1,6
8501065,55,20,-1,-1,4
8497346,54,34,-1,-1,1
8492432,46,53,-1,-1,7
8500801,57,1,-1,-1,3
8501129,57,4,-1,-1,0
8500887,54,14,-1,-1,7
8500675,33,2,-1,-1,6
8500133,42,34,-1,-1,2
8496757,18,50,-1,-1,0
8499534,55,9,-1,-1,4
8498232,17,5,-1,-1,0
8494094,5,56,-1,-1,2
8501164,1,47,-1,-1,7
8501076,19,42,-1,-1,5
8499575,47,12,-1,-1,3
8500313,5,30,-1,-1,1
8492158,45,6,-1,-1,1
8499062,43,40,-1,-1,7
8498339,15,58,-1,-1,0
8497300,46,21,-1,-1,5
8501256,31,46,-1,-1,4
8499946,7,41,-1,-1,2
8500151,51,26,-1,-1,4
8486523,54,0,-1,-1,3
8495060,27,3,-1,-1,3
8500764,3,58,-1,-1,2
8497762,57,34,-1,-1,3
8501284,2,10,-1,-1,0
8499480,0,38,-1,-1,4
8500321,54,46,-1,-1,2
8500492,15,13,-1,-1,2
8489119,38,26,-1,-1,7
8498531,8,44,-1,-1,7
8498755,58,21,-1,-1,0
8500874,3,46,-1,-1,6
8495828,21,1,-1,-1,6
8500261,48,47,-1,-1,4
8498958,40,16,-1,-1,1
8499037,52,5,-1,-1,0
8499250,49,49,-1,-1,0
8500693,46,32,-1,-1,2
8490118,33,57,-1,-1,6
8498271,48,49,-1,-1,5
8495474,26,29,-1,-1,5
8498277,49,47,-1,-1,7
8499216,35,57,-1,-1,0
8496944,28,11,-1,-1,3
8497088,27,22,-1,-1,5
8495715,31,44,-1,-1,3
8498112,34,41,-1,-1,2
8492810,11,5,-1,-1,2
8499422,2,43,-1,-1,7
8497978,50,42,-1,-1,6
8500402,55,35,-1,-1,2
8499612,29,44,-1,-1,3
8500733,18,38,-1,-1,0
8499041,0,22,-1,-1,1
8497455,49,2,-1,-1,3
8496956,55,36,-1,-1,7
8500501,46,31,-1,-1,5
8499906,18,36,-1,-1,1
8500361,6,53,-1,-1,7
8499923,54,5,-1,-1,6
8499882,17,21,-1,-1,2
8495302,31,45,-1,-1,1
8497803,57,26,-1,-1,5
8498289,33,30,-1,-1,5
8488052,50,40,-1,-1,1
8501028,57,48,-1,-1,3
8492779,0,14,-1,-1,4
8494607,14,1,-1,-1,7
8500784,54,21,-1,-1,7
8500757,37,52,-1,-1,4
8499821,9,24,-1,-1,3
8497560,51,48,-1,-1,2
8499794,54,4,-1,-1,3
8498138,14,53,-1,-1,2
8491192,5,55,-1,-1,3
8498251,3,38,-1,-1,6
8497288,38,17,-1,-1,2
8501240,12,7,-1,-1,3
8499927,20,14,-1,-1,5
8495249,11,45,-1,-1,4
8500443,55,54,-1,-1,4
8495834,58,17,-1,-1,6
8500089,44,14,-1,-1,3
8499055,6,9,-1,-1,2
8498585,2,21,-1,-1,0
8499621,25,46,-1,-1,4
8491984,55,46,-1,-1,2
8499698,16,24,-1,-1,5
8499457,10,12,-1,-1,5
8499275,52,30,-1,-1,0
8497945,47,25,-1,-1,7
8500281,10,22,-1,-1,6
8500987,17,33,-1,-1,7
8498102,47,23,-1,-1,1
8497215,27,24,-1,-1,1
8498439,57,14,-1,-1,0
8497297,25,34,-1,-1,2
8498290,22,23,-1,-1,5
8499361,1,52,-1,-1,3
8500375,15,37,-1,-1,2
8498372,21,8,-1,-1,0
8496185,51,29,-1,-1,5
8499743,42,16,-1,-1,1
8495636,44,20,-1,-1,4
8498116,0,5,-1,-1,1
8495784,55,26,-1,-1,3
8495417,27,4,-1,-1,5
8497483,10,5,-1,-1,6
8499428,46,6,-1,-1,1
8501020,10,13,-1,-1,7
8498092,54,55,-1,-1,1
8494887,8,55,-1,-1,7
8497283,53,54,-1,-1,1
8500062,34,54,-1,-1,0
8493521,55,58,-1,-1,7
8496946,38,33,-1,-1,2
8497812,11,12,-1,-1,1
8500225,24,36,-1,-1,6
8498529,53,22,-1,-1,7
8500430,25,16,-1,-1,1
8498376,50,4,-1,-1,6
8499042,39,1,-1,-1,5
8500653,43,46,-1,-1,3
8498284,41,31,-1,-1,6
8500884,12,49,-1,-1,6
8501042,1,17,-1,-1,0
8499373,22,17,-1,-1,0
8499952,17,3,-1,-1,7
8497403,1,29,-1,-1,5
8492382,22,5,-1,-1,4
8493186,41,45,-1,-1,7
8496996,36,16,-1,-1,0
8501266,35,2,-1,-1,6
8497546,40,1,-1,-1,3
8496440,23,29,-1,-1,6
8497567,39,27,-1,-1,6
8501024,23,33,-1,-1,3
8496210,3,34,-1,-1,4
8499119,29,58,-1,-1,2
8494576,46,12,-1,-1,5
8498970,23,0,-1,-1,2
8499593,49,55,-1,-1,0
8499551,43,56,-1,-1,6
8498884,10,52,-1,-1,6
8499129,13,19,-1,-1,7
8501259,48,7,-1,-1,7
8499477,53,38,-1,-1,0
8500834,49,39,-1,-1,3
8496649,28,15,-1,-1,6
8499284,29,26,-1,-1,0
8501021,12,42,-1,-1,0
8496910,46,14,-1,-1,6
8497866,22,31,-1,-1,5
8500549,0,39,-1,-1,4
8500502,23,45,-1,-1,0
8499454,1,55,-1,-1,7
8500503,28,37,-1,-1,3
8501226,29,2,-1,-1,2
8500725,42,47,-1,-1,7
8500035,46,43,-1,-1,5
8499589,2,30,-1,-1,4
8489626,58,18,-1,-1,0
8499499,27,41,-1,-1,1
8493883,49,27,-1,-1,4
8499376,29,13,-1,-1,6
8499925,26,20,-1,-1,3
8493899,15,19,-1,-1,5
8493503,10,46,-1,-1,7
8495769,27,57,-1,-1,6
8497497,21,51,-1,-1,4
8500179,23,52,-1,-1,0
8498873,2,12,-1,-1,1
8498931,1,8,-1,-1,7
8497291,16,35,-1,-1,4
8490623,22,53,-1,-1,3
8501135,34,22,-1,-1,3
8494213,38,10,-1,-1,0
8499682,51,46,-1,-1,6
8500646,10,18,-1,-1,6
8500052,45,2,-1,-1,1
8495491,4,8,-1,-1,3
8501184,33,18,-1,-1,7
8496725,21,45,-1,-1,4
8501288,21,34,-1,-1,5
8500098,10,36,-1,-1,0
8500814,56,40,-1,-1,6
8497827,3,44,-1,-1,0
8500469,11,10,-1,-1,4
8500833,54,32,-1,-1,1
8499852,24,28,-1,-1,0
8494548,11,23,-1,-1,3
8500979,49,12,-1,-1,0
8495985,22,37,-1,-1,5
8500916,15,16,-1,-1,0
8500417,38,19,-1,-1,1
8500931,55,57,-1,-1,1
8495818,33,17,-1,-1,4
8495496,40,18,-1,-1,4
8499052,18,34,-1,-1,2
8492796,52,19,-1,-1,1
8496698,31,31,-1,-1,5
8496799,26,11,-1,-1,4
8493082,28,9,-1,-1,6
8500701,10,19,-1,-1,3
8500391,34,19,-1,-1,0
8497498,17,50,-1,-1,4
8500614,7,47,-1,-1,4
8490061,12,30,-1,-1,5
8500116,15,56,-1,-1,5
8498004,27,33,-1,-1,1
8496848,15,15,-1,-1,3
8501049,25,52,-1,-1,3
8495512,17,22,-1,-1,2
8501097,20,40,-1,-1,1
8498221,48,54,-1,-1,1
8494072,27,30,-1,-1,0
8499859,37,50,-1,-1,0
8501220,18,16,-1,-1,5
8500440,56,52,-1,-1,7
8491828,4,46,-1,-1,2
8501035,34,46,-1,-1,2
8499003,40,56,-1,-1,4
8495740,36,37,-1,-1,6
8497703,37,7,-1,-1,3
8499196,42,8,-1,-1,4
8493247,15,22,-1,-1,6
8498794,36,13,-1,-1,6
8498378,26,58,-1,-1,6
8495274,34,47,-1,-1,5
8499810,49,5,-1,-1,7
8500781,42,1,-1,-1,5
8499529,39,15,-1,-1,2
8501067,26,35,-1,-1,7
8500467,39,21,-1,-1,0
8499984,50,36,-1,-1,7
8496406,44,28,-1,-1,3
8499195,39,23,-1,-1,2
8496347,57,0,-1,-1,4
8497616,21,46,-1,-1,5
8500679,34,51,-1,-1,2
8499111,56,7,-1,-1,1
8501036,13,29,-1,-1,4
8500561,19,29,-1,-1,7
8498979,49,14,-1,-1,4
8493394,50,8,-1,-1,2
8501261,47,55,-1,-1,6
8500058,26,23,-1,-1,7
8499950,4,24,-1,-1,6
8496556,47,27,-1,-1,5
8499397,38,39,-1,-1,2
8497690,10,26,-1,-1,1
8499856,13,2,-1,-1,4
8499344,40,20,-1,-1,0
8498888,48,9,-1,-1,7
8500256,5,42,-1,-1,6
8497318,57,8,-1,-1,5
8488335,18,22,-1,-1,3
8500531,34,53,-1,-1,5
8500942,49,8,-1,-1,3
8497268,34,24,-1,-1,7
8500286,3,26,-1,-1,0
8500878,57,40,-1,-1,3
8499874,21,36,-1,-1,3
8498769,47,28,-1,-1,6
8497968,54,50,-1,-1,1
8497915,23,51,-1,-1,4
8493194,37,42,-1,-1,7
8498381,30,52,-1,-1,7
8499710,34,16,-1,-1,5
8499162,56,19,-1,-1,0
8498787,50,6,-1,-1,2
8499332,57,2,-1,-1,1
8495127,48,35,-1,-1,5
8499438,37,40,-1,-1,4
8491656,32,5,-1,-1,1
8500590,50,5,-1,-1,2
8498115,1,2,-1,-1,2
8490575,13,49,-1,-1,4
8500780,44,36,-1,-1,7
8496146,18,51,-1,-1,0
8499497,28,38,-1,-1,1
8498332,23,41,-1,-1,1
8500782,37,28,-1,-1,5
8497095,55,56,-1,-1,1
8495824,33,1,-1,-1,1
8493177,26,3,-1,-1,0
8489175,54,56,-1,-1,3
8497943,3,2,-1,-1,6
8499172,56,57,-1,-1,4
8501180,40,54,-1,-1,6
8500380,31,0,-1,-1,3
8498538,22,36,-1,-1,2
8499774,17,35,-1,-1,6
8496403,16,25,-1,-1,0
8499481,7,49,-1,-1,5
8501044,7,27,-1,-1,0
8499795,26,32,-1,-1,3
8498640,43,49,-1,-1,3
8500741,7,57,-1,-1,7
8500251,45,42,-1,-1,0
8494605,58,47,-1,-1,4
8497233,50,53,-1,-1,5
8500512,35,14,-1,-1,5
8499204,2,4,-1,-1,1
8500239,40,27,-1,-1,5
8501040,27,39,-1,-1,1
8500521,30,21,-1,-1,5
8497721,20,53,-1,-1,6
8499347,16,44,-1,-1,2
8497747,55,5,-1,-1,0
8497697,21,14,-1,-1,2
8500347,33,47,-1,-1,7
8498495,6,35,-1,-1,2
8494569,15,6,-1,-1,2
8497473,42,23,-1,-1,1
8493795,13,8,-1,-1,1
8492397,17,51,-1,-1,0
8496512,45,33,-1,-1,7
8500427,56,45,-1,-1,1
8501074,21,30,-1,-1,0
8496196,5,48,-1,-1,2
8496431,11,32,-1,-1,5
8499455,23,15,-1,-1,6
8499955,13,27,-1,-1,3
8494332,0,55,-1,-1,4
8501156,31,48,-1,-1,5
8496576,46,45,-1,-1,4
8500259,56,8,-1,-1,6
8498292,50,28,-1,-1,7
8499371,9,43,-1,-1,3
8499392,46,15,-1,-1,1
8490301,44,50,-1,-1,2
8493333,38,0,-1,-1,6
8494438,52,3,-1,-1,2
8496941,48,43,-1,-1,2
8498337,45,25,-1,-1,0
8493183,5,49,-1,-1,4
8497826,55,28,-1,-1,0
8492383,20,4,-1,-1,2
8499732,37,19,-1,-1,7
8500990,10,14,-1,-1,0
8492461,20,44,-1,-1,6
8493911,54,54,-1,-1,2
8498841,35,51,-1,-1,5
8500623,49,33,-1,-1,2
8495569,40,7,-1,-1,1
8500530,0,21,-1,-1,1
8500105,51,52,-1,-1,4
8497319,39,36,-1,-1,4
8500581,31,50,-1,-1,1
8495114,29,48,-1,-1,4
8496619,37,12,-1,-1,4
8495852,33,33,-1,-1,1
8495299,52,38,-1,-1,6
8500570,42,35,-1,-1,4
8498902,10,1,-1,-1,7
8500970,48,10,-1,-1,0
8498260,56,4,-1,-1,0
8497482,30,6,-1,-1,3
8498799,4,16,-1,-1,2
8500048,20,52,-1,-1,4
8491943,21,0,-1,-1,5
8501154,48,45,-1,-1,7
8500996,32,41,-1,-1,3
8500511,57,24,-1,-1,5
8500717,29,42,-1,-1,5
8495128,56,9,-1,-1,1
8498470,38,27,-1,-1,6
8497895,58,56,-1,-1,0
8500534,30,11,-1,-1,3
8499519,41,38,-1,-1,5
8499577,29,25,-1,-1,6
8501319,25,22,-1,-1,5
