# org_id,org_cellx,org_celly,org_forage_target,org_group_id,org_facing
65466824,44,7,-1,-1,0
65464208,55,31,-1,-1,3
65467152,0,17,-1,-1,6
65467358,39,58,-1,-1,2
65467389,32,36,-1,-1,7
65467159,5,9,-1,-1,5
65460733,42,29,-1,-1,1
65467374,4,32,-1,-1,1
65467307,21,54,-1,-1,0
65465827,58,34,-1,-1,3
65462741,36,57,-1,-1,0
65463131,25,15,-1,-1,0
65466810,27,23,-1,-1,1
65467418,24,31,-1,-1,4
65462865,23,33,-1,-1,1
65464413,32,7,-1,-1,4
65461576,49,48,-1,-1,1
65451921,52,2,-1,-1,1
65459427,25,50,-1,-1,0
65466022,33,23,-1,-1,1
65463265,50,29,-1,-1,4
65465831,4,53,-1,-1,2
65466162,5,51,-1,-1,3
65465022,14,14,-1,-1,3
65466874,52,24,-1,-1,7
65461485,20,35,-1,-1,0
65464863,40,30,-1,-1,4
65464834,44,19,-1,-1,6
65465557,6,34,-1,-1,2
65462141,5,2,-1,-1,5
65466113,44,8,-1,-1,1
65467530,15,36,-1,-1,7
65466822,57,20,-1,-1,4
65463664,15,6,-1,-1,0
65467692,35,19,-1,-1,6
65467448,57,35,-1,-1,4
65466449,46,37,-1,-1,6
65467607,23,20,-1,-1,1
65467187,18,17,-1,-1,3
65462508,10,54,-1,-1,4
65463029,38,43,-1,-1,7
65463435,30,38,-1,-1,0
65462407,21,1,-1,-1,4
65466017,15,29,-1,-1,3
65465579,21,20,-1,-1,7
65465152,38,35,-1,-1,3
65466109,19,17,-1,-1,7
65466559,16,13,-1,-1,4
65467244,26,1,-1,-1,7
65463145,38,46,-1,-1,5
65466489,12,11,-1,-1,2
65465627,21,36,-1,-1,0
65466271,48,44,-1,-1,4
65465259,2,31,-1,-1,3
65466632,18,25,-1,-1,2
65459056,3,3,-1,-1,6
65462455,5,56,-1,-1,6
65467233,10,9,-1,-1,1
65466316,11,13,-1,-1,6
65464123,4,56,-1,-1,2
65465402,17,5,-1,-1,5
65465910,29,11,-1,-1,6
65467426,47,36,-1,-1,1
65461586,56,19,-1,-1,5
65464993,55,12,-1,-1,3
65457352,7,24,-1,-1,5
65467271,12,25,-1,-1,4
65465088,55,10,-1,-1,5
65464038,32,43,-1,-1,4
65461763,31,27,-1,-1,1
65464376,33,27,-1,-1,3
65464251,30,2,-1,-1,4
65467052,39,33,-1,-1,5
65459884,42,57,-1,-1,7
65467016,6,1,-1,-1,3
65455819,8,31,-1,-1,6
65453369,38,31,-1,-1,3
65467115,44,33,-1,-1,6
65467106,53,4,-1,-1,3
65464933,29,23,-1,-1,1
65463762,6,49,-1,-1,0
65465975,8,33,-1,-1,2
65467360,51,43,-1,-1,6
65466971,17,50,-1,-1,3
65463812,38,19,-1,-1,1
65464004,1,8,-1,-1,2
65463844,1,34,-1,-1,3
65460954,35,48,-1,-1,1
65466965,3,2,-1,-1,1
65464408,24,12,-1,-1,3
65467655,55,33,-1,-1,6
65466924,9,55,-1,-1,0
65466900,25,40,-1,-1,3
65467126,45,19,-1,-1,1
65464158,39,5,-1,-1,3
65464435,21,28,-1,-1,3
65462440,3,33,-1,-1,4
65465421,30,28,-1,-1,1
65463605,34,38,-1,-1,6
65466664,51,0,-1,-1,1
65465749,18,49,-1,-1,4
65466533,16,51,-1,-1,7
65463379,43,46,-1,-1,3
65466942,7,38,-1,-1,1
65466425,27,31,-1,-1,7
65449354,9,36,-1,-1,3
65466930,26,29,-1,-1,2
65467288,26,0,-1,-1,0
65461812,0,30,-1,-1,6
65463902,39,34,-1,-1,4
65458865,6,36,-1,-1,7
65467643,57,1,-1,-1,7
65467329,33,49,-1,-1,7
65467491,15,17,-1,-1,1
65462977,29,52,-1,-1,3
65467543,35,2,-1,-1,0
65467444,7,1,-1,-1,3
65460437,10,1,-1,-1,7
65465200,37,34,-1,-1,1
65460595,12,5,-1,-1,7
65466238,23,58,-1,-1,1
65467704,56,15,-1,-1,2
65462613,8,12,-1,-1,6
65467517,7,6,-1,-1,4
65465694,11,22,-1,-1,3
65466968,6,2,-1,-1,3
65463187,57,2,-1,-1,1
65467330,18,10,-1,-1,0
65460493,56,32,-1,-1,6
65466693,21,38,-1,-1,3
65467651,15,56,-1,-1,3
65465678,20,36,-1,-1,0
65465672,21,5,-1,-1,0
65465657,10,32,-1,-1,7
65467335,50,38,-1,-1,3
65466581,42,7,-1,-1,3
65463934,28,4,-1,-1,7
65467055,49,41,-1,-1,5
65466302,0,36,-1,-1,4
65463585,34,52,-1,-1,2
65465056,8,7,-1,-1,3
65445183,7,50,-1,-1,6
65464853,0,40,-1,-1,0
65466239,32,3,-1,-1,2
65467487,34,1,-1,-1,3
65464382,19,53,-1,-1,7
65461675,24,8,-1,-1,0
65466206,58,6,-1,-1,1
65465991,47,31,-1,-1,0
65463342,56,0,-1,-1,7
65466705,19,45,-1,-1,1
65465340,41,35,-1,-1,4
65458562,21,10,-1,-1,5
65463007,33,48,-1,-1,3
65459288,28,35,-1,-1,5
65466840,13,4,-1,-1,7
65465592,16,6,-1,-1,6
65466460,58,57,-1,-1,0
65467478,46,55,-1,-1,0
65467243,1,10,-1,-1,5
65458078,9,21,-1,-1,6
65462785,8,18,-1,-1,3
65467621,41,40,-1,-1,0
65467054,46,57,-1,-1,0
65464079,7,54,-1,-1,7
65465346,18,55,-1,-1,6
65466835,53,27,-1,-1,1
65467574,52,37,-1,-1,2
65467071,49,15,-1,-1,7
65466571,26,22,-1,-1,6
65458908,51,34,-1,-1,3
65463890,3,13,-1,-1,5
65467679,11,15,-1,-1,1
65466057,7,29,-1,-1,4
65455804,11,33,-1,-1,3
65467230,4,52,-1,-1,6
65459025,40,29,-1,-1,5
65467339,33,2,-1,-1,7
65464465,47,42,-1,-1,0
65466379,20,11,-1,-1,3
65464697,58,39,-1,-1,5
65466995,13,18,-1,-1,5
65466652,54,51,-1,-1,1
65463373,46,11,-1,-1,2
65467618,48,34,-1,-1,5
65465677,57,39,-1,-1,7
65465062,16,19,-1,-1,4
65466686,35,45,-1,-1,0
65466399,6,23,-1,-1,0
65462604,36,38,-1,-1,6
65466141,33,7,-1,-1,3
65460051,23,39,-1,-1,1
65465871,35,53,-1,-1,6
65467125,9,29,-1,-1,1
65461042,28,28,-1,-1,4
65467693,35,54,-1,-1,3
65466120,2,27,-1,-1,2
65466742,48,49,-1,-1,5
65461431,25,29,-1,-1,6
65460304,22,57,-1,-1,0
65461264,25,33,-1,-1,6
65467003,8,1,-1,-1,0
65465702,43,28,-1,-1,7
65465349,16,23,-1,-1,0
65466306,0,56,-1,-1,0
65466992,1,48,-1,-1,1
65466783,2,39,-1,-1,5
65462644,26,21,-1,-1,3
65459550,45,29,-1,-1,5
65466606,10,7,-1,-1,0
65464378,58,51,-1,-1,5
65463429,34,3,-1,-1,3
65465099,26,23,-1,-1,2
65466137,35,57,-1,-1,0
65467555,1,7,-1,-1,3
65466563,27,20,-1,-1,4
65463945,39,46,-1,-1,2
65466838,29,29,-1,-1,3
65467512,29,36,-1,-1,3
65467053,14,13,-1,-1,3
65459102,49,10,-1,-1,0
65458530,51,9,-1,-1,2
65467012,11,48,-1,-1,4
65466220,47,25,-1,-1,0
65462201,41,51,-1,-1,4
65465507,47,27,-1,-1,1
65462653,51,3,-1,-1,5
65459505,19,12,-1,-1,3
65467245,20,22,-1,-1,6
65466630,47,33,-1,-1,5
65466060,56,20,-1,-1,0
65465829,11,50,-1,-1,4
65461064,33,42,-1,-1,0
65467718,47,24,-1,-1,6
65467153,41,6,-1,-1,5
65455616,50,50,-1,-1,5
65467248,46,43,-1,-1,2
65460963,32,45,-1,-1,3
65467684,43,45,-1,-1,4
65462020,43,57,-1,-1,1
65465334,14,24,-1,-1,2
65461158,1,11,-1,-1,1
65466983,56,44,-1,-1,3
65467257,23,4,-1,-1,4
65467325,35,43,-1,-1,5
65465875,20,29,-1,-1,5
65464369,2,36,-1,-1,7
65461774,20,41,-1,-1,3
65464791,7,2,-1,-1,4
65467285,54,37,-1,-1,7
65464203,20,30,-1,-1,5
65467567,53,0,-1,-1,5
65465641,20,18,-1,-1,3
65461600,21,11,-1,-1,5
65462701,6,37,-1,-1,5
65467031,40,39,-1,-1,3
65466798,23,53,-1,-1,1
65467673,4,20,-1,-1,1
65466405,36,28,-1,-1,0
65457210,33,9,-1,-1,4
65465870,16,37,-1,-1,7
65466376,26,14,-1,-1,7
65467698,58,47,-1,-1,1
65464357,35,20,-1,-1,6
65461894,14,52,-1,-1,3
65463304,11,23,-1,-1,2
65467331,42,42,-1,-1,6
65461851,3,27,-1,-1,7
65447380,42,5,-1,-1,6
65465248,19,22,-1,-1,2
65467573,55,11,-1,-1,5
65465865,38,20,-1,-1,1
65467440,26,57,-1,-1,0
65462090,12,12,-1,-1,2
65466843,43,34,-1,-1,4
65467072,47,48,-1,-1,5
65465681,52,53,-1,-1,3
65462518,38,26,-1,-1,2
65465565,53,14,-1,-1,0
65467424,0,26,-1,-1,2
65466806,39,41,-1,-1,4
65465914,4,33,-1,-1,3
65467191,45,0,-1,-1,0
65467676,16,5,-1,-1,4
65466708,21,57,-1,-1,3
65465929,44,46,-1,-1,3
65458705,16,40,-1,-1,3
65465223,36,21,-1,-1,4
65461408,18,58,-1,-1,0
65466807,9,17,-1,-1,6
65463996,11,32,-1,-1,4
65466813,26,18,-1,-1,6
65466832,13,16,-1,-1,3
65463141,48,36,-1,-1,4
65465600,44,47,-1,-1,7
65467178,38,40,-1,-1,5
65465583,23,47,-1,-1,0
65465959,37,16,-1,-1,6
65462165,11,41,-1,-1,5
65467506,4,7,-1,-1,5
65466624,13,8,-1,-1,4
65466569,13,27,-1,-1,6
65467595,53,17,-1,-1,2
65464909,26,30,-1,-1,3
65464712,35,12,-1,-1,5
65466662,58,31,-1,-1,2
65467565,28,53,-1,-1,7
65465257,19,4,-1,-1,0
65467301,38,13,-1,-1,3
65456010,49,26,-1,-1,3
65463216,37,43,-1,-1,6
65467420,16,24,-1,-1,2
65466595,28,21,-1,-1,0
65463909,21,25,-1,-1,4
65467432,9,45,-1,-1,5
65466142,12,6,-1,-1,6
65462718,2,55,-1,-1,0
65463910,23,52,-1,-1,1
65465191,47,5,-1,-1,1
65464943,54,3,-1,-1,2
65467238,10,46,-1,-1,3
65463386,3,15,-1,-1,4
65464434,28,20,-1,-1,0
65463742,33,52,-1,-1,3
65467631,5,24,-1,-1,3
65463954,21,15,-1,-1,3
65465203,3,46,-1,-1,6
65467340,7,3,-1,-1,2
65463705,54,24,-1,-1,6
65466474,20,6,-1,-1,0
65465970,9,30,-1,-1,2
65467250,32,41,-1,-1,4
65465803,56,4,-1,-1,4
65466375,51,8,-1,-1,6
65458220,27,55,-1,-1,0
65463642,54,41,-1,-1,0
65467430,52,12,-1,-1,7
65463806,19,35,-1,-1,1
65462860,20,53,-1,-1,0
65463408,16,26,-1,-1,4
65466718,27,11,-1,-1,4
65465513,13,48,-1,-1,2
65462972,44,13,-1,-1,6
65466601,21,8,-1,-1,0
65466882,43,19,-1,-1,1
65465480,18,14,-1,-1,7
65464855,31,47,-1,-1,0
65458456,36,14,-1,-1,2
65462939,14,10,-1,-1,6
65464006,31,1,-1,-1,6
65466116,7,42,-1,-1,6
65467497,34,37,-1,-1,1
65464202,44,54,-1,-1,6
65464156,8,24,-1,-1,0
65465720,5,20,-1,-1,6
65466388,24,9,-1,-1,2
65466740,44,10,-1,-1,2
65467312,6,17,-1,-1,0
65466753,51,18,-1,-1,2
65467256,4,2,-1,-1,2
65467507,6,15,-1,-1,4
65467629,15,41,-1,-1,3
65465942,14,16,-1,-1,6
65459741,32,15,-1,-1,5
65466614,13,14,-1,-1,4
65467628,13,25,-1,-1,1
65467546,8,11,-1,-1,4
65466041,18,48,-1,-1,2
65466488,9,22,-1,-1,6
65465800,54,53,-1,-1,6
65465263,58,44,-1,-1,0
65465404,17,4,-1,-1,3
65466169,48,54,-1,-1,5
65467669,27,57,-1,-1,4
65466680,21,40,-1,-1,0
65467155,29,53,-1,-1,6
65466917,16,56,-1,-1,5
65461943,46,2,-1,-1,5
65466339,30,7,-1,-1,1
65467008,54,0,-1,-1,1
65466456,22,55,-1,-1,7
65458191,6,13,-1,-1,2
65463751,46,26,-1,-1,6
65467425,43,27,-1,-1,7
65462992,4,27,-1,-1,3
65466455,33,11,-1,-1,6
65463597,1,26,-1,-1,5
65467384,31,53,-1,-1,5
65460183,16,14,-1,-1,5
65463109,15,30,-1,-1,6
65465876,33,14,-1,-1,7
65467190,55,47,-1,-1,0
65463979,54,21,-1,-1,7
65465637,17,23,-1,-1,0
65467173,48,16,-1,-1,2
65466655,23,38,-1,-1,4
65464962,17,12,-1,-1,6
65460862,21,37,-1,-1,1
65464348,31,5,-1,-1,6
65467277,31,40,-1,-1,4
65465372,5,33,-1,-1,1
65463980,2,1,-1,-1,4
65465648,55,23,-1,-1,5
65463962,2,5,-1,-1,7
65460444,41,49,-1,-1,1
65467547,35,1,-1,-1,7
65466839,44,44,-1,-1,3
65466232,30,5,-1,-1,0
65458579,15,24,-1,-1,7
65459543,45,38,-1,-1,6
65464536,34,49,-1,-1,3
65467300,38,10,-1,-1,7
65467006,7,11,-1,-1,4
65460004,26,31,-1,-1,4
65466450,53,31,-1,-1,1
65467585,50,46,-1,-1,4
65460819,53,33,-1,-1,5
65467545,6,42,-1,-1,6
65465841,43,25,-1,-1,4
65467465,42,48,-1,-1,6
65464026,44,18,-1,-1,2
65463781,0,12,-1,-1,4
65467483,48,8,-1,-1,1
65453403,3,50,-1,-1,3
65467161,13,44,-1,-1,0
65466105,5,39,-1,-1,7
65466842,44,9,-1,-1,2
65466054,48,1,-1,-1,1
65465237,15,27,-1,-1,0
65464187,36,16,-1,-1,5
65460976,4,47,-1,-1,0
65466129,47,17,-1,-1,2
65466545,40,18,-1,-1,2
65461906,37,58,-1,-1,2
65466539,38,47,-1,-1,5
65464721,33,5,-1,-1,1
65465119,6,55,-1,-1,2
65466745,53,41,-1,-1,5
65466689,28,29,-1,-1,0
65467552,57,33,-1,-1,4
65462844,0,25,-1,-1,5
65466294,46,3,-1,-1,7
65464572,51,41,-1,-1,7
65467500,11,55,-1,-1,4
65467514,5,1,-1,-1,5
65466280,34,17,-1,-1,5
65458988,39,53,-1,-1,5
65466961,55,18,-1,-1,0
65465999,57,48,-1,-1,5
65466885,1,3,-1,-1,7
65461566,30,45,-1,-1,1
65467671,21,17,-1,-1,6
65465032,44,0,-1,-1,1
65466654,49,2,-1,-1,0
65467324,6,29,-1,-1,7
65467370,55,6,-1,-1,4
65463595,47,38,-1,-1,0
65466833,21,58,-1,-1,7
65467654,30,15,-1,-1,4
65462398,36,19,-1,-1,7
65461596,20,0,-1,-1,1
65463987,10,0,-1,-1,3
65467608,25,55,-1,-1,6
65465922,9,20,-1,-1,2
65467636,4,57,-1,-1,2
65462352,19,27,-1,-1,1
65467171,50,8,-1,-1,3
65456998,19,23,-1,-1,6
65466150,55,51,-1,-1,6
65459610,56,6,-1,-1,3
65467578,22,44,-1,-1,7
65464729,36,37,-1,-1,4
65463775,22,6,-1,-1,7
65463582,49,46,-1,-1,0
65465822,25,8,-1,-1,3
65465327,39,45,-1,-1,1
65465041,51,50,-1,-1,3
65466991,57,16,-1,-1,5
65464605,57,43,-1,-1,1
65465366,16,29,-1,-1,1
65466256,29,3,-1,-1,1
65464468,37,57,-1,-1,6
65458696,24,13,-1,-1,2
65463504,10,28,-1,-1,6
65465116,45,35,-1,-1,2
65467489,49,19,-1,-1,2
65467488,23,3,-1,-1,6
65467058,23,15,-1,-1,7
65467485,55,4,-1,-1,2
65466501,13,26,-1,-1,2
65452478,43,49,-1,-1,1
65460408,7,37,-1,-1,0
65461321,58,11,-1,-1,0
65463738,3,19,-1,-1,5
65466916,42,40,-1,-1,0
65466071,21,31,-1,-1,2
65466692,3,36,-1,-1,1
65467502,0,41,-1,-1,0
65467112,47,39,-1,-1,4
65465796,51,6,-1,-1,7
65461294,5,16,-1,-1,3
65464570,21,22,-1,-1,7
65450915,7,19,-1,-1,3
65467717,8,53,-1,-1,1
65463404,45,34,-1,-1,4
65465510,50,54,-1,-1,0
65466862,0,39,-1,-1,2
65465375,44,31,-1,-1,4
65464997,35,51,-1,-1,6
65465668,7,46,-1,-1,0
65462945,16,8,-1,-1,1
65465445,51,21,-1,-1,6
65462556,50,18,-1,-1,4
65463194,57,15,-1,-1,5
65465174,34,30,-1,-1,5
65460794,42,15,-1,-1,5
65458656,4,58,-1,-1,2
65466957,14,17,-1,-1,4
65465747,57,14,-1,-1,0
65459794,2,0,-1,-1,6
65462388,34,4,-1,-1,1
65463395,20,37,-1,-1,2
65466320,46,39,-1,-1,7
65464049,12,13,-1,-1,2
65466073,33,36,-1,-1,5
65459325,5,52,-1,-1,1
65464818,30,35,-1,-1,2
65467421,45,24,-1,-1,3
65467164,25,42,-1,-1,3
65453168,27,3,-1,-1,2
65465019,19,1,-1,-1,2
65467007,36,5,-1,-1,3
65465069,17,33,-1,-1,3
65467049,3,56,-1,-1,0
65465846,43,36,-1,-1,2
65463262,21,49,-1,-1,5
65464876,33,34,-1,-1,6
65467276,2,42,-1,-1,2
65467255,58,0,-1,-1,4
65467116,32,47,-1,-1,6
65466435,40,24,-1,-1,1
65462742,45,5,-1,-1,1
65465850,48,33,-1,-1,6
65466759,43,32,-1,-1,0
65464292,26,3,-1,-1,5
65467320,28,17,-1,-1,4
65466315,56,41,-1,-1,4
65465373,1,0,-1,-1,0
65465562,52,47,-1,-1,0
65459953,47,9,-1,-1,6
65465680,28,25,-1,-1,1
65467531,58,58,-1,-1,3
65466650,53,23,-1,-1,1
65466716,6,14,-1,-1,1
65467137,38,30,-1,-1,6
65466860,14,1,-1,-1,1
65467518,43,50,-1,-1,1
65462820,14,18,-1,-1,0
65466531,54,4,-1,-1,3
65467406,10,38,-1,-1,6
65464592,55,50,-1,-1,2
65465727,6,58,-1,-1,7
65467142,4,48,-1,-1,0
65467097,22,36,-1,-1,7
65464083,18,16,-1,-1,5
65467720,41,55,-1,-1,5
65459320,47,2,-1,-1,6
65467020,26,9,-1,-1,3
65464823,16,7,-1,-1,2
65464032,11,42,-1,-1,6
65465342,13,0,-1,-1,2
65463656,11,18,-1,-1,6
65465646,41,36,-1,-1,4
65457708,48,21,-1,-1,1
65467630,38,3,-1,-1,4
65467649,23,5,-1,-1,5
65467633,47,56,-1,-1,1
65460105,25,13,-1,-1,7
65459180,16,43,-1,-1,0
65467059,23,11,-1,-1,4
65467219,6,5,-1,-1,2
65465689,5,38,-1,-1,2
65466852,40,1,-1,-1,7
65467615,29,6,-1,-1,6
65465990,32,57,-1,-1,0
65467336,34,16,-1,-1,1
65464657,53,6,-1,-1,5
65461418,44,36,-1,-1,3
65466005,4,4,-1,-1,3
65467045,41,44,-1,-1,5
65467664,23,48,-1,-1,0
65452623,55,26,-1,-1,0
65466554,12,42,-1,-1,7
65465431,14,38,-1,-1,4
65466231,35,7,-1,-1,4
65467131,40,33,-1,-1,0
65466871,19,51,-1,-1,2
65464598,55,41,-1,-1,2
65466723,33,6,-1,-1,7
65464290,57,22,-1,-1,1
65466347,48,41,-1,-1,0
65467563,23,0,-1,-1,4
65465526,11,17,-1,-1,6
65458175,1,15,-1,-1,5
65467656,53,24,-1,-1,0
65465140,37,41,-1,-1,4
65463925,27,50,-1,-1,7
65466907,46,21,-1,-1,5
65467138,13,22,-1,-1,7
65463726,12,53,-1,-1,7
65467535,16,48,-1,-1,1
65464927,38,17,-1,-1,0
65467579,58,23,-1,-1,2
65464952,26,40,-1,-1,7
65464539,20,20,-1,-1,3
65466966,17,36,-1,-1,1
65466163,2,50,-1,-1,5
65464922,5,46,-1,-1,5
65464258,30,4,-1,-1,7
65461958,44,3,-1,-1,1
65460654,39,27,-1,-1,1
65466033,47,26,-1,-1,6
65463511,24,28,-1,-1,4
65467309,0,48,-1,-1,7
65467572,17,22,-1,-1,4
65467315,18,30,-1,-1,4
65465825,50,22,-1,-1,2
65466332,9,49,-1,-1,5
65466566,45,55,-1,-1,6
65459471,39,19,-1,-1,6
65464360,20,9,-1,-1,2
65466358,22,46,-1,-1,1
65462358,7,51,-1,-1,3
65465921,13,51,-1,-1,0
65464900,40,7,-1,-1,4
65466920,33,39,-1,-1,7
65465068,8,54,-1,-1,1
65467477,19,56,-1,-1,4
65467103,26,52,-1,-1,6
65461299,6,45,-1,-1,1
65463167,49,3,-1,-1,5
65467015,25,3,-1,-1,4
65466728,6,8,-1,-1,1
65466043,30,9,-1,-1,7
65465824,26,38,-1,-1,3
65465816,3,18,-1,-1,5
65466766,10,41,-1,-1,3
65466880,31,33,-1,-1,3
65465939,38,6,-1,-1,5
65465734,13,24,-1,-1,4
65466927,12,46,-1,-1,1
65464913,25,4,-1,-1,3
65465071,11,0,-1,-1,5
65467254,12,47,-1,-1,2
65465954,47,29,-1,-1,5
65466135,13,49,-1,-1,5
65460192,33,8,-1,-1,1
65467416,6,44,-1,-1,2
65465521,6,48,-1,-1,3
65467454,25,14,-1,-1,3
65465261,29,26,-1,-1,3
65461941,2,14,-1,-1,4
65464385,35,37,-1,-1,2
65463106,44,38,-1,-1,5
65464450,22,19,-1,-1,0
65456706,38,52,-1,-1,3
65467270,7,43,-1,-1,2
65463652,27,39,-1,-1,3
65467683,12,16,-1,-1,5
65466768,11,53,-1,-1,5
65464341,1,27,-1,-1,7
65467183,24,11,-1,-1,2
65464558,10,43,-1,-1,4
65465631,21,13,-1,-1,3
65466094,54,15,-1,-1,3
65467589,44,25,-1,-1,4
65465699,7,27,-1,-1,1
65460451,2,48,-1,-1,0
65465383,41,39,-1,-1,7
65462074,55,13,-1,-1,6
65467456,15,46,-1,-1,7
65464797,26,19,-1,-1,6
65466925,51,5,-1,-1,4
65466121,55,35,-1,-1,5
65463919,54,39,-1,-1,0
65460921,58,20,-1,-1,2
65466264,3,51,-1,-1,3
65466138,36,11,-1,-1,6
65464928,33,38,-1,-1,4
65467221,35,22,-1,-1,2
65466176,4,21,-1,-1,5
65460161,12,10,-1,-1,4
65463297,6,32,-1,-1,7
65466408,40,3,-1,-1,5
65462935,40,32,-1,-1,3
65466863,13,28,-1,-1,4
65464678,38,7,-1,-1,3
65462895,23,1,-1,-1,6
65467186,32,8,-1,-1,2
65467498,7,36,-1,-1,6
65466856,7,20,-1,-1,4
65466626,16,12,-1,-1,0
65462032,9,27,-1,-1,2
65467388,1,5,-1,-1,3
65463841,25,58,-1,-1,7
65465166,34,0,-1,-1,6
65463137,41,50,-1,-1,7
65466061,52,21,-1,-1,3
65466155,21,42,-1,-1,7
65465359,37,40,-1,-1,5
65467346,57,41,-1,-1,1
65465351,14,50,-1,-1,3
65461877,55,54,-1,-1,7
65464089,41,34,-1,-1,7
65463729,43,31,-1,-1,6
65465325,57,53,-1,-1,3
65466591,49,56,-1,-1,0
65467393,52,45,-1,-1,7
65459885,26,26,-1,-1,2
65460301,43,22,-1,-1,7
65463700,47,28,-1,-1,5
65467100,40,15,-1,-1,4
65467455,34,44,-1,-1,0
65466283,31,2,-1,-1,2
65457060,22,37,-1,-1,7
65466936,2,44,-1,-1,1
65464482,39,56,-1,-1,4
65459808,26,46,-1,-1,6
65466226,46,5,-1,-1,4
65466990,38,57,-1,-1,1
65465958,36,9,-1,-1,4
65464813,36,8,-1,-1,2
65465297,30,54,-1,-1,0
65458985,15,25,-1,-1,5
65466495,49,24,-1,-1,3
65465475,50,52,-1,-1,1
65466557,39,9,-1,-1,0
65467308,30,26,-1,-1,6
65465447,29,41,-1,-1,3
65466799,3,48,-1,-1,0
65465993,50,48,-1,-1,7
65466844,57,29,-1,-1,0
65467252,30,29,-1,-1,1
65467569,55,37,-1,-1,1
65466657,16,34,-1,-1,5
65466088,26,48,-1,-1,0
65463735,3,26,-1,-1,5
65467274,18,12,-1,-1,6
65465965,19,13,-1,-1,2
65461124,22,49,-1,-1,4
65464968,26,44,-1,-1,0
65465807,43,0,-1,-1,0
65467151,15,34,-1,-1,3
65467195,29,34,-1,-1,2
65461509,48,7,-1,-1,2
65467577,39,26,-1,-1,6
65465828,48,24,-1,-1,0
65465369,28,52,-1,-1,6
65461380,55,58,-1,-1,4
65465979,46,0,-1,-1,3
65466941,20,39,-1,-1,6
65457890,18,39,-1,-1,3
65466415,4,43,-1,-1,4
65465330,2,26,-1,-1,7
65464865,38,25,-1,-1,0
65465625,54,43,-1,-1,4
65466224,17,53,-1,-1,1
65467211,1,21,-1,-1,1
65466878,38,16,-1,-1,4
65466910,30,17,-1,-1,7
65466629,55,44,-1,-1,3
65464002,8,48,-1,-1,2
65460740,25,16,-1,-1,5
65454869,46,36,-1,-1,2
65465884,6,43,-1,-1,0
65462836,46,56,-1,-1,0
65467408,43,54,-1,-1,5
65462803,2,47,-1,-1,4
65465821,19,49,-1,-1,4
65464503,2,35,-1,-1,1
65460368,52,28,-1,-1,1
65463884,6,52,-1,-1,5
65466001,49,13,-1,-1,2
65467461,13,57,-1,-1,6
65467646,3,21,-1,-1,0
65465053,49,49,-1,-1,3
65466151,25,5,-1,-1,4
65454804,51,54,-1,-1,2
65457078,46,30,-1,-1,5
65465667,37,3,-1,-1,7
65467232,33,21,-1,-1,6
65466508,47,22,-1,-1,7
65467019,24,22,-1,-1,6
65466484,44,40,-1,-1,5
65466831,45,18,-1,-1,7
65463926,45,46,-1,-1,6
65459072,8,47,-1,-1,3
65466821,6,38,-1,-1,7
65465682,57,12,-1,-1,6
65466697,20,27,-1,-1,6
65465233,8,2,-1,-1,4
65463163,13,56,-1,-1,3
65466784,29,51,-1,-1,3
65466691,33,29,-1,-1,1
65464862,2,16,-1,-1,3
65464154,50,56,-1,-1,6
65460331,50,31,-1,-1,2
65466590,48,46,-1,-1,4
65466628,27,9,-1,-1,3
65466106,10,27,-1,-1,2
65466643,9,43,-1,-1,2
65462051,33,18,-1,-1,6
65462293,12,28,-1,-1,7
65465505,51,20,-1,-1,4
65454109,22,35,-1,-1,7
65463080,39,39,-1,-1,6
65456705,12,37,-1,-1,6
65463070,31,44,-1,-1,3
65465902,22,43,-1,-1,5
65465105,41,25,-1,-1,1
65467597,4,26,-1,-1,0
65466441,22,18,-1,-1,1
65465184,56,17,-1,-1,5
65465009,31,37,-1,-1,3
65466477,41,19,-1,-1,5
65463345,1,46,-1,-1,7
65454320,57,45,-1,-1,1
65460779,9,53,-1,-1,6
65465901,52,55,-1,-1,0
65465903,46,20,-1,-1,0
65463338,39,25,-1,-1,3
65467326,36,40,-1,-1,6
65465422,36,42,-1,-1,4
65467611,13,30,-1,-1,6
65461349,34,40,-1,-1,6
65458829,26,43,-1,-1,1
65463906,41,7,-1,-1,4
65466483,17,13,-1,-1,5
65466890,11,4,-1,-1,7
65466446,14,8,-1,-1,7
65465981,20,3,-1,-1,5
65462967,26,51,-1,-1,4
65454408,5,31,-1,-1,0
65467429,12,39,-1,-1,3
65467170,13,2,-1,-1,2
65466372,19,55,-1,-1,1
65467224,9,8,-1,-1,4
65466615,15,45,-1,-1,2
65466514,11,44,-1,-1,6
65461572,30,55,-1,-1,1
65466699,20,34,-1,-1,6
65456749,41,46,-1,-1,5
65460280,26,11,-1,-1,5
65462130,28,48,-1,-1,2
65467670,32,32,-1,-1,1
65464860,18,43,-1,-1,2
65462970,11,47,-1,-1,3
65465095,31,57,-1,-1,6
65463748,53,1,-1,-1,6
65453948,34,25,-1,-1,0
65467697,4,10,-1,-1,6
65467422,44,14,-1,-1,5
65466146,40,4,-1,-1,5
65467311,51,52,-1,-1,2
65460384,19,34,-1,-1,3
65467347,53,56,-1,-1,0
65462296,20,1,-1,-1,5
65466085,40,34,-1,-1,6
65459946,37,17,-1,-1,4
65463559,47,1,-1,-1,4
65465897,5,50,-1,-1,5
65463600,29,54,-1,-1,4
65465590,18,21,-1,-1,7
65456128,23,41,-1,-1,0
65466262,16,0,-1,-1,2
65465331,5,10,-1,-1,2
65464761,19,20,-1,-1,3
65466672,0,53,-1,-1,3
65466894,52,50,-1,-1,0
65463066,9,46,-1,-1,7
65467540,55,2,-1,-1,3
65466411,57,7,-1,-1,3
65467282,4,16,-1,-1,7
65464815,38,2,-1,-1,2
65464054,43,2,-1,-1,4
65467027,37,7,-1,-1,2
65465508,25,0,-1,-1,2
65463536,44,26,-1,-1,6
65459071,1,56,-1,-1,6
65458951,10,36,-1,-1,5
65467036,52,15,-1,-1,2
65465042,37,46,-1,-1,7
65467457,53,19,-1,-1,1
65467601,48,27,-1,-1,3
65464936,41,2,-1,-1,2
65467665,24,52,-1,-1,0
65467466,24,55,-1,-1,5
65465635,35,10,-1,-1,3
65465693,6,26,-1,-1,2
65464366,4,6,-1,-1,0
65467043,16,55,-1,-1,3
65464466,47,51,-1,-1,0
65464350,5,30,-1,-1,0
65461436,9,15,-1,-1,7
65465028,29,21,-1,-1,0
65467081,26,47,-1,-1,0
65466173,29,45,-1,-1,7
65466018,6,57,-1,-1,2
65467542,15,33,-1,-1,7
65465332,12,15,-1,-1,5
65466583,12,20,-1,-1,7
65459585,45,4,-1,-1,1
65459873,13,50,-1,-1,4
65462226,40,19,-1,-1,4
65460983,20,46,-1,-1,3
65465715,56,18,-1,-1,2
65466234,24,39,-1,-1,4
65457949,58,33,-1,-1,6
65466308,19,30,-1,-1,0
65465503,49,54,-1,-1,3
65463392,6,41,-1,-1,3
65457372,14,0,-1,-1,2
65466815,3,57,-1,-1,4
65466025,22,52,-1,-1,0
65467295,40,14,-1,-1,5
65466172,43,14,-1,-1,7
65464941,4,31,-1,-1,0
65449743,21,33,-1,-1,2
65460594,5,28,-1,-1,4
65465078,14,46,-1,-1,1
65458263,35,44,-1,-1,6
65465674,11,31,-1,-1,3
65461716,26,55,-1,-1,6
65466666,29,56,-1,-1,5
65463105,33,10,-1,-1,6
65464661,47,14,-1,-1,3
65465276,55,14,-1,-1,2
65465339,8,5,-1,-1,0
65467021,39,13,-1,-1,3
65467368,15,16,-1,-1,4
65465974,20,12,-1,-1,1
65467511,58,37,-1,-1,4
65465305,16,58,-1,-1,7
65467091,14,20,-1,-1,6
65458461,37,1,-1,-1,3
65464447,56,2,-1,-1,3
65465265,31,28,-1,-1,4
65467620,46,18,-1,-1,0
65461496,35,11,-1,-1,7
65466919,37,14,-1,-1,1
65464910,37,6,-1,-1,0
65462542,0,3,-1,-1,7
65467102,32,13,-1,-1,1
65461075,9,58,-1,-1,6
65463529,41,37,-1,-1,2
65459416,3,58,-1,-1,6
65465273,28,6,-1,-1,7
65466272,27,24,-1,-1,4
65459854,3,4,-1,-1,4
65467641,29,14,-1,-1,5
65466131,4,41,-1,-1,6
65459141,14,36,-1,-1,6
65462495,50,15,-1,-1,3
65465698,26,42,-1,-1,1
65465192,30,37,-1,-1,5
65461411,43,47,-1,-1,6
65464235,11,37,-1,-1,1
65466913,49,1,-1,-1,7
65465880,5,45,-1,-1,3
65464334,41,17,-1,-1,0
65465435,30,40,-1,-1,6
65463509,20,55,-1,-1,0
65457882,33,31,-1,-1,1
65467017,46,16,-1,-1,2
65460433,32,17,-1,-1,0
65465189,28,58,-1,-1,3
65463665,49,37,-1,-1,5
65466988,58,24,-1,-1,4
65464109,43,8,-1,-1,6
65461134,42,17,-1,-1,2
65461162,23,19,-1,-1,3
65454640,18,3,-1,-1,6
65454885,42,23,-1,-1,1
65466055,7,22,-1,-1,4
65464504,5,13,-1,-1,7
65466877,51,42,-1,-1,0
65463051,6,6,-1,-1,2
65455677,50,1,-1,-1,0
65465872,34,48,-1,-1,3
65463807,41,0,-1,-1,1
65467373,22,34,-1,-1,4
65463666,7,34,-1,-1,4
65465120,53,50,-1,-1,1
65466647,51,25,-1,-1,0
65466733,18,32,-1,-1,6
65465599,10,35,-1,-1,4
65465992,34,39,-1,-1,5
65467193,52,39,-1,-1,0
65465537,48,51,-1,-1,4
65463475,7,45,-1,-1,1
65460504,45,51,-1,-1,0
65460984,16,30,-1,-1,6
65462846,52,52,-1,-1,5
65453322,8,9,-1,-1,0
65460499,42,16,-1,-1,1
65465783,8,45,-1,-1,2
65465969,1,32,-1,-1,2
65462597,15,13,-1,-1,7
65467685,32,53,-1,-1,7
65461036,44,57,-1,-1,4
65464602,49,5,-1,-1,5
65463805,53,43,-1,-1,3
65461092,6,28,-1,-1,0
65467332,41,15,-1,-1,1
65466233,22,51,-1,-1,3
65466851,35,35,-1,-1,5
65464394,7,9,-1,-1,4
65461954,9,57,-1,-1,6
65466776,7,18,-1,-1,2
65454765,39,14,-1,-1,1
65464902,46,44,-1,-1,7
65464581,22,16,-1,-1,2
65465225,18,56,-1,-1,3
65461067,46,10,-1,-1,5
65465465,9,9,-1,-1,7
65467562,26,7,-1,-1,6
65464612,50,24,-1,-1,3
65464455,47,57,-1,-1,4
65466623,31,49,-1,-1,4
65467508,41,58,-1,-1,5
65463586,31,38,-1,-1,0
65460846,50,7,-1,-1,2
65467715,26,6,-1,-1,0
65467708,22,45,-1,-1,1
65466914,42,33,-1,-1,0
65465416,27,15,-1,-1,1
65464967,14,2,-1,-1,3
65461407,16,33,-1,-1,2
65466440,33,17,-1,-1,0
65463021,16,50,-1,-1,4
65466748,19,28,-1,-1,6
65464971,35,21,-1,-1,3
65466638,19,43,-1,-1,6
65464223,43,7,-1,-1,1
65465748,41,33,-1,-1,0
65466505,20,28,-1,-1,2
65458410,37,39,-1,-1,6
65460411,18,53,-1,-1,4
65467199,30,46,-1,-1,1
65467281,17,29,-1,-1,7
65458625,58,15,-1,-1,2
65465074,14,30,-1,-1,2
65466352,7,39,-1,-1,2
65467135,14,31,-1,-1,5
65466334,21,52,-1,-1,0
65466480,47,23,-1,-1,0
65461237,50,51,-1,-1,1
65465495,50,39,-1,-1,6
65467417,24,23,-1,-1,4
65466805,22,0,-1,-1,6
65464178,20,26,-1,-1,4
65461492,35,33,-1,-1,6
65452671,43,35,-1,-1,1
65466879,29,25,-1,-1,3
65463843,30,20,-1,-1,1
65454154,8,3,-1,-1,3
65461895,6,31,-1,-1,0
65465587,24,25,-1,-1,5
65464830,30,33,-1,-1,5
65466147,50,2,-1,-1,0
65453419,10,10,-1,-1,0
65467709,27,51,-1,-1,3
65466189,21,51,-1,-1,5
65460081,16,10,-1,-1,0
65467434,33,30,-1,-1,5
65466194,32,28,-1,-1,2
65467612,4,46,-1,-1,6
65466883,16,49,-1,-1,4
65465808,25,41,-1,-1,4
65458575,40,16,-1,-1,3
65466808,37,55,-1,-1,7
65466616,25,9,-1,-1,1
65464709,54,5,-1,-1,6
65466943,9,12,-1,-1,2
65462221,7,4,-1,-1,3
65465492,30,36,-1,-1,5
65458788,45,37,-1,-1,6
65452103,14,26,-1,-1,6
65466335,6,9,-1,-1,2
65459569,30,16,-1,-1,4
65465957,9,31,-1,-1,4
65454866,6,20,-1,-1,3
65465944,43,40,-1,-1,3
65463086,50,34,-1,-1,1
65460043,10,33,-1,-1,2
65464754,36,3,-1,-1,2
65466922,36,26,-1,-1,3
65462054,48,25,-1,-1,2
65465256,6,0,-1,-1,7
65462839,22,53,-1,-1,1
65467203,9,14,-1,-1,6
65463904,17,51,-1,-1,0
65461548,37,29,-1,-1,0
65459630,19,33,-1,-1,7
65465892,17,58,-1,-1,2
65463941,57,10,-1,-1,6
65466199,28,46,-1,-1,2
65466898,45,45,-1,-1,1
65465083,24,33,-1,-1,6
65464107,28,2,-1,-1,6
65458162,40,20,-1,-1,6
65466663,30,22,-1,-1,7
65466549,9,19,-1,-1,0
65464152,30,13,-1,-1,6
65465234,46,25,-1,-1,7
65466434,42,9,-1,-1,3
65466218,11,5,-1,-1,3
65466107,15,55,-1,-1,1
65465469,4,39,-1,-1,2
65464835,37,20,-1,-1,6
65460988,4,45,-1,-1,2
65466506,53,58,-1,-1,3
65461071,29,8,-1,-1,7
65466236,31,3,-1,-1,1
65466209,15,52,-1,-1,4
65466309,6,4,-1,-1,6
65463668,29,24,-1,-1,1
65467695,27,14,-1,-1,2
65461164,23,42,-1,-1,5
65461534,52,1,-1,-1,6
65464784,6,3,-1,-1,3
65466267,54,38,-1,-1,4
65460343,51,27,-1,-1,4
65463312,46,47,-1,-1,4
65466954,27,12,-1,-1,7
65463911,39,52,-1,-1,7
65467591,50,20,-1,-1,4
65466111,19,24,-1,-1,3
65461786,49,53,-1,-1,3
65466093,37,47,-1,-1,7
65465275,29,48,-1,-1,1
65467334,54,10,-1,-1,7
65454542,27,40,-1,-1,0
65460076,54,30,-1,-1,6
65463002,34,43,-1,-1,1
65465498,11,9,-1,-1,7
65462818,32,38,-1,-1,4
65466580,47,47,-1,-1,6
65466200,22,56,-1,-1,6
65465280,43,11,-1,-1,0
65464244,9,50,-1,-1,7
65466136,25,2,-1,-1,6
65466081,55,3,-1,-1,5
65463272,37,4,-1,-1,7
65464743,42,4,-1,-1,0
65463810,7,16,-1,-1,3
65461013,8,10,-1,-1,5
65467386,1,37,-1,-1,4
65465012,13,43,-1,-1,4
65462315,43,21,-1,-1,5
65467136,26,41,-1,-1,0
65466594,4,30,-1,-1,2
65464771,10,11,-1,-1,2
65459100,39,54,-1,-1,2
65464064,28,16,-1,-1,5
65467415,42,49,-1,-1,5
65466296,58,52,-1,-1,6
65466567,58,16,-1,-1,2
65466845,46,22,-1,-1,7
65463681,42,55,-1,-1,4
65460888,58,43,-1,-1,7
65466818,35,26,-1,-1,2
65465838,27,56,-1,-1,7
65463722,43,58,-1,-1,7
65466933,28,31,-1,-1,7
65465555,9,38,-1,-1,6
65464428,22,58,-1,-1,7
65465235,12,4,-1,-1,7
65463872,34,29,-1,-1,7
65465844,11,36,-1,-1,4
65462968,39,11,-1,-1,3
65463043,50,11,-1,-1,2
65466962,38,5,-1,-1,5
65458001,31,7,-1,-1,7
65460456,3,43,-1,-1,0
65467132,15,48,-1,-1,0
65465731,57,8,-1,-1,3
65467379,45,15,-1,-1,7
65454944,36,48,-1,-1,5
65466466,38,50,-1,-1,2
65466179,42,51,-1,-1,2
65464736,49,7,-1,-1,1
65467359,35,17,-1,-1,0
65465006,37,45,-1,-1,2
65456649,9,28,-1,-1,3
65465621,19,41,-1,-1,6
65459956,36,23,-1,-1,2
65467265,58,56,-1,-1,5
65463830,9,32,-1,-1,0
65465190,15,43,-1,-1,7
65461555,1,30,-1,-1,6
65464701,20,57,-1,-1,5
65467294,57,51,-1,-1,0
65457950,12,29,-1,-1,7
65466115,4,18,-1,-1,2
65467002,51,37,-1,-1,1
65467234,48,45,-1,-1,1
65467378,36,55,-1,-1,6
65466599,41,45,-1,-1,0
65460442,34,8,-1,-1,3
65461140,32,30,-1,-1,5
65466039,30,8,-1,-1,0
65464361,47,49,-1,-1,2
65465863,48,6,-1,-1,6
65462154,19,31,-1,-1,3
65467550,8,20,-1,-1,3
65465833,1,16,-1,-1,4
65466869,22,29,-1,-1,7
65466027,14,56,-1,-1,0
65458433,29,42,-1,-1,6
65461394,52,46,-1,-1,6
65464105,9,51,-1,-1,6
65463770,36,32,-1,-1,0
65464955,54,35,-1,-1,5
65462731,40,40,-1,-1,6
65466270,30,6,-1,-1,3
65465162,0,34,-1,-1,5
65453676,3,52,-1,-1,4
65465187,16,25,-1,-1,1
65466828,52,31,-1,-1,7
65466761,15,5,-1,-1,0
65461530,41,3,-1,-1,2
65464370,12,9,-1,-1,4
65464007,54,22,-1,-1,7
65463744,56,5,-1,-1,1
65466078,52,43,-1,-1,1
65459652,50,27,-1,-1,1
65466687,35,46,-1,-1,7
65464671,17,1,-1,-1,7
65467638,43,42,-1,-1,2
65466707,22,41,-1,-1,4
65466544,6,10,-1,-1,2
65459231,55,20,-1,-1,6
65459554,56,38,-1,-1,5
65466429,14,53,-1,-1,0
65463718,37,33,-1,-1,4
65463000,13,45,-1,-1,2
65462142,6,19,-1,-1,7
65467705,19,32,-1,-1,1
65465299,20,43,-1,-1,5
65466812,25,25,-1,-1,4
65466641,49,38,-1,-1,4
65462377,5,12,-1,-1,5
65466373,23,30,-1,-1,4
65461439,50,13,-1,-1,7
65466770,42,50,-1,-1,1
65466212,24,30,-1,-1,3
65460306,54,47,-1,-1,0
65465180,32,33,-1,-1,5
65466634,58,7,-1,-1,7
65455771,33,28,-1,-1,5
65466548,35,25,-1,-1,7
65461257,31,12,-1,-1,7
65466346,50,57,-1,-1,0
65462273,53,20,-1,-1,2
65454733,39,40,-1,-1,5
65466948,7,7,-1,-1,2
65460545,14,19,-1,-1,2
65466665,10,14,-1,-1,7
65463036,18,5,-1,-1,4
65465195,10,22,-1,-1,4
65463263,26,53,-1,-1,1
65461404,35,4,-1,-1,6
65460529,42,1,-1,-1,4
65464371,33,46,-1,-1,1
65466049,38,45,-1,-1,1
65465913,31,43,-1,-1,6
65461513,32,9,-1,-1,6
65466276,36,33,-1,-1,0
65467122,31,32,-1,-1,7
65458591,52,8,-1,-1,7
65467029,39,28,-1,-1,0
65451202,48,20,-1,-1,1
65459378,47,11,-1,-1,0
65466235,57,50,-1,-1,2
65462389,53,7,-1,-1,5
65467653,56,12,-1,-1,2
65467475,9,23,-1,-1,1
65467680,52,5,-1,-1,7
65467452,9,48,-1,-1,0
65463305,22,8,-1,-1,0
65465144,35,55,-1,-1,2
65467691,27,16,-1,-1,4
65464640,25,24,-1,-1,1
65465643,51,12,-1,-1,2
65466698,57,42,-1,-1,4
65463907,18,27,-1,-1,1
65458492,40,21,-1,-1,6
65466791,3,16,-1,-1,6
65465792,13,33,-1,-1,3
65464335,8,49,-1,-1,4
65456642,11,20,-1,-1,7
65460017,26,56,-1,-1,7
65465254,4,42,-1,-1,1
65467196,33,15,-1,-1,3
65461776,55,52,-1,-1,3
65467527,27,13,-1,-1,4
65465126,20,50,-1,-1,3
65459395,46,6,-1,-1,2
65464780,57,47,-1,-1,4
65467253,58,19,-1,-1,4
65465176,14,23,-1,-1,0
65466204,14,29,-1,-1,1
65461630,53,30,-1,-1,6
65466064,14,27,-1,-1,4
65465940,21,3,-1,-1,5
65465242,44,56,-1,-1,1
65467094,29,12,-1,-1,6
65459556,49,11,-1,-1,4
65467519,56,30,-1,-1,4
65467119,11,45,-1,-1,4
65463709,47,54,-1,-1,4
65462747,56,47,-1,-1,4
65466978,22,22,-1,-1,1
65465405,47,34,-1,-1,3
65466410,55,56,-1,-1,0
65463761,25,38,-1,-1,7
65459816,24,37,-1,-1,1
65461265,17,54,-1,-1,0
65466159,51,19,-1,-1,1
65466963,45,10,-1,-1,5
65467158,38,23,-1,-1,2
65462012,52,17,-1,-1,1
65464555,47,40,-1,-1,7
65467605,30,24,-1,-1,6
65465158,5,42,-1,-1,6
65467231,21,34,-1,-1,2
65467215,24,34,-1,-1,0
65466011,48,56,-1,-1,6
65462937,40,44,-1,-1,0
65466447,35,18,-1,-1,2
65463691,4,38,-1,-1,4
65463952,11,14,-1,-1,2
65466286,3,30,-1,-1,0
65466095,29,20,-1,-1,2
65466166,2,9,-1,-1,6
65466275,34,54,-1,-1,6
65465255,7,35,-1,-1,5
65465891,24,49,-1,-1,3
65466706,24,26,-1,-1,6
65448627,32,18,-1,-1,0
65466512,41,16,-1,-1,4
65465962,33,41,-1,-1,7
65461595,0,35,-1,-1,5
65467648,46,29,-1,-1,0
65463657,23,2,-1,-1,3
65466587,38,54,-1,-1,6
65467069,33,26,-1,-1,6
65466245,41,1,-1,-1,2
65453214,41,22,-1,-1,3
65459413,51,22,-1,-1,2
65460630,20,44,-1,-1,5
65462057,5,53,-1,-1,4
65464278,58,48,-1,-1,4
65459698,38,56,-1,-1,7
65465794,46,24,-1,-1,5
65466248,3,7,-1,-1,0
65466780,40,8,-1,-1,6
65464012,42,35,-1,-1,2
65464492,51,17,-1,-1,2
65465980,37,52,-1,-1,1
65467722,42,31,-1,-1,5
65466089,0,51,-1,-1,6
65467074,8,4,-1,-1,6
65455742,25,43,-1,-1,2
65465853,23,50,-1,-1,2
65467128,35,31,-1,-1,4
65464992,13,29,-1,-1,2
65465605,44,45,-1,-1,2
65463706,45,52,-1,-1,5
65467188,38,33,-1,-1,5
65466520,58,54,-1,-1,5
65461450,43,26,-1,-1,3
65462438,1,31,-1,-1,6
65467594,26,27,-1,-1,3
65463380,36,49,-1,-1,7
65462169,27,10,-1,-1,2
65467323,50,45,-1,-1,2
65456960,12,23,-1,-1,6
65463760,26,39,-1,-1,1
65467524,30,41,-1,-1,7
65466444,29,2,-1,-1,0
65467237,25,12,-1,-1,5
65466257,3,22,-1,-1,0
65467702,23,27,-1,-1,3
65459475,15,22,-1,-1,2
65467266,35,0,-1,-1,0
65464162,0,8,-1,-1,3
65464219,42,11,-1,-1,0
65466732,36,24,-1,-1,1
65466467,30,56,-1,-1,1
65466904,5,32,-1,-1,7
65467356,17,44,-1,-1,6
65465973,41,4,-1,-1,0
65466952,12,58,-1,-1,2
65465550,23,6,-1,-1,5
65459469,19,50,-1,-1,0
65467218,20,5,-1,-1,7
65465632,29,0,-1,-1,6
65465848,43,43,-1,-1,6
65466673,19,25,-1,-1,7
65467200,12,49,-1,-1,5
65460423,13,32,-1,-1,5
65462026,54,2,-1,-1,1
65465072,26,16,-1,-1,6
65465781,6,39,-1,-1,3
65459750,49,57,-1,-1,3
65463069,31,29,-1,-1,0
65466603,40,36,-1,-1,4
65464052,52,58,-1,-1,0
65462356,43,23,-1,-1,0
65457662,44,11,-1,-1,5
65466289,31,0,-1,-1,4
65467272,29,33,-1,-1,2
65451809,11,46,-1,-1,4
65463091,5,41,-1,-1,0
65461975,29,13,-1,-1,6
65464104,2,22,-1,-1,3
65460150,5,27,-1,-1,5
65456923,0,23,-1,-1,5
65447566,46,50,-1,-1,0
65466674,0,31,-1,-1,2
65459106,51,46,-1,-1,1
65465121,18,31,-1,-1,0
65461447,6,33,-1,-1,4
65467086,24,42,-1,-1,7
65464681,27,30,-1,-1,5
65463330,28,24,-1,-1,6
65455028,58,25,-1,-1,0
65463286,54,57,-1,-1,7
65467522,38,34,-1,-1,4
65465835,9,56,-1,-1,4
65465916,55,25,-1,-1,7
65466349,43,6,-1,-1,5
65463017,41,26,-1,-1,2
65467279,18,54,-1,-1,4
65457356,18,28,-1,-1,3
65466850,40,25,-1,-1,6
65464632,0,44,-1,-1,5
65465762,44,42,-1,-1,4
65465228,43,30,-1,-1,1
65456410,21,6,-1,-1,5
65466947,17,20,-1,-1,6
65454181,46,49,-1,-1,4
65467525,14,49,-1,-1,0
65465640,0,58,-1,-1,6
65467660,11,1,-1,-1,3
65464945,32,1,-1,-1,1
65464289,41,27,-1,-1,4
65459501,35,30,-1,-1,4
65465830,8,40,-1,-1,1
65459539,55,55,-1,-1,5
65459627,32,2,-1,-1,5
65466906,28,47,-1,-1,4
65464586,24,56,-1,-1,5
65458427,23,22,-1,-1,4
65462329,47,7,-1,-1,4
65466985,40,26,-1,-1,1
65467652,32,29,-1,-1,6
65465207,2,56,-1,-1,0
65449704,23,45,-1,-1,0
65456447,14,51,-1,-1,5
65465067,47,58,-1,-1,5
65466407,0,14,-1,-1,2
65464908,43,33,-1,-1,0
65453564,16,46,-1,-1,0
65460847,50,12,-1,-1,1
65465898,12,52,-1,-1,0
65462571,14,7,-1,-1,3
65453901,7,13,-1,-1,1
65467711,18,34,-1,-1,3
65466660,48,19,-1,-1,7
65464685,4,36,-1,-1,7
65466627,37,48,-1,-1,2
65465770,5,15,-1,-1,4
65463753,22,17,-1,-1,2
65467304,41,29,-1,-1,7
65465220,12,51,-1,-1,7
65455520,34,35,-1,-1,6
65464770,24,53,-1,-1,4
65455453,43,52,-1,-1,2
65465167,32,26,-1,-1,4
65466795,52,4,-1,-1,0
65465840,19,8,-1,-1,7
65459756,0,13,-1,-1,4
65463601,34,23,-1,-1,5
65459282,5,7,-1,-1,2
65463326,46,35,-1,-1,5
65466400,19,26,-1,-1,3
65467640,18,13,-1,-1,3
65465899,36,53,-1,-1,1
65465441,58,55,-1,-1,7
65463406,5,19,-1,-1,6
65463789,21,44,-1,-1,2
65466631,42,2,-1,-1,0
65467134,20,31,-1,-1,1
65464567,29,4,-1,-1,7
65464017,12,44,-1,-1,6
65466553,2,43,-1,-1,0
65455055,12,7,-1,-1,4
65465936,54,31,-1,-1,7
65467184,15,15,-1,-1,7
65463685,19,29,-1,-1,2
65465634,30,53,-1,-1,3
65465826,7,47,-1,-1,6
65467688,49,17,-1,-1,2
65466892,55,57,-1,-1,5
65465544,39,35,-1,-1,7
65466834,46,8,-1,-1,6
65462457,34,45,-1,-1,2
65462474,41,38,-1,-1,2
65456242,47,21,-1,-1,3
65466074,33,0,-1,-1,1
65466084,23,36,-1,-1,3
65466849,7,32,-1,-1,4
65464402,36,18,-1,-1,3
65454737,54,13,-1,-1,3
65467046,15,8,-1,-1,1
65464730,13,42,-1,-1,7
65466207,6,16,-1,-1,3
65467084,45,39,-1,-1,4
65467264,15,23,-1,-1,4
65467699,56,22,-1,-1,5
65465506,53,11,-1,-1,3
65466108,8,42,-1,-1,6
65465000,51,38,-1,-1,4
65466205,31,4,-1,-1,7
65464291,33,16,-1,-1,0
65465804,57,31,-1,-1,5
65461116,56,56,-1,-1,6
65462555,48,55,-1,-1,7
65455682,11,2,-1,-1,1
65463440,29,50,-1,-1,2
65462782,26,20,-1,-1,7
65463159,48,53,-1,-1,0
65465021,11,52,-1,-1,4
65467561,17,56,-1,-1,3
65466327,11,30,-1,-1,1
65465443,24,18,-1,-1,4
65462736,56,43,-1,-1,6
65467616,8,46,-1,-1,7
65464850,34,36,-1,-1,1
65466356,2,37,-1,-1,1
65465076,40,5,-1,-1,5
65462019,47,15,-1,-1,2
65462630,54,18,-1,-1,3
65465591,25,7,-1,-1,7
65456261,30,50,-1,-1,7
65465692,1,22,-1,-1,5
65462541,27,29,-1,-1,5
65467568,6,46,-1,-1,0
65462285,41,13,-1,-1,1
65467034,54,44,-1,-1,5
65467194,28,50,-1,-1,1
65463403,18,2,-1,-1,1
65464571,7,31,-1,-1,1
65465125,45,48,-1,-1,5
65461505,48,38,-1,-1,6
65460392,22,5,-1,-1,5
65456970,57,57,-1,-1,7
65462594,8,36,-1,-1,6
65466633,37,37,-1,-1,6
65461637,41,53,-1,-1,5
65464866,11,29,-1,-1,0
65460940,36,22,-1,-1,5
65467471,10,21,-1,-1,3
65464673,0,2,-1,-1,4
65465101,38,8,-1,-1,5
65464236,5,44,-1,-1,6
65466994,52,23,-1,-1,3
65464944,29,28,-1,-1,6
65467251,38,36,-1,-1,2
65461205,54,16,-1,-1,1
65466608,1,35,-1,-1,3
65463680,49,50,-1,-1,3
65466604,57,30,-1,-1,2
65467110,16,47,-1,-1,1
65466247,42,22,-1,-1,6
65463274,48,30,-1,-1,7
65462123,48,23,-1,-1,4
65467427,26,37,-1,-1,6
65462147,36,30,-1,-1,5
65464892,16,16,-1,-1,6
65465262,21,23,-1,-1,5
65459272,5,17,-1,-1,7
65467343,6,27,-1,-1,1
65464228,24,38,-1,-1,5
65467139,46,46,-1,-1,4
65465701,30,12,-1,-1,6
65459457,11,25,-1,-1,6
65463026,56,7,-1,-1,4
65465852,32,4,-1,-1,5
65463077,40,28,-1,-1,0
65466465,27,48,-1,-1,0
65464604,36,0,-1,-1,7
65466180,56,33,-1,-1,2
65467596,14,34,-1,-1,4
65461908,15,35,-1,-1,6
65464827,49,27,-1,-1,0
65466653,10,55,-1,-1,6
65464137,40,57,-1,-1,7
65461112,14,39,-1,-1,0
65465456,38,4,-1,-1,6
65463425,54,12,-1,-1,5
65465029,32,54,-1,-1,0
65467523,45,49,-1,-1,5
65465683,49,22,-1,-1,0
65460000,15,53,-1,-1,3
65456880,18,29,-1,-1,5
65457619,8,28,-1,-1,7
65466002,28,49,-1,-1,5
65465855,34,47,-1,-1,3
65466887,33,37,-1,-1,4
65462943,55,36,-1,-1,7
65465725,9,5,-1,-1,0
65463063,5,58,-1,-1,4
65463228,38,37,-1,-1,2
65464519,46,45,-1,-1,6
65467403,36,52,-1,-1,7
65464630,21,24,-1,-1,7
65465628,30,32,-1,-1,5
65467372,54,58,-1,-1,0
65467551,23,7,-1,-1,5
65466269,23,31,-1,-1,7
65457202,8,50,-1,-1,3
65460947,17,24,-1,-1,5
65464650,49,55,-1,-1,5
65463096,12,56,-1,-1,0
65466497,34,9,-1,-1,2
65463157,18,23,-1,-1,2
65466749,25,51,-1,-1,2
65466261,4,54,-1,-1,2
65465642,51,7,-1,-1,1
65467492,1,9,-1,-1,3
65467263,26,28,-1,-1,6
65466068,36,12,-1,-1,2
65466187,52,27,-1,-1,7
65455468,20,33,-1,-1,0
65467549,7,58,-1,-1,5
65463959,11,51,-1,-1,5
65466754,52,44,-1,-1,4
65467537,28,38,-1,-1,3
65466886,20,21,-1,-1,3
65465724,33,20,-1,-1,7
65460813,50,42,-1,-1,2
65465905,46,38,-1,-1,2
65456937,22,4,-1,-1,3
65465705,2,15,-1,-1,6
65458502,31,41,-1,-1,7
65465598,33,24,-1,-1,6
65462309,11,38,-1,-1,1
65465817,7,15,-1,-1,4
65462711,54,19,-1,-1,2
65456828,39,17,-1,-1,6
65467364,10,18,-1,-1,0
65463821,36,50,-1,-1,3
65463613,43,41,-1,-1,2
65467121,46,52,-1,-1,7
65466790,18,42,-1,-1,4
65467363,36,45,-1,-1,2
65467064,13,21,-1,-1,3
65462280,42,47,-1,-1,0
65467039,54,25,-1,-1,4
65466802,54,8,-1,-1,7
65464410,24,4,-1,-1,2
65467694,15,49,-1,-1,5
65466586,15,32,-1,-1,2
65467056,54,27,-1,-1,5
65464364,24,47,-1,-1,2
65465847,28,3,-1,-1,1
65467712,12,32,-1,-1,3
65463337,9,4,-1,-1,1
65467428,40,11,-1,-1,6
65467390,17,15,-1,-1,0
65466640,25,20,-1,-1,2
65467587,3,44,-1,-1,3
65460870,1,45,-1,-1,5
65466052,10,49,-1,-1,7
65466829,49,4,-1,-1,4
65460346,49,40,-1,-1,1
65462695,24,21,-1,-1,5
65465888,15,54,-1,-1,3
65461311,45,12,-1,-1,3
65454761,44,32,-1,-1,5
65465661,13,10,-1,-1,3
65465949,23,14,-1,-1,5
65460761,23,54,-1,-1,2
65466364,53,21,-1,-1,2
65466909,19,19,-1,-1,6
65463728,54,36,-1,-1,5
65466767,48,2,-1,-1,4
65464521,24,5,-1,-1,2
65462896,41,56,-1,-1,5
65465512,45,11,-1,-1,1
65461507,45,47,-1,-1,0
65465564,26,25,-1,-1,1
65460378,14,44,-1,-1,0
65464460,35,40,-1,-1,2
65458048,24,24,-1,-1,5
65466303,37,24,-1,-1,5
65466855,1,33,-1,-1,7
65465810,51,4,-1,-1,7
65460534,34,6,-1,-1,3
65466788,2,25,-1,-1,5
65460511,22,33,-1,-1,7
65464254,30,52,-1,-1,0
65463755,32,19,-1,-1,5
65467566,41,43,-1,-1,6
65466208,0,33,-1,-1,3
65467554,7,56,-1,-1,7
65466417,19,37,-1,-1,5
65450654,34,13,-1,-1,1
65464414,5,29,-1,-1,7
65466476,36,58,-1,-1,2
65466617,50,41,-1,-1,0
65461024,34,32,-1,-1,5
65465763,33,53,-1,-1,3
65467353,51,45,-1,-1,7
65463820,41,32,-1,-1,5
65465063,22,50,-1,-1,1
65451585,32,58,-1,-1,0
65464071,12,22,-1,-1,1
65466079,27,27,-1,-1,2
65466826,3,53,-1,-1,4
65466140,19,0,-1,-1,5
65466700,21,47,-1,-1,3
65465586,49,20,-1,-1,2
65467707,38,11,-1,-1,7
65466468,43,3,-1,-1,0
65465347,13,47,-1,-1,0
65459254,52,57,-1,-1,5
65466735,0,27,-1,-1,2
65465230,38,27,-1,-1,0
65455776,7,28,-1,-1,2
65466103,45,3,-1,-1,1
65466496,30,18,-1,-1,1
65466333,50,14,-1,-1,7
65466413,43,48,-1,-1,7
65466875,37,15,-1,-1,1
65462266,54,32,-1,-1,7
65460715,5,8,-1,-1,3
65463865,11,39,-1,-1,3
65467117,8,34,-1,-1,5
65466585,21,32,-1,-1,2
65463531,12,24,-1,-1,2
65465097,9,47,-1,-1,1
65465524,4,12,-1,-1,1
65466731,45,57,-1,-1,5
65463097,38,29,-1,-1,4
65454266,32,34,-1,-1,7
65462371,35,15,-1,-1,5
65464859,8,27,-1,-1,5
65460579,25,48,-1,-1,4
65465164,40,49,-1,-1,3
65466671,3,49,-1,-1,6
65460731,48,26,-1,-1,5
65461203,50,21,-1,-1,4
65466589,10,20,-1,-1,1
65460342,37,50,-1,-1,4
65466896,39,12,-1,-1,3
65463699,29,10,-1,-1,5
65459158,39,51,-1,-1,6
65456346,32,12,-1,-1,2
65462669,2,49,-1,-1,1
65467345,41,31,-1,-1,6
65467333,38,38,-1,-1,3
65467395,19,47,-1,-1,0
65463537,7,26,-1,-1,6
65466996,49,16,-1,-1,1
65467041,44,17,-1,-1,5
65467018,20,51,-1,-1,0
65466741,35,27,-1,-1,7
65467642,10,58,-1,-1,2
65466340,44,49,-1,-1,3
65459328,37,44,-1,-1,1
65465185,52,0,-1,-1,2
65465815,35,24,-1,-1,5
65466099,24,0,-1,-1,0
65464022,14,47,-1,-1,5
65467442,55,28,-1,-1,2
65465522,36,36,-1,-1,6
65463809,17,34,-1,-1,3
65465923,30,10,-1,-1,2
65467687,29,37,-1,-1,1
65464978,26,4,-1,-1,7
65461887,13,35,-1,-1,7
65458099,37,56,-1,-1,4
65460885,42,52,-1,-1,3
65464265,56,48,-1,-1,6
65467204,29,43,-1,-1,0
65466416,47,12,-1,-1,5
65466859,21,48,-1,-1,1
65456073,10,50,-1,-1,6
65467222,29,31,-1,-1,7
65460233,28,57,-1,-1,1
65463506,38,14,-1,-1,6
65465216,42,0,-1,-1,7
65467150,32,39,-1,-1,5
65467619,49,45,-1,-1,0
65466436,24,48,-1,-1,0
65465570,51,29,-1,-1,5
65466946,3,25,-1,-1,1
65457411,33,19,-1,-1,7
65467025,45,43,-1,-1,1
65464804,28,34,-1,-1,6
65466931,16,15,-1,-1,5
65467560,4,34,-1,-1,1
65460707,43,24,-1,-1,6
65461871,4,22,-1,-1,4
65465989,23,12,-1,-1,7
65465244,0,24,-1,-1,1
65467423,52,11,-1,-1,2
65467445,10,37,-1,-1,7
65463355,46,40,-1,-1,1
65464533,27,8,-1,-1,4
65467575,17,37,-1,-1,2
65467337,35,49,-1,-1,4
65464387,50,17,-1,-1,1
65467473,8,8,-1,-1,2
65466789,2,18,-1,-1,5
65462035,15,4,-1,-1,7
65463803,14,32,-1,-1,6
65467602,53,26,-1,-1,0
65464714,10,3,-1,-1,1
65466911,58,26,-1,-1,2
65460677,32,52,-1,-1,3
65465272,39,42,-1,-1,5
65461449,29,39,-1,-1,7
65466814,51,24,-1,-1,6
65457759,13,1,-1,-1,2
65461127,39,7,-1,-1,7
65466051,30,19,-1,-1,6
65465409,3,8,-1,-1,7
65466538,54,7,-1,-1,0
65454874,4,25,-1,-1,1
65466547,18,8,-1,-1,5
65463538,37,10,-1,-1,5
65466254,3,0,-1,-1,6
65467383,6,40,-1,-1,5
65467584,21,53,-1,-1,2
65467065,34,22,-1,-1,2
65467721,33,54,-1,-1,0
65467458,13,52,-1,-1,4
65465851,23,35,-1,-1,1
65467160,8,16,-1,-1,5
65465112,20,40,-1,-1,0
65463250,14,45,-1,-1,4
65457074,17,41,-1,-1,6
65467365,7,5,-1,-1,2
65463309,51,11,-1,-1,5
65460527,53,40,-1,-1,4
65461841,37,31,-1,-1,5
65466311,1,29,-1,-1,5
65467223,17,18,-1,-1,5
65465094,26,58,-1,-1,3
65464600,48,48,-1,-1,7
65462399,36,51,-1,-1,1
65454700,13,55,-1,-1,3
65464397,37,27,-1,-1,3
65463563,22,11,-1,-1,5
65467504,37,35,-1,-1,7
65461879,46,14,-1,-1,7
65462468,3,54,-1,-1,7
65467644,57,25,-1,-1,6
65464527,55,45,-1,-1,6
65467289,34,15,-1,-1,0
65467338,43,1,-1,-1,1
65467287,51,10,-1,-1,7
65458719,31,26,-1,-1,3
65463599,31,23,-1,-1,4
65460785,22,12,-1,-1,0
65458395,9,13,-1,-1,7
65459906,2,32,-1,-1,5
65465024,11,40,-1,-1,6
65466494,28,45,-1,-1,6
65461231,10,39,-1,-1,3
65459415,57,4,-1,-1,0
65457785,58,46,-1,-1,5
65458916,49,36,-1,-1,7
65466229,8,55,-1,-1,7
65467192,15,47,-1,-1,7
65467291,49,34,-1,-1,2
65461420,12,8,-1,-1,6
65466502,42,13,-1,-1,0
65466067,53,51,-1,-1,2
65462705,30,39,-1,-1,3
65466021,36,47,-1,-1,3
65467011,36,6,-1,-1,2
65466797,9,33,-1,-1,2
65466574,20,10,-1,-1,2
65465107,17,9,-1,-1,7
65465436,33,47,-1,-1,7
65465997,49,42,-1,-1,1
65462985,14,48,-1,-1,5
65459190,17,55,-1,-1,4
65461970,17,17,-1,-1,1
65462951,9,52,-1,-1,4
65464307,5,36,-1,-1,6
65465527,58,17,-1,-1,3
65461274,25,6,-1,-1,3
65458732,37,42,-1,-1,5
65462368,57,0,-1,-1,7
65461905,51,26,-1,-1,5
65466378,39,18,-1,-1,3
65458689,52,42,-1,-1,6
65466793,0,50,-1,-1,4
65462918,28,30,-1,-1,1
65466830,1,13,-1,-1,3
65463948,49,18,-1,-1,7
65467144,58,32,-1,-1,6
65464545,26,10,-1,-1,2
65463580,14,37,-1,-1,4
65464062,31,10,-1,-1,3
65463371,56,11,-1,-1,4
65466970,8,41,-1,-1,3
65466428,40,47,-1,-1,5
65466932,46,12,-1,-1,5
65466984,41,54,-1,-1,0
65465288,6,56,-1,-1,5
65464103,12,50,-1,-1,3
65465114,1,18,-1,-1,7
65463473,11,58,-1,-1,0
65465141,2,10,-1,-1,4
65465660,28,33,-1,-1,2
65466145,39,57,-1,-1,2
65466853,38,24,-1,-1,2
65462500,37,54,-1,-1,5
65467719,23,40,-1,-1,5
65464090,54,14,-1,-1,3
65464210,2,21,-1,-1,3
65464120,23,26,-1,-1,4
65463972,34,58,-1,-1,7
65455142,1,20,-1,-1,7
65466377,9,26,-1,-1,4
65464243,20,54,-1,-1,3
65454977,27,41,-1,-1,1
65466794,8,13,-1,-1,1
65465688,49,28,-1,-1,4
65466050,50,30,-1,-1,3
65465757,7,55,-1,-1,7
65467341,16,32,-1,-1,5
65465229,24,32,-1,-1,2
65466993,5,11,-1,-1,6
65464068,50,3,-1,-1,2
65465750,9,10,-1,-1,6
65458889,3,29,-1,-1,4
65466491,19,21,-1,-1,1
65467662,20,19,-1,-1,0
65463154,10,17,-1,-1,3
65467078,14,22,-1,-1,4
65463224,17,28,-1,-1,3
65466007,54,52,-1,-1,1
65457629,22,2,-1,-1,6
65467284,27,45,-1,-1,7
65461979,3,24,-1,-1,5
65464205,41,8,-1,-1,2
65464811,9,37,-1,-1,6
65466493,34,7,-1,-1,7
65461933,10,52,-1,-1,3
65466391,56,9,-1,-1,3
65467133,46,34,-1,-1,4
65463195,2,40,-1,-1,2
65463510,54,11,-1,-1,5
65467553,39,37,-1,-1,3
65465007,55,7,-1,-1,2
65466360,31,13,-1,-1,4
65465388,17,2,-1,-1,0
65467354,13,6,-1,-1,7
65464633,38,48,-1,-1,5
65466976,47,44,-1,-1,1
65464547,3,47,-1,-1,6
65463611,9,44,-1,-1,4
65464553,8,17,-1,-1,1
65449870,51,32,-1,-1,3
65465241,28,41,-1,-1,7
65466037,55,32,-1,-1,0
65466324,50,47,-1,-1,3
65454871,49,8,-1,-1,4
65462748,5,37,-1,-1,6
65465948,13,39,-1,-1,6
65467503,39,50,-1,-1,2
65460096,57,24,-1,-1,6
65466775,20,15,-1,-1,6
65467467,22,48,-1,-1,4
65463034,28,54,-1,-1,1
65465314,25,28,-1,-1,1
65465988,32,24,-1,-1,3
65467413,31,31,-1,-1,3
65465925,38,32,-1,-1,5
65463372,37,11,-1,-1,2
65467449,25,45,-1,-1,7
65461549,46,31,-1,-1,6
65460737,17,45,-1,-1,6
65465972,2,30,-1,-1,6
65466997,34,57,-1,-1,5
65464470,52,3,-1,-1,2
65467509,2,12,-1,-1,7
65467201,54,56,-1,-1,3
65464221,30,0,-1,-1,2
65464951,18,35,-1,-1,1
65467165,25,18,-1,-1,6
65466702,12,27,-1,-1,5
65466158,56,57,-1,-1,4
65461008,1,23,-1,-1,5
65463827,25,1,-1,-1,5
65464099,24,57,-1,-1,0
65464190,21,29,-1,-1,3
65467367,38,9,-1,-1,7
65464694,56,24,-1,-1,5
65463731,27,58,-1,-1,6
65466762,16,27,-1,-1,1
65462722,37,5,-1,-1,2
65466080,42,18,-1,-1,1
65454741,53,13,-1,-1,3
65464248,19,5,-1,-1,3
65464603,50,25,-1,-1,4
65462562,15,28,-1,-1,3
65466582,8,6,-1,-1,3
65464885,1,41,-1,-1,5
65467558,45,27,-1,-1,4
65467101,30,58,-1,-1,1
65463389,0,28,-1,-1,4
65454794,28,18,-1,-1,7
65463341,19,46,-1,-1,7
65465528,18,46,-1,-1,5
65465459,31,35,-1,-1,5
65465924,24,7,-1,-1,5
65457575,4,3,-1,-1,2
65464072,29,19,-1,-1,2
65467310,30,23,-1,-1,7
65465947,38,18,-1,-1,3
65464652,44,55,-1,-1,6
65457827,54,54,-1,-1,1
65467216,0,29,-1,-1,7
65466326,34,2,-1,-1,3
65463594,15,0,-1,-1,1
65463888,57,18,-1,-1,5
65466787,25,10,-1,-1,1
65463707,39,6,-1,-1,5
65464975,45,22,-1,-1,7
65466637,8,32,-1,-1,0
65464532,4,44,-1,-1,1
65467700,5,23,-1,-1,3
65461892,28,9,-1,-1,6
65462912,54,26,-1,-1,7
65465963,43,16,-1,-1,2
65464295,33,12,-1,-1,2
65465155,40,27,-1,-1,1
65466118,49,35,-1,-1,3
65459995,1,54,-1,-1,0
65464183,15,2,-1,-1,5
65463569,44,37,-1,-1,0
65462808,6,24,-1,-1,6
65463388,10,51,-1,-1,3
65459977,38,44,-1,-1,4
65463687,57,5,-1,-1,5
65463649,12,2,-1,-1,0
65462301,31,20,-1,-1,6
65467686,35,50,-1,-1,6
65464028,46,23,-1,-1,3
65466329,5,6,-1,-1,6
65465300,58,45,-1,-1,7
65466956,26,24,-1,-1,6
65467647,15,37,-1,-1,5
65460997,45,20,-1,-1,7
65466202,37,19,-1,-1,0
65465146,52,48,-1,-1,2
65463139,49,30,-1,-1,3
65464599,18,51,-1,-1,3
65466154,9,1,-1,-1,1
65466322,17,11,-1,-1,2
65466532,14,3,-1,-1,7
65466457,7,25,-1,-1,1
65465496,42,10,-1,-1,5
65460919,24,44,-1,-1,4
65465877,11,43,-1,-1,3
65465302,12,36,-1,-1,7
65460457,7,10,-1,-1,6
65467154,11,28,-1,-1,4
65464436,53,57,-1,-1,3
65461925,17,8,-1,-1,1
65466858,46,48,-1,-1,6
65466499,50,0,-1,-1,0
65465893,53,28,-1,-1,2
65464013,20,48,-1,-1,0
65466751,2,54,-1,-1,0
65466593,30,51,-1,-1,6
65464781,13,17,-1,-1,5
65463277,28,14,-1,-1,6
65464708,29,9,-1,-1,5
65467666,15,21,-1,-1,2
65463596,22,15,-1,-1,0
65467109,7,52,-1,-1,4
65466727,49,21,-1,-1,7
65460230,4,24,-1,-1,5
65467657,57,44,-1,-1,2
65465776,13,3,-1,-1,7
65467013,37,25,-1,-1,2
65467227,29,18,-1,-1,6
65466498,33,35,-1,-1,2
65467689,40,17,-1,-1,6
65465398,26,5,-1,-1,3
65458822,33,32,-1,-1,4
65461343,28,0,-1,-1,1
65466958,51,49,-1,-1,1
65455625,45,41,-1,-1,0
65466503,58,10,-1,-1,1
65466584,17,49,-1,-1,6
65466244,36,7,-1,-1,2
65467047,1,2,-1,-1,7
65467639,2,20,-1,-1,0
65466126,13,13,-1,-1,7
65464960,3,40,-1,-1,3
65467172,35,52,-1,-1,7
65462303,19,48,-1,-1,1
65459928,45,40,-1,-1,0
65467269,17,48,-1,-1,6
65464915,30,30,-1,-1,7
65462954,8,15,-1,-1,6
65467357,24,17,-1,-1,1
65465057,50,19,-1,-1,4
65459664,24,51,-1,-1,2
65463747,50,28,-1,-1,7
65462034,57,52,-1,-1,3
65466344,40,54,-1,-1,4
65460286,58,5,-1,-1,4
65467599,18,4,-1,-1,7
65467258,10,47,-1,-1,4
65465070,48,37,-1,-1,0
65467350,13,54,-1,-1,5
65461651,53,37,-1,-1,2
65465738,51,47,-1,-1,0
65464982,14,57,-1,-1,2
65465961,38,53,-1,-1,6
65467328,9,11,-1,-1,1
65465444,13,31,-1,-1,4
65466773,0,52,-1,-1,3
65456940,1,19,-1,-1,7
65463492,53,9,-1,-1,3
65467176,27,6,-1,-1,1
65464215,48,3,-1,-1,5
65467225,3,11,-1,-1,3
65461656,54,34,-1,-1,3
65465206,13,20,-1,-1,1
65465488,26,15,-1,-1,5
65461390,2,2,-1,-1,3
65465002,30,44,-1,-1,7
65465181,17,46,-1,-1,4
65466063,52,41,-1,-1,3
65464059,32,25,-1,-1,3
65466403,44,2,-1,-1,1
65467228,16,22,-1,-1,1
65464847,40,50,-1,-1,0
65465788,1,4,-1,-1,2
65466542,54,42,-1,-1,7
65463461,0,15,-1,-1,6
65464227,47,19,-1,-1,2
65467104,27,0,-1,-1,7
65459579,40,52,-1,-1,2
65466211,29,46,-1,-1,5
65466117,25,57,-1,-1,4
65467414,34,33,-1,-1,5
65466424,51,56,-1,-1,2
65465752,13,37,-1,-1,0
65463670,16,53,-1,-1,4
65467438,35,5,-1,-1,0
65462224,48,5,-1,-1,7
65449259,16,28,-1,-1,0
65464160,55,22,-1,-1,5
65467174,29,7,-1,-1,1
65467317,41,23,-1,-1,4
65467713,42,21,-1,-1,0
65467635,19,57,-1,-1,3
65464948,45,26,-1,-1,7
65467366,0,21,-1,-1,5
65464163,53,52,-1,-1,3
65459799,7,8,-1,-1,6
65467180,32,27,-1,-1,6
65466195,22,26,-1,-1,7
65466619,47,37,-1,-1,1
65465153,14,42,-1,-1,0
65457258,18,11,-1,-1,0
65461793,17,32,-1,-1,0
65464478,38,41,-1,-1,2
65466255,28,44,-1,-1,4
65462969,30,21,-1,-1,2
65466763,52,25,-1,-1,0
65463860,2,28,-1,-1,1
65467352,2,13,-1,-1,7
65467404,53,32,-1,-1,2
65465920,42,20,-1,-1,3
65465818,21,43,-1,-1,1
65462640,27,4,-1,-1,6
65465802,15,1,-1,-1,2
65467280,36,15,-1,-1,0
65464706,22,47,-1,-1,4
65467077,0,1,-1,-1,7
65466564,42,6,-1,-1,3
65466575,58,2,-1,-1,7
65464204,24,40,-1,-1,0
65456956,10,25,-1,-1,6
65467063,29,57,-1,-1,7
65462830,9,0,-1,-1,1
65467625,11,24,-1,-1,7
65465729,38,12,-1,-1,7
65464302,24,10,-1,-1,0
65466144,7,41,-1,-1,2
65466758,36,4,-1,-1,3
65467120,21,55,-1,-1,5
65467675,45,44,-1,-1,7
65467369,57,27,-1,-1,5
65466285,39,20,-1,-1,7
65460915,53,34,-1,-1,1
65467169,12,35,-1,-1,7
65456358,42,26,-1,-1,1
65458587,10,8,-1,-1,1
65465554,53,44,-1,-1,0
65455849,48,17,-1,-1,1
65467313,14,40,-1,-1,4
65465759,25,39,-1,-1,2
65463053,2,7,-1,-1,7
65461603,47,55,-1,-1,4
65466521,51,58,-1,-1,1
65466178,45,6,-1,-1,3
65463016,41,42,-1,-1,5
65467716,51,28,-1,-1,2
65464822,9,18,-1,-1,0
65463551,33,1,-1,-1,3
65464471,4,1,-1,-1,6
65466203,38,55,-1,-1,6
65463877,9,35,-1,-1,1
65462007,31,51,-1,-1,6
65460991,19,11,-1,-1,0
65463254,41,52,-1,-1,7
65467499,54,48,-1,-1,7
65464306,39,49,-1,-1,1
65467197,58,35,-1,-1,1
65467292,56,40,-1,-1,0
65448828,11,6,-1,-1,1
65463307,37,12,-1,-1,5
65463064,53,55,-1,-1,7
65467682,19,36,-1,-1,1
65462155,54,6,-1,-1,2
65466817,33,4,-1,-1,4
65466075,50,55,-1,-1,5
65464128,32,50,-1,-1,5
65459337,21,35,-1,-1,4
65466397,20,7,-1,-1,1
65465895,47,4,-1,-1,0
65466192,50,16,-1,-1,4
65467598,45,30,-1,-1,7
65466259,53,8,-1,-1,2
65466527,36,31,-1,-1,0
65467394,12,1,-1,-1,1
65466857,46,1,-1,-1,6
65465585,52,14,-1,-1,3
65465700,2,29,-1,-1,0
65466000,33,51,-1,-1,7
65467681,25,46,-1,-1,7
65445290,48,11,-1,-1,4
65456260,19,18,-1,-1,1
65466779,16,52,-1,-1,2
65460495,30,31,-1,-1,6
65464126,56,49,-1,-1,2
65465820,31,15,-1,-1,2
65465663,57,17,-1,-1,1
65467590,53,12,-1,-1,4
65463944,49,0,-1,-1,3
65466969,45,36,-1,-1,0
65460386,52,38,-1,-1,1
65466504,35,58,-1,-1,3
65458153,42,30,-1,-1,5
65457811,40,6,-1,-1,6
65464884,57,28,-1,-1,2
65461948,34,27,-1,-1,5
65461663,52,6,-1,-1,3
65466541,33,13,-1,-1,1
65465428,23,29,-1,-1,6
65466715,35,9,-1,-1,1
65465685,28,19,-1,-1,3
65466750,28,32,-1,-1,0
65467247,15,20,-1,-1,7
65466479,10,56,-1,-1,0
65461587,4,55,-1,-1,7
65463711,10,2,-1,-1,5
65467593,17,57,-1,-1,5
65461061,27,52,-1,-1,6
65465477,44,1,-1,-1,1
65464367,40,37,-1,-1,7
65459096,28,11,-1,-1,3
65465313,11,56,-1,-1,1
65463339,12,31,-1,-1,2
65466982,2,34,-1,-1,3
65467220,43,39,-1,-1,1
65457031,40,43,-1,-1,3
65464298,44,39,-1,-1,1
65465768,49,29,-1,-1,2
65467613,4,14,-1,-1,4
65464509,41,18,-1,-1,5
65465843,57,3,-1,-1,4
65465896,13,46,-1,-1,3
65467275,51,51,-1,-1,0
65464121,6,54,-1,-1,6
65463937,40,53,-1,-1,4
65466419,24,3,-1,-1,4
65463690,48,10,-1,-1,1
65467690,9,7,-1,-1,3
65466804,18,50,-1,-1,6
65466774,6,12,-1,-1,4
65466701,12,3,-1,-1,7
65454523,18,57,-1,-1,1
65462717,0,18,-1,-1,0
65463500,57,36,-1,-1,6
65467534,36,43,-1,-1,0
65463180,56,14,-1,-1,3
65466469,51,2,-1,-1,2
65467001,4,29,-1,-1,0
65465766,31,9,-1,-1,5
65461126,9,34,-1,-1,4
65466353,1,1,-1,-1,2
65465780,36,44,-1,-1,4
65467515,40,10,-1,-1,2
65464597,35,42,-1,-1,6
65466724,22,54,-1,-1,3
65467674,22,1,-1,-1,3
65462777,57,9,-1,-1,4
65461726,3,42,-1,-1,7
65462350,56,31,-1,-1,2
65466536,36,27,-1,-1,7
65462355,39,22,-1,-1,6
65462873,55,27,-1,-1,6
65463774,44,35,-1,-1,4
65452441,48,40,-1,-1,7
65467677,23,56,-1,-1,5
65455378,50,58,-1,-1,0
65445071,7,53,-1,-1,2
65465611,47,52,-1,-1,3
65452237,9,39,-1,-1,6
65466908,31,21,-1,-1,6
65464095,58,50,-1,-1,6
65467557,15,26,-1,-1,4
65462532,32,0,-1,-1,1
65467089,42,24,-1,-1,4
65467392,17,25,-1,-1,5
65462441,24,41,-1,-1,3
65462340,8,30,-1,-1,4
65463362,20,58,-1,-1,5
65466677,31,18,-1,-1,2
65460476,20,56,-1,-1,0
65467229,23,9,-1,-1,4
65466998,23,34,-1,-1,0
65467381,33,45,-1,-1,6
65463923,55,49,-1,-1,5
65465413,50,44,-1,-1,0
65462798,37,9,-1,-1,0
65462539,17,21,-1,-1,0
65462255,57,55,-1,-1,7
65464398,4,8,-1,-1,6
65454641,44,16,-1,-1,1
65465687,48,29,-1,-1,2
65463158,29,40,-1,-1,2
65464282,14,28,-1,-1,7
65466298,22,28,-1,-1,5
65464000,5,49,-1,-1,5
65463587,45,50,-1,-1,5
65467484,4,11,-1,-1,1
65460678,12,48,-1,-1,3
65453769,43,15,-1,-1,7
65465728,45,42,-1,-1,6
65466030,37,36,-1,-1,4
65465017,58,42,-1,-1,1
65466825,5,35,-1,-1,5
65467079,16,1,-1,-1,2
65460962,14,11,-1,-1,4
65467093,18,9,-1,-1,2
65467614,56,36,-1,-1,4
65466253,13,12,-1,-1,5
65466769,53,3,-1,-1,5
65462611,51,39,-1,-1,4
65466675,21,56,-1,-1,4
65464494,16,20,-1,-1,3
65466950,30,34,-1,-1,5
65465087,57,34,-1,-1,2
65467496,5,3,-1,-1,0
65464638,28,51,-1,-1,2
65467532,17,6,-1,-1,1
65464985,29,22,-1,-1,5
65459281,42,45,-1,-1,6
65466523,44,5,-1,-1,7
65466414,3,38,-1,-1,1
65467127,39,3,-1,-1,1
65456327,55,48,-1,-1,2
65461724,44,15,-1,-1,1
65466461,49,58,-1,-1,3
65465849,19,6,-1,-1,5
65465052,5,22,-1,-1,4
65466513,7,0,-1,-1,2
65446762,25,35,-1,-1,4
65467179,14,4,-1,-1,4
65466709,27,7,-1,-1,4
65466423,32,51,-1,-1,6
65464727,2,53,-1,-1,1
65464275,0,37,-1,-1,7
65457051,28,37,-1,-1,5
65462163,20,4,-1,-1,5
65467213,6,22,-1,-1,5
65458312,57,58,-1,-1,2
65457752,2,8,-1,-1,2
65465270,42,38,-1,-1,3
65466307,57,19,-1,-1,1
65466310,36,29,-1,-1,6
65465358,58,12,-1,-1,0
65465145,3,55,-1,-1,1
65464363,44,58,-1,-1,1
65457848,23,17,-1,-1,6
65464839,53,35,-1,-1,2
65463769,18,33,-1,-1,2
65467627,1,52,-1,-1,0
65464411,20,52,-1,-1,2
65467322,17,7,-1,-1,5
65464707,25,26,-1,-1,5
65463164,22,25,-1,-1,4
65462376,50,40,-1,-1,5
65462327,18,52,-1,-1,4
65465950,8,29,-1,-1,0
65462775,41,48,-1,-1,7
65464911,12,19,-1,-1,5
65467217,1,25,-1,-1,1
65462121,33,50,-1,-1,7
65465723,36,13,-1,-1,2
65465533,19,58,-1,-1,4
65462111,36,54,-1,-1,3
65462545,10,44,-1,-1,7
65458046,51,55,-1,-1,3
65451802,16,11,-1,-1,2
65466711,34,12,-1,-1,2
65466404,48,39,-1,-1,0
65464239,44,52,-1,-1,6
65465217,40,31,-1,-1,4
65460491,32,55,-1,-1,0
65465861,49,12,-1,-1,4
65465424,32,48,-1,-1,2
65467480,49,51,-1,-1,1
65466537,8,57,-1,-1,4
65465026,27,46,-1,-1,2
65467014,29,27,-1,-1,4
65467668,2,24,-1,-1,7
65461787,35,47,-1,-1,6
65460958,19,54,-1,-1,5
65465037,57,37,-1,-1,0
65460194,27,44,-1,-1,2
65461074,26,54,-1,-1,6
65459146,58,1,-1,-1,0
65461850,18,38,-1,-1,6
65466949,56,21,-1,-1,3
65466442,25,23,-1,-1,6
65467539,8,35,-1,-1,1
65464983,18,18,-1,-1,2
65464546,17,10,-1,-1,6
65454102,56,42,-1,-1,0
65467286,22,21,-1,-1,7
65461922,4,40,-1,-1,5
65455327,31,58,-1,-1,3
65465269,10,26,-1,-1,0
65465918,58,14,-1,-1,0
65466713,56,46,-1,-1,3
65464130,0,38,-1,-1,7
65458594,9,2,-1,-1,6
65464151,50,49,-1,-1,7
65467696,25,37,-1,-1,3
65462680,50,9,-1,-1,4
65466287,27,36,-1,-1,4
65461599,33,3,-1,-1,3
65462776,48,28,-1,-1,4
65466227,49,47,-1,-1,4
65464139,31,24,-1,-1,1
65467107,23,49,-1,-1,0
65465983,51,15,-1,-1,4
65465336,39,2,-1,-1,0
65467321,0,43,-1,-1,6
65459028,40,55,-1,-1,2
65455470,38,51,-1,-1,3
65467022,7,49,-1,-1,4
65467678,47,53,-1,-1,1
65464739,18,44,-1,-1,5
65467723,47,8,-1,-1,5
65467040,50,4,-1,-1,1
65458864,1,58,-1,-1,4
65461169,40,12,-1,-1,3
65465516,46,41,-1,-1,5
65464670,16,2,-1,-1,1
65463662,28,42,-1,-1,7
65453158,48,47,-1,-1,1
65467208,10,40,-1,-1,2
65464820,0,32,-1,-1,1
65466837,8,51,-1,-1,7
65464211,18,1,-1,-1,7
65466639,38,42,-1,-1,1
65465665,2,38,-1,-1,2
65467663,43,38,-1,-1,2
65466062,25,49,-1,-1,2
65454648,22,14,-1,-1,6
65466293,37,28,-1,-1,7
65466028,52,7,-1,-1,3
65466725,27,21,-1,-1,6
65465662,11,3,-1,-1,7
65467114,30,27,-1,-1,1
65465061,47,16,-1,-1,4
65462510,21,0,-1,-1,2
65467476,9,3,-1,-1,1
65466646,47,13,-1,-1,7
65465511,31,48,-1,-1,5
65465578,29,30,-1,-1,4
65465773,11,26,-1,-1,7
65458261,3,35,-1,-1,4
65465864,41,57,-1,-1,2
65465684,18,15,-1,-1,6
65465048,1,39,-1,-1,0
65466069,12,38,-1,-1,6
65467080,18,6,-1,-1,6
65464609,57,21,-1,-1,3
65466558,23,16,-1,-1,6
65456989,37,53,-1,-1,7
65467177,40,41,-1,-1,1
65462114,37,32,-1,-1,1
65467314,20,24,-1,-1,7
65463621,53,53,-1,-1,4
65466610,44,21,-1,-1,7
65462156,41,21,-1,-1,0
65466076,56,54,-1,-1,6
65465774,22,7,-1,-1,0
65466734,11,10,-1,-1,1
65466437,50,32,-1,-1,4
65466836,3,14,-1,-1,1
65465451,33,56,-1,-1,1
65465798,20,14,-1,-1,6
65453027,53,22,-1,-1,6
65467361,23,21,-1,-1,7
65466201,21,26,-1,-1,6
65465639,9,24,-1,-1,2
65466841,36,39,-1,-1,0
65459594,55,8,-1,-1,7
65467382,57,11,-1,-1,2
65467559,15,42,-1,-1,6
65465616,24,1,-1,-1,3
65466579,49,6,-1,-1,3
65456624,38,0,-1,-1,2
65460606,31,8,-1,-1,7
65462633,44,50,-1,-1,3
65461992,26,36,-1,-1,4
65465018,33,55,-1,-1,6
65467626,8,25,-1,-1,1
65464286,13,11,-1,-1,2
65463918,14,35,-1,-1,0
65461731,21,27,-1,-1,2
65464623,3,34,-1,-1,3
65466044,52,19,-1,-1,4
65465764,25,27,-1,-1,1
65466453,53,2,-1,-1,4
65463315,11,16,-1,-1,4
65457632,25,34,-1,-1,5
65448136,16,54,-1,-1,7
65467659,3,41,-1,-1,7
65460178,45,9,-1,-1,4
65465227,25,36,-1,-1,4
65466042,30,11,-1,-1,7
65467592,9,16,-1,-1,7
65463431,25,53,-1,-1,0
65466230,19,42,-1,-1,2
65463704,50,5,-1,-1,5
65457483,20,23,-1,-1,4
65463522,22,31,-1,-1,0
65466246,53,10,-1,-1,6
65464513,51,30,-1,-1,5
65466342,52,51,-1,-1,3
65467302,47,3,-1,-1,3
65466392,0,19,-1,-1,0
65462040,14,6,-1,-1,5
65454770,45,7,-1,-1,1
65467443,33,33,-1,-1,3
65465582,57,23,-1,-1,3
65467703,31,25,-1,-1,1
65464384,25,54,-1,-1,4
65463482,18,36,-1,-1,4
65467419,0,10,-1,-1,7
65465994,54,1,-1,-1,3
65465525,46,17,-1,-1,7
65467582,37,22,-1,-1,1
65466387,31,42,-1,-1,3
65455512,5,54,-1,-1,7
65462107,29,44,-1,-1,2
65455405,55,40,-1,-1,1
65463633,8,43,-1,-1,6
65467588,39,55,-1,-1,2
65465934,26,32,-1,-1,5
65465540,6,25,-1,-1,4
65466568,31,17,-1,-1,0
65465020,32,21,-1,-1,6
65466782,56,50,-1,-1,0
65459950,16,17,-1,-1,2
65466598,4,9,-1,-1,0
65467463,46,33,-1,-1,3
65464373,25,44,-1,-1,2
65462667,43,18,-1,-1,4
65464127,52,26,-1,-1,6
65465534,0,46,-1,-1,0
65467396,42,46,-1,-1,0
65466944,19,16,-1,-1,7
65464899,28,12,-1,-1,7
65461259,27,18,-1,-1,2
65459840,34,26,-1,-1,0
65456141,29,35,-1,-1,7
65466534,58,49,-1,-1,2
65455764,36,56,-1,-1,5
65466215,39,47,-1,-1,3
65464326,11,27,-1,-1,1
65459352,54,29,-1,-1,6
65461818,44,34,-1,-1,1
65467030,13,19,-1,-1,7
65467242,24,46,-1,-1,5
65463866,14,15,-1,-1,6
65459419,51,48,-1,-1,6
65461364,45,16,-1,-1,6
65466923,44,41,-1,-1,2
65463313,28,1,-1,-1,4
65459918,13,7,-1,-1,6
65463323,54,17,-1,-1,0
65464245,21,12,-1,-1,7
65466361,2,51,-1,-1,5
65462125,55,0,-1,-1,2
65467412,51,16,-1,-1,3
65465938,54,28,-1,-1,4
65466722,0,6,-1,-1,7
65466412,25,56,-1,-1,6
65453994,1,12,-1,-1,6
65464538,15,50,-1,-1,1
65467634,18,47,-1,-1,3
65465984,42,8,-1,-1,7
65467402,10,34,-1,-1,4
65456062,27,49,-1,-1,6
65466451,48,15,-1,-1,6
65464011,56,34,-1,-1,5
65464758,47,41,-1,-1,6
65464515,48,31,-1,-1,3
65464170,10,30,-1,-1,6
65462779,1,38,-1,-1,1
65459910,20,16,-1,-1,7
65467391,3,32,-1,-1,7
65463365,11,35,-1,-1,5
65466986,11,12,-1,-1,7
65466786,20,47,-1,-1,0
65465142,10,48,-1,-1,1
65466240,13,36,-1,-1,5
65467306,42,58,-1,-1,5
65466960,25,11,-1,-1,4
65465320,12,30,-1,-1,3
65464184,25,22,-1,-1,6
65458372,8,37,-1,-1,0
65467401,27,19,-1,-1,2
65464803,39,0,-1,-1,3
65466565,29,58,-1,-1,3
65467490,21,50,-1,-1,2
65467182,21,14,-1,-1,1
65461301,27,25,-1,-1,7
65465691,24,6,-1,-1,2
65464720,17,14,-1,-1,7
65467433,1,55,-1,-1,3
65465039,54,45,-1,-1,4
65464340,35,29,-1,-1,3
65467672,56,16,-1,-1,4
65456958,8,26,-1,-1,2
65466694,1,6,-1,-1,6
65464616,12,26,-1,-1,0
65467198,10,16,-1,-1,6
65464267,31,14,-1,-1,6
65466487,58,29,-1,-1,7
65465489,12,14,-1,-1,7
65467460,29,16,-1,-1,6
65463837,33,22,-1,-1,1
65465367,10,15,-1,-1,4
65463101,58,8,-1,-1,4
65464429,46,7,-1,-1,2
65467298,25,30,-1,-1,5
65463308,45,28,-1,-1,1
65465222,51,23,-1,-1,7
65465518,57,46,-1,-1,3
65464206,4,49,-1,-1,3
65465362,52,29,-1,-1,1
65464259,55,30,-1,-1,6
65465543,20,17,-1,-1,1
65462651,44,30,-1,-1,6
65467348,35,56,-1,-1,0
65466726,46,13,-1,-1,5
65467431,27,54,-1,-1,7
65467148,12,45,-1,-1,1
65465290,31,46,-1,-1,1
65466873,27,34,-1,-1,4
65459902,10,4,-1,-1,0
65464688,39,30,-1,-1,3
65467604,40,2,-1,-1,2
65457576,18,7,-1,-1,5
65465935,4,50,-1,-1,3
65466746,8,39,-1,-1,3
65458624,49,44,-1,-1,3
65466973,36,41,-1,-1,3
65459293,42,56,-1,-1,3
65461666,3,23,-1,-1,0
65461204,20,49,-1,-1,2
65467446,53,54,-1,-1,3
65466597,38,39,-1,-1,3
65463701,47,30,-1,-1,4
65466066,58,4,-1,-1,5
65465285,2,6,-1,-1,3
65460393,14,55,-1,-1,2
65466365,17,31,-1,-1,4
65467123,0,45,-1,-1,6
65461352,49,14,-1,-1,7
65464420,52,18,-1,-1,5
65465231,2,19,-1,-1,4
65467351,1,44,-1,-1,4
65466937,42,39,-1,-1,7
65466667,41,30,-1,-1,3
65466819,11,11,-1,-1,1
65459920,32,11,-1,-1,2
65462806,32,16,-1,-1,3
65467581,49,31,-1,-1,7
65460193,37,38,-1,-1,4
65459369,26,49,-1,-1,0
65465091,22,30,-1,-1,6
65466683,54,46,-1,-1,1
65466811,55,19,-1,-1,5
65461414,37,13,-1,-1,0
65467376,52,35,-1,-1,2
65466651,28,13,-1,-1,6
65467189,7,21,-1,-1,1
65462948,49,43,-1,-1,4
65464423,41,20,-1,-1,6
65459753,10,42,-1,-1,1
65465315,14,41,-1,-1,7
65466695,2,46,-1,-1,0
65464225,24,29,-1,-1,3
65466596,52,16,-1,-1,5
65466644,0,49,-1,-1,0
65459153,41,41,-1,-1,1
65467037,38,15,-1,-1,1
65460324,4,35,-1,-1,3
65466951,43,5,-1,-1,7
65465491,22,20,-1,-1,2
65467088,30,49,-1,-1,7
65460209,19,39,-1,-1,2
65462916,58,28,-1,-1,0
65463528,12,43,-1,-1,0
65461523,17,47,-1,-1,5
65450521,15,19,-1,-1,4
65462188,58,53,-1,-1,4
65460197,40,45,-1,-1,0
65463879,37,18,-1,-1,3
65467042,3,39,-1,-1,4
65466366,24,58,-1,-1,2
65464388,16,4,-1,-1,6
65463418,48,52,-1,-1,2
65467371,9,54,-1,-1,6
65460154,23,55,-1,-1,2
65462133,36,25,-1,-1,5
65461016,56,27,-1,-1,6
65462276,45,8,-1,-1,4
65458042,27,17,-1,-1,5
65465161,44,51,-1,-1,2
65467061,50,37,-1,-1,4
65463320,40,56,-1,-1,1
65464365,22,32,-1,-1,4
65465653,16,21,-1,-1,5
65458242,32,5,-1,-1,6
65465464,33,43,-1,-1,0
65463484,16,35,-1,-1,6
65456161,39,8,-1,-1,0
65463886,14,25,-1,-1,4
65465566,36,34,-1,-1,4
65466989,52,40,-1,-1,6
65463965,30,3,-1,-1,5
65465418,20,45,-1,-1,5
65463209,27,28,-1,-1,7
65465656,1,51,-1,-1,6
65467168,45,14,-1,-1,7
65464337,37,51,-1,-1,6
65466901,0,20,-1,-1,2
65464851,44,27,-1,-1,6
65466940,34,55,-1,-1,6
65463134,29,47,-1,-1,2
65467622,45,56,-1,-1,6
65463488,43,44,-1,-1,3
65467344,0,47,-1,-1,1
65463104,3,17,-1,-1,2
65466381,52,54,-1,-1,5
65449896,15,18,-1,-1,6
65467541,21,39,-1,-1,5
65467249,57,38,-1,-1,2
65461037,15,57,-1,-1,2
65467468,23,57,-1,-1,0
65461488,15,51,-1,-1,3
65461480,21,4,-1,-1,2
65465483,16,57,-1,-1,2
65464560,27,47,-1,-1,3
65466422,37,21,-1,-1,3
65464693,47,18,-1,-1,6
65465457,13,53,-1,-1,0
65467181,25,32,-1,-1,1
65464988,21,46,-1,-1,6
65461539,18,24,-1,-1,3
65465814,38,28,-1,-1,5
65466100,6,21,-1,-1,6
65467032,36,46,-1,-1,2
65464372,0,54,-1,-1,3
65467435,51,35,-1,-1,0
65466659,46,58,-1,-1,7
65466486,36,17,-1,-1,2
65464192,31,30,-1,-1,6
65462828,15,39,-1,-1,4
65466979,31,34,-1,-1,5
65467470,51,13,-1,-1,7
65464043,52,49,-1,-1,4
65464617,26,12,-1,-1,6
65464484,31,55,-1,-1,1
65466319,53,42,-1,-1,0
65467580,34,42,-1,-1,6
65465619,45,23,-1,-1,5
65464296,30,1,-1,-1,6
65464084,2,58,-1,-1,4
65465552,31,56,-1,-1,6
65455591,6,18,-1,-1,6
65467141,31,54,-1,-1,3
65467600,17,26,-1,-1,6
65467474,10,57,-1,-1,3
65467469,46,54,-1,-1,4
65461130,53,15,-1,-1,7
65462336,22,42,-1,-1,7
65465551,12,40,-1,-1,3
65467564,48,58,-1,-1,5
65465415,52,33,-1,-1,5
65462685,7,12,-1,-1,3
65466325,3,6,-1,-1,7
65465044,53,25,-1,-1,6
65455121,38,1,-1,-1,3
65466398,34,10,-1,-1,4
65465500,3,10,-1,-1,1
65465350,25,19,-1,-1,5
65467526,39,44,-1,-1,7
65467583,1,17,-1,-1,4
65462840,5,57,-1,-1,0
65467205,26,33,-1,-1,4
65464048,43,51,-1,-1,3
65467576,12,34,-1,-1,5
65466059,19,3,-1,-1,0
65466305,35,34,-1,-1,4
65458426,39,1,-1,-1,5
65465110,12,21,-1,-1,5
65466719,0,9,-1,-1,4
65466729,23,28,-1,-1,3
65467375,28,43,-1,-1,1
65463542,28,39,-1,-1,2
65465670,35,28,-1,-1,3
65464792,56,45,-1,-1,5
65460930,53,18,-1,-1,4
65465722,51,1,-1,-1,7
65466899,23,25,-1,-1,1
65464718,44,6,-1,-1,6
65467098,21,2,-1,-1,2
65467028,27,5,-1,-1,0
65458108,28,10,-1,-1,2
65460282,2,3,-1,-1,4
65463108,4,13,-1,-1,7
65467327,15,38,-1,-1,4
65467528,49,39,-1,-1,2
65465778,24,27,-1,-1,4
65465211,31,52,-1,-1,4
65458355,48,22,-1,-1,5
65466515,5,55,-1,-1,5
65467544,12,57,-1,-1,0
65462834,15,3,-1,-1,7
65456574,6,11,-1,-1,0
65466427,45,53,-1,-1,7
65466915,16,18,-1,-1,2
65466124,47,50,-1,-1,0
65461159,12,18,-1,-1,6
65465065,7,33,-1,-1,1
65459109,3,45,-1,-1,1
65461190,49,52,-1,-1,7
65464016,50,35,-1,-1,6
65465377,56,37,-1,-1,7
65465286,39,38,-1,-1,0
65457217,27,37,-1,-1,7
65465787,29,55,-1,-1,2
65460830,47,46,-1,-1,5
65466268,34,18,-1,-1,7
65464529,14,5,-1,-1,4
65466510,50,6,-1,-1,6
65466676,25,47,-1,-1,4
65467453,18,40,-1,-1,5
65466903,17,43,-1,-1,6
65467207,40,42,-1,-1,0
65463055,42,41,-1,-1,7
65461565,41,47,-1,-1,0
65458135,48,43,-1,-1,0
65466959,57,54,-1,-1,5
65467437,34,5,-1,-1,0
65460351,45,13,-1,-1,5
65464451,18,45,-1,-1,0
65463001,23,24,-1,-1,4
65453644,37,8,-1,-1,7
65466551,49,25,-1,-1,0
65465887,14,58,-1,-1,7
65452701,34,50,-1,-1,1
65467075,15,58,-1,-1,0
65458757,9,42,-1,-1,5
65461161,16,38,-1,-1,0
65463801,20,42,-1,-1,3
65465423,31,45,-1,-1,0
65465730,29,15,-1,-1,5
65466125,42,27,-1,-1,4
65465933,54,40,-1,-1,1
65463850,58,13,-1,-1,7
65464548,11,34,-1,-1,7
65465894,23,43,-1,-1,5
65465967,52,22,-1,-1,3
65461662,7,40,-1,-1,7
65465946,42,44,-1,-1,5
65460904,48,4,-1,-1,7
65467385,55,1,-1,-1,3
65463831,34,19,-1,-1,6
65457370,44,29,-1,-1,3
65466736,53,5,-1,-1,0
65465842,48,13,-1,-1,7
65465301,22,3,-1,-1,3
65458558,52,36,-1,-1,5
65467447,34,46,-1,-1,5
65459666,19,7,-1,-1,6
65467113,2,45,-1,-1,2
65467092,38,49,-1,-1,5
65463915,53,16,-1,-1,4
65464034,44,4,-1,-1,2
65463577,14,54,-1,-1,2
65462460,0,55,-1,-1,2
65465623,57,56,-1,-1,6
65464601,48,32,-1,-1,0
65467405,15,11,-1,-1,5
65463416,16,42,-1,-1,3
65466846,43,13,-1,-1,1
65467105,28,23,-1,-1,2
65464469,48,42,-1,-1,1
65465197,54,55,-1,-1,4
65466452,5,34,-1,-1,6
65466905,47,10,-1,-1,0
65467083,46,27,-1,-1,7
65460367,21,9,-1,-1,4
65453870,0,5,-1,-1,3
65465287,3,20,-1,-1,1
65458464,42,32,-1,-1,4
65456152,26,8,-1,-1,6
65461624,55,39,-1,-1,5
65451579,29,32,-1,-1,6
65467482,40,48,-1,-1,3
65466720,2,11,-1,-1,2
65465115,24,15,-1,-1,6
65466934,45,54,-1,-1,7
65461897,1,53,-1,-1,6
65462941,12,41,-1,-1,4
65465797,47,35,-1,-1,4
65461106,57,26,-1,-1,2
65466389,41,28,-1,-1,0
65466395,40,22,-1,-1,2
65461118,8,19,-1,-1,5
65467305,1,24,-1,-1,6
65466518,56,58,-1,-1,2
65459437,0,57,-1,-1,0
65466362,31,22,-1,-1,3
65446742,1,28,-1,-1,3
65463278,21,30,-1,-1,5
65462925,47,0,-1,-1,6
65465919,24,35,-1,-1,7
65462325,50,23,-1,-1,7
65454872,45,31,-1,-1,2
65464799,15,9,-1,-1,0
65467632,37,0,-1,-1,5
65467516,19,52,-1,-1,3
65466642,55,43,-1,-1,3
65465546,32,35,-1,-1,2
65466935,10,29,-1,-1,1
65467026,55,24,-1,-1,2
65462431,3,1,-1,-1,3
65467062,17,35,-1,-1,5
65465772,56,3,-1,-1,7
65461658,55,38,-1,-1,2
65464140,21,41,-1,-1,2
65465202,43,12,-1,-1,3
65466369,46,15,-1,-1,2
65466374,32,40,-1,-1,7
65461358,55,34,-1,-1,3
65464919,43,53,-1,-1,2
65465267,24,45,-1,-1,0
65460820,44,20,-1,-1,6
65461546,13,15,-1,-1,2
65464894,9,6,-1,-1,3
65464790,15,14,-1,-1,0
65463697,57,13,-1,-1,7
65459796,28,22,-1,-1,0
65462444,31,16,-1,-1,4
65464769,6,35,-1,-1,3
65466578,34,21,-1,-1,6
65467533,34,56,-1,-1,6
65466266,45,17,-1,-1,4
65467398,37,2,-1,-1,3
65466972,16,45,-1,-1,2
65463241,56,25,-1,-1,0
65467571,42,12,-1,-1,1
65465862,6,53,-1,-1,7
65466072,18,26,-1,-1,2
65466555,43,29,-1,-1,3
65457715,5,47,-1,-1,4
65464087,27,1,-1,-1,5
65466612,3,37,-1,-1,4
65467399,42,28,-1,-1,4
65467240,22,9,-1,-1,6
65466219,29,5,-1,-1,7
65464418,44,23,-1,-1,6
65463248,36,1,-1,-1,7
65464182,52,10,-1,-1,0
65458259,8,21,-1,-1,6
65464082,40,23,-1,-1,2
65465460,17,42,-1,-1,0
65457326,27,38,-1,-1,3
65467273,19,9,-1,-1,7
65466277,23,23,-1,-1,1
65467701,39,43,-1,-1,3
65466171,5,18,-1,-1,3
65466196,42,34,-1,-1,4
65463858,3,28,-1,-1,3
65463779,48,9,-1,-1,0
65465156,48,14,-1,-1,3
65463413,23,44,-1,-1,7
65466893,35,6,-1,-1,0
65462759,17,52,-1,-1,0
65465293,28,15,-1,-1,1
65461971,56,29,-1,-1,7
65460517,29,17,-1,-1,4
65466300,26,45,-1,-1,7
65464653,19,15,-1,-1,7
65467472,45,32,-1,-1,6
65467510,35,32,-1,-1,6
65464347,57,6,-1,-1,7
65463999,58,18,-1,-1,5
65466188,0,22,-1,-1,7
65464611,51,14,-1,-1,5
65466535,1,42,-1,-1,0
65461249,18,20,-1,-1,3
65467166,44,28,-1,-1,7
65465430,23,37,-1,-1,1
65464412,7,30,-1,-1,3
65465476,51,44,-1,-1,6
65461052,18,41,-1,-1,4
65459976,5,48,-1,-1,3
65454639,41,24,-1,-1,5
65464273,24,16,-1,-1,1
65462453,11,19,-1,-1,6
65467050,54,20,-1,-1,7
65466048,52,20,-1,-1,3
65467609,40,38,-1,-1,6
65466685,57,49,-1,-1,4
65453974,35,8,-1,-1,5
65467146,24,54,-1,-1,6
65466987,50,53,-1,-1,1
65463093,11,8,-1,-1,4
65466876,17,19,-1,-1,7
65458806,24,36,-1,-1,3
65465157,58,22,-1,-1,2
65461722,33,40,-1,-1,3
65463375,38,21,-1,-1,6
65463550,48,50,-1,-1,7
65464778,27,22,-1,-1,7
65466721,1,49,-1,-1,2
65463185,42,14,-1,-1,4
65466143,7,57,-1,-1,6
65464401,45,1,-1,-1,4
65463130,47,43,-1,-1,4
65466104,30,14,-1,-1,7
65462059,8,22,-1,-1,4
65467706,31,36,-1,-1,1
65459031,39,36,-1,-1,5
65464522,10,13,-1,-1,4
65460981,40,35,-1,-1,5
65464199,39,4,-1,-1,4
65464991,57,32,-1,-1,7
65462259,12,54,-1,-1,6
65464759,42,37,-1,-1,5
65460468,44,53,-1,-1,3
65466299,32,6,-1,-1,4
65465179,46,28,-1,-1,6
65463361,30,42,-1,-1,7
65461400,43,17,-1,-1,2
65467318,19,40,-1,-1,5
65462164,32,37,-1,-1,7
65464497,8,58,-1,-1,5
65467185,26,35,-1,-1,6
65460562,55,21,-1,-1,5
65466134,39,21,-1,-1,0
65466312,2,23,-1,-1,3
65467521,9,25,-1,-1,3
65466820,21,18,-1,-1,3
65465952,12,0,-1,-1,5
65463047,37,26,-1,-1,3
65464041,39,48,-1,-1,7
65466602,39,31,-1,-1,6
65463344,34,41,-1,-1,6
65465779,56,10,-1,-1,5
65465378,48,12,-1,-1,7
65466868,32,20,-1,-1,6
65460397,22,40,-1,-1,3
65451342,26,17,-1,-1,1
65467303,16,3,-1,-1,6
65464091,7,23,-1,-1,1
65458123,32,23,-1,-1,2
65467411,39,10,-1,-1,5
65466649,35,13,-1,-1,6
65462626,28,7,-1,-1,5
65467650,15,7,-1,-1,0
65466223,32,46,-1,-1,2
65466714,50,36,-1,-1,1
65461862,30,43,-1,-1,4
65466703,55,16,-1,-1,1
65465964,55,29,-1,-1,6
65460938,35,36,-1,-1,6
65465712,53,38,-1,-1,0
65466029,39,32,-1,-1,3
65464875,15,10,-1,-1,4
65461899,31,39,-1,-1,0
65467066,36,20,-1,-1,2
65466426,23,32,-1,-1,5
65466273,10,31,-1,-1,3
65466611,2,52,-1,-1,1
65467073,56,26,-1,-1,5
65461468,54,23,-1,-1,7
65466092,22,24,-1,-1,1
65461195,39,29,-1,-1,5
65467481,36,10,-1,-1,6
65461757,2,17,-1,-1,2
65464220,14,9,-1,-1,6
65464088,21,7,-1,-1,5
65465882,25,17,-1,-1,6
65462416,14,33,-1,-1,0
65467513,50,43,-1,-1,6
65464253,42,36,-1,-1,2
65459837,20,2,-1,-1,6
65467479,16,44,-1,-1,7
65465900,20,38,-1,-1,3
65466645,1,47,-1,-1,4
65467096,46,42,-1,-1,2
65466149,20,25,-1,-1,3
65467637,12,33,-1,-1,6
65466688,1,43,-1,-1,7
65466600,32,14,-1,-1,3
65458676,35,23,-1,-1,6
65466485,24,20,-1,-1,3
65466752,58,36,-1,-1,7
65458748,43,9,-1,-1,7
65467450,15,44,-1,-1,5
65465433,51,53,-1,-1,6
65467342,41,11,-1,-1,5
65466024,6,50,-1,-1,0
65464765,34,14,-1,-1,3
65465159,0,0,-1,-1,2
65466023,41,12,-1,-1,1
65463227,56,39,-1,-1,2
65466263,56,1,-1,-1,7
65465420,51,33,-1,-1,3
65467464,10,12,-1,-1,5
65464817,55,17,-1,-1,5
65467143,30,48,-1,-1,7
65464881,42,54,-1,-1,5
65464554,25,21,-1,-1,1
65466771,43,4,-1,-1,7
65465995,27,33,-1,-1,0
65465199,16,36,-1,-1,3
65465771,16,41,-1,-1,4
65465960,8,44,-1,-1,2
65467044,15,12,-1,-1,4
65467316,53,46,-1,-1,1
65465955,36,35,-1,-1,7
65466221,17,16,-1,-1,4
65464552,58,30,-1,-1,3
65467296,24,14,-1,-1,4
65464480,52,30,-1,-1,3
65467087,39,16,-1,-1,7
65466338,56,23,-1,-1,7
65466999,18,19,-1,-1,0
65467162,56,8,-1,-1,3
65466739,26,50,-1,-1,5
65465448,41,5,-1,-1,7
65465514,18,37,-1,-1,3
65464147,5,5,-1,-1,4
65466281,37,49,-1,-1,2
65460931,24,19,-1,-1,5
65466777,17,3,-1,-1,6
65467623,21,45,-1,-1,6
65464141,0,16,-1,-1,2
65466509,11,7,-1,-1,2
65465998,10,24,-1,-1,1
65466530,19,38,-1,-1,5
65464768,26,34,-1,-1,5
65464027,31,6,-1,-1,7
65461615,32,44,-1,-1,2
65465806,22,23,-1,-1,4
65465385,10,23,-1,-1,4
65466241,34,53,-1,-1,0
65462030,7,17,-1,-1,2
65445248,8,56,-1,-1,2
65465754,28,26,-1,-1,1
65461951,58,21,-1,-1,3
65465529,35,41,-1,-1,0
65466087,33,57,-1,-1,5
65467610,49,9,-1,-1,4
65465429,31,11,-1,-1,4
65467501,2,57,-1,-1,3
65464452,28,56,-1,-1,5
65466816,56,13,-1,-1,7
65466038,52,56,-1,-1,3
65462645,42,3,-1,-1,0
65435065,24,2,-1,-1,4
65465403,45,33,-1,-1,4
65457769,28,27,-1,-1,0
65453085,5,21,-1,-1,7
65461711,31,19,-1,-1,2
65466522,38,58,-1,-1,0
65457302,46,19,-1,-1,0
65462610,5,25,-1,-1,7
65462400,21,21,-1,-1,3
65466918,42,53,-1,-1,1
65464508,6,47,-1,-1,0
65466112,26,2,-1,-1,7
65467661,23,13,-1,-1,7
65466359,7,48,-1,-1,3
65467667,5,43,-1,-1,7
65466848,13,41,-1,-1,4
65467586,15,40,-1,-1,7
65462658,17,40,-1,-1,1
65461659,47,45,-1,-1,1
65465943,54,9,-1,-1,4
65464320,3,12,-1,-1,0
65466225,11,21,-1,-1,7
65463782,19,14,-1,-1,3
65464422,33,58,-1,-1,1
65465571,2,41,-1,-1,0
65464719,22,38,-1,-1,2
65463739,47,6,-1,-1,7
65466454,54,49,-1,-1,1
65461827,47,32,-1,-1,2
65465859,54,33,-1,-1,3
65461988,43,55,-1,-1,3
65465025,46,53,-1,-1,4
65466625,52,32,-1,-1,2
65464033,20,13,-1,-1,6
65463155,58,40,-1,-1,4
65467060,24,50,-1,-1,7
65466864,44,22,-1,-1,1
65456659,34,51,-1,-1,0
65461307,56,28,-1,-1,3
65461054,25,31,-1,-1,7
65465834,40,9,-1,-1,4
65463982,56,51,-1,-1,5
65466609,2,4,-1,-1,5
65460972,0,42,-1,-1,0
65462570,17,38,-1,-1,7
65465365,53,47,-1,-1,7
65465908,46,51,-1,-1,0
65458053,53,36,-1,-1,5
65464994,23,10,-1,-1,0
65459388,50,33,-1,-1,5
65466036,30,47,-1,-1,4
65463920,4,51,-1,-1,3
65464557,22,39,-1,-1,5
65449941,4,37,-1,-1,0
65467439,42,25,-1,-1,5
65467175,46,4,-1,-1,3
65466190,56,53,-1,-1,7
65465341,12,17,-1,-1,6
65467048,45,2,-1,-1,7
65466458,20,8,-1,-1,4
65450116,55,46,-1,-1,2
65465379,7,44,-1,-1,6
65464856,45,21,-1,-1,4
65464966,40,13,-1,-1,5
65463716,27,32,-1,-1,2
65466744,18,22,-1,-1,7
65467226,27,35,-1,-1,1
65466197,44,43,-1,-1,5
65465283,43,37,-1,-1,3
65466065,8,52,-1,-1,1
65466438,53,29,-1,-1,5
65453313,27,26,-1,-1,2
65462499,58,38,-1,-1,4
65465438,7,14,-1,-1,3
65466656,3,5,-1,-1,3
65463044,53,49,-1,-1,0
65465043,32,42,-1,-1,7
65459310,44,24,-1,-1,7
65467005,16,31,-1,-1,1
65460217,34,28,-1,-1,5
65465520,50,10,-1,-1,1
65460455,39,23,-1,-1,5
65466760,8,38,-1,-1,6
65465260,47,20,-1,-1,6
65467130,11,49,-1,-1,1
65467710,55,42,-1,-1,7
65466620,17,39,-1,-1,4
65466462,0,4,-1,-1,4
65466297,49,32,-1,-1,1
65466430,10,53,-1,-1,0
65461703,29,1,-1,-1,4
65465563,23,51,-1,-1,2
65466872,4,23,-1,-1,1
65462833,53,45,-1,-1,3
65467387,44,12,-1,-1,6
65467259,5,14,-1,-1,7
65465376,4,19,-1,-1,2
65459815,8,23,-1,-1,5
65464849,43,20,-1,-1,7
65465474,13,58,-1,-1,5
65464779,9,40,-1,-1,1
65465138,8,14,-1,-1,5
65466341,27,2,-1,-1,2
65467145,48,0,-1,-1,7
65463615,32,56,-1,-1,1
65466977,35,38,-1,-1,0
65464293,38,22,-1,-1,5
65466902,5,4,-1,-1,5
65466562,33,44,-1,-1,6
65467214,58,3,-1,-1,2
65465858,55,53,-1,-1,2
65460599,17,0,-1,-1,0
65463234,21,16,-1,-1,5
65465531,28,55,-1,-1,3
65451479,39,24,-1,-1,5
65466313,23,18,-1,-1,1
65467010,10,19,-1,-1,3
65464559,24,43,-1,-1,0
65465784,16,9,-1,-1,1
65459039,23,8,-1,-1,3
65465753,28,36,-1,-1,0
65465440,13,38,-1,-1,4
65463232,35,16,-1,-1,5
65454451,18,0,-1,-1,3
65467210,35,14,-1,-1,5
65460908,39,15,-1,-1,3
65467319,52,34,-1,-1,7
65467397,30,57,-1,-1,2
65461916,10,5,-1,-1,6
65465811,21,19,-1,-1,0
65467451,28,5,-1,-1,3
65465079,40,0,-1,-1,0
65466354,55,15,-1,-1,7
65467129,5,26,-1,-1,0
65465951,49,33,-1,-1,4
65460088,52,9,-1,-1,5
65467548,32,22,-1,-1,5
65465856,56,52,-1,-1,0
65457045,1,40,-1,-1,1
65461798,54,50,-1,-1,5
65467603,49,23,-1,-1,0
65466343,33,25,-1,-1,6
65465761,40,51,-1,-1,4
65467297,6,30,-1,-1,0
65466370,29,38,-1,-1,2
65464333,48,18,-1,-1,3
65465139,0,11,-1,-1,3
65467380,0,7,-1,-1,5
65466847,34,24,-1,-1,1
65464773,4,5,-1,-1,0
65462811,40,58,-1,-1,2
65467714,37,30,-1,-1,0
65464249,9,41,-1,-1,5
65456999,12,55,-1,-1,7
65463197,8,0,-1,-1,0
65464622,25,52,-1,-1,6
65463543,51,31,-1,-1,2
65466330,51,57,-1,-1,6
65467290,28,40,-1,-1,6
65465410,22,27,-1,-1,0
65465322,16,39,-1,-1,6
65465031,1,50,-1,-1,6
65467239,35,39,-1,-1,6
65465096,27,53,-1,-1,6
65467459,13,5,-1,-1,7
65463576,19,2,-1,-1,3
65464445,11,54,-1,-1,2
65467260,15,31,-1,-1,0
65459506,4,15,-1,-1,7
65465133,34,34,-1,-1,7
65465744,13,34,-1,-1,4
65465812,34,20,-1,-1,7
65463150,13,23,-1,-1,2
65462449,22,10,-1,-1,6
65467051,41,14,-1,-1,3
65466350,19,10,-1,-1,3
65463427,32,31,-1,-1,6
65466249,30,25,-1,-1,1
65462924,45,25,-1,-1,3
65466314,1,36,-1,-1,0
65466279,50,26,-1,-1,3
65463966,42,19,-1,-1,0
65465371,5,40,-1,-1,6
65457699,44,48,-1,-1,0
65467617,46,32,-1,-1,0
65467493,32,10,-1,-1,5
65463412,23,46,-1,-1,5
65463832,46,9,-1,-1,3
65465845,3,9,-1,-1,7
65463178,45,58,-1,-1,6
65467529,32,49,-1,-1,1
65467410,51,36,-1,-1,5
65465111,22,13,-1,-1,2
65466552,55,9,-1,-1,0
65465986,40,46,-1,-1,3
65467570,1,57,-1,-1,4
65467538,35,3,-1,-1,6
65466955,10,45,-1,-1,4
65453968,58,9,-1,-1,2
65450333,29,49,-1,-1,6
65466737,19,44,-1,-1,6
65458497,36,2,-1,-1,2
65467156,58,27,-1,-1,0
65465086,4,28,-1,-1,0
65466490,53,48,-1,-1,1
65466473,57,40,-1,-1,1
65466823,26,13,-1,-1,0
65463740,3,31,-1,-1,3
65466605,4,0,-1,-1,5
65467140,17,30,-1,-1,2
65466796,52,13,-1,-1,5
65467033,37,23,-1,-1,6
65464315,31,50,-1,-1,1
65458000,48,57,-1,-1,3
65463936,34,11,-1,-1,2
65467441,4,17,-1,-1,1
65467486,41,9,-1,-1,3
65460138,53,39,-1,-1,6
65466592,2,33,-1,-1,2
65466764,14,21,-1,-1,2
65460356,51,40,-1,-1,5
65464715,10,6,-1,-1,5
65466132,20,32,-1,-1,7
65463146,14,43,-1,-1,6
65463266,14,12,-1,-1,0
65467293,43,10,-1,-1,6
65464212,55,5,-1,-1,7
65464449,58,41,-1,-1,7
65463564,48,35,-1,-1,0
65462199,28,8,-1,-1,1
65466939,5,0,-1,-1,7
65464150,1,14,-1,-1,7
65461538,6,51,-1,-1,2
65463208,13,40,-1,-1,7
65462622,27,42,-1,-1,7
65465716,43,56,-1,-1,4
65466577,34,31,-1,-1,1
65464887,27,43,-1,-1,6
65461661,56,35,-1,-1,2
65465360,56,55,-1,-1,5
65465419,11,57,-1,-1,1
65465219,41,10,-1,-1,4
65461780,13,9,-1,-1,0
65459201,42,43,-1,-1,2
65467520,17,27,-1,-1,4
65467724,6,7,-1,-1,5
