# org_id,org_cellx,org_celly,org_forage_target,org_group_id,org_facing
6814542,30,17,-1,-1,1
6815440,36,37,-1,-1,0
6813573,35,53,-1,-1,3
6814157,43,18,-1,-1,0
6815628,44,57,-1,-1,1
6815992,58,28,-1,-1,0
6815827,23,40,-1,-1,5
6813800,51,1,-1,-1,6
6815709,46,22,-1,-1,0
6801942,58,18,-1,-1,0
6815498,29,53,-1,-1,4
6814932,33,23,-1,-1,2
6812328,56,46,-1,-1,6
6815561,17,16,-1,-1,6
6815072,35,27,-1,-1,0
6815412,38,0,-1,-1,6
6809640,34,2,-1,-1,1
6816002,42,23,-1,-1,4
6810756,46,23,-1,-1,7
6807434,37,52,-1,-1,0
6814375,11,17,-1,-1,3
6812919,34,7,-1,-1,3
6815681,50,43,-1,-1,7
6815716,9,18,-1,-1,7
6813650,55,3,-1,-1,2
6810582,18,14,-1,-1,6
6811836,43,24,-1,-1,3
6814106,5,3,-1,-1,5
6813098,46,16,-1,-1,0
6811680,48,30,-1,-1,5
6815361,7,6,-1,-1,3
6812641,53,20,-1,-1,4
6815538,14,51,-1,-1,1
6815009,56,13,-1,-1,4
6815075,13,26,-1,-1,6
6814558,36,15,-1,-1,1
6806862,45,32,-1,-1,5
6809487,55,29,-1,-1,4
6810903,4,10,-1,-1,3
6807175,22,58,-1,-1,2
6814854,3,48,-1,-1,3
6808764,0,38,-1,-1,3
6808234,2,56,-1,-1,6
6816004,9,35,-1,-1,5
6815988,38,12,-1,-1,3
6813808,31,26,-1,-1,1
6814598,40,16,-1,-1,4
6815582,20,3,-1,-1,0
6811176,19,56,-1,-1,0
6812412,26,28,-1,-1,6
6814961,44,39,-1,-1,3
6810351,58,26,-1,-1,6
6815436,42,31,-1,-1,4
6815912,37,17,-1,-1,3
6815083,13,55,-1,-1,4
6812221,50,46,-1,-1,2
6812710,32,46,-1,-1,1
6815463,25,50,-1,-1,5
6815241,47,20,-1,-1,5
6815864,55,12,-1,-1,2
6811794,43,10,-1,-1,6
6808618,11,48,-1,-1,1
6814679,49,39,-1,-1,3
6812789,11,15,-1,-1,6
6803829,45,9,-1,-1,4
6815441,8,1,-1,-1,1
6813378,52,57,-1,-1,7
6811508,51,49,-1,-1,4
6815779,17,9,-1,-1,7
6812777,55,14,-1,-1,1
6814414,27,25,-1,-1,7
6813239,23,37,-1,-1,7
6810880,36,18,-1,-1,6
6804807,53,38,-1,-1,5
6812814,21,34,-1,-1,1
6815880,21,29,-1,-1,1
6815129,22,11,-1,-1,5
6814841,15,56,-1,-1,4
6815573,36,42,-1,-1,2
6815144,48,23,-1,-1,7
6814931,7,7,-1,-1,3
6805216,53,54,-1,-1,6
6814434,18,29,-1,-1,2
6811419,55,9,-1,-1,1
6811535,40,46,-1,-1,7
6810161,34,26,-1,-1,5
6814105,18,55,-1,-1,7
6811874,1,47,-1,-1,5
6814232,58,30,-1,-1,7
6811787,35,21,-1,-1,0
6809670,25,17,-1,-1,5
6814096,1,51,-1,-1,5
6814983,41,11,-1,-1,5
6813627,38,9,-1,-1,6
6814979,52,28,-1,-1,0
6814561,35,54,-1,-1,1
6812306,48,25,-1,-1,1
6812625,11,10,-1,-1,2
6814199,7,10,-1,-1,3
6809169,22,52,-1,-1,3
6810341,9,12,-1,-1,6
6807060,41,33,-1,-1,6
6814170,57,27,-1,-1,3
6812343,18,9,-1,-1,5
6811769,13,41,-1,-1,4
6815126,12,9,-1,-1,6
6810858,16,13,-1,-1,1
6813076,10,38,-1,-1,3
6815925,30,31,-1,-1,6
6809503,25,38,-1,-1,2
6810379,49,57,-1,-1,1
6814184,33,46,-1,-1,7
6813414,32,15,-1,-1,1
6812737,22,15,-1,-1,2
6813532,9,53,-1,-1,5
6815174,41,23,-1,-1,0
6814099,42,44,-1,-1,0
6815211,34,51,-1,-1,4
6811696,51,39,-1,-1,2
6815590,6,8,-1,-1,3
6815116,45,40,-1,-1,1
6813777,7,4,-1,-1,4
6808629,36,13,-1,-1,5
6815723,1,28,-1,-1,7
6815313,3,23,-1,-1,2
6815099,34,31,-1,-1,1
6814763,8,34,-1,-1,7
6814127,27,51,-1,-1,0
6805080,0,14,-1,-1,0
6808945,33,40,-1,-1,4
6809942,44,35,-1,-1,4
6814559,11,27,-1,-1,0
6815120,36,38,-1,-1,4
6809069,52,53,-1,-1,7
6815450,34,12,-1,-1,5
6814209,49,44,-1,-1,1
6808526,25,8,-1,-1,3
6806175,40,1,-1,-1,0
6812556,32,2,-1,-1,0
6815679,25,2,-1,-1,6
6815262,16,3,-1,-1,7
6815766,57,31,-1,-1,3
6807290,42,1,-1,-1,7
6814397,18,37,-1,-1,6
6815935,42,25,-1,-1,5
6814319,15,49,-1,-1,5
6815002,25,46,-1,-1,4
6815891,7,18,-1,-1,2
6813567,57,56,-1,-1,3
6809311,27,2,-1,-1,3
6807444,45,55,-1,-1,5
6810174,49,23,-1,-1,6
6815096,19,5,-1,-1,3
6810199,46,58,-1,-1,1
6814682,41,54,-1,-1,0
6815846,28,44,-1,-1,3
6809699,41,41,-1,-1,1
6812284,37,35,-1,-1,0
6807392,35,52,-1,-1,5
6815742,15,10,-1,-1,6
6815360,25,44,-1,-1,1
6814720,3,34,-1,-1,7
6804621,1,50,-1,-1,7
6815263,34,38,-1,-1,6
6814572,48,46,-1,-1,7
6815007,5,17,-1,-1,5
6812768,54,21,-1,-1,4
6813093,17,7,-1,-1,0
6815509,50,49,-1,-1,5
6810264,58,9,-1,-1,4
6814348,45,43,-1,-1,7
6814524,49,18,-1,-1,0
6814637,30,48,-1,-1,2
6815435,5,9,-1,-1,3
6814636,57,38,-1,-1,1
6812049,2,22,-1,-1,4
6806113,41,46,-1,-1,3
6813647,18,47,-1,-1,1
6815963,31,32,-1,-1,5
6815802,36,1,-1,-1,0
6811763,33,14,-1,-1,5
6807478,54,58,-1,-1,0
6810449,56,14,-1,-1,2
6814024,20,31,-1,-1,0
6810069,30,41,-1,-1,6
6814985,45,46,-1,-1,7
6813605,18,26,-1,-1,5
6815923,40,0,-1,-1,2
6815133,17,10,-1,-1,1
6799426,48,54,-1,-1,6
6808156,24,45,-1,-1,7
6808742,7,36,-1,-1,4
6813088,44,38,-1,-1,3
6814004,48,29,-1,-1,3
6815552,56,37,-1,-1,5
6811912,12,40,-1,-1,4
6810872,18,7,-1,-1,1
6809642,57,17,-1,-1,2
6809484,7,33,-1,-1,3
6813960,57,26,-1,-1,3
6815300,18,24,-1,-1,7
6815186,38,27,-1,-1,7
6814842,39,11,-1,-1,6
6811346,18,20,-1,-1,1
6811922,33,39,-1,-1,1
6815975,0,46,-1,-1,4
6809783,12,53,-1,-1,6
6811945,46,28,-1,-1,1
6802166,8,5,-1,-1,4
6815551,20,9,-1,-1,6
6812295,49,52,-1,-1,1
6814082,39,27,-1,-1,0
6814801,19,57,-1,-1,1
6805242,52,19,-1,-1,3
6812220,53,14,-1,-1,3
6814355,15,24,-1,-1,0
6811621,18,17,-1,-1,3
6813118,46,43,-1,-1,3
6810324,7,12,-1,-1,1
6814479,19,50,-1,-1,4
6805028,2,20,-1,-1,1
6812109,21,40,-1,-1,2
6813892,3,6,-1,-1,7
6814251,35,57,-1,-1,2
6807936,32,51,-1,-1,3
6811428,37,8,-1,-1,4
6811679,22,7,-1,-1,5
6814755,54,57,-1,-1,4
6814981,51,53,-1,-1,7
6815202,40,58,-1,-1,6
6812786,44,41,-1,-1,3
6810499,51,25,-1,-1,7
6812079,49,47,-1,-1,1
6815439,19,29,-1,-1,5
6815518,55,45,-1,-1,5
6815317,57,14,-1,-1,2
6807762,58,37,-1,-1,0
6815529,34,52,-1,-1,1
6816006,10,10,-1,-1,3
6815343,57,57,-1,-1,7
6815156,6,43,-1,-1,1
6809011,4,49,-1,-1,1
6815601,1,13,-1,-1,7
6811822,44,27,-1,-1,0
6811798,48,38,-1,-1,7
6812517,13,48,-1,-1,2
6810019,35,17,-1,-1,1
6814676,24,48,-1,-1,0
6801260,24,58,-1,-1,0
6811411,3,50,-1,-1,1
6810375,17,46,-1,-1,6
6813084,33,37,-1,-1,6
6813169,22,51,-1,-1,2
6811281,26,24,-1,-1,1
6815548,39,34,-1,-1,3
6814341,45,44,-1,-1,0
6812473,8,13,-1,-1,2
6812621,28,26,-1,-1,4
6813470,47,38,-1,-1,7
6809982,43,20,-1,-1,2
6815743,32,29,-1,-1,1
6815807,29,18,-1,-1,7
6815254,15,57,-1,-1,1
6809334,15,1,-1,-1,2
6815602,16,36,-1,-1,6
6812403,49,50,-1,-1,5
6814153,13,43,-1,-1,5
6814858,35,33,-1,-1,3
6814946,26,20,-1,-1,7
6810848,49,41,-1,-1,7
6814469,19,40,-1,-1,6
6813267,0,17,-1,-1,4
6815510,55,44,-1,-1,6
6809052,51,37,-1,-1,4
6812543,43,39,-1,-1,5
6810166,2,2,-1,-1,6
6814155,36,43,-1,-1,7
6808900,3,1,-1,-1,4
6812620,31,24,-1,-1,0
6814538,47,25,-1,-1,4
6803836,43,49,-1,-1,3
6815639,15,51,-1,-1,2
6810716,53,11,-1,-1,2
6805438,4,41,-1,-1,2
6813742,54,3,-1,-1,5
6815160,49,40,-1,-1,7
6815572,35,5,-1,-1,7
6812261,4,13,-1,-1,7
6810936,49,46,-1,-1,5
6812486,17,24,-1,-1,1
6813411,12,48,-1,-1,0
6815640,47,45,-1,-1,0
6810240,30,45,-1,-1,3
6815301,49,2,-1,-1,5
6814581,27,40,-1,-1,0
6815544,17,53,-1,-1,6
6814683,45,7,-1,-1,7
6813662,13,12,-1,-1,6
6815019,14,0,-1,-1,6
6815875,14,42,-1,-1,1
6803158,37,12,-1,-1,4
6814278,29,26,-1,-1,7
6811422,17,1,-1,-1,2
6796874,55,56,-1,-1,5
6812791,39,16,-1,-1,0
6816026,25,37,-1,-1,5
6813257,13,37,-1,-1,1
6814993,45,22,-1,-1,6
6815433,38,25,-1,-1,0
6815932,17,47,-1,-1,5
6809998,2,14,-1,-1,3
6811652,23,21,-1,-1,7
6814978,48,4,-1,-1,6
6814231,42,49,-1,-1,5
6814311,32,3,-1,-1,5
6813268,2,3,-1,-1,2
6815187,1,33,-1,-1,7
6810459,18,8,-1,-1,6
6811572,48,28,-1,-1,0
6814028,30,9,-1,-1,5
6813799,4,35,-1,-1,4
6814359,43,58,-1,-1,0
6812297,30,49,-1,-1,7
6809479,4,57,-1,-1,4
6813503,16,21,-1,-1,0
6814924,32,52,-1,-1,5
6797522,2,40,-1,-1,4
6814529,6,6,-1,-1,0
6814354,36,23,-1,-1,2
6815840,11,52,-1,-1,5
6811633,1,17,-1,-1,1
6815977,16,20,-1,-1,1
6813288,26,35,-1,-1,7
6813648,33,44,-1,-1,7
6812971,11,8,-1,-1,5
6812088,50,18,-1,-1,6
6809559,49,35,-1,-1,1
6811895,56,18,-1,-1,4
6813542,38,18,-1,-1,4
6802688,51,15,-1,-1,5
6814332,58,17,-1,-1,6
6814805,35,55,-1,-1,5
6814030,27,3,-1,-1,4
6810955,24,19,-1,-1,5
6813222,40,7,-1,-1,2
6805943,58,55,-1,-1,4
6815581,30,30,-1,-1,3
6798521,3,21,-1,-1,0
6814713,15,13,-1,-1,4
6815638,28,47,-1,-1,4
6811911,52,23,-1,-1,5
6815097,54,41,-1,-1,3
6800299,46,50,-1,-1,6
6810900,42,16,-1,-1,1
6814563,9,26,-1,-1,7
6808015,0,52,-1,-1,2
6814844,37,33,-1,-1,4
6811159,27,9,-1,-1,3
6815225,17,39,-1,-1,5
6811185,4,30,-1,-1,5
6814116,15,58,-1,-1,6
6814967,33,53,-1,-1,6
6812541,37,11,-1,-1,7
6815838,54,36,-1,-1,0
6807810,0,29,-1,-1,4
6815309,13,32,-1,-1,2
6815626,17,29,-1,-1,4
6813545,48,32,-1,-1,2
6815578,28,1,-1,-1,5
6815476,40,37,-1,-1,7
6814829,16,7,-1,-1,0
6809981,36,46,-1,-1,3
6814899,55,16,-1,-1,5
6815094,22,1,-1,-1,1
6813448,2,13,-1,-1,0
6798224,9,54,-1,-1,7
6813737,28,14,-1,-1,2
6808850,4,6,-1,-1,1
6812536,54,48,-1,-1,6
6815226,22,36,-1,-1,4
6815630,30,28,-1,-1,3
6802117,49,51,-1,-1,0
6815691,16,12,-1,-1,4
6814052,27,11,-1,-1,5
6802582,0,35,-1,-1,4
6813913,31,2,-1,-1,4
6809814,57,52,-1,-1,5
6814438,31,57,-1,-1,6
6809610,40,11,-1,-1,7
6814145,17,13,-1,-1,7
6813044,0,47,-1,-1,1
6811305,8,31,-1,-1,5
6809032,5,58,-1,-1,2
6814015,39,28,-1,-1,0
6810134,9,8,-1,-1,6
6814698,34,8,-1,-1,3
6814081,10,34,-1,-1,2
6815839,5,57,-1,-1,6
6815082,54,10,-1,-1,7
6815380,57,39,-1,-1,5
6813836,46,26,-1,-1,7
6814566,43,37,-1,-1,2
6810487,40,44,-1,-1,0
6813166,8,3,-1,-1,4
6813189,36,2,-1,-1,7
6813436,48,21,-1,-1,2
6811799,1,25,-1,-1,6
6806519,18,5,-1,-1,5
6809020,29,56,-1,-1,0
6815403,43,42,-1,-1,6
6806867,52,13,-1,-1,5
6814267,17,15,-1,-1,0
6813554,35,51,-1,-1,6
6814250,3,24,-1,-1,0
6811859,42,57,-1,-1,0
6811501,37,16,-1,-1,3
6808775,10,45,-1,-1,4
6804204,43,25,-1,-1,1
6816021,34,3,-1,-1,1
6811876,23,52,-1,-1,3
6815889,20,39,-1,-1,0
6814557,4,7,-1,-1,6
6811478,2,5,-1,-1,4
6815121,31,40,-1,-1,6
6815972,7,55,-1,-1,7
6815851,31,11,-1,-1,0
6804743,53,27,-1,-1,6
6813620,5,19,-1,-1,0
6815047,6,28,-1,-1,3
6813698,19,1,-1,-1,7
6814238,5,45,-1,-1,1
6809326,3,9,-1,-1,7
6814650,2,52,-1,-1,5
6814737,6,24,-1,-1,1
6811663,7,26,-1,-1,5
6815893,0,2,-1,-1,1
6813463,25,30,-1,-1,3
6811976,44,45,-1,-1,2
6813392,15,3,-1,-1,4
6815315,21,14,-1,-1,1
6816029,29,16,-1,-1,3
6814454,17,35,-1,-1,1
6807667,22,3,-1,-1,3
6814159,12,42,-1,-1,5
6815734,32,48,-1,-1,3
6815284,49,19,-1,-1,5
6813106,25,1,-1,-1,1
6813629,24,10,-1,-1,3
6813612,43,23,-1,-1,2
6811011,47,44,-1,-1,6
6815906,2,41,-1,-1,0
6814573,45,4,-1,-1,5
6803712,45,34,-1,-1,6
6814373,40,31,-1,-1,5
6815154,46,30,-1,-1,0
6812471,4,24,-1,-1,0
6815346,6,18,-1,-1,1
6813950,33,8,-1,-1,6
6811864,30,8,-1,-1,5
6815223,5,32,-1,-1,7
6815424,9,44,-1,-1,2
6814997,52,44,-1,-1,7
6807350,21,3,-1,-1,2
6814958,50,15,-1,-1,5
6815594,47,37,-1,-1,7
6814287,56,7,-1,-1,3
6811361,41,50,-1,-1,6
6813708,42,20,-1,-1,2
6815670,15,21,-1,-1,3
6814109,0,41,-1,-1,1
6812986,2,26,-1,-1,2
6812709,4,31,-1,-1,7
6814156,47,51,-1,-1,1
6815940,13,57,-1,-1,7
6815125,23,45,-1,-1,3
6815446,10,14,-1,-1,2
6810349,41,20,-1,-1,2
6809409,53,52,-1,-1,4
6813877,36,39,-1,-1,5
6814551,31,9,-1,-1,1
6814247,42,33,-1,-1,6
6814404,24,33,-1,-1,3
6811548,2,8,-1,-1,3
6809738,38,43,-1,-1,3
6814659,26,8,-1,-1,2
6815896,39,25,-1,-1,7
6815131,53,53,-1,-1,4
6815895,6,12,-1,-1,0
6810001,39,5,-1,-1,4
6814483,4,1,-1,-1,6
6814480,29,49,-1,-1,0
6814846,46,46,-1,-1,4
6815122,38,1,-1,-1,1
6809496,8,0,-1,-1,4
6813249,56,0,-1,-1,2
6814908,19,21,-1,-1,5
6811344,50,1,-1,-1,7
6812587,2,1,-1,-1,6
6812988,14,19,-1,-1,4
6814914,36,19,-1,-1,2
6810018,49,43,-1,-1,3
6813498,23,13,-1,-1,7
6814016,7,53,-1,-1,4
6815070,49,49,-1,-1,2
6811620,15,23,-1,-1,5
6805792,6,30,-1,-1,1
6814668,28,30,-1,-1,1
6813446,6,31,-1,-1,2
6813170,37,5,-1,-1,4
6815102,12,58,-1,-1,0
6806671,47,32,-1,-1,2
6815276,1,3,-1,-1,5
6811511,29,34,-1,-1,5
6815516,11,16,-1,-1,0
6814902,32,50,-1,-1,6
6808548,52,55,-1,-1,4
6809362,33,17,-1,-1,5
6815623,58,6,-1,-1,4
6812805,40,41,-1,-1,0
6815828,43,15,-1,-1,3
6809852,20,12,-1,-1,7
6811540,1,26,-1,-1,6
6807192,44,8,-1,-1,4
6812904,26,52,-1,-1,2
6812318,43,46,-1,-1,3
6814806,10,49,-1,-1,1
6814739,23,51,-1,-1,7
6812208,17,26,-1,-1,6
6812519,33,42,-1,-1,3
6812496,12,57,-1,-1,4
6814273,20,28,-1,-1,2
6815696,34,24,-1,-1,1
6814825,16,33,-1,-1,0
6809955,7,46,-1,-1,3
6815204,26,23,-1,-1,1
6808068,33,4,-1,-1,2
6815724,4,19,-1,-1,3
6811934,35,34,-1,-1,6
6811311,29,12,-1,-1,2
6803078,54,54,-1,-1,0
6812975,39,23,-1,-1,1
6812828,12,16,-1,-1,6
6812345,41,14,-1,-1,1
6813763,44,31,-1,-1,3
6814236,4,52,-1,-1,7
6803497,58,42,-1,-1,0
6808847,52,51,-1,-1,3
6816047,26,53,-1,-1,4
6814444,11,43,-1,-1,7
6815155,24,37,-1,-1,6
6815023,50,29,-1,-1,6
6813197,51,42,-1,-1,0
6815908,45,14,-1,-1,5
6815708,20,17,-1,-1,7
6813549,39,3,-1,-1,7
6803664,18,4,-1,-1,4
6814470,10,56,-1,-1,3
6815004,12,15,-1,-1,3
6813561,39,13,-1,-1,0
6813937,20,18,-1,-1,0
6815499,48,56,-1,-1,1
6815702,32,40,-1,-1,3
6815046,47,31,-1,-1,4
6812706,7,17,-1,-1,2
6812606,49,53,-1,-1,5
6815871,0,12,-1,-1,0
6810983,5,50,-1,-1,6
6813167,31,44,-1,-1,4
6802223,5,7,-1,-1,4
6811377,23,47,-1,-1,1
6814732,30,44,-1,-1,3
6806076,51,7,-1,-1,2
6811959,42,35,-1,-1,4
6805348,12,1,-1,-1,2
6814980,53,12,-1,-1,2
6815821,12,43,-1,-1,2
6813577,19,34,-1,-1,0
6812511,7,14,-1,-1,7
6812869,43,50,-1,-1,2
6813976,4,2,-1,-1,2
6815502,18,36,-1,-1,7
6815189,52,40,-1,-1,5
6811714,9,23,-1,-1,5
6803527,56,40,-1,-1,3
6815471,24,20,-1,-1,2
6808538,7,27,-1,-1,3
6814904,32,37,-1,-1,3
6814725,21,33,-1,-1,4
6812106,15,25,-1,-1,0
6814619,26,27,-1,-1,3
6806204,8,58,-1,-1,2
6808201,31,3,-1,-1,3
6809539,25,54,-1,-1,0
6814413,20,23,-1,-1,3
6813158,35,30,-1,-1,3
6806806,58,7,-1,-1,4
6814727,52,49,-1,-1,1
6815069,54,27,-1,-1,6
6814307,45,42,-1,-1,1
6809897,45,52,-1,-1,0
6808537,23,25,-1,-1,7
6810761,57,37,-1,-1,7
6809706,43,55,-1,-1,1
6814041,27,30,-1,-1,6
6814399,20,37,-1,-1,3
6808677,44,25,-1,-1,1
6815493,42,48,-1,-1,7
6811765,9,15,-1,-1,3
6814510,28,5,-1,-1,6
6812003,10,3,-1,-1,1
6812997,36,14,-1,-1,3
6808761,55,57,-1,-1,4
6814240,55,27,-1,-1,4
6815228,56,16,-1,-1,0
6813087,53,49,-1,-1,2
6812128,53,16,-1,-1,7
6815445,31,19,-1,-1,4
6800261,6,29,-1,-1,7
6811515,41,3,-1,-1,2
6814975,43,35,-1,-1,3
6815944,45,28,-1,-1,6
6814387,20,41,-1,-1,5
6811362,25,48,-1,-1,5
6807171,31,54,-1,-1,6
6812025,39,32,-1,-1,3
6815114,23,20,-1,-1,5
6815331,58,38,-1,-1,7
6810644,9,57,-1,-1,4
6814296,7,50,-1,-1,4
6808718,19,10,-1,-1,0
6813099,48,13,-1,-1,3
6814172,39,50,-1,-1,2
6815869,47,18,-1,-1,3
6809339,3,37,-1,-1,4
6809867,55,13,-1,-1,6
6814242,23,4,-1,-1,7
6813734,58,58,-1,-1,6
6815580,3,31,-1,-1,5
6815020,33,55,-1,-1,5
6815931,20,29,-1,-1,0
6812622,58,48,-1,-1,4
6813234,52,34,-1,-1,7
6815494,44,10,-1,-1,1
6815269,4,58,-1,-1,1
6808089,13,42,-1,-1,1
6811567,11,58,-1,-1,2
6815765,24,4,-1,-1,5
6815961,52,16,-1,-1,7
6814165,25,28,-1,-1,5
6815942,29,31,-1,-1,6
6815877,8,24,-1,-1,0
6807662,49,58,-1,-1,2
6804859,16,46,-1,-1,5
6808255,35,13,-1,-1,0
6802406,26,56,-1,-1,6
6815738,19,23,-1,-1,6
6815128,21,57,-1,-1,0
6808285,55,42,-1,-1,3
6815106,38,20,-1,-1,6
6813469,5,40,-1,-1,1
6815173,21,49,-1,-1,6
6804531,0,49,-1,-1,0
6814504,17,45,-1,-1,3
6813277,18,34,-1,-1,0
6814517,34,10,-1,-1,6
6813482,15,19,-1,-1,2
6811093,45,39,-1,-1,1
6812680,50,12,-1,-1,3
6811893,31,13,-1,-1,4
6812032,28,32,-1,-1,4
6815543,53,42,-1,-1,3
6811815,32,21,-1,-1,4
6815892,10,22,-1,-1,6
6813720,30,12,-1,-1,0
6815768,35,41,-1,-1,4
6814035,22,0,-1,-1,5
6812483,12,18,-1,-1,7
6811277,48,52,-1,-1,1
6813039,36,49,-1,-1,6
6808394,16,28,-1,-1,2
6813902,10,25,-1,-1,4
6809469,36,24,-1,-1,3
6799424,16,14,-1,-1,0
6811687,47,41,-1,-1,6
6808278,39,45,-1,-1,1
6807909,32,41,-1,-1,4
6810726,39,54,-1,-1,4
6815292,34,13,-1,-1,2
6813619,15,7,-1,-1,0
6809989,29,6,-1,-1,4
6815571,7,15,-1,-1,1
6815772,47,36,-1,-1,1
6812992,14,45,-1,-1,3
6814740,20,25,-1,-1,7
6814643,47,40,-1,-1,3
6808925,33,58,-1,-1,0
6816008,15,12,-1,-1,1
6810270,17,54,-1,-1,1
6814513,32,9,-1,-1,7
6812851,4,55,-1,-1,7
6814380,10,55,-1,-1,4
6810465,32,43,-1,-1,3
6813912,50,13,-1,-1,1
6814774,55,15,-1,-1,3
6805196,42,42,-1,-1,1
6813970,49,26,-1,-1,7
6813893,53,5,-1,-1,2
6814494,52,45,-1,-1,5
6811493,1,53,-1,-1,4
6812575,6,35,-1,-1,0
6815376,50,48,-1,-1,6
6813432,42,0,-1,-1,4
6813232,21,36,-1,-1,7
6811330,7,20,-1,-1,6
6811894,33,21,-1,-1,7
6813116,30,54,-1,-1,1
6813206,5,8,-1,-1,3
6812636,45,35,-1,-1,5
6810818,21,43,-1,-1,6
6814883,27,48,-1,-1,6
6815834,12,14,-1,-1,2
6812922,16,22,-1,-1,5
6811672,27,27,-1,-1,0
6812170,44,32,-1,-1,5
6815088,2,55,-1,-1,7
6814305,7,28,-1,-1,5
6815236,21,41,-1,-1,0
6815255,48,31,-1,-1,7
6814169,24,51,-1,-1,4
6811828,36,55,-1,-1,3
6813652,42,50,-1,-1,0
6807785,1,12,-1,-1,3
6812735,28,21,-1,-1,3
6814630,18,53,-1,-1,4
6813565,7,2,-1,-1,7
6814686,15,52,-1,-1,6
6815504,21,48,-1,-1,6
6811352,3,4,-1,-1,3
6814597,9,41,-1,-1,1
6810721,1,55,-1,-1,5
6814101,13,14,-1,-1,4
6813570,53,37,-1,-1,6
6814777,18,15,-1,-1,3
6813019,0,48,-1,-1,4
6815335,37,57,-1,-1,4
6813917,22,43,-1,-1,4
6809584,32,24,-1,-1,1
6811434,26,3,-1,-1,4
6815521,28,42,-1,-1,6
6810887,56,27,-1,-1,0
6815418,24,6,-1,-1,5
6815473,14,44,-1,-1,5
6814626,20,53,-1,-1,5
6815816,3,45,-1,-1,6
6812736,17,19,-1,-1,7
6815745,30,57,-1,-1,6
6814604,26,22,-1,-1,1
6815600,54,42,-1,-1,3
6814485,32,11,-1,-1,2
6814174,0,26,-1,-1,3
6813938,29,57,-1,-1,3
6813659,38,50,-1,-1,4
6806176,24,18,-1,-1,0
6812081,26,29,-1,-1,0
6813645,22,6,-1,-1,7
6813409,45,51,-1,-1,0
6798709,45,25,-1,-1,5
6812149,34,11,-1,-1,3
6811556,24,7,-1,-1,7
6815652,26,31,-1,-1,1
6815951,34,19,-1,-1,5
6815648,50,53,-1,-1,6
6813583,34,4,-1,-1,2
6812448,11,37,-1,-1,5
6815227,29,23,-1,-1,7
6814826,22,48,-1,-1,6
6812154,47,33,-1,-1,7
6811221,35,8,-1,-1,3
6806962,55,34,-1,-1,1
6812247,40,18,-1,-1,7
6815662,18,44,-1,-1,2
6815746,7,24,-1,-1,5
6810843,5,14,-1,-1,2
6814459,40,19,-1,-1,3
6815377,20,13,-1,-1,5
6814309,2,34,-1,-1,7
6815092,25,10,-1,-1,3
6815203,55,28,-1,-1,1
6808034,8,36,-1,-1,1
6810635,25,42,-1,-1,1
6813129,26,47,-1,-1,5
6815489,31,30,-1,-1,4
6815803,30,38,-1,-1,6
6812278,16,6,-1,-1,1
6814936,44,34,-1,-1,4
6813858,8,29,-1,-1,0
6810081,32,26,-1,-1,5
6808304,51,12,-1,-1,2
6811549,35,15,-1,-1,0
6815344,54,6,-1,-1,1
6814481,40,28,-1,-1,7
6814575,31,27,-1,-1,6
6811483,35,25,-1,-1,6
6812276,23,58,-1,-1,1
6814525,50,45,-1,-1,4
6813416,57,32,-1,-1,3
6814194,10,4,-1,-1,2
6808323,39,4,-1,-1,0
6814264,0,40,-1,-1,3
6813896,31,36,-1,-1,6
6815213,24,21,-1,-1,1
6812692,13,18,-1,-1,4
6815365,33,25,-1,-1,6
6815006,33,45,-1,-1,0
6812961,2,0,-1,-1,6
6815287,37,27,-1,-1,7
6815074,27,34,-1,-1,5
6815608,22,27,-1,-1,3
6815427,9,29,-1,-1,2
6815707,6,14,-1,-1,5
6814362,33,3,-1,-1,5
6805714,6,9,-1,-1,1
6814067,28,31,-1,-1,2
6815243,17,48,-1,-1,1
6813164,56,12,-1,-1,6
6815052,57,15,-1,-1,3
6813715,1,10,-1,-1,1
6810319,10,40,-1,-1,7
6814943,14,41,-1,-1,5
6815589,4,12,-1,-1,2
6811523,41,31,-1,-1,3
6813844,37,28,-1,-1,3
6813922,23,8,-1,-1,3
6814514,35,18,-1,-1,0
6815894,54,45,-1,-1,7
6810200,4,44,-1,-1,5
6811569,45,30,-1,-1,7
6814811,55,58,-1,-1,2
6812238,46,33,-1,-1,6
6807875,30,37,-1,-1,2
6814791,31,28,-1,-1,1
6812635,47,26,-1,-1,7
6814990,38,2,-1,-1,2
6803335,4,28,-1,-1,3
6814655,14,34,-1,-1,3
6811101,51,41,-1,-1,1
6813552,55,50,-1,-1,6
6812998,1,31,-1,-1,2
6815819,21,26,-1,-1,4
6809626,39,15,-1,-1,6
6815242,24,13,-1,-1,6
6813617,53,24,-1,-1,7
6810731,16,40,-1,-1,4
6811778,35,28,-1,-1,4
6808628,21,18,-1,-1,5
6810533,44,11,-1,-1,6
6805452,58,11,-1,-1,7
6804956,32,38,-1,-1,6
6815127,56,57,-1,-1,5
6811979,39,29,-1,-1,4
6815556,56,42,-1,-1,4
6809288,54,2,-1,-1,7
6814023,3,0,-1,-1,4
6815175,34,42,-1,-1,1
6813329,9,24,-1,-1,2
6814684,42,24,-1,-1,7
6815413,2,15,-1,-1,7
6802976,37,51,-1,-1,7
6811295,7,21,-1,-1,2
6815272,57,22,-1,-1,1
6811861,6,56,-1,-1,5
6812500,55,51,-1,-1,3
6815555,52,54,-1,-1,6
6813886,19,15,-1,-1,7
6802036,55,32,-1,-1,4
6812409,19,30,-1,-1,1
6814328,19,4,-1,-1,6
6814063,52,39,-1,-1,1
6806406,4,17,-1,-1,1
6812856,47,19,-1,-1,0
6815921,24,53,-1,-1,6
6808551,32,25,-1,-1,3
6811014,53,0,-1,-1,2
6815669,36,44,-1,-1,1
6814410,21,11,-1,-1,2
6814135,21,45,-1,-1,3
6813726,6,32,-1,-1,2
6810573,14,48,-1,-1,6
6814357,26,42,-1,-1,5
6814794,13,6,-1,-1,4
6813453,7,41,-1,-1,4
6814395,16,45,-1,-1,7
6813814,47,29,-1,-1,7
6808416,42,56,-1,-1,3
6803110,0,11,-1,-1,0
6812784,52,27,-1,-1,2
6815319,28,27,-1,-1,7
6809323,7,16,-1,-1,2
6814912,21,52,-1,-1,2
6808107,4,15,-1,-1,3
6815352,19,24,-1,-1,0
6808645,3,58,-1,-1,0
6815788,42,38,-1,-1,2
6814800,34,9,-1,-1,1
6813804,29,24,-1,-1,1
6814216,13,4,-1,-1,5
6815240,32,36,-1,-1,5
6810978,42,39,-1,-1,1
6812806,43,45,-1,-1,7
6811271,46,36,-1,-1,5
6813638,51,20,-1,-1,4
6813510,52,50,-1,-1,0
6809066,36,5,-1,-1,3
6814313,33,13,-1,-1,2
6813360,4,11,-1,-1,4
6814614,16,29,-1,-1,5
6815375,26,58,-1,-1,7
6810274,20,24,-1,-1,0
6808425,6,25,-1,-1,3
6815460,35,20,-1,-1,7
6813918,47,5,-1,-1,4
6812960,29,45,-1,-1,1
6815527,29,42,-1,-1,5
6811385,2,37,-1,-1,0
6814100,38,23,-1,-1,1
6812460,43,32,-1,-1,7
6815778,16,19,-1,-1,1
6810269,44,5,-1,-1,5
6809275,10,31,-1,-1,6
6815554,3,3,-1,-1,6
6811692,27,0,-1,-1,2
6813712,22,30,-1,-1,4
6810029,48,45,-1,-1,6
6812867,28,39,-1,-1,1
6802381,7,39,-1,-1,0
6814571,29,15,-1,-1,3
6815135,22,38,-1,-1,1
6814258,10,47,-1,-1,7
6813139,23,9,-1,-1,1
6815566,57,42,-1,-1,0
6812708,41,27,-1,-1,1
6812833,57,45,-1,-1,3
6812450,14,12,-1,-1,3
6811647,5,29,-1,-1,2
6811903,12,39,-1,-1,3
6814608,51,14,-1,-1,3
6814430,26,17,-1,-1,3
6815157,41,44,-1,-1,0
6812222,55,48,-1,-1,1
6813796,18,50,-1,-1,2
6815247,10,57,-1,-1,3
6814553,48,36,-1,-1,5
6815506,49,29,-1,-1,0
6816023,44,16,-1,-1,2
6813770,3,2,-1,-1,3
6811969,22,4,-1,-1,4
6812614,49,3,-1,-1,0
6815378,16,44,-1,-1,2
6812188,50,33,-1,-1,6
6812527,0,16,-1,-1,4
6813597,17,40,-1,-1,6
6812243,9,10,-1,-1,5
6814952,12,46,-1,-1,2
6814186,1,57,-1,-1,4
6816025,18,13,-1,-1,2
6809107,44,15,-1,-1,2
6815683,17,17,-1,-1,7
6813817,25,20,-1,-1,6
6801223,28,0,-1,-1,6
6810618,8,54,-1,-1,3
6812466,3,25,-1,-1,0
6810888,15,36,-1,-1,1
6804294,28,58,-1,-1,1
6809953,57,29,-1,-1,4
6815833,16,25,-1,-1,7
6816001,57,47,-1,-1,1
6815285,28,8,-1,-1,0
6813297,48,20,-1,-1,0
6814002,2,38,-1,-1,0
6811804,33,54,-1,-1,5
6814025,18,49,-1,-1,6
6810734,43,28,-1,-1,2
6813738,32,14,-1,-1,5
6813691,15,37,-1,-1,3
6815416,47,43,-1,-1,6
6813783,30,43,-1,-1,2
6814340,24,8,-1,-1,0
6815700,47,27,-1,-1,7
6807972,15,50,-1,-1,2
6804550,5,10,-1,-1,3
6809786,13,28,-1,-1,6
6815398,22,20,-1,-1,2
6788347,2,16,-1,-1,5
6814584,40,47,-1,-1,7
6815484,19,9,-1,-1,5
6812583,46,53,-1,-1,2
6813388,17,52,-1,-1,5
6813495,19,22,-1,-1,6
6815275,26,33,-1,-1,0
6815487,25,34,-1,-1,2
6810307,22,13,-1,-1,7
6814833,33,36,-1,-1,4
6809273,13,46,-1,-1,6
6810742,43,57,-1,-1,1
6814764,56,38,-1,-1,0
6809010,26,14,-1,-1,7
6807424,29,19,-1,-1,3
6815810,7,40,-1,-1,5
6811096,2,4,-1,-1,7
6815752,22,56,-1,-1,2
6813985,37,1,-1,-1,2
6814696,57,18,-1,-1,5
6815332,15,15,-1,-1,2
6806805,40,10,-1,-1,7
6814026,7,58,-1,-1,6
6812198,26,16,-1,-1,0
6813701,57,49,-1,-1,3
6815918,35,3,-1,-1,7
6816036,29,44,-1,-1,2
6815051,50,28,-1,-1,2
6813220,46,6,-1,-1,0
6813616,6,19,-1,-1,4
6813827,44,49,-1,-1,6
6815026,56,34,-1,-1,4
6814590,40,8,-1,-1,2
6810446,58,40,-1,-1,6
6814869,22,17,-1,-1,6
6813576,49,1,-1,-1,7
6812769,39,9,-1,-1,6
6815644,26,10,-1,-1,4
6811645,12,47,-1,-1,1
6816016,13,51,-1,-1,4
6815095,18,35,-1,-1,5
6814862,7,52,-1,-1,1
6815257,55,41,-1,-1,0
6815273,23,54,-1,-1,1
6815736,54,1,-1,-1,1
6814193,28,6,-1,-1,0
6813306,21,47,-1,-1,4
6813761,14,39,-1,-1,2
6802617,40,33,-1,-1,2
6814959,54,14,-1,-1,2
6809280,51,33,-1,-1,7
6814505,14,3,-1,-1,6
6804069,30,23,-1,-1,5
6814970,38,28,-1,-1,0
6809502,11,13,-1,-1,2
6815250,9,13,-1,-1,5
6815500,18,11,-1,-1,6
6814175,16,2,-1,-1,3
6808427,0,28,-1,-1,2
6810992,20,51,-1,-1,1
6812485,1,32,-1,-1,6
6795986,11,12,-1,-1,7
6815946,18,12,-1,-1,6
6813346,42,34,-1,-1,3
6813537,26,57,-1,-1,3
6815179,9,2,-1,-1,6
6815305,22,24,-1,-1,7
6810915,43,0,-1,-1,2
6806291,8,20,-1,-1,0
6814280,40,40,-1,-1,6
6802937,36,16,-1,-1,7
6815089,17,32,-1,-1,3
6815885,44,26,-1,-1,1
6806989,35,1,-1,-1,7
6813324,7,25,-1,-1,1
6807728,6,1,-1,-1,0
6815823,42,51,-1,-1,2
6814785,14,27,-1,-1,7
6808448,4,4,-1,-1,4
6808430,42,55,-1,-1,0
6806247,34,5,-1,-1,0
6815826,8,15,-1,-1,1
6815183,56,20,-1,-1,5
6812571,5,24,-1,-1,4
6814642,53,22,-1,-1,1
6809418,17,55,-1,-1,6
6814493,29,40,-1,-1,7
6815676,46,55,-1,-1,4
6812364,1,42,-1,-1,6
6809869,37,23,-1,-1,0
6815274,4,48,-1,-1,7
6813471,0,55,-1,-1,4
6812796,52,31,-1,-1,0
6812691,0,45,-1,-1,4
6801795,52,18,-1,-1,3
6809243,27,19,-1,-1,3
6815511,19,18,-1,-1,2
6803521,3,32,-1,-1,0
6811716,9,17,-1,-1,1
6808552,40,26,-1,-1,1
6815771,38,7,-1,-1,7
6808783,17,50,-1,-1,5
6805024,50,44,-1,-1,2
6811056,15,40,-1,-1,0
6812180,46,44,-1,-1,7
6811999,13,50,-1,-1,0
6800609,58,46,-1,-1,7
6813146,35,48,-1,-1,0
6813723,6,34,-1,-1,5
6808148,38,21,-1,-1,6
6815764,6,38,-1,-1,3
6812685,54,40,-1,-1,1
6815422,11,4,-1,-1,5
6814268,55,55,-1,-1,7
6815057,17,41,-1,-1,3
6800204,42,19,-1,-1,3
6811058,34,40,-1,-1,3
6811531,9,46,-1,-1,7
6813595,10,52,-1,-1,5
6812908,21,56,-1,-1,6
6813466,8,56,-1,-1,3
6808225,11,24,-1,-1,4
6807109,9,58,-1,-1,1
6815279,19,43,-1,-1,6
6816035,38,22,-1,-1,5
6815222,24,5,-1,-1,3
6815858,44,6,-1,-1,6
6812896,41,43,-1,-1,4
6807899,41,6,-1,-1,1
6811383,49,30,-1,-1,4
6812361,55,6,-1,-1,4
6813381,2,43,-1,-1,5
6810591,33,32,-1,-1,3
6814117,41,21,-1,-1,2
6813304,21,15,-1,-1,0
6815917,30,36,-1,-1,7
6815282,45,38,-1,-1,4
6815396,13,44,-1,-1,1
6810554,8,25,-1,-1,1
6815796,19,45,-1,-1,6
6799519,42,9,-1,-1,7
6812959,6,11,-1,-1,7
6814766,11,38,-1,-1,6
6815784,54,31,-1,-1,0
6808634,21,0,-1,-1,3
6815633,5,1,-1,-1,7
6812136,42,43,-1,-1,2
6810107,52,48,-1,-1,3
6810359,19,46,-1,-1,4
6809788,27,26,-1,-1,2
6814722,55,47,-1,-1,6
6814790,27,28,-1,-1,2
6808844,47,12,-1,-1,5
6809629,31,45,-1,-1,6
6814511,26,44,-1,-1,5
6815386,39,49,-1,-1,7
6815692,51,30,-1,-1,1
6815368,36,9,-1,-1,0
6815653,4,23,-1,-1,3
6811593,35,23,-1,-1,3
6815870,1,44,-1,-1,4
6816044,15,32,-1,-1,7
6815426,1,11,-1,-1,7
6813433,21,25,-1,-1,5
6810293,55,46,-1,-1,4
6813894,42,53,-1,-1,5
6813320,55,33,-1,-1,0
6799349,11,7,-1,-1,0
6810432,19,2,-1,-1,1
6808144,56,48,-1,-1,2
6811342,47,34,-1,-1,7
6816000,34,46,-1,-1,1
6813676,23,35,-1,-1,7
6809592,45,33,-1,-1,1
6815466,9,25,-1,-1,3
6812461,2,45,-1,-1,6
6814828,41,55,-1,-1,3
6815663,26,41,-1,-1,5
6811398,0,8,-1,-1,4
6815294,25,26,-1,-1,3
6807053,9,56,-1,-1,0
6814118,42,29,-1,-1,2
6814532,16,41,-1,-1,2
6812885,35,49,-1,-1,3
6812189,38,11,-1,-1,5
6809896,20,49,-1,-1,5
6806633,35,35,-1,-1,1
6816013,26,50,-1,-1,2
6815985,21,44,-1,-1,0
6804343,30,0,-1,-1,5
6815705,47,52,-1,-1,1
6802137,50,4,-1,-1,7
6812704,22,47,-1,-1,4
6814859,51,52,-1,-1,0
6812478,17,42,-1,-1,0
6813988,48,27,-1,-1,6
6810850,1,18,-1,-1,5
6812368,46,56,-1,-1,1
6810450,42,2,-1,-1,1
6812367,32,45,-1,-1,1
6815470,48,10,-1,-1,6
6815842,37,4,-1,-1,0
6814195,51,11,-1,-1,2
6814615,12,27,-1,-1,5
6815776,9,6,-1,-1,5
6813775,51,9,-1,-1,3
6815546,47,9,-1,-1,0
6810631,58,22,-1,-1,0
6809039,8,6,-1,-1,3
6810121,49,21,-1,-1,5
6815281,58,1,-1,-1,7
6813009,24,16,-1,-1,6
6815304,17,14,-1,-1,5
6810247,23,49,-1,-1,7
6812565,9,45,-1,-1,5
6814822,40,3,-1,-1,5
6812697,47,3,-1,-1,4
6814350,27,4,-1,-1,7
6813342,25,7,-1,-1,1
6808814,6,20,-1,-1,5
6813683,58,45,-1,-1,0
6815031,14,9,-1,-1,7
6813276,5,16,-1,-1,1
6801561,36,54,-1,-1,1
6810332,41,56,-1,-1,6
6813005,55,10,-1,-1,5
6810322,2,32,-1,-1,0
6812057,4,56,-1,-1,0
6815296,32,22,-1,-1,1
6813440,33,26,-1,-1,3
6815507,15,27,-1,-1,0
6813852,48,12,-1,-1,3
6807460,44,46,-1,-1,7
6806181,49,15,-1,-1,4
6814601,13,27,-1,-1,5
6807691,23,42,-1,-1,1
6812579,56,36,-1,-1,0
6810857,51,28,-1,-1,5
6813819,7,35,-1,-1,1
6816028,1,46,-1,-1,2
6815353,27,39,-1,-1,6
6815673,8,57,-1,-1,1
6814988,34,28,-1,-1,4
6815438,45,3,-1,-1,0
6812552,56,24,-1,-1,7
6809517,2,46,-1,-1,3
6813067,21,22,-1,-1,4
6814045,28,54,-1,-1,5
6812917,18,28,-1,-1,2
6807344,33,28,-1,-1,1
6813859,49,20,-1,-1,3
6815428,20,40,-1,-1,1
6808039,47,4,-1,-1,3
6804067,37,32,-1,-1,4
6815209,36,32,-1,-1,1
6816020,55,30,-1,-1,4
6815579,38,36,-1,-1,5
6812968,7,3,-1,-1,7
6812090,40,15,-1,-1,7
6815801,15,5,-1,-1,4
6810419,4,54,-1,-1,2
6814391,16,57,-1,-1,4
6815087,50,14,-1,-1,6
6814641,56,41,-1,-1,1
6806047,48,26,-1,-1,7
6813978,52,36,-1,-1,0
6813818,30,15,-1,-1,1
6808228,39,24,-1,-1,5
6815356,5,36,-1,-1,6
6808981,58,49,-1,-1,0
6807306,36,51,-1,-1,7
6814685,10,37,-1,-1,3
6813798,10,12,-1,-1,6
6815041,40,23,-1,-1,1
6813989,43,7,-1,-1,6
6811781,49,11,-1,-1,5
6815496,55,11,-1,-1,0
6811877,42,7,-1,-1,5
6814180,56,10,-1,-1,3
6810605,25,9,-1,-1,7
6815326,19,8,-1,-1,0
6812040,25,4,-1,-1,2
6814911,42,3,-1,-1,2
6814151,10,9,-1,-1,7
6805290,41,28,-1,-1,2
6809263,58,27,-1,-1,5
6812849,2,24,-1,-1,4
6816043,46,7,-1,-1,2
6815948,44,43,-1,-1,0
6813811,55,22,-1,-1,5
6814498,31,55,-1,-1,5
6815449,56,51,-1,-1,4
6814548,14,16,-1,-1,5
6814303,42,28,-1,-1,0
6812184,36,45,-1,-1,4
6812091,11,31,-1,-1,6
6814244,53,15,-1,-1,5
6810894,39,38,-1,-1,5
6815863,28,15,-1,-1,0
6802203,5,43,-1,-1,6
6815928,43,19,-1,-1,0
6807579,5,13,-1,-1,4
6813358,49,56,-1,-1,5
6810515,6,2,-1,-1,7
6815073,21,42,-1,-1,7
6813915,55,31,-1,-1,0
6814617,17,37,-1,-1,6
6815690,29,17,-1,-1,7
6810962,46,25,-1,-1,3
6815371,49,54,-1,-1,2
6813295,55,5,-1,-1,0
6813219,34,23,-1,-1,5
6809101,40,14,-1,-1,6
6813199,6,41,-1,-1,1
6813016,12,38,-1,-1,1
6813421,5,53,-1,-1,5
6814673,37,22,-1,-1,7
6812607,18,23,-1,-1,1
6815799,47,55,-1,-1,3
6810151,16,48,-1,-1,3
6815288,16,52,-1,-1,4
6812750,32,57,-1,-1,3
6815345,12,44,-1,-1,2
6808013,38,47,-1,-1,6
6814202,10,11,-1,-1,7
6814652,56,54,-1,-1,1
6812763,55,21,-1,-1,7
6813916,20,48,-1,-1,7
6805628,48,53,-1,-1,1
6814992,51,18,-1,-1,3
6810689,42,12,-1,-1,0
6815697,54,51,-1,-1,4
6810942,12,19,-1,-1,0
6810495,57,24,-1,-1,4
6815711,48,18,-1,-1,0
6815741,39,10,-1,-1,5
6815642,3,30,-1,-1,3
6815328,36,12,-1,-1,2
6808909,43,56,-1,-1,0
6808943,33,50,-1,-1,1
6813521,9,0,-1,-1,2
6815347,14,2,-1,-1,3
6814939,49,31,-1,-1,3
6816005,9,11,-1,-1,2
6806105,25,16,-1,-1,1
6814868,52,0,-1,-1,2
6812676,56,15,-1,-1,0
6813834,27,20,-1,-1,7
6812854,41,9,-1,-1,7
6815010,52,17,-1,-1,3
6809488,22,35,-1,-1,6
6815370,24,57,-1,-1,5
6804461,27,50,-1,-1,0
6809504,49,55,-1,-1,7
6811457,31,50,-1,-1,3
6812810,33,2,-1,-1,2
6815798,25,24,-1,-1,2
6815941,28,41,-1,-1,6
6815524,9,3,-1,-1,1
6815667,45,20,-1,-1,7
6815631,43,54,-1,-1,2
6815562,28,40,-1,-1,1
6808846,18,1,-1,-1,3
6815934,37,44,-1,-1,5
6811629,52,14,-1,-1,3
6814009,20,15,-1,-1,5
6802600,1,54,-1,-1,7
6807693,7,51,-1,-1,5
6814428,38,24,-1,-1,1
6808502,29,51,-1,-1,0
6806554,54,56,-1,-1,0
6813283,19,42,-1,-1,4
6811318,6,33,-1,-1,7
6815535,45,1,-1,-1,2
6815110,39,56,-1,-1,4
6814006,21,10,-1,-1,7
6814403,54,15,-1,-1,7
6814874,19,41,-1,-1,6
6809847,57,19,-1,-1,4
6815338,17,28,-1,-1,0
6814986,41,17,-1,-1,0
6812020,3,49,-1,-1,1
6810396,19,26,-1,-1,5
6814523,0,6,-1,-1,2
6812304,18,25,-1,-1,1
6813244,25,56,-1,-1,4
6813523,50,25,-1,-1,1
6808806,29,25,-1,-1,3
6809509,50,9,-1,-1,2
6813687,48,8,-1,-1,0
6813151,6,54,-1,-1,7
6814738,15,39,-1,-1,0
6815393,10,36,-1,-1,6
6813754,29,30,-1,-1,6
6814439,40,34,-1,-1,7
6814425,13,49,-1,-1,2
6808281,18,38,-1,-1,6
6815109,47,1,-1,-1,3
6815883,15,8,-1,-1,2
6814437,54,18,-1,-1,2
6804033,25,39,-1,-1,2
6810589,51,23,-1,-1,6
6812871,48,55,-1,-1,3
6808740,26,5,-1,-1,0
6814770,27,57,-1,-1,0
6804985,8,8,-1,-1,0
6815857,12,54,-1,-1,0
6814234,25,13,-1,-1,4
6814596,41,51,-1,-1,4
6797422,17,6,-1,-1,3
6815900,40,49,-1,-1,7
6814154,44,33,-1,-1,6
6813797,17,51,-1,-1,3
6815480,22,12,-1,-1,5
6814466,31,41,-1,-1,2
6814666,57,11,-1,-1,4
6815614,31,33,-1,-1,3
6812216,2,36,-1,-1,3
6815920,6,57,-1,-1,5
6813404,49,42,-1,-1,2
6802686,43,30,-1,-1,7
6809937,3,54,-1,-1,0
6814227,21,8,-1,-1,1
6811832,33,5,-1,-1,1
6815769,42,26,-1,-1,1
6807487,45,57,-1,-1,4
6814994,51,5,-1,-1,4
6811379,8,51,-1,-1,7
6815423,54,8,-1,-1,4
6812907,57,46,-1,-1,3
6814400,23,24,-1,-1,6
6805132,18,0,-1,-1,2
6815710,10,17,-1,-1,3
6814564,3,8,-1,-1,4
6813832,21,13,-1,-1,2
6810198,23,17,-1,-1,5
6815459,21,2,-1,-1,5
6805259,37,42,-1,-1,7
6809438,13,17,-1,-1,1
6812034,23,31,-1,-1,6
6814326,13,53,-1,-1,3
6814701,17,34,-1,-1,6
6814635,57,9,-1,-1,6
6810817,48,5,-1,-1,4
6814220,13,2,-1,-1,7
6814477,30,25,-1,-1,6
6814121,20,42,-1,-1,4
6811784,35,7,-1,-1,2
6811689,14,36,-1,-1,5
6808701,56,56,-1,-1,4
6814001,25,18,-1,-1,1
6814640,33,7,-1,-1,2
6814741,48,16,-1,-1,6
6809716,23,0,-1,-1,4
6815881,22,34,-1,-1,5
6815512,11,21,-1,-1,3
6814633,41,42,-1,-1,0
6815936,10,43,-1,-1,2
6810562,6,52,-1,-1,6
6815077,53,25,-1,-1,2
6813810,17,11,-1,-1,6
6815939,24,15,-1,-1,6
6813952,51,19,-1,-1,5
6812308,10,8,-1,-1,6
6814906,39,8,-1,-1,4
6813601,9,33,-1,-1,4
6814877,14,38,-1,-1,6
6813200,9,39,-1,-1,3
6811023,16,10,-1,-1,3
6813990,43,26,-1,-1,2
6813695,14,26,-1,-1,1
6812820,28,38,-1,-1,5
6815045,28,11,-1,-1,3
6813837,40,39,-1,-1,6
6811046,25,57,-1,-1,2
6798470,50,36,-1,-1,0
6815701,39,30,-1,-1,6
6815981,55,1,-1,-1,1
6814370,40,25,-1,-1,7
6808357,11,34,-1,-1,7
6815526,51,2,-1,-1,4
6811338,45,21,-1,-1,3
6815429,14,13,-1,-1,0
6806600,0,21,-1,-1,3
6811228,36,41,-1,-1,4
6813643,26,7,-1,-1,5
6812874,15,41,-1,-1,7
6796881,27,6,-1,-1,3
6814429,42,5,-1,-1,0
6811339,7,43,-1,-1,3
6812540,13,54,-1,-1,0
6813556,26,1,-1,-1,7
6815613,41,1,-1,-1,1
6811205,20,16,-1,-1,7
6815462,34,36,-1,-1,7
6806748,58,43,-1,-1,6
6810543,52,25,-1,-1,7
6812058,42,6,-1,-1,0
6810943,53,32,-1,-1,0
6813207,55,2,-1,-1,0
6801895,53,56,-1,-1,5
6815725,35,40,-1,-1,7
6813214,18,3,-1,-1,1
6812923,1,1,-1,-1,4
6811423,24,9,-1,-1,7
6813175,37,31,-1,-1,3
6813131,19,7,-1,-1,0
6815929,9,5,-1,-1,7
6814602,38,35,-1,-1,2
6805253,21,39,-1,-1,4
6815824,23,33,-1,-1,0
6807796,53,48,-1,-1,1
6814759,14,11,-1,-1,2
6814291,0,43,-1,-1,4
6812377,51,40,-1,-1,5
6815773,36,30,-1,-1,0
6812563,48,41,-1,-1,1
6812662,43,52,-1,-1,0
6813769,13,39,-1,-1,6
6814878,31,16,-1,-1,2
6815818,49,9,-1,-1,6
6812248,11,42,-1,-1,3
6814533,38,58,-1,-1,6
6813298,49,16,-1,-1,5
6813003,25,6,-1,-1,4
6808581,51,21,-1,-1,6
6814436,0,34,-1,-1,3
6814047,6,53,-1,-1,0
6810471,52,21,-1,-1,0
6814691,11,28,-1,-1,1
6808748,2,6,-1,-1,7
6811254,6,44,-1,-1,2
6815519,48,33,-1,-1,6
6814094,23,28,-1,-1,4
6814467,35,32,-1,-1,0
6813007,16,37,-1,-1,5
6814658,12,6,-1,-1,6
6813635,36,26,-1,-1,5
6813178,11,5,-1,-1,3
6812656,3,36,-1,-1,2
6811350,10,5,-1,-1,5
6815654,10,39,-1,-1,5
6814695,47,39,-1,-1,1
6808605,46,18,-1,-1,1
6810004,27,10,-1,-1,6
6815632,23,44,-1,-1,2
6811189,4,3,-1,-1,0
6815454,12,12,-1,-1,4
6814211,32,42,-1,-1,1
6813058,44,0,-1,-1,2
6812761,30,16,-1,-1,6
6810897,35,0,-1,-1,2
6803654,27,12,-1,-1,3
6809983,12,52,-1,-1,1
6813538,25,25,-1,-1,0
6810325,54,55,-1,-1,2
6814591,8,18,-1,-1,1
6815591,20,32,-1,-1,3
6815456,30,42,-1,-1,4
6806622,32,33,-1,-1,7
6815592,41,8,-1,-1,3
6814166,25,27,-1,-1,7
6813558,37,18,-1,-1,4
6811730,47,2,-1,-1,5
6815043,46,14,-1,-1,7
6814907,51,29,-1,-1,3
6815201,28,33,-1,-1,3
6811733,33,34,-1,-1,0
6815405,51,38,-1,-1,5
6813383,21,38,-1,-1,1
6814254,30,51,-1,-1,0
6803678,15,2,-1,-1,7
6810874,44,3,-1,-1,7
6815872,13,58,-1,-1,7
6809121,1,15,-1,-1,3
6815425,50,32,-1,-1,5
6813068,4,25,-1,-1,4
6815547,23,34,-1,-1,6
6815815,41,37,-1,-1,7
6815983,29,39,-1,-1,6
6814043,43,47,-1,-1,4
6813870,0,9,-1,-1,4
6814378,36,17,-1,-1,0
6814716,45,18,-1,-1,0
6813578,44,51,-1,-1,4
6815786,25,53,-1,-1,5
6808650,53,41,-1,-1,1
6814263,49,34,-1,-1,1
6814368,15,53,-1,-1,3
6815251,18,27,-1,-1,0
6814723,48,6,-1,-1,7
6812933,24,3,-1,-1,7
6815550,29,27,-1,-1,1
6815781,15,4,-1,-1,2
6814129,16,8,-1,-1,6
6813135,34,47,-1,-1,6
6811262,36,6,-1,-1,0
6807310,15,44,-1,-1,4
6812488,13,8,-1,-1,6
6814442,31,5,-1,-1,5
6814334,33,29,-1,-1,0
6806872,21,58,-1,-1,0
6810999,5,2,-1,-1,6
6814793,37,54,-1,-1,5
6812747,24,31,-1,-1,7
6814363,37,50,-1,-1,5
6813920,13,24,-1,-1,7
6815740,54,38,-1,-1,1
6815753,16,18,-1,-1,6
6811916,50,30,-1,-1,7
6807259,15,16,-1,-1,1
6815522,36,8,-1,-1,7
6815829,32,16,-1,-1,7
6813420,38,13,-1,-1,6
6814582,4,32,-1,-1,6
6810424,20,44,-1,-1,2
6813932,27,16,-1,-1,2
6814894,26,46,-1,-1,6
6814813,11,20,-1,-1,2
6814882,25,3,-1,-1,4
6813850,36,47,-1,-1,4
6806474,9,40,-1,-1,0
6811301,48,44,-1,-1,0
6815151,36,48,-1,-1,5
6804040,4,51,-1,-1,2
6814754,3,18,-1,-1,1
6800507,42,36,-1,-1,4
6815790,40,13,-1,-1,7
6815330,10,6,-1,-1,5
6815525,45,29,-1,-1,4
6813719,1,19,-1,-1,6
6810552,40,54,-1,-1,2
6813480,28,49,-1,-1,3
6810410,24,23,-1,-1,4
6814292,32,31,-1,-1,3
6812903,11,35,-1,-1,4
6803406,42,22,-1,-1,1
6814786,20,26,-1,-1,5
6812615,40,48,-1,-1,3
6810378,44,40,-1,-1,2
6811427,41,26,-1,-1,4
6804937,12,10,-1,-1,4
6811365,19,48,-1,-1,5
6813431,15,42,-1,-1,3
6806785,3,10,-1,-1,3
6814364,52,58,-1,-1,1
6814417,18,31,-1,-1,1
6813935,2,35,-1,-1,2
6815485,29,1,-1,-1,3
6815634,31,12,-1,-1,5
6803120,56,39,-1,-1,7
6815199,27,36,-1,-1,2
6812604,39,53,-1,-1,2
6812404,31,23,-1,-1,6
6808284,38,39,-1,-1,1
6813871,26,2,-1,-1,5
6814672,21,54,-1,-1,2
6814345,42,30,-1,-1,2
6814797,40,42,-1,-1,6
6811608,21,7,-1,-1,1
6813809,8,41,-1,-1,4
6812660,13,56,-1,-1,7
6815465,12,41,-1,-1,7
6815770,45,54,-1,-1,1
6815467,38,5,-1,-1,1
6806439,48,39,-1,-1,0
6813929,18,45,-1,-1,5
6815577,15,47,-1,-1,7
6812281,8,32,-1,-1,5
6806937,48,19,-1,-1,2
6814460,41,15,-1,-1,6
6813571,8,55,-1,-1,3
6815162,29,29,-1,-1,3
6815501,44,47,-1,-1,7
6815618,10,54,-1,-1,2
6813492,20,2,-1,-1,4
6808992,43,48,-1,-1,6
6814678,31,25,-1,-1,0
6814616,22,14,-1,-1,2
6815984,10,32,-1,-1,7
6809195,46,3,-1,-1,4
6815622,45,10,-1,-1,4
6812094,31,39,-1,-1,0
6814522,10,18,-1,-1,5
6808771,52,29,-1,-1,5
6815464,41,22,-1,-1,1
6814733,4,22,-1,-1,3
6815732,1,23,-1,-1,6
6812559,28,25,-1,-1,2
6810212,54,49,-1,-1,5
6815974,19,35,-1,-1,3
6816019,39,22,-1,-1,2
6814188,54,13,-1,-1,2
6812665,5,12,-1,-1,2
6806926,47,10,-1,-1,3
6816012,33,19,-1,-1,1
6814792,34,58,-1,-1,6
6812730,28,52,-1,-1,5
6815791,39,20,-1,-1,4
6810705,39,48,-1,-1,1
6813816,43,41,-1,-1,0
6806922,49,8,-1,-1,6
6815666,16,0,-1,-1,2
6815268,38,37,-1,-1,4
6813803,38,31,-1,-1,4
6808094,49,48,-1,-1,7
6815430,27,22,-1,-1,1
6811288,21,53,-1,-1,1
6812027,42,27,-1,-1,5
6809802,12,5,-1,-1,1
6812271,16,54,-1,-1,2
6815953,27,14,-1,-1,7
6813681,11,56,-1,-1,0
6813891,41,30,-1,-1,1
6814944,1,2,-1,-1,5
6815787,19,13,-1,-1,5
6811275,26,37,-1,-1,7
6814433,14,14,-1,-1,4
6809019,32,6,-1,-1,3
6809774,39,17,-1,-1,2
6815915,29,4,-1,-1,0
6813033,30,27,-1,-1,6
6815167,43,44,-1,-1,4
6815767,47,24,-1,-1,7
6809528,33,49,-1,-1,1
6812334,51,36,-1,-1,1
6811973,19,31,-1,-1,6
6814320,46,35,-1,-1,2
6812687,20,55,-1,-1,6
6813706,14,43,-1,-1,5
6815060,58,41,-1,-1,0
6815720,47,50,-1,-1,5
6813730,18,10,-1,-1,4
6815152,15,29,-1,-1,0
6815754,6,0,-1,-1,6
6809637,46,41,-1,-1,1
6814935,1,43,-1,-1,3
6814772,50,40,-1,-1,6
6807122,1,58,-1,-1,0
6815965,23,23,-1,-1,1
6810901,33,57,-1,-1,4
6813034,38,8,-1,-1,3
6801161,54,50,-1,-1,7
6814974,13,29,-1,-1,6
6814327,0,25,-1,-1,3
6812241,5,48,-1,-1,6
6812061,9,50,-1,-1,6
6815107,48,3,-1,-1,0
6813785,36,7,-1,-1,0
6815557,51,4,-1,-1,2
6811936,36,40,-1,-1,1
6815166,51,13,-1,-1,3
6812667,28,55,-1,-1,0
6815671,37,53,-1,-1,5
6815053,43,21,-1,-1,4
6814148,20,52,-1,-1,2
6812116,16,49,-1,-1,6
6813941,1,5,-1,-1,3
6813849,47,57,-1,-1,0
6810073,42,13,-1,-1,3
6810614,58,32,-1,-1,5
6815394,53,50,-1,-1,4
6815028,11,46,-1,-1,3
6815523,56,50,-1,-1,5
6813300,8,47,-1,-1,5
6815922,32,39,-1,-1,3
6813243,44,30,-1,-1,4
6815976,22,46,-1,-1,4
6799159,38,15,-1,-1,5
6807784,44,13,-1,-1,2
6806613,48,58,-1,-1,2
6814259,28,46,-1,-1,2
6812883,45,49,-1,-1,7
6813702,40,9,-1,-1,5
6815989,27,47,-1,-1,1
6809056,8,28,-1,-1,1
6814061,22,26,-1,-1,5
6815645,13,19,-1,-1,7
6806221,7,34,-1,-1,0
6813867,14,33,-1,-1,4
6814107,50,23,-1,-1,5
6815397,19,39,-1,-1,3
6814708,27,32,-1,-1,0
6815789,24,36,-1,-1,7
6810714,49,14,-1,-1,3
6811810,22,23,-1,-1,3
6816003,24,44,-1,-1,1
6814917,32,10,-1,-1,1
6815830,58,19,-1,-1,0
6814388,5,5,-1,-1,7
6812017,37,26,-1,-1,3
6815336,29,41,-1,-1,2
6815541,50,20,-1,-1,6
6813873,55,20,-1,-1,7
6807557,8,52,-1,-1,4
6809766,8,46,-1,-1,3
6814963,3,26,-1,-1,0
6815919,54,5,-1,-1,1
6814197,27,43,-1,-1,7
6815431,15,48,-1,-1,3
6815873,15,43,-1,-1,7
6814942,57,25,-1,-1,6
6812545,56,5,-1,-1,2
6815071,14,35,-1,-1,4
6810853,46,2,-1,-1,1
6815675,52,33,-1,-1,4
6815668,51,22,-1,-1,5
6815616,23,46,-1,-1,6
6815215,43,9,-1,-1,1
6810103,58,31,-1,-1,0
6815606,0,24,-1,-1,1
6814971,4,45,-1,-1,7
6811677,50,54,-1,-1,6
6807607,12,56,-1,-1,6
6810771,38,32,-1,-1,5
6808227,1,41,-1,-1,1
6812370,10,20,-1,-1,3
6804248,41,58,-1,-1,7
6806932,35,58,-1,-1,1
6808622,4,47,-1,-1,7
6813934,20,7,-1,-1,2
6815852,34,30,-1,-1,5
6812981,31,6,-1,-1,7
6814850,51,46,-1,-1,3
6810567,46,21,-1,-1,3
6814748,12,50,-1,-1,7
6811853,5,38,-1,-1,0
6812648,34,55,-1,-1,3
6812420,32,8,-1,-1,3
6811708,32,35,-1,-1,6
6812124,14,57,-1,-1,7
6812468,17,18,-1,-1,3
6808048,41,19,-1,-1,2
6814471,14,18,-1,-1,5
6815947,22,2,-1,-1,7
6814322,17,2,-1,-1,0
6814246,5,34,-1,-1,1
6812381,19,16,-1,-1,6
6802139,8,4,-1,-1,2
6810553,44,18,-1,-1,1
6814838,12,17,-1,-1,1
6814934,39,14,-1,-1,7
6814537,10,46,-1,-1,5
6813714,34,22,-1,-1,7
6812443,14,15,-1,-1,4
6815688,25,55,-1,-1,1
6815899,29,33,-1,-1,5
6808584,0,50,-1,-1,0
6813981,42,10,-1,-1,2
6815868,20,34,-1,-1,3
6814447,37,47,-1,-1,2
6808967,29,2,-1,-1,4
6807229,51,35,-1,-1,7
6813280,43,22,-1,-1,2
6812229,11,14,-1,-1,3
6810984,52,4,-1,-1,0
6808862,30,50,-1,-1,3
6815805,58,12,-1,-1,0
6793901,3,47,-1,-1,5
6814339,24,28,-1,-1,0
6814084,9,42,-1,-1,4
6810744,30,6,-1,-1,7
6815907,27,33,-1,-1,4
6815930,16,16,-1,-1,5
6810684,56,25,-1,-1,4
6814531,32,58,-1,-1,0
6815024,33,48,-1,-1,1
6815395,55,24,-1,-1,7
6815311,11,39,-1,-1,2
6810593,2,28,-1,-1,1
6811204,7,45,-1,-1,2
6814721,54,28,-1,-1,5
6813343,34,34,-1,-1,7
6813081,54,24,-1,-1,4
6813924,43,6,-1,-1,6
6815382,16,23,-1,-1,4
6815266,35,47,-1,-1,4
6814852,26,26,-1,-1,7
6797604,5,39,-1,-1,2
6813531,37,3,-1,-1,3
6815757,44,14,-1,-1,2
6815982,19,51,-1,-1,5
6815278,18,41,-1,-1,7
6806169,35,24,-1,-1,4
6810036,33,38,-1,-1,0
6811824,56,58,-1,-1,0
6812547,30,56,-1,-1,7
6814895,32,28,-1,-1,6
6812375,24,27,-1,-1,1
6812063,24,25,-1,-1,4
6812451,15,14,-1,-1,1
6809392,32,0,-1,-1,2
6812433,20,43,-1,-1,2
6813223,57,34,-1,-1,6
6809486,54,4,-1,-1,6
6809831,45,47,-1,-1,4
6813215,23,19,-1,-1,7
6815065,24,32,-1,-1,2
6815968,6,15,-1,-1,4
6807924,11,6,-1,-1,5
6806629,16,58,-1,-1,0
6814976,11,55,-1,-1,2
6812967,45,11,-1,-1,5
6814675,11,30,-1,-1,3
6809590,23,5,-1,-1,7
6813486,27,44,-1,-1,2
6813869,3,29,-1,-1,3
6814589,26,34,-1,-1,5
6813668,34,6,-1,-1,3
6804438,15,9,-1,-1,7
6811743,14,22,-1,-1,4
6812162,53,29,-1,-1,2
6811941,37,45,-1,-1,2
6811509,13,20,-1,-1,5
6815835,21,24,-1,-1,7
6815664,26,0,-1,-1,6
6809518,1,49,-1,-1,0
6811482,38,40,-1,-1,4
6812382,53,46,-1,-1,3
6808262,49,28,-1,-1,7
6815694,51,31,-1,-1,7
6808592,53,30,-1,-1,1
6814884,30,33,-1,-1,4
6814579,46,19,-1,-1,0
6814137,28,17,-1,-1,6
6815955,17,5,-1,-1,3
6815553,7,47,-1,-1,4
6815086,34,56,-1,-1,5
6807257,51,8,-1,-1,4
6810365,31,31,-1,-1,0
6812913,43,27,-1,-1,2
6815611,5,35,-1,-1,2
6811770,50,35,-1,-1,6
6815372,19,11,-1,-1,0
6815587,36,52,-1,-1,5
6814000,41,34,-1,-1,7
6808436,16,32,-1,-1,1
6812839,27,8,-1,-1,4
6813953,51,45,-1,-1,2
6814609,10,16,-1,-1,2
6814756,27,49,-1,-1,5
6814891,38,44,-1,-1,3
6815457,26,30,-1,-1,7
6814534,46,40,-1,-1,1
6815327,41,2,-1,-1,2
6815362,35,50,-1,-1,1
6815997,22,44,-1,-1,7
6812264,39,35,-1,-1,1
6808890,38,57,-1,-1,0
6815703,20,45,-1,-1,2
6809906,47,46,-1,-1,2
6808828,39,19,-1,-1,2
6811282,32,54,-1,-1,7
6815536,2,47,-1,-1,0
6815390,56,47,-1,-1,1
6807024,44,42,-1,-1,4
6815270,40,45,-1,-1,0
6812339,54,7,-1,-1,5
6811666,19,12,-1,-1,3
6812285,40,5,-1,-1,0
6814482,24,30,-1,-1,4
6814266,13,52,-1,-1,3
6814314,30,3,-1,-1,5
6814201,4,9,-1,-1,4
6815367,30,29,-1,-1,0
6815472,36,4,-1,-1,3
6816046,41,40,-1,-1,7
6806701,40,29,-1,-1,7
6807073,42,41,-1,-1,6
6810970,39,12,-1,-1,4
6815100,18,21,-1,-1,3
6811547,32,5,-1,-1,5
6814335,55,19,-1,-1,7
6809621,5,44,-1,-1,6
6814546,31,49,-1,-1,6
6813002,9,14,-1,-1,4
6809497,2,44,-1,-1,2
6815404,13,40,-1,-1,5
6811499,19,33,-1,-1,5
6814091,6,21,-1,-1,2
6810452,57,48,-1,-1,6
6814706,12,4,-1,-1,7
6811931,20,11,-1,-1,3
6815448,53,10,-1,-1,1
6811927,40,30,-1,-1,1
6809798,56,21,-1,-1,4
6811530,23,57,-1,-1,5
6809824,0,4,-1,-1,0
6813923,19,44,-1,-1,2
6814040,19,36,-1,-1,2
6809568,39,26,-1,-1,4
6815492,30,18,-1,-1,5
6816040,52,7,-1,-1,3
6808698,41,49,-1,-1,0
6810094,30,2,-1,-1,2
6815234,38,26,-1,-1,5
6807613,26,54,-1,-1,6
6815409,40,38,-1,-1,6
6813656,4,34,-1,-1,1
6812941,33,30,-1,-1,1
6815612,41,18,-1,-1,6
6814269,46,34,-1,-1,7
6813959,27,38,-1,-1,0
6812056,56,19,-1,-1,3
6810337,26,6,-1,-1,4
6811332,40,2,-1,-1,1
6813562,9,37,-1,-1,5
6815862,47,48,-1,-1,3
6810683,2,10,-1,-1,4
6812397,29,20,-1,-1,5
6813806,40,17,-1,-1,5
6813391,18,42,-1,-1,4
6815415,15,22,-1,-1,1
6815888,22,42,-1,-1,0
6806422,1,9,-1,-1,1
6815534,35,22,-1,-1,6
6811628,7,22,-1,-1,3
6812827,6,10,-1,-1,6
6809009,58,8,-1,-1,0
6815959,12,30,-1,-1,3
6812131,45,19,-1,-1,0
6815586,9,20,-1,-1,3
6810691,58,56,-1,-1,4
6807914,2,53,-1,-1,3
6813791,41,36,-1,-1,5
6808338,19,47,-1,-1,6
6814110,56,23,-1,-1,2
6803062,18,46,-1,-1,2
6815181,14,5,-1,-1,1
6814422,42,15,-1,-1,1
6814631,12,7,-1,-1,6
6791270,37,58,-1,-1,1
6811253,47,7,-1,-1,2
6813122,46,45,-1,-1,4
6812055,9,48,-1,-1,7
6815539,35,38,-1,-1,5
6814830,57,6,-1,-1,1
6813043,16,4,-1,-1,2
6814660,9,30,-1,-1,3
6815105,44,12,-1,-1,5
6813598,44,22,-1,-1,7
6808091,21,9,-1,-1,6
6808591,6,27,-1,-1,5
6812696,9,19,-1,-1,1
6807371,55,7,-1,-1,2
6814594,58,24,-1,-1,4
6813926,2,58,-1,-1,0
6812069,36,22,-1,-1,3
6815804,24,26,-1,-1,3
6813252,1,27,-1,-1,1
6814541,40,4,-1,-1,0
6816031,3,27,-1,-1,5
6815657,21,28,-1,-1,4
6815437,43,1,-1,-1,4
6814872,46,17,-1,-1,2
6814726,38,56,-1,-1,0
6812158,23,3,-1,-1,6
6811163,5,33,-1,-1,7
6811060,22,22,-1,-1,0
6815401,32,44,-1,-1,0
6815340,23,43,-1,-1,1
6801150,1,35,-1,-1,4
6815192,26,55,-1,-1,5
6814396,26,32,-1,-1,4
6811563,22,54,-1,-1,1
6800996,27,58,-1,-1,0
6814131,8,44,-1,-1,6
6814955,54,11,-1,-1,5
6815699,2,25,-1,-1,0
6812494,13,3,-1,-1,5
6813363,37,24,-1,-1,6
6813637,44,17,-1,-1,0
6814069,6,45,-1,-1,2
6813899,34,1,-1,-1,0
6812454,9,43,-1,-1,6
6815091,35,29,-1,-1,0
6808964,14,23,-1,-1,5
6809579,12,21,-1,-1,5
6815132,28,23,-1,-1,3
6814491,14,31,-1,-1,3
6809156,10,19,-1,-1,0
6813231,56,32,-1,-1,1
6814718,4,53,-1,-1,6
6814781,29,36,-1,-1,2
6813993,35,45,-1,-1,3
6812889,41,32,-1,-1,3
6814940,58,39,-1,-1,0
6815185,56,1,-1,-1,7
6808705,8,33,-1,-1,7
6815388,31,47,-1,-1,7
6816015,29,54,-1,-1,6
6811146,13,31,-1,-1,4
6815084,45,24,-1,-1,5
6813382,55,54,-1,-1,5
6809490,32,55,-1,-1,0
6814554,38,3,-1,-1,0
6809889,10,13,-1,-1,6
6811117,14,8,-1,-1,4
6815685,25,0,-1,-1,4
6814506,27,23,-1,-1,7
6815169,26,9,-1,-1,6
6812924,37,2,-1,-1,6
6814977,32,27,-1,-1,7
6815910,39,33,-1,-1,2
6814611,11,53,-1,-1,1
6794295,39,43,-1,-1,2
6814343,57,8,-1,-1,2
6809987,29,8,-1,-1,7
6815960,47,58,-1,-1,2
6812440,56,26,-1,-1,3
6808226,6,3,-1,-1,6
6806619,57,36,-1,-1,7
6814876,28,53,-1,-1,2
6812463,26,38,-1,-1,4
6813117,5,30,-1,-1,4
6810314,19,53,-1,-1,5
6812829,52,56,-1,-1,7
6813254,6,46,-1,-1,6
6804927,33,11,-1,-1,0
6813585,33,35,-1,-1,4
6813010,27,31,-1,-1,2
6811319,22,45,-1,-1,2
6810598,0,22,-1,-1,1
6813890,44,28,-1,-1,1
6803602,8,9,-1,-1,3
6816009,21,19,-1,-1,2
6811757,25,32,-1,-1,1
6815970,31,58,-1,-1,6
6804792,34,54,-1,-1,3
6812099,36,29,-1,-1,1
6808681,47,16,-1,-1,7
6811994,49,37,-1,-1,3
6812202,47,35,-1,-1,3
6811751,3,33,-1,-1,0
6812408,50,17,-1,-1,6
6811654,18,52,-1,-1,0
6814147,17,36,-1,-1,7
6812299,43,14,-1,-1,6
6814214,4,33,-1,-1,6
6803776,35,31,-1,-1,7
6811381,39,58,-1,-1,6
6815660,44,29,-1,-1,4
6809713,15,18,-1,-1,1
6812686,34,18,-1,-1,3
6815890,56,33,-1,-1,5
6815777,53,4,-1,-1,5
6814703,42,11,-1,-1,6
6814719,33,16,-1,-1,2
6814803,24,39,-1,-1,2
6815731,39,40,-1,-1,7
6813035,38,16,-1,-1,0
6810906,5,28,-1,-1,0
6812108,39,36,-1,-1,1
6809990,15,54,-1,-1,1
6810137,36,56,-1,-1,6
6815820,17,31,-1,-1,3
6811348,56,45,-1,-1,2
6810687,54,53,-1,-1,4
6815177,7,13,-1,-1,7
6815458,48,2,-1,-1,6
6812557,28,3,-1,-1,7
6815950,22,5,-1,-1,4
6813790,45,31,-1,-1,0
6813825,30,35,-1,-1,0
6813879,48,49,-1,-1,2
6813070,13,1,-1,-1,0
6811713,22,21,-1,-1,7
6813602,15,46,-1,-1,0
6814331,54,34,-1,-1,0
6815286,18,39,-1,-1,0
6813152,29,21,-1,-1,1
6815455,18,56,-1,-1,7
6815621,21,31,-1,-1,7
6810043,33,18,-1,-1,5
6812852,8,12,-1,-1,1
6810870,39,37,-1,-1,4
6815061,11,50,-1,-1,6
6806052,43,53,-1,-1,3
6812958,44,21,-1,-1,0
6815559,10,41,-1,-1,6
6814879,28,12,-1,-1,6
6813666,24,40,-1,-1,2
6814923,36,3,-1,-1,1
6813062,20,56,-1,-1,3
6802353,44,2,-1,-1,1
6811950,45,36,-1,-1,3
6814784,18,32,-1,-1,3
6815564,23,32,-1,-1,6
6809908,8,50,-1,-1,1
6815945,31,46,-1,-1,1
6803331,8,30,-1,-1,7
6790918,58,44,-1,-1,0
6814277,29,58,-1,-1,7
6814984,25,22,-1,-1,3
6815350,4,38,-1,-1,6
6813519,29,3,-1,-1,5
6812742,21,32,-1,-1,0
6816041,6,47,-1,-1,6
6812337,51,51,-1,-1,1
6814489,38,10,-1,-1,5
6815349,7,11,-1,-1,6
6805671,29,28,-1,-1,1
6816017,13,13,-1,-1,3
6814178,58,20,-1,-1,6
6815599,57,33,-1,-1,0
6814022,38,41,-1,-1,1
6813845,27,52,-1,-1,5
6815351,2,57,-1,-1,1
6812928,14,30,-1,-1,6
6814398,30,21,-1,-1,6
6811313,42,54,-1,-1,4
6812504,37,49,-1,-1,5
6812240,42,21,-1,-1,7
6815658,33,1,-1,-1,5
6803085,7,56,-1,-1,6
6807338,40,57,-1,-1,3
6814377,22,25,-1,-1,0
6815855,31,14,-1,-1,5
6815364,22,31,-1,-1,2
6810668,5,18,-1,-1,5
6809598,50,38,-1,-1,3
6804865,44,4,-1,-1,5
6810482,58,16,-1,-1,7
6812698,46,8,-1,-1,3
6815728,51,17,-1,-1,3
6811984,26,21,-1,-1,2
6807191,50,39,-1,-1,2
6814903,44,23,-1,-1,0
6815792,51,44,-1,-1,6
6813124,51,27,-1,-1,3
6815003,57,13,-1,-1,6
6812011,13,5,-1,-1,6
6815901,28,36,-1,-1,4
6815719,35,43,-1,-1,6
6814461,25,36,-1,-1,7
6809913,12,29,-1,-1,6
6812590,41,35,-1,-1,1
6811152,23,30,-1,-1,7
6812394,37,30,-1,-1,6
6809342,26,39,-1,-1,4
6814369,34,33,-1,-1,0
6812943,0,42,-1,-1,3
6814390,36,31,-1,-1,3
6812915,11,49,-1,-1,0
6812804,1,45,-1,-1,3
6809124,21,4,-1,-1,7
6807935,44,52,-1,-1,4
6812250,31,8,-1,-1,7
6813693,36,0,-1,-1,4
6813066,15,34,-1,-1,0
6814889,23,26,-1,-1,0
6810435,50,41,-1,-1,7
6812714,9,47,-1,-1,2
6813942,56,8,-1,-1,5
6811972,3,7,-1,-1,4
6813092,45,2,-1,-1,7
6806544,57,50,-1,-1,4
6813209,50,11,-1,-1,0
6800422,42,17,-1,-1,7
6815277,32,19,-1,-1,1
6813951,48,40,-1,-1,5
6814629,50,7,-1,-1,6
6813728,23,53,-1,-1,0
6809134,48,37,-1,-1,0
6810023,5,23,-1,-1,7
6814730,32,13,-1,-1,3
6807551,7,54,-1,-1,0
6809821,52,6,-1,-1,4
6812794,46,39,-1,-1,1
6809233,53,39,-1,-1,7
6812374,46,24,-1,-1,5
6815722,52,52,-1,-1,2
6812980,7,57,-1,-1,2
6810743,3,53,-1,-1,0
6805752,51,54,-1,-1,1
6815866,30,10,-1,-1,6
6813422,46,9,-1,-1,7
6813017,54,0,-1,-1,6
6810758,38,55,-1,-1,7
6814618,14,17,-1,-1,5
6815271,17,33,-1,-1,3
6810389,12,45,-1,-1,2
6814769,48,15,-1,-1,2
6812291,33,51,-1,-1,0
6815193,6,13,-1,-1,3
6815884,44,7,-1,-1,5
6813332,9,32,-1,-1,0
6815289,50,24,-1,-1,2
6814130,21,50,-1,-1,1
6812482,39,46,-1,-1,5
6814302,4,20,-1,-1,3
6815505,32,47,-1,-1,7
6812870,37,0,-1,-1,2
6815957,30,24,-1,-1,7
6812550,53,18,-1,-1,5
6812592,42,47,-1,-1,0
6814612,17,21,-1,-1,2
6807360,8,7,-1,-1,4
6815847,15,26,-1,-1,3
6812073,22,32,-1,-1,2
6807807,25,31,-1,-1,5
6812175,36,11,-1,-1,5
6803786,57,58,-1,-1,2
6807951,8,48,-1,-1,7
6815180,53,26,-1,-1,2
6810754,46,15,-1,-1,1
6813040,55,40,-1,-1,2
6814031,5,52,-1,-1,7
6814336,44,44,-1,-1,2
6807452,37,7,-1,-1,5
6814500,41,5,-1,-1,4
6815795,8,26,-1,-1,7
6815627,58,23,-1,-1,0
6812387,32,34,-1,-1,6
6805659,0,23,-1,-1,4
6813692,54,30,-1,-1,5
6814856,57,20,-1,-1,0
6808756,47,22,-1,-1,5
6809569,44,53,-1,-1,7
6810622,36,21,-1,-1,1
6809377,34,57,-1,-1,7
6815756,16,15,-1,-1,0
6811298,39,57,-1,-1,4
6811612,39,41,-1,-1,0
6814535,2,18,-1,-1,1
6814075,58,47,-1,-1,6
6812350,27,56,-1,-1,2
6806651,27,5,-1,-1,6
6815854,9,4,-1,-1,7
6815979,44,9,-1,-1,5
6815196,32,18,-1,-1,3
6794903,0,1,-1,-1,4
6814982,3,5,-1,-1,3
6814807,3,13,-1,-1,2
6813633,6,4,-1,-1,6
6815911,35,46,-1,-1,3
6814515,12,51,-1,-1,1
6812060,56,17,-1,-1,5
6811340,50,2,-1,-1,3
6809810,30,20,-1,-1,0
6811771,31,35,-1,-1,5
6814540,47,15,-1,-1,7
6815933,20,1,-1,-1,7
6814848,26,19,-1,-1,0
6815695,47,56,-1,-1,1
6813843,48,47,-1,-1,5
6815011,0,15,-1,-1,4
6810748,50,3,-1,-1,4
6813163,47,8,-1,-1,0
6815665,1,48,-1,-1,0
6815760,14,40,-1,-1,2
6816018,9,21,-1,-1,7
6814161,29,22,-1,-1,7
6815876,4,46,-1,-1,2
6810628,43,8,-1,-1,3
6815999,16,50,-1,-1,5
6815307,36,53,-1,-1,0
6815879,11,1,-1,-1,7
6811304,44,37,-1,-1,7
6810273,15,55,-1,-1,6
6813956,42,37,-1,-1,0
6812190,47,13,-1,-1,2
6812333,19,14,-1,-1,2
6811098,35,9,-1,-1,1
6814897,21,35,-1,-1,0
6813755,50,34,-1,-1,2
6811341,26,51,-1,-1,7
6815383,52,24,-1,-1,0
6814455,7,0,-1,-1,4
6815649,30,47,-1,-1,0
6804308,50,6,-1,-1,7
6813179,20,38,-1,-1,7
6814198,14,55,-1,-1,2
6812683,49,7,-1,-1,7
6813831,28,9,-1,-1,2
6814648,53,17,-1,-1,0
6812914,35,16,-1,-1,0
6811801,39,31,-1,-1,3
6810160,51,6,-1,-1,7
6814580,58,34,-1,-1,4
6815421,25,41,-1,-1,1
6815916,30,40,-1,-1,1
6811823,38,34,-1,-1,5
6809929,12,22,-1,-1,7
6814798,3,42,-1,-1,6
6809841,20,27,-1,-1,7
6811010,54,35,-1,-1,2
6812290,11,51,-1,-1,7
6811021,50,58,-1,-1,1
6815646,23,39,-1,-1,2
6810965,12,32,-1,-1,6
6814744,48,11,-1,-1,0
6814057,49,45,-1,-1,4
6815822,5,54,-1,-1,5
6815849,21,20,-1,-1,7
6815656,7,9,-1,-1,3
6814812,20,50,-1,-1,0
6815625,25,11,-1,-1,7
6813574,22,8,-1,-1,1
6811220,46,37,-1,-1,1
6815964,42,18,-1,-1,0
6797859,7,29,-1,-1,2
6815219,53,36,-1,-1,3
6812974,38,38,-1,-1,2
6815990,24,43,-1,-1,7
6816039,30,39,-1,-1,5
6815195,30,19,-1,-1,3
6811026,34,29,-1,-1,5
6810940,47,47,-1,-1,4
6813766,11,33,-1,-1,3
6813909,39,55,-1,-1,7
6811119,37,20,-1,-1,6
6813887,53,40,-1,-1,0
6815159,52,20,-1,-1,2
6812970,15,35,-1,-1,6
6813236,11,22,-1,-1,5
6809328,47,6,-1,-1,5
6811920,30,46,-1,-1,6
6815759,46,48,-1,-1,1
6814249,2,11,-1,-1,0
6815749,50,27,-1,-1,7
6815812,53,3,-1,-1,2
6813020,19,20,-1,-1,5
6813657,24,42,-1,-1,5
6814845,12,13,-1,-1,7
6808445,35,26,-1,-1,7
6809856,14,20,-1,-1,4
6808471,45,0,-1,-1,6
6814549,7,38,-1,-1,1
6813600,32,17,-1,-1,3
6814767,29,37,-1,-1,6
6809846,51,43,-1,-1,5
6814656,10,7,-1,-1,4
6815150,32,32,-1,-1,4
6814219,28,56,-1,-1,4
6809181,37,9,-1,-1,6
6815865,19,58,-1,-1,1
6814356,58,15,-1,-1,4
6813467,24,12,-1,-1,1
6809762,53,13,-1,-1,4
6813341,24,49,-1,-1,5
6811498,17,0,-1,-1,5
6815230,21,17,-1,-1,3
6803332,58,5,-1,-1,5
6815973,9,52,-1,-1,5
6812260,57,35,-1,-1,1
6814384,6,37,-1,-1,6
6805281,57,7,-1,-1,5
6800867,40,56,-1,-1,2
6815447,6,26,-1,-1,2
6813485,50,5,-1,-1,0
6813651,24,1,-1,-1,3
6809332,44,19,-1,-1,5
6810509,56,35,-1,-1,4
6814773,35,19,-1,-1,4
6812987,26,48,-1,-1,7
6814512,50,50,-1,-1,2
6804609,56,2,-1,-1,7
6806621,29,43,-1,-1,6
6814625,36,35,-1,-1,7
6811158,22,50,-1,-1,0
6815308,5,55,-1,-1,5
6815190,11,41,-1,-1,1
6805784,8,38,-1,-1,4
6809530,24,55,-1,-1,2
6815861,26,18,-1,-1,6
6814810,31,38,-1,-1,7
6805883,41,7,-1,-1,5
6813632,8,35,-1,-1,4
6801564,38,42,-1,-1,5
6814443,29,55,-1,-1,7
6814049,4,40,-1,-1,6
6813364,16,5,-1,-1,3
6813998,8,42,-1,-1,5
6813143,37,37,-1,-1,5
6807742,8,49,-1,-1,5
6812595,31,48,-1,-1,4
6807101,46,38,-1,-1,4
6814702,37,41,-1,-1,5
6814818,32,20,-1,-1,1
6814731,37,13,-1,-1,6
6811442,20,58,-1,-1,0
6813822,12,25,-1,-1,0
6811145,52,9,-1,-1,0
6815475,35,6,-1,-1,6
6810394,53,9,-1,-1,5
6814312,24,24,-1,-1,1
6814789,10,27,-1,-1,1
6813321,55,37,-1,-1,0
6813354,10,0,-1,-1,4
6811356,31,4,-1,-1,2
6816022,30,26,-1,-1,7
6815641,1,21,-1,-1,7
6815825,11,18,-1,-1,0
6808882,51,24,-1,-1,6
6815229,27,45,-1,-1,0
6815655,33,15,-1,-1,1
6815763,6,55,-1,-1,7
6811142,1,36,-1,-1,0
6801829,50,37,-1,-1,2
6808277,8,43,-1,-1,1
6813477,45,16,-1,-1,7
6814881,52,3,-1,-1,0
6815290,22,57,-1,-1,4
6815956,23,36,-1,-1,4
6812234,42,4,-1,-1,6
6808953,12,35,-1,-1,6
6814119,1,56,-1,-1,2
6814298,0,57,-1,-1,0
6806523,1,6,-1,-1,3
6808069,29,32,-1,-1,5
6811469,47,0,-1,-1,6
6802735,2,51,-1,-1,3
6812573,41,16,-1,-1,1
6814689,23,11,-1,-1,0
6811728,43,29,-1,-1,4
6813403,11,40,-1,-1,3
6814103,8,16,-1,-1,0
6814123,29,50,-1,-1,4
6815139,35,37,-1,-1,0
6814124,33,31,-1,-1,7
6812956,21,46,-1,-1,1
6812548,13,33,-1,-1,1
6805512,24,54,-1,-1,3
6815153,52,11,-1,-1,2
6813897,3,19,-1,-1,5
6803898,0,13,-1,-1,3
6814230,51,57,-1,-1,5
6814849,20,36,-1,-1,6
6811557,52,5,-1,-1,6
6815033,52,10,-1,-1,1
6815758,29,13,-1,-1,1
6816032,48,1,-1,-1,0
6813781,53,8,-1,-1,5
6802127,10,53,-1,-1,4
6813979,41,0,-1,-1,4
6815672,58,2,-1,-1,6
6814007,45,5,-1,-1,0
6809843,24,52,-1,-1,7
6815853,18,54,-1,-1,1
6805599,10,1,-1,-1,1
6812837,54,39,-1,-1,3
6805976,39,7,-1,-1,1
6814208,17,8,-1,-1,7
6814965,13,23,-1,-1,2
6813428,38,53,-1,-1,3
6815124,12,8,-1,-1,7
6814160,0,51,-1,-1,3
6803976,1,4,-1,-1,1
6815809,16,17,-1,-1,7
6813548,4,26,-1,-1,3
6811808,6,5,-1,-1,3
6813427,24,46,-1,-1,6
6810733,17,43,-1,-1,6
6814905,44,24,-1,-1,7
6814453,14,50,-1,-1,5
6807549,1,40,-1,-1,6
6815414,0,31,-1,-1,2
6815680,19,32,-1,-1,4
6813083,47,11,-1,-1,7
6815905,28,51,-1,-1,5
6813153,43,3,-1,-1,0
6814183,30,4,-1,-1,3
6812288,54,12,-1,-1,6
6796175,0,19,-1,-1,1
6809325,1,34,-1,-1,6
6812480,35,36,-1,-1,0
6815926,58,33,-1,-1,5
6807654,55,18,-1,-1,3
6810430,11,26,-1,-1,4
6811775,43,38,-1,-1,0
6813969,20,21,-1,-1,3
6806057,56,52,-1,-1,6
6814779,15,31,-1,-1,6
6812000,55,52,-1,-1,7
6813642,18,6,-1,-1,1
6814728,54,20,-1,-1,0
6815252,39,2,-1,-1,1
6814032,51,26,-1,-1,1
6814560,34,0,-1,-1,2
6814187,1,7,-1,-1,2
6812601,13,34,-1,-1,4
6814816,56,4,-1,-1,3
6806130,43,2,-1,-1,0
6812572,34,35,-1,-1,6
6812252,20,30,-1,-1,6
6815392,50,26,-1,-1,3
6813211,42,45,-1,-1,1
6796420,0,36,-1,-1,3
6810034,45,50,-1,-1,1
6806694,33,9,-1,-1,5
6814753,14,37,-1,-1,4
6813056,20,47,-1,-1,5
6811106,27,15,-1,-1,7
6814530,32,49,-1,-1,6
6814751,26,25,-1,-1,1
6806765,6,40,-1,-1,4
6813347,28,13,-1,-1,1
6796818,18,58,-1,-1,6
6814552,27,1,-1,-1,1
6808908,43,31,-1,-1,7
6814909,50,22,-1,-1,6
6808620,38,33,-1,-1,0
6804208,51,56,-1,-1,1
6810476,16,26,-1,-1,0
6815146,34,53,-1,-1,1
6815677,54,37,-1,-1,6
6811225,3,40,-1,-1,6
6815998,3,17,-1,-1,0
6815575,10,42,-1,-1,6
6811268,11,57,-1,-1,7
6811833,34,20,-1,-1,0
6807003,37,6,-1,-1,3
6813155,19,0,-1,-1,2
6815348,2,48,-1,-1,7
6811596,20,57,-1,-1,7
6815782,46,10,-1,-1,0
6815217,18,57,-1,-1,0
6813621,10,15,-1,-1,1
6810437,30,5,-1,-1,7
6814715,23,22,-1,-1,5
6814969,33,33,-1,-1,6
6812803,5,41,-1,-1,6
6799496,52,22,-1,-1,1
6814474,6,49,-1,-1,5
6815693,41,25,-1,-1,5
6810480,55,43,-1,-1,0
6815874,20,4,-1,-1,4
6815164,21,51,-1,-1,2
6815143,0,7,-1,-1,3
6813318,42,52,-1,-1,0
6814593,27,46,-1,-1,4
6812909,58,14,-1,-1,6
6813828,31,37,-1,-1,4
6814910,28,34,-1,-1,7
6815635,10,44,-1,-1,7
6809627,12,36,-1,-1,1
6808178,57,53,-1,-1,3
6810661,46,57,-1,-1,1
6811005,47,30,-1,-1,7
6808825,5,37,-1,-1,2
6812549,40,12,-1,-1,1
6815576,16,30,-1,-1,0
6815063,40,52,-1,-1,7
6815761,3,43,-1,-1,3
6815037,18,48,-1,-1,2
6815704,18,19,-1,-1,0
6812882,8,21,-1,-1,0
6812249,3,44,-1,-1,0
6811012,25,43,-1,-1,2
6815689,16,34,-1,-1,2
6797358,58,57,-1,-1,4
6813772,56,30,-1,-1,7
6815044,22,16,-1,-1,3
6813919,26,40,-1,-1,4
6813782,40,55,-1,-1,2
6814694,35,2,-1,-1,4
6812398,37,19,-1,-1,0
6815188,27,53,-1,-1,7
6806749,20,5,-1,-1,1
6812434,13,7,-1,-1,2
6805972,23,15,-1,-1,0
6815651,11,2,-1,-1,7
6813733,48,35,-1,-1,7
6812277,4,43,-1,-1,2
6814408,18,18,-1,-1,4
6814555,29,47,-1,-1,3
6814394,14,25,-1,-1,0
6815848,26,43,-1,-1,0
6813423,24,11,-1,-1,1
6811697,9,31,-1,-1,1
6811747,47,23,-1,-1,1
6815481,30,32,-1,-1,6
6814948,42,58,-1,-1,0
6815323,44,1,-1,-1,7
6815055,47,17,-1,-1,4
6812955,17,57,-1,-1,2
6814603,0,37,-1,-1,4
6811197,2,12,-1,-1,6
6810956,47,54,-1,-1,1
6811495,28,37,-1,-1,0
6815291,50,21,-1,-1,2
6814501,29,52,-1,-1,6
6811624,17,25,-1,-1,0
6811400,2,33,-1,-1,6
6811432,18,33,-1,-1,2
6813533,57,44,-1,-1,5
6808934,39,39,-1,-1,3
6814885,14,49,-1,-1,7
6811937,17,27,-1,-1,1
6812897,32,56,-1,-1,2
6807910,30,1,-1,-1,7
6811061,2,7,-1,-1,2
6807295,24,47,-1,-1,1
6815391,56,22,-1,-1,6
6808515,41,47,-1,-1,0
6812989,13,10,-1,-1,4
6813522,31,1,-1,-1,4
6813559,37,38,-1,-1,1
6811516,37,48,-1,-1,6
6815793,40,53,-1,-1,2
6815903,20,33,-1,-1,6
6814381,28,45,-1,-1,1
6815491,29,38,-1,-1,3
6814621,25,23,-1,-1,7
6814814,11,47,-1,-1,4
6814938,5,56,-1,-1,2
6815747,15,33,-1,-1,6
6814490,35,14,-1,-1,3
6814957,14,21,-1,-1,7
6815093,13,35,-1,-1,0
6814605,39,6,-1,-1,7
6797093,55,49,-1,-1,0
6812237,21,37,-1,-1,1
6812584,58,36,-1,-1,0
6813735,16,51,-1,-1,7
6812645,45,15,-1,-1,3
6806793,3,20,-1,-1,7
6813401,22,9,-1,-1,3
6814821,55,26,-1,-1,2
6810290,58,50,-1,-1,6
6813752,49,0,-1,-1,2
6815373,27,37,-1,-1,5
6813483,40,27,-1,-1,7
6815410,12,11,-1,-1,6
6816011,34,25,-1,-1,1
6815038,13,47,-1,-1,5
6815856,51,55,-1,-1,3
6812719,58,51,-1,-1,4
6815503,18,43,-1,-1,4
6814995,55,25,-1,-1,7
6816034,49,38,-1,-1,7
6815844,1,14,-1,-1,7
6813543,39,21,-1,-1,7
6811157,11,32,-1,-1,5
6813247,26,4,-1,-1,1
6812316,54,52,-1,-1,7
6813030,14,28,-1,-1,1
6815962,29,0,-1,-1,3
6813287,21,21,-1,-1,2
6814068,10,51,-1,-1,1
6811075,13,22,-1,-1,1
6811103,15,6,-1,-1,5
6812836,24,2,-1,-1,0
6813555,0,18,-1,-1,2
6811623,30,14,-1,-1,3
6813150,57,54,-1,-1,4
6807241,44,36,-1,-1,2
6815316,23,55,-1,-1,7
6813119,7,37,-1,-1,5
6814941,23,10,-1,-1,7
6813128,42,46,-1,-1,6
6815583,19,3,-1,-1,6
6808726,34,39,-1,-1,4
6814925,22,49,-1,-1,2
6815482,43,16,-1,-1,6
6815813,19,38,-1,-1,0
6815567,8,19,-1,-1,3
6815034,28,24,-1,-1,0
6814799,6,17,-1,-1,4
6813376,31,22,-1,-1,2
6815064,46,42,-1,-1,3
6815171,12,26,-1,-1,0
6815969,19,49,-1,-1,5
6802004,52,30,-1,-1,4
6815104,45,13,-1,-1,6
6790476,29,5,-1,-1,1
6809027,42,8,-1,-1,4
6808329,53,51,-1,-1,2
6815569,56,44,-1,-1,4
6811206,55,38,-1,-1,5
6812383,23,38,-1,-1,7
6809734,1,39,-1,-1,2
6814820,19,25,-1,-1,1
6814097,25,51,-1,-1,4
6810123,36,34,-1,-1,2
6815232,4,8,-1,-1,3
6814677,5,51,-1,-1,1
6810544,4,39,-1,-1,3
6812207,14,54,-1,-1,5
6809675,45,6,-1,-1,5
6796955,32,7,-1,-1,3
6811317,23,18,-1,-1,1
6811115,19,17,-1,-1,6
6813115,3,22,-1,-1,7
6813291,0,0,-1,-1,4
6814989,6,48,-1,-1,6
6814851,24,17,-1,-1,4
6813614,53,19,-1,-1,5
6807038,10,26,-1,-1,7
6811739,43,17,-1,-1,6
6810993,46,12,-1,-1,2
6815775,55,0,-1,-1,6
6812523,57,5,-1,-1,1
6815341,36,27,-1,-1,4
6814329,53,45,-1,-1,4
6808836,14,7,-1,-1,5
6814802,0,58,-1,-1,1
6812929,46,29,-1,-1,3
6815067,52,41,-1,-1,0
6815280,39,1,-1,-1,3
6814393,22,29,-1,-1,0
6815408,11,9,-1,-1,4
6798292,7,44,-1,-1,5
6807097,46,32,-1,-1,5
6815831,8,14,-1,-1,3
6814508,1,22,-1,-1,2
6809618,41,4,-1,-1,3
6815050,46,0,-1,-1,3
6806017,35,42,-1,-1,7
6812123,8,27,-1,-1,5
6814196,36,33,-1,-1,0
6814060,20,19,-1,-1,7
6815904,5,31,-1,-1,2
6808019,30,11,-1,-1,2
6813385,54,44,-1,-1,4
6807161,50,56,-1,-1,2
6816024,27,17,-1,-1,7
6814796,17,58,-1,-1,0
6815748,26,12,-1,-1,1
6814499,9,27,-1,-1,6
6814968,55,35,-1,-1,3
6815800,2,21,-1,-1,3
6812357,52,38,-1,-1,7
6814185,24,14,-1,-1,1
6814669,54,22,-1,-1,7
6808251,2,31,-1,-1,7
6804330,18,40,-1,-1,0
6814639,43,40,-1,-1,2
6810947,1,29,-1,-1,0
6810564,2,17,-1,-1,1
6815148,19,27,-1,-1,0
6814892,33,6,-1,-1,5
6815994,19,37,-1,-1,0
6807748,32,30,-1,-1,3
6811527,57,1,-1,-1,4
6813136,51,58,-1,-1,2
6814607,35,11,-1,-1,6
6811412,56,9,-1,-1,6
6815737,35,44,-1,-1,1
6814565,10,23,-1,-1,7
6815212,37,25,-1,-1,7
6811051,50,0,-1,-1,6
6815850,34,45,-1,-1,4
6813307,45,58,-1,-1,2
6812163,6,22,-1,-1,0
6813667,38,52,-1,-1,5
6813208,13,30,-1,-1,7
6814134,0,20,-1,-1,0
6815182,24,38,-1,-1,6
6813846,31,10,-1,-1,6
6810464,29,48,-1,-1,7
6813130,15,30,-1,-1,5
6810520,34,16,-1,-1,6
6812378,22,19,-1,-1,3
6811521,50,8,-1,-1,2
6813855,29,7,-1,-1,5
6813487,45,53,-1,-1,3
6815943,22,39,-1,-1,1
6811008,25,47,-1,-1,1
6812721,49,5,-1,-1,7
6815267,14,6,-1,-1,4
6811213,28,4,-1,-1,6
6812788,22,10,-1,-1,6
6811889,9,22,-1,-1,7
6814139,57,55,-1,-1,7
6815619,12,20,-1,-1,3
6815588,25,35,-1,-1,4
6813094,28,35,-1,-1,2
6811705,21,23,-1,-1,6
6811231,25,45,-1,-1,0
6804729,3,14,-1,-1,7
6815486,45,45,-1,-1,2
6815076,33,56,-1,-1,1
6814920,5,42,-1,-1,4
6811187,13,0,-1,-1,6
6813213,15,28,-1,-1,2
6815609,1,0,-1,-1,3
6807623,4,37,-1,-1,1
6815297,28,50,-1,-1,0
6814317,33,24,-1,-1,6
6815081,19,52,-1,-1,1
6803715,46,49,-1,-1,0
6816007,26,15,-1,-1,3
6815359,24,41,-1,-1,1
6815735,16,1,-1,-1,6
6815744,39,18,-1,-1,0
6815468,52,26,-1,-1,0
6807255,3,16,-1,-1,0
6815996,4,36,-1,-1,5
6814073,3,52,-1,-1,6
6811744,43,33,-1,-1,2
6804968,58,21,-1,-1,4
6811940,51,16,-1,-1,5
6814179,2,19,-1,-1,3
6812679,35,10,-1,-1,2
6814945,20,54,-1,-1,3
6815363,36,25,-1,-1,1
6815013,13,25,-1,-1,7
6814742,21,16,-1,-1,6
6814440,51,34,-1,-1,5
6815406,33,27,-1,-1,7
6809031,57,0,-1,-1,4
6811656,40,22,-1,-1,3
6810521,47,28,-1,-1,6
6812499,12,28,-1,-1,0
6813895,37,21,-1,-1,0
6815533,27,41,-1,-1,7
6811875,11,29,-1,-1,3
6815958,58,0,-1,-1,5
6814832,14,24,-1,-1,5
6814847,41,12,-1,-1,3
6815937,37,39,-1,-1,3
6809809,30,13,-1,-1,1
6815659,18,51,-1,-1,6
6811891,49,25,-1,-1,1
6811639,17,3,-1,-1,0
6815018,9,1,-1,-1,7
6813357,2,49,-1,-1,6
6803081,6,50,-1,-1,4
6814029,14,4,-1,-1,6
6809765,39,52,-1,-1,1
6814918,45,41,-1,-1,6
6806010,53,23,-1,-1,6
6811079,7,5,-1,-1,0
6810386,34,44,-1,-1,5
6809489,40,32,-1,-1,4
6811244,0,44,-1,-1,0
6815515,5,27,-1,-1,0
6811589,54,23,-1,-1,3
6815123,16,31,-1,-1,4
6789132,4,27,-1,-1,6
6810203,27,7,-1,-1,1
6815042,11,11,-1,-1,0
6806405,56,53,-1,-1,4
6815565,34,21,-1,-1,5
6805251,38,45,-1,-1,7
6811449,48,9,-1,-1,7
6815168,52,32,-1,-1,5
6810861,31,0,-1,-1,5
6812059,21,1,-1,-1,5
6815354,12,2,-1,-1,5
6814205,25,12,-1,-1,3
6813458,50,10,-1,-1,7
6814743,35,56,-1,-1,0
6812760,46,51,-1,-1,6
6812206,54,19,-1,-1,2
6807100,9,34,-1,-1,2
6813455,25,19,-1,-1,1
6806361,58,52,-1,-1,6
6810206,28,43,-1,-1,4
6814545,50,42,-1,-1,0
6815329,20,22,-1,-1,0
6809382,33,41,-1,-1,2
6815686,22,55,-1,-1,0
6812282,10,30,-1,-1,0
6813494,51,3,-1,-1,7
6815101,16,47,-1,-1,7
6812533,3,39,-1,-1,7
6814367,46,52,-1,-1,2
6815399,39,44,-1,-1,3
6813992,41,29,-1,-1,6
6814486,17,4,-1,-1,4
6815530,20,8,-1,-1,3
6815604,41,45,-1,-1,4
6814875,38,49,-1,-1,7
6812431,26,13,-1,-1,6
6814168,37,55,-1,-1,5
6815841,16,35,-1,-1,7
6815629,36,50,-1,-1,3
6814778,14,29,-1,-1,2
6810485,56,55,-1,-1,3
6804332,38,30,-1,-1,2
6814146,44,55,-1,-1,2
6813550,18,30,-1,-1,5
6814870,51,32,-1,-1,1
6814473,46,54,-1,-1,5
6812262,4,16,-1,-1,2
6814933,34,49,-1,-1,3
6814333,14,53,-1,-1,5
6815755,18,16,-1,-1,7
6813454,21,12,-1,-1,5
6815718,23,7,-1,-1,5
6801120,44,50,-1,-1,1
6812599,8,10,-1,-1,5
6814760,31,52,-1,-1,6
6815444,28,28,-1,-1,7
6807915,54,16,-1,-1,2
6814426,49,12,-1,-1,0
6815878,15,11,-1,-1,1
6810945,41,52,-1,-1,4
6813514,16,42,-1,-1,3
6815224,55,39,-1,-1,5
6815545,48,24,-1,-1,4
6812868,53,47,-1,-1,7
6815843,38,29,-1,-1,1
6811454,28,29,-1,-1,4
6813771,5,4,-1,-1,1
6813610,46,1,-1,-1,0
6807063,56,28,-1,-1,2
6809970,9,16,-1,-1,1
6814585,8,37,-1,-1,7
6815049,49,24,-1,-1,4
6813768,7,48,-1,-1,3
6814098,45,8,-1,-1,1
6809939,37,36,-1,-1,4
6811774,4,5,-1,-1,5
6814457,21,6,-1,-1,3
6814873,20,10,-1,-1,6
6813063,11,19,-1,-1,3
6804135,41,53,-1,-1,2
6805604,27,29,-1,-1,7
6800914,38,51,-1,-1,7
6810738,9,9,-1,-1,5
6815517,2,29,-1,-1,6
6813838,48,0,-1,-1,6
6814053,17,12,-1,-1,2
6803399,47,42,-1,-1,1
6813623,57,43,-1,-1,6
6810468,6,16,-1,-1,0
6815897,6,39,-1,-1,2
6815443,3,35,-1,-1,4
6811116,53,57,-1,-1,4
6815542,28,18,-1,-1,5
6813717,33,20,-1,-1,3
6806087,40,35,-1,-1,2
6812862,30,52,-1,-1,5
6814954,53,33,-1,-1,0
6809641,57,21,-1,-1,4
6812314,10,50,-1,-1,1
6810091,11,3,-1,-1,6
6811366,25,58,-1,-1,1
6815016,58,25,-1,-1,4
6806146,52,46,-1,-1,3
6815214,16,39,-1,-1,4
6815991,57,30,-1,-1,6
6796532,43,51,-1,-1,7
6805192,38,14,-1,-1,2
6813447,49,22,-1,-1,4
6814583,57,10,-1,-1,0
6814536,53,6,-1,-1,3
6815000,9,28,-1,-1,2
6809660,56,11,-1,-1,0
6813138,7,23,-1,-1,2
6815387,3,38,-1,-1,4
6814921,12,37,-1,-1,0
6810101,8,40,-1,-1,6
6814020,31,43,-1,-1,5
6814824,54,29,-1,-1,6
6814475,24,29,-1,-1,6
6815995,52,35,-1,-1,4
6815706,31,29,-1,-1,3
6812580,9,7,-1,-1,5
6815407,40,6,-1,-1,5
6814189,23,41,-1,-1,4
6813258,0,33,-1,-1,1
6813675,13,45,-1,-1,6
6814690,28,2,-1,-1,2
6807064,54,9,-1,-1,2
6815783,25,52,-1,-1,0
6815938,13,16,-1,-1,0
6814620,48,50,-1,-1,6
6811789,34,17,-1,-1,5
6815369,11,45,-1,-1,2
6815687,7,8,-1,-1,5
6812389,54,26,-1,-1,1
6814787,7,31,-1,-1,1
6805331,39,47,-1,-1,6
6815237,25,49,-1,-1,6
6805217,10,33,-1,-1,5
6813996,25,33,-1,-1,2
6809656,31,42,-1,-1,1
6815986,53,1,-1,-1,4
6812444,49,27,-1,-1,0
6814662,4,29,-1,-1,2
6806731,4,14,-1,-1,1
6809428,8,22,-1,-1,6
6814837,51,47,-1,-1,1
6815514,25,40,-1,-1,6
6808929,55,4,-1,-1,5
6813506,57,2,-1,-1,7
6809932,17,20,-1,-1,2
6814795,33,43,-1,-1,0
6815739,28,22,-1,-1,2
6810475,52,42,-1,-1,6
6805059,55,17,-1,-1,1
6812211,17,44,-1,-1,5
6809951,9,36,-1,-1,3
6813644,23,56,-1,-1,1
6805054,28,7,-1,-1,6
6804597,54,17,-1,-1,4
6810345,50,47,-1,-1,2
6812977,12,33,-1,-1,6
6813497,36,58,-1,-1,6
6811601,5,21,-1,-1,2
6815400,20,35,-1,-1,7
6814804,23,16,-1,-1,2
6811966,7,1,-1,-1,1
6813278,49,33,-1,-1,6
6812532,24,0,-1,-1,6
6808988,25,14,-1,-1,4
6807772,12,31,-1,-1,0
6805676,2,39,-1,-1,0
6809921,15,38,-1,-1,2
6814951,22,40,-1,-1,2
6814569,55,8,-1,-1,0
6814930,7,30,-1,-1,0
6815030,0,5,-1,-1,0
6815785,20,46,-1,-1,5
6815461,2,27,-1,-1,0
6814782,34,15,-1,-1,6
6805830,12,55,-1,-1,0
6814108,35,4,-1,-1,5
6813948,53,35,-1,-1,0
6815727,22,33,-1,-1,5
6809408,4,21,-1,-1,7
6815118,51,48,-1,-1,4
6811149,57,23,-1,-1,3
6815978,28,57,-1,-1,0
6815479,26,36,-1,-1,7
6813793,50,55,-1,-1,4
6804883,45,56,-1,-1,4
6813603,3,12,-1,-1,4
6812301,23,27,-1,-1,3
6803547,18,22,-1,-1,3
6814622,48,42,-1,-1,3
6815726,20,0,-1,-1,2
6811369,33,52,-1,-1,1
6810840,14,1,-1,-1,3
6811805,16,55,-1,-1,0
6814762,15,20,-1,-1,5
6793767,31,53,-1,-1,5
6812901,52,2,-1,-1,4
6814735,3,57,-1,-1,7
6812320,46,47,-1,-1,1
6815714,34,14,-1,-1,3
6810985,11,25,-1,-1,7
6814079,10,2,-1,-1,4
6815090,48,43,-1,-1,4
6813302,7,49,-1,-1,1
6810357,8,17,-1,-1,3
6807048,27,18,-1,-1,2
6809001,56,43,-1,-1,2
6815859,37,40,-1,-1,7
6806741,42,32,-1,-1,7
6815469,10,24,-1,-1,4
6812095,1,20,-1,-1,3
6815836,6,42,-1,-1,1
6812516,22,28,-1,-1,6
6814962,23,12,-1,-1,0
6810230,6,58,-1,-1,1
6811171,52,12,-1,-1,3
6812558,13,15,-1,-1,5
6811251,10,48,-1,-1,6
6814465,56,29,-1,-1,0
6809825,4,18,-1,-1,1
6814752,31,51,-1,-1,3
6807865,41,24,-1,-1,2
6813373,4,0,-1,-1,3
6815165,37,46,-1,-1,1
6816038,3,55,-1,-1,0
6815358,19,6,-1,-1,3
6815434,50,52,-1,-1,6
6813860,13,21,-1,-1,5
6815794,16,24,-1,-1,7
6814228,41,38,-1,-1,4
6814128,57,28,-1,-1,3
6814142,50,51,-1,-1,6
6815814,31,21,-1,-1,6
6815902,28,16,-1,-1,5
6810889,23,2,-1,-1,7
6815141,39,0,-1,-1,6
6814521,55,23,-1,-1,3
6810028,3,46,-1,-1,2
6813148,25,15,-1,-1,1
6812793,14,10,-1,-1,6
6815265,47,49,-1,-1,7
6812156,52,1,-1,-1,5
6812531,49,6,-1,-1,1
6814204,16,11,-1,-1,0
6815607,1,16,-1,-1,0
6812242,33,10,-1,-1,2
6813026,27,21,-1,-1,1
6815811,42,14,-1,-1,6
6802928,28,10,-1,-1,7
6812756,17,38,-1,-1,0
6810594,43,13,-1,-1,0
6805226,13,11,-1,-1,5
6808510,30,58,-1,-1,7
6814960,30,55,-1,-1,0
6813820,42,40,-1,-1,4
6814717,20,20,-1,-1,5
6811188,29,11,-1,-1,5
6816030,44,20,-1,-1,1
6813636,54,46,-1,-1,0
6813802,3,15,-1,-1,0
6803611,8,11,-1,-1,6
6816027,52,8,-1,-1,4
6810736,56,31,-1,-1,0
6814456,3,51,-1,-1,1
6813848,5,15,-1,-1,0
6814705,38,4,-1,-1,3
6815713,27,13,-1,-1,4
6815513,13,9,-1,-1,1
6814306,34,43,-1,-1,2
6813881,9,49,-1,-1,7
6813377,45,48,-1,-1,0
6816037,16,56,-1,-1,0
6812844,38,46,-1,-1,3
6814295,48,48,-1,-1,1
6811550,10,28,-1,-1,3
6810467,58,4,-1,-1,4
6814476,50,31,-1,-1,2
6813023,27,54,-1,-1,1
6814711,11,23,-1,-1,0
6815176,16,43,-1,-1,4
6813709,10,58,-1,-1,0
6811217,40,51,-1,-1,6
6815913,25,5,-1,-1,1
6812418,44,54,-1,-1,5
6813255,0,27,-1,-1,3
6813863,49,36,-1,-1,0
6812203,57,12,-1,-1,3
6811671,12,0,-1,-1,3
6814661,26,45,-1,-1,0
6815882,45,26,-1,-1,1
6813958,17,56,-1,-1,7
6805412,5,25,-1,-1,6
6803650,37,15,-1,-1,7
6808829,48,51,-1,-1,7
6814929,23,50,-1,-1,2
6809214,41,13,-1,-1,6
6804036,3,41,-1,-1,3
6815048,32,23,-1,-1,7
6811399,1,8,-1,-1,0
6815283,47,21,-1,-1,4
6811459,46,4,-1,-1,6
6814867,49,13,-1,-1,1
6811839,54,33,-1,-1,3
6813171,33,0,-1,-1,3
6814644,37,29,-1,-1,5
6815952,17,49,-1,-1,2
6814415,58,10,-1,-1,0
6812228,16,27,-1,-1,7
6813580,14,32,-1,-1,3
6815574,22,18,-1,-1,5
6810787,48,17,-1,-1,4
6813686,34,50,-1,-1,2
6815245,43,36,-1,-1,6
6801788,4,50,-1,-1,1
6812401,25,29,-1,-1,4
6814600,19,19,-1,-1,4
6812506,0,3,-1,-1,1
6815149,58,3,-1,-1,4
6811047,30,34,-1,-1,7
6810333,10,35,-1,-1,7
6814937,12,23,-1,-1,3
6812822,21,30,-1,-1,2
6811997,39,51,-1,-1,7
6812845,40,43,-1,-1,5
6814507,7,32,-1,-1,1
6815259,57,40,-1,-1,0
6806265,9,38,-1,-1,0
6815721,45,37,-1,-1,3
6815119,2,42,-1,-1,6
6811474,49,10,-1,-1,2
6815949,8,23,-1,-1,7
6814173,27,35,-1,-1,2
6814915,26,49,-1,-1,7
6814458,12,3,-1,-1,7
6815647,10,29,-1,-1,4
6814252,53,58,-1,-1,2
6812380,7,42,-1,-1,3
6813579,32,1,-1,-1,7
6811153,36,57,-1,-1,3
6809179,48,14,-1,-1,5
6810824,39,42,-1,-1,5
6812953,5,11,-1,-1,6
6811477,41,10,-1,-1,1
6812142,27,42,-1,-1,7
6814255,14,58,-1,-1,0
6815750,57,51,-1,-1,3
6810331,14,56,-1,-1,6
6815299,2,50,-1,-1,1
6809358,19,28,-1,-1,5
6812617,14,52,-1,-1,4
6812113,17,30,-1,-1,6
6815420,13,38,-1,-1,3
6810243,48,34,-1,-1,1
6809661,31,15,-1,-1,1
6814886,0,39,-1,-1,0
6811196,16,53,-1,-1,7
6812371,12,49,-1,-1,1
6802387,40,50,-1,-1,6
6815698,40,20,-1,-1,5
6808762,0,54,-1,-1,0
6815570,24,56,-1,-1,0
6815967,1,30,-1,-1,3
6815682,5,22,-1,-1,7
6814815,14,46,-1,-1,0
6813584,30,53,-1,-1,7
6813465,24,50,-1,-1,7
6815389,29,9,-1,-1,3
6810604,5,6,-1,-1,1
6798514,1,52,-1,-1,7
6815318,6,7,-1,-1,6
6813356,5,20,-1,-1,7
6815419,31,20,-1,-1,6
6814700,34,41,-1,-1,0
6814972,43,11,-1,-1,4
6814338,27,55,-1,-1,2
6814699,53,55,-1,-1,0
6813544,2,30,-1,-1,3
6814282,6,23,-1,-1,3
6814649,31,7,-1,-1,6
6806014,45,17,-1,-1,5
6812084,43,4,-1,-1,4
6815531,52,47,-1,-1,2
6815624,11,54,-1,-1,2
6812385,43,34,-1,-1,3
6815637,46,13,-1,-1,1
6814840,50,19,-1,-1,0
6815971,38,19,-1,-1,4
6815887,45,27,-1,-1,3
6812130,13,36,-1,-1,1
6814707,56,6,-1,-1,0
6814623,46,5,-1,-1,5
6815178,11,0,-1,-1,3
6814203,1,37,-1,-1,7
6814775,38,17,-1,-1,7
6803284,38,48,-1,-1,0
6809444,58,29,-1,-1,7
6815780,51,10,-1,-1,5
6813380,2,54,-1,-1,5
6811587,10,21,-1,-1,3
6796105,5,46,-1,-1,6
6809047,51,50,-1,-1,1
6813142,0,10,-1,-1,2
6815585,34,48,-1,-1,5
6809736,36,36,-1,-1,7
6810732,38,54,-1,-1,7
6791937,0,56,-1,-1,3
6815924,44,56,-1,-1,7
6814115,28,48,-1,-1,5
6815194,30,22,-1,-1,4
6815324,37,56,-1,-1,6
6811584,21,5,-1,-1,0
6813572,37,43,-1,-1,0
6815909,48,7,-1,-1,4
6809829,3,28,-1,-1,5
6815595,45,12,-1,-1,7
6815954,23,1,-1,-1,1
6815980,23,14,-1,-1,2
6812310,4,42,-1,-1,1
6814046,22,53,-1,-1,3
6815636,24,34,-1,-1,5
6810805,8,39,-1,-1,0
6815560,20,14,-1,-1,6
6811534,53,2,-1,-1,0
6813784,28,20,-1,-1,1
6812356,24,35,-1,-1,4
6810456,49,17,-1,-1,0
6815596,33,22,-1,-1,7
6809878,58,13,-1,-1,4
6815598,20,6,-1,-1,0
6814634,11,36,-1,-1,6
6815417,8,2,-1,-1,5
6814003,50,57,-1,-1,5
6815845,33,47,-1,-1,0
6814588,43,5,-1,-1,0
6807550,37,34,-1,-1,3
6815314,52,37,-1,-1,6
6811066,5,47,-1,-1,7
6813599,36,28,-1,-1,5
6813182,57,41,-1,-1,2
6814286,43,43,-1,-1,3
6811598,54,25,-1,-1,7
6801710,30,7,-1,-1,4
6815056,52,43,-1,-1,2
6815040,45,23,-1,-1,4
6812044,12,34,-1,-1,1
6809463,58,53,-1,-1,0
6814520,53,7,-1,-1,0
6813172,24,22,-1,-1,4
6813105,8,53,-1,-1,3
6812457,3,56,-1,-1,1
6814831,5,49,-1,-1,5
6815684,53,44,-1,-1,6
6813176,0,30,-1,-1,1
6815411,18,2,-1,-1,2
6815246,16,38,-1,-1,7
6812610,11,44,-1,-1,5
6814215,22,41,-1,-1,3
6812581,12,24,-1,-1,0
6816014,57,3,-1,-1,7
6815261,16,9,-1,-1,7
6810911,41,57,-1,-1,4
6814570,57,16,-1,-1,4
6812341,29,46,-1,-1,5
6812659,35,12,-1,-1,4
6815605,41,48,-1,-1,5
6805911,0,53,-1,-1,2
6815966,7,19,-1,-1,4
6815806,58,54,-1,-1,0
6814478,47,14,-1,-1,0
6815117,31,17,-1,-1,2
6810998,53,21,-1,-1,3
6813862,46,20,-1,-1,4
6815508,9,51,-1,-1,0
6815321,23,29,-1,-1,5
6814714,14,47,-1,-1,4
6812712,53,43,-1,-1,7
6815549,31,34,-1,-1,3
6813842,32,12,-1,-1,3
6814218,31,56,-1,-1,0
6814502,36,10,-1,-1,4
6815540,48,22,-1,-1,1
6815927,17,22,-1,-1,0
6801205,9,55,-1,-1,0
6811559,53,31,-1,-1,5
6806411,8,45,-1,-1,7
6815258,36,20,-1,-1,3
6809678,44,48,-1,-1,6
6814272,57,4,-1,-1,0
6815558,38,6,-1,-1,6
6814405,2,9,-1,-1,0
6779171,44,58,-1,-1,6
6813936,56,49,-1,-1,1
6814167,47,53,-1,-1,1
6814864,29,35,-1,-1,2
6815650,32,53,-1,-1,4
6812738,5,26,-1,-1,2
6815987,37,10,-1,-1,1
6805400,32,4,-1,-1,3
6813517,50,16,-1,-1,1
6815208,29,14,-1,-1,7
6814427,40,21,-1,-1,4
6815603,19,55,-1,-1,4
6814406,23,48,-1,-1,7
6815867,21,27,-1,-1,1
6815205,55,36,-1,-1,5
6814316,46,31,-1,-1,4
6812939,54,43,-1,-1,1
6816045,22,37,-1,-1,6
6812327,37,14,-1,-1,7
6815520,46,11,-1,-1,7
6816010,28,19,-1,-1,7
6811841,40,36,-1,-1,6
6816042,26,11,-1,-1,5
6814090,3,11,-1,-1,0
6809574,0,32,-1,-1,4
6804001,6,51,-1,-1,1
6813765,56,3,-1,-1,5
6815079,35,39,-1,-1,4
6815993,23,6,-1,-1,0
6814654,40,24,-1,-1,2
6814382,58,35,-1,-1,6
6804821,53,34,-1,-1,2
6815451,27,24,-1,-1,3
6814008,33,12,-1,-1,5
6802761,48,57,-1,-1,2
6815103,49,4,-1,-1,4
6814996,54,47,-1,-1,7
6812475,34,32,-1,-1,6
6815563,1,38,-1,-1,3
6815032,34,27,-1,-1,0
6807340,21,55,-1,-1,3
6816033,15,45,-1,-1,0
6815817,54,32,-1,-1,3
6814346,25,21,-1,-1,2
6812344,1,24,-1,-1,7
6814104,55,53,-1,-1,6
6812613,46,27,-1,-1,1
6810529,5,0,-1,-1,3
6815172,43,12,-1,-1,6
6805713,51,0,-1,-1,6
6814949,49,32,-1,-1,7
6815837,41,39,-1,-1,2
6806262,29,10,-1,-1,2
6814225,15,17,-1,-1,4
6809881,52,15,-1,-1,3
6815733,17,23,-1,-1,0
6813914,6,36,-1,-1,4
6814687,34,37,-1,-1,0
6815610,15,0,-1,-1,3
6814402,2,23,-1,-1,1
6812360,31,18,-1,-1,0
6816048,19,54,-1,-1,5
