77 0 77 77 77 77 77 77 77 77 77 77 0 0 65 0 0 69 173 0 173 173 173 4 161 173 0 169 141 173 173 173 173 1 173 173 173 0 0 173 173 173 173 133 173 173 0 0 173 169 173 169 69 0 5 5 5 5 0 
77 77 0 77 77 0 77 0 77 77 77 4 0 77 77 77 77 0 173 173 173 173 173 0 160 173 160 160 173 0 173 173 173 173 173 173 173 173 173 173 161 173 173 169 173 173 0 173 173 173 169 169 0 5 236 236 5 0 0 
77 77 5 5 77 77 77 77 77 0 77 128 77 77 76 77 77 0 173 77 77 173 77 77 77 173 173 0 173 173 168 0 0 173 173 173 173 0 173 173 173 173 173 173 173 0 173 173 173 173 173 69 69 0 173 64 0 0 0 
0 77 77 0 77 77 77 77 77 77 77 77 77 76 77 76 77 77 0 173 0 0 173 77 77 173 173 173 173 173 173 173 0 173 173 173 173 173 173 173 0 173 0 173 173 160 0 173 173 0 69 173 173 0 173 5 236 236 224 
0 77 0 77 0 77 77 77 77 77 77 77 77 77 77 76 77 0 77 173 173 0 173 173 173 173 173 0 236 173 173 173 173 0 173 173 173 173 173 173 173 173 0 173 173 173 161 173 0 173 160 173 173 173 0 5 236 236 224 
0 77 77 77 73 1 5 77 77 0 77 77 77 0 77 77 0 77 77 168 173 173 173 173 173 236 173 173 173 173 0 173 173 128 173 173 0 173 173 173 173 13 173 173 173 173 129 173 173 173 173 173 173 173 0 236 0 224 224 
0 77 77 77 77 73 0 5 77 5 5 77 77 0 77 77 77 77 77 77 0 173 173 0 0 236 161 173 224 236 173 0 173 0 173 173 173 232 173 173 173 173 236 173 173 173 173 0 173 236 173 236 173 236 236 236 224 224 236 
77 0 76 76 73 77 77 69 77 77 77 77 77 77 0 77 77 77 77 77 193 236 173 236 236 236 173 173 0 0 236 173 0 232 236 173 236 236 236 173 173 236 173 173 0 173 173 173 0 173 236 160 173 173 173 161 236 236 236 
77 77 77 65 77 77 77 77 73 77 77 77 77 160 77 77 77 1 77 77 65 236 236 236 236 236 236 236 236 0 236 128 160 236 164 236 236 236 236 236 173 173 173 0 173 173 173 133 173 236 173 173 173 173 173 236 236 0 236 
77 77 77 77 77 77 77 77 77 77 77 77 77 0 0 77 77 77 77 77 77 77 77 77 0 0 236 236 5 236 236 236 0 236 0 0 0 0 232 232 236 236 173 133 0 173 173 0 173 0 173 173 173 0 236 69 0 236 236 
77 0 77 77 77 0 4 0 77 77 77 77 77 0 77 77 0 77 77 77 0 77 236 160 77 236 236 236 5 236 236 236 236 0 5 0 236 224 0 236 5 173 133 236 0 173 173 173 236 173 173 173 0 173 173 173 173 236 236 
77 77 69 77 77 73 9 77 77 77 77 77 77 77 77 77 69 0 77 77 236 0 236 236 77 77 0 160 0 236 0 236 236 0 0 197 0 236 236 0 0 173 173 173 0 173 173 173 173 236 173 0 0 173 173 173 0 173 173 
73 77 77 77 77 73 0 77 77 65 77 77 0 77 0 77 77 69 73 77 77 236 236 77 236 236 77 236 0 236 0 236 236 236 236 228 228 76 0 0 173 173 173 173 173 224 173 173 173 236 173 173 173 173 173 0 173 236 173 
73 77 76 77 1 1 73 73 77 1 77 77 0 77 77 1 77 77 224 77 236 0 0 236 236 236 236 236 236 236 236 236 5 236 236 236 0 236 236 236 173 236 0 173 173 0 224 236 236 236 173 173 0 173 173 173 0 173 236 
73 76 73 73 77 73 73 77 0 77 0 77 77 77 77 77 0 77 77 236 236 236 236 77 236 236 0 236 236 236 0 236 236 236 236 236 236 236 236 0 236 168 173 236 168 173 236 173 236 236 173 173 173 173 173 173 173 173 173 
0 73 77 77 77 77 73 77 77 1 73 77 77 77 77 77 77 236 236 236 236 236 77 0 236 204 204 236 236 76 0 0 236 236 236 236 236 236 236 236 173 236 173 173 173 173 173 169 173 173 169 173 173 173 173 173 173 0 236 
77 77 77 77 205 77 77 77 77 77 77 77 77 77 65 224 236 77 236 0 236 236 236 236 236 236 236 236 236 236 236 76 236 236 0 236 236 236 236 236 236 173 236 76 0 236 236 236 173 173 173 173 173 173 173 173 173 173 0 
77 77 77 0 65 77 77 77 77 0 77 77 77 77 77 236 0 236 77 77 236 236 236 0 0 236 236 236 236 236 236 236 236 236 236 236 236 236 236 236 224 236 236 0 236 236 236 173 173 173 224 236 173 173 173 173 173 173 173 
0 0 77 0 77 77 0 77 77 77 77 0 77 77 0 69 236 77 77 77 236 236 160 0 236 236 0 236 236 133 133 236 236 236 224 236 236 236 236 236 236 236 236 236 5 236 0 236 173 173 173 173 236 173 236 236 173 173 173 
77 77 77 0 5 5 77 0 77 77 77 161 0 77 77 77 236 236 236 236 236 236 236 0 236 236 0 236 236 0 236 236 236 236 0 236 236 236 236 236 236 236 236 236 236 0 236 236 236 0 236 173 173 173 236 236 0 0 236 
73 0 77 77 77 77 77 65 0 77 77 77 77 0 77 236 236 77 236 236 236 236 236 236 236 76 236 236 236 236 0 236 236 236 236 236 0 236 236 0 236 236 236 236 236 236 236 236 0 236 0 0 236 173 173 173 173 236 236 
77 77 77 77 0 77 77 65 77 77 77 77 77 0 73 77 77 236 236 0 236 236 236 236 236 236 236 236 160 197 236 236 0 236 236 236 232 232 236 236 236 0 236 236 0 236 236 0 236 128 169 173 236 173 173 173 236 236 236 
77 77 77 0 0 0 77 77 77 77 77 0 77 77 77 77 236 236 236 236 0 0 0 236 236 0 0 0 236 236 0 236 236 0 236 0 236 236 224 236 236 236 236 0 236 0 236 236 236 236 236 236 173 173 0 232 0 236 0 
77 77 77 77 77 77 77 77 77 77 236 77 77 77 77 236 236 0 236 236 0 236 236 236 236 236 236 236 236 236 236 236 236 236 236 236 236 236 236 224 236 236 236 5 0 236 236 236 236 236 236 236 161 173 0 236 236 236 236 
77 77 77 0 77 77 77 77 0 236 5 236 77 77 77 0 236 236 236 236 0 236 236 236 236 0 0 236 236 236 236 236 236 236 232 236 236 236 236 0 236 236 236 236 236 236 236 236 236 0 236 128 236 0 173 173 173 173 0 
77 0 0 0 0 77 77 0 77 236 236 77 236 77 236 236 236 236 236 236 0 228 236 0 236 236 0 236 236 236 236 236 236 236 236 236 0 236 236 236 0 5 0 236 236 236 0 0 236 236 236 236 236 236 173 173 173 173 173 
77 77 77 0 236 5 77 236 236 77 77 0 236 0 77 236 236 236 236 236 0 236 236 236 236 236 0 236 236 0 236 0 236 168 236 236 236 236 236 0 236 236 236 236 236 236 236 236 236 236 224 236 236 236 169 173 169 236 236 
77 65 77 0 236 0 77 236 236 0 77 236 128 236 236 236 236 236 133 232 236 236 236 0 236 236 236 0 236 236 0 236 236 236 168 236 236 0 236 204 236 236 236 236 236 236 236 0 236 236 160 236 236 236 169 169 236 236 236 
77 77 77 77 77 0 236 236 236 236 236 0 72 204 236 236 0 133 236 236 228 228 168 236 236 0 0 236 236 236 236 236 236 204 236 236 236 236 236 236 236 168 236 236 236 236 0 236 236 0 236 236 236 236 236 236 236 236 204 
0 77 77 236 236 77 4 236 236 236 236 236 236 236 204 236 236 0 236 236 236 236 0 236 0 236 236 236 236 236 236 236 236 236 204 236 236 236 236 236 0 236 236 236 236 236 236 236 236 236 236 0 236 0 236 236 236 236 168 
236 236 0 76 77 236 0 236 236 236 236 236 0 236 236 236 236 236 236 236 236 236 236 236 160 236 236 236 236 236 236 236 236 236 168 236 236 236 236 0 236 236 128 236 236 236 236 0 236 236 236 0 236 168 236 236 236 236 236 
236 236 236 77 236 0 128 0 236 236 236 236 0 0 236 236 236 236 236 0 236 236 236 0 0 236 236 236 236 236 236 236 236 236 236 0 236 0 236 236 236 236 236 236 236 236 232 236 236 236 236 236 0 236 236 236 0 236 236 
236 236 77 0 236 236 236 0 236 0 236 236 236 236 236 236 236 236 12 236 236 236 236 236 236 236 236 236 236 236 236 236 236 236 236 236 76 76 236 236 236 5 236 236 236 236 236 160 192 224 236 236 76 236 236 224 236 236 236 
236 236 236 76 236 236 236 236 236 236 236 0 236 0 236 236 236 236 236 0 236 0 0 236 236 0 236 0 236 236 236 236 236 236 236 236 0 236 236 236 236 236 236 236 0 236 0 192 5 236 204 133 0 236 236 224 236 0 236 
236 0 236 236 76 236 236 0 236 236 236 236 236 0 236 76 160 0 236 0 236 236 236 236 236 236 236 236 236 236 236 236 236 236 4 0 228 236 236 236 0 236 236 228 228 236 224 236 236 236 236 236 236 236 236 168 236 236 236 
224 236 236 236 236 236 236 236 236 236 0 0 236 236 236 0 76 236 236 232 232 236 236 236 236 236 236 236 236 236 236 236 236 236 236 236 236 236 236 236 232 232 236 228 0 236 236 236 236 0 0 236 236 236 228 236 236 236 236 
236 224 0 236 0 236 236 236 236 236 236 236 236 236 0 236 236 72 236 0 236 236 236 236 236 236 176 236 236 236 85 236 236 236 236 236 236 236 0 236 236 236 0 236 236 0 236 236 236 236 236 236 236 236 236 236 236 236 236 
236 236 236 236 236 0 228 0 236 197 236 236 236 0 236 0 236 0 236 236 236 236 236 236 236 236 236 133 0 236 236 236 236 0 236 236 236 236 228 236 236 236 0 236 236 236 0 236 76 236 160 0 236 236 236 236 236 0 0 
236 236 236 236 236 236 128 236 236 236 236 236 236 236 160 236 236 236 0 236 0 236 5 0 236 236 236 236 236 236 236 0 236 236 236 236 236 236 228 232 236 0 161 236 236 0 236 236 0 236 236 236 236 236 232 236 236 236 236 
0 236 236 236 236 236 0 0 0 236 236 236 236 236 236 236 236 236 236 236 236 236 236 236 236 236 236 128 232 236 236 236 236 236 0 236 204 232 236 197 197 236 161 236 236 69 0 236 236 236 236 236 236 0 236 236 236 236 236 
236 236 236 236 0 236 236 236 0 236 236 236 236 236 236 0 224 236 0 236 236 236 236 236 236 236 0 236 236 236 236 236 236 236 236 204 236 236 236 236 236 236 236 160 236 236 236 236 0 224 232 232 236 236 224 232 236 236 236 
68 0 236 0 236 236 224 236 236 236 236 236 0 236 236 236 236 236 236 236 236 236 236 236 236 236 236 236 236 236 236 0 0 236 236 236 228 236 236 236 236 236 236 236 228 236 236 236 236 232 232 236 236 0 0 224 236 236 0 
236 0 236 236 236 236 0 236 236 236 236 236 236 0 236 236 236 236 236 236 236 236 0 236 0 236 0 0 236 236 236 236 236 236 228 236 236 236 0 236 236 236 236 193 232 232 232 236 236 232 236 236 236 236 236 0 0 0 5 
12 236 236 236 236 232 236 236 236 232 236 236 224 236 236 236 236 228 0 236 236 0 236 236 236 236 236 236 0 236 236 0 236 0 76 236 236 236 236 133 236 236 236 160 232 236 232 236 0 232 236 236 236 232 236 236 236 0 232 
236 236 0 236 236 0 232 0 236 236 236 236 0 236 5 236 0 236 76 236 236 236 160 236 236 236 236 236 236 236 236 236 236 236 0 0 236 236 236 236 236 232 236 160 232 236 236 236 236 236 232 0 236 236 232 232 236 0 232 
236 0 236 236 236 236 236 236 236 236 0 0 236 5 0 128 236 0 236 236 0 236 236 236 236 0 0 236 236 0 236 236 236 0 236 236 236 236 0 236 236 236 236 236 236 236 236 232 232 236 236 224 224 236 236 236 232 236 232 
236 236 236 236 236 204 236 236 236 236 236 236 236 236 236 224 236 236 236 236 0 236 236 236 236 5 0 0 236 236 236 0 236 12 236 236 236 0 236 236 0 0 236 236 232 0 236 236 236 236 236 236 236 236 236 236 204 232 232 
236 236 200 236 236 236 232 232 236 236 236 236 0 0 12 12 224 236 236 236 236 236 236 236 236 236 236 236 236 236 236 0 236 0 236 236 236 236 236 236 236 236 236 232 132 236 232 232 236 236 0 236 236 236 236 204 236 236 236 
224 236 236 0 0 128 0 0 236 236 236 0 236 236 236 12 0 236 0 236 236 0 236 0 236 236 236 236 236 236 0 236 236 236 228 236 236 236 224 224 236 236 236 236 232 232 236 236 236 236 0 236 5 236 0 236 236 236 236 
0 236 236 232 232 224 204 204 192 236 236 0 0 236 236 12 236 236 236 236 0 236 168 236 0 236 236 236 0 128 236 0 236 236 236 236 0 236 0 236 0 236 236 236 236 0 232 236 236 236 236 236 236 0 236 0 236 236 0 
0 192 192 232 232 224 224 232 232 200 232 236 236 236 232 236 236 236 236 236 236 236 0 236 236 236 236 236 160 236 236 236 236 236 236 236 236 236 236 236 236 0 236 236 236 236 197 0 236 236 236 0 236 0 0 236 236 236 236 
200 5 232 232 232 236 236 232 232 232 232 232 236 0 232 236 236 236 236 236 236 236 236 0 0 0 236 236 236 224 236 0 236 0 0 236 0 236 168 0 0 0 236 236 236 236 236 236 0 236 236 236 236 0 236 236 236 236 236 
192 200 200 236 236 232 236 225 225 0 232 0 236 236 236 236 0 0 0 236 236 236 236 236 236 236 236 236 0 232 236 236 236 236 0 160 236 236 168 236 236 236 236 236 236 236 236 236 236 128 236 236 0 236 236 0 236 236 236 
0 192 208 0 208 208 225 232 225 232 236 225 232 0 236 236 236 225 236 225 225 225 236 236 236 0 236 236 236 0 232 236 0 236 236 236 236 236 0 236 236 0 236 0 236 236 0 236 236 0 236 236 0 236 236 76 236 236 236 
0 0 208 208 208 208 225 225 225 236 225 232 225 225 225 225 225 236 225 225 225 225 236 0 0 236 236 0 160 236 0 236 0 236 0 236 236 0 236 236 236 236 236 236 0 236 236 204 236 236 236 236 236 236 236 236 76 236 236 
208 208 208 0 0 208 208 224 208 225 236 225 8 0 225 225 225 0 224 236 236 236 236 0 236 236 236 236 236 0 232 232 236 236 236 236 236 236 236 236 236 232 0 236 236 236 236 236 236 160 236 236 236 236 236 0 236 236 236 
208 208 208 128 208 208 208 0 224 0 224 225 225 225 225 225 224 0 0 236 236 236 0 236 236 236 236 0 236 232 232 232 236 0 76 236 236 236 236 0 236 236 236 236 236 236 0 204 160 236 236 236 236 236 0 236 236 236 236 
208 208 208 208 208 208 208 208 224 0 224 224 225 225 0 224 225 225 0 224 232 236 224 236 236 236 0 236 232 0 236 133 232 236 232 224 236 236 236 236 0 236 224 0 236 236 236 128 236 236 232 236 236 236 224 236 236 236 236 
208 208 0 208 0 208 208 0 0 224 129 225 225 0 64 0 224 64 225 232 236 236 236 236 236 0 0 236 0 236 236 236 236 236 236 232 232 232 236 236 0 0 236 0 0 0 236 236 228 236 232 236 236 236 236 224 224 0 236 
