# org_id,org_cellx,org_celly,org_forage_target,org_group_id,org_facing
44825645,11,14,-1,-1,3
44819052,58,36,-1,-1,4
44826079,17,44,-1,-1,2
44823266,42,1,-1,-1,4
44822205,48,22,-1,-1,2
44821649,15,55,-1,-1,5
44824737,34,39,-1,-1,4
44823897,37,49,-1,-1,7
44825719,32,21,-1,-1,5
44819327,0,28,-1,-1,3
44816278,29,29,-1,-1,6
44824273,2,9,-1,-1,0
44825605,19,40,-1,-1,2
44823533,22,38,-1,-1,6
44823921,52,20,-1,-1,6
44822016,21,13,-1,-1,3
44825071,10,53,-1,-1,7
44825574,13,48,-1,-1,5
44823336,50,42,-1,-1,1
44822689,18,20,-1,-1,4
44820892,3,56,-1,-1,3
44824602,49,35,-1,-1,0
44823460,35,32,-1,-1,4
44825209,50,44,-1,-1,4
44826096,44,49,-1,-1,3
44824557,57,36,-1,-1,4
44825749,8,8,-1,-1,3
44812765,23,23,-1,-1,7
44820063,0,23,-1,-1,0
44820529,41,27,-1,-1,2
44821575,17,42,-1,-1,7
44823986,14,37,-1,-1,6
44826105,48,49,-1,-1,3
44814266,49,30,-1,-1,5
44815257,51,52,-1,-1,5
44825382,15,14,-1,-1,6
44823613,1,20,-1,-1,7
44821431,4,25,-1,-1,4
44825327,13,38,-1,-1,6
44823688,21,36,-1,-1,3
44821958,7,45,-1,-1,2
44822762,5,10,-1,-1,1
44821836,43,12,-1,-1,4
44823511,26,12,-1,-1,2
44822070,40,19,-1,-1,4
44825624,17,51,-1,-1,1
44821422,31,20,-1,-1,2
44824332,2,51,-1,-1,2
44822964,45,3,-1,-1,5
44823859,53,34,-1,-1,1
44824396,40,24,-1,-1,1
44823121,58,54,-1,-1,0
44824794,39,35,-1,-1,2
44824869,40,42,-1,-1,2
44823924,35,36,-1,-1,0
44823946,7,36,-1,-1,5
44826007,14,54,-1,-1,2
44824203,41,39,-1,-1,2
44819247,41,6,-1,-1,6
44815258,52,25,-1,-1,6
44812402,50,53,-1,-1,3
44825075,25,49,-1,-1,7
44825849,26,37,-1,-1,7
44812022,36,31,-1,-1,4
44823696,19,31,-1,-1,4
44821433,30,57,-1,-1,3
44821051,34,34,-1,-1,4
44822256,5,0,-1,-1,2
44824076,58,46,-1,-1,4
44825911,20,17,-1,-1,2
44822245,35,16,-1,-1,7
44816763,37,16,-1,-1,4
44824440,22,21,-1,-1,0
44825984,51,8,-1,-1,5
44823679,7,13,-1,-1,3
44825790,22,9,-1,-1,3
44825710,0,35,-1,-1,2
44819725,16,49,-1,-1,6
44819453,26,33,-1,-1,4
44825895,25,39,-1,-1,6
44811281,40,5,-1,-1,4
44819336,58,38,-1,-1,0
44825621,25,14,-1,-1,3
44818069,32,12,-1,-1,1
44824343,14,49,-1,-1,7
44822704,0,36,-1,-1,2
44822709,44,20,-1,-1,0
44822024,15,7,-1,-1,5
44825728,20,41,-1,-1,1
44815603,1,34,-1,-1,7
44825974,47,25,-1,-1,1
44822747,5,45,-1,-1,7
44824392,23,18,-1,-1,1
44825049,47,44,-1,-1,6
44825287,57,35,-1,-1,5
44826027,16,53,-1,-1,4
44821524,48,23,-1,-1,4
44818288,48,21,-1,-1,6
44825309,48,35,-1,-1,7
44824646,14,41,-1,-1,0
44810213,34,13,-1,-1,5
44826100,55,12,-1,-1,7
44824575,38,15,-1,-1,0
44821654,23,57,-1,-1,7
44823824,3,40,-1,-1,4
44823156,28,58,-1,-1,2
44823193,15,47,-1,-1,3
44823425,29,26,-1,-1,2
44820509,31,34,-1,-1,0
44820617,4,8,-1,-1,5
44821177,12,50,-1,-1,5
44826026,54,41,-1,-1,7
44825243,36,49,-1,-1,1
44825518,18,51,-1,-1,6
44812975,14,24,-1,-1,5
44824284,24,42,-1,-1,7
44824784,13,44,-1,-1,2
44824324,57,19,-1,-1,6
44824643,21,33,-1,-1,3
44819645,26,58,-1,-1,2
44825964,27,26,-1,-1,2
44825931,39,53,-1,-1,7
44821132,7,30,-1,-1,5
44825510,1,10,-1,-1,5
44821757,2,50,-1,-1,2
44824972,21,30,-1,-1,6
44825982,1,50,-1,-1,4
44823011,3,43,-1,-1,5
44824815,28,54,-1,-1,7
44824399,52,13,-1,-1,1
44825992,53,10,-1,-1,2
44825816,10,46,-1,-1,0
44825118,28,20,-1,-1,7
44822349,47,13,-1,-1,3
44821710,58,30,-1,-1,4
44825626,20,25,-1,-1,3
44825109,22,5,-1,-1,2
44825935,41,8,-1,-1,6
44824523,3,14,-1,-1,1
44825692,47,15,-1,-1,0
44825380,17,54,-1,-1,5
44821745,31,33,-1,-1,0
44824817,24,41,-1,-1,3
44822810,56,0,-1,-1,6
44817099,24,34,-1,-1,1
44807828,37,18,-1,-1,7
44823932,8,11,-1,-1,1
44824216,4,4,-1,-1,5
44825744,23,26,-1,-1,2
44824166,22,43,-1,-1,2
44823353,33,34,-1,-1,4
44822366,5,28,-1,-1,6
44825481,58,25,-1,-1,0
44818640,24,57,-1,-1,5
44822922,57,52,-1,-1,1
44810695,25,7,-1,-1,1
44825087,15,15,-1,-1,4
44818478,12,48,-1,-1,4
44825831,18,25,-1,-1,2
44825184,10,45,-1,-1,1
44819543,18,36,-1,-1,0
44825191,7,21,-1,-1,4
44825726,35,4,-1,-1,7
44824952,45,20,-1,-1,1
44809010,14,56,-1,-1,2
44822183,30,26,-1,-1,5
44816327,48,0,-1,-1,6
44815667,34,42,-1,-1,0
44826095,56,16,-1,-1,7
44820594,8,17,-1,-1,1
44823743,16,14,-1,-1,5
44822696,57,49,-1,-1,3
44822346,32,2,-1,-1,6
44821458,58,55,-1,-1,7
44823976,14,18,-1,-1,7
44824971,54,14,-1,-1,6
44824679,14,6,-1,-1,2
44823840,50,31,-1,-1,5
44821975,46,44,-1,-1,4
44808225,36,0,-1,-1,2
44819581,52,28,-1,-1,4
44824258,38,31,-1,-1,3
44822027,54,55,-1,-1,4
44820797,52,35,-1,-1,0
44821613,40,33,-1,-1,2
44825406,58,18,-1,-1,6
44820433,51,57,-1,-1,7
44824736,39,37,-1,-1,2
44823200,33,6,-1,-1,3
44823173,22,57,-1,-1,4
44825800,23,41,-1,-1,1
44806029,29,44,-1,-1,0
44825981,53,3,-1,-1,6
44821718,46,17,-1,-1,2
44824957,8,27,-1,-1,5
44808617,48,7,-1,-1,2
44825127,53,18,-1,-1,1
44824384,55,8,-1,-1,4
44825655,28,1,-1,-1,7
44823086,25,21,-1,-1,7
44817188,56,52,-1,-1,4
44823027,46,23,-1,-1,5
44823065,43,11,-1,-1,1
44823973,22,26,-1,-1,2
44825204,18,53,-1,-1,2
44825690,41,49,-1,-1,1
44825803,46,37,-1,-1,0
44825705,44,8,-1,-1,1
44824225,30,28,-1,-1,7
44825450,0,24,-1,-1,0
44816087,58,20,-1,-1,4
44825167,49,7,-1,-1,1
44814677,52,31,-1,-1,4
44825041,24,37,-1,-1,6
44825988,52,19,-1,-1,3
44824069,27,25,-1,-1,3
44822167,50,2,-1,-1,4
44824982,21,37,-1,-1,1
44823618,48,52,-1,-1,7
44825401,23,50,-1,-1,7
44825314,55,3,-1,-1,2
44824246,41,52,-1,-1,6
44824814,36,52,-1,-1,4
44822421,55,56,-1,-1,1
44817308,43,48,-1,-1,7
44825372,2,18,-1,-1,0
44822828,42,8,-1,-1,4
44826066,44,7,-1,-1,0
44819077,28,17,-1,-1,0
44824940,54,40,-1,-1,1
44818363,11,7,-1,-1,2
44821454,11,56,-1,-1,4
44824195,11,52,-1,-1,0
44825979,16,37,-1,-1,6
44823724,1,3,-1,-1,5
44812920,24,2,-1,-1,3
44817324,22,47,-1,-1,4
44825714,10,41,-1,-1,0
44825653,27,16,-1,-1,5
44822164,19,43,-1,-1,7
44822500,38,57,-1,-1,3
44825889,55,48,-1,-1,4
44824090,8,42,-1,-1,1
44821258,3,42,-1,-1,1
44825759,17,43,-1,-1,1
44822970,23,22,-1,-1,0
44825877,17,35,-1,-1,3
44825724,23,47,-1,-1,2
44825864,11,53,-1,-1,1
44824777,57,1,-1,-1,3
44825700,56,30,-1,-1,0
44822526,43,8,-1,-1,2
44823753,6,8,-1,-1,6
44825585,15,2,-1,-1,3
44825863,29,17,-1,-1,4
44818782,41,53,-1,-1,7
44823893,29,48,-1,-1,7
44825910,21,57,-1,-1,4
44821617,58,17,-1,-1,7
44823994,14,58,-1,-1,2
44820116,6,54,-1,-1,3
44825368,30,20,-1,-1,1
44822585,28,35,-1,-1,3
44823334,15,33,-1,-1,5
44824752,43,51,-1,-1,5
44826033,30,4,-1,-1,4
44817684,27,2,-1,-1,4
44826075,10,29,-1,-1,6
44824365,35,49,-1,-1,6
44825823,42,53,-1,-1,5
44824964,2,35,-1,-1,3
44824696,3,35,-1,-1,2
44823122,55,1,-1,-1,7
44822727,17,15,-1,-1,1
44823900,6,26,-1,-1,4
44825968,5,27,-1,-1,5
44823365,42,57,-1,-1,7
44824765,55,52,-1,-1,6
44824299,3,6,-1,-1,3
44819629,30,9,-1,-1,7
44824315,45,32,-1,-1,2
44825242,2,24,-1,-1,1
44822539,10,23,-1,-1,5
44825896,50,9,-1,-1,3
44818229,5,35,-1,-1,4
44822305,37,44,-1,-1,3
44825948,37,27,-1,-1,1
44813006,15,21,-1,-1,1
44825810,16,33,-1,-1,3
44824908,8,53,-1,-1,2
44825154,2,47,-1,-1,4
44823176,17,13,-1,-1,5
44824015,11,27,-1,-1,3
44824288,13,3,-1,-1,1
44825467,11,36,-1,-1,2
44822382,56,42,-1,-1,0
44821569,35,55,-1,-1,7
44822921,8,26,-1,-1,4
44825378,9,57,-1,-1,3
44821098,11,35,-1,-1,1
44824393,12,12,-1,-1,3
44825329,9,12,-1,-1,1
44820390,39,27,-1,-1,1
44825971,20,19,-1,-1,2
44825097,35,18,-1,-1,1
44813270,33,22,-1,-1,1
44825169,46,47,-1,-1,1
44825435,48,6,-1,-1,6
44821885,33,48,-1,-1,3
44825627,53,39,-1,-1,7
44822647,25,40,-1,-1,1
44824142,25,50,-1,-1,0
44822876,6,50,-1,-1,1
44823491,3,29,-1,-1,7
44824270,32,45,-1,-1,3
44826045,27,58,-1,-1,6
44825434,44,18,-1,-1,5
44804508,38,4,-1,-1,7
44825698,39,57,-1,-1,4
44825514,40,29,-1,-1,7
44822021,7,42,-1,-1,1
44824023,20,28,-1,-1,2
44821789,51,25,-1,-1,7
44823621,0,22,-1,-1,1
44825913,4,58,-1,-1,7
44811750,40,32,-1,-1,1
44822766,24,32,-1,-1,3
44823488,29,46,-1,-1,6
44817586,9,25,-1,-1,1
44825632,38,12,-1,-1,5
44824323,31,58,-1,-1,7
44821340,25,36,-1,-1,0
44823715,15,24,-1,-1,0
44822452,14,21,-1,-1,6
44818211,42,4,-1,-1,3
44819491,47,39,-1,-1,6
44822155,42,23,-1,-1,0
44819999,44,19,-1,-1,4
44818619,27,34,-1,-1,0
44825881,51,39,-1,-1,2
44822098,48,40,-1,-1,1
44823013,58,26,-1,-1,0
44825545,47,16,-1,-1,1
44820495,30,13,-1,-1,0
44820963,13,8,-1,-1,1
44823444,20,18,-1,-1,0
44823501,9,45,-1,-1,6
44820236,7,29,-1,-1,6
44822416,41,12,-1,-1,4
44818161,53,38,-1,-1,7
44821567,50,54,-1,-1,1
44820490,36,58,-1,-1,6
44819338,35,29,-1,-1,5
44819389,48,11,-1,-1,5
44817549,37,42,-1,-1,7
44823687,21,50,-1,-1,7
44825060,55,46,-1,-1,4
44822621,30,21,-1,-1,6
44826109,18,17,-1,-1,4
44823926,1,0,-1,-1,4
44824559,53,49,-1,-1,0
44825607,35,26,-1,-1,2
44825894,2,14,-1,-1,3
44813689,26,57,-1,-1,5
44817885,30,38,-1,-1,3
44821257,52,1,-1,-1,1
44825230,58,21,-1,-1,0
44820194,31,3,-1,-1,6
44824048,39,44,-1,-1,6
44823112,52,33,-1,-1,2
44816622,46,33,-1,-1,0
44824294,25,41,-1,-1,1
44816202,29,1,-1,-1,3
44821388,16,21,-1,-1,1
44825835,41,36,-1,-1,4
44823619,42,55,-1,-1,3
44825560,29,36,-1,-1,6
44824519,31,10,-1,-1,3
44822215,1,35,-1,-1,2
44825898,20,42,-1,-1,7
44808943,4,3,-1,-1,6
44822861,58,24,-1,-1,0
44822786,8,55,-1,-1,4
44823077,41,5,-1,-1,5
44823798,9,24,-1,-1,2
44825600,17,58,-1,-1,2
44819598,0,5,-1,-1,0
44815000,39,28,-1,-1,4
44824722,17,24,-1,-1,7
44826002,34,26,-1,-1,3
44825966,28,40,-1,-1,1
44820103,36,25,-1,-1,1
44812812,46,19,-1,-1,6
44819887,37,0,-1,-1,2
44823088,33,31,-1,-1,5
44824524,38,44,-1,-1,7
44823955,33,10,-1,-1,3
44809413,29,54,-1,-1,2
44823087,45,5,-1,-1,4
44825568,42,13,-1,-1,1
44824490,1,5,-1,-1,6
44825282,37,9,-1,-1,5
44825623,21,29,-1,-1,6
44820814,25,33,-1,-1,7
44825424,26,28,-1,-1,1
44825869,8,24,-1,-1,2
44820468,35,5,-1,-1,4
44825746,13,53,-1,-1,0
44824480,36,51,-1,-1,0
44824470,39,41,-1,-1,1
44824693,12,31,-1,-1,4
44813082,29,55,-1,-1,0
44821864,47,20,-1,-1,5
44822913,22,40,-1,-1,0
44821937,35,30,-1,-1,0
44822588,47,26,-1,-1,3
44825826,16,35,-1,-1,5
44823665,18,18,-1,-1,1
44826080,18,11,-1,-1,0
44805165,0,14,-1,-1,0
44825421,27,37,-1,-1,7
44817742,26,35,-1,-1,1
44821075,45,37,-1,-1,6
44824184,13,15,-1,-1,0
44823304,3,11,-1,-1,0
44824956,43,30,-1,-1,5
44825807,30,47,-1,-1,1
44825186,24,17,-1,-1,7
44826024,21,43,-1,-1,1
44804756,14,22,-1,-1,5
44823369,58,5,-1,-1,7
44820487,22,44,-1,-1,2
44823875,28,3,-1,-1,7
44813936,54,43,-1,-1,3
44822723,16,36,-1,-1,3
44820897,50,17,-1,-1,7
44823166,24,52,-1,-1,5
44818951,56,8,-1,-1,2
44802896,56,19,-1,-1,1
44825146,45,16,-1,-1,7
44824961,5,52,-1,-1,7
44811516,47,34,-1,-1,2
44824124,56,57,-1,-1,5
44821221,12,32,-1,-1,3
44825334,8,46,-1,-1,5
44823462,34,45,-1,-1,3
44810789,20,58,-1,-1,6
44818955,2,3,-1,-1,5
44822795,32,56,-1,-1,1
44825830,27,24,-1,-1,4
44825086,42,31,-1,-1,0
44824221,23,8,-1,-1,3
44824921,42,36,-1,-1,0
44824850,6,12,-1,-1,2
44822646,28,45,-1,-1,6
44825095,21,20,-1,-1,1
44823693,44,35,-1,-1,0
44813878,47,49,-1,-1,5
44825110,25,52,-1,-1,0
44824272,47,2,-1,-1,5
44825488,8,37,-1,-1,4
44822102,5,29,-1,-1,1
44820913,52,46,-1,-1,3
44818991,36,38,-1,-1,0
44815259,10,18,-1,-1,2
44824139,55,44,-1,-1,0
44823163,14,43,-1,-1,5
44825345,12,28,-1,-1,4
44823513,24,0,-1,-1,2
44825722,54,39,-1,-1,7
44823695,3,32,-1,-1,0
44823708,58,12,-1,-1,6
44825046,8,18,-1,-1,7
44823459,43,5,-1,-1,0
44825699,44,27,-1,-1,5
44824224,42,28,-1,-1,2
44825943,44,16,-1,-1,5
44825081,48,2,-1,-1,0
44822923,40,54,-1,-1,7
44824213,45,0,-1,-1,2
44825213,11,28,-1,-1,4
44824726,32,53,-1,-1,7
44819764,57,10,-1,-1,1
44825555,29,11,-1,-1,2
44825754,8,13,-1,-1,6
44823673,24,14,-1,-1,1
44825240,22,56,-1,-1,0
44825418,32,20,-1,-1,2
44826020,1,46,-1,-1,7
44821401,56,56,-1,-1,2
44823296,6,23,-1,-1,6
44812703,58,40,-1,-1,0
44822982,44,29,-1,-1,4
44819407,53,14,-1,-1,5
44825315,0,47,-1,-1,4
44823970,26,13,-1,-1,7
44818629,34,49,-1,-1,7
44819009,57,29,-1,-1,4
44823423,14,57,-1,-1,2
44822527,37,13,-1,-1,5
44824130,19,23,-1,-1,6
44822575,15,56,-1,-1,3
44820324,8,45,-1,-1,0
44814186,23,27,-1,-1,3
44824425,9,58,-1,-1,1
44824729,9,37,-1,-1,3
44804418,55,24,-1,-1,0
44822144,30,41,-1,-1,7
44823136,33,5,-1,-1,2
44824767,42,11,-1,-1,2
44823729,38,55,-1,-1,0
44820278,20,26,-1,-1,0
44817362,33,52,-1,-1,1
44824807,29,49,-1,-1,7
44812584,40,50,-1,-1,6
44825748,26,10,-1,-1,2
44821073,49,55,-1,-1,2
44816894,50,12,-1,-1,3
44820968,29,24,-1,-1,5
44824925,20,38,-1,-1,1
44825832,23,2,-1,-1,6
44821956,31,27,-1,-1,6
44815025,28,30,-1,-1,1
44825325,45,41,-1,-1,3
44820212,41,45,-1,-1,7
44824428,32,30,-1,-1,7
44824927,54,33,-1,-1,4
44821972,42,41,-1,-1,2
44823881,47,10,-1,-1,2
44821778,31,52,-1,-1,3
44817883,54,56,-1,-1,3
44823714,34,15,-1,-1,4
44823295,46,16,-1,-1,4
44825828,16,52,-1,-1,5
44825777,20,8,-1,-1,0
44825530,34,7,-1,-1,7
44822100,37,45,-1,-1,5
44826041,35,14,-1,-1,4
44800860,33,37,-1,-1,2
44819976,40,49,-1,-1,1
44821201,46,10,-1,-1,7
44822928,13,1,-1,-1,1
44802938,13,58,-1,-1,7
44825141,54,6,-1,-1,7
44823576,12,46,-1,-1,0
44826046,9,11,-1,-1,6
44811662,51,49,-1,-1,7
44824347,8,41,-1,-1,1
44820341,56,44,-1,-1,6
44824605,9,8,-1,-1,2
44826070,56,12,-1,-1,3
44823014,41,54,-1,-1,1
44825919,8,10,-1,-1,7
44818768,28,23,-1,-1,7
44824407,19,13,-1,-1,4
44825468,28,47,-1,-1,7
44825224,12,42,-1,-1,6
44822441,10,25,-1,-1,2
44823119,9,1,-1,-1,5
44821968,44,26,-1,-1,5
44819613,39,30,-1,-1,4
44824485,20,4,-1,-1,4
44820473,37,41,-1,-1,3
44822437,22,23,-1,-1,6
44822632,31,53,-1,-1,7
44814520,56,15,-1,-1,1
44824915,34,27,-1,-1,5
44816413,58,23,-1,-1,0
44824135,18,46,-1,-1,5
44823523,12,5,-1,-1,6
44824340,54,4,-1,-1,0
44822214,26,1,-1,-1,4
44817034,31,38,-1,-1,1
44822373,56,37,-1,-1,4
44826038,33,47,-1,-1,0
44824951,2,29,-1,-1,2
44825617,32,29,-1,-1,3
44823111,39,51,-1,-1,5
44819818,26,2,-1,-1,5
44820889,50,21,-1,-1,1
44824257,51,10,-1,-1,7
44817897,35,3,-1,-1,4
44825263,13,46,-1,-1,2
44824508,33,49,-1,-1,5
44814495,17,45,-1,-1,2
44812212,52,54,-1,-1,0
44824244,31,26,-1,-1,7
44813413,33,8,-1,-1,3
44824731,40,36,-1,-1,7
44824409,25,45,-1,-1,4
44825950,7,6,-1,-1,2
44820763,29,45,-1,-1,6
44823446,43,52,-1,-1,1
44825841,42,32,-1,-1,5
44825078,44,13,-1,-1,6
44821783,40,51,-1,-1,2
44822151,45,25,-1,-1,3
44816047,56,3,-1,-1,7
44825051,9,54,-1,-1,4
44822549,19,33,-1,-1,5
44826089,13,11,-1,-1,5
44826067,22,31,-1,-1,5
44822501,5,14,-1,-1,0
44823129,23,14,-1,-1,0
44819698,12,0,-1,-1,6
44814002,38,40,-1,-1,2
44825591,51,23,-1,-1,5
44825647,9,34,-1,-1,4
44824787,44,37,-1,-1,6
44825556,6,39,-1,-1,1
44811741,1,42,-1,-1,4
44823592,11,15,-1,-1,7
44824450,40,8,-1,-1,1
44824901,10,30,-1,-1,5
44823490,20,6,-1,-1,1
44826081,7,44,-1,-1,1
44817886,8,16,-1,-1,6
44823492,23,0,-1,-1,2
44825029,58,19,-1,-1,4
44824558,5,30,-1,-1,1
44822969,16,58,-1,-1,1
44813976,43,43,-1,-1,3
44810386,33,0,-1,-1,6
44825619,53,6,-1,-1,7
44820580,27,9,-1,-1,1
44822911,47,1,-1,-1,1
44824042,50,27,-1,-1,5
44824307,9,29,-1,-1,2
44823680,44,11,-1,-1,5
44825901,3,31,-1,-1,5
44823413,53,26,-1,-1,5
44820497,10,50,-1,-1,4
44817715,10,0,-1,-1,2
44818709,11,55,-1,-1,7
44825721,12,14,-1,-1,5
44824842,3,54,-1,-1,1
44822181,32,50,-1,-1,5
44826005,49,34,-1,-1,0
44820364,57,51,-1,-1,5
44811591,25,0,-1,-1,5
44824848,24,19,-1,-1,5
44825858,22,39,-1,-1,0
44825791,33,18,-1,-1,2
44825693,53,7,-1,-1,0
44818166,13,23,-1,-1,0
44816343,6,0,-1,-1,4
44825920,53,35,-1,-1,0
44822821,57,16,-1,-1,0
44824189,21,27,-1,-1,7
44824822,37,2,-1,-1,3
44823519,25,30,-1,-1,1
44823475,9,40,-1,-1,6
44823791,55,55,-1,-1,5
44822860,17,10,-1,-1,6
44821440,7,17,-1,-1,1
44820655,33,57,-1,-1,7
44818352,31,57,-1,-1,4
44817954,30,14,-1,-1,1
44824799,55,20,-1,-1,5
44825739,18,30,-1,-1,5
44821993,4,23,-1,-1,4
44824209,52,8,-1,-1,6
44825319,17,8,-1,-1,0
44814665,20,43,-1,-1,5
44824622,4,38,-1,-1,7
44821155,14,2,-1,-1,6
44819509,2,52,-1,-1,2
44825938,15,1,-1,-1,0
44825173,3,9,-1,-1,4
44819281,9,33,-1,-1,4
44822403,26,26,-1,-1,3
44824108,21,10,-1,-1,6
44824533,28,49,-1,-1,4
44824260,54,26,-1,-1,7
44825136,34,40,-1,-1,5
44822596,12,9,-1,-1,3
44825813,26,48,-1,-1,1
44818125,41,29,-1,-1,7
44821077,19,14,-1,-1,4
44818564,4,28,-1,-1,4
44823941,57,48,-1,-1,0
44823811,41,33,-1,-1,2
44822150,53,5,-1,-1,0
44825441,50,49,-1,-1,7
44825189,30,45,-1,-1,5
44825840,45,51,-1,-1,6
44824960,5,39,-1,-1,0
44821780,5,1,-1,-1,6
44825916,14,31,-1,-1,6
44816293,0,46,-1,-1,3
44822971,39,19,-1,-1,6
44814774,56,28,-1,-1,2
44825316,30,31,-1,-1,0
44825949,11,47,-1,-1,6
44822789,53,55,-1,-1,4
44820830,57,5,-1,-1,2
44824418,45,13,-1,-1,1
44822678,28,25,-1,-1,1
44824465,25,35,-1,-1,1
44825174,18,39,-1,-1,6
44813774,55,4,-1,-1,2
44826006,21,51,-1,-1,5
44820969,44,9,-1,-1,0
44824158,49,9,-1,-1,1
44823068,56,50,-1,-1,0
44825521,41,17,-1,-1,2
44824279,23,7,-1,-1,0
44822736,7,22,-1,-1,3
44820675,52,51,-1,-1,6
44821742,23,6,-1,-1,6
44825664,43,33,-1,-1,6
44824933,32,32,-1,-1,6
44819965,20,57,-1,-1,3
44823403,18,3,-1,-1,1
44821707,15,6,-1,-1,4
44822733,6,17,-1,-1,5
44824867,19,42,-1,-1,5
44825667,46,0,-1,-1,3
44824170,20,23,-1,-1,7
44826093,44,54,-1,-1,0
44825030,14,4,-1,-1,2
44816334,3,13,-1,-1,5
44825479,10,48,-1,-1,1
44822833,55,49,-1,-1,7
44825129,20,21,-1,-1,6
44819638,18,21,-1,-1,7
44809424,49,51,-1,-1,0
44825918,4,7,-1,-1,5
44820850,41,43,-1,-1,1
44822720,47,46,-1,-1,4
44825862,10,5,-1,-1,1
44816742,56,24,-1,-1,2
44821700,15,26,-1,-1,5
44822867,50,45,-1,-1,5
44825874,42,27,-1,-1,4
44821187,46,34,-1,-1,4
44824134,23,48,-1,-1,0
44818496,36,39,-1,-1,1
44826052,13,31,-1,-1,5
44825866,8,40,-1,-1,1
44818244,58,49,-1,-1,6
44824199,22,35,-1,-1,6
44819608,15,5,-1,-1,0
44824883,5,53,-1,-1,1
44824991,41,23,-1,-1,2
44826083,12,53,-1,-1,3
44825581,29,5,-1,-1,4
44819542,13,33,-1,-1,0
44818096,18,8,-1,-1,3
44823378,54,23,-1,-1,0
44817028,27,41,-1,-1,1
44824948,48,39,-1,-1,4
44823506,48,3,-1,-1,3
44820950,10,24,-1,-1,0
44825847,19,1,-1,-1,4
44825932,30,2,-1,-1,7
44825742,20,39,-1,-1,1
44824348,31,43,-1,-1,4
44824832,49,13,-1,-1,4
44823888,32,51,-1,-1,4
44821026,19,6,-1,-1,5
44820911,37,50,-1,-1,7
44823175,31,23,-1,-1,6
44819086,19,25,-1,-1,4
44824974,42,16,-1,-1,6
44825040,42,44,-1,-1,3
44824318,48,13,-1,-1,4
44824082,56,38,-1,-1,2
44821863,31,19,-1,-1,6
44822579,30,30,-1,-1,5
44823584,4,51,-1,-1,3
44819549,48,30,-1,-1,6
44826036,14,14,-1,-1,0
44825689,41,46,-1,-1,7
44825635,16,10,-1,-1,2
44820258,46,2,-1,-1,0
44824668,37,24,-1,-1,2
44825427,37,15,-1,-1,4
44824916,6,29,-1,-1,3
44815348,28,51,-1,-1,1
44825969,26,40,-1,-1,1
44824966,41,57,-1,-1,3
44821925,40,13,-1,-1,3
44817703,50,55,-1,-1,4
44816008,3,23,-1,-1,1
44824344,40,12,-1,-1,6
44823898,28,32,-1,-1,7
44824081,57,11,-1,-1,1
44825268,10,3,-1,-1,4
44825985,5,6,-1,-1,1
44824529,18,4,-1,-1,5
44817205,37,52,-1,-1,5
44823985,25,54,-1,-1,4
44823038,53,28,-1,-1,4
44823203,33,58,-1,-1,0
44819340,38,7,-1,-1,1
44819842,32,44,-1,-1,7
44824826,30,33,-1,-1,6
44826098,56,11,-1,-1,7
44798207,51,2,-1,-1,6
44821166,47,43,-1,-1,0
44824607,18,26,-1,-1,0
44825064,42,14,-1,-1,3
44825523,19,26,-1,-1,3
44818049,45,10,-1,-1,6
44823380,5,57,-1,-1,5
44822968,21,2,-1,-1,4
44823559,14,46,-1,-1,7
44825730,44,5,-1,-1,7
44825155,41,26,-1,-1,2
44824381,56,34,-1,-1,2
44825940,5,24,-1,-1,5
44818672,46,21,-1,-1,3
44825452,8,32,-1,-1,7
44822435,36,13,-1,-1,7
44819167,48,41,-1,-1,3
44822717,30,8,-1,-1,6
44823768,53,17,-1,-1,6
44824192,29,21,-1,-1,2
44825871,8,48,-1,-1,2
44825937,24,24,-1,-1,2
44825275,26,38,-1,-1,1
44815824,19,50,-1,-1,4
44823022,16,23,-1,-1,0
44821084,31,35,-1,-1,4
44819595,40,37,-1,-1,2
44824862,41,32,-1,-1,7
44823952,52,3,-1,-1,6
44825197,55,26,-1,-1,5
44820984,12,57,-1,-1,3
44825333,50,46,-1,-1,6
44824583,40,30,-1,-1,6
44824824,1,41,-1,-1,1
44825688,19,22,-1,-1,2
44823604,18,9,-1,-1,6
44825142,9,16,-1,-1,2
44825134,12,47,-1,-1,7
44825165,50,37,-1,-1,7
44825960,7,0,-1,-1,6
44826058,35,6,-1,-1,6
44820928,5,19,-1,-1,5
44824335,28,8,-1,-1,3
44824924,17,30,-1,-1,3
44824513,51,5,-1,-1,5
44821667,20,27,-1,-1,7
44824889,5,33,-1,-1,6
44822834,15,53,-1,-1,3
44816945,33,40,-1,-1,6
44816533,34,8,-1,-1,6
44825317,40,2,-1,-1,6
44818479,54,10,-1,-1,6
44824913,5,9,-1,-1,6
44825641,31,40,-1,-1,0
44816107,3,10,-1,-1,7
44826032,19,39,-1,-1,0
44821942,1,56,-1,-1,3
44824564,10,19,-1,-1,1
44818972,20,12,-1,-1,5
44825817,26,19,-1,-1,5
44825487,22,6,-1,-1,7
44821502,19,20,-1,-1,2
44817333,53,48,-1,-1,2
44825388,21,1,-1,-1,0
44826064,3,16,-1,-1,1
44825328,25,18,-1,-1,6
44825808,21,54,-1,-1,7
44825175,38,5,-1,-1,2
44816164,20,3,-1,-1,2
44825991,51,4,-1,-1,0
44825157,20,36,-1,-1,4
44809213,33,38,-1,-1,3
44822034,24,9,-1,-1,7
44824043,35,46,-1,-1,3
44826076,10,20,-1,-1,3
44817150,40,40,-1,-1,6
44823233,40,21,-1,-1,2
44819975,55,40,-1,-1,5
44824106,38,33,-1,-1,0
44824096,51,46,-1,-1,3
44823102,55,29,-1,-1,2
44823641,30,22,-1,-1,2
44824978,36,35,-1,-1,4
44825266,9,18,-1,-1,0
44820440,45,52,-1,-1,3
44825364,12,51,-1,-1,7
44818832,2,13,-1,-1,1
44824521,32,35,-1,-1,7
44823146,33,50,-1,-1,3
44822896,51,37,-1,-1,1
44824250,39,25,-1,-1,4
44825116,58,16,-1,-1,4
44825885,43,40,-1,-1,7
44824223,22,32,-1,-1,2
44819309,48,42,-1,-1,3
44824009,3,2,-1,-1,0
44820478,21,3,-1,-1,5
44824879,53,22,-1,-1,5
44816924,34,19,-1,-1,2
44821790,58,6,-1,-1,7
44825996,33,25,-1,-1,1
44820467,37,4,-1,-1,5
44825770,58,8,-1,-1,4
44825798,30,1,-1,-1,1
44824598,47,23,-1,-1,1
44817994,52,24,-1,-1,5
44821369,47,42,-1,-1,5
44822108,32,43,-1,-1,4
44823655,5,48,-1,-1,0
44824438,58,41,-1,-1,7
44818029,26,52,-1,-1,4
44819074,47,24,-1,-1,2
44818386,8,50,-1,-1,4
44824666,13,32,-1,-1,3
44823006,50,52,-1,-1,7
44819279,52,17,-1,-1,5
44823925,52,15,-1,-1,4
44823823,25,56,-1,-1,6
44820701,23,33,-1,-1,5
44822488,9,38,-1,-1,5
44824328,5,3,-1,-1,4
44822687,32,37,-1,-1,4
44825815,0,29,-1,-1,1
44819574,44,36,-1,-1,6
44824773,9,10,-1,-1,6
44822358,0,57,-1,-1,4
44816875,53,31,-1,-1,0
44820715,51,6,-1,-1,6
44825731,24,33,-1,-1,6
44823096,38,1,-1,-1,4
44823821,11,49,-1,-1,6
44824827,46,7,-1,-1,3
44824148,20,22,-1,-1,0
44820596,57,47,-1,-1,5
44823240,39,52,-1,-1,5
44825308,39,34,-1,-1,5
44806116,53,43,-1,-1,4
44823141,7,55,-1,-1,1
44826082,25,43,-1,-1,6
44820552,25,55,-1,-1,0
44814648,17,34,-1,-1,5
44813575,56,36,-1,-1,7
44825833,43,19,-1,-1,4
44825124,8,3,-1,-1,7
44820141,13,17,-1,-1,2
44824060,50,43,-1,-1,5
44825330,2,39,-1,-1,7
44819505,30,0,-1,-1,2
44821537,4,53,-1,-1,2
44820593,25,28,-1,-1,7
44809295,58,52,-1,-1,4
44826090,23,11,-1,-1,1
44820992,46,12,-1,-1,4
44823607,53,36,-1,-1,4
44820777,49,45,-1,-1,2
44825795,14,34,-1,-1,1
44825850,13,41,-1,-1,6
44824504,11,54,-1,-1,2
44825606,38,39,-1,-1,0
44824635,4,50,-1,-1,1
44810172,46,58,-1,-1,7
44823094,12,27,-1,-1,6
44824999,42,35,-1,-1,2
44825348,29,27,-1,-1,2
44820122,27,53,-1,-1,2
44823700,10,16,-1,-1,5
44824177,38,18,-1,-1,7
44825630,3,57,-1,-1,6
44825737,34,5,-1,-1,2
44826043,6,44,-1,-1,5
44821905,17,16,-1,-1,1
44819301,44,0,-1,-1,5
44821108,22,37,-1,-1,5
44825933,12,22,-1,-1,6
44824560,27,17,-1,-1,6
44825593,46,24,-1,-1,0
44822883,43,17,-1,-1,5
44823322,20,14,-1,-1,3
44824997,5,11,-1,-1,2
44825238,52,37,-1,-1,7
44824153,27,54,-1,-1,3
44823312,42,6,-1,-1,1
44823199,39,50,-1,-1,1
44824919,11,43,-1,-1,3
44824356,39,29,-1,-1,6
44824125,58,53,-1,-1,0
44824182,50,28,-1,-1,4
44824772,41,7,-1,-1,7
44823958,14,12,-1,-1,1
44816192,14,13,-1,-1,2
44825416,21,55,-1,-1,7
44824298,25,26,-1,-1,2
44825917,26,24,-1,-1,7
44823481,16,28,-1,-1,1
44823819,30,11,-1,-1,5
44822731,48,46,-1,-1,7
44824408,6,6,-1,-1,5
44825318,8,25,-1,-1,5
44825628,49,27,-1,-1,4
44824028,4,34,-1,-1,7
44824103,49,29,-1,-1,7
44819050,1,12,-1,-1,6
44825101,41,51,-1,-1,7
44819452,14,0,-1,-1,2
44821377,3,1,-1,-1,0
44825677,34,4,-1,-1,2
44825420,51,16,-1,-1,2
44824051,32,28,-1,-1,0
44825880,15,39,-1,-1,0
44824645,47,38,-1,-1,5
44824352,55,15,-1,-1,0
44824110,5,15,-1,-1,6
44823455,10,42,-1,-1,1
44810198,36,36,-1,-1,2
44824206,10,47,-1,-1,7
44821057,48,33,-1,-1,6
44825484,13,42,-1,-1,1
44824252,18,34,-1,-1,5
44822414,0,45,-1,-1,4
44825414,6,19,-1,-1,6
44822742,36,37,-1,-1,3
44811664,37,54,-1,-1,4
44821095,44,31,-1,-1,0
44822507,24,26,-1,-1,4
44825251,26,30,-1,-1,0
44824368,23,40,-1,-1,6
44821432,20,52,-1,-1,4
44825151,24,35,-1,-1,5
44823605,9,6,-1,-1,3
44825781,3,17,-1,-1,1
44825559,38,45,-1,-1,2
44819057,56,27,-1,-1,7
44820700,33,16,-1,-1,2
44822629,7,10,-1,-1,6
44825939,14,7,-1,-1,1
44825691,50,5,-1,-1,0
44820439,34,0,-1,-1,4
44824162,24,3,-1,-1,2
44825706,22,30,-1,-1,7
44822518,37,10,-1,-1,5
44818108,29,41,-1,-1,0
44821792,14,15,-1,-1,1
44823450,5,51,-1,-1,6
44826035,12,39,-1,-1,6
44825780,17,57,-1,-1,6
44825573,9,36,-1,-1,3
44825121,57,6,-1,-1,3
44823692,55,19,-1,-1,1
44825248,46,26,-1,-1,5
44824468,13,55,-1,-1,0
44822806,18,45,-1,-1,7
44820048,38,23,-1,-1,5
44822426,51,19,-1,-1,6
44821590,9,3,-1,-1,0
44826074,24,29,-1,-1,2
44825778,1,38,-1,-1,6
44825793,8,36,-1,-1,5
44824259,6,14,-1,-1,3
44823195,37,38,-1,-1,0
44822198,33,32,-1,-1,0
44819892,55,5,-1,-1,0
44824650,1,6,-1,-1,5
44825783,31,28,-1,-1,6
44820354,41,58,-1,-1,7
44825905,15,8,-1,-1,2
44822302,17,1,-1,-1,1
44814280,18,50,-1,-1,7
44825558,2,7,-1,-1,0
44820151,21,16,-1,-1,7
44825312,2,46,-1,-1,3
44818199,37,48,-1,-1,2
44826040,50,8,-1,-1,6
44824362,2,41,-1,-1,3
44825009,16,26,-1,-1,1
44821888,41,50,-1,-1,0
44825893,28,57,-1,-1,4
44824522,7,46,-1,-1,0
44826054,23,43,-1,-1,3
44822644,24,48,-1,-1,6
44824556,32,17,-1,-1,0
44818235,38,27,-1,-1,2
44824477,11,40,-1,-1,4
44822413,38,11,-1,-1,3
44825701,9,23,-1,-1,0
44815021,29,52,-1,-1,0
44821116,49,31,-1,-1,7
44825085,35,45,-1,-1,2
44824630,11,23,-1,-1,3
44815184,7,27,-1,-1,1
44825090,51,38,-1,-1,4
44817720,0,8,-1,-1,2
44825483,40,20,-1,-1,6
44806474,46,22,-1,-1,7
44825834,22,17,-1,-1,3
44824020,8,14,-1,-1,6
44815612,56,40,-1,-1,7
44822656,15,52,-1,-1,3
44824739,47,54,-1,-1,1
44821404,30,55,-1,-1,7
44825138,57,57,-1,-1,4
44823390,45,6,-1,-1,7
44821504,34,41,-1,-1,2
44825445,54,29,-1,-1,3
44824079,51,33,-1,-1,0
44817320,41,31,-1,-1,6
44817845,55,27,-1,-1,3
44824489,17,14,-1,-1,1
44823379,30,27,-1,-1,5
44808376,23,58,-1,-1,7
44822967,50,0,-1,-1,6
44823438,6,52,-1,-1,7
44823292,17,25,-1,-1,0
44824436,44,14,-1,-1,2
44820917,25,53,-1,-1,6
44818754,0,41,-1,-1,1
44825070,8,5,-1,-1,7
44819926,0,55,-1,-1,2
44825472,53,57,-1,-1,0
44821800,47,4,-1,-1,1
44825298,57,28,-1,-1,1
44824653,47,19,-1,-1,0
44824629,50,24,-1,-1,4
44822630,38,21,-1,-1,7
44824941,10,15,-1,-1,6
44817777,52,48,-1,-1,3
44823861,38,19,-1,-1,1
44822614,39,49,-1,-1,3
44825962,4,19,-1,-1,0
44815115,29,13,-1,-1,5
44825339,24,8,-1,-1,2
44824911,35,8,-1,-1,6
44825458,18,28,-1,-1,0
44819956,46,57,-1,-1,4
44824215,35,2,-1,-1,4
44819768,32,23,-1,-1,1
44825239,6,2,-1,-1,6
44823933,30,10,-1,-1,3
44823400,41,55,-1,-1,6
44820193,56,4,-1,-1,4
44820539,57,25,-1,-1,5
44822522,1,31,-1,-1,5
44813454,38,3,-1,-1,6
44822312,36,9,-1,-1,4
44826039,13,50,-1,-1,4
44824510,25,4,-1,-1,2
44825311,38,43,-1,-1,5
44824587,57,37,-1,-1,2
44824306,18,42,-1,-1,2
44824200,17,31,-1,-1,0
44824929,42,24,-1,-1,6
44801892,54,25,-1,-1,2
44824735,23,24,-1,-1,6
44824018,52,39,-1,-1,3
44820771,40,43,-1,-1,5
44823999,2,42,-1,-1,0
44824066,24,18,-1,-1,4
44824846,21,11,-1,-1,6
44823918,7,37,-1,-1,4
44825763,12,56,-1,-1,5
44825133,0,16,-1,-1,0
44817357,41,41,-1,-1,3
44825977,48,14,-1,-1,0
44821837,29,9,-1,-1,4
44824208,44,56,-1,-1,0
44823159,44,57,-1,-1,5
44819075,7,52,-1,-1,0
44807136,47,47,-1,-1,5
44824967,18,24,-1,-1,2
44825980,9,19,-1,-1,1
44824423,2,55,-1,-1,3
44824531,24,12,-1,-1,0
44807171,36,46,-1,-1,0
44821758,15,4,-1,-1,7
44823124,55,25,-1,-1,1
44821952,39,15,-1,-1,7
44821884,22,3,-1,-1,4
44824935,34,1,-1,-1,7
44825922,26,3,-1,-1,3
44825727,1,58,-1,-1,6
44820898,46,32,-1,-1,0
44816422,48,24,-1,-1,0
44825857,6,56,-1,-1,7
44823116,8,20,-1,-1,2
44825614,15,11,-1,-1,3
44821660,40,14,-1,-1,2
44822713,28,12,-1,-1,1
44818130,31,39,-1,-1,6
44823160,43,55,-1,-1,5
44822562,17,18,-1,-1,5
44821808,27,6,-1,-1,3
44823674,29,39,-1,-1,5
44824237,53,41,-1,-1,6
44816614,30,3,-1,-1,7
44807160,30,18,-1,-1,5
44822286,34,31,-1,-1,6
44823764,27,32,-1,-1,7
44823520,46,42,-1,-1,2
44821030,36,57,-1,-1,3
44826094,20,9,-1,-1,5
44824756,27,44,-1,-1,6
44824983,42,10,-1,-1,7
44825836,57,0,-1,-1,6
44822216,42,42,-1,-1,2
44823802,16,4,-1,-1,7
44822378,17,47,-1,-1,2
44820934,3,34,-1,-1,3
44822201,43,45,-1,-1,5
44821920,49,26,-1,-1,1
44825818,6,22,-1,-1,4
44822351,11,58,-1,-1,6
44824976,50,32,-1,-1,4
44822577,20,55,-1,-1,6
44825686,44,28,-1,-1,0
44823744,26,46,-1,-1,3
44823978,16,6,-1,-1,5
44825016,13,27,-1,-1,1
44825374,22,48,-1,-1,3
44821525,54,36,-1,-1,4
44815589,35,43,-1,-1,1
44823772,28,56,-1,-1,6
44820082,51,48,-1,-1,4
44824263,27,50,-1,-1,5
44826001,12,45,-1,-1,7
44816393,52,47,-1,-1,0
44819031,7,12,-1,-1,4
44821013,3,41,-1,-1,6
44825201,19,48,-1,-1,6
44820737,44,46,-1,-1,3
44822111,54,42,-1,-1,1
44819494,9,7,-1,-1,7
44824926,41,28,-1,-1,5
44822020,13,49,-1,-1,6
44822638,27,49,-1,-1,1
44822844,34,3,-1,-1,1
44824988,9,41,-1,-1,2
44815741,7,4,-1,-1,3
44820426,42,38,-1,-1,0
44825387,44,25,-1,-1,3
44822955,21,32,-1,-1,7
44826111,45,39,-1,-1,5
44824405,40,7,-1,-1,7
44825206,38,22,-1,-1,0
44815481,57,38,-1,-1,3
44826084,33,19,-1,-1,3
44821352,52,41,-1,-1,3
44823035,22,55,-1,-1,2
44825636,6,25,-1,-1,5
44820618,36,55,-1,-1,3
44821768,29,16,-1,-1,2
44810745,7,51,-1,-1,1
44817819,43,21,-1,-1,0
44819767,41,48,-1,-1,4
44825772,49,52,-1,-1,1
44826077,19,38,-1,-1,7
44822067,41,24,-1,-1,0
44821974,57,21,-1,-1,2
44825210,45,54,-1,-1,7
44820985,4,43,-1,-1,3
44816027,9,9,-1,-1,6
44825649,18,49,-1,-1,2
44822665,51,44,-1,-1,0
44819567,36,11,-1,-1,2
44825389,15,22,-1,-1,3
44825811,53,23,-1,-1,5
44824910,53,13,-1,-1,3
44825446,12,38,-1,-1,1
44825651,0,39,-1,-1,0
44819641,18,23,-1,-1,5
44821706,35,19,-1,-1,1
44825659,32,36,-1,-1,3
44823682,23,45,-1,-1,0
44826097,45,9,-1,-1,0
44823326,39,46,-1,-1,2
44824333,0,13,-1,-1,4
44825393,42,2,-1,-1,3
44821489,0,21,-1,-1,1
44825126,47,45,-1,-1,3
44825068,23,30,-1,-1,7
44822602,33,23,-1,-1,3
44824759,43,29,-1,-1,2
44820476,39,20,-1,-1,5
44821886,13,12,-1,-1,7
44824579,12,10,-1,-1,7
44823860,46,48,-1,-1,4
44825789,11,57,-1,-1,4
44825280,54,9,-1,-1,7
44824193,16,42,-1,-1,6
44825596,11,38,-1,-1,5
44825821,28,13,-1,-1,1
44825769,44,23,-1,-1,2
44822927,47,11,-1,-1,2
44823767,31,54,-1,-1,2
44823375,4,42,-1,-1,1
44821170,23,13,-1,-1,2
44823149,54,16,-1,-1,2
44825188,21,46,-1,-1,7
44815625,31,51,-1,-1,3
44825958,23,46,-1,-1,7
44822963,4,40,-1,-1,6
44824762,51,41,-1,-1,5
44820882,1,1,-1,-1,7
44822642,54,30,-1,-1,2
44824164,35,1,-1,-1,1
44825236,17,53,-1,-1,1
44821104,33,11,-1,-1,1
44823814,42,39,-1,-1,5
44818416,43,50,-1,-1,1
44825498,5,41,-1,-1,0
44825290,38,13,-1,-1,7
44825341,34,43,-1,-1,7
44820072,28,42,-1,-1,0
44815158,50,56,-1,-1,7
44821072,4,10,-1,-1,0
44826012,58,27,-1,-1,0
44825301,8,15,-1,-1,4
44825976,25,11,-1,-1,0
44812666,18,16,-1,-1,3
44815455,25,46,-1,-1,0
44824227,22,15,-1,-1,4
44820242,44,15,-1,-1,7
44824243,43,28,-1,-1,1
44815905,2,6,-1,-1,6
44825294,19,54,-1,-1,6
44825915,46,28,-1,-1,3
44824404,48,47,-1,-1,3
44816427,16,57,-1,-1,3
44822081,26,51,-1,-1,1
44825820,9,20,-1,-1,4
44824191,24,39,-1,-1,3
44821175,11,1,-1,-1,6
44824572,19,7,-1,-1,7
44824569,46,52,-1,-1,2
44824008,37,6,-1,-1,4
44821139,32,58,-1,-1,0
44822462,44,22,-1,-1,5
44821223,54,15,-1,-1,4
44823288,2,23,-1,-1,0
44821793,55,54,-1,-1,4
44826022,32,6,-1,-1,6
44816972,53,12,-1,-1,5
44816428,33,30,-1,-1,4
44825557,1,15,-1,-1,5
44826011,32,48,-1,-1,5
44816745,34,28,-1,-1,6
44822841,10,8,-1,-1,3
44819364,28,16,-1,-1,2
44824639,35,9,-1,-1,2
44824453,52,27,-1,-1,7
44823418,45,18,-1,-1,6
44825776,57,55,-1,-1,7
44817805,34,50,-1,-1,3
44824050,13,52,-1,-1,2
44825752,17,11,-1,-1,4
44813966,35,57,-1,-1,4
44821148,0,30,-1,-1,4
44823825,37,1,-1,-1,6
44824725,54,50,-1,-1,0
44825043,13,14,-1,-1,7
44822340,26,34,-1,-1,4
44825882,47,37,-1,-1,0
44825520,26,11,-1,-1,2
44825696,6,37,-1,-1,1
44823145,40,25,-1,-1,6
44824165,39,54,-1,-1,4
44825036,56,53,-1,-1,5
44823865,36,19,-1,-1,5
44825921,49,38,-1,-1,6
44825074,6,45,-1,-1,0
44819260,58,0,-1,-1,6
44822552,34,48,-1,-1,5
44825045,7,49,-1,-1,1
44820234,34,9,-1,-1,3
44823794,45,27,-1,-1,5
44825419,16,43,-1,-1,1
44823342,28,28,-1,-1,4
44823174,25,8,-1,-1,4
44825925,45,4,-1,-1,3
44826010,24,15,-1,-1,2
44825361,8,49,-1,-1,7
44810643,30,29,-1,-1,1
44825354,52,44,-1,-1,7
44825088,55,16,-1,-1,2
44824891,53,29,-1,-1,0
44823785,50,4,-1,-1,6
44816979,26,21,-1,-1,5
44825023,44,17,-1,-1,4
44821928,6,30,-1,-1,7
44825054,36,30,-1,-1,6
44825775,50,41,-1,-1,1
44825098,7,7,-1,-1,2
44824871,57,7,-1,-1,5
44822722,4,21,-1,-1,1
44821799,28,29,-1,-1,0
44819125,51,14,-1,-1,1
44825732,28,22,-1,-1,1
44823340,35,54,-1,-1,0
44824745,35,39,-1,-1,4
44824085,9,39,-1,-1,3
44816718,51,20,-1,-1,0
44824383,6,58,-1,-1,6
44820013,38,52,-1,-1,7
44825997,3,36,-1,-1,4
44820776,19,3,-1,-1,0
44821447,51,29,-1,-1,2
44817373,39,6,-1,-1,3
44822502,46,29,-1,-1,1
44824783,27,15,-1,-1,2
44825837,55,43,-1,-1,1
44825785,22,27,-1,-1,0
44819951,8,52,-1,-1,2
44826063,15,37,-1,-1,4
44823649,43,57,-1,-1,1
44824283,28,43,-1,-1,1
44820274,45,8,-1,-1,7
44825457,29,53,-1,-1,4
44821650,19,21,-1,-1,2
44819191,4,9,-1,-1,5
44825552,19,12,-1,-1,7
44822075,43,13,-1,-1,4
44825646,29,0,-1,-1,3
44825570,45,38,-1,-1,6
44825909,55,38,-1,-1,3
44819257,26,6,-1,-1,0
44825350,11,42,-1,-1,0
44808618,44,51,-1,-1,0
44826009,1,9,-1,-1,5
44813684,10,11,-1,-1,3
44824146,53,45,-1,-1,1
44824992,55,32,-1,-1,4
44823366,41,10,-1,-1,7
44823713,55,28,-1,-1,2
44820225,31,16,-1,-1,5
44825067,29,28,-1,-1,4
44822615,7,28,-1,-1,4
44822370,39,24,-1,-1,1
44822168,27,18,-1,-1,5
44824236,58,50,-1,-1,0
44823716,49,21,-1,-1,2
44825497,27,12,-1,-1,6
44824950,29,22,-1,-1,6
44822986,55,6,-1,-1,0
44824700,55,14,-1,-1,0
44825549,33,24,-1,-1,0
44823463,35,53,-1,-1,0
44821601,15,50,-1,-1,7
44825814,38,10,-1,-1,5
44825648,45,26,-1,-1,5
44825432,45,28,-1,-1,3
44826068,23,10,-1,-1,6
44825761,14,39,-1,-1,0
44824126,49,43,-1,-1,7
44825654,11,33,-1,-1,2
44821507,22,10,-1,-1,3
44812142,4,27,-1,-1,2
44821600,47,36,-1,-1,2
44821135,58,47,-1,-1,0
44825903,4,16,-1,-1,3
44821704,9,53,-1,-1,3
44824806,0,44,-1,-1,0
44823009,17,23,-1,-1,1
44815241,33,54,-1,-1,2
44825410,4,37,-1,-1,5
44825930,26,31,-1,-1,1
44820019,0,3,-1,-1,0
44823899,38,54,-1,-1,2
44817210,1,32,-1,-1,2
44823472,55,53,-1,-1,1
44824220,58,44,-1,-1,4
44817058,40,57,-1,-1,1
44825433,40,34,-1,-1,1
44826025,13,30,-1,-1,5
44817772,22,1,-1,-1,0
44817201,16,45,-1,-1,4
44820619,1,14,-1,-1,1
44825853,45,47,-1,-1,7
44823217,17,29,-1,-1,6
44823775,3,27,-1,-1,7
44818908,11,24,-1,-1,1
44824675,29,42,-1,-1,6
44824072,0,52,-1,-1,4
44822536,55,45,-1,-1,4
44825536,10,33,-1,-1,2
44820449,36,48,-1,-1,0
44817523,29,32,-1,-1,4
44823399,57,23,-1,-1,4
44825228,16,7,-1,-1,2
44820749,26,0,-1,-1,4
44822874,47,12,-1,-1,5
44817745,22,22,-1,-1,7
44824511,38,34,-1,-1,7
44825716,14,52,-1,-1,5
44825100,29,30,-1,-1,7
44823809,5,17,-1,-1,7
44825725,41,34,-1,-1,2
44825842,27,57,-1,-1,3
44818141,37,33,-1,-1,5
44821174,32,3,-1,-1,3
44799150,2,53,-1,-1,6
44822188,50,16,-1,-1,6
44824271,34,16,-1,-1,3
44813525,42,21,-1,-1,7
44819611,28,2,-1,-1,1
44821797,37,36,-1,-1,1
44825848,26,17,-1,-1,2
44813843,10,12,-1,-1,3
44819122,20,54,-1,-1,6
44825055,12,41,-1,-1,4
44822126,1,39,-1,-1,0
44819604,54,51,-1,-1,2
44825352,53,54,-1,-1,6
44820816,52,7,-1,-1,2
44823569,35,0,-1,-1,4
44810193,40,55,-1,-1,3
44822193,51,31,-1,-1,4
44824491,32,5,-1,-1,4
44825455,36,2,-1,-1,4
44825469,0,40,-1,-1,1
44825011,57,41,-1,-1,3
44813387,49,58,-1,-1,0
44817254,29,50,-1,-1,4
44822556,32,8,-1,-1,7
44825471,11,5,-1,-1,7
44812597,38,32,-1,-1,3
44824716,32,16,-1,-1,7
44820442,28,10,-1,-1,3
44825539,13,5,-1,-1,7
44825542,27,8,-1,-1,1
44822705,54,11,-1,-1,5
44824046,35,10,-1,-1,6
44823273,34,56,-1,-1,3
44825611,14,10,-1,-1,2
44822594,32,11,-1,-1,7
44823626,10,13,-1,-1,4
44823804,37,40,-1,-1,4
44826061,12,40,-1,-1,5
44824902,57,32,-1,-1,1
44825914,57,12,-1,-1,3
44825590,18,1,-1,-1,2
44825995,47,55,-1,-1,5
44821014,21,22,-1,-1,6
44820752,35,23,-1,-1,1
44824969,13,56,-1,-1,1
44823078,42,29,-1,-1,4
44824652,29,34,-1,-1,6
44825767,22,51,-1,-1,2
44818062,53,25,-1,-1,3
44825216,36,45,-1,-1,4
44823070,7,33,-1,-1,6
44823382,21,6,-1,-1,0
44824254,37,56,-1,-1,2
44820712,46,49,-1,-1,0
44820358,3,24,-1,-1,5
44825084,14,55,-1,-1,4
44825595,52,18,-1,-1,0
44823215,19,11,-1,-1,4
44822851,31,1,-1,-1,1
44824377,5,25,-1,-1,1
44820369,11,46,-1,-1,7
44824588,25,9,-1,-1,1
44824370,24,40,-1,-1,4
44820405,26,4,-1,-1,6
44823800,12,17,-1,-1,6
44825526,57,33,-1,-1,7
44821842,4,12,-1,-1,1
44825264,30,54,-1,-1,1
44824614,45,7,-1,-1,2
44824768,42,22,-1,-1,0
44820937,7,8,-1,-1,6
44823987,31,49,-1,-1,7
44824928,18,7,-1,-1,3
44818871,58,22,-1,-1,0
44823239,27,14,-1,-1,5
44821018,14,33,-1,-1,3
44823276,55,39,-1,-1,3
44821682,21,47,-1,-1,6
44825156,52,50,-1,-1,7
44817081,29,58,-1,-1,7
44824463,37,32,-1,-1,2
44819621,31,17,-1,-1,5
44824829,12,24,-1,-1,5
44824054,19,36,-1,-1,0
44824702,40,18,-1,-1,5
44824095,39,1,-1,-1,1
44823647,2,45,-1,-1,4
44823662,35,22,-1,-1,4
44822133,27,30,-1,-1,4
44815527,21,45,-1,-1,6
44822018,13,2,-1,-1,6
44823552,46,15,-1,-1,5
44818275,34,12,-1,-1,3
44825576,49,36,-1,-1,6
44824505,34,38,-1,-1,6
44796566,40,48,-1,-1,6
44824809,42,37,-1,-1,3
44825579,12,18,-1,-1,0
44821561,43,3,-1,-1,4
44825076,51,24,-1,-1,4
44812514,40,46,-1,-1,7
44824800,0,31,-1,-1,2
44819890,7,16,-1,-1,6
44819988,9,17,-1,-1,5
44823227,19,4,-1,-1,1
44819414,42,18,-1,-1,0
44825177,15,23,-1,-1,1
44825904,25,16,-1,-1,6
44825187,39,2,-1,-1,5
44825640,21,25,-1,-1,0
44820610,0,33,-1,-1,1
44825285,54,44,-1,-1,1
44824159,43,27,-1,-1,3
44822226,52,16,-1,-1,3
44825620,3,51,-1,-1,0
44821995,47,53,-1,-1,7
44825307,45,34,-1,-1,2
44819533,38,14,-1,-1,6
44815310,30,42,-1,-1,3
44825255,11,9,-1,-1,6
44823760,54,13,-1,-1,0
44820005,42,56,-1,-1,6
44825437,28,24,-1,-1,3
44820089,18,19,-1,-1,7
44824953,39,43,-1,-1,0
44824819,11,31,-1,-1,5
44820472,20,10,-1,-1,1
44822905,21,58,-1,-1,7
44825765,17,49,-1,-1,6
44813316,5,54,-1,-1,5
44822769,47,28,-1,-1,4
44824295,23,34,-1,-1,2
44825629,7,53,-1,-1,5
44825262,54,45,-1,-1,2
44823385,22,4,-1,-1,6
44825451,8,0,-1,-1,5
44825887,25,6,-1,-1,1
44818635,37,31,-1,-1,0
44823248,36,21,-1,-1,4
44823218,45,43,-1,-1,2
44824712,48,12,-1,-1,7
44823876,33,21,-1,-1,6
44824684,13,28,-1,-1,1
44824301,15,29,-1,-1,3
44821461,48,9,-1,-1,6
44823061,18,38,-1,-1,5
44822829,31,36,-1,-1,5
44822251,53,30,-1,-1,5
44817909,11,34,-1,-1,7
44823142,14,27,-1,-1,3
44824858,57,30,-1,-1,1
44821944,9,55,-1,-1,2
44821685,58,14,-1,-1,4
44822574,56,45,-1,-1,0
44825806,50,38,-1,-1,4
44822362,37,12,-1,-1,2
44825773,48,57,-1,-1,4
44824683,50,18,-1,-1,1
44825681,28,7,-1,-1,7
44824686,46,13,-1,-1,1
44821451,27,11,-1,-1,7
44823222,19,53,-1,-1,0
44824026,10,39,-1,-1,4
44825112,17,26,-1,-1,4
44815205,52,43,-1,-1,2
44821690,11,21,-1,-1,2
44825766,42,15,-1,-1,3
44824131,12,21,-1,-1,3
44814767,5,8,-1,-1,4
44824758,23,19,-1,-1,3
44820631,15,57,-1,-1,0
44822301,4,26,-1,-1,2
44824503,33,43,-1,-1,7
44823697,8,23,-1,-1,4
44821553,11,8,-1,-1,5
44821737,30,6,-1,-1,7
44819557,17,3,-1,-1,6
44825278,45,15,-1,-1,5
44822116,31,47,-1,-1,7
44822473,47,9,-1,-1,4
44822122,56,43,-1,-1,2
44825349,15,28,-1,-1,2
44824002,35,25,-1,-1,6
44819519,6,13,-1,-1,6
44821027,24,50,-1,-1,5
44822909,17,28,-1,-1,3
44825994,49,57,-1,-1,1
44817975,1,16,-1,-1,4
44824111,29,18,-1,-1,4
44820810,35,44,-1,-1,7
44817830,38,42,-1,-1,5
44819783,31,11,-1,-1,4
44810214,34,10,-1,-1,5
44824550,42,9,-1,-1,0
44821074,51,12,-1,-1,7
44824660,50,10,-1,-1,5
44825257,36,28,-1,-1,0
44825179,5,21,-1,-1,0
44825221,10,51,-1,-1,0
44822887,57,50,-1,-1,6
44825342,58,37,-1,-1,0
44825786,16,12,-1,-1,3
44817640,19,2,-1,-1,5
44823044,33,46,-1,-1,1
44812758,16,0,-1,-1,2
44822568,24,30,-1,-1,4
44821178,36,34,-1,-1,1
44814890,32,22,-1,-1,7
44818111,19,51,-1,-1,5
44823609,27,27,-1,-1,4
44819445,17,27,-1,-1,7
44823553,49,37,-1,-1,6
44825454,48,18,-1,-1,2
44813922,57,13,-1,-1,6
44826091,31,48,-1,-1,5
44822728,2,32,-1,-1,5
44818724,48,25,-1,-1,4
44825377,15,34,-1,-1,3
44823053,8,56,-1,-1,2
44825844,12,36,-1,-1,2
44823675,31,25,-1,-1,7
44822551,5,7,-1,-1,5
44821488,11,30,-1,-1,5
44822023,17,52,-1,-1,7
44821406,28,46,-1,-1,4
44825032,48,31,-1,-1,6
44821374,32,18,-1,-1,7
44819348,5,44,-1,-1,4
44825042,44,30,-1,-1,4
44813829,49,0,-1,-1,3
44823057,49,39,-1,-1,0
44817080,56,17,-1,-1,5
44825199,14,8,-1,-1,1
44825058,39,33,-1,-1,1
44824812,6,28,-1,-1,7
44824349,4,14,-1,-1,5
44818241,22,24,-1,-1,2
44815618,25,58,-1,-1,0
44823781,19,28,-1,-1,1
44824141,12,23,-1,-1,2
44823642,43,4,-1,-1,0
44821796,10,4,-1,-1,6
44821281,2,26,-1,-1,1
44824290,20,16,-1,-1,0
44819729,47,52,-1,-1,7
44825571,7,35,-1,-1,2
44825540,55,31,-1,-1,6
44825310,2,11,-1,-1,2
44824788,28,9,-1,-1,1
44825843,22,49,-1,-1,4
44824813,28,44,-1,-1,5
44826053,40,28,-1,-1,0
44824608,9,32,-1,-1,3
44820543,43,56,-1,-1,1
44814283,29,31,-1,-1,3
44824853,9,30,-1,-1,2
44825622,51,42,-1,-1,7
44825987,36,17,-1,-1,4
44825657,18,48,-1,-1,1
44824998,55,57,-1,-1,1
44824719,9,13,-1,-1,7
44822110,58,7,-1,-1,5
44825751,16,34,-1,-1,3
44825092,47,33,-1,-1,4
44819107,6,9,-1,-1,6
44824091,18,15,-1,-1,3
44822103,47,6,-1,-1,5
44822398,45,31,-1,-1,2
44824016,48,26,-1,-1,4
44825168,31,7,-1,-1,7
44824388,8,22,-1,-1,0
44818980,57,39,-1,-1,1
44783020,0,26,-1,-1,4
44823264,37,5,-1,-1,1
44822045,8,43,-1,-1,4
44826106,48,50,-1,-1,1
44825906,52,11,-1,-1,3
44824121,52,34,-1,-1,5
44824578,40,15,-1,-1,6
44824904,8,58,-1,-1,6
44825271,12,58,-1,-1,1
44825190,18,35,-1,-1,1
44819588,34,23,-1,-1,7
44824792,41,22,-1,-1,6
44822191,17,7,-1,-1,4
44824312,36,23,-1,-1,1
44823005,24,4,-1,-1,5
44825890,37,7,-1,-1,4
44823666,22,41,-1,-1,5
44825788,49,32,-1,-1,1
44825580,21,4,-1,-1,7
44825672,26,29,-1,-1,3
44823969,19,46,-1,-1,4
44824905,45,17,-1,-1,4
44825509,24,25,-1,-1,0
44823761,6,57,-1,-1,4
44814022,54,47,-1,-1,0
44823508,19,10,-1,-1,6
44817297,42,30,-1,-1,1
44822683,0,0,-1,-1,4
44815649,41,37,-1,-1,3
44825365,55,37,-1,-1,5
44824626,44,34,-1,-1,0
44824229,27,23,-1,-1,2
44825400,27,31,-1,-1,5
44824007,17,48,-1,-1,1
44822737,53,20,-1,-1,2
44825942,16,2,-1,-1,5
44824834,50,20,-1,-1,7
44817543,37,35,-1,-1,5
44824774,44,10,-1,-1,1
44824894,7,57,-1,-1,2
44825111,33,13,-1,-1,2
44825884,32,1,-1,-1,6
44825122,9,46,-1,-1,7
44826044,25,12,-1,-1,3
44811441,53,50,-1,-1,3
44825604,41,25,-1,-1,6
44823404,35,13,-1,-1,7
44822001,18,10,-1,-1,1
44818769,6,51,-1,-1,7
44825502,1,29,-1,-1,5
44822852,55,2,-1,-1,2
44824936,10,54,-1,-1,3
44821850,18,54,-1,-1,0
44820350,23,15,-1,-1,6
44822658,22,11,-1,-1,4
44824599,10,55,-1,-1,2
44822298,52,23,-1,-1,2
44824366,31,37,-1,-1,4
44811999,32,55,-1,-1,0
44825103,38,58,-1,-1,6
44824484,3,5,-1,-1,3
44820888,39,13,-1,-1,1
44815359,49,14,-1,-1,0
44825875,30,36,-1,-1,1
44825572,4,24,-1,-1,5
44823818,32,13,-1,-1,1
44823965,37,23,-1,-1,1
44824676,42,19,-1,-1,0
44825967,56,5,-1,-1,6
44822636,14,19,-1,-1,2
44823871,38,41,-1,-1,4
44824416,19,18,-1,-1,2
44824493,4,48,-1,-1,0
44817272,37,58,-1,-1,1
44825397,29,25,-1,-1,4
44822628,26,27,-1,-1,5
44824207,48,8,-1,-1,2
44820847,47,40,-1,-1,2
44825517,49,17,-1,-1,2
44823299,30,19,-1,-1,0
44811389,40,0,-1,-1,2
44824456,15,35,-1,-1,3
44824517,15,32,-1,-1,6
44824922,5,4,-1,-1,5
44824677,33,53,-1,-1,4
44804660,51,0,-1,-1,5
44822932,48,44,-1,-1,7
44821157,36,1,-1,-1,0
44819367,26,42,-1,-1,2
44814377,31,8,-1,-1,2
44823474,10,37,-1,-1,1
44812442,2,5,-1,-1,7
44821574,22,29,-1,-1,0
44825529,29,3,-1,-1,4
44824047,1,44,-1,-1,7
44821158,11,26,-1,-1,6
44816884,45,45,-1,-1,0
44825180,2,20,-1,-1,1
44825080,22,12,-1,-1,3
44819197,50,22,-1,-1,7
44823167,52,2,-1,-1,4
44817005,1,23,-1,-1,2
44824073,31,50,-1,-1,7
44816225,54,53,-1,-1,1
44815253,42,25,-1,-1,4
44825503,54,37,-1,-1,0
44824052,52,0,-1,-1,4
44824703,23,1,-1,-1,4
44823939,12,49,-1,-1,2
44826092,23,9,-1,-1,2
44818221,38,28,-1,-1,5
44823280,38,8,-1,-1,3
44822365,18,41,-1,-1,1
44825195,29,35,-1,-1,1
44824000,42,40,-1,-1,1
44823250,47,30,-1,-1,2
44817700,47,14,-1,-1,4
44825599,49,18,-1,-1,7
44825899,14,20,-1,-1,4
44826088,3,48,-1,-1,1
44824793,58,33,-1,-1,0
44824892,6,38,-1,-1,5
44822695,47,41,-1,-1,6
44823396,22,58,-1,-1,7
44824642,39,36,-1,-1,2
44816864,45,56,-1,-1,5
44822489,19,41,-1,-1,1
44824671,43,10,-1,-1,1
44824863,51,21,-1,-1,5
44826017,43,44,-1,-1,5
44824914,11,16,-1,-1,4
44819017,58,43,-1,-1,0
44819230,10,58,-1,-1,2
44820682,21,8,-1,-1,1
44824107,54,24,-1,-1,6
44825944,48,28,-1,-1,2
44823420,57,3,-1,-1,2
44824303,50,3,-1,-1,1
44812536,56,33,-1,-1,1
44824448,12,7,-1,-1,2
44824501,36,32,-1,-1,1
44825879,55,22,-1,-1,4
44824795,15,42,-1,-1,0
44824083,13,35,-1,-1,4
44823458,41,42,-1,-1,1
44823930,8,31,-1,-1,1
44823805,19,49,-1,-1,0
44814271,33,45,-1,-1,0
44822751,16,27,-1,-1,5
44825961,12,33,-1,-1,5
44823337,56,23,-1,-1,5
44820568,17,38,-1,-1,5
44825293,43,7,-1,-1,7
44825010,30,17,-1,-1,4
44826085,51,54,-1,-1,1
44825027,17,9,-1,-1,2
44825945,11,13,-1,-1,7
44822944,16,54,-1,-1,1
44820450,39,40,-1,-1,2
44825578,4,35,-1,-1,0
44823766,45,2,-1,-1,2
44824839,22,14,-1,-1,6
44822712,14,1,-1,-1,1
44821088,56,46,-1,-1,1
44823362,10,9,-1,-1,1
44826021,33,9,-1,-1,6
44826060,29,19,-1,-1,4
44824387,19,55,-1,-1,7
44825983,56,1,-1,-1,5
44821384,25,38,-1,-1,5
44823793,3,18,-1,-1,6
44825172,14,50,-1,-1,1
44820770,33,36,-1,-1,0
44824123,55,10,-1,-1,6
44794151,58,39,-1,-1,6
44825202,52,14,-1,-1,4
44823787,33,51,-1,-1,3
44815919,43,39,-1,-1,4
44822269,7,20,-1,-1,4
44825185,22,46,-1,-1,4
44811230,20,40,-1,-1,3
44823668,41,1,-1,-1,0
44823503,23,54,-1,-1,1
44823181,43,25,-1,-1,7
44824733,31,31,-1,-1,7
44822436,48,58,-1,-1,1
44826055,12,43,-1,-1,1
44819341,42,46,-1,-1,3
44819938,31,4,-1,-1,5
44825929,1,33,-1,-1,2
44820296,57,14,-1,-1,7
44821614,57,54,-1,-1,4
44825493,7,50,-1,-1,4
44823769,10,17,-1,-1,7
44822093,25,2,-1,-1,4
44820294,57,24,-1,-1,5
44802661,0,9,-1,-1,0
44825440,17,4,-1,-1,6
44825674,48,15,-1,-1,6
44815099,26,54,-1,-1,1
44825252,10,57,-1,-1,7
44818889,0,10,-1,-1,4
44826086,5,46,-1,-1,2
44822309,0,15,-1,-1,2
44822184,24,49,-1,-1,1
44822853,43,35,-1,-1,7
44823701,0,32,-1,-1,4
44823637,37,34,-1,-1,1
44824659,4,6,-1,-1,2
44818828,30,24,-1,-1,2
44819872,34,33,-1,-1,6
44824420,14,48,-1,-1,2
44825373,38,50,-1,-1,3
44822053,44,58,-1,-1,2
44825297,53,9,-1,-1,6
44825975,54,5,-1,-1,1
44825223,48,19,-1,-1,2
44825846,49,54,-1,-1,6
44821321,7,24,-1,-1,2
44821465,20,45,-1,-1,0
44824430,15,19,-1,-1,6
44825718,38,49,-1,-1,1
44807386,2,19,-1,-1,6
44823267,21,49,-1,-1,6
44822740,46,55,-1,-1,4
44822148,33,28,-1,-1,1
44821400,36,40,-1,-1,4
44823686,24,55,-1,-1,1
44825117,38,30,-1,-1,3
44821146,37,28,-1,-1,4
44823085,53,15,-1,-1,0
44820962,55,50,-1,-1,3
44821861,49,42,-1,-1,5
44822339,5,43,-1,-1,3
44824032,55,51,-1,-1,6
44821443,3,7,-1,-1,4
44819321,26,32,-1,-1,2
44823224,9,42,-1,-1,4
44818997,24,28,-1,-1,3
44825024,49,6,-1,-1,3
44825851,27,45,-1,-1,3
44817879,9,4,-1,-1,5
44823479,38,16,-1,-1,3
44822680,55,21,-1,-1,3
44810965,33,42,-1,-1,4
44823912,6,1,-1,-1,4
44816037,20,13,-1,-1,5
44820335,41,47,-1,-1,7
44824391,20,44,-1,-1,7
44823842,34,44,-1,-1,4
44824314,32,9,-1,-1,5
44825231,22,52,-1,-1,7
44821556,3,46,-1,-1,3
44821935,15,44,-1,-1,6
44820806,3,21,-1,-1,1
44825480,52,29,-1,-1,4
44823278,14,45,-1,-1,1
44815493,21,31,-1,-1,2
44821602,11,22,-1,-1,1
44824949,21,56,-1,-1,7
44825115,7,18,-1,-1,7
44825367,12,8,-1,-1,6
44824147,37,47,-1,-1,1
44823963,3,50,-1,-1,1
44820819,16,41,-1,-1,4
44821231,43,38,-1,-1,0
44823667,45,50,-1,-1,5
44817725,21,7,-1,-1,0
44821583,14,32,-1,-1,7
44816816,56,58,-1,-1,0
44825946,33,44,-1,-1,7
44825592,56,48,-1,-1,4
44808414,28,26,-1,-1,3
44825683,33,12,-1,-1,2
44825491,24,58,-1,-1,0
44825589,54,54,-1,-1,5
44824127,25,27,-1,-1,7
44822284,42,26,-1,-1,7
44823123,4,1,-1,-1,0
44824708,41,20,-1,-1,2
44807753,49,46,-1,-1,4
44824275,18,47,-1,-1,7
44825717,16,15,-1,-1,2
44823650,33,56,-1,-1,5
44816654,12,20,-1,-1,7
44825856,43,1,-1,-1,6
44825143,42,47,-1,-1,0
44818290,33,15,-1,-1,6
44823565,24,20,-1,-1,6
44824202,1,11,-1,-1,3
44818614,58,35,-1,-1,5
44815196,58,31,-1,-1,0
44818990,18,32,-1,-1,7
44823691,24,7,-1,-1,2
44825072,28,11,-1,-1,1
44826015,36,20,-1,-1,4
44819746,16,24,-1,-1,0
44822936,11,17,-1,-1,4
44817346,40,26,-1,-1,2
44822710,43,47,-1,-1,5
44820751,2,2,-1,-1,5
44822976,50,14,-1,-1,6
44823127,32,7,-1,-1,3
44822454,15,36,-1,-1,7
44826051,34,22,-1,-1,4
44824374,33,39,-1,-1,1
44818274,40,38,-1,-1,4
44821491,39,9,-1,-1,2
44824566,18,37,-1,-1,2
44822618,21,48,-1,-1,1
44820237,48,55,-1,-1,0
44823685,1,21,-1,-1,4
44824261,52,12,-1,-1,0
44824494,6,15,-1,-1,7
44824451,11,0,-1,-1,6
44819205,37,22,-1,-1,3
44824479,13,51,-1,-1,7
44824363,37,3,-1,-1,7
44815774,3,19,-1,-1,7
44822453,10,31,-1,-1,6
44801639,35,52,-1,-1,6
44818527,2,0,-1,-1,2
44824534,53,11,-1,-1,7
44822496,8,38,-1,-1,1
44823654,11,4,-1,-1,2
44824833,40,56,-1,-1,1
44824319,20,35,-1,-1,2
44816966,9,15,-1,-1,2
44822434,22,2,-1,-1,1
44811200,5,47,-1,-1,4
44814746,17,39,-1,-1,0
44825409,45,11,-1,-1,2
44825907,10,32,-1,-1,6
44823318,19,24,-1,-1,6
44824723,55,34,-1,-1,7
44824995,49,2,-1,-1,4
44815893,24,21,-1,-1,4
44825762,56,55,-1,-1,5
44823916,7,38,-1,-1,2
44825438,15,41,-1,-1,0
44821655,1,40,-1,-1,4
44825494,46,54,-1,-1,4
44818419,20,37,-1,-1,4
44825522,4,33,-1,-1,6
44821962,11,45,-1,-1,4
44825375,39,12,-1,-1,3
44824576,46,40,-1,-1,1
44825456,28,33,-1,-1,0
44821753,56,9,-1,-1,0
44826071,17,22,-1,-1,4
44824973,47,17,-1,-1,3
44823001,54,34,-1,-1,2
44816187,0,6,-1,-1,0
44823282,2,40,-1,-1,1
44820277,53,21,-1,-1,2
44822483,38,20,-1,-1,1
44820824,54,3,-1,-1,2
44823377,34,55,-1,-1,5
44825459,36,24,-1,-1,6
44825794,15,46,-1,-1,3
44821327,35,40,-1,-1,0
44824287,46,5,-1,-1,0
44820337,5,20,-1,-1,3
44824823,8,28,-1,-1,4
44821107,18,12,-1,-1,1
44824152,35,38,-1,-1,7
44824895,23,32,-1,-1,1
44824282,24,27,-1,-1,5
44825675,22,25,-1,-1,2
44826103,51,36,-1,-1,0
44824296,40,23,-1,-1,5
44823522,35,58,-1,-1,6
44822259,28,38,-1,-1,2
44821472,53,58,-1,-1,2
44821777,19,16,-1,-1,6
44822837,44,48,-1,-1,6
44825256,16,5,-1,-1,6
44824561,15,54,-1,-1,2
44820147,26,56,-1,-1,3
44825331,23,52,-1,-1,2
44823330,5,55,-1,-1,6
44824595,56,26,-1,-1,4
44825927,43,18,-1,-1,3
44821750,5,37,-1,-1,3
44815508,57,8,-1,-1,2
44814933,56,20,-1,-1,7
44823350,39,48,-1,-1,5
44821610,1,8,-1,-1,7
44824345,36,56,-1,-1,0
44825259,31,55,-1,-1,6
44822030,23,56,-1,-1,3
44819166,7,19,-1,-1,3
44825852,20,11,-1,-1,6
44808831,58,11,-1,-1,0
44822315,25,24,-1,-1,6
44824502,57,15,-1,-1,1
44823212,27,3,-1,-1,1
44811443,42,7,-1,-1,7
44823549,56,41,-1,-1,0
44823360,27,36,-1,-1,2
44817399,46,43,-1,-1,0
44820438,26,50,-1,-1,5
44821476,16,31,-1,-1,5
44823466,41,9,-1,-1,5
44826018,26,49,-1,-1,7
44821015,38,26,-1,-1,4
44824749,16,25,-1,-1,4
44819503,37,37,-1,-1,0
44819636,38,38,-1,-1,1
44823828,24,10,-1,-1,5
44824025,28,53,-1,-1,0
44822121,24,16,-1,-1,4
44821196,44,50,-1,-1,0
44824689,58,56,-1,-1,4
44821244,57,34,-1,-1,2
44824518,14,5,-1,-1,5
44825284,28,6,-1,-1,5
44825351,4,32,-1,-1,6
44814671,12,2,-1,-1,6
44825083,37,57,-1,-1,2
44825008,10,49,-1,-1,6
44821070,38,29,-1,-1,2
44814344,4,41,-1,-1,1
44816825,0,50,-1,-1,4
44825865,11,6,-1,-1,5
44820952,34,52,-1,-1,7
44825704,31,21,-1,-1,6
44823004,43,36,-1,-1,4
44820197,30,56,-1,-1,5
44819387,35,20,-1,-1,5
44825634,46,11,-1,-1,1
44821970,35,17,-1,-1,6
44825703,19,9,-1,-1,1
44822119,23,25,-1,-1,4
44825928,7,23,-1,-1,2
44819154,41,2,-1,-1,5
44822041,30,50,-1,-1,4
44822953,10,43,-1,-1,7
44819049,54,8,-1,-1,7
44825687,50,30,-1,-1,7
44825669,12,1,-1,-1,1
44811136,0,54,-1,-1,0
44825250,54,49,-1,-1,0
44822901,0,51,-1,-1,2
44823832,26,43,-1,-1,1
44821913,10,52,-1,-1,7
44825956,1,52,-1,-1,7
44825563,17,40,-1,-1,2
44821816,52,40,-1,-1,5
44825613,30,23,-1,-1,4
44817593,17,37,-1,-1,5
44815823,50,26,-1,-1,5
44822989,6,11,-1,-1,2
44825449,10,38,-1,-1,2
44815958,45,48,-1,-1,2
44819640,51,30,-1,-1,2
44824012,8,34,-1,-1,3
44820026,51,58,-1,-1,7
44798192,0,2,-1,-1,2
44822974,29,38,-1,-1,7
44825405,39,21,-1,-1,1
44820199,12,11,-1,-1,2
44817951,51,26,-1,-1,4
44821773,28,19,-1,-1,5
44825577,9,14,-1,-1,1
44823627,56,21,-1,-1,0
44823384,23,17,-1,-1,1
44825161,8,57,-1,-1,7
44821319,52,42,-1,-1,5
44824120,3,44,-1,-1,3
44818238,38,35,-1,-1,0
44825404,47,27,-1,-1,2
44823923,16,1,-1,-1,6
44823436,12,44,-1,-1,1
44817594,30,49,-1,-1,2
44825855,36,54,-1,-1,6
44819683,6,35,-1,-1,5
44824402,14,9,-1,-1,4
44824803,17,5,-1,-1,6
44825017,45,35,-1,-1,5
44825392,4,55,-1,-1,1
44822006,33,20,-1,-1,7
44821708,51,34,-1,-1,0
44825091,10,56,-1,-1,2
44824238,18,40,-1,-1,3
44825396,1,27,-1,-1,2
44824669,22,18,-1,-1,0
44825508,41,4,-1,-1,2
44821579,45,1,-1,-1,5
44821503,1,22,-1,-1,3
44824714,57,40,-1,-1,1
44819474,18,57,-1,-1,0
44825125,18,56,-1,-1,4
44821263,31,30,-1,-1,3
44824734,51,27,-1,-1,1
44825343,54,20,-1,-1,7
44820001,16,38,-1,-1,7
44820077,42,48,-1,-1,2
44824900,32,52,-1,-1,7
44820318,54,38,-1,-1,5
44824628,24,1,-1,-1,3
44825999,55,36,-1,-1,3
44825713,26,47,-1,-1,0
44810602,2,56,-1,-1,7
44822535,27,55,-1,-1,1
44819958,29,6,-1,-1,2
44822809,31,24,-1,-1,5
44818903,2,8,-1,-1,3
44824849,34,37,-1,-1,0
44809508,5,2,-1,-1,1
44824647,6,34,-1,-1,1
44825535,3,12,-1,-1,1
44818036,39,22,-1,-1,0
44809836,37,53,-1,-1,5
44825891,9,22,-1,-1,1
44821105,55,13,-1,-1,4
44824654,45,57,-1,-1,4
44816172,34,18,-1,-1,6
44821552,8,39,-1,-1,3
44813120,44,1,-1,-1,6
44816471,20,1,-1,-1,7
44819163,24,13,-1,-1,6
44818817,53,53,-1,-1,6
44824175,52,57,-1,-1,3
44825537,18,31,-1,-1,2
44825336,8,21,-1,-1,1
44820813,19,57,-1,-1,4
44826078,29,57,-1,-1,4
44821919,42,33,-1,-1,1
44822548,44,42,-1,-1,0
44825505,31,29,-1,-1,2
44825466,22,36,-1,-1,1
44823717,45,44,-1,-1,7
44822774,16,46,-1,-1,2
44824769,6,43,-1,-1,5
44825547,52,21,-1,-1,4
44824058,2,54,-1,-1,4
44825254,33,29,-1,-1,3
44824721,10,26,-1,-1,0
44825408,43,41,-1,-1,5
44825812,46,27,-1,-1,3
44822996,42,34,-1,-1,6
44825369,24,45,-1,-1,7
44824898,20,51,-1,-1,7
44815451,2,28,-1,-1,1
44825656,35,31,-1,-1,2
44823546,53,42,-1,-1,5
44821386,26,14,-1,-1,7
44822619,50,48,-1,-1,3
44824469,17,41,-1,-1,2
44823507,10,22,-1,-1,5
44819249,2,34,-1,-1,3
44824715,25,37,-1,-1,5
44823638,15,58,-1,-1,2
44817032,1,54,-1,-1,4
44822668,35,11,-1,-1,0
44825782,54,7,-1,-1,1
44825253,18,5,-1,-1,1
44819398,40,6,-1,-1,1
44825272,24,36,-1,-1,5
44824342,26,25,-1,-1,6
44823047,37,29,-1,-1,0
44821770,28,34,-1,-1,7
44824086,5,5,-1,-1,1
44820572,26,18,-1,-1,0
44825702,5,22,-1,-1,2
44824931,25,32,-1,-1,4
44823600,56,14,-1,-1,1
44817867,39,17,-1,-1,1
44820301,56,54,-1,-1,0
44820525,51,3,-1,-1,2
44818666,5,23,-1,-1,4
44826048,3,49,-1,-1,5
44821764,27,47,-1,-1,4
44825135,40,10,-1,-1,0
44821467,45,40,-1,-1,6
44825734,17,36,-1,-1,2
44825972,9,56,-1,-1,1
44819372,48,27,-1,-1,5
44823943,46,35,-1,-1,3
44825495,40,1,-1,-1,3
44825344,17,6,-1,-1,6
44820463,47,57,-1,-1,3
44821079,55,58,-1,-1,7
44814463,49,56,-1,-1,1
44825444,38,36,-1,-1,7
44819666,56,29,-1,-1,7
44816554,3,53,-1,-1,1
44825608,21,15,-1,-1,4
44819541,36,18,-1,-1,6
44824455,2,58,-1,-1,1
44818200,33,35,-1,-1,6
44819369,3,15,-1,-1,5
44824013,32,31,-1,-1,7
44825876,9,48,-1,-1,7
44825007,49,48,-1,-1,2
44825546,11,48,-1,-1,4
44825163,49,4,-1,-1,6
44822889,19,0,-1,-1,3
44823884,51,1,-1,-1,5
44826031,10,2,-1,-1,7
44822469,56,32,-1,-1,4
44822664,58,9,-1,-1,0
44825758,23,36,-1,-1,5
44821741,10,7,-1,-1,6
44825326,39,8,-1,-1,6
44825566,15,17,-1,-1,7
44822204,13,37,-1,-1,5
44823982,41,14,-1,-1,4
44825845,54,1,-1,-1,2
44825170,40,9,-1,-1,5
44823510,52,56,-1,-1,3
44824865,41,38,-1,-1,7
44825512,25,3,-1,-1,1
44819423,22,53,-1,-1,0
44825597,4,20,-1,-1,7
44807958,34,24,-1,-1,7
44811530,38,24,-1,-1,3
44808937,56,7,-1,-1,2
44826008,52,4,-1,-1,5
44825162,30,35,-1,-1,3
44821360,16,3,-1,-1,4
44813237,7,56,-1,-1,2
44824797,46,46,-1,-1,7
44819486,12,4,-1,-1,6
44822667,4,52,-1,-1,6
44822109,12,55,-1,-1,2
44820460,53,4,-1,-1,6
44824380,26,45,-1,-1,7
44822823,54,27,-1,-1,5
44824705,6,55,-1,-1,2
44825652,40,47,-1,-1,7
44822752,45,33,-1,-1,7
44822842,26,44,-1,-1,4
44826104,19,47,-1,-1,0
44817119,8,44,-1,-1,1
44825959,5,16,-1,-1,0
44818803,50,33,-1,-1,5
44821452,38,9,-1,-1,6
44819794,1,49,-1,-1,5
44823457,24,47,-1,-1,0
44821531,15,27,-1,-1,6
44824433,34,17,-1,-1,1
44825603,46,6,-1,-1,1
44824536,21,42,-1,-1,5
44806210,3,58,-1,-1,7
44826003,29,23,-1,-1,6
44824457,49,33,-1,-1,7
44822929,44,39,-1,-1,7
44818469,54,57,-1,-1,4
44823206,51,22,-1,-1,0
44825986,17,46,-1,-1,1
44814278,34,51,-1,-1,2
44825305,27,1,-1,-1,2
44815646,20,56,-1,-1,2
44824337,17,0,-1,-1,5
44824728,12,37,-1,-1,5
44818883,44,33,-1,-1,3
44824330,27,13,-1,-1,4
44819403,22,42,-1,-1,6
44825357,25,13,-1,-1,6
44825399,7,43,-1,-1,2
44823528,0,27,-1,-1,2
44825799,19,56,-1,-1,3
44823945,16,8,-1,-1,3
44823025,48,34,-1,-1,3
44814860,0,58,-1,-1,2
44819088,3,25,-1,-1,3
44817911,7,3,-1,-1,7
44825398,27,42,-1,-1,5
44824573,42,43,-1,-1,6
44825685,36,12,-1,-1,5
44820074,44,2,-1,-1,4
44822420,49,44,-1,-1,0
44816382,55,23,-1,-1,1
44823610,11,41,-1,-1,4
44820669,6,5,-1,-1,4
44824554,43,23,-1,-1,7
44824860,14,36,-1,-1,0
44822396,49,28,-1,-1,6
44823725,11,20,-1,-1,5
44824996,20,48,-1,-1,5
44818959,40,16,-1,-1,7
44806955,43,9,-1,-1,3
44823740,1,18,-1,-1,3
44824841,13,7,-1,-1,4
44823114,46,9,-1,-1,0
44823882,50,13,-1,-1,7
44825225,7,41,-1,-1,2
44817876,1,25,-1,-1,1
44825569,46,25,-1,-1,3
44824690,7,34,-1,-1,1
44825476,15,51,-1,-1,5
44824553,25,15,-1,-1,5
44825543,18,0,-1,-1,4
44825779,11,10,-1,-1,3
44822430,43,46,-1,-1,4
44816898,41,30,-1,-1,2
44826101,19,15,-1,-1,6
44824397,48,54,-1,-1,7
44823168,18,43,-1,-1,0
44813073,20,32,-1,-1,1
44824031,0,49,-1,-1,4
44824909,42,50,-1,-1,7
44820687,52,58,-1,-1,0
44805864,3,3,-1,-1,1
44816041,42,45,-1,-1,2
44819232,25,23,-1,-1,5
44822846,31,0,-1,-1,6
44824804,34,54,-1,-1,7
44818000,1,7,-1,-1,4
44825610,4,29,-1,-1,7
44824604,45,36,-1,-1,0
44822128,2,36,-1,-1,4
44825735,13,40,-1,-1,7
44824897,14,3,-1,-1,5
44824811,6,10,-1,-1,0
44821520,50,47,-1,-1,0
44824633,52,52,-1,-1,1
44825062,54,19,-1,-1,1
44822661,4,44,-1,-1,0
44825902,56,10,-1,-1,2
44824959,8,1,-1,-1,7
44822978,15,31,-1,-1,5
44825819,58,51,-1,-1,7
44822142,26,53,-1,-1,0
44823555,49,49,-1,-1,0
44825594,22,28,-1,-1,3
44819669,20,7,-1,-1,4
44822881,27,39,-1,-1,5
44824302,30,52,-1,-1,6
44819353,23,21,-1,-1,1
44823746,56,25,-1,-1,4
44823557,32,19,-1,-1,2
44818153,57,56,-1,-1,7
44817162,27,10,-1,-1,0
44825934,57,53,-1,-1,3
44825952,28,48,-1,-1,1
44820923,23,53,-1,-1,1
44824068,2,16,-1,-1,6
44824316,35,56,-1,-1,0
44821423,47,31,-1,-1,2
44813625,30,34,-1,-1,3
44823524,9,52,-1,-1,0
44825304,16,11,-1,-1,0
44823020,36,6,-1,-1,7
44823755,36,14,-1,-1,4
44823803,44,21,-1,-1,1
44823997,54,58,-1,-1,0
44823677,40,58,-1,-1,0
44823676,25,57,-1,-1,1
44824459,18,44,-1,-1,4
44825499,51,18,-1,-1,4
44825838,13,19,-1,-1,1
44821688,53,33,-1,-1,7
44824698,13,47,-1,-1,7
44810888,32,25,-1,-1,5
44823300,3,37,-1,-1,3
44821846,42,3,-1,-1,4
44824417,53,16,-1,-1,0
44823433,38,53,-1,-1,6
44824609,35,41,-1,-1,5
44825286,11,44,-1,-1,1
44823895,35,51,-1,-1,0
44825973,54,22,-1,-1,4
44823643,21,26,-1,-1,0
44824888,36,41,-1,-1,0
44820734,47,7,-1,-1,4
44821984,48,36,-1,-1,4
44818332,23,29,-1,-1,6
44823493,31,46,-1,-1,7
44823125,35,27,-1,-1,0
44820862,34,6,-1,-1,4
44814155,46,45,-1,-1,1
44822783,30,16,-1,-1,2
44822219,6,3,-1,-1,1
44820015,21,12,-1,-1,2
44822666,53,2,-1,-1,0
44825668,51,55,-1,-1,1
44823133,1,19,-1,-1,5
44816305,15,0,-1,-1,4
44823776,17,50,-1,-1,4
44826014,49,1,-1,-1,7
44825050,29,33,-1,-1,1
44820163,25,44,-1,-1,5
44822019,19,34,-1,-1,7
44820035,50,7,-1,-1,6
44824289,58,34,-1,-1,4
44820002,20,2,-1,-1,0
44823661,19,8,-1,-1,6
44820641,5,18,-1,-1,2
44821362,28,14,-1,-1,3
44813059,30,48,-1,-1,6
44823747,10,44,-1,-1,0
44822368,36,27,-1,-1,6
44825525,48,37,-1,-1,6
44825673,51,28,-1,-1,7
44822200,48,1,-1,-1,7
44823835,58,57,-1,-1,7
44822342,52,22,-1,-1,5
44822196,7,31,-1,-1,5
44815711,23,12,-1,-1,1
44825805,33,55,-1,-1,5
44825426,43,34,-1,-1,3
44825954,25,25,-1,-1,7
44822156,34,30,-1,-1,3
44824426,6,46,-1,-1,0
44824627,31,45,-1,-1,7
44818046,36,53,-1,-1,0
44824857,46,31,-1,-1,3
44824421,28,55,-1,-1,6
44820205,0,1,-1,-1,1
44823034,18,58,-1,-1,6
44820370,35,47,-1,-1,0
44825792,21,44,-1,-1,3
44821213,13,24,-1,-1,0
44816569,30,43,-1,-1,0
44825822,44,52,-1,-1,3
44821470,39,26,-1,-1,3
44815111,30,58,-1,-1,2
44825644,8,7,-1,-1,2
44825384,19,30,-1,-1,6
44820603,25,34,-1,-1,6
44824930,32,38,-1,-1,4
44824641,31,41,-1,-1,5
44820540,34,58,-1,-1,6
44822068,28,52,-1,-1,3
44825712,45,21,-1,-1,4
44823562,39,39,-1,-1,5
44824746,52,5,-1,-1,1
44816281,54,32,-1,-1,0
44820073,41,21,-1,-1,6
44824024,12,15,-1,-1,3
44823739,41,3,-1,-1,2
44822295,32,42,-1,-1,5
44819804,43,24,-1,-1,2
44825439,24,53,-1,-1,6
44823095,2,31,-1,-1,3
44824955,1,57,-1,-1,4
44823361,54,18,-1,-1,3
44820922,45,55,-1,-1,7
44821916,21,24,-1,-1,3
44824401,0,4,-1,-1,0
44825516,13,18,-1,-1,6
44819228,14,28,-1,-1,7
44824837,58,58,-1,-1,7
44823008,47,3,-1,-1,3
44824656,26,39,-1,-1,1
44823588,32,10,-1,-1,3
44823153,39,31,-1,-1,3
44822393,17,20,-1,-1,3
44823683,40,27,-1,-1,3
44822611,36,16,-1,-1,2
44822894,13,54,-1,-1,7
44825430,14,11,-1,-1,4
44819135,13,36,-1,-1,4
44826056,54,17,-1,-1,2
44824304,38,0,-1,-1,6
44819320,56,2,-1,-1,4
44823187,58,13,-1,-1,7
44825002,4,22,-1,-1,4
44821381,40,17,-1,-1,5
44820061,12,26,-1,-1,5
44825519,34,14,-1,-1,4
44824592,15,40,-1,-1,3
44822674,40,39,-1,-1,4
44814184,35,50,-1,-1,2
44825883,32,47,-1,-1,5
44817774,0,19,-1,-1,0
44823931,15,9,-1,-1,6
44823843,1,13,-1,-1,4
44823936,37,14,-1,-1,5
44821746,29,51,-1,-1,6
44825200,57,20,-1,-1,3
44823738,18,27,-1,-1,5
44825978,38,25,-1,-1,4
44825296,6,27,-1,-1,6
44825625,23,44,-1,-1,0
44823877,6,32,-1,-1,3
44822249,40,22,-1,-1,3
44820546,48,45,-1,-1,1
44820989,28,39,-1,-1,5
44823260,36,22,-1,-1,3
44825541,38,56,-1,-1,2
44821390,57,27,-1,-1,2
44824674,27,33,-1,-1,7
44819614,0,38,-1,-1,3
44822157,48,53,-1,-1,7
44820316,13,13,-1,-1,4
44821274,4,11,-1,-1,7
44822147,57,2,-1,-1,0
44819458,33,41,-1,-1,4
44823051,6,41,-1,-1,3
44824680,15,43,-1,-1,7
44824149,36,8,-1,-1,3
44807582,2,57,-1,-1,6
44825137,47,0,-1,-1,5
44823426,21,17,-1,-1,3
44825059,16,56,-1,-1,7
44824580,7,11,-1,-1,3
44825729,50,34,-1,-1,1
44822701,2,27,-1,-1,3
44823302,14,35,-1,-1,2
44823081,43,15,-1,-1,1
44824810,28,0,-1,-1,2
44823497,18,52,-1,-1,6
44823271,22,20,-1,-1,7
44825587,39,11,-1,-1,7
44824226,2,25,-1,-1,6
44823327,18,2,-1,-1,6
44814515,43,58,-1,-1,6
44821089,39,42,-1,-1,0
44825477,29,40,-1,-1,5
44823942,49,15,-1,-1,4
44825661,36,15,-1,-1,0
44812701,7,2,-1,-1,0
44821055,46,8,-1,-1,0
44824565,56,22,-1,-1,1
44822847,52,10,-1,-1,4
44824790,51,32,-1,-1,6
44814403,39,14,-1,-1,1
44819032,45,46,-1,-1,1
44820767,32,54,-1,-1,1
44823795,47,50,-1,-1,2
44819424,35,15,-1,-1,6
44823194,43,32,-1,-1,0
44821349,30,25,-1,-1,3
44825528,33,1,-1,-1,6
44825233,54,46,-1,-1,4
44822554,4,13,-1,-1,4
44825337,38,46,-1,-1,3
44822176,49,8,-1,-1,3
44822385,53,40,-1,-1,2
44822930,3,20,-1,-1,1
44822916,45,23,-1,-1,6
44823838,47,58,-1,-1,2
44820688,34,25,-1,-1,7
44819479,24,46,-1,-1,2
44825567,10,1,-1,-1,2
44824574,5,34,-1,-1,4
44824688,6,21,-1,-1,0
44825237,23,4,-1,-1,2
44816758,8,2,-1,-1,7
44821003,28,36,-1,-1,7
44821659,56,47,-1,-1,0
44825148,24,31,-1,-1,2
44825340,33,2,-1,-1,6
44824311,51,45,-1,-1,0
44824732,32,40,-1,-1,7
44823599,54,28,-1,-1,7
44824537,0,20,-1,-1,4
44823988,4,49,-1,-1,0
44824618,46,38,-1,-1,7
44823525,52,30,-1,-1,0
44822246,6,36,-1,-1,6
44825131,39,55,-1,-1,5
44823148,50,57,-1,-1,7
44825723,18,33,-1,-1,7
44822074,37,21,-1,-1,1
44819241,49,19,-1,-1,4
44824986,38,17,-1,-1,5
44822080,36,26,-1,-1,3
44816210,58,42,-1,-1,7
44823737,7,48,-1,-1,0
44821505,24,6,-1,-1,2
44816166,9,35,-1,-1,2
44822603,45,22,-1,-1,3
44821906,39,56,-1,-1,4
44825461,36,10,-1,-1,2
44825639,10,35,-1,-1,2
44825860,56,18,-1,-1,0
44824958,31,18,-1,-1,5
44825356,8,51,-1,-1,4
44825402,6,40,-1,-1,2
44820452,23,42,-1,-1,7
44824625,24,22,-1,-1,7
44818719,27,38,-1,-1,6
44825989,11,51,-1,-1,1
44821044,46,50,-1,-1,6
44823879,52,38,-1,-1,2
44821484,58,45,-1,-1,0
44824582,18,29,-1,-1,7
44824617,24,44,-1,-1,1
44824778,45,58,-1,-1,6
44824658,22,13,-1,-1,1
44824115,48,56,-1,-1,1
44818280,53,1,-1,-1,4
44824985,33,27,-1,-1,3
44817381,21,9,-1,-1,1
44818688,25,20,-1,-1,0
44823940,53,52,-1,-1,1
44823863,47,21,-1,-1,1
44825741,26,23,-1,-1,1
44817977,11,25,-1,-1,7
44822306,43,53,-1,-1,0
44825872,11,12,-1,-1,6
44826023,1,24,-1,-1,7
44825827,47,8,-1,-1,2
44826069,16,17,-1,-1,3
44820925,12,16,-1,-1,1
44825868,14,16,-1,-1,5
44824530,35,33,-1,-1,3
44824663,18,14,-1,-1,3
44818573,56,35,-1,-1,4
44821048,42,5,-1,-1,6
44822197,27,46,-1,-1,6
44825671,35,37,-1,-1,2
44817371,43,37,-1,-1,6
44822154,32,14,-1,-1,5
44825000,1,4,-1,-1,2
44825022,25,22,-1,-1,0
44825335,16,39,-1,-1,0
44823547,42,12,-1,-1,3
44825586,6,4,-1,-1,5
44825551,21,23,-1,-1,1
44819662,9,27,-1,-1,6
44824173,54,0,-1,-1,6
44818941,22,54,-1,-1,1
44821296,12,54,-1,-1,6
44819655,16,32,-1,-1,7
44823710,21,14,-1,-1,3
44816028,14,26,-1,-1,7
44823449,5,38,-1,-1,0
44824445,24,23,-1,-1,7
44824701,37,43,-1,-1,2
44825306,11,39,-1,-1,4
44824581,57,22,-1,-1,2
44823059,15,16,-1,-1,7
44823845,8,6,-1,-1,3
44798425,0,56,-1,-1,4
44819450,42,52,-1,-1,3
44824868,0,42,-1,-1,3
44825598,39,45,-1,-1,1
44824706,9,0,-1,-1,6
44821138,53,47,-1,-1,0
44825764,37,46,-1,-1,7
44818018,50,50,-1,-1,0
44822639,3,33,-1,-1,2
44822684,27,0,-1,-1,2
44825684,35,7,-1,-1,7
44822428,51,51,-1,-1,5
44821245,23,20,-1,-1,0
44824210,33,14,-1,-1,4
44824297,19,27,-1,-1,1
44822149,20,29,-1,-1,2
44823517,48,4,-1,-1,1
44825412,41,15,-1,-1,7
44825381,16,47,-1,-1,3
44822328,49,20,-1,-1,7
44819422,26,16,-1,-1,4
44823964,37,17,-1,-1,5
44825750,48,51,-1,-1,2
44822237,26,8,-1,-1,1
44822513,4,5,-1,-1,3
44825870,20,33,-1,-1,7
44825867,0,48,-1,-1,3
44825019,15,20,-1,-1,3
44825386,16,44,-1,-1,7
44819239,2,38,-1,-1,2
44825801,14,42,-1,-1,7
44823452,34,2,-1,-1,3
44824341,21,53,-1,-1,1
44824944,35,34,-1,-1,1
44818642,51,35,-1,-1,4
44826034,15,18,-1,-1,5
44825679,51,7,-1,-1,1
44825804,27,19,-1,-1,5
44823911,45,49,-1,-1,6
44820483,0,12,-1,-1,4
44823652,26,41,-1,-1,2
44825052,40,4,-1,-1,3
44825299,13,9,-1,-1,4
44824204,57,45,-1,-1,1
44824874,13,29,-1,-1,2
44824035,33,17,-1,-1,7
44824886,14,38,-1,-1,4
44824378,42,54,-1,-1,2
44821823,30,5,-1,-1,5
44825612,28,37,-1,-1,7
44825533,3,0,-1,-1,6
44819738,1,51,-1,-1,6
44824847,17,17,-1,-1,3
44821673,58,3,-1,-1,0
44819814,31,56,-1,-1,6
44823690,47,5,-1,-1,5
44821375,16,16,-1,-1,7
44823706,1,53,-1,-1,4
44826050,7,40,-1,-1,7
44824691,2,1,-1,-1,2
44823892,25,48,-1,-1,0
44825897,41,13,-1,-1,4
44821387,5,58,-1,-1,2
44823812,29,56,-1,-1,2
44820640,37,11,-1,-1,4
44824990,3,45,-1,-1,7
44825565,42,49,-1,-1,1
44821529,42,51,-1,-1,7
44822653,54,21,-1,-1,7
44823990,8,35,-1,-1,3
44823185,57,9,-1,-1,3
44824946,41,40,-1,-1,4
44817159,58,48,-1,-1,0
44824968,45,29,-1,-1,5
44821672,44,40,-1,-1,1
44825859,52,32,-1,-1,0
44821509,54,35,-1,-1,4
44825678,12,19,-1,-1,3
44821874,1,17,-1,-1,2
44822820,15,48,-1,-1,2
44823347,31,12,-1,-1,6
44824037,11,32,-1,-1,4
44823182,20,20,-1,-1,5
44817114,39,10,-1,-1,6
44821041,19,37,-1,-1,7
44822012,33,4,-1,-1,0
44823332,15,25,-1,-1,7
44819553,45,30,-1,-1,2
44825207,37,39,-1,-1,6
44821543,2,49,-1,-1,1
44825492,24,54,-1,-1,6
44825442,23,31,-1,-1,5
44825176,1,36,-1,-1,0
44823398,15,30,-1,-1,3
44822957,40,44,-1,-1,5
44822424,16,40,-1,-1,5
44825694,16,29,-1,-1,6
44825211,6,49,-1,-1,5
44825829,2,48,-1,-1,5
44816377,35,28,-1,-1,7
44824156,48,32,-1,-1,1
44825998,12,13,-1,-1,1
44825198,38,48,-1,-1,3
44823841,13,10,-1,-1,3
44825680,19,19,-1,-1,1
44823541,34,21,-1,-1,0
44825056,46,18,-1,-1,5
44821376,0,43,-1,-1,1
44825082,6,33,-1,-1,7
44820475,0,18,-1,-1,4
44822476,27,48,-1,-1,3
44825105,10,14,-1,-1,6
44824570,20,15,-1,-1,0
44822031,21,35,-1,-1,2
44825013,37,55,-1,-1,2
44822466,6,20,-1,-1,4
44815011,54,48,-1,-1,4
44825289,55,0,-1,-1,6
44817826,7,54,-1,-1,1
44825464,50,35,-1,-1,1
44820585,7,32,-1,-1,6
44821875,41,16,-1,-1,6
44823152,40,31,-1,-1,0
44823591,50,6,-1,-1,5
44826087,3,55,-1,-1,3
44825609,19,17,-1,-1,1
44825014,27,20,-1,-1,2
44818716,58,32,-1,-1,4
44824179,19,32,-1,-1,5
44817398,51,56,-1,-1,4
44808123,40,52,-1,-1,7
44825362,9,43,-1,-1,5
44823820,12,29,-1,-1,7
44812477,7,58,-1,-1,6
44821981,30,12,-1,-1,1
44825273,16,51,-1,-1,0
44823469,55,33,-1,-1,7
44821119,53,8,-1,-1,5
44822048,49,22,-1,-1,2
44825531,11,11,-1,-1,0
44821936,32,27,-1,-1,6
44824742,29,43,-1,-1,7
44824264,43,20,-1,-1,1
44818052,48,38,-1,-1,1
44819706,21,0,-1,-1,4
44822254,2,12,-1,-1,3
44824730,19,52,-1,-1,0
44822564,42,17,-1,-1,3
44820607,10,10,-1,-1,3
44822171,23,35,-1,-1,5
44823305,53,46,-1,-1,2
44819426,27,40,-1,-1,2
44826073,6,16,-1,-1,1
44823773,5,26,-1,-1,7
44825753,57,44,-1,-1,6
44818963,2,43,-1,-1,2
44820445,41,44,-1,-1,5
44824548,38,6,-1,-1,4
44824482,5,40,-1,-1,2
44825215,25,51,-1,-1,1
44823368,10,28,-1,-1,7
44825965,27,28,-1,-1,7
44822781,55,9,-1,-1,7
44813552,41,56,-1,-1,2
44824637,27,5,-1,-1,1
44812163,35,35,-1,-1,5
44818818,36,29,-1,-1,5
44824856,14,51,-1,-1,1
44825366,0,7,-1,-1,3
44824062,32,34,-1,-1,1
44823536,46,51,-1,-1,0
44824613,3,4,-1,-1,0
44825128,33,33,-1,-1,0
44825147,13,4,-1,-1,5
44815360,21,52,-1,-1,6
44819762,15,3,-1,-1,5
44817344,53,51,-1,-1,1
44821795,25,42,-1,-1,3
44824632,49,12,-1,-1,7
44825383,21,41,-1,-1,6
44812628,57,58,-1,-1,6
44818329,27,51,-1,-1,6
44825192,13,22,-1,-1,3
44823920,2,10,-1,-1,1
44824757,13,34,-1,-1,5
44810379,31,42,-1,-1,1
44825039,6,53,-1,-1,0
44824937,51,15,-1,-1,4
44822651,22,34,-1,-1,6
44812744,2,15,-1,-1,4
44825096,47,56,-1,-1,1
44824055,30,51,-1,-1,7
44822650,3,8,-1,-1,7
44821368,16,22,-1,-1,5
44824475,8,19,-1,-1,5
44824357,55,7,-1,-1,2
44816703,28,5,-1,-1,3
44825582,30,15,-1,-1,6
44820169,21,19,-1,-1,4
44820528,39,23,-1,-1,7
44811242,44,55,-1,-1,0
44824520,4,2,-1,-1,4
44822620,55,17,-1,-1,2
44812939,3,28,-1,-1,5
44823401,2,22,-1,-1,7
44824596,30,40,-1,-1,4
44818710,38,37,-1,-1,4
44826049,12,6,-1,-1,4
44825489,49,16,-1,-1,1
44824507,43,14,-1,-1,5
44823872,14,17,-1,-1,4
44825322,57,4,-1,-1,1
44823188,46,53,-1,-1,5
44816754,44,6,-1,-1,1
44820441,34,46,-1,-1,7
44815978,34,47,-1,-1,5
44823827,25,10,-1,-1,2
44825423,46,39,-1,-1,6
44824329,47,29,-1,-1,0
44823950,52,49,-1,-1,0
44825447,27,35,-1,-1,6
44823578,26,36,-1,-1,6
44826042,41,35,-1,-1,6
44820511,15,38,-1,-1,5
44821801,17,12,-1,-1,5
44825482,5,36,-1,-1,1
44820519,48,5,-1,-1,0
44823108,5,49,-1,-1,1
44825941,52,55,-1,-1,7
44823852,20,53,-1,-1,2
44824277,24,43,-1,-1,4
44818051,16,55,-1,-1,7
44825511,26,7,-1,-1,3
44822049,46,36,-1,-1,4
44823516,11,2,-1,-1,6
44817824,45,53,-1,-1,0
44824367,44,45,-1,-1,0
44825220,34,29,-1,-1,1
44820893,0,25,-1,-1,2
44821703,23,3,-1,-1,1
44819068,45,14,-1,-1,1
44814857,11,18,-1,-1,4
44824621,27,52,-1,-1,6
44819380,14,40,-1,-1,5
44819133,28,21,-1,-1,3
44825139,49,41,-1,-1,6
44825394,28,18,-1,-1,4
44825443,12,35,-1,-1,0
44816657,32,0,-1,-1,2
44823104,0,34,-1,-1,4
44810175,34,20,-1,-1,2
44821167,50,40,-1,-1,1
44825908,49,53,-1,-1,2
44823886,47,48,-1,-1,3
44824954,10,6,-1,-1,0
44825707,45,12,-1,-1,7
44823589,24,5,-1,-1,4
44824836,8,30,-1,-1,7
44824648,44,3,-1,-1,4
44825166,51,53,-1,-1,7
44821771,54,52,-1,-1,5
44825584,31,14,-1,-1,1
44825107,24,56,-1,-1,5
44823287,44,53,-1,-1,1
44826065,12,34,-1,-1,1
44822830,46,56,-1,-1,1
44824350,4,31,-1,-1,1
44825028,31,15,-1,-1,5
44825532,20,5,-1,-1,4
44818222,1,43,-1,-1,7
44824821,17,32,-1,-1,7
44817989,43,22,-1,-1,7
44821083,8,12,-1,-1,5
44824538,50,11,-1,-1,4
44822363,48,17,-1,-1,3
44825182,12,3,-1,-1,5
44825267,48,16,-1,-1,1
44825079,50,29,-1,-1,3
44823039,49,11,-1,-1,6
44821641,50,36,-1,-1,3
44809802,16,18,-1,-1,2
44820636,50,1,-1,-1,1
44825854,6,31,-1,-1,7
44822993,37,19,-1,-1,0
44824547,8,9,-1,-1,5
44825953,4,46,-1,-1,0
44825711,28,31,-1,-1,4
44813885,58,28,-1,-1,5
44825183,9,44,-1,-1,6
44825119,6,18,-1,-1,6
44825797,19,58,-1,-1,6
44826108,58,2,-1,-1,5
44824075,4,54,-1,-1,6
44825747,11,37,-1,-1,1
44821896,57,31,-1,-1,3
44811279,11,3,-1,-1,1
44823633,5,56,-1,-1,1
44825878,25,5,-1,-1,5
44821701,36,44,-1,-1,5
44825258,13,16,-1,-1,1
44823571,2,33,-1,-1,4
44824781,19,5,-1,-1,4
44823869,10,36,-1,-1,3
44816673,30,37,-1,-1,5
44821162,43,26,-1,-1,6
44823704,31,6,-1,-1,7
44819470,28,15,-1,-1,5
44824549,6,47,-1,-1,4
44824056,48,10,-1,-1,2
44822926,1,26,-1,-1,6
44818913,21,5,-1,-1,2
44818240,31,5,-1,-1,7
44825281,49,3,-1,-1,6
44822337,23,28,-1,-1,1
44825145,25,19,-1,-1,1
44823954,15,13,-1,-1,7
44825926,29,14,-1,-1,0
44811809,8,54,-1,-1,0
44824205,15,10,-1,-1,2
44822697,4,18,-1,-1,6
44816557,55,30,-1,-1,6
44818212,39,16,-1,-1,1
44820670,11,19,-1,-1,1
44822141,55,18,-1,-1,0
44819116,21,38,-1,-1,0
44824665,17,56,-1,-1,6
44812462,32,33,-1,-1,3
44824692,13,45,-1,-1,0
44818533,30,32,-1,-1,2
44826102,29,47,-1,-1,3
44821730,5,32,-1,-1,6
44824882,47,18,-1,-1,7
44821983,29,12,-1,-1,6
44819036,7,47,-1,-1,7
44826099,51,9,-1,-1,3
44818251,49,50,-1,-1,1
44825205,51,17,-1,-1,7
44824743,14,47,-1,-1,2
44821867,17,21,-1,-1,4
44821500,41,11,-1,-1,7
44825755,31,9,-1,-1,5
44825465,29,2,-1,-1,2
44822325,55,47,-1,-1,6
44823699,11,50,-1,-1,6
44825003,44,12,-1,-1,5
44822043,31,22,-1,-1,7
44816237,3,22,-1,-1,6
44826057,1,45,-1,-1,5
44822600,46,14,-1,-1,2
44826000,16,13,-1,-1,7
44823421,57,17,-1,-1,1
44823733,34,53,-1,-1,7
44821817,0,37,-1,-1,0
44826062,2,30,-1,-1,5
44810928,36,50,-1,-1,5
44824670,23,39,-1,-1,6
44825094,45,42,-1,-1,3
44825478,32,24,-1,-1,0
44819198,33,3,-1,-1,6
44824764,30,7,-1,-1,6
44819568,27,7,-1,-1,1
44824001,36,4,-1,-1,1
44822586,50,39,-1,-1,7
44819609,7,39,-1,-1,1
44817794,36,47,-1,-1,3
44823277,25,17,-1,-1,0
44825181,31,32,-1,-1,4
44823393,46,1,-1,-1,3
44822999,1,28,-1,-1,7
44823728,22,50,-1,-1,1
44820666,5,31,-1,-1,4
44825787,44,47,-1,-1,7
44822484,20,50,-1,-1,5
44821787,7,25,-1,-1,7
44818542,51,47,-1,-1,4
44825235,13,21,-1,-1,5
44820881,46,4,-1,-1,2
44823720,22,8,-1,-1,5
44825588,57,46,-1,-1,7
44814714,26,55,-1,-1,0
44825756,3,30,-1,-1,3
44825839,42,0,-1,-1,2
44814839,43,42,-1,-1,3
44825912,20,0,-1,-1,4
44821744,13,25,-1,-1,5
44824584,37,20,-1,-1,2
44825771,51,13,-1,-1,6
44824866,52,36,-1,-1,5
44824720,4,0,-1,-1,3
44821133,26,22,-1,-1,5
44826019,24,38,-1,-1,5
44825260,6,48,-1,-1,6
44823929,3,26,-1,-1,3
44825506,21,28,-1,-1,1
44823545,27,4,-1,-1,5
44824309,19,45,-1,-1,3
44825861,32,57,-1,-1,3
44820429,4,39,-1,-1,3
44824326,33,7,-1,-1,7
44817179,53,56,-1,-1,4
44825324,31,44,-1,-1,2
44825130,35,12,-1,-1,0
44819240,56,31,-1,-1,7
44825550,10,34,-1,-1,2
44820885,1,30,-1,-1,4
44824395,55,11,-1,-1,6
44817983,53,0,-1,-1,3
44817428,9,28,-1,-1,1
44823482,17,2,-1,-1,4
44825292,2,4,-1,-1,0
44822914,39,5,-1,-1,3
44824932,4,57,-1,-1,4
44823456,50,58,-1,-1,1
44820488,38,2,-1,-1,5
44825955,29,15,-1,-1,4
44822014,9,47,-1,-1,1
44825824,50,23,-1,-1,1
44825246,48,29,-1,-1,3
44816097,18,55,-1,-1,2
44825695,57,18,-1,-1,0
44824577,26,20,-1,-1,0
44824838,10,40,-1,-1,5
44826030,19,44,-1,-1,5
44825561,47,35,-1,-1,6
44826016,10,21,-1,-1,4
44825650,41,18,-1,-1,5
44819375,1,2,-1,-1,0
44825507,6,42,-1,-1,5
44815414,54,2,-1,-1,4
44822716,14,30,-1,-1,4
44817692,14,53,-1,-1,1
44821953,44,38,-1,-1,4
44825037,3,52,-1,-1,0
44825957,46,3,-1,-1,4
44824877,52,26,-1,-1,0
44815207,32,49,-1,-1,5
44821743,44,44,-1,-1,0
44825923,16,9,-1,-1,6
44825222,28,50,-1,-1,5
44822372,39,3,-1,-1,3
44820113,54,31,-1,-1,7
44824528,57,26,-1,-1,4
44820578,53,27,-1,-1,1
44823530,4,36,-1,-1,4
44821636,43,54,-1,-1,5
44820560,7,26,-1,-1,1
44824514,4,45,-1,-1,2
44825473,58,1,-1,-1,0
44810345,29,37,-1,-1,5
44820788,44,24,-1,-1,2
44818595,43,49,-1,-1,6
44816538,23,37,-1,-1,7
44823548,45,19,-1,-1,2
44823873,53,32,-1,-1,7
44821578,34,36,-1,-1,2
44825638,36,42,-1,-1,2
44821394,20,46,-1,-1,3
44824989,58,29,-1,-1,6
44825300,50,19,-1,-1,5
44825390,49,40,-1,-1,5
44823789,27,56,-1,-1,3
44821227,17,55,-1,-1,2
44821979,9,2,-1,-1,0
44824327,49,47,-1,-1,5
44820662,29,20,-1,-1,4
44824005,14,44,-1,-1,1
44825015,12,25,-1,-1,2
44824527,53,44,-1,-1,0
44815993,50,25,-1,-1,0
44814646,2,17,-1,-1,6
44822399,24,11,-1,-1,0
44823137,4,47,-1,-1,3
44820645,41,0,-1,-1,5
44817828,39,38,-1,-1,4
44822669,13,20,-1,-1,2
44824099,3,39,-1,-1,6
44825474,0,17,-1,-1,2
44825403,49,25,-1,-1,5
44825757,11,29,-1,-1,6
44823891,35,42,-1,-1,5
44823575,52,53,-1,-1,7
44824354,51,40,-1,-1,7
44820843,16,19,-1,-1,2
44825005,2,21,-1,-1,2
44825631,49,10,-1,-1,6
44824454,55,42,-1,-1,5
44822065,43,0,-1,-1,2
44826004,7,9,-1,-1,7
44818861,16,20,-1,-1,0
44825428,36,7,-1,-1,3
44822797,23,38,-1,-1,2
44824274,46,20,-1,-1,2
44824466,40,53,-1,-1,2
44817518,20,49,-1,-1,1
44825470,54,12,-1,-1,0
44804464,38,51,-1,-1,6
44824092,1,47,-1,-1,4
44823117,50,51,-1,-1,5
44826047,18,6,-1,-1,4
44822872,52,45,-1,-1,0
44823245,2,44,-1,-1,2
44813844,56,39,-1,-1,4
44825332,9,49,-1,-1,1
44825247,46,41,-1,-1,3
44824907,53,24,-1,-1,0
44812960,0,11,-1,-1,2
44822336,53,19,-1,-1,4
44825001,2,37,-1,-1,0
44824467,31,13,-1,-1,5
44824128,55,41,-1,-1,7
44822681,40,35,-1,-1,7
44824782,21,21,-1,-1,7
44824541,44,41,-1,-1,0
44824623,45,24,-1,-1,2
44825012,29,8,-1,-1,3
44824112,36,43,-1,-1,5
44825682,28,41,-1,-1,0
44824211,30,39,-1,-1,0
44824497,18,22,-1,-1,5
44820506,47,51,-1,-1,0
44824711,26,9,-1,-1,2
44823992,20,34,-1,-1,7
44820727,21,40,-1,-1,6
44814654,56,49,-1,-1,5
44825936,15,49,-1,-1,6
44826072,32,41,-1,-1,5
44819845,8,4,-1,-1,6
44821110,13,57,-1,-1,5
44825288,25,31,-1,-1,0
44822979,47,32,-1,-1,4
44824939,49,5,-1,-1,5
44826059,22,19,-1,-1,6
44825924,18,13,-1,-1,6
44823220,52,9,-1,-1,1
44824320,48,43,-1,-1,4
44823856,21,34,-1,-1,6
44817096,58,10,-1,-1,5
44824462,48,20,-1,-1,4
44819695,43,2,-1,-1,7
44825415,37,26,-1,-1,4
44818122,40,45,-1,-1,2
44817904,36,5,-1,-1,5
44825360,40,11,-1,-1,2
44824361,34,35,-1,-1,7
44825295,9,51,-1,-1,3
44825395,9,31,-1,-1,6
44818261,26,15,-1,-1,5
44824411,10,27,-1,-1,1
44825900,44,32,-1,-1,7
44815566,35,21,-1,-1,3
44825385,4,30,-1,-1,5
44824840,43,6,-1,-1,3
44825193,27,43,-1,-1,7
44824816,7,5,-1,-1,4
44822778,27,29,-1,-1,3
44825736,14,29,-1,-1,0
44820756,23,5,-1,-1,0
44825888,7,14,-1,-1,2
44822327,4,15,-1,-1,6
44823428,8,29,-1,-1,4
44824379,33,26,-1,-1,2
44822334,50,15,-1,-1,3
44826110,17,19,-1,-1,5
44822125,21,18,-1,-1,7
44824655,58,4,-1,-1,4
44820588,22,0,-1,-1,4
44817658,3,38,-1,-1,3
44825527,16,48,-1,-1,1
44821425,44,4,-1,-1,4
44825892,39,18,-1,-1,2
44818652,57,42,-1,-1,5
44820932,22,16,-1,-1,5
44820798,42,20,-1,-1,1
44820841,9,26,-1,-1,3
44824843,22,33,-1,-1,2
44825760,56,51,-1,-1,3
44825554,35,48,-1,-1,6
44819203,43,16,-1,-1,3
44825513,39,32,-1,-1,3
44817186,37,8,-1,-1,2
44819812,51,43,-1,-1,6
44823314,23,51,-1,-1,4
44822104,14,25,-1,-1,4
44825171,32,15,-1,-1,5
44825951,21,39,-1,-1,3
44822457,30,44,-1,-1,2
44822694,29,7,-1,-1,5
44819750,20,30,-1,-1,0
44816700,34,57,-1,-1,2
44824525,19,35,-1,-1,3
44825709,6,7,-1,-1,5
44821947,29,4,-1,-1,7
44820974,49,23,-1,-1,2
44822145,5,12,-1,-1,0
44823376,49,24,-1,-1,0
44823742,52,6,-1,-1,0
44823063,51,11,-1,-1,6
44821371,43,31,-1,-1,6
44823262,15,12,-1,-1,4
44825544,32,26,-1,-1,5
44820374,20,31,-1,-1,2
44825123,28,27,-1,-1,5
44823338,12,30,-1,-1,5
44824373,47,22,-1,-1,7
44824114,37,51,-1,-1,0
44824129,9,50,-1,-1,6
44821351,32,46,-1,-1,0
44824975,58,15,-1,-1,0
44825676,32,4,-1,-1,3
44820980,9,21,-1,-1,0
44823416,29,10,-1,-1,1
44822178,41,19,-1,-1,3
44821784,36,33,-1,-1,3
44823441,5,50,-1,-1,1
44824780,51,50,-1,-1,2
44822050,38,47,-1,-1,7
44824649,46,30,-1,-1,1
44825436,48,48,-1,-1,7
44804021,56,6,-1,-1,0
44825618,5,13,-1,-1,7
44818095,4,17,-1,-1,0
44824359,23,49,-1,-1,2
44822804,13,0,-1,-1,4
44825448,8,33,-1,-1,4
44822780,8,47,-1,-1,4
44825279,20,47,-1,-1,3
44825463,40,41,-1,-1,7
44824980,40,3,-1,-1,4
44822617,32,39,-1,-1,6
44821240,13,6,-1,-1,1
44824893,15,45,-1,-1,0
44824385,5,42,-1,-1,7
44818012,37,25,-1,-1,5
44825132,16,30,-1,-1,1
44815716,34,11,-1,-1,1
44822612,55,35,-1,-1,6
44824880,57,43,-1,-1,6
44819894,4,56,-1,-1,1
44825302,23,55,-1,-1,2
44826029,39,4,-1,-1,3
44822685,35,24,-1,-1,4
44823073,39,0,-1,-1,6
44820246,37,30,-1,-1,2
44824585,27,21,-1,-1,3
44820451,7,15,-1,-1,0
44817111,26,5,-1,-1,5
44823953,31,2,-1,-1,3
44825244,13,26,-1,-1,1
44819430,25,1,-1,-1,4
44818876,6,24,-1,-1,5
44825346,25,47,-1,-1,7
44825065,44,43,-1,-1,1
44825963,9,5,-1,-1,7
44823440,39,7,-1,-1,1
44822250,39,47,-1,-1,5
44824325,25,29,-1,-1,0
44818858,28,4,-1,-1,1
44819682,12,52,-1,-1,0
44822718,7,1,-1,-1,7
44819964,0,53,-1,-1,0
44816007,39,58,-1,-1,2
44823397,14,23,-1,-1,1
44818536,24,51,-1,-1,3
44826028,3,47,-1,-1,3
44822935,1,48,-1,-1,2
44825990,1,37,-1,-1,7
44824786,53,37,-1,-1,6
44825583,36,3,-1,-1,3
44822756,56,13,-1,-1,7
44823906,23,16,-1,-1,1
44825323,13,39,-1,-1,4
44819909,34,32,-1,-1,3
44820397,20,24,-1,-1,1
44825026,22,7,-1,-1,5
44812729,22,45,-1,-1,6
44826107,30,53,-1,-1,0
44823657,16,50,-1,-1,4
44824088,30,46,-1,-1,5
44821969,42,58,-1,-1,7
44821616,17,33,-1,-1,5
44826037,13,43,-1,-1,7
44825485,1,55,-1,-1,4
44825663,19,29,-1,-1,2
44826112,27,22,-1,-1,4
