# Avida tasks data
# Wed Mar 12 21:26:02 2014
# First column gives the current update, next columns give the number
# of organisms that have the particular task as a component of their merit
#  1: Update
#  2: Nand
#  3: Or
#  4: Nor
#  5: Xor
#  6: OrNot
#  7: And
#  8: Not
#  9: AndNot
# 10: Equals

0 0 0 0 0 0 0 0 0 0 
1000 0 0 0 0 0 0 0 0 0 
2000 0 0 0 0 0 0 0 0 0 
3000 0 0 0 0 0 0 28 0 0 
4000 0 0 0 0 0 0 1223 0 0 
5000 0 0 0 0 0 0 1762 0 0 
6000 0 0 0 0 0 0 1765 0 0 
7000 1604 0 0 0 1659 0 992 0 0 
8000 1729 0 0 0 2220 75 2284 949 0 
9000 1532 610 0 0 2583 894 2196 1589 0 
10000 1922 665 0 0 2666 954 2245 1553 0 
11000 1840 722 0 0 2560 982 2436 1536 0 
12000 1681 731 0 0 2578 873 2577 1619 0 
13000 2221 676 0 0 2722 951 2609 1592 0 
14000 2315 676 0 0 2685 943 2560 1608 0 
15000 2419 718 0 0 2538 868 2549 1627 0 
16000 2392 887 0 0 2425 768 2393 1566 0 
17000 2743 1290 0 0 2731 298 2043 1640 0 
18000 1583 1941 1176 0 1928 178 1432 1356 0 
19000 1031 1729 981 0 2025 1239 1684 1674 0 
20000 897 1695 992 0 2019 1209 1684 1705 0 
21000 832 1742 999 0 2000 1359 1753 1692 0 
22000 806 1708 1175 0 1901 1281 2194 1627 0 
23000 705 1815 1294 0 1830 1156 2411 1517 0 
24000 674 1804 1276 0 1921 1150 2301 1470 0 
25000 608 1893 1369 0 1826 1121 2325 1412 0 
26000 583 1887 1323 0 1976 1067 2437 1437 0 
27000 296 1894 1598 0 2210 1015 2175 1415 0 
28000 114 1978 1673 0 2252 1190 2318 1345 0 
29000 184 1892 1559 0 2267 1242 2066 1397 0 
30000 152 1910 1629 0 2286 1288 2087 1407 0 
31000 146 1947 1641 0 2325 1291 1985 1337 0 
32000 185 1981 1666 0 2264 1234 2065 1346 0 
33000 80 1912 1592 0 2320 1324 2131 1374 0 
34000 182 1904 1600 0 2192 1241 2224 1392 0 
35000 125 1869 1564 0 2146 1208 2211 1234 228 
36000 1122 1324 1299 0 2243 557 2441 604 1368 
37000 1190 1344 1217 0 2385 408 2451 543 1522 
38000 1247 1333 1146 0 2343 358 2658 584 1538 
39000 1164 1343 1056 175 2345 328 2551 435 1615 
40000 1200 1381 921 345 2407 250 2215 351 1651 
41000 1418 1309 752 434 2552 274 2030 405 1660 
42000 1306 1400 724 549 2633 196 2012 323 1675 
43000 1300 1393 566 733 2563 247 1999 347 1626 
44000 1325 1358 558 692 2499 255 2125 337 1644 
45000 1146 1344 372 827 2636 242 1851 361 1698 
46000 1049 1347 415 808 2745 262 2028 358 1666 
47000 1183 1364 254 1017 2807 816 1768 269 1734 
48000 1354 1395 8 1341 2748 1209 1868 1213 1874 
49000 1220 1463 60 1323 2679 1219 2050 1556 1807 
50000 1418 1548 184 1331 2492 1228 1971 1568 1720 
51000 1418 1526 183 1305 2485 1165 2137 1580 1789 
52000 1178 1557 195 1332 2567 1220 2044 1568 1741 
53000 1281 1526 184 1289 2588 1184 1911 1587 1757 
54000 1254 1565 153 1382 2582 1279 1902 1558 1730 
55000 1200 1537 109 1371 2584 1221 2021 1550 1754 
56000 1149 1656 205 1414 2502 1300 1973 1519 1668 
57000 1372 1652 276 1356 2451 1212 2077 1513 1624 
58000 1567 1570 206 1320 2470 1214 2284 1567 1734 
59000 1603 1608 173 1381 2468 1302 2238 1572 1714 
60000 1407 1630 227 1358 2352 1349 2417 1549 1660 
61000 1346 1688 278 1353 2303 1291 2255 1567 1586 
62000 1408 1683 330 1312 2375 1278 2304 1558 1627 
63000 1231 1719 379 1298 2305 1241 2265 1611 1588 
64000 995 1754 405 1190 2305 1167 2122 1550 1615 
65000 1134 1911 181 1216 2424 1124 2312 1521 1847 
66000 1507 2015 199 1120 2343 1064 2481 1439 1923 
67000 1520 2015 208 998 2458 879 2387 1491 2049 
68000 1659 1984 210 938 2536 908 2233 1524 2120 
69000 1739 2044 212 889 2625 876 1990 1459 2133 
70000 1915 2133 154 1018 2968 1009 1679 1916 2144 
71000 2031 1773 560 995 2994 997 1768 1979 2134 
72000 1877 1889 803 1183 3069 1168 1470 1741 1938 
73000 1925 1840 798 1105 2976 1097 1622 1748 1997 
74000 1996 1888 772 1040 2973 1027 1605 1814 2060 
75000 1996 1833 769 1109 2978 1096 1602 1666 2000 
76000 2027 1818 731 1038 2984 1059 1670 1694 2072 
77000 1881 1810 808 1111 2995 1105 1681 1619 2061 
78000 1942 1829 769 1081 3001 1068 1616 1720 1990 
79000 1988 1799 833 1055 2966 1043 1729 1813 1999 
80000 1747 1875 819 1126 2985 1120 1667 1702 1995 
81000 1925 1811 811 1072 2945 1071 1861 1731 2036 
82000 1830 1809 835 1014 2895 1022 1838 1659 2053 
83000 1727 1849 841 1109 2877 1112 1776 1639 1988 
84000 1790 1852 798 1072 2926 1067 1552 1746 2027 
85000 1587 1914 846 1121 2869 1125 1635 1657 1950 
86000 1631 1875 860 1031 2909 1035 1692 1717 2032 
87000 1609 1926 784 1161 2936 1145 1558 1686 1919 
88000 1647 1847 895 1021 2895 1023 1740 1672 2054 
89000 1465 1933 805 1121 2899 1135 1582 1641 1938 
90000 1680 1830 839 1002 2950 1005 1674 1694 2062 
91000 1753 1926 858 1132 2975 1137 1644 1762 1928 
92000 1844 1886 811 1086 2948 1088 1688 1785 1976 
93000 1586 1836 825 1113 3030 1106 1709 1809 1996 
94000 1462 1844 840 1096 2958 1090 1734 1709 1996 
95000 1482 1797 862 1051 2980 1053 1748 1728 1987 
96000 1441 1825 858 1090 3026 1084 1750 1755 2000 
97000 1545 1903 861 1016 2983 1015 1510 1741 2063 
98000 1535 1912 839 1099 2987 1109 1440 1691 1965 
99000 1272 1873 773 1139 3042 1146 1611 1792 1999 
100000 1480 1900 841 1076 3026 1080 1599 1762 2043 
