# org_id,org_cellx,org_celly,org_forage_target,org_group_id,org_facing
51017396,39,56,-1,-1,7
51017739,42,11,-1,-1,6
51018904,43,37,-1,-1,1
51013815,44,34,-1,-1,1
51010166,1,6,-1,-1,7
51014936,47,22,-1,-1,1
51019351,34,46,-1,-1,5
51018484,27,46,-1,-1,1
51018197,32,30,-1,-1,6
51017315,21,49,-1,-1,0
51018608,4,5,-1,-1,5
51015049,6,49,-1,-1,6
51018945,31,37,-1,-1,2
51017910,15,3,-1,-1,5
51018217,39,53,-1,-1,4
51016098,4,46,-1,-1,7
51019245,9,24,-1,-1,4
51013782,52,8,-1,-1,0
51019143,21,44,-1,-1,6
51013170,13,16,-1,-1,2
51011855,44,11,-1,-1,2
51011367,3,41,-1,-1,4
51016689,5,33,-1,-1,4
51016203,7,34,-1,-1,1
51017849,2,26,-1,-1,1
51017855,27,40,-1,-1,4
51018674,31,39,-1,-1,3
51010541,45,16,-1,-1,5
51012233,12,56,-1,-1,2
51019106,4,20,-1,-1,1
51018284,31,55,-1,-1,0
51018724,36,49,-1,-1,2
51010284,47,51,-1,-1,3
51019103,37,45,-1,-1,5
51019360,29,37,-1,-1,5
51019086,57,6,-1,-1,6
51014797,18,11,-1,-1,1
51019053,45,21,-1,-1,1
51017830,37,12,-1,-1,6
51012578,16,52,-1,-1,5
51018192,45,19,-1,-1,4
51011650,3,57,-1,-1,0
51015946,21,16,-1,-1,4
51019243,46,27,-1,-1,0
50994338,2,51,-1,-1,0
51016789,13,40,-1,-1,3
51011853,46,7,-1,-1,2
51018818,19,11,-1,-1,6
51014458,5,18,-1,-1,0
51018882,13,2,-1,-1,7
51018245,25,6,-1,-1,3
50998838,45,5,-1,-1,7
51017886,40,30,-1,-1,6
51017955,15,29,-1,-1,1
51017153,7,24,-1,-1,2
51017217,21,6,-1,-1,1
51015047,55,14,-1,-1,4
51006836,18,27,-1,-1,0
51017865,21,30,-1,-1,1
51015362,15,27,-1,-1,3
51019002,20,40,-1,-1,4
51017828,54,9,-1,-1,2
51013999,12,37,-1,-1,0
51019385,43,39,-1,-1,3
51018812,47,46,-1,-1,1
51018707,29,41,-1,-1,2
51017149,55,33,-1,-1,4
51012427,52,25,-1,-1,1
51004203,0,22,-1,-1,0
51018135,0,18,-1,-1,4
51016619,31,9,-1,-1,7
51016003,16,32,-1,-1,1
51016172,45,38,-1,-1,4
51011098,47,0,-1,-1,2
51017365,32,14,-1,-1,0
51016435,40,4,-1,-1,4
51019404,23,27,-1,-1,1
51018858,38,4,-1,-1,5
51010465,52,18,-1,-1,5
51018523,20,10,-1,-1,6
51015078,6,0,-1,-1,4
51018121,40,41,-1,-1,2
51019277,45,6,-1,-1,0
51017361,16,53,-1,-1,5
51017763,34,29,-1,-1,2
51017969,25,23,-1,-1,2
51015785,10,35,-1,-1,7
51018598,23,45,-1,-1,5
51018071,33,48,-1,-1,3
51018613,2,45,-1,-1,4
51013397,44,7,-1,-1,7
51019116,29,46,-1,-1,2
51013521,37,41,-1,-1,2
50983085,22,0,-1,-1,3
51019498,29,35,-1,-1,7
51019004,54,1,-1,-1,5
51012437,57,25,-1,-1,0
51017629,56,4,-1,-1,1
51018719,14,18,-1,-1,4
51017618,44,15,-1,-1,7
51017384,56,57,-1,-1,3
51018925,36,6,-1,-1,3
51013839,28,2,-1,-1,5
51016514,33,16,-1,-1,5
51018494,9,31,-1,-1,1
51019537,36,19,-1,-1,5
51019509,16,18,-1,-1,6
51015305,36,26,-1,-1,6
51017535,46,32,-1,-1,1
51016722,25,15,-1,-1,0
51019433,20,16,-1,-1,7
51019545,18,17,-1,-1,5
51017586,15,15,-1,-1,6
51011173,11,35,-1,-1,2
51011900,50,44,-1,-1,0
51017602,46,35,-1,-1,1
51016947,34,22,-1,-1,7
51015393,20,13,-1,-1,0
51014581,18,6,-1,-1,7
51017574,7,47,-1,-1,7
51019236,30,5,-1,-1,4
51009559,40,20,-1,-1,7
51017624,40,43,-1,-1,7
51019356,18,36,-1,-1,5
51014589,19,23,-1,-1,0
51018472,25,55,-1,-1,6
51018442,44,22,-1,-1,3
51014955,40,19,-1,-1,3
51018416,3,39,-1,-1,1
51018804,29,27,-1,-1,4
51014796,5,45,-1,-1,1
51003381,56,0,-1,-1,2
51014100,8,13,-1,-1,2
51019485,39,28,-1,-1,4
51006969,45,49,-1,-1,3
51013935,37,29,-1,-1,1
51016070,8,2,-1,-1,4
50982384,3,31,-1,-1,7
51010255,39,48,-1,-1,0
51019181,52,35,-1,-1,4
51016379,16,28,-1,-1,0
51017519,58,56,-1,-1,0
51005770,9,4,-1,-1,0
51011865,49,4,-1,-1,0
51018530,33,40,-1,-1,5
51015060,39,34,-1,-1,3
51017383,41,27,-1,-1,2
51018836,3,30,-1,-1,3
51018595,41,38,-1,-1,0
51015190,46,1,-1,-1,5
51008976,10,33,-1,-1,7
51017082,54,49,-1,-1,2
51018080,39,9,-1,-1,3
51017167,39,23,-1,-1,7
51017506,29,50,-1,-1,1
51017842,33,3,-1,-1,0
51016144,22,4,-1,-1,2
51015634,28,1,-1,-1,7
51019553,11,55,-1,-1,4
51019142,38,22,-1,-1,7
51018798,47,47,-1,-1,4
51012572,7,20,-1,-1,4
51016961,54,52,-1,-1,3
51012656,20,47,-1,-1,3
51019469,7,26,-1,-1,0
51019068,45,51,-1,-1,6
51016264,22,49,-1,-1,2
51012704,53,25,-1,-1,4
51009756,31,38,-1,-1,0
51018497,55,30,-1,-1,3
51018179,50,21,-1,-1,4
51019066,45,9,-1,-1,5
51017778,19,6,-1,-1,0
51018644,42,17,-1,-1,1
51016539,37,36,-1,-1,4
51017709,31,58,-1,-1,1
51017496,41,57,-1,-1,3
51018984,38,12,-1,-1,5
51009851,4,7,-1,-1,1
51011553,14,3,-1,-1,5
51015734,13,42,-1,-1,6
51019048,29,26,-1,-1,7
51013955,11,19,-1,-1,7
51017192,24,42,-1,-1,3
51019349,58,16,-1,-1,4
51017682,38,41,-1,-1,5
51015056,33,18,-1,-1,4
51012937,3,33,-1,-1,1
51015997,10,4,-1,-1,6
51019430,43,33,-1,-1,0
51018578,57,9,-1,-1,0
51014206,1,55,-1,-1,2
51018763,16,45,-1,-1,1
51018495,56,54,-1,-1,5
51016446,36,28,-1,-1,1
51011693,0,47,-1,-1,0
51019486,13,35,-1,-1,6
51017769,46,58,-1,-1,7
51016362,0,28,-1,-1,1
51017569,37,58,-1,-1,2
51012369,18,30,-1,-1,6
51017667,23,43,-1,-1,6
51008838,55,11,-1,-1,7
51018761,0,0,-1,-1,4
51017386,48,25,-1,-1,4
51007033,52,56,-1,-1,7
51006277,6,16,-1,-1,1
51014846,1,16,-1,-1,6
51016378,39,17,-1,-1,1
51018371,25,40,-1,-1,5
51018965,30,36,-1,-1,5
51017584,49,28,-1,-1,6
51016632,21,4,-1,-1,1
51010510,56,33,-1,-1,3
51018995,34,17,-1,-1,5
51017687,22,11,-1,-1,1
51017659,16,6,-1,-1,4
51018091,25,47,-1,-1,4
51018369,9,3,-1,-1,4
51019244,17,1,-1,-1,7
51018226,18,34,-1,-1,7
51013552,16,25,-1,-1,1
51017990,43,48,-1,-1,4
51019391,38,13,-1,-1,5
51018067,26,36,-1,-1,6
51016905,33,29,-1,-1,6
51019322,50,56,-1,-1,5
51002762,28,6,-1,-1,0
50997732,2,52,-1,-1,7
51017933,38,0,-1,-1,5
51017919,58,29,-1,-1,4
51015932,39,0,-1,-1,4
51008313,7,29,-1,-1,1
51017182,53,50,-1,-1,6
51017005,34,20,-1,-1,6
51015968,45,26,-1,-1,3
51019393,47,24,-1,-1,4
51016453,37,57,-1,-1,5
51014014,0,4,-1,-1,2
51019226,34,36,-1,-1,7
51019171,18,31,-1,-1,2
51013136,56,16,-1,-1,4
51017911,54,35,-1,-1,4
51016449,58,58,-1,-1,6
51016228,34,9,-1,-1,5
51008094,38,30,-1,-1,4
51014273,57,47,-1,-1,0
51018384,26,46,-1,-1,6
51019269,27,32,-1,-1,0
51017974,45,43,-1,-1,2
51010860,9,18,-1,-1,2
51011945,6,1,-1,-1,0
51018557,29,25,-1,-1,2
51018201,40,34,-1,-1,3
51019445,32,27,-1,-1,3
51019173,11,50,-1,-1,2
51019211,48,15,-1,-1,7
51012318,8,50,-1,-1,3
51018949,17,14,-1,-1,1
51017965,54,5,-1,-1,0
51017524,57,12,-1,-1,4
51019074,9,28,-1,-1,2
51018105,25,32,-1,-1,7
51016684,2,18,-1,-1,2
51016467,12,26,-1,-1,2
51015348,48,56,-1,-1,4
51016595,56,40,-1,-1,1
51010352,54,6,-1,-1,3
50991233,35,5,-1,-1,4
51018271,23,29,-1,-1,0
51015085,5,32,-1,-1,7
51014678,16,34,-1,-1,4
51011766,7,7,-1,-1,5
51018862,57,16,-1,-1,7
51018920,14,22,-1,-1,4
51014560,22,32,-1,-1,1
51019135,1,36,-1,-1,2
51017642,53,35,-1,-1,6
51013846,42,33,-1,-1,3
51019083,49,11,-1,-1,5
51019464,12,50,-1,-1,4
51018731,38,47,-1,-1,1
51012584,37,44,-1,-1,4
51017368,58,53,-1,-1,5
51012940,55,53,-1,-1,5
51018464,32,47,-1,-1,7
51018057,42,9,-1,-1,5
51018516,12,24,-1,-1,4
51014887,57,5,-1,-1,0
51010113,17,53,-1,-1,5
51018879,38,9,-1,-1,7
51018314,42,19,-1,-1,6
51017186,6,50,-1,-1,6
51014702,54,2,-1,-1,7
51016287,21,34,-1,-1,0
51019027,26,29,-1,-1,6
51017578,41,22,-1,-1,4
51019057,30,32,-1,-1,4
51017146,13,39,-1,-1,7
51018235,26,16,-1,-1,7
51018895,54,33,-1,-1,0
51007135,16,57,-1,-1,1
51013844,32,34,-1,-1,4
51012832,57,38,-1,-1,0
51004690,3,3,-1,-1,7
51016517,43,25,-1,-1,0
51017171,49,29,-1,-1,4
51018274,6,22,-1,-1,6
51014768,32,37,-1,-1,3
51019447,38,33,-1,-1,1
51018253,30,57,-1,-1,0
51016786,42,41,-1,-1,5
51019568,55,17,-1,-1,0
51019193,17,31,-1,-1,3
51017964,2,22,-1,-1,4
51016157,58,46,-1,-1,4
51008906,8,31,-1,-1,2
51018867,6,30,-1,-1,1
51003953,35,34,-1,-1,7
51018620,6,15,-1,-1,0
51019179,29,39,-1,-1,4
51009493,4,17,-1,-1,6
51019573,25,46,-1,-1,0
51017185,12,25,-1,-1,1
51017018,17,44,-1,-1,2
51013518,12,47,-1,-1,6
51019295,46,13,-1,-1,5
51012543,51,49,-1,-1,5
51009914,56,2,-1,-1,2
51001675,38,51,-1,-1,7
51019166,21,51,-1,-1,6
51018379,22,16,-1,-1,4
51019018,54,43,-1,-1,3
51018917,56,44,-1,-1,4
51013408,6,41,-1,-1,2
51006817,50,55,-1,-1,7
51019141,37,7,-1,-1,2
51017902,37,46,-1,-1,7
51012604,27,9,-1,-1,6
51017342,14,51,-1,-1,2
51019287,38,26,-1,-1,5
51015233,32,8,-1,-1,3
51015447,14,25,-1,-1,1
51017869,58,1,-1,-1,0
51018730,36,53,-1,-1,5
51015509,19,20,-1,-1,5
51017522,14,39,-1,-1,4
51017876,31,15,-1,-1,6
51018856,35,9,-1,-1,5
51019503,57,24,-1,-1,7
51017906,18,55,-1,-1,6
51018661,41,11,-1,-1,4
51017281,44,46,-1,-1,3
51011867,2,36,-1,-1,3
51019331,51,29,-1,-1,7
51018019,45,35,-1,-1,0
51017515,19,54,-1,-1,2
51015578,48,14,-1,-1,7
51013329,55,54,-1,-1,1
51019558,24,6,-1,-1,6
51019414,41,23,-1,-1,1
51018052,44,48,-1,-1,7
51016664,5,47,-1,-1,4
51014018,16,15,-1,-1,1
51018023,36,34,-1,-1,4
51018853,40,51,-1,-1,4
51012796,22,47,-1,-1,6
51018478,4,11,-1,-1,1
51016394,14,43,-1,-1,0
51019268,22,56,-1,-1,6
51017293,40,50,-1,-1,7
51018527,32,11,-1,-1,2
51019539,5,8,-1,-1,6
51014910,5,24,-1,-1,2
51019014,24,12,-1,-1,6
51017485,36,47,-1,-1,0
51014464,10,53,-1,-1,7
51014531,32,42,-1,-1,0
51015438,9,39,-1,-1,0
51014992,49,13,-1,-1,6
51016417,1,47,-1,-1,6
51018123,48,49,-1,-1,2
51018435,41,4,-1,-1,6
51014021,36,38,-1,-1,6
51008744,16,38,-1,-1,2
51019248,25,31,-1,-1,1
51002220,23,5,-1,-1,1
51019467,36,20,-1,-1,6
51013163,2,44,-1,-1,6
51016792,8,39,-1,-1,6
51008695,38,53,-1,-1,6
51018029,51,31,-1,-1,5
51011358,23,54,-1,-1,1
51016606,48,1,-1,-1,2
51016377,42,14,-1,-1,3
51013959,1,3,-1,-1,5
51016485,32,7,-1,-1,7
51019434,28,48,-1,-1,2
51017914,46,2,-1,-1,1
51016788,31,4,-1,-1,5
51018748,49,8,-1,-1,3
51014773,57,13,-1,-1,2
51018908,53,49,-1,-1,6
51009395,40,29,-1,-1,2
51013322,7,33,-1,-1,3
51018427,15,22,-1,-1,4
51016692,3,5,-1,-1,5
51011596,1,18,-1,-1,1
51017807,51,54,-1,-1,6
51018572,25,42,-1,-1,5
51014623,26,4,-1,-1,4
51014648,26,17,-1,-1,7
51018755,28,21,-1,-1,3
51018150,32,24,-1,-1,2
51012596,16,43,-1,-1,3
51018844,57,46,-1,-1,6
51014283,38,40,-1,-1,0
51001343,8,8,-1,-1,7
51016616,27,3,-1,-1,5
51016211,20,37,-1,-1,1
51018676,29,54,-1,-1,5
51010608,4,15,-1,-1,2
51018327,5,20,-1,-1,3
51015462,22,24,-1,-1,4
51012948,6,51,-1,-1,7
51015392,46,38,-1,-1,6
51014818,17,5,-1,-1,2
51019563,29,22,-1,-1,4
51011558,50,9,-1,-1,7
51009335,54,44,-1,-1,0
51018878,29,36,-1,-1,7
51019265,17,25,-1,-1,1
51010214,41,40,-1,-1,7
51018632,28,34,-1,-1,0
51015162,20,51,-1,-1,5
51019345,27,49,-1,-1,4
51016981,36,44,-1,-1,2
51016775,52,41,-1,-1,3
51017298,57,1,-1,-1,5
51010469,30,53,-1,-1,6
51013936,41,58,-1,-1,2
51010887,30,54,-1,-1,4
51016681,14,9,-1,-1,4
51012221,3,27,-1,-1,7
51019252,30,48,-1,-1,4
51012580,46,23,-1,-1,5
51019117,28,41,-1,-1,7
51017838,33,39,-1,-1,7
51006422,7,19,-1,-1,0
51018343,14,20,-1,-1,6
51017050,12,11,-1,-1,5
51017352,19,1,-1,-1,4
51019483,20,20,-1,-1,2
51013619,34,30,-1,-1,4
51009429,56,35,-1,-1,5
51017294,9,22,-1,-1,0
51018715,46,21,-1,-1,0
51016874,8,11,-1,-1,4
51014379,56,18,-1,-1,1
51019188,54,46,-1,-1,6
51018198,18,24,-1,-1,5
51019029,35,48,-1,-1,1
51017354,0,12,-1,-1,4
51018896,29,43,-1,-1,0
51017329,11,56,-1,-1,3
51018457,51,50,-1,-1,6
51002613,1,25,-1,-1,0
51015908,52,39,-1,-1,2
51015749,46,34,-1,-1,1
51018548,52,48,-1,-1,4
51011269,51,56,-1,-1,1
51019032,41,5,-1,-1,5
51016782,0,29,-1,-1,0
51018957,52,24,-1,-1,5
51019344,32,19,-1,-1,0
51017707,57,30,-1,-1,0
51019294,37,56,-1,-1,0
51004240,5,13,-1,-1,6
51015053,18,47,-1,-1,1
51019293,43,34,-1,-1,3
51018940,11,1,-1,-1,7
51019437,23,36,-1,-1,4
51015987,20,30,-1,-1,6
51015340,39,33,-1,-1,3
51016361,18,22,-1,-1,1
51018161,0,34,-1,-1,4
51017550,20,1,-1,-1,0
51016797,20,41,-1,-1,6
51014226,25,49,-1,-1,1
51015173,15,37,-1,-1,3
51017450,20,22,-1,-1,3
51018574,45,18,-1,-1,7
51010612,12,51,-1,-1,1
51016885,56,6,-1,-1,2
51017992,29,53,-1,-1,0
51017678,25,27,-1,-1,6
51016720,8,58,-1,-1,2
51017503,50,41,-1,-1,7
51018709,8,46,-1,-1,2
51005062,0,11,-1,-1,0
51016091,7,51,-1,-1,1
51019299,52,21,-1,-1,1
51017009,24,7,-1,-1,0
51018301,41,51,-1,-1,3
51015343,47,31,-1,-1,5
51017115,30,0,-1,-1,5
51018366,5,4,-1,-1,3
51005634,19,10,-1,-1,1
51018475,40,10,-1,-1,5
51019059,43,11,-1,-1,5
51018425,22,2,-1,-1,3
51016581,38,6,-1,-1,0
51016552,55,44,-1,-1,0
51014758,2,23,-1,-1,3
51013537,32,4,-1,-1,6
51019472,14,36,-1,-1,0
51018659,33,25,-1,-1,4
51016653,0,5,-1,-1,3
51017647,27,20,-1,-1,2
51008556,4,51,-1,-1,1
51017066,37,0,-1,-1,2
51009207,2,0,-1,-1,6
51014877,44,23,-1,-1,4
51017296,24,38,-1,-1,2
51014114,48,6,-1,-1,5
51016251,55,7,-1,-1,1
51017874,3,22,-1,-1,6
51013503,37,48,-1,-1,2
51017829,28,3,-1,-1,4
51018727,28,28,-1,-1,7
51018480,11,29,-1,-1,5
51015147,13,21,-1,-1,0
51017738,29,55,-1,-1,5
51017555,11,43,-1,-1,5
51017944,30,22,-1,-1,5
51017093,20,7,-1,-1,6
51019080,41,44,-1,-1,1
51011717,7,15,-1,-1,7
51018897,55,39,-1,-1,5
51012156,57,50,-1,-1,0
51018085,54,13,-1,-1,4
51013885,49,53,-1,-1,3
51019062,24,32,-1,-1,6
51017690,4,54,-1,-1,0
51017748,44,4,-1,-1,2
51019387,20,15,-1,-1,7
51012862,27,44,-1,-1,5
51015495,12,0,-1,-1,3
51008145,57,32,-1,-1,1
51018999,29,44,-1,-1,4
51018872,42,52,-1,-1,6
51017508,27,1,-1,-1,7
51017184,57,37,-1,-1,3
51015389,6,14,-1,-1,3
51019087,30,2,-1,-1,0
51019198,2,24,-1,-1,5
51018134,4,2,-1,-1,3
51018792,35,8,-1,-1,2
51015973,56,46,-1,-1,5
51015002,9,1,-1,-1,7
51011452,0,36,-1,-1,0
51017513,13,28,-1,-1,2
51018968,30,19,-1,-1,6
51019480,24,16,-1,-1,4
51016959,25,44,-1,-1,3
51011093,27,0,-1,-1,6
51018728,30,42,-1,-1,3
51015106,25,26,-1,-1,5
51019253,16,23,-1,-1,4
51017939,11,51,-1,-1,5
51017972,13,0,-1,-1,6
51017643,26,38,-1,-1,3
51017177,57,19,-1,-1,7
51013473,52,36,-1,-1,5
51016303,28,27,-1,-1,1
51015368,33,31,-1,-1,7
51018510,39,44,-1,-1,5
51017657,42,28,-1,-1,1
51016620,23,49,-1,-1,7
51017598,25,57,-1,-1,3
51018855,25,41,-1,-1,2
51015790,19,40,-1,-1,6
51015836,6,5,-1,-1,6
51015453,37,15,-1,-1,2
51009257,55,49,-1,-1,5
51019522,2,2,-1,-1,2
51018974,41,25,-1,-1,5
51015783,30,55,-1,-1,1
51011722,1,0,-1,-1,5
51009641,40,27,-1,-1,1
51005579,14,30,-1,-1,4
51017650,9,6,-1,-1,2
51015959,37,1,-1,-1,4
51017295,29,10,-1,-1,4
50972390,5,43,-1,-1,4
51014687,39,7,-1,-1,1
51007876,35,36,-1,-1,2
51012564,44,17,-1,-1,2
51013947,6,38,-1,-1,1
51007230,56,5,-1,-1,5
51016593,58,49,-1,-1,6
51018822,26,10,-1,-1,2
51019420,24,27,-1,-1,1
51015280,45,4,-1,-1,3
51016461,46,50,-1,-1,6
51013022,35,43,-1,-1,0
51012756,14,47,-1,-1,1
51018597,18,28,-1,-1,0
51018596,23,15,-1,-1,4
51011372,53,38,-1,-1,2
51018881,6,20,-1,-1,3
51018095,4,44,-1,-1,0
51017983,16,26,-1,-1,4
51012039,13,49,-1,-1,7
51015774,41,33,-1,-1,6
51014600,35,42,-1,-1,3
51017521,20,36,-1,-1,6
51018532,23,41,-1,-1,1
51019516,29,24,-1,-1,7
51017448,19,38,-1,-1,6
51018351,15,0,-1,-1,6
51016721,30,58,-1,-1,2
51016841,23,28,-1,-1,1
51018722,57,42,-1,-1,2
51005758,8,52,-1,-1,1
51017729,47,30,-1,-1,1
51009383,48,7,-1,-1,2
51015277,31,47,-1,-1,1
51016864,17,0,-1,-1,6
51016291,27,39,-1,-1,0
51018272,19,22,-1,-1,7
51018680,54,34,-1,-1,3
51019359,28,18,-1,-1,7
51018765,46,29,-1,-1,4
51009659,57,14,-1,-1,1
51018363,34,52,-1,-1,7
51016570,22,55,-1,-1,0
51009189,18,4,-1,-1,4
51018350,36,3,-1,-1,4
50994986,6,45,-1,-1,5
51018446,13,6,-1,-1,1
51019123,10,28,-1,-1,1
51017305,55,42,-1,-1,5
51019363,14,11,-1,-1,6
51019579,8,12,-1,-1,1
51009301,49,0,-1,-1,2
51019026,18,51,-1,-1,7
51018099,56,32,-1,-1,3
51019031,27,2,-1,-1,5
51018386,40,47,-1,-1,2
51006936,32,49,-1,-1,3
51017732,24,13,-1,-1,0
51004941,58,30,-1,-1,0
51012701,48,45,-1,-1,1
51017504,58,8,-1,-1,0
51017274,17,41,-1,-1,5
51019368,49,10,-1,-1,3
51012450,27,51,-1,-1,6
51013121,47,49,-1,-1,6
51015354,12,6,-1,-1,7
51013223,26,47,-1,-1,5
51019336,52,33,-1,-1,7
51018391,34,15,-1,-1,6
51018237,38,15,-1,-1,1
51010460,7,9,-1,-1,3
51018107,47,8,-1,-1,3
51019466,38,46,-1,-1,5
51015050,58,50,-1,-1,6
51016375,56,43,-1,-1,1
51001072,19,45,-1,-1,7
51018833,34,0,-1,-1,4
51018083,8,16,-1,-1,3
51014092,3,35,-1,-1,4
51018241,3,15,-1,-1,1
51007894,47,48,-1,-1,5
51011741,31,34,-1,-1,6
51017634,3,34,-1,-1,3
51003311,58,15,-1,-1,0
51010258,31,2,-1,-1,7
51018717,2,32,-1,-1,2
51014778,28,44,-1,-1,0
51018934,32,38,-1,-1,2
51016882,50,26,-1,-1,5
51015811,36,24,-1,-1,6
51019362,45,24,-1,-1,3
51017958,14,16,-1,-1,6
51016935,4,12,-1,-1,1
51019388,58,44,-1,-1,4
51016473,56,45,-1,-1,1
51017044,53,39,-1,-1,4
51018981,28,19,-1,-1,5
51017655,16,56,-1,-1,6
51009420,43,7,-1,-1,1
51013235,14,41,-1,-1,6
51017798,23,8,-1,-1,5
50998806,49,51,-1,-1,5
51013557,9,41,-1,-1,0
51019005,30,30,-1,-1,6
51019223,33,19,-1,-1,5
51007682,40,58,-1,-1,7
51018718,54,10,-1,-1,3
51017898,26,35,-1,-1,6
51015431,53,37,-1,-1,2
51015346,1,46,-1,-1,6
51018176,9,26,-1,-1,1
51018714,43,3,-1,-1,4
51016293,4,0,-1,-1,4
51018308,14,31,-1,-1,5
51011369,50,12,-1,-1,7
51013934,8,5,-1,-1,3
51012172,57,28,-1,-1,1
51019168,20,27,-1,-1,3
51019389,20,53,-1,-1,4
51000292,7,22,-1,-1,7
51006648,55,2,-1,-1,7
51017240,19,50,-1,-1,3
51016349,41,47,-1,-1,2
51017671,29,17,-1,-1,4
51019290,47,27,-1,-1,0
51011399,10,25,-1,-1,1
51019462,49,18,-1,-1,6
51018738,44,14,-1,-1,0
51013398,18,50,-1,-1,3
51012225,4,30,-1,-1,5
51018025,46,26,-1,-1,6
51018915,37,24,-1,-1,6
51018500,21,25,-1,-1,7
51014332,24,49,-1,-1,7
51015524,5,10,-1,-1,0
51019306,36,16,-1,-1,4
51018276,12,48,-1,-1,1
51017853,47,42,-1,-1,7
51017554,53,54,-1,-1,6
51012364,13,12,-1,-1,2
51013532,31,57,-1,-1,6
51019249,42,38,-1,-1,3
51016443,51,11,-1,-1,5
51018779,4,10,-1,-1,6
51013868,50,11,-1,-1,5
51016608,13,8,-1,-1,6
51019492,19,37,-1,-1,0
51015725,3,17,-1,-1,0
51017677,25,30,-1,-1,6
51013203,57,56,-1,-1,2
51016031,18,29,-1,-1,5
51019354,32,26,-1,-1,4
51016121,35,3,-1,-1,6
51016432,38,52,-1,-1,4
50998694,9,2,-1,-1,1
51010920,43,57,-1,-1,7
51013756,15,40,-1,-1,3
51015307,28,4,-1,-1,6
51019396,50,45,-1,-1,0
51016957,0,54,-1,-1,0
51007907,40,39,-1,-1,7
51018863,20,28,-1,-1,1
51016026,14,33,-1,-1,3
51018266,30,15,-1,-1,0
51018008,45,7,-1,-1,2
51016492,15,6,-1,-1,4
51017502,41,15,-1,-1,4
51016320,7,3,-1,-1,3
51019114,44,25,-1,-1,0
51016319,54,27,-1,-1,5
51019342,26,22,-1,-1,5
51010302,47,25,-1,-1,4
51017280,1,50,-1,-1,5
51017264,6,12,-1,-1,0
51015043,30,44,-1,-1,1
51017271,11,52,-1,-1,1
51017411,19,17,-1,-1,1
51019457,33,49,-1,-1,2
51011459,33,2,-1,-1,5
51018903,43,14,-1,-1,5
51017308,0,57,-1,-1,2
51016849,51,14,-1,-1,0
50995564,52,54,-1,-1,1
51017270,49,32,-1,-1,0
51014807,12,28,-1,-1,2
51018775,34,54,-1,-1,4
51019364,37,25,-1,-1,5
51017463,48,5,-1,-1,4
51018526,5,36,-1,-1,4
51017158,25,1,-1,-1,0
51017703,46,17,-1,-1,1
51016642,15,8,-1,-1,5
51018616,55,26,-1,-1,5
51019313,19,58,-1,-1,6
51015714,37,53,-1,-1,6
51008764,51,47,-1,-1,2
51007319,36,52,-1,-1,7
51017291,44,18,-1,-1,2
51016900,31,28,-1,-1,1
51017402,12,2,-1,-1,6
51019089,58,48,-1,-1,0
51011074,35,53,-1,-1,5
51019151,20,18,-1,-1,6
51016753,8,7,-1,-1,1
51018906,13,36,-1,-1,3
51017179,13,10,-1,-1,3
51019580,16,54,-1,-1,4
51016404,42,1,-1,-1,7
51019070,32,39,-1,-1,2
51016041,57,52,-1,-1,6
51012305,40,14,-1,-1,7
51016985,57,39,-1,-1,3
51018468,14,53,-1,-1,7
51010365,43,53,-1,-1,7
51017494,23,38,-1,-1,4
51019199,32,21,-1,-1,0
51019034,22,23,-1,-1,5
51011825,20,57,-1,-1,5
51015723,28,58,-1,-1,6
51015407,27,22,-1,-1,1
51017263,51,5,-1,-1,5
51018046,3,14,-1,-1,0
51019024,28,42,-1,-1,6
51019339,38,45,-1,-1,7
51017693,16,3,-1,-1,0
51016764,14,21,-1,-1,7
51019130,2,28,-1,-1,2
51018830,37,34,-1,-1,0
51018015,53,52,-1,-1,5
51019479,10,57,-1,-1,3
51019239,39,42,-1,-1,0
51013578,31,43,-1,-1,7
51018059,35,49,-1,-1,4
51016465,37,30,-1,-1,5
51018190,46,49,-1,-1,6
51011848,6,44,-1,-1,2
51017776,6,27,-1,-1,7
51012514,14,0,-1,-1,5
51012247,46,42,-1,-1,1
51019016,48,55,-1,-1,0
51013745,5,46,-1,-1,5
51018978,18,12,-1,-1,2
51011096,35,58,-1,-1,2
51006623,10,56,-1,-1,1
51007370,41,55,-1,-1,5
51016813,20,25,-1,-1,5
51011439,48,21,-1,-1,6
50989081,3,18,-1,-1,3
51019413,34,44,-1,-1,5
51003852,3,58,-1,-1,0
51008266,41,17,-1,-1,2
51019567,9,21,-1,-1,3
51015935,44,52,-1,-1,7
51019416,35,46,-1,-1,4
51019231,8,26,-1,-1,5
51013523,44,28,-1,-1,1
51014904,14,55,-1,-1,5
51014026,5,54,-1,-1,7
51001734,17,8,-1,-1,0
51006190,2,39,-1,-1,3
51014558,16,12,-1,-1,6
51016327,39,36,-1,-1,6
51018584,57,40,-1,-1,4
51018739,17,23,-1,-1,1
51013474,13,48,-1,-1,1
51019560,54,42,-1,-1,0
51016363,58,57,-1,-1,5
51017063,21,42,-1,-1,5
51006797,28,5,-1,-1,6
51009065,42,34,-1,-1,0
51018524,31,40,-1,-1,4
51017887,19,13,-1,-1,4
51019484,6,26,-1,-1,0
51019460,41,9,-1,-1,1
51015165,49,49,-1,-1,6
51002119,5,15,-1,-1,2
51015315,14,19,-1,-1,0
51017011,21,19,-1,-1,0
51017745,9,50,-1,-1,4
51019366,40,8,-1,-1,6
51019097,13,17,-1,-1,7
51018663,31,48,-1,-1,3
51018966,56,47,-1,-1,4
51011316,22,54,-1,-1,0
51017984,42,47,-1,-1,1
51017616,8,55,-1,-1,0
51017952,23,48,-1,-1,0
51013715,35,7,-1,-1,7
51019564,11,30,-1,-1,4
50998198,7,23,-1,-1,3
51012079,14,40,-1,-1,2
51012838,34,27,-1,-1,7
51014737,27,41,-1,-1,3
51015974,47,39,-1,-1,1
51019153,39,19,-1,-1,2
51011662,47,40,-1,-1,0
51013384,25,43,-1,-1,5
51019511,22,37,-1,-1,2
51019163,22,44,-1,-1,7
51015028,22,19,-1,-1,1
51016132,45,13,-1,-1,3
51014451,1,53,-1,-1,0
51014592,8,54,-1,-1,1
51018097,10,15,-1,-1,5
51003006,57,58,-1,-1,6
51019105,36,10,-1,-1,7
51018638,56,55,-1,-1,5
51018388,32,31,-1,-1,7
51016916,31,26,-1,-1,5
51016503,17,38,-1,-1,4
51018635,22,25,-1,-1,5
51010316,40,15,-1,-1,5
51017021,54,39,-1,-1,0
51018653,5,31,-1,-1,4
51017012,4,23,-1,-1,3
51018782,43,24,-1,-1,5
51004733,23,1,-1,-1,5
51006151,6,56,-1,-1,6
51015788,58,41,-1,-1,0
51011392,18,0,-1,-1,3
51014962,54,47,-1,-1,4
51019429,40,16,-1,-1,1
51019176,7,40,-1,-1,2
51019489,52,0,-1,-1,2
51017422,30,20,-1,-1,2
51016015,9,51,-1,-1,3
51014468,24,44,-1,-1,2
51018166,53,27,-1,-1,6
51018561,34,6,-1,-1,4
51019147,10,52,-1,-1,2
51013526,39,1,-1,-1,4
51018716,35,31,-1,-1,1
51008994,13,4,-1,-1,1
50989990,38,58,-1,-1,7
51018423,19,26,-1,-1,1
51018440,22,40,-1,-1,1
51018992,12,42,-1,-1,2
51017100,1,5,-1,-1,7
51017708,43,12,-1,-1,4
51015491,1,33,-1,-1,2
51017681,50,40,-1,-1,3
51018577,15,45,-1,-1,3
51019512,24,36,-1,-1,4
51019174,40,6,-1,-1,6
51016896,17,27,-1,-1,2
51017923,52,44,-1,-1,0
51019310,27,24,-1,-1,7
51016044,55,19,-1,-1,2
51019365,55,57,-1,-1,3
51019300,39,50,-1,-1,5
51019152,29,9,-1,-1,2
51016884,26,43,-1,-1,7
51019118,9,54,-1,-1,4
51014391,39,26,-1,-1,2
51013225,44,37,-1,-1,5
51015390,43,10,-1,-1,6
51014207,34,55,-1,-1,4
51018167,46,33,-1,-1,1
51016638,30,9,-1,-1,3
51019270,32,36,-1,-1,0
51019258,25,8,-1,-1,7
51019386,20,50,-1,-1,1
51017592,44,12,-1,-1,1
51017445,15,26,-1,-1,6
51017680,58,26,-1,-1,4
51018645,38,24,-1,-1,0
51018339,22,15,-1,-1,6
51018924,50,52,-1,-1,0
51011901,4,9,-1,-1,4
51007515,32,0,-1,-1,6
51016057,58,9,-1,-1,6
51007306,58,18,-1,-1,0
51019191,13,55,-1,-1,7
51017034,15,39,-1,-1,7
51019205,24,39,-1,-1,5
51018481,31,7,-1,-1,2
51018900,16,14,-1,-1,6
51016910,6,7,-1,-1,7
51017166,53,44,-1,-1,0
51011779,3,23,-1,-1,4
51019291,9,43,-1,-1,7
51015257,57,4,-1,-1,0
51018768,54,48,-1,-1,5
51017303,6,23,-1,-1,1
51019375,16,30,-1,-1,1
51017232,37,14,-1,-1,2
51017475,41,53,-1,-1,0
51019012,24,30,-1,-1,2
51013390,0,43,-1,-1,0
51013898,24,23,-1,-1,2
51017454,17,28,-1,-1,5
51014644,50,5,-1,-1,6
51019459,11,16,-1,-1,4
51017925,22,17,-1,-1,7
51017498,47,38,-1,-1,0
51015202,50,6,-1,-1,5
51006397,50,0,-1,-1,6
51013731,43,26,-1,-1,0
51017536,26,41,-1,-1,0
51008895,13,7,-1,-1,2
51013279,7,13,-1,-1,1
51014198,53,40,-1,-1,5
51017791,12,46,-1,-1,0
51014917,29,56,-1,-1,7
51017724,28,20,-1,-1,4
51004592,17,7,-1,-1,4
51019069,42,25,-1,-1,3
51019577,35,2,-1,-1,2
51019394,16,7,-1,-1,7
51017339,57,18,-1,-1,0
51016537,9,13,-1,-1,1
51017611,17,2,-1,-1,3
51018708,29,2,-1,-1,2
51013000,13,26,-1,-1,7
51014559,49,25,-1,-1,2
51009111,50,47,-1,-1,0
51017883,56,49,-1,-1,4
51017848,30,34,-1,-1,3
51018773,11,2,-1,-1,7
51017170,3,52,-1,-1,0
51011493,1,13,-1,-1,7
51016185,21,52,-1,-1,3
51012351,9,0,-1,-1,3
51012863,8,48,-1,-1,4
51014779,14,4,-1,-1,0
51019312,1,44,-1,-1,6
51018432,11,49,-1,-1,7
51019576,35,57,-1,-1,3
51012480,0,25,-1,-1,1
51019419,54,53,-1,-1,6
51018252,48,48,-1,-1,1
51008931,49,3,-1,-1,6
51018829,39,31,-1,-1,5
51019206,36,50,-1,-1,2
51017014,0,52,-1,-1,1
51017083,11,24,-1,-1,3
51019246,10,23,-1,-1,1
51019262,30,49,-1,-1,5
51016582,24,51,-1,-1,6
51019327,42,20,-1,-1,3
51017772,55,0,-1,-1,2
51017993,19,4,-1,-1,3
51012910,0,55,-1,-1,1
51015653,11,48,-1,-1,3
51018158,52,26,-1,-1,1
51016645,6,34,-1,-1,1
51011783,0,20,-1,-1,1
51009430,58,28,-1,-1,4
51018790,30,29,-1,-1,5
51011433,45,14,-1,-1,6
51014997,39,46,-1,-1,6
51019190,49,34,-1,-1,3
51018874,7,16,-1,-1,6
51011382,42,32,-1,-1,7
51019183,47,33,-1,-1,1
51015504,10,24,-1,-1,3
51013400,30,52,-1,-1,2
51012858,4,28,-1,-1,0
51018683,48,57,-1,-1,6
51018394,12,19,-1,-1,7
51017816,43,6,-1,-1,1
51017322,24,34,-1,-1,4
51018103,24,56,-1,-1,7
51016685,53,14,-1,-1,7
51016032,47,32,-1,-1,7
51017820,54,29,-1,-1,0
51012267,3,20,-1,-1,0
51013773,5,50,-1,-1,1
51015119,14,27,-1,-1,3
51017679,52,32,-1,-1,5
51011326,23,57,-1,-1,0
51018501,35,1,-1,-1,4
51017880,17,42,-1,-1,3
51018698,36,9,-1,-1,7
51007041,5,34,-1,-1,4
51014919,3,10,-1,-1,0
51018026,32,35,-1,-1,1
51013811,13,34,-1,-1,3
51016412,21,2,-1,-1,4
51016562,52,6,-1,-1,4
51019562,15,10,-1,-1,6
51019263,55,1,-1,-1,5
51019578,43,27,-1,-1,6
51017203,51,25,-1,-1,7
51017279,12,49,-1,-1,7
51019309,30,24,-1,-1,4
51017662,26,42,-1,-1,2
51018376,27,26,-1,-1,7
51018870,30,51,-1,-1,1
51012711,33,55,-1,-1,6
51019575,16,24,-1,-1,7
51018640,12,44,-1,-1,0
51018726,45,25,-1,-1,0
51008166,11,0,-1,-1,6
51018536,25,14,-1,-1,6
51013023,25,2,-1,-1,6
51019292,43,22,-1,-1,7
51016960,54,41,-1,-1,2
51014862,57,17,-1,-1,1
51012047,50,24,-1,-1,1
51019463,37,21,-1,-1,0
51013062,7,43,-1,-1,6
51013920,32,33,-1,-1,6
51018766,7,57,-1,-1,1
51019474,35,22,-1,-1,6
51018875,27,52,-1,-1,7
51017193,21,13,-1,-1,1
51018887,26,12,-1,-1,6
51018426,18,46,-1,-1,5
51014766,51,55,-1,-1,6
51016819,43,21,-1,-1,5
51017665,2,20,-1,-1,0
51015568,9,37,-1,-1,3
51017299,11,45,-1,-1,0
51018955,54,32,-1,-1,1
51017359,13,13,-1,-1,6
51016758,42,50,-1,-1,6
51012356,3,43,-1,-1,1
51013047,5,30,-1,-1,4
51017712,12,16,-1,-1,1
51018321,22,7,-1,-1,2
51015204,16,46,-1,-1,0
51011072,54,58,-1,-1,7
51011299,18,2,-1,-1,5
51008278,43,52,-1,-1,7
51017110,6,31,-1,-1,2
51013909,57,54,-1,-1,2
51014708,16,44,-1,-1,6
51011913,53,0,-1,-1,2
51008828,53,19,-1,-1,1
51016488,40,38,-1,-1,1
51019507,21,37,-1,-1,7
51018840,40,1,-1,-1,0
51011129,48,4,-1,-1,4
51016001,12,20,-1,-1,5
51005536,53,5,-1,-1,7
51016171,13,1,-1,-1,6
51019390,34,32,-1,-1,6
51012613,5,40,-1,-1,6
51005677,40,42,-1,-1,2
51019257,56,39,-1,-1,2
51015432,7,8,-1,-1,6
51019115,13,53,-1,-1,4
51017129,39,45,-1,-1,7
51018806,22,53,-1,-1,7
51017103,19,29,-1,-1,7
51019127,50,37,-1,-1,0
51019453,14,44,-1,-1,4
51013092,55,25,-1,-1,6
51015944,6,57,-1,-1,3
51014277,24,3,-1,-1,3
51016903,51,0,-1,-1,3
51011757,37,55,-1,-1,0
51015383,26,30,-1,-1,5
51018970,51,46,-1,-1,3
51014205,2,53,-1,-1,3
51017375,19,32,-1,-1,7
51017419,27,35,-1,-1,4
51018437,2,31,-1,-1,1
51019370,22,3,-1,-1,6
51018018,30,47,-1,-1,4
51018751,12,39,-1,-1,0
51015029,26,26,-1,-1,5
51017577,29,42,-1,-1,3
51016857,20,46,-1,-1,0
51016280,47,16,-1,-1,0
51019500,6,33,-1,-1,4
51019353,51,27,-1,-1,5
51010683,55,58,-1,-1,0
51018601,5,1,-1,-1,0
51017337,28,37,-1,-1,0
51015009,20,6,-1,-1,0
51016130,32,2,-1,-1,1
51017053,8,21,-1,-1,0
51018990,28,51,-1,-1,7
51012246,45,32,-1,-1,7
51018117,29,14,-1,-1,6
51016256,35,54,-1,-1,6
51009626,29,8,-1,-1,2
51012579,11,31,-1,-1,2
51019400,50,2,-1,-1,0
51019247,27,5,-1,-1,4
51019232,20,33,-1,-1,3
51017109,23,42,-1,-1,1
51011753,36,58,-1,-1,1
51019301,38,18,-1,-1,0
51016624,50,27,-1,-1,2
51018994,45,17,-1,-1,0
51018400,27,7,-1,-1,7
51019145,1,22,-1,-1,6
51018725,16,36,-1,-1,6
51019054,46,47,-1,-1,7
51018452,49,46,-1,-1,0
51017595,43,43,-1,-1,2
51016125,10,20,-1,-1,5
51018692,55,32,-1,-1,3
51018989,44,43,-1,-1,3
51016754,27,13,-1,-1,4
51016879,24,20,-1,-1,6
51016883,0,42,-1,-1,4
51012712,4,1,-1,-1,7
51011780,45,22,-1,-1,1
51019442,29,48,-1,-1,1
51006243,56,9,-1,-1,2
51016542,45,29,-1,-1,7
51018506,16,48,-1,-1,2
51016897,34,58,-1,-1,0
51017540,43,18,-1,-1,7
51014515,43,2,-1,-1,5
51018695,33,56,-1,-1,2
51019302,17,57,-1,-1,1
51014233,55,20,-1,-1,4
51012420,39,10,-1,-1,2
51017777,39,8,-1,-1,4
51010311,35,37,-1,-1,0
51018926,32,44,-1,-1,5
51017350,12,52,-1,-1,1
51014068,32,45,-1,-1,2
51017661,49,12,-1,-1,4
51018860,50,8,-1,-1,2
51014378,14,46,-1,-1,2
51017057,50,4,-1,-1,6
51017491,38,42,-1,-1,3
51017471,44,10,-1,-1,5
51018894,3,26,-1,-1,6
51019194,25,25,-1,-1,0
51017163,34,41,-1,-1,3
51016941,28,54,-1,-1,7
51017225,50,3,-1,-1,6
51014953,36,32,-1,-1,0
51002355,0,17,-1,-1,4
51018268,22,5,-1,-1,1
51013701,53,7,-1,-1,1
51019081,17,32,-1,-1,0
51017606,21,35,-1,-1,1
51017722,41,46,-1,-1,5
51017731,22,39,-1,-1,0
51014295,39,14,-1,-1,3
51016245,4,21,-1,-1,1
51018345,19,24,-1,-1,1
51011798,30,41,-1,-1,6
51018543,39,4,-1,-1,1
51019523,44,13,-1,-1,6
51018930,18,41,-1,-1,6
51018948,36,41,-1,-1,2
51018401,6,10,-1,-1,7
51018525,0,26,-1,-1,2
51016471,51,8,-1,-1,3
51017446,34,51,-1,-1,0
51019234,22,13,-1,-1,7
51013128,11,58,-1,-1,6
51008633,50,1,-1,-1,2
51014774,29,1,-1,-1,0
51016220,11,8,-1,-1,6
51015331,53,3,-1,-1,6
51016945,51,19,-1,-1,6
51015838,23,25,-1,-1,3
51018538,23,23,-1,-1,4
51016760,49,15,-1,-1,0
51019402,25,19,-1,-1,2
51019334,11,6,-1,-1,5
51013823,15,7,-1,-1,5
51018515,12,41,-1,-1,7
51017126,44,45,-1,-1,1
51018051,2,48,-1,-1,1
51013605,52,4,-1,-1,4
51013443,34,11,-1,-1,2
51018496,51,39,-1,-1,7
51012035,52,42,-1,-1,3
51019461,20,34,-1,-1,7
51019256,4,58,-1,-1,2
51019251,35,19,-1,-1,1
50983870,42,57,-1,-1,1
51014481,55,55,-1,-1,2
51017585,36,57,-1,-1,5
51003395,47,53,-1,-1,0
51017582,27,30,-1,-1,5
51018290,40,48,-1,-1,2
51018752,57,11,-1,-1,7
51019065,41,19,-1,-1,1
51010525,28,53,-1,-1,0
51012104,52,3,-1,-1,0
51018125,48,30,-1,-1,7
51015424,51,24,-1,-1,7
51019200,34,28,-1,-1,4
51017518,35,17,-1,-1,6
51017077,50,31,-1,-1,7
51018800,50,15,-1,-1,3
51013761,53,16,-1,-1,7
51015609,46,48,-1,-1,3
51019524,20,31,-1,-1,0
51014939,14,56,-1,-1,3
51017728,21,17,-1,-1,6
51018463,21,36,-1,-1,0
51017575,41,1,-1,-1,6
51019449,34,16,-1,-1,3
51017929,29,11,-1,-1,7
51018043,12,3,-1,-1,1
50999992,3,56,-1,-1,2
51018395,16,17,-1,-1,7
51015686,14,14,-1,-1,0
51014330,18,21,-1,-1,2
51019546,47,2,-1,-1,1
51013187,9,40,-1,-1,3
51017242,28,43,-1,-1,3
51013650,56,56,-1,-1,4
51019372,41,6,-1,-1,7
51016531,8,32,-1,-1,1
51019240,50,34,-1,-1,0
51016719,0,7,-1,-1,4
51016811,46,22,-1,-1,3
51018953,26,7,-1,-1,4
51010183,46,53,-1,-1,4
51017912,23,37,-1,-1,0
51011684,40,3,-1,-1,4
51014385,44,50,-1,-1,1
51019316,20,38,-1,-1,0
51019542,14,17,-1,-1,0
51004543,0,53,-1,-1,0
51019305,56,17,-1,-1,0
51018307,36,35,-1,-1,2
51018255,1,4,-1,-1,2
51008312,2,33,-1,-1,1
51018333,10,46,-1,-1,7
51016487,11,37,-1,-1,7
51018269,14,6,-1,-1,7
51014759,53,43,-1,-1,6
51018110,9,23,-1,-1,7
51019035,15,50,-1,-1,3
51012947,45,50,-1,-1,2
51016670,24,31,-1,-1,2
51018048,30,38,-1,-1,2
51007285,38,55,-1,-1,5
51017366,23,56,-1,-1,5
51019267,7,32,-1,-1,3
51013776,20,32,-1,-1,5
51013598,56,10,-1,-1,6
51014326,46,41,-1,-1,4
51009782,0,58,-1,-1,0
51019303,17,13,-1,-1,6
51012232,25,53,-1,-1,0
51018406,14,26,-1,-1,7
51014348,55,34,-1,-1,4
51018826,18,16,-1,-1,7
51018911,39,16,-1,-1,3
51006613,58,43,-1,-1,0
51017237,46,57,-1,-1,0
51018982,43,50,-1,-1,1
51010558,8,34,-1,-1,2
51018257,3,13,-1,-1,5
51018851,16,2,-1,-1,1
51019392,31,13,-1,-1,5
51016693,0,32,-1,-1,4
51013321,24,0,-1,-1,2
51019518,43,8,-1,-1,3
51017812,36,25,-1,-1,4
51009161,56,58,-1,-1,1
51018104,56,24,-1,-1,0
51017954,26,31,-1,-1,6
51008670,32,1,-1,-1,5
51017532,7,18,-1,-1,3
51014537,58,4,-1,-1,0
51019569,50,42,-1,-1,2
51018741,48,22,-1,-1,0
51014897,47,44,-1,-1,7
51016969,4,29,-1,-1,7
51018282,18,23,-1,-1,6
51016296,39,11,-1,-1,0
51014893,40,45,-1,-1,7
51002776,58,55,-1,-1,5
51008325,57,49,-1,-1,6
51016538,49,52,-1,-1,3
51018223,5,2,-1,-1,1
51016534,13,43,-1,-1,6
51017794,11,15,-1,-1,5
51016311,57,10,-1,-1,6
51014025,48,28,-1,-1,0
51016527,44,2,-1,-1,6
51015861,51,15,-1,-1,2
51017566,2,57,-1,-1,5
51018000,20,55,-1,-1,5
51018451,30,27,-1,-1,4
51018581,31,29,-1,-1,4
51015753,32,15,-1,-1,6
51019415,52,40,-1,-1,1
51016770,36,33,-1,-1,7
51017124,29,16,-1,-1,7
51012149,44,38,-1,-1,3
51013922,5,29,-1,-1,6
51016591,43,9,-1,-1,2
50991488,3,48,-1,-1,4
51016655,53,53,-1,-1,4
51015240,54,45,-1,-1,3
51018288,26,18,-1,-1,1
51018453,22,34,-1,-1,5
51019041,56,7,-1,-1,1
51017007,16,47,-1,-1,0
51018170,18,37,-1,-1,2
51016833,19,16,-1,-1,1
51018893,34,38,-1,-1,0
51016856,20,44,-1,-1,5
51018420,51,21,-1,-1,2
51017930,27,57,-1,-1,0
51018980,52,11,-1,-1,2
51018991,18,9,-1,-1,3
51017755,17,3,-1,-1,4
51019212,49,31,-1,-1,4
51019348,12,22,-1,-1,1
51014102,31,3,-1,-1,1
51011387,20,4,-1,-1,6
51016950,15,34,-1,-1,4
51015108,37,16,-1,-1,6
51019276,51,1,-1,-1,2
51018088,47,15,-1,-1,6
51018838,36,42,-1,-1,1
51019072,31,5,-1,-1,6
51017353,45,27,-1,-1,7
51016779,32,32,-1,-1,4
51016571,0,30,-1,-1,2
51011497,48,27,-1,-1,3
51018614,38,44,-1,-1,7
51014868,16,58,-1,-1,1
51017783,54,3,-1,-1,5
51018771,24,37,-1,-1,7
51015437,38,31,-1,-1,6
51016546,42,39,-1,-1,6
51017086,31,8,-1,-1,0
51006835,31,52,-1,-1,6
51008042,55,37,-1,-1,2
51016259,35,38,-1,-1,5
51017210,35,33,-1,-1,1
51017623,38,28,-1,-1,2
51013681,10,8,-1,-1,0
51013159,56,50,-1,-1,7
51006292,46,12,-1,-1,0
51018888,0,33,-1,-1,3
51010788,11,40,-1,-1,1
51017031,37,11,-1,-1,0
51013888,51,52,-1,-1,6
51006628,6,11,-1,-1,5
51019493,13,15,-1,-1,1
51008175,5,26,-1,-1,4
51005582,58,20,-1,-1,0
51015531,28,12,-1,-1,7
51014293,48,9,-1,-1,4
51017570,35,28,-1,-1,2
51016666,12,33,-1,-1,0
51017006,37,40,-1,-1,7
51017770,16,50,-1,-1,6
51016100,18,7,-1,-1,6
51019076,19,12,-1,-1,1
51015548,8,20,-1,-1,3
51012909,43,15,-1,-1,6
51018619,6,19,-1,-1,7
51015339,6,43,-1,-1,0
51019264,37,33,-1,-1,3
51008616,5,51,-1,-1,2
51017921,29,21,-1,-1,2
51017088,31,46,-1,-1,4
51017734,35,20,-1,-1,1
51019063,36,55,-1,-1,3
51014548,8,25,-1,-1,4
50995904,57,48,-1,-1,6
51018816,25,10,-1,-1,4
51019384,16,27,-1,-1,6
51015927,33,37,-1,-1,3
51008231,55,10,-1,-1,6
51011082,46,11,-1,-1,3
51019213,3,24,-1,-1,5
51019572,47,14,-1,-1,0
51017085,51,42,-1,-1,4
51013424,20,12,-1,-1,2
51016580,53,24,-1,-1,2
51019172,43,40,-1,-1,5
51019260,14,15,-1,-1,6
51019358,34,19,-1,-1,6
51018760,25,38,-1,-1,7
51016545,34,49,-1,-1,1
51015707,18,15,-1,-1,7
51018133,42,4,-1,-1,2
51015229,21,45,-1,-1,4
51018819,55,18,-1,-1,3
51018250,21,31,-1,-1,5
51019192,13,41,-1,-1,1
51018300,15,35,-1,-1,7
51015566,56,23,-1,-1,4
51018585,16,37,-1,-1,4
51018479,24,25,-1,-1,6
51019475,53,31,-1,-1,0
51017238,26,56,-1,-1,1
51018627,35,6,-1,-1,4
51010065,5,28,-1,-1,5
51019549,34,43,-1,-1,7
51016926,38,56,-1,-1,4
51018265,8,9,-1,-1,4
51018997,51,16,-1,-1,3
51018700,24,22,-1,-1,6
51017027,55,52,-1,-1,7
51018196,23,50,-1,-1,7
51019465,15,54,-1,-1,6
51017576,35,39,-1,-1,0
51019033,48,12,-1,-1,4
51017823,48,50,-1,-1,0
51017037,48,42,-1,-1,0
51018014,1,1,-1,-1,0
51012610,54,36,-1,-1,2
51019126,21,11,-1,-1,2
51014905,20,8,-1,-1,2
51018322,31,36,-1,-1,7
51018672,39,47,-1,-1,4
51018950,31,31,-1,-1,7
51018147,56,37,-1,-1,5
51001893,46,51,-1,-1,6
51019178,52,57,-1,-1,3
51019084,3,32,-1,-1,0
51018843,47,12,-1,-1,6
51017621,31,45,-1,-1,0
51016403,24,55,-1,-1,5
51014969,5,0,-1,-1,6
51018690,7,35,-1,-1,6
51019233,12,8,-1,-1,2
51016499,42,3,-1,-1,1
51016762,4,8,-1,-1,0
51016101,43,20,-1,-1,5
50997962,10,58,-1,-1,1
51015733,38,2,-1,-1,0
51017234,33,43,-1,-1,5
51017567,5,23,-1,-1,7
51019259,36,22,-1,-1,3
51017963,45,30,-1,-1,0
51007949,56,12,-1,-1,2
51018789,4,37,-1,-1,3
51017387,5,53,-1,-1,4
51007668,40,56,-1,-1,5
51014370,24,46,-1,-1,7
51016863,54,8,-1,-1,2
51017609,25,58,-1,-1,1
51017546,39,29,-1,-1,1
51018665,17,9,-1,-1,0
51009351,7,28,-1,-1,6
51017847,39,32,-1,-1,7
51017495,12,35,-1,-1,4
51019373,49,41,-1,-1,2
51009905,45,58,-1,-1,2
51019424,23,32,-1,-1,1
51009991,8,40,-1,-1,7
51018240,31,32,-1,-1,2
51018428,38,27,-1,-1,5
51017370,11,26,-1,-1,3
51013988,0,13,-1,-1,0
51014367,43,23,-1,-1,6
51018132,15,23,-1,-1,5
51013961,20,9,-1,-1,6
51019520,26,19,-1,-1,0
51018832,27,23,-1,-1,2
51016810,58,5,-1,-1,5
51007304,2,11,-1,-1,4
51017649,26,55,-1,-1,3
51019283,38,34,-1,-1,2
51017049,52,52,-1,-1,7
51016505,5,27,-1,-1,4
51018899,8,28,-1,-1,4
51018036,40,22,-1,-1,0
51019046,21,15,-1,-1,0
51006983,44,24,-1,-1,3
51018852,32,9,-1,-1,6
51019121,20,17,-1,-1,6
51017946,49,35,-1,-1,3
51016071,19,30,-1,-1,6
51019314,40,33,-1,-1,1
51014253,43,19,-1,-1,3
51017076,24,29,-1,-1,7
51017895,43,5,-1,-1,5
51017976,10,38,-1,-1,4
51006709,13,57,-1,-1,6
51017199,27,33,-1,-1,0
51018157,14,32,-1,-1,1
51018956,31,19,-1,-1,4
51017956,42,5,-1,-1,0
51009669,1,17,-1,-1,4
51016615,9,57,-1,-1,1
51017581,44,9,-1,-1,1
51018517,55,13,-1,-1,3
51015418,53,15,-1,-1,3
51018886,47,20,-1,-1,4
51014740,23,2,-1,-1,1
51016316,22,36,-1,-1,0
51016955,18,56,-1,-1,0
51018544,57,35,-1,-1,2
51019335,55,23,-1,-1,7
51017796,34,3,-1,-1,4
51011003,10,32,-1,-1,1
51011496,26,54,-1,-1,6
51015033,37,5,-1,-1,7
51015936,32,40,-1,-1,7
51016866,31,27,-1,-1,0
51017811,47,3,-1,-1,4
51019169,13,14,-1,-1,7
51009363,20,5,-1,-1,5
51014823,51,35,-1,-1,2
51018705,40,54,-1,-1,4
51013864,48,44,-1,-1,6
51019124,44,30,-1,-1,5
51016329,15,18,-1,-1,3
51019279,5,9,-1,-1,6
51012498,26,49,-1,-1,3
51016920,28,46,-1,-1,5
51018701,12,13,-1,-1,0
51019131,31,23,-1,-1,4
51017879,13,30,-1,-1,0
51017420,16,13,-1,-1,5
51010150,27,8,-1,-1,3
51017142,56,42,-1,-1,5
51018732,36,27,-1,-1,4
51018593,31,1,-1,-1,3
51012789,14,45,-1,-1,1
51002155,6,35,-1,-1,5
51019207,2,3,-1,-1,2
51019374,27,34,-1,-1,6
51016307,2,58,-1,-1,2
51017995,28,23,-1,-1,1
51019495,23,51,-1,-1,0
51017935,44,8,-1,-1,0
51015874,5,19,-1,-1,2
51018260,10,19,-1,-1,4
51013914,46,56,-1,-1,6
51017715,29,18,-1,-1,3
51009853,17,11,-1,-1,2
51019541,11,32,-1,-1,1
51018691,30,17,-1,-1,4
51017376,23,33,-1,-1,0
51016110,6,28,-1,-1,4
51017501,55,56,-1,-1,2
51018128,12,58,-1,-1,2
51011648,37,49,-1,-1,6
51009792,9,49,-1,-1,2
51001290,52,43,-1,-1,0
51015347,40,12,-1,-1,7
51015027,2,17,-1,-1,6
51019357,23,10,-1,-1,2
51014620,26,52,-1,-1,5
51019144,28,24,-1,-1,4
51016691,40,0,-1,-1,3
51018034,20,48,-1,-1,0
51018511,40,57,-1,-1,6
51015832,16,22,-1,-1,6
51016133,18,35,-1,-1,0
51015546,43,41,-1,-1,2
51012992,25,20,-1,-1,3
51019328,52,17,-1,-1,6
51013558,46,30,-1,-1,4
51018331,33,21,-1,-1,1
51014675,5,25,-1,-1,4
51011630,2,41,-1,-1,5
51015042,33,51,-1,-1,1
51013178,0,51,-1,-1,4
51014552,44,55,-1,-1,0
51018182,9,29,-1,-1,3
51013849,42,31,-1,-1,0
51019125,3,38,-1,-1,3
51018576,24,43,-1,-1,2
51012234,2,46,-1,-1,7
51019383,45,23,-1,-1,6
51012963,54,37,-1,-1,2
51004102,58,14,-1,-1,6
51019100,27,29,-1,-1,0
51003595,17,55,-1,-1,7
51013540,36,8,-1,-1,2
51017002,51,48,-1,-1,0
51013416,55,5,-1,-1,7
51018074,14,50,-1,-1,1
51018411,56,8,-1,-1,7
51013352,8,33,-1,-1,3
51019508,32,17,-1,-1,2
51014889,8,37,-1,-1,3
51003795,45,48,-1,-1,6
51019104,48,23,-1,-1,4
51017803,10,17,-1,-1,2
51016308,36,17,-1,-1,4
51011306,48,13,-1,-1,6
51018332,33,33,-1,-1,6
51013656,33,9,-1,-1,0
51019408,12,36,-1,-1,4
51018007,19,51,-1,-1,4
51017223,54,31,-1,-1,3
51013758,15,49,-1,-1,3
51016190,0,27,-1,-1,0
51018486,54,17,-1,-1,6
51018312,53,9,-1,-1,3
51019571,15,9,-1,-1,6
51018971,34,23,-1,-1,4
51011352,6,46,-1,-1,3
51017971,44,57,-1,-1,0
51010061,21,14,-1,-1,3
51017130,17,20,-1,-1,0
51014855,41,3,-1,-1,3
51019202,28,32,-1,-1,5
51016274,27,42,-1,-1,7
51013828,17,43,-1,-1,0
51013916,41,10,-1,-1,7
51016600,38,17,-1,-1,6
51018796,52,27,-1,-1,4
51009817,6,32,-1,-1,1
51012445,36,51,-1,-1,2
51019021,46,44,-1,-1,4
51017999,27,58,-1,-1,2
51018405,9,32,-1,-1,2
51016679,57,43,-1,-1,3
51018704,7,14,-1,-1,7
51017320,47,55,-1,-1,0
51007822,32,56,-1,-1,5
51011397,2,13,-1,-1,7
51016893,22,1,-1,-1,7
51016278,15,31,-1,-1,0
51018563,39,3,-1,-1,5
51016511,39,2,-1,-1,3
51009130,54,28,-1,-1,6
51015888,44,32,-1,-1,1
51010695,7,58,-1,-1,7
51016285,1,9,-1,-1,5
51009873,49,20,-1,-1,0
51018905,58,34,-1,-1,0
51013101,46,9,-1,-1,0
51009648,35,27,-1,-1,0
51014590,1,19,-1,-1,6
51016928,35,35,-1,-1,6
51016859,56,53,-1,-1,5
51011328,9,19,-1,-1,6
51018998,43,30,-1,-1,4
51015934,1,56,-1,-1,3
51018749,42,37,-1,-1,7
51017460,27,37,-1,-1,6
51017194,56,20,-1,-1,6
51016198,8,42,-1,-1,2
51018347,31,24,-1,-1,1
51016250,5,56,-1,-1,0
51018505,29,49,-1,-1,0
51017948,29,47,-1,-1,0
51016734,14,35,-1,-1,6
51007459,29,4,-1,-1,1
51019150,25,9,-1,-1,0
51015948,1,39,-1,-1,6
51009666,24,1,-1,-1,5
51018834,13,27,-1,-1,2
51008262,2,14,-1,-1,6
51013073,29,52,-1,-1,4
51016359,42,0,-1,-1,4
50994121,0,9,-1,-1,2
51017070,51,22,-1,-1,5
51018740,26,50,-1,-1,0
51012655,9,16,-1,-1,0
51016627,56,38,-1,-1,1
51012752,28,31,-1,-1,6
51018594,50,16,-1,-1,0
51019406,5,17,-1,-1,6
51018754,36,1,-1,-1,1
51016007,31,42,-1,-1,6
51019496,24,14,-1,-1,3
51010764,17,19,-1,-1,2
51018951,57,26,-1,-1,5
51006419,58,27,-1,-1,7
51019478,41,34,-1,-1,0
51016120,26,8,-1,-1,4
51017229,13,24,-1,-1,0
51016324,20,11,-1,-1,2
51018199,39,12,-1,-1,5
51015427,40,28,-1,-1,4
51018805,6,54,-1,-1,4
51018001,36,21,-1,-1,3
51018757,54,57,-1,-1,4
51019529,18,52,-1,-1,7
51009710,5,41,-1,-1,0
51012294,16,31,-1,-1,0
51018986,31,10,-1,-1,4
51016431,1,49,-1,-1,7
51018168,28,0,-1,-1,4
51014967,12,57,-1,-1,1
51019341,3,0,-1,-1,6
51018513,22,21,-1,-1,4
51016802,7,17,-1,-1,2
51017759,12,4,-1,-1,6
51018907,41,36,-1,-1,1
51016964,22,26,-1,-1,1
51018382,44,29,-1,-1,7
51014848,49,55,-1,-1,5
51018482,27,53,-1,-1,5
51015775,34,8,-1,-1,6
51018477,46,40,-1,-1,7
51018631,29,23,-1,-1,3
51018084,31,56,-1,-1,2
51018329,25,48,-1,-1,7
51018337,47,50,-1,-1,0
51014742,28,52,-1,-1,7
51008202,55,31,-1,-1,5
51007992,10,31,-1,-1,0
51017996,22,20,-1,-1,0
51018078,32,18,-1,-1,5
51014538,48,31,-1,-1,1
51019107,52,19,-1,-1,4
51019422,7,10,-1,-1,0
51011442,57,36,-1,-1,1
51018145,58,40,-1,-1,4
51017612,29,7,-1,-1,0
51014437,14,28,-1,-1,7
51016016,17,18,-1,-1,3
51019098,33,22,-1,-1,5
51009202,11,23,-1,-1,0
51013696,46,45,-1,-1,0
51017900,53,26,-1,-1,7
51017651,29,45,-1,-1,3
51016149,48,8,-1,-1,7
51015222,8,22,-1,-1,2
51019203,38,20,-1,-1,6
51019221,35,11,-1,-1,6
51018304,35,23,-1,-1,6
51019209,48,32,-1,-1,1
51008377,23,4,-1,-1,4
51012524,15,13,-1,-1,1
51017371,45,28,-1,-1,5
51018985,35,56,-1,-1,1
51018666,50,18,-1,-1,0
51018605,40,23,-1,-1,1
51016598,12,29,-1,-1,1
51018975,29,12,-1,-1,1
51016339,23,26,-1,-1,5
51018625,22,41,-1,-1,3
51018003,49,9,-1,-1,7
51016949,36,23,-1,-1,7
51012736,44,44,-1,-1,6
51003835,5,55,-1,-1,5
51013444,53,28,-1,-1,6
51018850,17,35,-1,-1,4
51009590,57,29,-1,-1,3
51014973,49,39,-1,-1,5
51019044,42,6,-1,-1,4
51015538,24,2,-1,-1,5
51017927,57,34,-1,-1,5
51018967,15,42,-1,-1,4
51011754,44,20,-1,-1,4
51010962,8,56,-1,-1,4
51016822,9,46,-1,-1,3
51018607,2,12,-1,-1,4
51016440,7,0,-1,-1,4
51018502,52,12,-1,-1,2
51017804,12,5,-1,-1,6
51014624,17,51,-1,-1,2
51018582,48,58,-1,-1,0
51011714,0,50,-1,-1,2
51019519,55,21,-1,-1,4
51018352,2,16,-1,-1,4
51018534,32,43,-1,-1,0
51018987,14,58,-1,-1,2
51018976,51,3,-1,-1,0
51018244,15,33,-1,-1,4
51018079,39,20,-1,-1,5
51014798,56,48,-1,-1,4
51018849,29,19,-1,-1,5
51018828,49,24,-1,-1,0
51005894,21,0,-1,-1,6
51016210,1,41,-1,-1,0
51019395,50,13,-1,-1,3
51019045,2,34,-1,-1,0
51018912,27,4,-1,-1,0
51012883,48,47,-1,-1,3
51016609,24,35,-1,-1,4
51019315,36,56,-1,-1,5
51017981,50,39,-1,-1,2
51019241,45,36,-1,-1,5
51019189,2,6,-1,-1,0
51019060,37,32,-1,-1,7
51012180,8,24,-1,-1,1
51017382,55,36,-1,-1,7
50990813,2,54,-1,-1,3
51005630,50,53,-1,-1,6
51018617,34,33,-1,-1,0
51018815,49,14,-1,-1,6
51014421,25,52,-1,-1,5
51018952,17,24,-1,-1,5
51016755,42,18,-1,-1,7
51013236,12,23,-1,-1,5
51019452,26,1,-1,-1,7
51017588,2,40,-1,-1,0
51018913,25,54,-1,-1,7
51017557,14,13,-1,-1,5
51017975,19,27,-1,-1,7
51015729,54,16,-1,-1,2
51018359,35,30,-1,-1,1
51016113,47,17,-1,-1,1
51018788,12,9,-1,-1,3
51007464,5,22,-1,-1,4
51013119,34,50,-1,-1,0
51017701,18,48,-1,-1,4
51019494,28,22,-1,-1,3
51018678,25,34,-1,-1,3
51012624,37,50,-1,-1,4
51017451,19,33,-1,-1,2
51015684,20,56,-1,-1,2
51018869,30,23,-1,-1,5
51019281,33,1,-1,-1,3
51012938,33,41,-1,-1,7
51010251,14,1,-1,-1,4
51017834,15,12,-1,-1,4
51019369,27,17,-1,-1,0
51018042,38,11,-1,-1,1
51014048,35,32,-1,-1,3
50987128,43,58,-1,-1,1
51016222,46,24,-1,-1,2
51017526,7,31,-1,-1,7
51019224,1,26,-1,-1,5
51015208,4,18,-1,-1,4
51013389,42,8,-1,-1,6
51014203,29,3,-1,-1,2
51019271,26,57,-1,-1,0
51017257,34,10,-1,-1,0
51013638,33,17,-1,-1,1
51019167,32,6,-1,-1,0
51016931,5,52,-1,-1,7
51014098,13,47,-1,-1,5
51017162,17,33,-1,-1,3
51019220,27,48,-1,-1,7
51019530,53,13,-1,-1,1
51015207,21,27,-1,-1,6
51016231,55,28,-1,-1,7
51017826,35,47,-1,-1,6
51018315,20,43,-1,-1,5
51017261,37,51,-1,-1,6
51016790,49,45,-1,-1,7
51018679,17,37,-1,-1,2
51014981,12,54,-1,-1,1
51017646,19,42,-1,-1,7
51017220,55,16,-1,-1,4
51013585,36,43,-1,-1,5
51017991,13,3,-1,-1,1
51017638,19,55,-1,-1,3
51014543,5,16,-1,-1,7
51006442,0,8,-1,-1,1
51015773,48,36,-1,-1,6
51019502,49,6,-1,-1,6
51016585,46,54,-1,-1,4
51011110,1,34,-1,-1,5
51017735,32,16,-1,-1,3
51011390,0,16,-1,-1,0
51017781,39,22,-1,-1,5
51017233,47,43,-1,-1,1
51019255,2,1,-1,-1,0
51013210,56,25,-1,-1,0
51018841,33,24,-1,-1,3
51019431,8,27,-1,-1,2
51017936,12,7,-1,-1,0
51015372,7,56,-1,-1,2
51014105,48,37,-1,-1,2
51015007,55,43,-1,-1,3
51004845,13,56,-1,-1,7
51019455,30,1,-1,-1,6
51019177,49,27,-1,-1,6
51010829,3,36,-1,-1,6
51013870,48,52,-1,-1,5
51018433,54,15,-1,-1,5
51017850,52,30,-1,-1,0
51019421,28,26,-1,-1,1
51015756,49,19,-1,-1,7
51018745,20,49,-1,-1,5
51019040,21,53,-1,-1,3
50999626,56,51,-1,-1,5
51015843,7,37,-1,-1,7
51017870,11,18,-1,-1,1
51015435,13,25,-1,-1,5
51018932,26,23,-1,-1,0
51013009,55,50,-1,-1,4
51005502,58,36,-1,-1,6
51018030,46,55,-1,-1,5
50998903,51,18,-1,-1,5
51018293,41,0,-1,-1,6
51012050,1,14,-1,-1,2
51014792,53,42,-1,-1,6
51019410,5,49,-1,-1,2
51019132,52,28,-1,-1,3
51019208,52,13,-1,-1,3
51011809,4,31,-1,-1,3
51016672,32,20,-1,-1,7
51013202,48,40,-1,-1,1
51018583,52,58,-1,-1,6
51014734,17,36,-1,-1,0
51012384,29,0,-1,-1,4
51018098,21,54,-1,-1,4
51017547,23,12,-1,-1,4
51015241,11,7,-1,-1,2
51008955,20,0,-1,-1,6
51014907,25,56,-1,-1,7
51018459,31,18,-1,-1,6
51014668,34,48,-1,-1,6
51017421,51,34,-1,-1,4
51018837,22,45,-1,-1,0
51017178,35,21,-1,-1,1
51010519,47,57,-1,-1,4
51017175,22,22,-1,-1,0
51018336,54,26,-1,-1,1
51019075,25,16,-1,-1,3
51017505,26,15,-1,-1,5
51018299,24,58,-1,-1,0
51019146,27,38,-1,-1,3
51018326,49,37,-1,-1,4
51008164,12,43,-1,-1,3
51006548,48,3,-1,-1,1
51019261,32,22,-1,-1,6
51016808,33,45,-1,-1,7
51018533,8,53,-1,-1,3
51014647,30,6,-1,-1,4
51018076,1,54,-1,-1,3
51018744,28,11,-1,-1,1
51014645,53,47,-1,-1,3
51005755,10,7,-1,-1,3
51018275,58,24,-1,-1,7
51017767,44,31,-1,-1,4
51016954,25,35,-1,-1,7
51000255,40,52,-1,-1,7
51004841,10,30,-1,-1,4
51014517,40,9,-1,-1,2
51016197,6,8,-1,-1,7
51015409,33,50,-1,-1,5
51014741,33,47,-1,-1,6
51018447,19,3,-1,-1,7
51018310,42,58,-1,-1,1
51016980,15,25,-1,-1,4
51018580,24,19,-1,-1,2
51017896,48,33,-1,-1,5
51017639,55,45,-1,-1,1
51014081,41,43,-1,-1,0
51015545,18,54,-1,-1,5
51011095,3,25,-1,-1,0
51019022,42,45,-1,-1,4
51019533,14,7,-1,-1,4
51019426,36,14,-1,-1,3
51019343,23,19,-1,-1,4
51010812,43,32,-1,-1,6
51017260,41,7,-1,-1,3
51005877,11,53,-1,-1,7
51003786,37,8,-1,-1,5
51017241,21,43,-1,-1,3
51018295,9,5,-1,-1,2
51019038,54,38,-1,-1,6
51014622,5,37,-1,-1,4
51018711,22,50,-1,-1,6
51015953,10,49,-1,-1,6
51003920,45,57,-1,-1,7
51012406,35,44,-1,-1,5
51018519,41,8,-1,-1,5
51019555,42,24,-1,-1,7
51017191,44,35,-1,-1,7
51018005,41,42,-1,-1,6
51015989,40,13,-1,-1,6
51016573,51,37,-1,-1,6
51019532,19,25,-1,-1,5
51018802,38,36,-1,-1,5
51019182,8,1,-1,-1,1
51017174,49,1,-1,-1,5
51019481,32,13,-1,-1,0
51016968,15,46,-1,-1,3
51018297,57,22,-1,-1,3
51018016,46,10,-1,-1,5
51016568,1,43,-1,-1,1
51015205,10,14,-1,-1,0
51016522,23,30,-1,-1,3
51018723,40,44,-1,-1,3
51017141,20,14,-1,-1,3
51017068,10,10,-1,-1,4
51018221,33,28,-1,-1,6
51019286,48,43,-1,-1,6
51016318,1,51,-1,-1,1
51016347,25,13,-1,-1,7
51015703,18,49,-1,-1,5
51017038,23,24,-1,-1,6
51014730,9,45,-1,-1,3
51014431,54,0,-1,-1,6
51019064,51,9,-1,-1,1
51017452,11,38,-1,-1,1
51019078,35,25,-1,-1,4
51019439,52,23,-1,-1,2
51016783,46,37,-1,-1,6
51017222,44,40,-1,-1,7
51019000,10,41,-1,-1,2
51008481,50,33,-1,-1,0
51018137,42,54,-1,-1,5
51018947,23,35,-1,-1,2
51012972,25,22,-1,-1,2
51017332,42,49,-1,-1,6
51016035,44,26,-1,-1,1
51018868,35,10,-1,-1,3
51018575,9,35,-1,-1,5
51013288,34,14,-1,-1,3
51012132,11,41,-1,-1,3
51017931,3,51,-1,-1,0
51016894,57,20,-1,-1,4
51008234,57,0,-1,-1,4
51018803,50,23,-1,-1,3
51010236,4,56,-1,-1,4
51013027,49,38,-1,-1,2
51016365,18,38,-1,-1,0
51018450,40,46,-1,-1,0
51016184,4,27,-1,-1,4
51019307,37,28,-1,-1,3
51013561,47,36,-1,-1,2
51014722,41,56,-1,-1,2
51016902,42,7,-1,-1,7
51011980,46,0,-1,-1,4
51019061,25,39,-1,-1,3
51019450,32,28,-1,-1,5
51016395,39,15,-1,-1,0
51016697,26,48,-1,-1,0
51019077,21,29,-1,-1,4
51016696,50,48,-1,-1,6
51013091,42,2,-1,-1,5
50990703,24,5,-1,-1,0
51017533,30,56,-1,-1,7
51018770,50,14,-1,-1,5
51013316,7,39,-1,-1,3
51018020,33,42,-1,-1,3
51018647,47,28,-1,-1,6
51016448,8,35,-1,-1,0
51018370,30,28,-1,-1,7
51017215,32,41,-1,-1,0
51019454,45,15,-1,-1,1
51018677,10,37,-1,-1,7
51016138,15,24,-1,-1,3
51018455,38,14,-1,-1,3
51019499,37,26,-1,-1,7
51015891,34,5,-1,-1,6
51016169,9,34,-1,-1,2
51012999,26,20,-1,-1,3
51018070,27,16,-1,-1,2
50974336,0,3,-1,-1,4
51014381,33,5,-1,-1,2
51019219,9,47,-1,-1,4
51018847,54,7,-1,-1,6
51017756,28,30,-1,-1,1
51018174,52,46,-1,-1,0
51014706,13,50,-1,-1,2
51016745,23,44,-1,-1,4
51016123,22,51,-1,-1,5
51016554,50,28,-1,-1,1
51019544,19,36,-1,-1,0
51014701,1,21,-1,-1,5
51016056,3,28,-1,-1,7
51010486,49,48,-1,-1,2
51008500,12,12,-1,-1,2
51008324,6,13,-1,-1,4
51007495,2,29,-1,-1,3
51004496,37,3,-1,-1,7
51015522,50,57,-1,-1,4
51016065,30,50,-1,-1,3
51017244,20,26,-1,-1,5
51005112,9,33,-1,-1,2
51008468,0,39,-1,-1,3
51012931,55,8,-1,-1,4
51019565,10,18,-1,-1,0
51017484,29,33,-1,-1,5
51018344,13,32,-1,-1,5
51017443,7,2,-1,-1,6
51017719,48,10,-1,-1,7
51014459,54,50,-1,-1,0
51019355,8,6,-1,-1,3
51009649,2,55,-1,-1,0
51013863,27,6,-1,-1,2
51013137,58,12,-1,-1,6
51012211,25,5,-1,-1,1
51017864,11,13,-1,-1,6
51016929,32,5,-1,-1,4
51017761,46,25,-1,-1,2
51017457,37,38,-1,-1,6
51018729,54,21,-1,-1,6
51017676,14,23,-1,-1,3
51005430,39,35,-1,-1,4
51003461,52,34,-1,-1,7
51016430,4,32,-1,-1,1
51015069,27,55,-1,-1,4
51015406,49,33,-1,-1,6
51015781,23,22,-1,-1,7
51018120,4,36,-1,-1,6
51019201,33,26,-1,-1,2
51019333,24,21,-1,-1,3
51019184,43,44,-1,-1,3
51013255,19,14,-1,-1,4
51019273,31,35,-1,-1,7
51017628,32,55,-1,-1,0
51018259,45,56,-1,-1,7
51018247,28,47,-1,-1,6
51018599,22,52,-1,-1,4
51013033,26,5,-1,-1,1
51015644,46,36,-1,-1,0
51017209,22,28,-1,-1,5
51012975,7,27,-1,-1,7
51019215,4,34,-1,-1,0
51018185,33,44,-1,-1,2
51015474,54,4,-1,-1,6
51008525,16,49,-1,-1,7
51011050,47,1,-1,-1,4
51018060,43,38,-1,-1,7
51018624,56,34,-1,-1,1
51019470,8,23,-1,-1,5
51018839,22,38,-1,-1,2
51015869,24,41,-1,-1,7
51017367,58,31,-1,-1,7
51019423,52,50,-1,-1,3
51015898,2,38,-1,-1,6
51011864,48,24,-1,-1,5
51017953,37,23,-1,-1,7
51010865,37,39,-1,-1,4
51017907,45,42,-1,-1,7
51012806,1,23,-1,-1,4
51016742,15,30,-1,-1,0
51019440,17,22,-1,-1,3
51011671,58,42,-1,-1,0
51012665,54,56,-1,-1,1
51017230,45,1,-1,-1,2
51014835,13,58,-1,-1,6
51018681,28,7,-1,-1,3
51015800,58,25,-1,-1,6
51016948,54,23,-1,-1,1
51013582,41,48,-1,-1,0
51019332,34,34,-1,-1,1
51017694,18,32,-1,-1,1
51019497,7,50,-1,-1,1
51019007,34,18,-1,-1,3
51015227,12,40,-1,-1,6
51018610,22,31,-1,-1,4
51017289,18,13,-1,-1,5
51019010,47,45,-1,-1,1
51013880,14,10,-1,-1,0
51018064,28,15,-1,-1,7
51013285,21,38,-1,-1,0
51016850,4,45,-1,-1,3
51017908,16,19,-1,-1,7
51007169,8,10,-1,-1,6
51018541,6,17,-1,-1,7
51018115,9,15,-1,-1,3
51016756,19,47,-1,-1,0
51018177,8,51,-1,-1,4
51018857,33,10,-1,-1,0
51018871,8,0,-1,-1,4
51018403,47,10,-1,-1,5
51010573,4,47,-1,-1,2
51019229,10,47,-1,-1,3
51018941,41,35,-1,-1,5
51016752,58,22,-1,-1,6
51016312,53,57,-1,-1,1
51017556,18,5,-1,-1,7
51017265,37,13,-1,-1,5
51010054,5,38,-1,-1,2
51008072,4,38,-1,-1,6
51018383,54,24,-1,-1,6
51018294,23,21,-1,-1,5
50981429,45,45,-1,-1,5
51013482,4,6,-1,-1,4
51015570,39,43,-1,-1,0
51017949,15,58,-1,-1,7
51017346,56,21,-1,-1,4
51008168,58,2,-1,-1,0
51017779,23,18,-1,-1,1
51019165,25,28,-1,-1,7
51017164,11,54,-1,-1,2
51015166,44,42,-1,-1,6
51016513,52,47,-1,-1,3
51019217,19,31,-1,-1,4
51018891,27,12,-1,-1,6
51017349,25,33,-1,-1,2
51018813,13,38,-1,-1,4
51016470,36,48,-1,-1,5
51018767,52,38,-1,-1,0
51018073,4,26,-1,-1,1
51016532,24,17,-1,-1,5
51019149,11,25,-1,-1,4
51019028,14,37,-1,-1,4
51019159,7,55,-1,-1,4
51016232,39,41,-1,-1,6
51018961,23,0,-1,-1,3
51015920,47,21,-1,-1,2
51019405,12,17,-1,-1,7
51018902,1,35,-1,-1,5
51019013,53,11,-1,-1,2
51015901,41,49,-1,-1,0
51018063,40,37,-1,-1,6
51019214,38,21,-1,-1,6
51012283,36,12,-1,-1,3
51016743,41,45,-1,-1,6
51016410,55,35,-1,-1,1
51012568,57,3,-1,-1,5
51015215,20,54,-1,-1,0
51018144,32,51,-1,-1,3
51015565,56,1,-1,-1,6
51015912,16,33,-1,-1,2
51008911,49,57,-1,-1,3
51018685,33,12,-1,-1,5
51018565,37,35,-1,-1,3
51018641,0,15,-1,-1,4
51018219,12,31,-1,-1,7
51017937,32,58,-1,-1,0
51016004,44,19,-1,-1,3
51017754,36,54,-1,-1,7
51016309,39,37,-1,-1,4
51016643,42,23,-1,-1,4
51015967,39,40,-1,-1,4
51015992,44,5,-1,-1,6
51017127,13,19,-1,-1,4
51015481,14,49,-1,-1,7
51013738,30,40,-1,-1,5
51018102,12,53,-1,-1,6
51013879,12,34,-1,-1,5
51017780,34,53,-1,-1,1
51010934,26,40,-1,-1,4
51015706,21,5,-1,-1,3
51019554,31,17,-1,-1,1
51011884,16,4,-1,-1,4
51008839,15,1,-1,-1,2
51018189,11,47,-1,-1,3
51018861,29,58,-1,-1,2
51014190,48,0,-1,-1,6
51014545,21,1,-1,-1,3
51017590,21,41,-1,-1,2
51016235,41,21,-1,-1,4
51017139,42,43,-1,-1,3
51014255,15,14,-1,-1,0
51016475,38,50,-1,-1,5
51016702,31,6,-1,-1,5
51014319,21,50,-1,-1,7
51011271,40,55,-1,-1,5
51015641,12,15,-1,-1,4
51015745,33,52,-1,-1,2
51015122,56,41,-1,-1,5
51018277,58,32,-1,-1,6
51015271,12,55,-1,-1,0
51009381,53,56,-1,-1,0
51014750,5,39,-1,-1,7
51009565,58,7,-1,-1,4
51016507,41,26,-1,-1,6
51016965,44,54,-1,-1,6
51015129,8,19,-1,-1,2
51018547,10,21,-1,-1,5
51013952,39,25,-1,-1,0
51018318,30,33,-1,-1,5
51016982,40,2,-1,-1,2
51017873,2,15,-1,-1,5
51014177,51,32,-1,-1,1
51019160,19,52,-1,-1,7
51016663,53,58,-1,-1,6
51010225,2,4,-1,-1,7
51019401,44,27,-1,-1,4
51010969,40,53,-1,-1,5
51018448,0,21,-1,-1,3
51015094,14,2,-1,-1,2
51017967,16,40,-1,-1,1
51005706,43,45,-1,-1,4
51007065,3,21,-1,-1,3
51017625,1,29,-1,-1,3
51015514,14,5,-1,-1,5
51019275,10,36,-1,-1,3
51013755,11,12,-1,-1,4
51013133,7,48,-1,-1,1
51016421,23,34,-1,-1,4
51010997,52,31,-1,-1,0
51016639,19,43,-1,-1,3
51018328,7,49,-1,-1,7
51017768,9,44,-1,-1,5
51013126,19,53,-1,-1,0
51019574,19,15,-1,-1,7
51017489,16,55,-1,-1,0
51014242,13,23,-1,-1,2
51019308,40,21,-1,-1,1
51014514,30,8,-1,-1,2
51018551,54,51,-1,-1,0
51005766,45,11,-1,-1,6
51017959,42,21,-1,-1,2
51018753,22,43,-1,-1,3
51017202,15,36,-1,-1,5
51017885,51,53,-1,-1,7
51016012,36,46,-1,-1,6
51012913,57,53,-1,-1,2
51018979,15,51,-1,-1,4
51014338,34,45,-1,-1,3
51017758,36,37,-1,-1,7
51013663,3,50,-1,-1,4
51015230,51,20,-1,-1,4
51018612,21,8,-1,-1,6
51018611,44,1,-1,-1,5
51012468,26,32,-1,-1,3
51015887,46,8,-1,-1,3
51013848,38,37,-1,-1,4
51013405,45,20,-1,-1,2
51015408,6,21,-1,-1,5
51018662,56,11,-1,-1,1
51019376,1,40,-1,-1,6
51015860,4,57,-1,-1,7
51019412,3,9,-1,-1,0
51018040,31,49,-1,-1,5
51018362,1,2,-1,-1,7
51016918,25,50,-1,-1,1
51019055,5,6,-1,-1,4
51016458,10,43,-1,-1,1
51014426,53,20,-1,-1,0
51017644,31,14,-1,-1,7
51012866,14,54,-1,-1,0
51016034,26,9,-1,-1,4
51018264,55,9,-1,-1,4
51018786,19,21,-1,-1,3
51018061,23,20,-1,-1,0
51018380,41,16,-1,-1,7
51006701,4,33,-1,-1,2
51018286,27,47,-1,-1,1
51010401,43,47,-1,-1,7
51019091,29,38,-1,-1,7
51014829,15,55,-1,-1,7
51016523,38,29,-1,-1,0
51012719,21,48,-1,-1,4
51016776,3,44,-1,-1,6
51016886,42,46,-1,-1,0
51011220,44,36,-1,-1,7
51017862,47,37,-1,-1,2
51018699,24,50,-1,-1,7
51018939,50,54,-1,-1,3
51018256,10,34,-1,-1,4
51017553,4,24,-1,-1,7
51019517,49,2,-1,-1,0
51017541,37,27,-1,-1,0
51018058,45,47,-1,-1,6
51015722,45,44,-1,-1,4
51016418,4,40,-1,-1,3
51015918,46,5,-1,-1,4
51015899,34,4,-1,-1,2
51019137,16,29,-1,-1,1
51014196,36,40,-1,-1,2
51013344,45,55,-1,-1,2
51019073,15,28,-1,-1,6
51015654,58,54,-1,-1,0
51019346,20,19,-1,-1,4
51018281,25,17,-1,-1,4
51019323,22,6,-1,-1,1
51015562,1,45,-1,-1,0
51011276,0,19,-1,-1,3
51017583,18,20,-1,-1,1
51019427,17,34,-1,-1,1
51005309,41,50,-1,-1,6
51016313,26,6,-1,-1,5
51017689,16,41,-1,-1,0
51010201,42,15,-1,-1,0
51019377,7,6,-1,-1,3
51018649,1,32,-1,-1,3
51016674,53,12,-1,-1,4
51014329,10,27,-1,-1,3
51013665,7,11,-1,-1,6
51018086,37,47,-1,-1,5
51018373,24,28,-1,-1,6
51016768,54,12,-1,-1,7
51017916,44,0,-1,-1,5
51019407,42,13,-1,-1,1
51014175,19,18,-1,-1,0
51019378,15,56,-1,-1,6
51015678,18,42,-1,-1,6
51019491,10,55,-1,-1,1
51018807,17,46,-1,-1,5
51018368,10,44,-1,-1,7
51019001,50,58,-1,-1,0
51017256,17,50,-1,-1,4
51014372,44,56,-1,-1,5
51015988,50,38,-1,-1,6
51016839,51,28,-1,-1,5
51019311,9,56,-1,-1,1
51019409,30,39,-1,-1,1
51003769,6,2,-1,-1,5
51015109,30,13,-1,-1,7
51013913,27,14,-1,-1,5
51016728,34,35,-1,-1,5
51017060,34,1,-1,-1,3
51017324,1,28,-1,-1,3
51018038,48,38,-1,-1,5
51015471,25,18,-1,-1,4
51019531,39,24,-1,-1,0
51018006,31,53,-1,-1,6
51007241,24,53,-1,-1,5
51015198,40,5,-1,-1,5
51018317,45,39,-1,-1,4
51018586,25,45,-1,-1,1
51017080,17,49,-1,-1,1
51017899,47,23,-1,-1,6
51019242,26,24,-1,-1,3
51017262,48,39,-1,-1,2
51018487,8,4,-1,-1,6
50995024,29,5,-1,-1,6
51016872,42,35,-1,-1,5
51017336,42,48,-1,-1,2
51018675,33,14,-1,-1,6
51017340,15,2,-1,-1,5
51018127,35,18,-1,-1,6
51013664,24,52,-1,-1,1
51019380,31,33,-1,-1,5
51018892,24,15,-1,-1,4
51014320,21,21,-1,-1,2
51019501,4,16,-1,-1,0
51012944,53,55,-1,-1,6
51013777,33,58,-1,-1,0
51018077,21,57,-1,-1,5
51019538,15,52,-1,-1,4
51019272,51,44,-1,-1,7
51008165,0,38,-1,-1,1
51017856,10,16,-1,-1,2
51017398,46,14,-1,-1,6
51014912,51,7,-1,-1,7
51018977,2,7,-1,-1,0
51012503,51,40,-1,-1,1
51015850,10,0,-1,-1,4
51019274,55,40,-1,-1,7
51017901,2,49,-1,-1,1
51019266,35,24,-1,-1,1
51018093,15,44,-1,-1,7
51018866,35,15,-1,-1,4
51018374,37,4,-1,-1,3
51019154,1,38,-1,-1,4
51018553,33,15,-1,-1,6
51017311,31,30,-1,-1,7
51015616,7,21,-1,-1,0
51019513,21,23,-1,-1,6
51018066,40,40,-1,-1,7
51007829,18,14,-1,-1,7
51018302,46,3,-1,-1,3
51014135,52,49,-1,-1,1
51018993,28,49,-1,-1,4
51017917,11,21,-1,-1,1
51015996,54,55,-1,-1,4
51018621,18,44,-1,-1,1
51018216,6,42,-1,-1,6
51014825,44,53,-1,-1,3
51016878,18,45,-1,-1,1
51010086,1,57,-1,-1,0
51015373,20,3,-1,-1,6
51019552,43,31,-1,-1,6
51010907,42,29,-1,-1,4
51017844,7,44,-1,-1,1
51014199,8,45,-1,-1,4
51017591,19,19,-1,-1,6
51018559,30,43,-1,-1,0
51015739,27,19,-1,-1,6
51016164,0,40,-1,-1,0
51018963,17,39,-1,-1,1
51016402,11,20,-1,-1,3
51017717,10,22,-1,-1,4
51002949,5,7,-1,-1,7
51018156,48,17,-1,-1,6
51018658,53,6,-1,-1,5
51018489,54,18,-1,-1,7
51011743,47,6,-1,-1,6
51018392,43,51,-1,-1,1
51017962,57,15,-1,-1,3
51016911,28,55,-1,-1,3
51019129,35,29,-1,-1,4
51003905,0,48,-1,-1,2
51011906,45,41,-1,-1,2
51019528,2,42,-1,-1,6
51016556,52,20,-1,-1,1
51015032,44,21,-1,-1,2
51017819,39,21,-1,-1,0
51019561,26,34,-1,-1,4
51018028,48,19,-1,-1,3
51018552,19,28,-1,-1,4
51018246,28,17,-1,-1,4
51014234,37,37,-1,-1,4
51018445,17,26,-1,-1,4
51015381,13,22,-1,-1,4
51016159,41,12,-1,-1,4
51017004,13,37,-1,-1,3
51018655,57,44,-1,-1,7
51018669,50,25,-1,-1,6
51019324,35,50,-1,-1,3
51016260,0,49,-1,-1,4
51012813,1,11,-1,-1,3
51015981,33,27,-1,-1,6
51018746,36,15,-1,-1,0
51017258,28,50,-1,-1,7
51017658,17,12,-1,-1,2
51018211,41,28,-1,-1,4
51016984,5,5,-1,-1,5
51016199,54,11,-1,-1,2
51015642,19,56,-1,-1,6
51016419,24,8,-1,-1,3
51017378,9,27,-1,-1,4
51018609,39,54,-1,-1,1
51016127,50,50,-1,-1,0
51015986,4,39,-1,-1,2
51017520,44,6,-1,-1,1
51006184,10,1,-1,-1,1
51016607,12,10,-1,-1,3
51016214,21,18,-1,-1,3
51015421,26,0,-1,-1,6
51018130,30,16,-1,-1,2
51019052,27,54,-1,-1,2
51017135,50,36,-1,-1,5
51011408,6,53,-1,-1,2
51018160,20,29,-1,-1,5
51019441,53,21,-1,-1,5
51014420,9,14,-1,-1,5
51015625,3,2,-1,-1,4
51013176,40,36,-1,-1,0
51018488,20,45,-1,-1,5
51015690,56,31,-1,-1,3
51019235,48,41,-1,-1,4
51018797,30,31,-1,-1,2
51019477,32,29,-1,-1,4
51016297,30,45,-1,-1,0
51018682,13,18,-1,-1,4
51018471,20,42,-1,-1,2
51017800,29,30,-1,-1,0
51019067,17,30,-1,-1,7
51013730,3,47,-1,-1,4
51017326,6,52,-1,-1,0
51017787,18,25,-1,-1,6
51017116,41,20,-1,-1,4
51005085,31,0,-1,-1,6
51009804,50,51,-1,-1,1
51014661,11,4,-1,-1,6
51017845,4,41,-1,-1,6
51014806,10,48,-1,-1,0
51018436,38,35,-1,-1,7
51019195,3,12,-1,-1,4
51015534,45,52,-1,-1,0
51017306,6,36,-1,-1,7
51013987,58,17,-1,-1,5
51012422,36,39,-1,-1,4
51019180,28,35,-1,-1,2
51014712,29,29,-1,-1,0
51017744,40,11,-1,-1,0
51017328,14,57,-1,-1,7
51003246,11,36,-1,-1,1
51018101,29,15,-1,-1,0
51015558,47,26,-1,-1,7
51018504,25,37,-1,-1,5
51018521,48,16,-1,-1,6
51010777,11,3,-1,-1,0
51019017,0,45,-1,-1,1
51016862,19,9,-1,-1,4
51018944,29,57,-1,-1,0
51017435,48,29,-1,-1,4
51017125,14,38,-1,-1,6
51016659,40,18,-1,-1,0
51015269,28,56,-1,-1,5
51019161,29,32,-1,-1,6
51015118,5,58,-1,-1,6
51018901,34,12,-1,-1,3
51018473,24,45,-1,-1,1
51015052,55,38,-1,-1,4
51018151,12,27,-1,-1,4
51018152,45,31,-1,-1,2
51015171,9,17,-1,-1,0
51017978,18,26,-1,-1,1
51018706,26,14,-1,-1,7
51019225,44,41,-1,-1,3
51018793,51,57,-1,-1,5
51011941,20,24,-1,-1,1
51019101,34,47,-1,-1,1
51015110,52,45,-1,-1,7
51017622,42,10,-1,-1,4
51007101,23,3,-1,-1,0
51017723,37,54,-1,-1,0
51017377,21,28,-1,-1,4
51019164,51,4,-1,-1,2
51016970,49,44,-1,-1,2
51018688,43,55,-1,-1,6
51018590,4,4,-1,-1,0
51018377,43,54,-1,-1,1
51016993,16,16,-1,-1,4
51019284,14,12,-1,-1,4
51016741,30,10,-1,-1,5
51014667,11,42,-1,-1,6
51017413,41,2,-1,-1,7
51017668,38,1,-1,-1,2
51018642,46,19,-1,-1,0
51012757,0,10,-1,-1,0
51016246,0,24,-1,-1,4
51016703,33,13,-1,-1,1
51013559,24,24,-1,-1,7
51012663,14,34,-1,-1,4
51009770,54,54,-1,-1,1
51016925,30,14,-1,-1,1
51017960,12,21,-1,-1,2
51019381,55,29,-1,-1,5
51016851,9,10,-1,-1,4
50997835,17,54,-1,-1,6
51017580,51,12,-1,-1,7
51018686,45,37,-1,-1,4
51016678,36,29,-1,-1,1
51017859,10,9,-1,-1,6
51017988,12,32,-1,-1,7
51013795,57,8,-1,-1,7
51014368,3,40,-1,-1,4
51016677,31,16,-1,-1,7
51016489,53,46,-1,-1,5
51019288,27,31,-1,-1,1
51009813,45,53,-1,-1,7
51019113,53,32,-1,-1,4
51018720,18,18,-1,-1,5
51017968,47,7,-1,-1,5
51015950,49,7,-1,-1,3
51014492,52,1,-1,-1,0
51011023,48,18,-1,-1,1
51015716,3,8,-1,-1,3
51018141,28,9,-1,-1,0
51018689,46,46,-1,-1,7
51010149,49,22,-1,-1,4
51019543,6,37,-1,-1,1
51016345,7,12,-1,-1,4
51018687,49,23,-1,-1,3
51017250,17,15,-1,-1,2
51016328,23,47,-1,-1,2
51019186,15,41,-1,-1,3
51014943,24,10,-1,-1,6
51018387,33,0,-1,-1,4
51018587,21,56,-1,-1,1
51019148,43,42,-1,-1,4
51010441,7,41,-1,-1,7
51016477,23,52,-1,-1,3
51017893,36,18,-1,-1,0
51019138,5,14,-1,-1,2
51014646,29,20,-1,-1,7
51019504,48,2,-1,-1,5
51018142,44,39,-1,-1,4
51019566,6,40,-1,-1,5
51017601,21,10,-1,-1,4
51009961,18,53,-1,-1,7
51018316,19,39,-1,-1,3
51019443,6,6,-1,-1,3
51013359,40,24,-1,-1,2
51013199,33,23,-1,-1,1
51018787,19,44,-1,-1,4
51017395,41,54,-1,-1,2
51016858,31,12,-1,-1,0
51018817,23,13,-1,-1,2
51018622,9,52,-1,-1,3
51019204,51,2,-1,-1,6
51019488,53,8,-1,-1,5
51009376,42,40,-1,-1,3
51014785,23,40,-1,-1,4
51014834,39,57,-1,-1,1
51017631,56,52,-1,-1,7
51017749,47,52,-1,-1,4
51016951,28,25,-1,-1,6
51015852,53,51,-1,-1,3
51005956,45,54,-1,-1,3
51007359,47,4,-1,-1,4
51018958,51,13,-1,-1,7
51017831,16,21,-1,-1,2
51018769,21,33,-1,-1,6
51014908,10,6,-1,-1,3
51017742,41,37,-1,-1,1
51011038,2,19,-1,-1,5
51018562,3,42,-1,-1,2
51014192,7,30,-1,-1,6
51013698,10,39,-1,-1,3
51018660,38,16,-1,-1,2
51015961,47,56,-1,-1,0
51018918,25,36,-1,-1,0
51018175,1,52,-1,-1,3
51016155,36,45,-1,-1,6
51011691,4,55,-1,-1,2
51016358,22,12,-1,-1,6
51019382,35,26,-1,-1,4
51014743,57,23,-1,-1,1
51009369,49,58,-1,-1,2
51014544,39,49,-1,-1,6
51013767,1,8,-1,-1,7
51016033,42,30,-1,-1,7
51017736,5,48,-1,-1,1
51016059,20,58,-1,-1,1
51017551,25,11,-1,-1,1
51013739,11,34,-1,-1,2
51016284,36,2,-1,-1,4
51017979,17,56,-1,-1,0
51016967,16,1,-1,-1,7
51019418,8,47,-1,-1,4
51016390,3,29,-1,-1,7
51018919,33,11,-1,-1,7
51012539,56,3,-1,-1,2
51013939,7,42,-1,-1,3
51016846,6,24,-1,-1,0
51016201,22,30,-1,-1,0
51018733,56,26,-1,-1,5
51018399,21,39,-1,-1,7
51019535,30,3,-1,-1,4
51018228,7,1,-1,-1,7
51017150,17,10,-1,-1,1
51016838,21,26,-1,-1,5
51017147,31,41,-1,-1,3
51019140,0,37,-1,-1,4
51014547,19,5,-1,-1,1
51013356,26,58,-1,-1,2
51017064,49,16,-1,-1,3
51006199,53,22,-1,-1,0
51019023,24,9,-1,-1,7
51018108,52,15,-1,-1,6
51009990,12,45,-1,-1,1
51016108,15,20,-1,-1,0
51018946,37,17,-1,-1,7
51016509,6,4,-1,-1,3
51018801,15,48,-1,-1,3
51018261,28,38,-1,-1,0
51015026,4,42,-1,-1,3
51013854,13,11,-1,-1,7
51019036,23,39,-1,-1,6
51018031,22,8,-1,-1,6
51006999,13,20,-1,-1,0
51014772,41,52,-1,-1,7
51014782,18,43,-1,-1,1
51017001,37,18,-1,-1,2
51013943,46,15,-1,-1,3
51018820,49,54,-1,-1,3
51013617,28,8,-1,-1,0
51014028,31,51,-1,-1,3
51004073,22,42,-1,-1,5
51019042,45,3,-1,-1,0
51013574,21,58,-1,-1,2
51014591,58,38,-1,-1,4
51018831,25,51,-1,-1,6
51015881,10,26,-1,-1,4
51018385,45,34,-1,-1,0
51017275,8,14,-1,-1,0
51018931,36,30,-1,-1,2
51016621,40,26,-1,-1,6
51017702,0,56,-1,-1,1
51000315,5,3,-1,-1,0
51008408,4,22,-1,-1,0
50997046,5,35,-1,-1,5
51012828,21,9,-1,-1,1
51008557,24,18,-1,-1,2
51014301,58,45,-1,-1,0
51017868,52,2,-1,-1,3
51017858,42,22,-1,-1,1
51018854,27,43,-1,-1,7
51015751,33,54,-1,-1,1
51018215,12,30,-1,-1,6
51014715,11,46,-1,-1,0
51017534,57,21,-1,-1,2
51011572,1,7,-1,-1,4
51012907,15,53,-1,-1,7
51012258,53,10,-1,-1,6
51018936,22,9,-1,-1,5
51019473,16,9,-1,-1,3
51010431,55,46,-1,-1,1
51017997,3,55,-1,-1,0
51018305,22,35,-1,-1,7
51017867,20,52,-1,-1,4
51008775,4,52,-1,-1,2
51019557,23,58,-1,-1,7
51016243,24,40,-1,-1,7
51018923,52,5,-1,-1,2
51017516,55,48,-1,-1,6
51019237,46,6,-1,-1,6
51012925,37,20,-1,-1,7
51018693,26,27,-1,-1,2
51018671,50,22,-1,-1,2
51014690,55,41,-1,-1,6
51014998,4,14,-1,-1,7
51015917,40,31,-1,-1,1
51008997,0,41,-1,-1,0
51014467,54,14,-1,-1,0
51019006,2,37,-1,-1,4
51012918,57,51,-1,-1,5
51009825,58,23,-1,-1,4
51018600,22,27,-1,-1,7
51017825,31,20,-1,-1,2
51016165,11,17,-1,-1,0
51017072,4,48,-1,-1,0
51014282,13,52,-1,-1,1
51019398,1,24,-1,-1,6
51019039,32,3,-1,-1,5
51013886,51,38,-1,-1,7
50999154,41,41,-1,-1,1
51015952,57,7,-1,-1,3
51012228,18,39,-1,-1,7
51018735,34,40,-1,-1,3
51008395,51,58,-1,-1,1
51005147,38,57,-1,-1,4
51017456,23,46,-1,-1,5
51017134,2,8,-1,-1,6
51014731,56,14,-1,-1,7
51017733,39,13,-1,-1,1
51019134,53,18,-1,-1,4
51010071,32,12,-1,-1,2
51007170,48,53,-1,-1,6
51016351,38,54,-1,-1,3
51018155,43,56,-1,-1,6
51017564,15,17,-1,-1,4
51019304,15,47,-1,-1,6
51018361,56,30,-1,-1,7
51011651,11,10,-1,-1,5
51016761,9,58,-1,-1,2
51017035,45,0,-1,-1,2
51015237,35,14,-1,-1,3
51018396,39,5,-1,-1,5
51015283,42,27,-1,-1,2
51019325,52,10,-1,-1,1
51008074,49,21,-1,-1,0
51016596,49,42,-1,-1,5
51016444,43,36,-1,-1,2
51015529,34,2,-1,-1,2
51001765,8,38,-1,-1,7
51017438,58,6,-1,-1,7
51017097,45,2,-1,-1,4
51015583,39,52,-1,-1,0
51018112,33,53,-1,-1,4
51019090,2,9,-1,-1,5
51018713,10,2,-1,-1,7
51011178,35,0,-1,-1,6
51018549,37,6,-1,-1,7
51016842,41,30,-1,-1,3
51014106,52,9,-1,-1,7
51008754,50,17,-1,-1,1
51017266,9,8,-1,-1,4
51016413,53,33,-1,-1,3
51015295,16,42,-1,-1,0
51017915,37,9,-1,-1,2
51019490,7,4,-1,-1,0
51011698,42,44,-1,-1,6
51017846,16,35,-1,-1,3
50997345,48,51,-1,-1,1
51014090,47,54,-1,-1,5
51017627,21,7,-1,-1,7
51013499,57,33,-1,-1,4
51018289,1,31,-1,-1,3
51017397,49,5,-1,-1,2
51018537,15,11,-1,-1,3
51017493,52,51,-1,-1,5
51014156,14,8,-1,-1,6
51016877,57,2,-1,-1,5
51018988,50,29,-1,-1,1
51016049,43,46,-1,-1,4
51018258,58,19,-1,-1,0
51019547,17,21,-1,-1,2
51010801,2,43,-1,-1,4
51019551,45,12,-1,-1,0
51017151,27,50,-1,-1,1
51019187,9,20,-1,-1,4
51016934,0,31,-1,-1,3
51019506,51,30,-1,-1,3
51017833,47,35,-1,-1,4
51015640,48,46,-1,-1,0
51018124,37,52,-1,-1,5
51015963,46,43,-1,-1,0
51012475,43,16,-1,-1,4
51018848,20,35,-1,-1,3
51018467,36,7,-1,-1,7
51018096,37,2,-1,-1,2
51019446,31,22,-1,-1,6
51017714,11,14,-1,-1,1
51013111,30,37,-1,-1,6
51015024,2,5,-1,-1,3
51018821,35,41,-1,-1,3
51016933,54,30,-1,-1,0
51015871,27,10,-1,-1,4
51003198,12,1,-1,-1,0
51016279,56,15,-1,-1,4
51015482,8,29,-1,-1,6
51018623,34,21,-1,-1,2
51018928,42,16,-1,-1,2
51016213,30,35,-1,-1,2
51016135,30,46,-1,-1,1
51001496,38,5,-1,-1,6
51018154,52,14,-1,-1,3
51010518,56,22,-1,-1,6
51016732,57,57,-1,-1,0
51014911,32,50,-1,-1,1
51019399,45,10,-1,-1,1
51011504,53,30,-1,-1,3
51017008,8,3,-1,-1,7
51019367,26,25,-1,-1,3
51018742,46,18,-1,-1,3
51015433,6,48,-1,-1,3
51014578,30,12,-1,-1,2
51011331,39,51,-1,-1,1
51018444,28,36,-1,-1,1
51015951,11,44,-1,-1,2
51017698,23,17,-1,-1,1
51012393,11,5,-1,-1,5
51018835,33,6,-1,-1,4
51016161,56,27,-1,-1,7
51019238,17,16,-1,-1,1
51015645,17,6,-1,-1,4
51017565,16,10,-1,-1,3
51015982,33,57,-1,-1,4
51018539,13,44,-1,-1,0
51017688,51,36,-1,-1,5
51013007,4,25,-1,-1,0
51018823,26,28,-1,-1,7
51015582,26,45,-1,-1,6
51018412,18,33,-1,-1,2
51015088,16,8,-1,-1,0
51018171,44,58,-1,-1,1
51005073,21,46,-1,-1,5
51019289,31,44,-1,-1,3
51010075,3,46,-1,-1,2
51019050,26,37,-1,-1,1
51007775,0,1,-1,-1,4
51018969,28,13,-1,-1,0
51018165,57,27,-1,-1,5
51018422,48,20,-1,-1,2
51013516,57,45,-1,-1,3
51019122,29,31,-1,-1,7
51013985,49,17,-1,-1,7
51015391,4,19,-1,-1,5
51016385,47,19,-1,-1,7
51018283,40,35,-1,-1,5
51014619,2,30,-1,-1,5
51014507,54,22,-1,-1,0
51017672,47,5,-1,-1,6
51018441,32,57,-1,-1,2
51018914,53,1,-1,-1,3
51011797,7,38,-1,-1,1
51019451,15,38,-1,-1,5
51006241,58,35,-1,-1,6
51017790,34,13,-1,-1,6
51015385,37,10,-1,-1,3
51016870,6,29,-1,-1,5
51019436,23,31,-1,-1,3
51013335,3,45,-1,-1,4
51017486,32,23,-1,-1,7
51015299,9,36,-1,-1,0
51019329,27,21,-1,-1,3
51012165,48,11,-1,-1,7
51018109,38,38,-1,-1,0
51017490,18,1,-1,-1,1
51018358,49,26,-1,-1,1
51015386,23,7,-1,-1,2
51017089,45,46,-1,-1,7
51018652,56,28,-1,-1,6
51017323,2,10,-1,-1,4
51005278,41,13,-1,-1,7
51016746,9,7,-1,-1,2
51015824,2,56,-1,-1,3
51017231,21,24,-1,-1,0
51018381,21,22,-1,-1,0
51014573,42,55,-1,-1,6
51019338,29,6,-1,-1,3
51009101,51,51,-1,-1,7
51017559,34,42,-1,-1,1
51015256,34,56,-1,-1,3
51018438,23,14,-1,-1,4
51019278,28,40,-1,-1,5
51019162,50,19,-1,-1,1
51018278,5,44,-1,-1,4
51018298,36,4,-1,-1,7
51019037,14,24,-1,-1,2
51011965,56,13,-1,-1,5
51017977,13,31,-1,-1,1
51018528,2,21,-1,-1,1
51015225,15,16,-1,-1,0
51011371,42,56,-1,-1,7
51017675,2,35,-1,-1,2
51016367,0,6,-1,-1,2
51017785,32,52,-1,-1,6
51017288,51,45,-1,-1,6
51001753,32,53,-1,-1,7
51019371,22,33,-1,-1,3
51018462,11,28,-1,-1,3
51015907,29,28,-1,-1,3
51018279,24,48,-1,-1,3
51016524,33,34,-1,-1,7
51018417,4,43,-1,-1,2
51016223,6,25,-1,-1,4
51001020,48,35,-1,-1,6
51015500,42,36,-1,-1,3
51011379,4,13,-1,-1,4
51017372,15,57,-1,-1,7
51019230,17,52,-1,-1,4
51008304,3,37,-1,-1,2
51018810,27,27,-1,-1,2
51017356,34,39,-1,-1,4
51013460,55,51,-1,-1,7
51014254,43,49,-1,-1,5
51017183,27,28,-1,-1,3
51016233,46,28,-1,-1,6
51015736,23,53,-1,-1,0
51018865,27,11,-1,-1,0
51013910,53,2,-1,-1,3
51016355,7,53,-1,-1,6
51016126,38,39,-1,-1,5
51018873,19,49,-1,-1,3
51018045,10,13,-1,-1,5
51017197,26,53,-1,-1,3
51008783,9,9,-1,-1,4
51018964,16,39,-1,-1,5
51014518,52,53,-1,-1,0
51019550,27,56,-1,-1,0
51017821,25,4,-1,-1,5
51018325,34,57,-1,-1,5
51011623,9,11,-1,-1,0
51018996,18,19,-1,-1,4
51013310,55,27,-1,-1,4
51019196,25,12,-1,-1,1
51010930,54,40,-1,-1,7
51018507,4,49,-1,-1,4
51017568,53,34,-1,-1,7
51017439,30,4,-1,-1,3
51017877,33,46,-1,-1,7
51010597,28,57,-1,-1,3
51018781,24,54,-1,-1,2
51015096,0,44,-1,-1,4
51018205,3,54,-1,-1,6
51018465,43,1,-1,-1,6
51016247,28,33,-1,-1,4
51005605,20,2,-1,-1,0
51015061,47,29,-1,-1,4
51018292,41,39,-1,-1,7
51013286,3,7,-1,-1,7
51018922,1,12,-1,-1,7
51019444,13,33,-1,-1,2
51008047,46,20,-1,-1,3
51008281,54,20,-1,-1,7
51019330,38,43,-1,-1,0
51017775,30,25,-1,-1,0
51015138,17,4,-1,-1,2
51010895,55,12,-1,-1,4
51018415,49,50,-1,-1,1
51017966,8,43,-1,-1,4
51013685,50,35,-1,-1,6
51015398,12,38,-1,-1,2
51016803,37,43,-1,-1,2
51017330,46,52,-1,-1,1
51016976,33,8,-1,-1,1
51018809,29,51,-1,-1,6
51014322,6,18,-1,-1,3
51014401,3,53,-1,-1,0
51015274,50,32,-1,-1,7
51019515,35,16,-1,-1,7
51019525,53,45,-1,-1,1
51014989,21,47,-1,-1,2
51006355,3,4,-1,-1,1
51018033,1,30,-1,-1,4
51014575,9,25,-1,-1,1
51017824,13,9,-1,-1,6
51014763,50,7,-1,-1,5
51004545,46,31,-1,-1,6
51015863,58,33,-1,-1,4
51016221,43,17,-1,-1,3
51012718,40,7,-1,-1,6
51011190,16,0,-1,-1,6
51012885,40,49,-1,-1,3
51016922,40,32,-1,-1,5
51014413,26,11,-1,-1,4
51016369,39,58,-1,-1,7
51016252,1,42,-1,-1,7
51018756,33,20,-1,-1,5
51019510,27,45,-1,-1,3
51019175,51,26,-1,-1,5
51018654,38,10,-1,-1,6
51016506,47,11,-1,-1,5
51018628,39,18,-1,-1,3
51016708,11,39,-1,-1,4
51019425,46,39,-1,-1,1
51015382,28,10,-1,-1,4
51017630,48,34,-1,-1,0
51015847,7,36,-1,-1,0
51015247,35,52,-1,-1,7
51019318,33,4,-1,-1,2
51014627,4,3,-1,-1,1
51013061,56,29,-1,-1,6
51001946,44,47,-1,-1,3
51016712,31,50,-1,-1,5
51014257,0,23,-1,-1,1
51015169,25,24,-1,-1,1
51018365,43,4,-1,-1,7
51011069,4,50,-1,-1,1
51017156,39,39,-1,-1,5
51013030,24,47,-1,-1,1
51019514,24,4,-1,-1,5
51018664,19,7,-1,-1,6
51016892,2,47,-1,-1,1
51016551,3,49,-1,-1,2
51014923,35,51,-1,-1,2
51017345,16,5,-1,-1,0
51017254,36,0,-1,-1,4
51017543,52,22,-1,-1,5
51007108,19,41,-1,-1,3
51016304,33,38,-1,-1,7
51010582,40,25,-1,-1,6
51018758,17,48,-1,-1,4
51018514,22,14,-1,-1,7
51006633,49,43,-1,-1,4
51017802,15,4,-1,-1,0
51013189,5,11,-1,-1,4
51017300,27,25,-1,-1,0
51015309,2,25,-1,-1,5
51011856,9,12,-1,-1,7
51017871,50,10,-1,-1,6
51017793,1,20,-1,-1,0
51008210,9,53,-1,-1,1
51018508,54,19,-1,-1,2
51017119,10,12,-1,-1,6
51014958,42,12,-1,-1,3
51014597,8,44,-1,-1,2
51018267,17,45,-1,-1,7
51013205,7,5,-1,-1,1
51015820,7,54,-1,-1,5
51004275,47,34,-1,-1,6
51018668,49,30,-1,-1,1
51014079,31,21,-1,-1,1
51018651,22,29,-1,-1,0
51016844,42,42,-1,-1,3
51017765,7,45,-1,-1,7
51015767,48,54,-1,-1,4
51016630,51,43,-1,-1,6
51017782,12,18,-1,-1,1
51016592,52,7,-1,-1,2
51013333,13,54,-1,-1,6
51019487,13,29,-1,-1,4
51004892,20,39,-1,-1,6
51017596,19,57,-1,-1,6
51008693,14,52,-1,-1,6
51019088,24,33,-1,-1,5
51019540,13,51,-1,-1,5
51016112,41,14,-1,-1,3
51018694,18,8,-1,-1,7
51018712,51,33,-1,-1,5
51018187,13,46,-1,-1,4
51015688,38,48,-1,-1,2
51019254,38,19,-1,-1,6
51013169,9,42,-1,-1,6
51019352,38,23,-1,-1,7
51015011,23,6,-1,-1,7
51011205,43,0,-1,-1,4
51014471,31,25,-1,-1,1
51006749,50,30,-1,-1,6
51017928,25,3,-1,-1,6
51017726,17,29,-1,-1,6
51018090,58,39,-1,-1,7
51013340,49,40,-1,-1,5
51019347,36,11,-1,-1,4
51019317,57,41,-1,-1,7
51017892,4,35,-1,-1,5
51012848,2,27,-1,-1,4
51019559,18,10,-1,-1,5
51017837,46,4,-1,-1,7
51018458,18,40,-1,-1,3
51017212,26,44,-1,-1,2
51014268,29,13,-1,-1,3
51018138,21,32,-1,-1,7
51013995,16,20,-1,-1,1
51012354,3,11,-1,-1,2
51006024,44,49,-1,-1,6
51019047,28,29,-1,-1,2
51017945,5,12,-1,-1,3
51018780,19,8,-1,-1,4
51014524,31,11,-1,-1,3
51016118,52,37,-1,-1,0
51009544,3,19,-1,-1,0
51019056,38,8,-1,-1,6
51015835,43,13,-1,-1,1
51018340,35,4,-1,-1,5
51018039,33,32,-1,-1,4
51016434,21,40,-1,-1,6
51017474,5,21,-1,-1,3
51010892,25,0,-1,-1,4
51013882,46,16,-1,-1,0
51019222,24,11,-1,-1,3
51019361,26,33,-1,-1,7
51014488,47,58,-1,-1,2
51014034,6,39,-1,-1,4
51015311,13,5,-1,-1,7
51017957,38,25,-1,-1,1
51016683,53,29,-1,-1,4
51007583,58,37,-1,-1,4
51016557,38,3,-1,-1,5
51016202,9,48,-1,-1,6
51018550,25,29,-1,-1,6
51015501,34,26,-1,-1,3
51012022,19,0,-1,-1,2
51019228,6,9,-1,-1,1
51016989,53,48,-1,-1,0
51017904,26,2,-1,-1,3
51017605,18,57,-1,-1,5
51012614,8,17,-1,-1,0
51018239,9,38,-1,-1,7
51013630,39,30,-1,-1,1
51016597,1,10,-1,-1,4
51015675,23,55,-1,-1,6
51001326,51,41,-1,-1,4
51011562,45,33,-1,-1,4
51017224,32,10,-1,-1,1
51018569,10,54,-1,-1,7
51016572,3,16,-1,-1,3
51013803,16,11,-1,-1,1
51015976,45,8,-1,-1,1
51019435,53,41,-1,-1,0
51017922,41,31,-1,-1,0
51019536,10,45,-1,-1,4
51017205,35,13,-1,-1,3
51012784,42,51,-1,-1,6
51013139,11,57,-1,-1,6
51017052,34,25,-1,-1,6
51016141,44,16,-1,-1,3
51019020,52,29,-1,-1,1
51019079,10,40,-1,-1,3
51016973,49,36,-1,-1,6
51019185,30,11,-1,-1,0
51019250,22,48,-1,-1,0
51018498,39,27,-1,-1,0
51018229,51,23,-1,-1,2
51016346,8,15,-1,-1,7
51016617,8,41,-1,-1,6
51019085,34,24,-1,-1,7
51018639,30,26,-1,-1,2
51018602,0,46,-1,-1,0
51013838,47,9,-1,-1,5
51018069,39,38,-1,-1,5
51019008,8,18,-1,-1,5
51018024,33,36,-1,-1,7
51019556,9,30,-1,-1,5
51017355,30,18,-1,-1,0
51016759,22,46,-1,-1,6
51018636,10,42,-1,-1,3
51014546,13,45,-1,-1,2
51018139,50,46,-1,-1,6
51016771,26,51,-1,-1,1
51019015,27,36,-1,-1,0
51017942,58,3,-1,-1,5
51018335,56,36,-1,-1,4
51019227,58,52,-1,-1,6
51018230,18,3,-1,-1,4
51018055,10,50,-1,-1,7
51019432,15,21,-1,-1,2
51019548,26,21,-1,-1,4
51017560,47,13,-1,-1,2
51019170,51,6,-1,-1,2
51009938,55,15,-1,-1,3
51017379,17,40,-1,-1,2
51016480,36,5,-1,-1,3
51018960,23,11,-1,-1,1
51015630,20,23,-1,-1,0
51016835,17,47,-1,-1,2
51018555,19,46,-1,-1,2
51018776,32,48,-1,-1,5
51011498,27,18,-1,-1,6
51014399,10,11,-1,-1,6
51018409,5,42,-1,-1,3
51017774,26,13,-1,-1,2
51014982,36,31,-1,-1,6
51016853,47,18,-1,-1,1
51011815,41,29,-1,-1,7
51018750,36,13,-1,-1,5
51013926,37,22,-1,-1,5
51014801,10,51,-1,-1,1
51017903,35,55,-1,-1,1
51014200,45,40,-1,-1,2
51016336,37,19,-1,-1,3
51018065,15,5,-1,-1,3
51017539,55,47,-1,-1,6
51010873,39,6,-1,-1,2
51019025,3,1,-1,-1,4
51011984,58,21,-1,-1,4
51012794,37,31,-1,-1,1
51018474,37,42,-1,-1,3
50997820,25,7,-1,-1,5
51015508,1,15,-1,-1,5
51018342,19,2,-1,-1,3
51018338,57,55,-1,-1,6
51019298,33,7,-1,-1,5
51017894,6,3,-1,-1,3
51014691,40,17,-1,-1,7
51016991,14,42,-1,-1,1
51017392,52,55,-1,-1,3
51018784,30,21,-1,-1,6
51018846,58,10,-1,-1,0
51005731,31,54,-1,-1,2
51015480,34,7,-1,-1,0
51019534,14,29,-1,-1,7
51018354,44,33,-1,-1,1
51016371,28,39,-1,-1,1
51015464,41,32,-1,-1,7
51019350,28,14,-1,-1,4
51017889,11,22,-1,-1,2
51012061,27,15,-1,-1,6
51019448,30,7,-1,-1,4
51019139,32,46,-1,-1,2
51017201,10,29,-1,-1,1
51019093,22,18,-1,-1,1
51011560,52,16,-1,-1,7
51018603,35,45,-1,-1,1
51013116,1,27,-1,-1,4
51019417,50,20,-1,-1,1
51015765,32,25,-1,-1,2
51018568,19,48,-1,-1,7
51012769,1,58,-1,-1,6
51011313,6,55,-1,-1,1
51019321,11,9,-1,-1,7
51010340,21,12,-1,-1,1
51016134,24,57,-1,-1,6
51018143,8,30,-1,-1,2
51018983,51,10,-1,-1,4
51019379,15,19,-1,-1,2
51014526,7,25,-1,-1,0
51016021,0,14,-1,-1,1
51016861,58,47,-1,-1,7
51018180,4,53,-1,-1,6
51018962,26,39,-1,-1,0
51019197,8,57,-1,-1,6
51017608,34,37,-1,-1,5
51009701,58,51,-1,-1,7
51008528,56,19,-1,-1,2
51018140,47,41,-1,-1,5
51018456,19,34,-1,-1,4
51018509,6,58,-1,-1,6
51013861,11,27,-1,-1,1
51017218,11,33,-1,-1,4
51007844,0,35,-1,-1,2
51018262,49,56,-1,-1,6
51005271,1,48,-1,-1,0
51016671,38,32,-1,-1,5
51019471,55,3,-1,-1,6
51008244,21,3,-1,-1,6
51019326,36,36,-1,-1,5
51016433,43,35,-1,-1,1
51017970,57,31,-1,-1,1
51016425,7,52,-1,-1,6
51018214,35,12,-1,-1,6
51015251,22,58,-1,-1,2
51015211,10,3,-1,-1,6
51008801,8,36,-1,-1,7
51017784,21,20,-1,-1,6
51018172,14,48,-1,-1,2
51017747,42,53,-1,-1,0
51017385,18,58,-1,-1,7
51007012,11,11,-1,-1,4
51010615,43,28,-1,-1,4
51018285,20,21,-1,-1,6
51014020,12,14,-1,-1,3
51018353,32,54,-1,-1,0
51019030,25,21,-1,-1,5
51019505,15,32,-1,-1,2
51019526,16,51,-1,-1,7
51015542,58,0,-1,-1,5
51010317,0,2,-1,-1,4
51018100,34,31,-1,-1,3
51019521,6,47,-1,-1,3
51018927,55,6,-1,-1,6
51017137,38,49,-1,-1,5
51014317,15,43,-1,-1,2
51018461,53,36,-1,-1,3
51018777,44,3,-1,-1,0
51005295,23,16,-1,-1,7
51018402,33,30,-1,-1,0
51014051,50,49,-1,-1,0
51013889,21,55,-1,-1,1
51006794,3,6,-1,-1,0
51019468,55,24,-1,-1,7
51012778,53,17,-1,-1,2
51018460,22,10,-1,-1,7
51011357,55,22,-1,-1,0
51017711,17,17,-1,-1,4
51018439,42,26,-1,-1,1
51018876,58,11,-1,-1,6
51015799,48,26,-1,-1,7
51017391,53,23,-1,-1,1
51008099,23,9,-1,-1,4
51018184,24,26,-1,-1,4
51015442,58,13,-1,-1,0
51018667,7,46,-1,-1,7
51008040,53,4,-1,-1,3
51017571,19,35,-1,-1,1
51017713,55,4,-1,-1,4
51015685,9,55,-1,-1,4
51019155,26,3,-1,-1,4
51018249,22,57,-1,-1,2
51018232,39,55,-1,-1,3
51016457,1,37,-1,-1,0
51001378,50,43,-1,-1,4
51018330,35,40,-1,-1,5
51019458,10,5,-1,-1,7
51018884,28,16,-1,-1,3
51014305,54,25,-1,-1,4
51012884,2,50,-1,-1,5
51012434,51,17,-1,-1,4
51009008,8,49,-1,-1,5
51017408,38,7,-1,-1,6
51018567,28,45,-1,-1,7
51017645,41,18,-1,-1,1
51017809,29,40,-1,-1,0
51017822,33,35,-1,-1,5
51019411,29,34,-1,-1,7
51015319,17,58,-1,-1,0
51014890,5,57,-1,-1,0
51013857,49,47,-1,-1,1
51019570,44,51,-1,-1,3
51015607,41,24,-1,-1,1
51019581,43,29,-1,-1,6
