# org_id,org_cellx,org_celly,org_forage_target,org_group_id,org_facing
31002262,10,50,-1,-1,0
30993286,5,39,-1,-1,3
30994547,11,2,-1,-1,1
31002806,17,19,-1,-1,6
31004246,55,40,-1,-1,1
31003042,21,29,-1,-1,6
31004411,6,19,-1,-1,1
31002177,0,49,-1,-1,1
30999651,1,38,-1,-1,5
31000874,35,11,-1,-1,1
30988142,8,40,-1,-1,2
31003266,18,2,-1,-1,6
31002462,11,50,-1,-1,0
31003085,46,16,-1,-1,5
30991083,5,34,-1,-1,3
31004946,47,17,-1,-1,7
31003014,4,54,-1,-1,5
31004456,22,9,-1,-1,1
31004766,41,18,-1,-1,2
31001956,21,6,-1,-1,1
31002546,49,51,-1,-1,5
30990793,52,48,-1,-1,3
30999344,2,29,-1,-1,2
31002820,1,26,-1,-1,7
31004952,15,54,-1,-1,3
31000598,58,8,-1,-1,4
31001422,41,39,-1,-1,1
31005490,13,4,-1,-1,7
31005917,53,29,-1,-1,3
31003483,45,14,-1,-1,7
31001343,5,7,-1,-1,4
31005932,39,50,-1,-1,0
31005960,8,29,-1,-1,5
31004493,42,8,-1,-1,7
31000786,49,9,-1,-1,4
31000912,6,54,-1,-1,1
31002690,38,37,-1,-1,4
31004853,0,40,-1,-1,2
31004280,31,10,-1,-1,4
31004586,36,5,-1,-1,4
31003607,24,30,-1,-1,3
31006014,0,42,-1,-1,4
31004302,36,43,-1,-1,5
31005566,31,41,-1,-1,1
30996727,51,36,-1,-1,0
31004021,8,7,-1,-1,7
31002803,5,31,-1,-1,5
31001207,36,4,-1,-1,3
30996825,29,55,-1,-1,4
30992141,3,9,-1,-1,5
31001998,6,21,-1,-1,4
31002225,44,45,-1,-1,7
31001091,38,10,-1,-1,0
31005861,17,49,-1,-1,6
31002152,3,35,-1,-1,2
31003844,37,32,-1,-1,7
31005852,31,24,-1,-1,2
31004949,37,20,-1,-1,1
31004639,30,10,-1,-1,2
31003189,31,0,-1,-1,3
31002553,40,46,-1,-1,7
31002825,23,43,-1,-1,5
31001356,56,11,-1,-1,6
31005629,52,51,-1,-1,2
30998509,18,28,-1,-1,2
31005428,29,39,-1,-1,3
31000143,35,35,-1,-1,0
31001824,13,49,-1,-1,2
31004864,21,43,-1,-1,3
31005716,49,20,-1,-1,6
31000740,23,58,-1,-1,6
31003168,8,55,-1,-1,1
31005665,54,54,-1,-1,6
31004461,21,18,-1,-1,3
31002048,45,2,-1,-1,5
31004392,42,33,-1,-1,1
30990635,48,58,-1,-1,6
31003860,16,56,-1,-1,4
31004348,25,58,-1,-1,0
31005796,47,47,-1,-1,1
31001666,24,10,-1,-1,5
31004245,28,19,-1,-1,6
30989818,14,46,-1,-1,0
31001980,56,48,-1,-1,0
31004689,24,11,-1,-1,7
31005012,11,7,-1,-1,7
31004977,54,22,-1,-1,0
31005236,2,48,-1,-1,7
31000342,54,26,-1,-1,3
30997536,45,39,-1,-1,0
31006081,48,11,-1,-1,7
31000028,41,7,-1,-1,7
31005685,43,2,-1,-1,3
31005165,39,13,-1,-1,4
30992027,18,56,-1,-1,2
31005313,53,32,-1,-1,6
31002679,11,36,-1,-1,0
31004836,50,24,-1,-1,3
31000656,51,13,-1,-1,1
31005308,32,50,-1,-1,6
30998689,41,13,-1,-1,3
31005189,2,7,-1,-1,1
31005764,23,39,-1,-1,0
31003181,42,23,-1,-1,3
31005559,25,18,-1,-1,2
31003857,5,29,-1,-1,4
31001573,11,53,-1,-1,7
31004124,33,19,-1,-1,3
31006013,15,41,-1,-1,7
31005514,11,38,-1,-1,3
31005575,47,37,-1,-1,4
30999485,2,11,-1,-1,6
31004281,35,34,-1,-1,1
30996715,15,49,-1,-1,5
31001941,8,52,-1,-1,2
31003020,20,15,-1,-1,5
31004292,7,25,-1,-1,7
31002052,24,17,-1,-1,2
31000767,6,29,-1,-1,3
31005839,27,53,-1,-1,4
31002794,51,29,-1,-1,1
31005131,34,52,-1,-1,7
31000569,21,44,-1,-1,1
31003017,34,54,-1,-1,1
31000855,56,0,-1,-1,4
31005981,1,32,-1,-1,4
31002456,25,52,-1,-1,4
31002104,56,3,-1,-1,1
31003718,43,53,-1,-1,6
31003151,31,8,-1,-1,5
30988560,2,10,-1,-1,1
31003083,41,25,-1,-1,2
31004971,56,49,-1,-1,2
30999902,0,17,-1,-1,0
31005212,33,42,-1,-1,5
30996957,32,47,-1,-1,3
31005441,1,36,-1,-1,3
30974141,33,0,-1,-1,4
31006095,48,46,-1,-1,7
31004525,44,22,-1,-1,3
31001058,23,40,-1,-1,1
31004077,58,43,-1,-1,4
31005099,35,17,-1,-1,0
31004033,20,3,-1,-1,6
30995942,40,52,-1,-1,6
31004353,28,9,-1,-1,4
31000308,7,33,-1,-1,0
31006102,35,37,-1,-1,0
31005408,24,3,-1,-1,6
31005192,9,5,-1,-1,0
31005500,13,13,-1,-1,2
31003257,23,50,-1,-1,7
31002163,3,44,-1,-1,0
31002223,58,27,-1,-1,0
31004356,29,54,-1,-1,4
31002838,43,29,-1,-1,1
31004685,4,15,-1,-1,7
31001632,51,10,-1,-1,7
31000047,21,21,-1,-1,1
30998800,15,38,-1,-1,4
31002686,21,19,-1,-1,7
31003559,42,35,-1,-1,1
31006035,34,46,-1,-1,5
31004654,28,17,-1,-1,3
31003538,15,29,-1,-1,1
31004929,17,31,-1,-1,2
31003340,38,32,-1,-1,1
31004837,40,9,-1,-1,6
31005174,34,22,-1,-1,2
31005395,41,31,-1,-1,6
31001543,18,52,-1,-1,3
30997967,10,20,-1,-1,4
31006051,27,34,-1,-1,5
31004730,3,49,-1,-1,6
31004989,46,46,-1,-1,4
31005151,34,24,-1,-1,1
31005068,26,30,-1,-1,5
31001206,41,50,-1,-1,4
31005426,16,42,-1,-1,4
31006126,30,42,-1,-1,3
31000683,45,41,-1,-1,0
31005256,38,31,-1,-1,1
31001024,5,44,-1,-1,0
31005440,23,8,-1,-1,3
31004041,12,4,-1,-1,4
31000200,51,11,-1,-1,0
30999678,24,19,-1,-1,2
31005401,41,24,-1,-1,2
31005215,55,10,-1,-1,5
30992221,50,57,-1,-1,4
30997993,44,4,-1,-1,2
31004714,9,7,-1,-1,2
30990233,20,9,-1,-1,5
30981143,56,18,-1,-1,2
31004856,14,52,-1,-1,7
30996814,0,35,-1,-1,4
30991438,5,15,-1,-1,2
31004973,0,57,-1,-1,3
31005702,55,9,-1,-1,7
31004264,30,44,-1,-1,5
31000621,55,39,-1,-1,6
31003365,56,9,-1,-1,6
30991834,23,55,-1,-1,6
30996982,36,40,-1,-1,5
31002902,46,23,-1,-1,1
31005336,25,15,-1,-1,2
31004706,29,34,-1,-1,7
31002904,52,25,-1,-1,5
31005903,43,34,-1,-1,4
31004564,7,26,-1,-1,7
31005730,27,57,-1,-1,3
31001688,30,56,-1,-1,6
31005697,35,32,-1,-1,6
31003779,37,41,-1,-1,4
31004032,36,2,-1,-1,5
31002947,1,33,-1,-1,1
31002046,45,48,-1,-1,4
31003265,5,13,-1,-1,3
31004058,14,49,-1,-1,6
31003622,15,52,-1,-1,1
31005488,2,32,-1,-1,6
31004810,56,36,-1,-1,5
30997791,16,52,-1,-1,7
31001804,1,3,-1,-1,0
31006192,16,25,-1,-1,1
31005235,30,48,-1,-1,3
31001461,51,44,-1,-1,7
30999687,11,47,-1,-1,5
31004209,25,56,-1,-1,5
31003810,33,24,-1,-1,1
31004834,40,58,-1,-1,1
30991677,1,1,-1,-1,1
31001070,14,23,-1,-1,2
31004457,12,14,-1,-1,3
31003619,4,31,-1,-1,0
30997251,41,3,-1,-1,0
30994395,39,32,-1,-1,1
31001400,38,45,-1,-1,6
31004809,26,19,-1,-1,5
31003963,29,8,-1,-1,0
31004948,12,20,-1,-1,2
31001857,20,48,-1,-1,6
31005543,32,32,-1,-1,2
31006080,22,40,-1,-1,4
31005805,36,28,-1,-1,2
31005615,15,57,-1,-1,5
31005527,18,44,-1,-1,7
30999193,48,51,-1,-1,6
31001823,44,35,-1,-1,7
31005362,30,39,-1,-1,3
31006009,25,37,-1,-1,0
30994325,8,19,-1,-1,2
30999872,43,48,-1,-1,1
31002330,42,4,-1,-1,0
30995181,54,53,-1,-1,7
30990876,52,15,-1,-1,3
30997274,36,52,-1,-1,1
31003008,28,1,-1,-1,1
31005048,10,3,-1,-1,0
31005914,40,56,-1,-1,4
31000831,3,7,-1,-1,1
30998305,13,1,-1,-1,1
30996589,0,26,-1,-1,4
31005674,30,2,-1,-1,4
31005942,1,27,-1,-1,0
30991963,8,16,-1,-1,7
31005842,29,10,-1,-1,2
31005808,40,22,-1,-1,0
31002752,21,53,-1,-1,1
31003699,37,26,-1,-1,7
31004355,19,51,-1,-1,5
31001535,5,40,-1,-1,1
31002833,31,44,-1,-1,7
31001085,32,42,-1,-1,2
31005477,38,19,-1,-1,7
31005164,31,42,-1,-1,2
31004200,26,49,-1,-1,4
31001983,42,6,-1,-1,5
31004441,48,41,-1,-1,3
31001866,46,13,-1,-1,6
31003663,23,47,-1,-1,6
31005742,49,11,-1,-1,3
31004071,7,43,-1,-1,7
31004135,36,58,-1,-1,0
30998317,55,6,-1,-1,1
31002917,47,25,-1,-1,7
31005319,30,8,-1,-1,5
30993951,47,56,-1,-1,0
31005334,31,45,-1,-1,1
31003056,5,5,-1,-1,6
31004788,21,8,-1,-1,6
31005718,26,53,-1,-1,0
31005762,27,22,-1,-1,1
31003543,27,20,-1,-1,3
31005504,29,13,-1,-1,1
31005330,18,50,-1,-1,1
31004824,6,16,-1,-1,1
30996105,41,55,-1,-1,1
31005078,21,56,-1,-1,5
31005134,35,21,-1,-1,3
31000665,27,27,-1,-1,7
31004607,39,27,-1,-1,4
31002237,47,9,-1,-1,1
31001599,17,15,-1,-1,1
31005479,39,2,-1,-1,3
30996328,7,51,-1,-1,7
31002218,17,38,-1,-1,2
30997071,0,50,-1,-1,0
31001268,31,31,-1,-1,7
31003214,1,7,-1,-1,4
31004120,10,42,-1,-1,0
30999217,54,11,-1,-1,2
31001458,32,13,-1,-1,2
31006036,29,42,-1,-1,4
31005803,28,23,-1,-1,1
30999300,37,57,-1,-1,6
31004975,36,33,-1,-1,0
31006101,57,27,-1,-1,7
31005812,32,26,-1,-1,1
31004350,17,1,-1,-1,7
31003174,56,21,-1,-1,3
30995922,19,48,-1,-1,7
30976845,52,50,-1,-1,5
31005229,27,25,-1,-1,6
31005990,36,0,-1,-1,3
31006068,53,8,-1,-1,0
31005596,27,31,-1,-1,5
30993490,57,29,-1,-1,1
31005468,11,43,-1,-1,3
31000902,50,25,-1,-1,5
31003325,9,36,-1,-1,0
31005015,0,8,-1,-1,4
30994901,50,5,-1,-1,7
31002663,26,17,-1,-1,3
31000252,14,9,-1,-1,0
31000699,33,15,-1,-1,3
30996385,23,56,-1,-1,5
30998394,57,36,-1,-1,2
31005908,42,20,-1,-1,3
31001381,41,1,-1,-1,1
31002756,22,22,-1,-1,5
30995013,47,41,-1,-1,4
31005000,10,15,-1,-1,3
31000280,10,49,-1,-1,2
30995774,36,37,-1,-1,4
30995568,6,51,-1,-1,2
31005870,9,53,-1,-1,2
31002875,19,23,-1,-1,3
31001770,12,7,-1,-1,6
30996949,35,55,-1,-1,5
31005346,11,31,-1,-1,2
31000592,19,0,-1,-1,5
31004990,39,28,-1,-1,7
31006079,51,22,-1,-1,6
31005592,50,30,-1,-1,1
31006166,1,9,-1,-1,3
30993615,8,56,-1,-1,6
31004675,24,31,-1,-1,4
31005373,57,41,-1,-1,0
31004047,44,17,-1,-1,1
30997245,22,6,-1,-1,1
31005493,43,27,-1,-1,3
31001772,49,16,-1,-1,2
31005396,46,24,-1,-1,6
31002164,27,24,-1,-1,6
31005848,9,40,-1,-1,3
31005413,40,6,-1,-1,4
31003597,3,51,-1,-1,6
30995924,31,29,-1,-1,5
31001214,4,46,-1,-1,1
30999146,49,57,-1,-1,5
31005159,6,31,-1,-1,4
31002812,17,36,-1,-1,1
30998691,47,58,-1,-1,1
31002173,50,36,-1,-1,7
31005329,16,26,-1,-1,6
31006111,36,42,-1,-1,1
31003636,36,24,-1,-1,7
31001899,54,25,-1,-1,2
30999890,22,30,-1,-1,2
31002997,37,12,-1,-1,0
31005429,12,37,-1,-1,4
30988732,37,53,-1,-1,1
31005187,39,23,-1,-1,6
30997104,15,27,-1,-1,3
31006135,17,26,-1,-1,7
31002837,34,41,-1,-1,3
31002037,41,49,-1,-1,3
31002541,7,30,-1,-1,0
31006125,3,17,-1,-1,0
31000935,20,18,-1,-1,6
31004712,14,43,-1,-1,3
31004161,24,9,-1,-1,3
31004818,31,7,-1,-1,7
30992469,45,58,-1,-1,6
30999480,17,6,-1,-1,5
31005088,12,41,-1,-1,7
31005741,58,16,-1,-1,0
31003585,52,14,-1,-1,3
31000758,51,48,-1,-1,3
30992475,16,38,-1,-1,5
31004534,20,37,-1,-1,0
31003371,25,27,-1,-1,3
31004697,19,27,-1,-1,4
30999086,52,3,-1,-1,5
31004257,50,23,-1,-1,5
31002590,17,16,-1,-1,1
30986735,5,54,-1,-1,2
31006158,16,30,-1,-1,6
31005871,46,48,-1,-1,7
31003487,29,21,-1,-1,0
31005938,11,23,-1,-1,2
31005404,4,40,-1,-1,7
31005123,6,33,-1,-1,7
31003232,46,1,-1,-1,6
31005142,28,44,-1,-1,0
31001413,39,14,-1,-1,1
31005083,25,2,-1,-1,4
31003784,45,35,-1,-1,3
31004765,45,12,-1,-1,0
31002713,50,0,-1,-1,6
31006140,13,16,-1,-1,2
31004528,21,22,-1,-1,6
31002360,17,43,-1,-1,1
31003356,38,38,-1,-1,4
30997279,18,43,-1,-1,6
31005020,11,42,-1,-1,5
30996929,58,6,-1,-1,6
31004930,8,32,-1,-1,2
31005765,19,54,-1,-1,5
31006066,20,8,-1,-1,4
31002251,42,14,-1,-1,2
31003782,51,46,-1,-1,0
31004513,23,35,-1,-1,3
30999420,44,50,-1,-1,0
30991461,0,0,-1,-1,3
31000315,53,0,-1,-1,6
31004475,43,9,-1,-1,0
31000104,41,33,-1,-1,5
31004303,9,25,-1,-1,2
31003052,44,11,-1,-1,7
31006107,0,33,-1,-1,3
30990025,50,46,-1,-1,2
31001166,27,26,-1,-1,7
30994960,30,57,-1,-1,0
31005510,26,20,-1,-1,7
31002984,54,24,-1,-1,1
31005991,48,16,-1,-1,6
31005872,28,49,-1,-1,7
31004202,1,46,-1,-1,6
31003695,24,44,-1,-1,4
31003048,49,50,-1,-1,5
31002657,29,49,-1,-1,0
31001243,52,57,-1,-1,5
31005252,22,51,-1,-1,1
31001318,17,54,-1,-1,6
30994957,51,53,-1,-1,7
30998062,7,35,-1,-1,4
31001539,15,1,-1,-1,4
31006152,28,18,-1,-1,0
30999100,57,2,-1,-1,2
31005547,17,20,-1,-1,6
31003634,55,26,-1,-1,6
30996879,9,42,-1,-1,3
31002911,38,44,-1,-1,5
31003061,44,24,-1,-1,4
31002339,7,27,-1,-1,1
31003540,31,26,-1,-1,6
31000392,35,44,-1,-1,5
30997287,34,10,-1,-1,0
31002991,47,15,-1,-1,0
31005758,58,15,-1,-1,0
31002106,16,0,-1,-1,2
31001471,39,7,-1,-1,7
31005495,22,33,-1,-1,1
31006073,19,50,-1,-1,1
31003881,58,34,-1,-1,5
31005033,40,4,-1,-1,4
31002592,42,54,-1,-1,7
31004791,55,23,-1,-1,5
30998134,50,28,-1,-1,4
30996875,37,34,-1,-1,1
30993831,1,0,-1,-1,6
31005982,16,51,-1,-1,5
31001634,49,42,-1,-1,2
31005552,23,3,-1,-1,7
30995326,44,16,-1,-1,4
31002008,32,49,-1,-1,0
31001783,34,4,-1,-1,7
31001529,20,52,-1,-1,5
30981397,2,41,-1,-1,0
30998628,50,8,-1,-1,4
31001391,35,29,-1,-1,3
30982162,57,42,-1,-1,0
31004430,44,56,-1,-1,7
31006070,42,16,-1,-1,6
31005261,38,3,-1,-1,7
31003570,17,0,-1,-1,3
31000103,35,3,-1,-1,4
31001190,42,49,-1,-1,6
30999247,26,28,-1,-1,2
31004090,48,26,-1,-1,5
31003077,20,0,-1,-1,3
31002017,16,5,-1,-1,3
31003574,36,32,-1,-1,7
31005228,52,58,-1,-1,0
31003019,39,20,-1,-1,0
30998704,15,28,-1,-1,0
31003828,27,13,-1,-1,3
31002978,47,24,-1,-1,0
31000854,53,15,-1,-1,4
31005415,47,26,-1,-1,7
31003625,12,44,-1,-1,2
31004378,25,21,-1,-1,3
31005867,33,39,-1,-1,3
31004205,9,51,-1,-1,1
31004358,24,50,-1,-1,7
31005196,51,40,-1,-1,1
31002805,12,3,-1,-1,0
31005976,27,29,-1,-1,1
31005524,39,57,-1,-1,6
31005704,23,23,-1,-1,2
31004670,33,49,-1,-1,5
31002732,47,52,-1,-1,4
30996979,37,42,-1,-1,5
31004955,37,8,-1,-1,2
31005754,22,35,-1,-1,4
31001365,37,51,-1,-1,6
31001442,11,5,-1,-1,3
31002305,4,42,-1,-1,6
31005007,16,22,-1,-1,0
31001337,33,18,-1,-1,0
30998742,23,17,-1,-1,1
31005242,51,58,-1,-1,6
31003155,49,37,-1,-1,4
31000198,38,23,-1,-1,0
31004550,5,47,-1,-1,2
31001921,7,42,-1,-1,1
31000463,52,34,-1,-1,1
31004820,58,4,-1,-1,4
30990248,53,33,-1,-1,6
31003569,14,17,-1,-1,2
31005772,53,42,-1,-1,7
31002016,58,5,-1,-1,7
31006116,1,35,-1,-1,6
30999655,58,42,-1,-1,5
30999124,22,44,-1,-1,4
30992056,39,52,-1,-1,2
31002092,55,3,-1,-1,6
31004875,12,23,-1,-1,7
31000464,52,39,-1,-1,3
31006105,34,2,-1,-1,3
30987091,58,14,-1,-1,0
31000091,13,26,-1,-1,1
31004945,31,14,-1,-1,2
31004616,49,23,-1,-1,5
31005491,46,30,-1,-1,7
31003809,20,49,-1,-1,7
31003299,31,12,-1,-1,5
31003709,56,37,-1,-1,1
30996506,5,3,-1,-1,4
31003781,33,4,-1,-1,7
31003880,45,5,-1,-1,4
31004798,4,2,-1,-1,2
31006146,9,21,-1,-1,3
31006028,33,33,-1,-1,4
31005653,30,11,-1,-1,1
30998218,21,39,-1,-1,2
31004414,48,31,-1,-1,5
31004266,53,35,-1,-1,7
31005498,30,40,-1,-1,5
30994512,2,52,-1,-1,3
31003741,36,56,-1,-1,3
31005155,9,17,-1,-1,7
31005775,17,17,-1,-1,7
31004643,51,56,-1,-1,5
31002586,53,52,-1,-1,7
31000867,14,0,-1,-1,4
31003852,29,47,-1,-1,3
31005266,7,7,-1,-1,4
31001611,54,29,-1,-1,7
30995973,46,53,-1,-1,2
31001302,28,41,-1,-1,3
31006054,40,41,-1,-1,1
30996678,2,8,-1,-1,4
31004920,41,43,-1,-1,0
31005469,27,47,-1,-1,5
30998390,10,39,-1,-1,3
30998832,28,48,-1,-1,1
31006026,49,24,-1,-1,1
31004259,47,13,-1,-1,6
31004661,8,47,-1,-1,6
31005024,8,13,-1,-1,6
31006124,16,34,-1,-1,3
31004715,36,46,-1,-1,7
30993628,42,37,-1,-1,3
31004667,34,3,-1,-1,4
31005108,28,5,-1,-1,1
31005752,7,46,-1,-1,2
31004552,27,7,-1,-1,4
31000361,14,29,-1,-1,2
31000029,21,54,-1,-1,2
31005480,32,6,-1,-1,2
31000211,4,51,-1,-1,7
30988342,5,36,-1,-1,1
31002333,50,52,-1,-1,5
30991697,51,15,-1,-1,0
30989238,56,22,-1,-1,1
31003524,2,24,-1,-1,5
31006144,9,23,-1,-1,0
31004364,47,44,-1,-1,0
31000601,52,40,-1,-1,3
31005673,22,56,-1,-1,1
30995488,33,53,-1,-1,6
31006074,45,26,-1,-1,6
31005756,51,2,-1,-1,6
31006132,24,36,-1,-1,7
31000468,7,19,-1,-1,5
31005949,38,26,-1,-1,2
31004963,8,57,-1,-1,5
31004593,27,50,-1,-1,5
31002195,47,54,-1,-1,5
31005598,57,39,-1,-1,2
30998493,2,4,-1,-1,7
31002304,57,34,-1,-1,0
31005442,16,58,-1,-1,2
30999091,43,28,-1,-1,3
30993207,21,51,-1,-1,3
30995963,4,35,-1,-1,4
31000542,47,35,-1,-1,4
31004105,44,33,-1,-1,2
31005921,22,28,-1,-1,2
31000520,1,25,-1,-1,3
31006142,51,34,-1,-1,2
31005299,22,50,-1,-1,6
31005658,18,48,-1,-1,2
31005571,31,2,-1,-1,1
31002696,58,33,-1,-1,4
31000793,37,28,-1,-1,7
30999147,9,10,-1,-1,7
31005877,3,29,-1,-1,5
31006039,11,52,-1,-1,3
31003885,4,49,-1,-1,5
30988216,7,58,-1,-1,2
31000497,49,10,-1,-1,6
31004407,55,11,-1,-1,1
31004085,39,26,-1,-1,7
30983233,54,39,-1,-1,1
31002733,25,43,-1,-1,6
31003820,25,14,-1,-1,1
31002815,53,53,-1,-1,0
31004091,35,31,-1,-1,7
31001142,36,15,-1,-1,1
30995773,5,58,-1,-1,1
30997823,32,40,-1,-1,4
31000885,21,40,-1,-1,3
31005705,41,26,-1,-1,3
31001664,57,38,-1,-1,5
31004957,10,57,-1,-1,0
31002206,22,4,-1,-1,3
31002235,44,42,-1,-1,4
31005286,37,52,-1,-1,3
31006175,37,45,-1,-1,6
31005276,52,36,-1,-1,6
31005190,14,16,-1,-1,0
31005422,9,24,-1,-1,0
31004523,29,16,-1,-1,3
31004619,33,13,-1,-1,2
31004067,38,40,-1,-1,4
31001541,21,45,-1,-1,2
30996511,50,54,-1,-1,3
31006037,44,12,-1,-1,4
31005722,31,21,-1,-1,0
30994654,1,22,-1,-1,7
31000994,1,23,-1,-1,2
30991898,4,28,-1,-1,4
31000059,4,34,-1,-1,7
31004286,14,22,-1,-1,7
31004368,41,17,-1,-1,1
31001949,3,8,-1,-1,7
30998712,3,40,-1,-1,2
31006174,6,6,-1,-1,2
31001136,13,6,-1,-1,7
31005289,41,48,-1,-1,7
31002345,5,56,-1,-1,3
30991435,13,9,-1,-1,5
30997163,36,38,-1,-1,1
31003057,7,50,-1,-1,2
31002504,19,21,-1,-1,2
31001083,28,56,-1,-1,3
31005097,22,10,-1,-1,7
31004448,42,42,-1,-1,5
30997595,39,55,-1,-1,5
31003602,2,6,-1,-1,0
31004201,28,15,-1,-1,2
30988268,37,55,-1,-1,2
31006173,10,13,-1,-1,2
30999114,14,53,-1,-1,1
30996862,46,6,-1,-1,5
31005782,3,5,-1,-1,3
31005154,14,11,-1,-1,5
31006021,24,15,-1,-1,3
31005830,5,4,-1,-1,6
31006016,33,22,-1,-1,7
31004473,20,35,-1,-1,2
31001988,27,45,-1,-1,5
30984640,46,58,-1,-1,6
31004225,36,22,-1,-1,1
30997931,11,58,-1,-1,1
30997438,7,44,-1,-1,6
31005614,46,36,-1,-1,6
31005687,47,39,-1,-1,6
31002450,29,37,-1,-1,7
31004062,23,15,-1,-1,2
31003164,14,8,-1,-1,4
31003572,29,3,-1,-1,2
31003509,54,46,-1,-1,0
31004650,29,28,-1,-1,6
31003544,21,9,-1,-1,5
31005654,16,31,-1,-1,1
31005062,35,40,-1,-1,5
30998198,46,43,-1,-1,6
31000093,6,14,-1,-1,4
31002192,5,16,-1,-1,6
31000242,41,57,-1,-1,0
31001887,25,57,-1,-1,3
31004305,19,26,-1,-1,0
31002023,18,3,-1,-1,3
31005456,35,52,-1,-1,5
31004718,23,24,-1,-1,4
31005580,50,26,-1,-1,0
31006049,20,39,-1,-1,3
31006150,20,43,-1,-1,4
31003705,4,7,-1,-1,4
31004150,41,56,-1,-1,3
31001505,39,31,-1,-1,3
31003871,23,42,-1,-1,2
31002424,48,32,-1,-1,7
30995602,54,55,-1,-1,4
31000132,39,42,-1,-1,3
31004543,49,12,-1,-1,1
31003968,18,42,-1,-1,4
31004151,15,10,-1,-1,3
31001239,8,35,-1,-1,6
31003932,42,12,-1,-1,4
31003247,42,0,-1,-1,2
31005648,34,14,-1,-1,2
31003157,44,1,-1,-1,7
31005785,7,20,-1,-1,3
31004577,13,23,-1,-1,4
31004434,52,16,-1,-1,5
30994090,25,49,-1,-1,3
31005053,22,42,-1,-1,7
31002183,10,25,-1,-1,4
31000584,33,25,-1,-1,5
31000878,54,23,-1,-1,0
31006019,21,16,-1,-1,7
31002802,42,17,-1,-1,6
31004862,58,13,-1,-1,7
31004214,45,27,-1,-1,7
31001077,43,56,-1,-1,4
31001814,47,28,-1,-1,1
31005817,35,49,-1,-1,0
30999953,2,1,-1,-1,1
31005947,6,58,-1,-1,0
31004051,51,19,-1,-1,3
31005651,45,33,-1,-1,7
30979445,51,7,-1,-1,6
30993345,52,26,-1,-1,3
30997568,38,54,-1,-1,7
31002271,19,17,-1,-1,1
31005838,19,20,-1,-1,1
30992702,54,15,-1,-1,3
31004822,39,37,-1,-1,2
31004492,45,13,-1,-1,3
31005667,55,31,-1,-1,5
31006176,34,16,-1,-1,6
31001299,3,30,-1,-1,6
30994759,41,52,-1,-1,5
31004844,17,5,-1,-1,6
31004489,7,11,-1,-1,2
31005207,16,37,-1,-1,0
31005993,1,11,-1,-1,7
31005140,7,57,-1,-1,3
31005376,38,43,-1,-1,0
31002644,38,34,-1,-1,4
31000221,35,41,-1,-1,4
31002643,28,14,-1,-1,4
30988749,44,6,-1,-1,7
31005836,14,24,-1,-1,0
31004532,46,3,-1,-1,3
31003439,26,5,-1,-1,3
31005983,16,6,-1,-1,3
31003068,26,52,-1,-1,4
31005694,22,39,-1,-1,0
31005149,53,1,-1,-1,1
31002847,15,35,-1,-1,4
31002914,54,52,-1,-1,5
31001912,10,31,-1,-1,1
31004162,5,14,-1,-1,7
31005724,20,58,-1,-1,2
31005725,50,31,-1,-1,2
31002731,34,12,-1,-1,1
30995912,43,44,-1,-1,4
31001110,47,38,-1,-1,4
31001345,48,49,-1,-1,7
30993337,13,17,-1,-1,2
31005844,48,38,-1,-1,6
31001530,56,10,-1,-1,6
30994812,9,35,-1,-1,1
31000939,34,43,-1,-1,2
31005920,26,26,-1,-1,3
31003337,23,28,-1,-1,3
30999238,17,30,-1,-1,1
31003611,52,49,-1,-1,7
31005820,34,5,-1,-1,0
31004665,6,18,-1,-1,2
31006137,43,12,-1,-1,4
31005751,4,25,-1,-1,5
31005411,50,6,-1,-1,4
31003495,32,45,-1,-1,6
31005738,32,29,-1,-1,4
31005922,30,55,-1,-1,2
30987891,49,55,-1,-1,2
30996623,29,57,-1,-1,3
31005657,36,29,-1,-1,3
31000865,45,54,-1,-1,0
31005691,38,14,-1,-1,6
31003687,19,15,-1,-1,5
31006171,30,13,-1,-1,3
31005384,3,41,-1,-1,6
31001022,22,38,-1,-1,7
31005617,47,18,-1,-1,7
30999057,35,43,-1,-1,2
31005444,56,31,-1,-1,0
31002830,30,14,-1,-1,5
31003245,49,28,-1,-1,1
31005489,37,22,-1,-1,5
31002473,53,21,-1,-1,6
30990201,56,41,-1,-1,3
31005809,46,42,-1,-1,6
31003564,18,37,-1,-1,5
31000134,4,30,-1,-1,1
31001897,42,24,-1,-1,4
31004309,50,15,-1,-1,5
31004444,51,1,-1,-1,7
31004420,34,27,-1,-1,7
31005821,43,23,-1,-1,6
31004711,33,38,-1,-1,0
31003829,35,48,-1,-1,4
31003012,0,38,-1,-1,2
31005386,35,9,-1,-1,2
30999083,14,20,-1,-1,1
31004704,58,1,-1,-1,5
31005519,31,57,-1,-1,3
31004362,18,21,-1,-1,1
30999440,41,54,-1,-1,1
31004446,52,29,-1,-1,1
31005961,52,30,-1,-1,4
30997638,25,4,-1,-1,7
31004796,37,0,-1,-1,3
31005406,26,44,-1,-1,4
31005554,52,21,-1,-1,3
31004256,16,15,-1,-1,4
30999301,3,24,-1,-1,6
30979584,0,45,-1,-1,2
31001829,45,7,-1,-1,4
31005492,18,49,-1,-1,6
30992446,0,2,-1,-1,3
31006046,48,22,-1,-1,7
31000044,49,34,-1,-1,6
30984509,54,13,-1,-1,3
30997247,1,48,-1,-1,6
31005997,13,45,-1,-1,4
31003058,37,9,-1,-1,2
31006062,46,12,-1,-1,6
31001167,45,6,-1,-1,5
31003004,25,7,-1,-1,1
31002648,37,47,-1,-1,4
31004750,40,11,-1,-1,0
31004803,29,31,-1,-1,5
31004113,16,36,-1,-1,3
31003377,12,2,-1,-1,1
31001739,6,25,-1,-1,0
31001512,15,31,-1,-1,6
31003484,22,41,-1,-1,7
31003525,13,12,-1,-1,0
30999267,6,30,-1,-1,1
31003937,8,46,-1,-1,2
31005172,14,50,-1,-1,1
31003385,58,22,-1,-1,0
31004547,45,50,-1,-1,2
31002668,13,46,-1,-1,3
31000726,46,40,-1,-1,2
30999679,50,2,-1,-1,1
31003832,32,15,-1,-1,1
31003912,33,20,-1,-1,3
31005855,49,18,-1,-1,4
31004261,33,11,-1,-1,6
30999028,44,53,-1,-1,1
30998430,37,54,-1,-1,7
31005474,57,5,-1,-1,3
31004618,14,41,-1,-1,5
31005176,6,50,-1,-1,0
31000942,19,3,-1,-1,1
30997920,3,27,-1,-1,7
30998850,22,20,-1,-1,2
31006040,6,32,-1,-1,3
31005706,17,50,-1,-1,4
31005005,38,9,-1,-1,5
31003789,44,3,-1,-1,1
31004526,40,26,-1,-1,0
31005117,17,42,-1,-1,0
30992859,37,10,-1,-1,3
31005971,20,32,-1,-1,3
31005170,27,14,-1,-1,7
31002930,29,35,-1,-1,1
31002318,50,49,-1,-1,6
31005549,30,20,-1,-1,4
31005317,1,15,-1,-1,3
31003666,19,32,-1,-1,4
31004576,24,5,-1,-1,1
30998865,8,41,-1,-1,6
31004449,50,22,-1,-1,7
31005892,10,26,-1,-1,7
31000490,24,53,-1,-1,6
31005052,13,11,-1,-1,4
31005883,22,32,-1,-1,0
31005989,12,1,-1,-1,2
31005022,35,12,-1,-1,1
31003389,53,16,-1,-1,6
30998296,47,42,-1,-1,6
31004128,44,9,-1,-1,4
31005891,0,27,-1,-1,2
31000084,1,10,-1,-1,6
30991291,17,39,-1,-1,4
31003731,54,48,-1,-1,6
31000687,46,32,-1,-1,2
31004823,1,13,-1,-1,3
30995357,56,14,-1,-1,6
31004724,4,8,-1,-1,1
31003617,49,30,-1,-1,7
31003869,26,15,-1,-1,0
31006187,3,12,-1,-1,0
31005679,55,28,-1,-1,3
31001929,33,34,-1,-1,1
31003407,23,25,-1,-1,4
31005532,27,35,-1,-1,3
31001839,38,21,-1,-1,5
30995509,25,53,-1,-1,6
31001951,28,51,-1,-1,3
31001888,12,54,-1,-1,5
31005635,41,29,-1,-1,0
30997416,8,18,-1,-1,4
31004405,37,23,-1,-1,0
31003506,21,33,-1,-1,2
30997572,1,16,-1,-1,7
30998775,6,2,-1,-1,3
31002600,32,55,-1,-1,2
31000086,20,46,-1,-1,2
31005953,46,4,-1,-1,7
30993405,4,38,-1,-1,0
31002612,23,27,-1,-1,5
31005273,38,48,-1,-1,2
30992927,50,39,-1,-1,2
31003879,19,41,-1,-1,2
31005945,52,41,-1,-1,2
30998959,44,48,-1,-1,7
30997796,56,38,-1,-1,7
31006071,51,47,-1,-1,3
31006115,35,20,-1,-1,0
31003647,57,19,-1,-1,5
30997310,6,46,-1,-1,2
31004549,20,4,-1,-1,2
31004294,25,25,-1,-1,3
31001406,52,2,-1,-1,6
31004726,34,13,-1,-1,0
31005077,48,48,-1,-1,6
30996576,0,24,-1,-1,4
31005464,44,0,-1,-1,3
31004204,16,48,-1,-1,6
31005584,20,38,-1,-1,0
31004843,16,45,-1,-1,6
30995294,23,2,-1,-1,7
31005349,26,38,-1,-1,0
31006032,1,50,-1,-1,5
31005185,26,13,-1,-1,0
31004013,24,23,-1,-1,0
31002906,54,28,-1,-1,1
31000781,50,7,-1,-1,7
31004042,18,30,-1,-1,6
31005206,55,0,-1,-1,5
31003724,58,11,-1,-1,7
31004739,45,22,-1,-1,3
30997870,53,11,-1,-1,5
30999674,1,34,-1,-1,5
31001095,23,16,-1,-1,0
31004291,18,4,-1,-1,3
31003775,35,47,-1,-1,0
31005561,8,10,-1,-1,3
31004713,37,3,-1,-1,1
31005915,28,31,-1,-1,1
31001817,24,8,-1,-1,1
31004991,47,40,-1,-1,6
31003172,38,12,-1,-1,2
31002633,19,19,-1,-1,2
31002721,26,12,-1,-1,4
31003305,46,22,-1,-1,0
31003805,27,11,-1,-1,7
31005802,55,44,-1,-1,4
31003090,11,21,-1,-1,0
31001910,37,6,-1,-1,1
31000356,57,20,-1,-1,3
30998708,57,3,-1,-1,7
31004070,5,55,-1,-1,3
31005443,4,36,-1,-1,0
30995426,8,11,-1,-1,6
31003182,24,37,-1,-1,1
30994122,5,30,-1,-1,5
31002337,6,27,-1,-1,6
31004622,39,11,-1,-1,6
30999109,9,6,-1,-1,4
31001250,47,14,-1,-1,1
31006148,27,56,-1,-1,1
31000185,3,10,-1,-1,7
31004504,57,26,-1,-1,1
31004413,8,44,-1,-1,5
31005831,54,44,-1,-1,7
31004188,45,47,-1,-1,6
31002780,7,29,-1,-1,5
31005045,40,33,-1,-1,0
31001224,4,1,-1,-1,0
31003300,49,58,-1,-1,0
31003471,7,53,-1,-1,6
30998558,25,48,-1,-1,3
31000247,12,51,-1,-1,0
31005588,23,33,-1,-1,3
31006165,23,36,-1,-1,1
31004383,45,31,-1,-1,0
31004213,47,11,-1,-1,5
31004919,16,10,-1,-1,5
31003957,45,34,-1,-1,5
31003761,47,51,-1,-1,0
30997351,6,20,-1,-1,7
31001469,22,58,-1,-1,0
31005886,13,37,-1,-1,3
30994956,54,14,-1,-1,1
30987664,7,32,-1,-1,0
31001643,31,9,-1,-1,3
31003950,31,40,-1,-1,5
31004087,27,52,-1,-1,1
31003802,37,1,-1,-1,5
31001542,16,57,-1,-1,4
31003943,23,4,-1,-1,3
31005037,51,38,-1,-1,4
30999874,46,54,-1,-1,0
31006134,33,1,-1,-1,7
30999944,24,56,-1,-1,0
30989940,3,32,-1,-1,4
31004892,36,50,-1,-1,0
31000108,22,47,-1,-1,5
31005692,26,24,-1,-1,5
30999578,30,58,-1,-1,0
31002332,24,20,-1,-1,2
31004053,14,4,-1,-1,3
31005178,18,14,-1,-1,4
31004531,13,19,-1,-1,2
31001387,51,55,-1,-1,4
31005029,13,20,-1,-1,5
31000556,52,4,-1,-1,3
31001432,40,40,-1,-1,1
31004772,52,13,-1,-1,7
31005640,0,47,-1,-1,3
31004421,40,44,-1,-1,2
31001402,40,1,-1,-1,3
30998287,9,2,-1,-1,1
30999513,36,17,-1,-1,7
31004910,40,14,-1,-1,1
31005683,18,18,-1,-1,4
30998069,7,24,-1,-1,1
31005731,23,41,-1,-1,0
31000691,38,35,-1,-1,2
31006061,30,28,-1,-1,7
30997125,54,34,-1,-1,5
31005767,15,37,-1,-1,4
31004038,49,33,-1,-1,0
31004857,44,40,-1,-1,2
30992406,54,4,-1,-1,4
31001639,16,2,-1,-1,1
31005454,12,13,-1,-1,5
31004482,30,49,-1,-1,1
31000516,2,44,-1,-1,7
31003889,0,54,-1,-1,3
31000755,48,3,-1,-1,0
30987655,36,54,-1,-1,7
31000741,54,2,-1,-1,3
30996363,5,9,-1,-1,2
30995432,13,5,-1,-1,3
31003040,49,6,-1,-1,6
30992690,27,0,-1,-1,6
31004511,18,16,-1,-1,6
31001372,21,2,-1,-1,3
31001559,45,10,-1,-1,2
30997635,48,23,-1,-1,3
31003523,37,43,-1,-1,6
31005777,39,38,-1,-1,6
31006129,37,49,-1,-1,4
31005374,28,29,-1,-1,5
31005132,19,31,-1,-1,3
31003163,53,47,-1,-1,5
31001945,29,43,-1,-1,5
31001160,17,7,-1,-1,1
31005650,8,37,-1,-1,1
31003292,23,10,-1,-1,5
30994071,9,1,-1,-1,2
30989916,3,3,-1,-1,1
31004258,35,24,-1,-1,1
31004924,51,57,-1,-1,1
30978855,0,53,-1,-1,4
31005717,11,19,-1,-1,0
31004553,36,45,-1,-1,2
31002859,32,54,-1,-1,0
30999545,31,47,-1,-1,5
31002705,4,33,-1,-1,2
31000636,17,47,-1,-1,6
31004095,42,48,-1,-1,2
31005856,8,50,-1,-1,4
31005008,33,23,-1,-1,3
31000937,16,11,-1,-1,3
31005860,31,49,-1,-1,0
31005451,24,51,-1,-1,6
31002934,3,2,-1,-1,3
31004488,7,22,-1,-1,3
31005759,29,11,-1,-1,4
31004872,6,40,-1,-1,6
31003886,27,30,-1,-1,5
31004203,57,57,-1,-1,1
31004247,39,12,-1,-1,3
31005333,40,51,-1,-1,1
31001610,15,40,-1,-1,1
31003289,12,58,-1,-1,6
31001414,20,53,-1,-1,3
31006065,43,35,-1,-1,2
31002547,33,8,-1,-1,5
31004297,19,46,-1,-1,5
30989360,33,54,-1,-1,2
31004554,19,47,-1,-1,5
31005956,28,27,-1,-1,4
31000234,57,22,-1,-1,0
31002895,36,21,-1,-1,4
30997665,4,57,-1,-1,5
30996123,2,58,-1,-1,7
31002287,33,31,-1,-1,1
31005634,29,14,-1,-1,5
31005310,48,40,-1,-1,2
30997649,11,28,-1,-1,1
31005928,24,7,-1,-1,7
31004623,9,3,-1,-1,3
31002591,0,10,-1,-1,4
31004052,40,23,-1,-1,3
30997645,6,48,-1,-1,7
31003353,26,27,-1,-1,2
31004243,50,10,-1,-1,0
31004211,32,9,-1,-1,6
31005586,19,36,-1,-1,2
31001020,56,55,-1,-1,7
31002619,18,19,-1,-1,3
31004983,15,51,-1,-1,3
30999572,18,13,-1,-1,7
31001593,38,33,-1,-1,7
30987806,5,17,-1,-1,4
30993990,6,7,-1,-1,6
31003395,29,50,-1,-1,6
30997728,21,55,-1,-1,3
31005222,9,31,-1,-1,0
31002995,43,54,-1,-1,1
31000892,31,52,-1,-1,4
31003062,4,12,-1,-1,0
31006063,36,34,-1,-1,7
31002817,14,34,-1,-1,2
31005325,26,47,-1,-1,0
31002210,12,28,-1,-1,0
31002763,5,8,-1,-1,4
31004799,12,56,-1,-1,0
30997844,57,1,-1,-1,7
30999098,56,42,-1,-1,7
30999677,22,49,-1,-1,0
31002062,20,5,-1,-1,1
31003159,32,28,-1,-1,6
31002146,52,52,-1,-1,1
31001324,41,42,-1,-1,1
30999333,1,12,-1,-1,7
31005021,17,35,-1,-1,0
31005402,13,30,-1,-1,5
31005080,26,4,-1,-1,2
31003906,29,17,-1,-1,1
31003015,50,43,-1,-1,5
31005173,55,54,-1,-1,4
31005394,16,8,-1,-1,2
30995556,37,31,-1,-1,4
31005797,13,24,-1,-1,1
31004518,45,57,-1,-1,4
31004669,14,10,-1,-1,5
31005910,41,27,-1,-1,3
31003038,35,46,-1,-1,7
31006048,30,24,-1,-1,1
31005780,47,4,-1,-1,5
31005018,54,18,-1,-1,1
30999081,44,57,-1,-1,4
30997639,2,23,-1,-1,3
31000174,26,54,-1,-1,7
31004574,29,30,-1,-1,5
30998020,38,5,-1,-1,5
31000509,54,6,-1,-1,5
30998560,5,18,-1,-1,7
30991548,54,35,-1,-1,5
31006008,22,0,-1,-1,3
31003822,44,43,-1,-1,4
31004147,12,50,-1,-1,7
31004220,34,29,-1,-1,2
31003973,35,51,-1,-1,3
30994016,5,11,-1,-1,6
31004890,9,58,-1,-1,2
30985489,6,22,-1,-1,1
31000238,1,56,-1,-1,1
31005130,50,48,-1,-1,3
31003301,44,39,-1,-1,4
30997697,53,41,-1,-1,4
30990942,9,12,-1,-1,1
31006077,13,53,-1,-1,0
31004379,9,50,-1,-1,0
31005161,8,24,-1,-1,6
31003109,24,52,-1,-1,7
31004847,20,54,-1,-1,2
31003744,13,52,-1,-1,5
31004690,12,19,-1,-1,1
31005604,3,55,-1,-1,2
31006157,53,34,-1,-1,0
31000675,35,54,-1,-1,6
30997718,55,21,-1,-1,7
31003838,53,14,-1,-1,3
31005539,54,5,-1,-1,4
31002328,19,6,-1,-1,2
31006113,31,23,-1,-1,0
30991615,54,58,-1,-1,7
31005182,7,37,-1,-1,1
31002828,29,38,-1,-1,4
31004170,38,18,-1,-1,3
31004999,35,5,-1,-1,4
31005589,30,15,-1,-1,6
31004731,19,44,-1,-1,5
31000733,10,40,-1,-1,3
31001358,8,3,-1,-1,1
31005438,11,48,-1,-1,1
31003640,33,6,-1,-1,2
30998436,9,26,-1,-1,7
31004485,40,43,-1,-1,2
31004034,11,33,-1,-1,2
30998099,1,53,-1,-1,7
30998124,41,32,-1,-1,3
31002940,2,9,-1,-1,0
31001369,53,44,-1,-1,6
31003037,47,8,-1,-1,0
31001237,39,17,-1,-1,7
31004602,53,39,-1,-1,2
31004429,34,57,-1,-1,5
31004193,22,1,-1,-1,1
31000752,58,44,-1,-1,5
31004278,24,25,-1,-1,7
31005409,46,26,-1,-1,7
31003941,28,42,-1,-1,1
31003121,55,18,-1,-1,2
31001964,50,3,-1,-1,5
31002826,56,29,-1,-1,4
30996496,6,0,-1,-1,3
31002884,58,28,-1,-1,6
31003256,40,7,-1,-1,6
31003498,10,47,-1,-1,5
31004569,10,0,-1,-1,5
31004529,5,46,-1,-1,5
31005535,21,32,-1,-1,7
30975277,5,2,-1,-1,1
31005109,49,35,-1,-1,4
31005258,13,43,-1,-1,3
31004936,40,37,-1,-1,0
31004416,20,7,-1,-1,1
30999042,51,50,-1,-1,5
31005637,25,28,-1,-1,2
31001702,9,32,-1,-1,1
31003821,58,57,-1,-1,4
31002480,33,5,-1,-1,5
30997726,14,51,-1,-1,4
30998474,6,39,-1,-1,1
31005416,5,26,-1,-1,4
31004083,20,1,-1,-1,6
31002123,50,35,-1,-1,1
31006153,46,44,-1,-1,7
30994450,12,53,-1,-1,1
31005354,42,21,-1,-1,7
31003274,44,15,-1,-1,0
30994026,47,49,-1,-1,7
31004720,35,10,-1,-1,4
30993881,0,52,-1,-1,0
31006030,17,58,-1,-1,7
31005148,6,13,-1,-1,0
31005916,22,36,-1,-1,7
31005296,13,14,-1,-1,1
30998079,8,20,-1,-1,3
31000999,47,30,-1,-1,7
31006075,23,9,-1,-1,4
31005309,43,37,-1,-1,6
31003430,46,45,-1,-1,4
31005288,14,54,-1,-1,1
30985539,2,55,-1,-1,3
31002637,44,7,-1,-1,0
31002426,26,31,-1,-1,0
31005316,20,16,-1,-1,6
31005537,26,8,-1,-1,5
31004287,29,15,-1,-1,1
31006041,28,28,-1,-1,6
31005233,27,43,-1,-1,7
31005587,10,28,-1,-1,3
31002562,22,43,-1,-1,7
31004184,32,39,-1,-1,1
31004279,27,48,-1,-1,3
31005924,31,17,-1,-1,5
31003087,27,38,-1,-1,2
31005146,32,22,-1,-1,5
31000050,38,51,-1,-1,1
30995292,42,53,-1,-1,0
31004546,22,31,-1,-1,4
30991239,14,12,-1,-1,7
31003648,4,56,-1,-1,3
31005061,16,29,-1,-1,6
30999031,46,49,-1,-1,0
31004507,38,22,-1,-1,4
31003145,13,3,-1,-1,5
30993459,17,57,-1,-1,5
30998905,34,18,-1,-1,7
31004800,34,49,-1,-1,5
31004604,34,9,-1,-1,2
31003125,40,32,-1,-1,5
31006025,56,24,-1,-1,0
31006104,42,25,-1,-1,6
31005564,3,34,-1,-1,5
31004496,50,44,-1,-1,2
31004966,49,4,-1,-1,4
31005184,27,55,-1,-1,5
31005199,15,4,-1,-1,5
30998367,4,9,-1,-1,7
31003342,55,14,-1,-1,6
30999980,11,57,-1,-1,5
31005806,51,5,-1,-1,1
31005984,57,7,-1,-1,5
31005291,28,26,-1,-1,1
31004904,10,30,-1,-1,0
31006082,47,53,-1,-1,3
31001449,8,21,-1,-1,3
31004470,16,17,-1,-1,5
30996827,21,4,-1,-1,7
31006121,31,53,-1,-1,7
31005994,49,32,-1,-1,3
31005661,23,45,-1,-1,4
31005551,45,21,-1,-1,6
31005104,13,29,-1,-1,2
31005152,27,42,-1,-1,4
31005671,25,22,-1,-1,0
31004043,54,20,-1,-1,6
31005695,25,38,-1,-1,5
31004036,14,3,-1,-1,2
31004861,9,29,-1,-1,6
31000417,34,56,-1,-1,7
31005390,50,27,-1,-1,1
31005446,21,1,-1,-1,0
31001025,32,48,-1,-1,7
30995782,25,13,-1,-1,2
31003773,52,37,-1,-1,0
31005186,27,5,-1,-1,5
31001764,42,19,-1,-1,4
31002150,41,44,-1,-1,0
31005433,50,1,-1,-1,6
31003635,17,10,-1,-1,4
31003892,23,22,-1,-1,4
31004889,30,6,-1,-1,4
31004644,22,13,-1,-1,6
31005954,42,2,-1,-1,3
31004072,14,35,-1,-1,5
31002133,55,33,-1,-1,7
31005546,36,13,-1,-1,6
31004628,27,41,-1,-1,7
31002005,5,0,-1,-1,4
31004466,12,40,-1,-1,2
31004443,5,19,-1,-1,1
30999450,6,55,-1,-1,5
31004363,39,43,-1,-1,0
31004960,14,42,-1,-1,7
31002513,18,17,-1,-1,3
30997506,53,40,-1,-1,2
31004840,43,19,-1,-1,0
31003139,22,2,-1,-1,3
30982723,6,15,-1,-1,1
31004010,51,43,-1,-1,5
31003831,15,26,-1,-1,7
31005711,36,41,-1,-1,1
31002286,16,49,-1,-1,1
31006067,2,53,-1,-1,7
31005613,29,1,-1,-1,3
31000379,19,10,-1,-1,3
31004226,1,21,-1,-1,2
31005525,31,1,-1,-1,6
31004410,15,39,-1,-1,5
31001708,28,11,-1,-1,2
31002894,29,46,-1,-1,6
31002322,12,31,-1,-1,4
30988975,16,55,-1,-1,0
30999205,55,37,-1,-1,1
31001456,38,57,-1,-1,3
30996514,20,42,-1,-1,7
31005218,14,27,-1,-1,2
30990608,12,39,-1,-1,2
31003845,35,18,-1,-1,2
31005250,40,15,-1,-1,4
31000284,9,57,-1,-1,1
31001918,20,10,-1,-1,4
31003694,6,37,-1,-1,7
31003310,33,37,-1,-1,1
31003478,10,48,-1,-1,1
31002840,40,10,-1,-1,4
31006087,11,54,-1,-1,0
31005644,52,11,-1,-1,6
31001978,10,4,-1,-1,6
31002631,56,2,-1,-1,0
31001603,44,21,-1,-1,6
31004743,36,10,-1,-1,1
31005740,21,28,-1,-1,2
31004761,29,36,-1,-1,7
31000479,24,0,-1,-1,3
31004494,8,58,-1,-1,2
31006103,17,34,-1,-1,3
31005682,25,54,-1,-1,3
31005565,17,12,-1,-1,0
31001043,41,9,-1,-1,1
31005854,31,5,-1,-1,2
31003309,50,14,-1,-1,3
31000011,4,53,-1,-1,4
31005445,46,57,-1,-1,3
31004481,7,9,-1,-1,4
31002293,36,35,-1,-1,6
31005824,10,17,-1,-1,5
31005285,27,15,-1,-1,7
30983947,38,29,-1,-1,5
30999024,30,18,-1,-1,7
31005607,29,41,-1,-1,4
31003670,53,2,-1,-1,2
31006042,7,31,-1,-1,7
31005113,48,39,-1,-1,1
31004536,30,27,-1,-1,6
31005935,15,12,-1,-1,1
31005486,28,2,-1,-1,2
31002365,52,20,-1,-1,5
31001244,26,9,-1,-1,0
31004192,35,7,-1,-1,3
30971752,45,28,-1,-1,0
31004814,31,11,-1,-1,3
30999536,17,23,-1,-1,6
31006085,29,25,-1,-1,0
31004953,7,54,-1,-1,6
31003399,58,37,-1,-1,7
31002819,18,26,-1,-1,3
31006012,12,21,-1,-1,4
31006083,57,45,-1,-1,7
31005203,55,55,-1,-1,1
31001757,14,44,-1,-1,6
31003446,8,0,-1,-1,5
31004440,0,30,-1,-1,2
31005862,6,4,-1,-1,7
31005293,51,30,-1,-1,2
31003452,0,43,-1,-1,2
31001965,15,43,-1,-1,6
31004589,48,54,-1,-1,2
31004632,28,38,-1,-1,5
31004497,7,21,-1,-1,6
31005269,18,40,-1,-1,2
31004774,15,34,-1,-1,4
31005975,15,23,-1,-1,2
31001578,42,34,-1,-1,7
30995106,7,52,-1,-1,2
31004717,48,25,-1,-1,5
30997732,45,32,-1,-1,6
31003566,51,52,-1,-1,3
30984797,39,47,-1,-1,1
31005980,13,56,-1,-1,2
31005884,1,18,-1,-1,5
31004925,42,22,-1,-1,7
31005054,6,42,-1,-1,2
31005906,33,29,-1,-1,7
31004736,42,55,-1,-1,4
30992097,58,24,-1,-1,4
31000893,38,8,-1,-1,5
31003240,28,55,-1,-1,6
30999123,23,54,-1,-1,5
31002315,58,39,-1,-1,4
31005943,35,50,-1,-1,5
31005688,49,17,-1,-1,4
31006038,10,32,-1,-1,3
31004131,37,7,-1,-1,6
31005069,40,34,-1,-1,2
31005866,18,22,-1,-1,0
31005377,23,21,-1,-1,4
31006029,2,31,-1,-1,6
31001255,15,18,-1,-1,1
30993959,32,2,-1,-1,6
31005355,30,37,-1,-1,3
30999882,30,7,-1,-1,1
31005540,31,36,-1,-1,4
31002965,47,12,-1,-1,1
31001135,56,54,-1,-1,2
31004777,11,32,-1,-1,2
31001946,37,36,-1,-1,5
31005601,28,32,-1,-1,3
31000287,42,56,-1,-1,6
30997810,46,20,-1,-1,2
31002211,43,32,-1,-1,1
31000080,27,19,-1,-1,2
31003360,3,45,-1,-1,7
30984557,4,58,-1,-1,2
31001507,35,23,-1,-1,7
31005681,30,17,-1,-1,7
31004320,57,14,-1,-1,1
30996205,43,55,-1,-1,5
31002615,56,12,-1,-1,3
31005873,47,31,-1,-1,1
31000676,30,26,-1,-1,3
31005421,21,14,-1,-1,4
31005168,11,51,-1,-1,3
31003367,30,25,-1,-1,0
31000274,48,5,-1,-1,6
30999959,36,3,-1,-1,0
30998789,5,24,-1,-1,2
30998738,49,52,-1,-1,2
31005065,6,17,-1,-1,5
30993381,17,9,-1,-1,7
31004144,10,52,-1,-1,2
31005382,11,16,-1,-1,5
31002844,27,46,-1,-1,3
31004148,36,36,-1,-1,7
31004306,15,25,-1,-1,2
31005847,15,14,-1,-1,0
31005977,32,25,-1,-1,1
31003417,11,9,-1,-1,6
30994316,41,12,-1,-1,1
31000265,8,28,-1,-1,0
30996440,56,8,-1,-1,7
31003587,29,33,-1,-1,3
30996910,1,43,-1,-1,7
31003199,2,43,-1,-1,5
31004004,15,58,-1,-1,7
30992887,37,2,-1,-1,4
31002996,47,19,-1,-1,3
30993389,49,38,-1,-1,3
31005555,43,25,-1,-1,1
31004551,13,8,-1,-1,7
31002507,34,58,-1,-1,1
31001265,57,49,-1,-1,6
31004119,7,16,-1,-1,4
31002881,26,58,-1,-1,1
30996266,11,26,-1,-1,2
31003318,15,45,-1,-1,3
30998188,49,31,-1,-1,5
31000894,12,43,-1,-1,5
31001800,51,49,-1,-1,6
31003114,7,6,-1,-1,7
31003233,44,28,-1,-1,2
31001862,9,46,-1,-1,3
30999415,31,48,-1,-1,1
31002060,13,0,-1,-1,6
31005009,31,30,-1,-1,4
31001893,31,58,-1,-1,6
31000647,53,45,-1,-1,6
31005936,4,11,-1,-1,2
30995381,49,26,-1,-1,6
31002194,37,25,-1,-1,4
31004906,22,29,-1,-1,5
31003778,46,39,-1,-1,7
31005766,35,28,-1,-1,7
31004826,32,33,-1,-1,4
30999018,10,5,-1,-1,3
31000681,3,28,-1,-1,0
30999522,37,18,-1,-1,2
30999065,35,56,-1,-1,5
31004313,57,47,-1,-1,7
31005594,16,44,-1,-1,0
31004515,3,20,-1,-1,3
31001147,5,38,-1,-1,7
31004402,17,3,-1,-1,7
31004167,1,44,-1,-1,5
31002396,10,51,-1,-1,7
31002669,49,19,-1,-1,6
31005523,49,36,-1,-1,1
31004468,39,1,-1,-1,7
31004254,6,52,-1,-1,6
30997046,56,35,-1,-1,0
31005315,39,45,-1,-1,2
31004238,34,32,-1,-1,0
31000402,33,51,-1,-1,5
30994056,4,13,-1,-1,0
31001985,38,42,-1,-1,7
31006093,48,24,-1,-1,4
31004168,37,48,-1,-1,4
30998348,23,0,-1,-1,2
31003397,9,34,-1,-1,6
31004219,11,39,-1,-1,5
31006098,16,46,-1,-1,2
31001090,25,55,-1,-1,7
31005280,39,8,-1,-1,0
31004865,5,37,-1,-1,7
31005959,19,40,-1,-1,1
30990839,11,8,-1,-1,3
31005944,49,15,-1,-1,1
30998408,27,3,-1,-1,4
30996795,43,33,-1,-1,4
31004832,31,56,-1,-1,1
31006052,44,18,-1,-1,0
31004656,18,27,-1,-1,4
31006169,10,35,-1,-1,6
31005267,33,48,-1,-1,5
30985047,9,0,-1,-1,5
31004046,38,6,-1,-1,0
31004561,18,51,-1,-1,3
31003277,51,16,-1,-1,0
31003234,45,29,-1,-1,0
31004316,34,28,-1,-1,2
31005969,39,16,-1,-1,5
31001035,41,22,-1,-1,5
31004937,48,14,-1,-1,6
31003693,32,41,-1,-1,0
30999858,41,28,-1,-1,6
31005239,21,41,-1,-1,7
31002646,28,12,-1,-1,2
31002505,42,1,-1,-1,7
30995995,1,31,-1,-1,7
31005857,30,31,-1,-1,1
31004852,4,24,-1,-1,7
31002329,24,4,-1,-1,5
31005295,17,32,-1,-1,3
31006057,1,49,-1,-1,6
31004707,41,23,-1,-1,0
30998547,53,17,-1,-1,2
31001989,0,4,-1,-1,2
31000487,11,30,-1,-1,4
31004778,20,55,-1,-1,3
31003767,11,29,-1,-1,0
31004412,10,37,-1,-1,4
31003956,57,37,-1,-1,1
31003212,22,46,-1,-1,7
31002681,53,25,-1,-1,4
31003955,42,28,-1,-1,5
31004396,2,19,-1,-1,5
31005389,24,43,-1,-1,2
31003974,23,20,-1,-1,1
31004339,40,12,-1,-1,2
31005378,36,55,-1,-1,6
30996015,0,56,-1,-1,1
31005778,56,46,-1,-1,6
31000197,31,20,-1,-1,7
31001225,29,9,-1,-1,6
31005926,39,5,-1,-1,6
31004620,48,1,-1,-1,5
31005259,58,32,-1,-1,4
31005595,22,37,-1,-1,6
31005272,14,30,-1,-1,0
31006120,34,20,-1,-1,3
31005946,16,18,-1,-1,4
31003986,3,4,-1,-1,0
31004849,26,3,-1,-1,6
31003393,53,57,-1,-1,3
31000524,10,58,-1,-1,6
31001027,29,0,-1,-1,2
30995218,41,45,-1,-1,2
31005783,26,56,-1,-1,7
31002587,13,25,-1,-1,2
30995573,45,17,-1,-1,2
31003686,21,35,-1,-1,3
30991220,55,4,-1,-1,0
31000178,24,47,-1,-1,5
31002874,53,43,-1,-1,0
31000015,32,17,-1,-1,4
30995196,16,4,-1,-1,6
31005770,21,25,-1,-1,3
31005505,23,48,-1,-1,3
31005660,13,36,-1,-1,1
31003964,58,36,-1,-1,0
31001952,45,52,-1,-1,1
30998005,55,56,-1,-1,5
31002431,17,8,-1,-1,6
31005727,27,18,-1,-1,4
31004754,33,55,-1,-1,0
31004419,58,2,-1,-1,0
31001934,7,8,-1,-1,3
31001960,25,6,-1,-1,3
31003708,6,26,-1,-1,2
31005205,50,37,-1,-1,6
31001178,6,8,-1,-1,0
31005427,38,39,-1,-1,7
30996617,39,6,-1,-1,5
31005227,2,26,-1,-1,2
30988891,1,6,-1,-1,6
31004567,16,23,-1,-1,2
31004234,50,40,-1,-1,5
31002549,7,39,-1,-1,5
31006092,55,38,-1,-1,2
30999334,12,42,-1,-1,5
31006167,42,41,-1,-1,3
31005183,22,21,-1,-1,6
31005074,25,42,-1,-1,5
31004741,19,14,-1,-1,3
31005076,32,52,-1,-1,0
31004274,42,9,-1,-1,5
31005881,6,10,-1,-1,7
31003833,1,51,-1,-1,7
31000158,44,13,-1,-1,0
31005602,40,0,-1,-1,3
31005659,27,17,-1,-1,0
31005815,8,23,-1,-1,7
30990399,11,24,-1,-1,5
31002608,44,51,-1,-1,2
31005865,57,25,-1,-1,7
31004520,58,38,-1,-1,6
31003983,22,7,-1,-1,5
30999254,4,10,-1,-1,1
30999923,7,2,-1,-1,0
31005031,2,0,-1,-1,3
31005436,45,15,-1,-1,6
31002327,26,16,-1,-1,0
31004902,12,0,-1,-1,5
31003156,54,9,-1,-1,4
31003959,25,44,-1,-1,0
31002067,56,34,-1,-1,6
31000351,17,14,-1,-1,6
31004406,14,38,-1,-1,7
30999484,48,4,-1,-1,0
30998428,48,2,-1,-1,5
31000404,47,43,-1,-1,6
30997255,10,2,-1,-1,3
31005720,35,39,-1,-1,5
31004982,53,12,-1,-1,1
31002935,51,25,-1,-1,2
30996837,1,39,-1,-1,3
31004056,50,55,-1,-1,7
31005631,30,34,-1,-1,5
31004308,14,47,-1,-1,7
31003347,44,52,-1,-1,7
31006114,9,9,-1,-1,1
31001715,5,32,-1,-1,2
31004692,58,30,-1,-1,4
31002280,47,5,-1,-1,2
30997991,14,6,-1,-1,3
30998076,42,27,-1,-1,5
31003507,9,28,-1,-1,5
31005619,12,32,-1,-1,4
31005340,19,29,-1,-1,6
31003755,5,35,-1,-1,4
31002605,33,50,-1,-1,4
31002998,0,18,-1,-1,0
31003503,41,20,-1,-1,6
31000236,19,1,-1,-1,7
31002776,54,37,-1,-1,6
31000259,11,14,-1,-1,6
31006106,24,57,-1,-1,2
31003227,50,13,-1,-1,3
30991344,20,2,-1,-1,3
31004664,10,11,-1,-1,0
31000115,0,46,-1,-1,0
31003962,54,7,-1,-1,2
31006160,35,13,-1,-1,1
31005016,9,55,-1,-1,2
31005950,28,50,-1,-1,2
30997490,1,47,-1,-1,7
31005122,2,36,-1,-1,5
30996482,51,45,-1,-1,3
30989000,54,31,-1,-1,6
31005398,53,55,-1,-1,1
31005609,26,25,-1,-1,7
31005988,39,18,-1,-1,6
31006017,57,23,-1,-1,0
31003764,30,36,-1,-1,7
31004596,35,36,-1,-1,1
31006189,44,34,-1,-1,0
30997681,20,30,-1,-1,4
31002625,26,14,-1,-1,6
31002054,50,51,-1,-1,5
30999744,29,53,-1,-1,0
31005638,4,5,-1,-1,1
30997023,38,56,-1,-1,3
31006119,23,13,-1,-1,3
31005100,19,33,-1,-1,3
31005091,5,1,-1,-1,3
31000817,9,56,-1,-1,5
31006188,15,44,-1,-1,4
31003530,0,5,-1,-1,1
31005792,30,38,-1,-1,6
30990013,39,58,-1,-1,6
31004133,11,56,-1,-1,4
31005927,43,8,-1,-1,5
30998308,46,51,-1,-1,6
31006185,37,16,-1,-1,0
31005897,25,26,-1,-1,3
31004608,45,46,-1,-1,7
30998011,52,7,-1,-1,1
31002389,40,13,-1,-1,1
31002295,12,12,-1,-1,3
31003760,57,24,-1,-1,4
31003200,40,45,-1,-1,5
31005145,7,17,-1,-1,2
31005544,43,6,-1,-1,0
31004183,0,23,-1,-1,4
31003752,0,22,-1,-1,3
31002554,1,29,-1,-1,6
31005002,24,41,-1,-1,5
30993291,18,31,-1,-1,1
31000980,52,19,-1,-1,3
30994237,53,50,-1,-1,7
31003788,39,4,-1,-1,4
31003682,27,37,-1,-1,0
31005050,2,34,-1,-1,0
31006145,18,23,-1,-1,4
31005448,24,45,-1,-1,1
30995309,3,37,-1,-1,4
31005520,13,22,-1,-1,0
31002967,40,55,-1,-1,1
30991952,54,32,-1,-1,6
31001774,21,11,-1,-1,0
30991809,52,55,-1,-1,3
30994384,46,0,-1,-1,6
31003685,18,55,-1,-1,5
31003966,24,55,-1,-1,1
31004509,41,37,-1,-1,1
30997881,7,47,-1,-1,2
31005014,32,31,-1,-1,5
30997494,56,44,-1,-1,7
30997691,0,51,-1,-1,4
31003338,18,0,-1,-1,3
31006024,35,8,-1,-1,2
31006004,41,6,-1,-1,2
31004793,6,44,-1,-1,6
31002170,22,17,-1,-1,1
30999179,49,48,-1,-1,2
30995474,3,48,-1,-1,2
31004389,53,37,-1,-1,0
31005734,33,46,-1,-1,2
31003327,14,45,-1,-1,0
31001073,7,48,-1,-1,2
31003296,44,23,-1,-1,0
31001015,58,25,-1,-1,5
31005828,53,4,-1,-1,4
31000715,47,45,-1,-1,7
31005578,11,11,-1,-1,5
31005144,34,6,-1,-1,2
31005114,44,41,-1,-1,6
31005217,28,43,-1,-1,0
30987768,44,46,-1,-1,4
31005127,31,19,-1,-1,6
31006010,47,57,-1,-1,1
30997003,57,12,-1,-1,6
31001798,48,42,-1,-1,1
31005923,22,12,-1,-1,1
31001695,1,37,-1,-1,2
31003436,13,10,-1,-1,3
31005530,45,45,-1,-1,3
30996789,5,27,-1,-1,6
30985078,5,52,-1,-1,1
31002204,9,37,-1,-1,4
31005726,42,38,-1,-1,3
31002744,5,21,-1,-1,4
31006018,21,38,-1,-1,4
31003235,8,48,-1,-1,7
30999418,19,58,-1,-1,6
31004145,14,14,-1,-1,7
31006069,24,29,-1,-1,3
31002398,13,7,-1,-1,7
31006131,54,19,-1,-1,2
31003280,31,28,-1,-1,7
31003918,49,44,-1,-1,7
31002479,12,55,-1,-1,3
31005750,39,22,-1,-1,3
31005177,45,18,-1,-1,0
30992794,4,3,-1,-1,5
30988980,1,58,-1,-1,1
31003136,15,9,-1,-1,0
30999867,16,12,-1,-1,3
31005249,34,23,-1,-1,3
31006178,50,4,-1,-1,7
31006015,38,36,-1,-1,6
31005840,52,28,-1,-1,1
31004015,21,37,-1,-1,0
30998332,5,45,-1,-1,1
30997293,54,56,-1,-1,1
31004285,19,56,-1,-1,0
31001623,18,5,-1,-1,4
31004387,47,50,-1,-1,7
31005275,16,1,-1,-1,0
30995592,49,39,-1,-1,0
31003375,53,31,-1,-1,4
31003942,6,53,-1,-1,6
31001096,9,54,-1,-1,1
30996809,15,30,-1,-1,6
31006033,57,8,-1,-1,5
31005200,22,11,-1,-1,5
31005102,33,43,-1,-1,2
31005710,17,28,-1,-1,3
31003406,48,0,-1,-1,3
31005042,41,46,-1,-1,0
31003991,34,45,-1,-1,4
31004732,22,5,-1,-1,6
30999696,18,8,-1,-1,2
31003961,8,26,-1,-1,2
30992468,3,11,-1,-1,0
31001597,24,46,-1,-1,7
30998341,39,25,-1,-1,1
30997891,3,18,-1,-1,4
31001994,37,33,-1,-1,7
31004253,10,21,-1,-1,1
31003668,55,25,-1,-1,3
31002217,20,57,-1,-1,0
31004129,12,49,-1,-1,5
31001891,3,33,-1,-1,4
31000338,19,39,-1,-1,1
31005028,37,15,-1,-1,5
31001672,57,30,-1,-1,2
31000674,4,21,-1,-1,3
31005573,10,36,-1,-1,5
31004992,12,27,-1,-1,7
31004503,28,30,-1,-1,0
30998600,23,51,-1,-1,2
31006154,56,45,-1,-1,3
30996900,40,50,-1,-1,0
31005027,52,1,-1,-1,0
31002572,26,41,-1,-1,6
31003546,29,2,-1,-1,1
31005381,50,17,-1,-1,1
31004063,43,42,-1,-1,7
31002933,16,19,-1,-1,7
31004317,18,7,-1,-1,2
31005339,37,39,-1,-1,7
31003314,52,42,-1,-1,1
31005268,49,43,-1,-1,7
31001545,57,35,-1,-1,5
30999720,24,58,-1,-1,0
31004855,27,33,-1,-1,3
30984676,58,3,-1,-1,4
31001286,13,18,-1,-1,4
31000760,27,10,-1,-1,6
31002630,31,50,-1,-1,4
31002151,49,21,-1,-1,2
31004705,12,57,-1,-1,3
31003862,47,3,-1,-1,2
31003193,6,1,-1,-1,3
31003455,31,18,-1,-1,2
31004229,55,19,-1,-1,4
31004326,39,0,-1,-1,4
31005627,28,25,-1,-1,3
31006128,55,1,-1,-1,1
31003239,21,13,-1,-1,0
31005344,18,9,-1,-1,3
30999313,34,11,-1,-1,5
31004682,47,55,-1,-1,7
31005662,8,17,-1,-1,1
31003303,27,54,-1,-1,5
31005244,23,29,-1,-1,5
31003878,44,44,-1,-1,1
31005713,28,22,-1,-1,3
30999644,33,57,-1,-1,4
31005039,4,32,-1,-1,5
31006043,29,19,-1,-1,4
31006122,35,22,-1,-1,6
31003854,46,5,-1,-1,6
31006180,41,11,-1,-1,4
30983015,7,1,-1,-1,1
31002845,13,32,-1,-1,3
31003965,21,7,-1,-1,1
31004612,9,49,-1,-1,6
30990484,53,28,-1,-1,7
31004898,53,24,-1,-1,4
31004433,48,21,-1,-1,6
31001236,40,17,-1,-1,3
31002923,22,3,-1,-1,6
31000007,20,22,-1,-1,5
31002866,35,42,-1,-1,6
31004123,17,22,-1,-1,2
31004152,13,54,-1,-1,4
31003733,20,36,-1,-1,3
30998219,7,13,-1,-1,6
31004111,42,47,-1,-1,1
30998417,36,23,-1,-1,0
31001740,33,26,-1,-1,5
31005455,24,35,-1,-1,5
31005353,40,47,-1,-1,2
31004354,43,13,-1,-1,1
31004300,54,45,-1,-1,7
30996366,38,0,-1,-1,4
30999175,41,19,-1,-1,2
31002707,39,51,-1,-1,7
31002870,51,3,-1,-1,7
31004078,57,11,-1,-1,3
31003470,56,15,-1,-1,0
31003696,46,11,-1,-1,0
31005359,51,32,-1,-1,4
31005896,42,44,-1,-1,2
31002896,10,14,-1,-1,4
31005827,42,13,-1,-1,5
30999157,10,7,-1,-1,1
31003394,25,8,-1,-1,7
31004784,28,36,-1,-1,1
31004757,4,19,-1,-1,6
31004762,32,24,-1,-1,3
31003628,37,14,-1,-1,1
31005940,10,29,-1,-1,7
31006076,56,16,-1,-1,4
31003166,48,37,-1,-1,1
31001786,19,8,-1,-1,3
31001920,25,50,-1,-1,7
31004382,15,55,-1,-1,0
31004905,7,38,-1,-1,6
30991810,2,25,-1,-1,1
31003584,2,17,-1,-1,4
31001278,22,23,-1,-1,7
31004160,12,9,-1,-1,7
31005680,28,34,-1,-1,7
31003762,55,43,-1,-1,6
31001227,24,13,-1,-1,7
31005744,27,2,-1,-1,4
31003488,25,1,-1,-1,2
31003450,19,30,-1,-1,3
31005799,39,24,-1,-1,3
31004524,50,21,-1,-1,2
30995891,8,36,-1,-1,4
31002415,57,6,-1,-1,2
31004237,54,57,-1,-1,7
30997623,44,5,-1,-1,0
31004911,39,54,-1,-1,0
31005502,37,35,-1,-1,3
31005858,48,47,-1,-1,1
31002635,43,36,-1,-1,3
31002019,10,44,-1,-1,2
31000881,30,50,-1,-1,5
31002213,57,40,-1,-1,1
31002610,36,6,-1,-1,5
30994690,18,39,-1,-1,1
31001398,36,30,-1,-1,4
31004735,37,4,-1,-1,0
31005332,36,19,-1,-1,0
30994764,10,56,-1,-1,1
31001996,20,40,-1,-1,1
31004747,44,26,-1,-1,7
31002938,56,58,-1,-1,6
31004479,43,14,-1,-1,3
31003171,36,9,-1,-1,3
30998355,12,46,-1,-1,7
31004199,12,48,-1,-1,6
31005548,26,7,-1,-1,6
31003797,44,8,-1,-1,2
31005262,17,27,-1,-1,0
31005655,12,36,-1,-1,5
31004277,4,45,-1,-1,2
31005036,39,19,-1,-1,5
31005013,27,23,-1,-1,2
30999469,30,54,-1,-1,0
31006091,33,14,-1,-1,5
31002488,38,25,-1,-1,5
31006097,15,22,-1,-1,2
31000730,32,4,-1,-1,2
31005188,38,53,-1,-1,5
31005458,25,29,-1,-1,0
31005987,22,57,-1,-1,4
31001671,55,48,-1,-1,2
31005175,16,13,-1,-1,3
31005327,21,50,-1,-1,1
31001488,20,26,-1,-1,3
31006177,5,28,-1,-1,5
31005930,30,43,-1,-1,6
31001911,11,10,-1,-1,6
30997936,54,33,-1,-1,6
31003716,52,6,-1,-1,4
31000808,15,56,-1,-1,3
31002281,22,45,-1,-1,5
31004978,23,19,-1,-1,3
31005366,32,34,-1,-1,7
31005223,1,2,-1,-1,2
31006056,29,56,-1,-1,3
31000966,14,40,-1,-1,2
30997271,28,52,-1,-1,2
31003388,15,15,-1,-1,6
31004979,44,58,-1,-1,6
31005345,22,55,-1,-1,3
31001689,53,36,-1,-1,2
31003066,10,16,-1,-1,6
31005352,51,4,-1,-1,6
31006003,58,21,-1,-1,7
31002011,10,24,-1,-1,4
31004918,2,20,-1,-1,4
31004215,2,45,-1,-1,4
31005405,48,6,-1,-1,2
31005121,20,25,-1,-1,0
31003129,49,46,-1,-1,2
31002888,53,9,-1,-1,2
31005664,43,4,-1,-1,2
30998790,43,18,-1,-1,7
31005712,13,33,-1,-1,2
31002739,25,10,-1,-1,5
31004404,19,57,-1,-1,6
31005453,48,29,-1,-1,0
30998522,42,29,-1,-1,5
31001445,15,5,-1,-1,0
31003748,9,52,-1,-1,2
31006172,22,14,-1,-1,0
31003970,47,36,-1,-1,1
30999001,33,3,-1,-1,0
31003112,24,54,-1,-1,3
31003786,12,38,-1,-1,4
31002171,12,45,-1,-1,1
31004896,34,47,-1,-1,4
31000116,42,15,-1,-1,2
31003568,54,41,-1,-1,7
31004081,20,19,-1,-1,1
31000667,39,53,-1,-1,3
31000467,6,56,-1,-1,2
31000140,13,58,-1,-1,1
31004884,51,12,-1,-1,1
31001114,21,23,-1,-1,5
31005357,19,38,-1,-1,0
31004084,4,23,-1,-1,3
31004733,30,32,-1,-1,4
31003969,49,56,-1,-1,0
30996320,5,23,-1,-1,1
30999125,13,55,-1,-1,2
31004023,37,27,-1,-1,4
30987802,2,12,-1,-1,4
31005545,39,48,-1,-1,2
31005043,41,30,-1,-1,6
31005503,25,11,-1,-1,0
31006011,19,35,-1,-1,0
31006090,24,12,-1,-1,6
30998806,40,5,-1,-1,4
31004467,0,34,-1,-1,3
31004100,19,37,-1,-1,7
31003804,51,28,-1,-1,6
31005918,55,27,-1,-1,3
30994725,2,3,-1,-1,7
31000575,47,23,-1,-1,6
31004338,29,52,-1,-1,4
31001482,40,38,-1,-1,4
30995128,5,20,-1,-1,1
31001000,57,53,-1,-1,5
31003902,30,5,-1,-1,5
31004585,17,55,-1,-1,7
31004499,58,31,-1,-1,7
31004935,23,12,-1,-1,6
31002989,46,41,-1,-1,0
31004592,16,27,-1,-1,0
31005240,21,49,-1,-1,3
31004269,49,25,-1,-1,4
31000851,8,12,-1,-1,3
30996258,0,13,-1,-1,4
31003875,20,31,-1,-1,4
31005274,30,51,-1,-1,0
31005335,34,51,-1,-1,5
31005156,38,13,-1,-1,7
31002527,3,16,-1,-1,7
31004591,44,19,-1,-1,0
30987561,15,0,-1,-1,6
31006112,24,21,-1,-1,4
30991000,57,43,-1,-1,3
30998710,18,6,-1,-1,2
31005581,23,53,-1,-1,0
31004672,32,7,-1,-1,2
31005998,11,17,-1,-1,5
31000820,19,43,-1,-1,4
30999045,50,16,-1,-1,4
31005636,17,29,-1,-1,3
31003082,49,0,-1,-1,4
30995561,38,27,-1,-1,5
30999988,53,56,-1,-1,0
31005606,4,17,-1,-1,1
30998246,21,3,-1,-1,2
31004442,29,58,-1,-1,2
31006100,35,45,-1,-1,3
31001613,39,29,-1,-1,1
30999451,12,34,-1,-1,1
31004566,43,21,-1,-1,6
31004064,3,52,-1,-1,2
30995629,27,16,-1,-1,1
31005863,22,25,-1,-1,0
31006149,14,33,-1,-1,7
31003456,25,0,-1,-1,2
31003275,40,30,-1,-1,0
30999062,0,29,-1,-1,1
31003909,11,34,-1,-1,0
31004649,37,11,-1,-1,1
31005407,9,48,-1,-1,2
31004594,53,46,-1,-1,1
31004227,4,37,-1,-1,7
31005786,15,7,-1,-1,6
31000324,43,52,-1,-1,1
31004000,26,48,-1,-1,1
31005260,17,37,-1,-1,1
30999352,23,1,-1,-1,6
31003776,58,46,-1,-1,0
31005211,18,11,-1,-1,0
31005430,39,15,-1,-1,4
31003894,58,58,-1,-1,6
30994173,53,54,-1,-1,0
31000655,40,36,-1,-1,6
31004397,47,6,-1,-1,3
31005755,0,7,-1,-1,0
31002033,29,51,-1,-1,5
31005807,45,44,-1,-1,6
31005672,34,17,-1,-1,7
31005885,18,20,-1,-1,1
31001638,54,12,-1,-1,2
31005583,26,34,-1,-1,5
31000697,12,8,-1,-1,3
30995385,3,6,-1,-1,7
31003981,31,39,-1,-1,0
31004557,20,44,-1,-1,5
31004941,11,6,-1,-1,7
31004600,40,21,-1,-1,6
31005933,55,47,-1,-1,7
31000620,36,12,-1,-1,0
31003815,41,14,-1,-1,4
31005311,1,4,-1,-1,0
31002301,12,26,-1,-1,7
31003491,58,20,-1,-1,5
31005769,45,1,-1,-1,4
31003485,32,58,-1,-1,0
31004477,12,16,-1,-1,3
31005331,26,35,-1,-1,2
30996868,28,7,-1,-1,0
31004926,14,25,-1,-1,4
31005678,9,41,-1,-1,1
31004196,26,18,-1,-1,4
31006006,25,32,-1,-1,7
31002274,44,47,-1,-1,7
31005791,23,34,-1,-1,6
31005522,34,26,-1,-1,5
31005948,34,19,-1,-1,4
31002777,43,17,-1,-1,5
31005508,16,21,-1,-1,1
31006050,33,7,-1,-1,5
31000549,31,37,-1,-1,7
30986457,51,8,-1,-1,6
31005999,1,19,-1,-1,7
30999715,53,58,-1,-1,2
31001761,31,22,-1,-1,0
31000705,45,11,-1,-1,2
31005367,3,56,-1,-1,3
30996985,49,41,-1,-1,6
31003732,43,31,-1,-1,3
31005641,35,38,-1,-1,3
31005851,17,44,-1,-1,1
31005900,1,14,-1,-1,5
31004232,34,36,-1,-1,4
31002439,32,20,-1,-1,1
31003972,8,25,-1,-1,6
31005612,0,20,-1,-1,1
31004562,9,8,-1,-1,0
31005303,22,15,-1,-1,1
31005912,20,28,-1,-1,1
31005684,20,24,-1,-1,5
31004469,6,47,-1,-1,3
31006053,48,28,-1,-1,7
30991782,38,49,-1,-1,3
30997556,9,11,-1,-1,3
30996409,32,19,-1,-1,4
31002918,10,12,-1,-1,7
31003904,54,43,-1,-1,4
31003513,41,53,-1,-1,1
31005569,52,27,-1,-1,0
31003790,36,20,-1,-1,5
31004617,26,37,-1,-1,6
31003161,11,44,-1,-1,0
30997781,55,46,-1,-1,6
30987486,3,57,-1,-1,2
30989327,21,0,-1,-1,3
31004927,15,47,-1,-1,0
31005450,54,36,-1,-1,4
31004096,25,9,-1,-1,6
31001189,58,45,-1,-1,5
31006022,46,33,-1,-1,7
31005753,43,7,-1,-1,3
30997487,40,20,-1,-1,6
31002006,13,38,-1,-1,2
31000901,53,48,-1,-1,4
31002047,58,48,-1,-1,7
31005073,15,17,-1,-1,6
30993803,1,41,-1,-1,5
31001430,37,19,-1,-1,0
31000262,42,40,-1,-1,0
30992462,14,7,-1,-1,6
30994981,7,12,-1,-1,5
31005823,10,46,-1,-1,6
31005509,29,45,-1,-1,3
31004146,5,48,-1,-1,3
30998259,6,43,-1,-1,3
31006096,26,21,-1,-1,2
30989067,2,15,-1,-1,7
30994932,48,52,-1,-1,2
31001444,50,58,-1,-1,2
31004813,10,23,-1,-1,0
31005890,49,5,-1,-1,6
31002920,9,22,-1,-1,5
31005092,25,33,-1,-1,0
31005290,54,27,-1,-1,7
31005452,47,22,-1,-1,2
30999897,14,15,-1,-1,5
31004074,14,55,-1,-1,2
31003550,23,6,-1,-1,4
31000909,37,30,-1,-1,7
31002626,2,30,-1,-1,0
31000431,18,58,-1,-1,6
31003616,31,32,-1,-1,0
30996560,43,58,-1,-1,0
31005955,7,45,-1,-1,2
31005051,30,22,-1,-1,7
30999359,40,3,-1,-1,5
31002519,49,53,-1,-1,6
31004658,19,45,-1,-1,7
30985514,49,2,-1,-1,3
31004680,43,24,-1,-1,7
30987343,53,27,-1,-1,4
30994145,9,38,-1,-1,1
31004568,26,23,-1,-1,7
30994701,2,18,-1,-1,6
31006034,7,4,-1,-1,2
31000151,38,50,-1,-1,6
31004751,10,54,-1,-1,2
31005006,4,27,-1,-1,4
31001023,54,17,-1,-1,1
31002566,34,53,-1,-1,3
31005399,20,14,-1,-1,2
30997622,53,13,-1,-1,5
31005292,58,17,-1,-1,4
31005652,28,0,-1,-1,2
31004089,47,21,-1,-1,6
31005388,33,35,-1,-1,0
31002444,51,39,-1,-1,7
31004998,13,44,-1,-1,3
31000696,18,12,-1,-1,2
31005473,5,25,-1,-1,6
31002852,52,54,-1,-1,4
31002585,49,40,-1,-1,3
31004425,41,15,-1,-1,1
31003431,40,28,-1,-1,1
31002469,23,14,-1,-1,0
30995329,19,13,-1,-1,7
30999437,44,49,-1,-1,1
30999808,33,58,-1,-1,7
31005760,13,2,-1,-1,6
31005810,28,24,-1,-1,7
31001564,34,31,-1,-1,5
31004381,48,34,-1,-1,5
30998411,7,18,-1,-1,1
31001760,51,0,-1,-1,5
31003594,52,18,-1,-1,0
31004723,24,1,-1,-1,7
31005298,15,8,-1,-1,1
30998302,26,6,-1,-1,4
31004782,39,34,-1,-1,4
31004284,31,54,-1,-1,6
31003535,48,57,-1,-1,4
31001409,42,7,-1,-1,5
30996175,8,51,-1,-1,2
31005201,39,39,-1,-1,5
31005439,42,36,-1,-1,0
31004017,3,46,-1,-1,2
31003283,14,18,-1,-1,0
31004450,52,23,-1,-1,2
30993922,10,53,-1,-1,7
31002797,1,42,-1,-1,7
31004319,57,55,-1,-1,2
31005905,32,38,-1,-1,1
31000945,6,41,-1,-1,4
31004530,44,20,-1,-1,6
31003933,29,48,-1,-1,4
31004806,10,43,-1,-1,3
30998975,5,41,-1,-1,5
31003542,0,36,-1,-1,4
30996977,38,17,-1,-1,5
30993743,0,9,-1,-1,2
31004638,27,28,-1,-1,0
30994405,16,33,-1,-1,2
31002373,10,34,-1,-1,0
30996891,16,7,-1,-1,1
31004659,26,57,-1,-1,6
31005630,24,48,-1,-1,0
31000539,45,55,-1,-1,4
30999616,19,49,-1,-1,0
31003865,35,57,-1,-1,3
31000434,30,33,-1,-1,3
31001241,56,25,-1,-1,1
31002118,24,32,-1,-1,6
31001720,14,2,-1,-1,6
31002363,58,54,-1,-1,0
31005098,43,38,-1,-1,1
31003000,32,10,-1,-1,4
31002121,0,19,-1,-1,4
31005135,40,27,-1,-1,2
31001546,19,7,-1,-1,3
31002793,34,40,-1,-1,4
31003872,11,18,-1,-1,6
31005934,16,54,-1,-1,2
31005939,16,9,-1,-1,5
31004268,17,11,-1,-1,3
31002783,30,46,-1,-1,6
31003556,24,49,-1,-1,7
31005784,19,25,-1,-1,4
31005834,38,28,-1,-1,5
31003355,52,5,-1,-1,3
31002147,42,39,-1,-1,5
31004439,32,3,-1,-1,2
30998732,56,43,-1,-1,7
31001503,29,6,-1,-1,0
31004663,20,23,-1,-1,2
31004879,8,53,-1,-1,4
31000168,54,1,-1,-1,0
31004447,46,50,-1,-1,7
31005798,38,16,-1,-1,5
31005699,13,27,-1,-1,7
31004583,46,7,-1,-1,0
31005305,3,26,-1,-1,7
31005198,40,8,-1,-1,6
31002066,37,29,-1,-1,7
31000291,13,51,-1,-1,0
31004130,30,52,-1,-1,6
31004980,23,30,-1,-1,0
31001973,6,49,-1,-1,2
31003793,26,11,-1,-1,4
30996763,39,30,-1,-1,0
31004947,19,5,-1,-1,0
30985967,43,50,-1,-1,3
31004186,29,5,-1,-1,3
31004459,25,46,-1,-1,0
31002002,33,32,-1,-1,5
31006045,11,41,-1,-1,1
31004335,50,38,-1,-1,4
30995875,50,32,-1,-1,7
31005696,29,7,-1,-1,7
31001074,1,40,-1,-1,4
31005832,46,37,-1,-1,6
31004816,27,32,-1,-1,5
31003489,12,47,-1,-1,7
31005431,28,40,-1,-1,2
31004794,44,36,-1,-1,6
30979892,32,51,-1,-1,7
31005978,43,40,-1,-1,5
31001726,48,56,-1,-1,6
30997365,7,0,-1,-1,5
31006138,20,47,-1,-1,6
31002542,55,57,-1,-1,6
30999121,15,53,-1,-1,3
30996967,3,47,-1,-1,2
31005642,25,45,-1,-1,4
31005913,11,49,-1,-1,3
31004080,28,8,-1,-1,0
31002022,17,45,-1,-1,1
31004748,10,19,-1,-1,2
31000537,29,27,-1,-1,3
31004725,21,26,-1,-1,6
31005105,33,44,-1,-1,5
31001106,16,3,-1,-1,4
30996995,56,50,-1,-1,6
30996835,7,40,-1,-1,1
31000968,32,1,-1,-1,6
31001126,44,30,-1,-1,2
31005787,5,22,-1,-1,0
31005723,53,19,-1,-1,0
31002134,55,24,-1,-1,1
31004102,24,40,-1,-1,3
31003511,43,1,-1,-1,1
30996458,42,58,-1,-1,7
30994868,36,57,-1,-1,3
31005499,7,41,-1,-1,2
31005526,45,40,-1,-1,0
31004579,42,31,-1,-1,5
30998384,51,51,-1,-1,1
31003382,23,57,-1,-1,0
30994896,48,43,-1,-1,1
30997009,8,43,-1,-1,4
31004331,42,5,-1,-1,0
31005210,41,8,-1,-1,4
31006183,9,43,-1,-1,2
31001275,26,46,-1,-1,4
31005494,52,8,-1,-1,2
31003947,24,24,-1,-1,1
31003882,50,47,-1,-1,2
31005745,18,45,-1,-1,3
31001211,4,47,-1,-1,2
31002736,18,57,-1,-1,4
31005952,31,27,-1,-1,2
31005822,54,47,-1,-1,0
31006186,18,15,-1,-1,5
30995793,2,51,-1,-1,6
31005972,46,31,-1,-1,5
31001601,35,6,-1,-1,6
31004375,27,51,-1,-1,3
31005749,48,18,-1,-1,5
31004373,55,36,-1,-1,6
31003743,54,40,-1,-1,3
31004512,39,36,-1,-1,7
31001321,7,49,-1,-1,2
31005351,58,41,-1,-1,4
31000405,33,21,-1,-1,3
30998584,17,41,-1,-1,5
31003801,20,17,-1,-1,0
31005128,48,19,-1,-1,3
31004451,34,38,-1,-1,5
31000750,53,26,-1,-1,7
31005894,20,13,-1,-1,2
31005846,29,26,-1,-1,0
31004501,23,44,-1,-1,5
31000039,54,10,-1,-1,1
31004272,33,28,-1,-1,2
30998569,56,26,-1,-1,0
30997304,33,10,-1,-1,7
30999386,2,42,-1,-1,0
31004019,36,18,-1,-1,0
30996099,58,56,-1,-1,4
31004838,24,14,-1,-1,1
30996277,56,23,-1,-1,5
31002353,19,11,-1,-1,3
30998211,41,40,-1,-1,7
31005254,6,38,-1,-1,3
30999875,16,16,-1,-1,2
31002691,17,24,-1,-1,2
31005677,32,57,-1,-1,0
31006168,27,8,-1,-1,2
31001056,33,2,-1,-1,5
31004390,7,23,-1,-1,7
31005226,8,39,-1,-1,0
31005125,49,22,-1,-1,5
31003298,41,36,-1,-1,3
31004742,47,32,-1,-1,4
31005213,43,0,-1,-1,6
31005541,12,29,-1,-1,4
31002647,46,14,-1,-1,1
31004049,34,21,-1,-1,1
30985917,31,55,-1,-1,3
31004361,25,36,-1,-1,4
30992099,54,38,-1,-1,4
31005041,18,24,-1,-1,6
30998164,55,20,-1,-1,4
30998907,46,47,-1,-1,5
31003219,8,33,-1,-1,6
31002094,34,48,-1,-1,2
31005511,44,14,-1,-1,2
31005162,27,9,-1,-1,5
31006143,23,26,-1,-1,3
30998322,6,57,-1,-1,0
31000555,28,3,-1,-1,3
31005864,51,14,-1,-1,4
31003100,42,26,-1,-1,3
30999818,4,52,-1,-1,7
30997025,30,41,-1,-1,4
31002704,51,23,-1,-1,5
31004972,42,30,-1,-1,2
30992881,0,39,-1,-1,1
31003400,24,27,-1,-1,4
31003046,11,4,-1,-1,0
31005058,43,16,-1,-1,4
31005835,43,11,-1,-1,6
30999821,49,8,-1,-1,1
31002745,40,35,-1,-1,6
31006088,15,48,-1,-1,7
31000420,42,3,-1,-1,3
30989514,50,9,-1,-1,4
31006072,27,36,-1,-1,5
31005904,34,55,-1,-1,3
31004660,58,12,-1,-1,0
31005246,22,16,-1,-1,0
31005898,42,50,-1,-1,1
30999303,9,4,-1,-1,2
31003877,9,44,-1,-1,3
30998278,1,30,-1,-1,7
31004330,43,15,-1,-1,4
31004155,28,53,-1,-1,4
30993258,3,39,-1,-1,5
31005853,24,39,-1,-1,2
31005153,12,10,-1,-1,2
31005603,33,40,-1,-1,6
31004076,26,1,-1,-1,0
31002451,12,30,-1,-1,5
31005467,21,31,-1,-1,5
30989251,3,43,-1,-1,6
30999189,0,15,-1,-1,2
31005829,10,45,-1,-1,7
31005116,57,32,-1,-1,5
30995220,11,40,-1,-1,0
31004276,5,6,-1,-1,3
30998398,15,3,-1,-1,1
31006156,13,15,-1,-1,5
31004827,9,19,-1,-1,3
31003870,34,15,-1,-1,2
30997883,25,51,-1,-1,3
30999191,1,17,-1,-1,3
30997743,48,20,-1,-1,3
31005512,50,29,-1,-1,5
31003814,13,28,-1,-1,0
31003208,38,15,-1,-1,6
31003364,56,27,-1,-1,4
31004380,2,47,-1,-1,6
30992965,58,23,-1,-1,0
31003285,34,0,-1,-1,3
31002810,14,5,-1,-1,7
31005342,40,54,-1,-1,0
31003563,53,30,-1,-1,0
31005237,38,4,-1,-1,1
30999864,12,17,-1,-1,4
30997390,57,54,-1,-1,4
31005771,51,33,-1,-1,7
30994670,55,58,-1,-1,2
31002216,1,5,-1,-1,1
30998018,4,55,-1,-1,3
31005365,5,43,-1,-1,7
31003384,41,0,-1,-1,5
31004792,51,54,-1,-1,4
31004746,13,34,-1,-1,2
31005901,58,10,-1,-1,6
31003691,48,50,-1,-1,0
31005472,24,2,-1,-1,1
31005843,20,50,-1,-1,6
31005633,45,38,-1,-1,2
31005124,12,6,-1,-1,3
31003794,12,25,-1,-1,5
31004755,24,34,-1,-1,2
31002277,15,50,-1,-1,0
31005585,4,41,-1,-1,2
31003703,51,18,-1,-1,3
31002512,53,5,-1,-1,0
30999622,2,46,-1,-1,6
31004334,33,16,-1,-1,5
31004233,4,0,-1,-1,6
31000138,41,41,-1,-1,0
30996779,41,5,-1,-1,2
31003196,37,38,-1,-1,5
31004786,36,1,-1,-1,1
31000887,42,18,-1,-1,2
30998248,48,7,-1,-1,6
31003016,23,32,-1,-1,2
30998063,34,7,-1,-1,6
30993621,49,27,-1,-1,1
31001342,28,54,-1,-1,0
31002860,18,33,-1,-1,3
31001226,3,19,-1,-1,5
31003884,46,34,-1,-1,2
31002112,7,15,-1,-1,3
31006182,12,18,-1,-1,2
31000179,7,5,-1,-1,7
31006108,48,30,-1,-1,4
30991082,3,14,-1,-1,1
31005101,16,14,-1,-1,1
31004465,43,22,-1,-1,3
31005895,18,54,-1,-1,7
30995431,40,25,-1,-1,4
31005136,9,13,-1,-1,3
31001721,25,30,-1,-1,6
31000215,41,58,-1,-1,2
30999725,42,32,-1,-1,2
31005814,48,8,-1,-1,1
31002292,45,3,-1,-1,6
30989218,0,1,-1,-1,1
31002738,45,19,-1,-1,4
31003345,41,47,-1,-1,3
30999174,46,15,-1,-1,1
31004502,8,14,-1,-1,0
31003823,43,10,-1,-1,4
31003203,12,15,-1,-1,5
30998945,20,12,-1,-1,7
30988123,13,35,-1,-1,2
31006078,52,17,-1,-1,4
30995214,50,53,-1,-1,5
31001813,54,21,-1,-1,3
31006170,34,37,-1,-1,5
30999796,30,53,-1,-1,5
30998200,53,51,-1,-1,1
31006130,21,58,-1,-1,0
31000618,8,30,-1,-1,3
31004408,42,51,-1,-1,3
31005732,41,21,-1,-1,4
31005056,24,16,-1,-1,1
31004738,7,34,-1,-1,4
30991777,37,40,-1,-1,7
31006094,14,39,-1,-1,2
31005774,52,38,-1,-1,4
31003657,2,22,-1,-1,4
31006155,52,43,-1,-1,0
31002485,52,0,-1,-1,5
30998994,36,7,-1,-1,3
31003263,4,29,-1,-1,3
30998041,40,57,-1,-1,5
31005118,46,19,-1,-1,6
31005287,57,48,-1,-1,1
31000603,50,56,-1,-1,4
31005082,7,55,-1,-1,4
31005423,46,29,-1,-1,7
30996830,53,49,-1,-1,6
31004636,30,21,-1,-1,3
30999748,52,53,-1,-1,4
31005605,36,44,-1,-1,6
31006109,29,32,-1,-1,2
31002754,55,51,-1,-1,6
31004086,24,18,-1,-1,7
31005689,8,49,-1,-1,4
31003426,32,56,-1,-1,7
31004122,49,49,-1,-1,1
31005001,29,22,-1,-1,2
31005484,11,46,-1,-1,6
31005424,45,23,-1,-1,6
31002959,40,18,-1,-1,2
31001826,26,50,-1,-1,4
31003251,29,12,-1,-1,0
30998906,55,17,-1,-1,7
30995660,27,4,-1,-1,1
31002687,52,22,-1,-1,3
30997512,54,0,-1,-1,5
31005985,13,57,-1,-1,2
31004301,32,16,-1,-1,5
31001563,41,4,-1,-1,7
31006000,17,56,-1,-1,6
31005992,58,53,-1,-1,4
30996940,38,46,-1,-1,5
31005391,38,20,-1,-1,2
31001508,2,2,-1,-1,1
31003267,53,3,-1,-1,5
31005800,31,51,-1,-1,4
30994633,28,20,-1,-1,0
31005669,20,21,-1,-1,5
31004917,15,32,-1,-1,0
31004677,51,9,-1,-1,7
31005788,58,19,-1,-1,7
31005995,57,17,-1,-1,7
31005986,5,33,-1,-1,6
31003276,37,17,-1,-1,4
31001733,45,43,-1,-1,5
30996661,3,38,-1,-1,7
31001425,40,53,-1,-1,4
31003143,58,9,-1,-1,4
31001928,14,58,-1,-1,2
31004500,32,27,-1,-1,6
30999771,46,17,-1,-1,7
30991551,57,52,-1,-1,5
31006193,30,30,-1,-1,2
31005279,48,36,-1,-1,4
31004118,49,45,-1,-1,2
31005459,32,18,-1,-1,2
31005845,56,47,-1,-1,5
31004842,46,9,-1,-1,1
31004846,35,33,-1,-1,6
30996926,18,1,-1,-1,0
31005507,0,11,-1,-1,2
31002954,51,31,-1,-1,2
31001582,45,49,-1,-1,2
31004020,17,53,-1,-1,3
31004719,46,55,-1,-1,7
31003128,14,32,-1,-1,0
31006190,34,25,-1,-1,1
31004908,0,21,-1,-1,3
31005158,30,47,-1,-1,6
31005970,47,34,-1,-1,3
30999648,37,58,-1,-1,6
31002034,48,35,-1,-1,1
31000944,49,29,-1,-1,2
31004598,56,6,-1,-1,2
31005608,0,41,-1,-1,4
31003681,48,27,-1,-1,0
31004797,27,21,-1,-1,1
31004993,56,39,-1,-1,3
30993329,1,8,-1,-1,3
31000927,30,3,-1,-1,0
31005460,33,45,-1,-1,2
30999488,53,38,-1,-1,7
30998653,58,26,-1,-1,4
31004314,52,12,-1,-1,1
31000001,0,14,-1,-1,0
31003102,46,27,-1,-1,7
31002614,58,49,-1,-1,5
31005160,37,46,-1,-1,5
31001836,14,57,-1,-1,2
31005283,18,10,-1,-1,2
31002879,0,32,-1,-1,1
31004722,12,11,-1,-1,6
31001293,30,45,-1,-1,7
31005825,28,37,-1,-1,2
31003108,57,9,-1,-1,2
31003152,56,19,-1,-1,1
31003858,3,31,-1,-1,4
31005623,38,58,-1,-1,2
31004190,47,10,-1,-1,1
31004701,33,47,-1,-1,0
31005476,23,49,-1,-1,1
31005318,17,33,-1,-1,5
31004907,14,13,-1,-1,3
31003081,32,30,-1,-1,4
31005779,40,42,-1,-1,1
31003596,57,31,-1,-1,4
31005719,32,11,-1,-1,2
31004293,16,50,-1,-1,6
31004962,36,25,-1,-1,5
31005470,21,42,-1,-1,7
31003521,11,55,-1,-1,4
31002351,8,9,-1,-1,3
30997616,40,31,-1,-1,0
31002761,30,16,-1,-1,3
31002401,58,40,-1,-1,5
31003444,51,41,-1,-1,1
30996583,11,27,-1,-1,4
31003656,55,15,-1,-1,1
31004590,15,42,-1,-1,7
30997852,49,47,-1,-1,4
31004984,41,38,-1,-1,2
31005763,9,15,-1,-1,3
31006059,13,42,-1,-1,6
31004684,13,31,-1,-1,2
31002709,39,10,-1,-1,5
31005363,22,34,-1,-1,3
31003951,43,3,-1,-1,6
31005300,47,2,-1,-1,7
31002187,33,9,-1,-1,2
31005968,22,26,-1,-1,3
31002412,18,41,-1,-1,3
31005521,36,26,-1,-1,4
31003007,18,36,-1,-1,4
30999628,20,51,-1,-1,4
30995758,16,43,-1,-1,5
30998684,48,15,-1,-1,6
31005951,52,45,-1,-1,2
30997587,57,15,-1,-1,1
30992941,41,51,-1,-1,6
31004696,17,25,-1,-1,5
30999134,39,41,-1,-1,4
30998412,2,37,-1,-1,2
31003230,43,41,-1,-1,4
31003949,43,57,-1,-1,5
31001820,7,10,-1,-1,3
30992222,16,24,-1,-1,2
31002421,49,7,-1,-1,2
31004484,2,38,-1,-1,1
31005368,37,5,-1,-1,7
31006147,31,35,-1,-1,2
30980310,57,58,-1,-1,1
31003665,29,44,-1,-1,3
31005611,32,46,-1,-1,4
31005645,12,33,-1,-1,2
31006027,34,34,-1,-1,0
31002539,10,1,-1,-1,4
31005038,0,58,-1,-1,2
30995318,4,16,-1,-1,6
31006118,26,39,-1,-1,5
31001751,11,12,-1,-1,0
30997575,53,6,-1,-1,6
30994947,7,36,-1,-1,6
31005350,28,57,-1,-1,2
31005876,33,17,-1,-1,6
31005323,21,36,-1,-1,7
31005868,5,57,-1,-1,0
31003224,10,33,-1,-1,0
31005818,36,49,-1,-1,2
30982960,26,0,-1,-1,6
31002673,27,40,-1,-1,4
31005010,40,24,-1,-1,5
31002422,50,50,-1,-1,5
30999241,44,29,-1,-1,3
31004099,26,33,-1,-1,3
31005219,55,49,-1,-1,6
31005899,49,1,-1,-1,4
31004437,51,20,-1,-1,5
30994865,25,3,-1,-1,1
30999660,42,43,-1,-1,4
30995747,0,3,-1,-1,0
31005859,42,45,-1,-1,3
31004171,4,39,-1,-1,2
31005996,55,13,-1,-1,5
30999840,2,57,-1,-1,4
31002226,43,49,-1,-1,4
30999686,32,0,-1,-1,2
31003089,11,15,-1,-1,2
31004180,19,52,-1,-1,3
31002955,57,16,-1,-1,1
31001447,32,8,-1,-1,3
30992257,20,11,-1,-1,0
31002537,29,29,-1,-1,3
30995586,22,24,-1,-1,1
31004860,38,24,-1,-1,2
31005449,15,21,-1,-1,0
31001280,25,19,-1,-1,0
31004037,45,25,-1,-1,0
31004759,47,33,-1,-1,7
31005700,26,36,-1,-1,7
31004939,46,21,-1,-1,4
31003207,1,24,-1,-1,7
31004635,21,46,-1,-1,6
31005107,44,2,-1,-1,0
31003448,35,14,-1,-1,1
31001788,6,12,-1,-1,1
31004763,25,39,-1,-1,1
31004559,24,22,-1,-1,7
31004498,26,2,-1,-1,1
31005761,15,36,-1,-1,7
31004986,8,42,-1,-1,7
31003980,37,50,-1,-1,5
31006127,31,25,-1,-1,5
31003613,40,48,-1,-1,4
31003201,3,0,-1,-1,5
31003183,28,58,-1,-1,2
30998187,1,20,-1,-1,6
31005794,28,47,-1,-1,1
31000858,31,6,-1,-1,4
30999871,24,42,-1,-1,3
31003706,27,6,-1,-1,4
31005463,37,21,-1,-1,2
31005066,35,53,-1,-1,4
31004169,47,27,-1,-1,7
30994262,52,32,-1,-1,1
31001173,39,21,-1,-1,0
30998741,15,11,-1,-1,6
31003555,0,16,-1,-1,3
30995904,29,4,-1,-1,7
30993568,11,37,-1,-1,3
31000061,0,37,-1,-1,0
30991819,15,6,-1,-1,2
31006163,21,34,-1,-1,5
31006123,28,39,-1,-1,7
30982133,56,56,-1,-1,2
31005025,20,29,-1,-1,5
31002808,34,30,-1,-1,4
31002098,0,6,-1,-1,3
31003623,13,39,-1,-1,1
31005383,30,0,-1,-1,2
31006023,21,20,-1,-1,2
31004476,23,38,-1,-1,5
30997346,10,55,-1,-1,7
31004863,40,16,-1,-1,4
31003465,57,44,-1,-1,6
31004790,25,35,-1,-1,2
31000648,26,32,-1,-1,5
31004721,34,1,-1,-1,3
31001860,55,52,-1,-1,0
31003692,23,46,-1,-1,3
30999994,2,39,-1,-1,1
31002766,46,56,-1,-1,1
31005072,21,10,-1,-1,6
31005962,11,25,-1,-1,6
31004108,19,9,-1,-1,2
30994915,6,45,-1,-1,4
31002993,30,12,-1,-1,1
31000021,43,46,-1,-1,6
31005225,25,12,-1,-1,1
31004831,48,10,-1,-1,4
30998891,21,52,-1,-1,3
31003796,11,13,-1,-1,1
31000934,55,7,-1,-1,6
31006191,36,8,-1,-1,1
31005618,10,38,-1,-1,3
31003873,25,34,-1,-1,5
31004627,15,2,-1,-1,0
31002723,51,27,-1,-1,1
31005929,39,44,-1,-1,5
31004342,49,3,-1,-1,5
31005874,19,12,-1,-1,6
31003326,38,55,-1,-1,6
31002503,2,35,-1,-1,5
31000365,0,48,-1,-1,4
30999023,4,22,-1,-1,3
31004943,41,35,-1,-1,6
31005974,24,26,-1,-1,6
31004807,22,54,-1,-1,6
31003990,28,33,-1,-1,4
30998649,26,55,-1,-1,1
31005536,55,2,-1,-1,1
31001487,56,7,-1,-1,3
31005553,13,48,-1,-1,0
31002068,28,4,-1,-1,2
31002672,50,41,-1,-1,1
31003402,2,40,-1,-1,0
31005071,19,22,-1,-1,4
30997918,37,44,-1,-1,0
31001765,27,58,-1,-1,6
31000743,52,56,-1,-1,7
31003967,47,16,-1,-1,5
31001809,16,40,-1,-1,3
31000609,5,53,-1,-1,0
31004976,37,13,-1,-1,3
31002219,25,31,-1,-1,6
31003952,55,8,-1,-1,7
31006136,42,46,-1,-1,4
30994726,3,23,-1,-1,6
31002236,2,33,-1,-1,7
31004365,12,22,-1,-1,5
31003078,47,29,-1,-1,7
31004069,31,38,-1,-1,3
31005385,38,52,-1,-1,5
31004756,57,56,-1,-1,7
31003259,14,48,-1,-1,3
31003462,10,8,-1,-1,5
30997278,3,25,-1,-1,5
31000797,23,52,-1,-1,1
31005737,39,56,-1,-1,0
31004666,26,43,-1,-1,4
31001416,45,36,-1,-1,1
31003378,20,41,-1,-1,0
31000368,0,44,-1,-1,2
31004349,52,44,-1,-1,5
31004514,8,5,-1,-1,2
31005034,19,34,-1,-1,5
31005620,31,34,-1,-1,6
31004372,3,50,-1,-1,3
31002658,17,48,-1,-1,6
31003261,6,28,-1,-1,2
31005919,50,34,-1,-1,7
31001483,38,7,-1,-1,0
31004431,47,7,-1,-1,6
30998781,54,51,-1,-1,5
30999406,8,4,-1,-1,6
30993344,21,17,-1,-1,0
31003190,19,42,-1,-1,3
31001676,54,49,-1,-1,3
31004545,19,28,-1,-1,6
31001981,35,19,-1,-1,5
30998163,9,18,-1,-1,4
31003137,55,45,-1,-1,0
31004601,53,20,-1,-1,4
31005850,36,48,-1,-1,2
31006159,43,47,-1,-1,2
31000728,38,2,-1,-1,5
31004891,20,33,-1,-1,7
31004988,52,10,-1,-1,0
31005833,55,32,-1,-1,2
31005937,32,12,-1,-1,3
31003851,42,10,-1,-1,0
30999946,45,37,-1,-1,4
30994303,4,26,-1,-1,5
31000335,50,11,-1,-1,7
31001123,7,56,-1,-1,0
31001926,43,39,-1,-1,3
31005294,45,20,-1,-1,2
31002946,43,43,-1,-1,5
31005628,35,4,-1,-1,5
31001598,18,35,-1,-1,6
31005282,10,27,-1,-1,3
31006005,35,26,-1,-1,1
31005387,19,24,-1,-1,5
31004961,33,56,-1,-1,2
30999368,4,44,-1,-1,5
31005064,47,20,-1,-1,7
30979243,47,0,-1,-1,3
31005795,22,8,-1,-1,7
31002877,39,49,-1,-1,7
31001348,58,47,-1,-1,0
31005075,23,5,-1,-1,3
31001837,3,22,-1,-1,0
30996148,56,40,-1,-1,0
31005963,50,42,-1,-1,1
30999576,37,56,-1,-1,5
31005221,56,52,-1,-1,2
31003557,8,45,-1,-1,0
30999842,34,33,-1,-1,2
30996086,54,42,-1,-1,2
31005506,48,55,-1,-1,5
31005663,58,18,-1,-1,4
31004996,51,17,-1,-1,5
31002140,16,20,-1,-1,6
30996404,57,51,-1,-1,4
31006031,30,4,-1,-1,4
31003217,41,2,-1,-1,5
31000859,51,6,-1,-1,3
30999228,54,3,-1,-1,1
31000346,56,28,-1,-1,2
31003510,35,16,-1,-1,2
31002434,35,58,-1,-1,6
31005057,26,51,-1,-1,6
31003655,35,0,-1,-1,5
31000022,9,16,-1,-1,1
31001247,31,46,-1,-1,2
31000959,10,18,-1,-1,5
31000196,57,13,-1,-1,3
31004022,2,13,-1,-1,3
31005902,16,41,-1,-1,1
31004686,45,8,-1,-1,7
30999549,0,31,-1,-1,0
31003370,31,4,-1,-1,2
30996195,54,16,-1,-1,3
31004066,2,28,-1,-1,1
30999255,14,56,-1,-1,1
31001169,50,45,-1,-1,7
30991359,33,52,-1,-1,5
30998942,46,18,-1,-1,6
31003033,53,18,-1,-1,6
31001680,21,24,-1,-1,7
31004558,10,9,-1,-1,3
31002496,51,35,-1,-1,7
31004597,19,2,-1,-1,5
31005966,24,28,-1,-1,4
31004050,3,58,-1,-1,6
31005278,26,40,-1,-1,4
31005941,46,35,-1,-1,1
31005882,15,13,-1,-1,0
31004878,16,39,-1,-1,4
31004346,20,45,-1,-1,3
31003953,45,53,-1,-1,2
31002689,18,34,-1,-1,1
30993519,58,51,-1,-1,7
31006181,17,52,-1,-1,5
31002897,56,32,-1,-1,4
31005197,35,15,-1,-1,7
30995366,58,7,-1,-1,0
31004505,17,21,-1,-1,2
31002361,41,34,-1,-1,4
30999724,53,22,-1,-1,4
30999387,8,38,-1,-1,3
30989411,7,3,-1,-1,0
31001554,6,3,-1,-1,7
31000988,17,51,-1,-1,7
31000311,57,18,-1,-1,4
31000165,42,11,-1,-1,5
31005593,4,43,-1,-1,6
31001050,31,3,-1,-1,0
31005466,52,35,-1,-1,6
31004954,14,37,-1,-1,0
31004812,32,35,-1,-1,1
31006055,38,47,-1,-1,6
30997626,10,41,-1,-1,6
31003409,56,17,-1,-1,0
31005625,36,27,-1,-1,2
30997700,36,31,-1,-1,5
30998127,6,36,-1,-1,5
31003307,57,46,-1,-1,5
31004615,4,18,-1,-1,2
31000334,51,21,-1,-1,2
31005610,43,30,-1,-1,2
31005297,30,9,-1,-1,1
31005531,35,30,-1,-1,5
31005216,33,41,-1,-1,0
31003642,57,0,-1,-1,2
30997541,9,14,-1,-1,0
31006007,19,55,-1,-1,5
30999307,19,4,-1,-1,5
31005557,48,12,-1,-1,6
31006194,6,5,-1,-1,0
31004426,44,54,-1,-1,4
31005321,34,42,-1,-1,1
31004710,15,24,-1,-1,7
30995999,10,6,-1,-1,3
31003472,18,25,-1,-1,5
30997896,55,50,-1,-1,3
31003811,3,53,-1,-1,2
31005675,48,44,-1,-1,4
30994774,53,10,-1,-1,4
31005471,38,30,-1,-1,2
31004464,22,48,-1,-1,6
30998764,10,10,-1,-1,1
31006141,21,27,-1,-1,7
31006044,19,18,-1,-1,2
31005030,55,34,-1,-1,6
31005811,45,9,-1,-1,5
31005670,21,12,-1,-1,7
31004141,56,4,-1,-1,5
31004850,45,30,-1,-1,1
31004385,16,47,-1,-1,3
31004252,5,42,-1,-1,4
31003977,6,35,-1,-1,0
31005425,24,33,-1,-1,3
30991400,2,50,-1,-1,2
31006020,43,26,-1,-1,6
31003646,49,13,-1,-1,7
31005517,44,55,-1,-1,5
31005087,28,10,-1,-1,5
31003173,32,5,-1,-1,1
30999105,42,52,-1,-1,1
31006151,5,51,-1,-1,2
31003641,46,38,-1,-1,5
31003567,2,16,-1,-1,1
30995819,13,47,-1,-1,6
31004483,20,56,-1,-1,1
31004965,34,44,-1,-1,1
31000969,22,52,-1,-1,1
31004295,14,1,-1,-1,4
31004115,35,27,-1,-1,7
31004322,46,2,-1,-1,4
31005957,21,48,-1,-1,1
30995909,2,5,-1,-1,0
30993870,43,45,-1,-1,5
30996048,33,30,-1,-1,7
31000918,8,8,-1,-1,3
31005801,33,27,-1,-1,4
30998426,6,9,-1,-1,4
31004737,30,29,-1,-1,1
31003381,39,3,-1,-1,4
30993837,56,1,-1,-1,3
30997170,3,21,-1,-1,7
30998610,35,2,-1,-1,3
31002160,1,52,-1,-1,6
30997831,58,29,-1,-1,5
31002842,52,24,-1,-1,6
30990360,45,51,-1,-1,0
31003500,28,6,-1,-1,5
31005715,37,37,-1,-1,6
31003225,57,21,-1,-1,0
31001673,44,32,-1,-1,2
31000302,23,11,-1,-1,5
31003612,17,40,-1,-1,7
31005418,52,46,-1,-1,0
31003927,9,45,-1,-1,2
30993652,56,57,-1,-1,5
31004097,57,4,-1,-1,4
31002172,22,19,-1,-1,4
30983983,1,55,-1,-1,7
31004769,10,22,-1,-1,6
31003120,20,27,-1,-1,1
31005533,44,38,-1,-1,4
30995831,49,54,-1,-1,0
31000129,45,4,-1,-1,3
31003978,55,30,-1,-1,7
31004835,51,24,-1,-1,2
30999676,20,6,-1,-1,1
31004744,8,22,-1,-1,1
30997610,1,54,-1,-1,0
31004271,48,17,-1,-1,0
31005420,28,46,-1,-1,4
31002889,54,30,-1,-1,2
30985984,11,0,-1,-1,4
31005793,24,6,-1,-1,5
31003586,5,12,-1,-1,3
30994702,4,50,-1,-1,1
31005757,8,27,-1,-1,6
31003392,1,45,-1,-1,7
31004588,51,42,-1,-1,6
31001863,36,51,-1,-1,4
31005343,19,16,-1,-1,0
31001092,58,35,-1,-1,4
31005248,8,2,-1,-1,4
30998785,36,53,-1,-1,7
31005214,31,16,-1,-1,6
31000845,2,49,-1,-1,7
31002839,38,1,-1,-1,7
31003023,16,32,-1,-1,6
31005709,31,15,-1,-1,3
31005181,39,9,-1,-1,1
31001433,2,14,-1,-1,2
31000124,56,33,-1,-1,6
31002841,36,11,-1,-1,3
30990283,0,25,-1,-1,1
31005889,20,20,-1,-1,1
31005270,18,32,-1,-1,5
30998861,23,7,-1,-1,6
31005622,47,48,-1,-1,0
31005462,13,40,-1,-1,0
31004987,48,9,-1,-1,2
31004325,34,8,-1,-1,2
31003379,31,13,-1,-1,1
31005837,29,40,-1,-1,7
30990423,58,50,-1,-1,4
31002638,45,24,-1,-1,4
31002109,44,10,-1,-1,5
31003339,40,39,-1,-1,5
31001349,3,36,-1,-1,7
31005257,32,14,-1,-1,2
31004370,12,5,-1,-1,6
31006084,26,42,-1,-1,4
31004537,40,29,-1,-1,7
31000591,58,55,-1,-1,6
31006110,57,10,-1,-1,1
30990679,50,18,-1,-1,2
31004760,29,23,-1,-1,3
31005591,25,23,-1,-1,2
30988419,58,52,-1,-1,4
31003989,21,15,-1,-1,0
31003576,45,42,-1,-1,1
31001076,36,39,-1,-1,3
31002873,40,2,-1,-1,1
31004014,16,53,-1,-1,2
31005169,38,11,-1,-1,1
31005111,52,33,-1,-1,5
31005925,18,47,-1,-1,0
31003633,57,50,-1,-1,2
31005748,54,8,-1,-1,5
31002169,27,1,-1,-1,3
31006184,23,31,-1,-1,0
31005322,18,38,-1,-1,0
30996342,6,24,-1,-1,4
31005284,11,3,-1,-1,0
31005138,29,18,-1,-1,0
31005728,55,12,-1,-1,3
31002176,41,10,-1,-1,2
31003930,30,23,-1,-1,6
30992325,56,30,-1,-1,4
31005306,23,37,-1,-1,6
31002982,53,7,-1,-1,1
31001195,44,27,-1,-1,5
30999787,14,31,-1,-1,2
31005271,28,13,-1,-1,0
31005084,14,21,-1,-1,5
31002755,54,50,-1,-1,7
31000422,3,13,-1,-1,2
30997926,52,47,-1,-1,3
31002311,36,16,-1,-1,5
31004409,51,37,-1,-1,7
31005826,3,15,-1,-1,6
31005542,22,53,-1,-1,2
31006139,47,1,-1,-1,1
31004542,13,50,-1,-1,5
31005616,20,34,-1,-1,2
30992876,5,10,-1,-1,1
31000222,27,49,-1,-1,2
31003924,45,0,-1,-1,6
31004110,32,37,-1,-1,6
31005232,40,19,-1,-1,4
30997517,38,41,-1,-1,1
31005059,25,41,-1,-1,5
31003913,31,33,-1,-1,1
31004969,48,13,-1,-1,7
31004345,25,40,-1,-1,0
31002199,28,21,-1,-1,1
31004522,17,46,-1,-1,4
31000775,5,50,-1,-1,2
31000986,56,53,-1,-1,1
31002411,11,1,-1,-1,4
31001560,8,6,-1,-1,2
31004828,39,33,-1,-1,5
31002331,2,56,-1,-1,2
31005432,25,5,-1,-1,2
31005032,29,24,-1,-1,3
31002716,4,6,-1,-1,1
31005046,15,20,-1,-1,6
31004273,46,28,-1,-1,2
31003429,0,55,-1,-1,0
31005875,46,8,-1,-1,3
30996132,17,2,-1,-1,0
31000777,56,5,-1,-1,3
30996965,57,33,-1,-1,7
31006089,35,25,-1,-1,1
30997786,48,45,-1,-1,3
31001979,8,1,-1,-1,4
31004106,26,45,-1,-1,3
30998251,9,27,-1,-1,3
31003787,9,20,-1,-1,0
31004985,25,47,-1,-1,5
31001892,50,20,-1,-1,7
31005434,56,51,-1,-1,0
31003192,55,53,-1,-1,6
31002785,44,37,-1,-1,0
31005888,30,1,-1,-1,5
31001133,56,20,-1,-1,6
31003350,50,33,-1,-1,0
31006058,27,12,-1,-1,1
31000882,42,57,-1,-1,3
31004897,2,54,-1,-1,7
31005973,17,18,-1,-1,4
30998787,7,14,-1,-1,2
31005079,16,28,-1,-1,5
31004599,55,35,-1,-1,1
31001678,34,50,-1,-1,4
31004177,4,20,-1,-1,2
31001803,36,14,-1,-1,1
31005893,50,12,-1,-1,4
31005529,9,39,-1,-1,7
30993558,58,0,-1,-1,4
30997256,32,44,-1,-1,7
31003736,4,48,-1,-1,7
31000983,2,21,-1,-1,7
31005347,32,53,-1,-1,1
31000386,51,26,-1,-1,3
31005044,30,19,-1,-1,4
31005180,14,26,-1,-1,4
31004418,18,53,-1,-1,7
31003316,13,41,-1,-1,7
31004613,39,46,-1,-1,2
31003987,46,25,-1,-1,6
30998159,8,54,-1,-1,1
31005813,43,20,-1,-1,6
31003591,3,54,-1,-1,5
30991613,48,53,-1,-1,7
31006162,16,35,-1,-1,5
31005550,49,14,-1,-1,0
31005880,32,23,-1,-1,0
30998588,39,35,-1,-1,5
31005482,18,46,-1,-1,7
31005534,46,52,-1,-1,6
31004321,19,53,-1,-1,4
31003827,21,57,-1,-1,5
30995761,50,19,-1,-1,2
31004841,48,33,-1,-1,7
31000087,34,35,-1,-1,0
31001354,30,35,-1,-1,5
30999968,55,42,-1,-1,4
31005577,14,28,-1,-1,6
30999654,14,19,-1,-1,7
31000950,22,18,-1,-1,1
31005568,13,21,-1,-1,3
30999716,52,9,-1,-1,6
31001335,11,45,-1,-1,1
31004642,57,28,-1,-1,1
30999742,12,35,-1,-1,2
31005690,25,24,-1,-1,6
31005556,34,39,-1,-1,3
31005337,27,39,-1,-1,4
30975031,8,31,-1,-1,7
31002665,12,52,-1,-1,1
30997927,17,13,-1,-1,0
31003428,4,14,-1,-1,7
30999996,35,1,-1,-1,6
31005560,33,36,-1,-1,6
31005736,44,25,-1,-1,7
31002563,4,4,-1,-1,6
31002872,21,30,-1,-1,0
31003468,1,57,-1,-1,7
30986395,21,47,-1,-1,3
31005093,25,17,-1,-1,1
31001719,9,30,-1,-1,7
30994196,11,35,-1,-1,2
30999650,15,46,-1,-1,5
31003459,0,12,-1,-1,4
31003712,33,12,-1,-1,0
31004388,45,56,-1,-1,6
31004970,11,22,-1,-1,0
31003908,14,36,-1,-1,0
30997770,18,29,-1,-1,3
31000540,32,36,-1,-1,0
31006161,1,28,-1,-1,5
31001290,39,40,-1,-1,7
31000717,55,41,-1,-1,7
30996513,0,28,-1,-1,1
31004075,28,16,-1,-1,6
31003734,31,43,-1,-1,1
30997420,52,31,-1,-1,1
30998115,3,1,-1,-1,2
30997440,55,29,-1,-1,6
31003674,43,5,-1,-1,4
31005911,40,49,-1,-1,4
31005964,24,38,-1,-1,1
31005047,32,21,-1,-1,5
31005369,46,10,-1,-1,7
31002557,47,46,-1,-1,4
31004401,44,31,-1,-1,3
31003401,26,22,-1,-1,3
31004117,17,4,-1,-1,6
31005457,28,45,-1,-1,5
31005143,26,29,-1,-1,6
31001233,45,16,-1,-1,4
31001261,55,5,-1,-1,3
30995868,9,33,-1,-1,1
30998566,5,49,-1,-1,2
31006064,15,19,-1,-1,6
31005967,37,24,-1,-1,6
31005597,9,47,-1,-1,1
31001742,6,23,-1,-1,5
31006179,7,28,-1,-1,4
31005879,12,24,-1,-1,1
30991899,43,51,-1,-1,1
31002276,29,20,-1,-1,6
31003414,25,16,-1,-1,5
31006164,32,43,-1,-1,6
31001079,8,15,-1,-1,5
31002049,11,20,-1,-1,3
31005621,2,27,-1,-1,5
31003111,41,16,-1,-1,7
31004655,22,27,-1,-1,3
31005558,3,42,-1,-1,1
31001291,6,11,-1,-1,1
31005733,15,16,-1,-1,1
31000716,53,23,-1,-1,7
31005907,55,22,-1,-1,2
31004061,55,16,-1,-1,5
31000848,8,34,-1,-1,4
31004371,6,34,-1,-1,2
31004767,27,44,-1,-1,2
31001057,26,10,-1,-1,4
31005600,36,47,-1,-1,4
31005599,28,35,-1,-1,3
31003091,56,13,-1,-1,6
31002096,21,5,-1,-1,0
31006002,23,18,-1,-1,2
31005017,15,33,-1,-1,7
31006195,25,20,-1,-1,1
