# org_id,org_cellx,org_celly,org_forage_target,org_group_id,org_facing
24593911,15,33,-1,-1,5
24588727,56,12,-1,-1,6
24592330,34,1,-1,-1,3
24591857,29,43,-1,-1,5
24593813,32,12,-1,-1,1
24591998,3,32,-1,-1,6
24592031,23,12,-1,-1,4
24590208,49,53,-1,-1,7
24592931,49,16,-1,-1,3
24590078,24,15,-1,-1,4
24590951,48,8,-1,-1,3
24589743,0,57,-1,-1,0
24590555,42,25,-1,-1,1
24593189,42,21,-1,-1,7
24583164,58,22,-1,-1,5
24592992,29,3,-1,-1,0
24592044,58,53,-1,-1,4
24585715,57,39,-1,-1,3
24592711,3,5,-1,-1,2
24593532,41,3,-1,-1,3
24591437,30,48,-1,-1,7
24593899,24,31,-1,-1,1
24590346,56,54,-1,-1,6
24586985,12,45,-1,-1,3
24593291,58,10,-1,-1,0
24588097,52,57,-1,-1,5
24585409,50,57,-1,-1,5
24594052,17,41,-1,-1,3
24593494,42,47,-1,-1,2
24593856,25,6,-1,-1,2
24588855,39,43,-1,-1,6
24593117,41,47,-1,-1,1
24593000,50,24,-1,-1,7
24592890,17,33,-1,-1,7
24589817,20,31,-1,-1,2
24585235,3,34,-1,-1,0
24589989,9,48,-1,-1,6
24590819,15,21,-1,-1,0
24589983,3,52,-1,-1,3
24593263,37,11,-1,-1,7
24589463,52,25,-1,-1,4
24583526,42,2,-1,-1,6
24593946,31,9,-1,-1,6
24590778,31,45,-1,-1,6
24593969,15,50,-1,-1,6
24587437,58,38,-1,-1,0
24590306,15,25,-1,-1,4
24593731,40,51,-1,-1,6
24580517,5,28,-1,-1,7
24590270,14,13,-1,-1,6
24592912,40,20,-1,-1,4
24590915,0,20,-1,-1,2
24593816,50,29,-1,-1,5
24592181,31,14,-1,-1,0
24590357,20,11,-1,-1,2
24593010,25,37,-1,-1,1
24588781,58,41,-1,-1,0
24591021,8,39,-1,-1,1
24592869,27,56,-1,-1,2
24585084,56,29,-1,-1,2
24594040,43,42,-1,-1,6
24588294,30,9,-1,-1,4
24593081,58,19,-1,-1,5
24593855,7,39,-1,-1,4
24593995,43,40,-1,-1,4
24593639,42,23,-1,-1,0
24589061,3,19,-1,-1,2
24592800,17,36,-1,-1,2
24593403,28,21,-1,-1,4
24593264,18,40,-1,-1,0
24593136,56,10,-1,-1,6
24586834,18,38,-1,-1,3
24591283,19,3,-1,-1,0
24586475,35,46,-1,-1,0
24592750,5,48,-1,-1,1
24592417,30,31,-1,-1,6
24591511,34,58,-1,-1,2
24593099,46,38,-1,-1,5
24590850,36,32,-1,-1,7
24590335,9,18,-1,-1,5
24588878,10,38,-1,-1,1
24592621,4,42,-1,-1,1
24594070,42,48,-1,-1,2
24588403,38,13,-1,-1,3
24589094,20,36,-1,-1,4
24593854,13,55,-1,-1,2
24591494,49,31,-1,-1,5
24590429,13,44,-1,-1,0
24592085,42,44,-1,-1,5
24582231,11,25,-1,-1,4
24593919,9,7,-1,-1,6
24589268,47,25,-1,-1,6
24588768,28,7,-1,-1,4
24590160,47,21,-1,-1,2
24593194,36,26,-1,-1,4
24592887,21,32,-1,-1,5
24591700,40,47,-1,-1,1
24585351,3,51,-1,-1,1
24590470,2,23,-1,-1,1
24592754,47,15,-1,-1,2
24592065,57,58,-1,-1,1
24591243,15,19,-1,-1,2
24593842,54,5,-1,-1,5
24590044,6,28,-1,-1,6
24585141,22,30,-1,-1,0
24590282,22,29,-1,-1,4
24589338,15,37,-1,-1,1
24590580,55,29,-1,-1,5
24588733,48,50,-1,-1,1
24593294,7,48,-1,-1,2
24592620,11,19,-1,-1,6
24585931,38,26,-1,-1,0
24592284,24,14,-1,-1,2
24592409,14,53,-1,-1,3
24585830,6,14,-1,-1,6
24591100,43,0,-1,-1,2
24582839,34,45,-1,-1,2
24592397,34,53,-1,-1,4
24586197,20,43,-1,-1,5
24592857,52,42,-1,-1,3
24592834,10,31,-1,-1,4
24574417,16,1,-1,-1,4
24589798,3,55,-1,-1,1
24593112,30,51,-1,-1,3
24593852,32,27,-1,-1,2
24589958,45,20,-1,-1,7
24593160,45,53,-1,-1,4
24591545,38,21,-1,-1,2
24586864,10,28,-1,-1,5
24592436,18,32,-1,-1,6
24590921,26,11,-1,-1,7
24591805,23,7,-1,-1,0
24592775,46,51,-1,-1,7
24579462,19,55,-1,-1,4
24593657,14,41,-1,-1,3
24581179,1,0,-1,-1,6
24587465,18,23,-1,-1,7
24584638,9,25,-1,-1,4
24580985,29,2,-1,-1,0
24590404,28,20,-1,-1,0
24590805,46,44,-1,-1,4
24593943,15,20,-1,-1,2
24593246,40,13,-1,-1,6
24591007,19,10,-1,-1,0
24568753,58,18,-1,-1,5
24590851,41,21,-1,-1,2
24592820,50,3,-1,-1,6
24591952,24,18,-1,-1,6
24592543,54,10,-1,-1,0
24592626,9,45,-1,-1,0
24592268,49,21,-1,-1,2
24592182,45,5,-1,-1,2
24589796,25,31,-1,-1,6
24591164,4,6,-1,-1,5
24588027,10,18,-1,-1,1
24590781,58,35,-1,-1,5
24589623,57,15,-1,-1,3
24593815,35,26,-1,-1,5
24592852,55,21,-1,-1,1
24586831,48,23,-1,-1,4
24593562,11,16,-1,-1,1
24593663,25,20,-1,-1,1
24584383,9,22,-1,-1,6
24591204,8,7,-1,-1,2
24593206,1,4,-1,-1,5
24593605,38,49,-1,-1,4
24591339,55,13,-1,-1,1
24590391,58,27,-1,-1,5
24593829,50,21,-1,-1,0
24592585,51,58,-1,-1,7
24589658,7,47,-1,-1,7
24591371,16,40,-1,-1,4
24594014,55,57,-1,-1,3
24592757,21,23,-1,-1,3
24583799,13,29,-1,-1,7
24591850,39,17,-1,-1,4
24591795,5,47,-1,-1,6
24593214,10,39,-1,-1,1
24587489,3,38,-1,-1,6
24585924,45,28,-1,-1,5
24592332,57,48,-1,-1,2
24585709,11,23,-1,-1,1
24586893,33,26,-1,-1,7
24593247,1,47,-1,-1,1
24594088,43,7,-1,-1,0
24591696,34,15,-1,-1,3
24590281,44,16,-1,-1,1
24591953,30,43,-1,-1,1
24593328,30,18,-1,-1,2
24588907,8,28,-1,-1,5
24568973,23,24,-1,-1,6
24593243,26,2,-1,-1,1
24590141,11,42,-1,-1,2
24591811,3,22,-1,-1,7
24591759,1,25,-1,-1,4
24593708,2,7,-1,-1,3
24592502,15,13,-1,-1,7
24591094,53,10,-1,-1,1
24589216,42,4,-1,-1,5
24593130,26,16,-1,-1,1
24591610,10,27,-1,-1,5
24590493,13,30,-1,-1,3
24593687,9,8,-1,-1,0
24591267,54,27,-1,-1,0
24592014,5,16,-1,-1,0
24584555,12,40,-1,-1,2
24589628,35,32,-1,-1,3
24590797,40,42,-1,-1,4
24590633,43,13,-1,-1,4
24593588,27,23,-1,-1,0
24590616,16,54,-1,-1,0
24587310,56,49,-1,-1,1
24588815,41,4,-1,-1,1
24593965,3,50,-1,-1,1
24581233,2,30,-1,-1,6
24593368,23,36,-1,-1,0
24592792,28,49,-1,-1,3
24590519,4,25,-1,-1,4
24591348,12,57,-1,-1,3
24592488,29,23,-1,-1,4
24588293,18,50,-1,-1,4
24592052,9,32,-1,-1,1
24592232,38,9,-1,-1,7
24592535,46,1,-1,-1,1
24590022,23,49,-1,-1,4
24585984,37,53,-1,-1,6
24591166,22,46,-1,-1,3
24589640,38,32,-1,-1,7
24593449,26,15,-1,-1,6
24591611,42,36,-1,-1,7
24593378,45,47,-1,-1,3
24592401,34,25,-1,-1,7
24592468,16,27,-1,-1,6
24589210,48,12,-1,-1,6
24592678,10,53,-1,-1,2
24585551,6,53,-1,-1,2
24593922,28,27,-1,-1,1
24589024,54,3,-1,-1,5
24593085,31,42,-1,-1,3
24586493,24,38,-1,-1,2
24573590,15,40,-1,-1,4
24587436,0,16,-1,-1,0
24592763,35,20,-1,-1,1
24592782,51,9,-1,-1,5
24583802,8,30,-1,-1,6
24587438,8,0,-1,-1,2
24592005,32,42,-1,-1,3
24592680,26,52,-1,-1,6
24591540,52,14,-1,-1,0
24580883,37,5,-1,-1,6
24588960,20,2,-1,-1,7
24593523,50,46,-1,-1,6
24593100,13,20,-1,-1,2
24592574,50,55,-1,-1,7
24590962,41,36,-1,-1,3
24588590,9,17,-1,-1,7
24593794,44,5,-1,-1,1
24593116,23,53,-1,-1,0
24591292,12,34,-1,-1,2
24591763,33,8,-1,-1,1
24573795,58,34,-1,-1,0
24593688,6,44,-1,-1,0
24569178,56,24,-1,-1,7
24592196,49,24,-1,-1,4
24584989,27,54,-1,-1,2
24590247,1,1,-1,-1,1
24593844,10,48,-1,-1,7
24578544,15,35,-1,-1,0
24591279,19,9,-1,-1,7
24592960,36,28,-1,-1,3
24592221,44,58,-1,-1,7
24593924,54,42,-1,-1,6
24593810,51,5,-1,-1,2
24589975,25,57,-1,-1,4
24588200,3,15,-1,-1,6
24592017,16,44,-1,-1,2
24591935,1,51,-1,-1,4
24592637,26,23,-1,-1,3
24594063,51,14,-1,-1,7
24587511,26,58,-1,-1,2
24593873,5,55,-1,-1,4
24594056,50,51,-1,-1,7
24592030,21,56,-1,-1,1
24586820,22,11,-1,-1,0
24592612,3,58,-1,-1,1
24592109,21,6,-1,-1,1
24588742,22,9,-1,-1,2
24592828,28,57,-1,-1,6
24591197,33,32,-1,-1,4
24589379,42,33,-1,-1,2
24586190,55,17,-1,-1,4
24591134,58,3,-1,-1,6
24588867,0,50,-1,-1,4
24589786,46,29,-1,-1,2
24593583,27,19,-1,-1,5
24592589,28,4,-1,-1,1
24588437,32,26,-1,-1,0
24593133,9,29,-1,-1,3
24594005,15,58,-1,-1,0
24591027,54,35,-1,-1,0
24592795,19,21,-1,-1,5
24591706,55,55,-1,-1,4
24593535,31,38,-1,-1,1
24592862,4,54,-1,-1,5
24593976,16,14,-1,-1,4
24592286,26,35,-1,-1,1
24588883,9,19,-1,-1,3
24592634,37,26,-1,-1,6
24590897,17,56,-1,-1,7
24591290,20,14,-1,-1,2
24593515,23,23,-1,-1,4
24586435,10,58,-1,-1,1
24592198,26,54,-1,-1,4
24592773,44,26,-1,-1,4
24587610,39,5,-1,-1,5
24592386,49,18,-1,-1,6
24589055,56,39,-1,-1,7
24591130,36,19,-1,-1,2
24592819,7,30,-1,-1,2
24590173,51,11,-1,-1,0
24593111,31,30,-1,-1,7
24591447,15,12,-1,-1,2
24593702,44,53,-1,-1,7
24590253,35,33,-1,-1,5
24591868,44,33,-1,-1,0
24593832,33,18,-1,-1,2
24589895,28,31,-1,-1,3
24592075,30,42,-1,-1,3
24593123,11,54,-1,-1,0
24582365,58,43,-1,-1,7
24592804,22,14,-1,-1,5
24592149,0,4,-1,-1,2
24593662,27,47,-1,-1,2
24593558,42,52,-1,-1,0
24593115,20,18,-1,-1,5
24592291,1,48,-1,-1,6
24588988,19,36,-1,-1,2
24592110,57,45,-1,-1,4
24593647,49,6,-1,-1,4
24590779,3,53,-1,-1,1
24593037,11,34,-1,-1,1
24593795,49,38,-1,-1,7
24592425,54,8,-1,-1,5
24590026,17,28,-1,-1,6
24591697,57,54,-1,-1,5
24590074,56,3,-1,-1,7
24593738,2,10,-1,-1,6
24592306,19,31,-1,-1,1
24594054,26,6,-1,-1,4
24591793,30,30,-1,-1,1
24594042,44,18,-1,-1,4
24592357,22,1,-1,-1,6
24592916,6,27,-1,-1,4
24591377,2,11,-1,-1,6
24588903,39,2,-1,-1,5
24590113,28,33,-1,-1,5
24578123,54,34,-1,-1,2
24589519,58,28,-1,-1,7
24592823,40,35,-1,-1,3
24592067,42,3,-1,-1,4
24593531,46,17,-1,-1,5
24582447,23,10,-1,-1,4
24588120,12,25,-1,-1,4
24593823,35,19,-1,-1,0
24591213,6,20,-1,-1,3
24592359,58,51,-1,-1,5
24590515,36,40,-1,-1,3
24589233,25,55,-1,-1,5
24593791,5,24,-1,-1,5
24592373,55,23,-1,-1,6
24592315,24,28,-1,-1,7
24593109,7,5,-1,-1,3
24591441,20,37,-1,-1,5
24591958,55,15,-1,-1,5
24591507,14,5,-1,-1,2
24593917,15,45,-1,-1,6
24590019,35,17,-1,-1,4
24591069,37,39,-1,-1,4
24590990,39,40,-1,-1,5
24586400,22,40,-1,-1,4
24593475,50,45,-1,-1,7
24593162,2,45,-1,-1,2
24591559,47,16,-1,-1,4
24591234,10,47,-1,-1,7
24576035,4,38,-1,-1,4
24593151,37,40,-1,-1,6
24592158,38,55,-1,-1,7
24592699,26,43,-1,-1,5
24592497,57,27,-1,-1,0
24593851,12,27,-1,-1,3
24584324,21,10,-1,-1,6
24591721,40,39,-1,-1,6
24592582,24,43,-1,-1,1
24593594,9,34,-1,-1,0
24593977,11,26,-1,-1,2
24575691,17,34,-1,-1,3
24589927,17,43,-1,-1,4
24585864,52,58,-1,-1,7
24591050,55,37,-1,-1,7
24589689,18,5,-1,-1,1
24591001,15,56,-1,-1,0
24591253,12,6,-1,-1,7
24593569,22,43,-1,-1,1
24591216,50,11,-1,-1,0
24590929,2,56,-1,-1,3
24593836,35,57,-1,-1,7
24584930,55,52,-1,-1,0
24589808,32,22,-1,-1,3
24594058,24,57,-1,-1,1
24588096,23,52,-1,-1,4
24585182,38,56,-1,-1,1
24591431,48,55,-1,-1,3
24588561,44,30,-1,-1,6
24583457,42,22,-1,-1,3
24591745,33,54,-1,-1,1
24592947,57,24,-1,-1,0
24590945,37,38,-1,-1,2
24594000,22,3,-1,-1,6
24589826,15,1,-1,-1,7
24592850,12,55,-1,-1,0
24593401,14,4,-1,-1,2
24592814,47,44,-1,-1,4
24585340,50,9,-1,-1,5
24593507,0,0,-1,-1,3
24593361,56,53,-1,-1,5
24581301,38,7,-1,-1,0
24593290,12,1,-1,-1,0
24593179,11,18,-1,-1,1
24593760,51,13,-1,-1,7
24587481,56,4,-1,-1,7
24587898,8,10,-1,-1,6
24593520,52,16,-1,-1,5
24592610,30,11,-1,-1,7
24593578,6,40,-1,-1,0
24591202,34,27,-1,-1,6
24589604,31,29,-1,-1,5
24591356,32,13,-1,-1,4
24592774,27,24,-1,-1,1
24589797,14,28,-1,-1,4
24594073,24,8,-1,-1,5
24592016,1,33,-1,-1,2
24593065,14,49,-1,-1,6
24584410,35,1,-1,-1,1
24590136,34,43,-1,-1,2
24592099,27,7,-1,-1,6
24593177,20,19,-1,-1,6
24592889,24,17,-1,-1,4
24574388,33,6,-1,-1,7
24590401,3,14,-1,-1,1
24592933,47,27,-1,-1,6
24577692,6,22,-1,-1,3
24593203,11,29,-1,-1,6
24585439,46,33,-1,-1,1
24593098,17,30,-1,-1,1
24592683,17,15,-1,-1,2
24590938,47,5,-1,-1,6
24590776,37,21,-1,-1,0
24592297,30,3,-1,-1,2
24593833,25,7,-1,-1,3
24584039,5,30,-1,-1,3
24575259,16,39,-1,-1,2
24593944,15,8,-1,-1,6
24593869,46,10,-1,-1,7
24593971,47,42,-1,-1,7
24586936,8,3,-1,-1,3
24591870,14,50,-1,-1,4
24589526,49,52,-1,-1,5
24594053,31,23,-1,-1,5
24590934,53,35,-1,-1,5
24591179,21,52,-1,-1,0
24591419,9,14,-1,-1,5
24592234,33,38,-1,-1,6
24593885,20,57,-1,-1,3
24591842,51,25,-1,-1,5
24589306,46,53,-1,-1,2
24587899,25,28,-1,-1,4
24593314,58,17,-1,-1,6
24589636,15,24,-1,-1,3
24592243,46,34,-1,-1,3
24593015,50,35,-1,-1,6
24593410,47,12,-1,-1,0
24592665,50,1,-1,-1,3
24590930,50,37,-1,-1,7
24589175,6,33,-1,-1,3
24585723,4,5,-1,-1,7
24591722,4,37,-1,-1,2
24588656,56,44,-1,-1,2
24592577,10,36,-1,-1,1
24588299,17,54,-1,-1,7
24593205,2,28,-1,-1,7
24592738,11,32,-1,-1,4
24585852,42,41,-1,-1,0
24589118,24,1,-1,-1,2
24585627,50,6,-1,-1,7
24592418,20,16,-1,-1,6
24588495,1,46,-1,-1,0
24593325,13,12,-1,-1,7
24592905,54,17,-1,-1,6
24589841,32,3,-1,-1,0
24591672,31,40,-1,-1,1
24591563,47,36,-1,-1,3
24593876,6,52,-1,-1,1
24593788,17,23,-1,-1,6
24591534,39,28,-1,-1,3
24592366,52,5,-1,-1,3
24593783,39,21,-1,-1,6
24594029,44,9,-1,-1,5
24574617,13,23,-1,-1,5
24593812,34,28,-1,-1,1
24587347,1,7,-1,-1,4
24585672,51,46,-1,-1,5
24590598,38,48,-1,-1,6
24592361,50,18,-1,-1,5
24594033,46,6,-1,-1,2
24590292,19,24,-1,-1,0
24588133,13,39,-1,-1,5
24588265,32,44,-1,-1,2
24592304,19,14,-1,-1,4
24592780,43,36,-1,-1,7
24593872,46,16,-1,-1,0
24593998,29,49,-1,-1,2
24591363,51,40,-1,-1,5
24588230,51,26,-1,-1,3
24588041,19,49,-1,-1,5
24591856,6,35,-1,-1,0
24592788,32,2,-1,-1,7
24581319,57,8,-1,-1,7
24594013,12,48,-1,-1,6
24593619,44,48,-1,-1,4
24592407,27,25,-1,-1,2
24584091,13,26,-1,-1,6
24589823,34,12,-1,-1,3
24593753,16,56,-1,-1,2
24593786,55,16,-1,-1,6
24592872,32,7,-1,-1,5
24593110,58,25,-1,-1,4
24590237,50,33,-1,-1,0
24591042,45,56,-1,-1,1
24587807,16,55,-1,-1,3
24593814,56,37,-1,-1,7
24593090,46,26,-1,-1,5
24591514,47,53,-1,-1,7
24594083,16,15,-1,-1,4
24592345,30,5,-1,-1,7
24592643,8,51,-1,-1,3
24592084,48,24,-1,-1,7
24593060,54,13,-1,-1,7
24592840,46,41,-1,-1,1
24593893,41,54,-1,-1,7
24593167,55,12,-1,-1,2
24591015,40,56,-1,-1,7
24594076,9,6,-1,-1,0
24593706,40,27,-1,-1,6
24592167,51,33,-1,-1,0
24587492,42,32,-1,-1,7
24588810,3,26,-1,-1,6
24591579,41,6,-1,-1,6
24587584,9,53,-1,-1,6
24590431,48,14,-1,-1,3
24590227,10,17,-1,-1,5
24592328,50,8,-1,-1,5
24583434,40,48,-1,-1,7
24582016,15,3,-1,-1,4
24593412,18,44,-1,-1,6
24589894,16,7,-1,-1,7
24591351,1,39,-1,-1,4
24574883,0,42,-1,-1,2
24589334,41,51,-1,-1,1
24593862,9,37,-1,-1,4
24588838,56,55,-1,-1,1
24585175,42,55,-1,-1,6
24592201,57,37,-1,-1,5
24579254,46,24,-1,-1,3
24586238,56,50,-1,-1,5
24592376,38,22,-1,-1,6
24593380,10,52,-1,-1,7
24587097,56,0,-1,-1,3
24593433,21,11,-1,-1,0
24593755,49,8,-1,-1,7
24592684,12,42,-1,-1,5
24593350,4,35,-1,-1,3
24593150,14,10,-1,-1,3
24588501,40,57,-1,-1,7
24594017,36,23,-1,-1,6
24593548,10,11,-1,-1,0
24589976,18,2,-1,-1,5
24592929,16,46,-1,-1,3
24587566,57,11,-1,-1,7
24591891,34,56,-1,-1,7
24588099,1,10,-1,-1,1
24590892,54,50,-1,-1,2
24592617,18,0,-1,-1,6
24593988,20,5,-1,-1,3
24593499,33,15,-1,-1,2
24583129,38,45,-1,-1,0
24588087,56,36,-1,-1,5
24591661,21,29,-1,-1,0
24592046,33,5,-1,-1,7
24592340,55,32,-1,-1,4
24592028,36,12,-1,-1,2
24586263,0,15,-1,-1,1
24580928,9,31,-1,-1,6
24582682,58,0,-1,-1,5
24593642,7,42,-1,-1,3
24583340,38,34,-1,-1,5
24593347,52,34,-1,-1,5
24593373,32,40,-1,-1,5
24593879,35,14,-1,-1,1
24588168,4,16,-1,-1,5
24591030,47,3,-1,-1,1
24585486,55,4,-1,-1,6
24591168,33,57,-1,-1,7
24588856,22,54,-1,-1,3
24591060,40,28,-1,-1,1
24593645,20,24,-1,-1,2
24587467,54,15,-1,-1,1
24586693,51,56,-1,-1,2
24591826,57,44,-1,-1,7
24588604,45,27,-1,-1,3
24590707,51,36,-1,-1,5
24588076,18,33,-1,-1,3
24589773,5,14,-1,-1,4
24593769,36,20,-1,-1,7
24591250,55,8,-1,-1,2
24593640,29,9,-1,-1,0
24594049,38,23,-1,-1,2
24588869,16,51,-1,-1,4
24590046,15,41,-1,-1,4
24586380,33,46,-1,-1,2
24592231,54,16,-1,-1,0
24589267,44,56,-1,-1,5
24593573,32,9,-1,-1,5
24588231,6,23,-1,-1,1
24591950,45,46,-1,-1,7
24588201,1,23,-1,-1,6
24591353,14,3,-1,-1,5
24592891,7,55,-1,-1,4
24593382,12,38,-1,-1,5
24589597,6,57,-1,-1,1
24591947,17,1,-1,-1,2
24593080,20,22,-1,-1,2
24593411,5,46,-1,-1,1
24589588,57,19,-1,-1,6
24591863,12,9,-1,-1,7
24592924,27,55,-1,-1,2
24594075,37,42,-1,-1,2
24587122,28,54,-1,-1,0
24586836,22,23,-1,-1,5
24588258,52,18,-1,-1,3
24589581,41,40,-1,-1,1
24588530,52,50,-1,-1,5
24593656,45,30,-1,-1,4
24589017,12,43,-1,-1,6
24589955,11,52,-1,-1,4
24591291,45,57,-1,-1,3
24591718,44,6,-1,-1,1
24575897,50,0,-1,-1,6
24588594,54,32,-1,-1,1
24578311,15,29,-1,-1,5
24588282,26,5,-1,-1,1
24587331,25,54,-1,-1,1
24593743,20,53,-1,-1,0
24590760,4,53,-1,-1,1
24589072,6,34,-1,-1,1
24591294,16,9,-1,-1,2
24589571,14,57,-1,-1,3
24589211,53,5,-1,-1,7
24591035,13,15,-1,-1,6
24592639,30,1,-1,-1,0
24591744,2,36,-1,-1,2
24590703,18,14,-1,-1,2
24590007,50,38,-1,-1,6
24592145,46,25,-1,-1,6
24586835,36,3,-1,-1,6
24586837,15,42,-1,-1,3
24593589,56,40,-1,-1,2
24591594,16,20,-1,-1,4
24589730,37,52,-1,-1,4
24585138,9,20,-1,-1,5
24579516,0,56,-1,-1,3
24591472,43,43,-1,-1,7
24590525,41,52,-1,-1,1
24591096,3,47,-1,-1,0
24591570,55,45,-1,-1,1
24580617,12,28,-1,-1,5
24591605,38,4,-1,-1,2
24587590,19,29,-1,-1,6
24592174,48,13,-1,-1,5
24592342,2,15,-1,-1,7
24588328,18,11,-1,-1,1
24586428,30,23,-1,-1,3
24591473,8,29,-1,-1,7
24593371,38,1,-1,-1,7
24589740,18,29,-1,-1,2
24593097,19,26,-1,-1,4
24590400,30,52,-1,-1,0
24593202,26,1,-1,-1,4
24589364,40,32,-1,-1,6
24590005,16,42,-1,-1,5
24585491,58,29,-1,-1,0
24591324,25,43,-1,-1,6
24587283,55,2,-1,-1,5
24591192,41,17,-1,-1,3
24578940,2,2,-1,-1,7
24592426,9,4,-1,-1,6
24587798,35,10,-1,-1,6
24589480,58,26,-1,-1,0
24583479,6,56,-1,-1,1
24589439,17,18,-1,-1,6
24587565,55,1,-1,-1,6
24587753,21,16,-1,-1,3
24581476,18,56,-1,-1,4
24592117,31,49,-1,-1,6
24594051,13,56,-1,-1,5
24589470,26,20,-1,-1,5
24594004,1,12,-1,-1,3
24592411,33,33,-1,-1,2
24592276,50,39,-1,-1,7
24587806,51,31,-1,-1,7
24587516,21,30,-1,-1,5
24591523,48,0,-1,-1,2
24581573,50,27,-1,-1,5
24574612,43,2,-1,-1,3
24590138,55,34,-1,-1,1
24591341,19,6,-1,-1,7
24579214,0,27,-1,-1,4
24590982,16,4,-1,-1,6
24590681,19,25,-1,-1,1
24587968,13,36,-1,-1,1
24588275,34,52,-1,-1,0
24590559,20,47,-1,-1,7
24593525,37,48,-1,-1,5
24590840,44,44,-1,-1,0
24592679,43,49,-1,-1,7
24590710,19,45,-1,-1,0
24592393,27,52,-1,-1,2
24592263,42,51,-1,-1,1
24592668,36,17,-1,-1,3
24592537,14,55,-1,-1,0
24593556,52,11,-1,-1,6
24585711,31,15,-1,-1,4
24580946,22,55,-1,-1,2
24592825,38,10,-1,-1,7
24592440,0,44,-1,-1,0
24591242,53,38,-1,-1,5
24592661,42,58,-1,-1,0
24589832,33,56,-1,-1,7
24593208,13,1,-1,-1,0
24594062,58,14,-1,-1,4
24592379,4,34,-1,-1,3
24593336,5,27,-1,-1,1
24593928,31,48,-1,-1,2
24590377,12,8,-1,-1,0
24590847,53,25,-1,-1,4
24593470,7,52,-1,-1,2
24590479,42,35,-1,-1,0
24592269,53,56,-1,-1,6
24590971,45,16,-1,-1,5
24592521,37,25,-1,-1,6
24587855,30,22,-1,-1,1
24592107,45,10,-1,-1,4
24591847,7,41,-1,-1,5
24580393,3,6,-1,-1,7
24593016,56,34,-1,-1,1
24592336,28,18,-1,-1,1
24591149,13,40,-1,-1,3
24580726,21,31,-1,-1,1
24589069,27,18,-1,-1,0
24593175,26,46,-1,-1,5
24591041,49,3,-1,-1,3
24593255,17,50,-1,-1,6
24593676,42,11,-1,-1,7
24593887,1,45,-1,-1,4
24589705,18,30,-1,-1,5
24590608,36,58,-1,-1,6
24589938,33,28,-1,-1,5
24594044,53,18,-1,-1,0
24593986,33,45,-1,-1,2
24592233,30,25,-1,-1,7
24592512,45,40,-1,-1,1
24593920,50,7,-1,-1,1
24591171,9,52,-1,-1,2
24591915,50,31,-1,-1,1
24582714,31,58,-1,-1,2
24592020,22,56,-1,-1,1
24592826,37,4,-1,-1,4
24577517,41,0,-1,-1,5
24589758,16,26,-1,-1,1
24593545,38,6,-1,-1,0
24591420,18,37,-1,-1,4
24582782,5,58,-1,-1,7
24589130,51,52,-1,-1,2
24592630,5,25,-1,-1,4
24590038,49,55,-1,-1,6
24586173,45,25,-1,-1,2
24592402,51,39,-1,-1,5
24593077,41,39,-1,-1,5
24590186,14,17,-1,-1,5
24592324,37,13,-1,-1,2
24593770,50,52,-1,-1,4
24593035,49,0,-1,-1,2
24592946,39,49,-1,-1,6
24581808,53,23,-1,-1,1
24586924,30,33,-1,-1,2
24592708,25,9,-1,-1,0
24593122,8,38,-1,-1,3
24594090,20,28,-1,-1,3
24582062,55,41,-1,-1,4
24593891,18,15,-1,-1,2
24588987,10,29,-1,-1,5
24589725,44,25,-1,-1,5
24590424,29,10,-1,-1,2
24593752,9,49,-1,-1,5
24593437,34,50,-1,-1,6
24591825,16,34,-1,-1,2
24593460,33,39,-1,-1,4
24592237,12,44,-1,-1,5
24594064,35,24,-1,-1,7
24592576,40,24,-1,-1,2
24590252,19,52,-1,-1,0
24590454,1,9,-1,-1,0
24587781,25,3,-1,-1,5
24582263,23,54,-1,-1,7
24591866,49,4,-1,-1,4
24592562,45,8,-1,-1,1
24590520,36,25,-1,-1,2
24591777,17,21,-1,-1,1
24593900,10,8,-1,-1,3
24592532,22,17,-1,-1,1
24592695,25,1,-1,-1,0
24593903,34,29,-1,-1,1
24590277,46,46,-1,-1,2
24593324,37,12,-1,-1,1
24587607,4,20,-1,-1,2
24592133,54,21,-1,-1,4
24592884,7,53,-1,-1,5
24594091,43,26,-1,-1,7
24583313,18,1,-1,-1,1
24591765,52,53,-1,-1,6
24591501,49,28,-1,-1,6
24592784,40,4,-1,-1,0
24593935,31,25,-1,-1,7
24588330,57,43,-1,-1,6
24584749,46,21,-1,-1,5
24592499,39,36,-1,-1,0
24593126,38,28,-1,-1,6
24593062,40,50,-1,-1,6
24593456,22,21,-1,-1,7
24591882,35,31,-1,-1,0
24587002,45,23,-1,-1,1
24591760,7,1,-1,-1,3
24591544,19,40,-1,-1,3
24591567,47,22,-1,-1,7
24590554,50,53,-1,-1,1
24593281,29,11,-1,-1,3
24591694,31,51,-1,-1,2
24591364,54,56,-1,-1,7
24591492,12,46,-1,-1,1
24593193,18,7,-1,-1,3
24592448,23,58,-1,-1,2
24592980,51,55,-1,-1,1
24591798,9,23,-1,-1,7
24592062,6,6,-1,-1,2
24594032,39,4,-1,-1,6
24584437,9,57,-1,-1,1
24589214,23,2,-1,-1,3
24593883,31,46,-1,-1,5
24592660,6,50,-1,-1,6
24593118,23,29,-1,-1,4
24592606,56,51,-1,-1,7
24588539,0,46,-1,-1,0
24593153,34,38,-1,-1,3
24592294,16,21,-1,-1,1
24589891,45,50,-1,-1,7
24592429,57,7,-1,-1,0
24592428,24,42,-1,-1,5
24592049,28,1,-1,-1,0
24584672,23,43,-1,-1,5
24593129,32,38,-1,-1,4
24593271,32,53,-1,-1,1
24584613,37,8,-1,-1,3
24587086,0,49,-1,-1,4
24591942,33,30,-1,-1,2
24593577,29,14,-1,-1,0
24593840,37,35,-1,-1,3
24591996,47,18,-1,-1,3
24590080,25,21,-1,-1,4
24592163,51,54,-1,-1,7
24588819,14,37,-1,-1,0
24587660,5,19,-1,-1,7
24592721,6,3,-1,-1,4
24588945,54,25,-1,-1,6
24591843,28,38,-1,-1,1
24593331,57,41,-1,-1,3
24593221,45,6,-1,-1,6
24577004,5,36,-1,-1,6
24589223,39,22,-1,-1,1
24590886,9,24,-1,-1,2
24591044,2,48,-1,-1,3
24593404,1,29,-1,-1,0
24587729,44,0,-1,-1,6
24581559,3,1,-1,-1,1
24594011,4,47,-1,-1,4
24588394,37,33,-1,-1,7
24589304,9,38,-1,-1,4
24592122,43,37,-1,-1,4
24591553,12,4,-1,-1,7
24592885,41,7,-1,-1,3
24589953,29,22,-1,-1,1
24586503,52,35,-1,-1,5
24589259,11,37,-1,-1,2
24593302,48,39,-1,-1,2
24589437,24,41,-1,-1,5
24588314,29,5,-1,-1,3
24590675,3,56,-1,-1,7
24592928,55,48,-1,-1,0
24585244,16,58,-1,-1,2
24593868,12,21,-1,-1,6
24591497,45,38,-1,-1,5
24591707,30,20,-1,-1,5
24593658,33,13,-1,-1,0
24592023,13,6,-1,-1,0
24588927,57,30,-1,-1,1
24591241,49,45,-1,-1,6
24593579,38,14,-1,-1,6
24589467,7,35,-1,-1,2
24588709,26,37,-1,-1,5
24593186,46,4,-1,-1,1
24593268,39,39,-1,-1,5
24593848,19,4,-1,-1,6
24590750,26,56,-1,-1,6
24593142,1,37,-1,-1,5
24592192,40,12,-1,-1,0
24592871,45,2,-1,-1,4
24592807,58,31,-1,-1,4
24593727,38,24,-1,-1,3
24591136,39,31,-1,-1,5
24588989,2,33,-1,-1,1
24587410,12,32,-1,-1,4
24587791,20,30,-1,-1,1
24592096,14,39,-1,-1,0
24588829,46,23,-1,-1,2
24589482,4,57,-1,-1,4
24586393,11,13,-1,-1,1
24589066,54,54,-1,-1,0
24592930,6,54,-1,-1,1
24593962,53,48,-1,-1,6
24592256,25,29,-1,-1,0
24589605,10,7,-1,-1,1
24593617,8,35,-1,-1,3
24590622,44,49,-1,-1,5
24591043,41,12,-1,-1,4
24592714,23,33,-1,-1,6
24593822,50,43,-1,-1,2
24589538,47,23,-1,-1,2
24587863,52,15,-1,-1,5
24593901,20,41,-1,-1,0
24593737,33,48,-1,-1,0
24593503,24,5,-1,-1,6
24586810,40,3,-1,-1,5
24593762,29,13,-1,-1,2
24593377,48,20,-1,-1,1
24593643,33,49,-1,-1,1
24593397,11,47,-1,-1,1
24593683,12,31,-1,-1,7
24587156,39,56,-1,-1,7
24593226,40,16,-1,-1,1
24591513,8,23,-1,-1,7
24593128,29,57,-1,-1,5
24582415,35,36,-1,-1,0
24592749,44,51,-1,-1,1
24588242,58,37,-1,-1,0
24591065,55,31,-1,-1,2
24593729,52,32,-1,-1,7
24592798,22,39,-1,-1,4
24592492,57,34,-1,-1,2
24593393,25,36,-1,-1,0
24592719,53,40,-1,-1,6
24589873,24,51,-1,-1,1
24591338,4,11,-1,-1,7
24593526,6,46,-1,-1,3
24588770,49,58,-1,-1,2
24593756,28,17,-1,-1,4
24593405,25,25,-1,-1,5
24592666,10,41,-1,-1,4
24593250,52,36,-1,-1,1
24592230,37,55,-1,-1,6
24590825,16,29,-1,-1,5
24593187,13,16,-1,-1,6
24593082,20,45,-1,-1,3
24588207,28,22,-1,-1,5
24586332,11,0,-1,-1,2
24591330,43,3,-1,-1,0
24591556,58,33,-1,-1,5
24592190,21,49,-1,-1,3
24592144,2,19,-1,-1,2
24591635,49,56,-1,-1,6
24593889,6,0,-1,-1,6
24594025,38,39,-1,-1,0
24592333,39,41,-1,-1,0
24591228,38,51,-1,-1,4
24593947,19,42,-1,-1,3
24585378,29,38,-1,-1,0
24593006,38,30,-1,-1,6
24591271,48,49,-1,-1,7
24585626,56,41,-1,-1,6
24587408,58,32,-1,-1,4
24587159,1,5,-1,-1,2
24593489,51,30,-1,-1,2
24593732,12,10,-1,-1,2
24584187,11,30,-1,-1,2
24587352,58,1,-1,-1,7
24591797,53,44,-1,-1,6
24592722,13,27,-1,-1,3
24584542,49,46,-1,-1,1
24593972,40,53,-1,-1,4
24593878,17,37,-1,-1,1
24584508,33,36,-1,-1,2
24587856,5,44,-1,-1,6
24591790,35,18,-1,-1,2
24590855,44,19,-1,-1,2
24591325,54,26,-1,-1,5
24590251,2,6,-1,-1,4
24587394,50,48,-1,-1,7
24590158,39,23,-1,-1,2
24592876,29,40,-1,-1,2
24590263,47,7,-1,-1,3
24585333,55,56,-1,-1,3
24590436,32,19,-1,-1,1
24590522,15,48,-1,-1,4
24584306,18,57,-1,-1,6
24593479,3,11,-1,-1,2
24590057,24,33,-1,-1,7
24590880,44,13,-1,-1,0
24593249,21,53,-1,-1,2
24588288,3,49,-1,-1,6
24591395,27,10,-1,-1,4
24593874,36,41,-1,-1,2
24591212,41,9,-1,-1,6
24593987,52,56,-1,-1,0
24592990,13,41,-1,-1,2
24590661,36,44,-1,-1,3
24584077,23,45,-1,-1,3
24590715,38,11,-1,-1,6
24593004,2,53,-1,-1,0
24593212,16,13,-1,-1,7
24585193,39,32,-1,-1,6
24588592,3,2,-1,-1,1
24590211,34,44,-1,-1,4
24592676,51,43,-1,-1,7
24592530,4,3,-1,-1,0
24592962,37,45,-1,-1,1
24593766,17,48,-1,-1,1
24593441,45,1,-1,-1,3
24581621,10,45,-1,-1,2
24588306,2,21,-1,-1,4
24593384,8,33,-1,-1,3
24593754,23,46,-1,-1,0
24591783,9,5,-1,-1,4
24593055,53,13,-1,-1,6
24594081,28,16,-1,-1,1
24591588,3,31,-1,-1,7
24583817,48,22,-1,-1,5
24593593,19,43,-1,-1,3
24593629,42,13,-1,-1,5
24590721,47,37,-1,-1,6
24585788,5,21,-1,-1,7
24585376,52,10,-1,-1,0
24582223,29,33,-1,-1,0
24582063,12,58,-1,-1,0
24593391,34,22,-1,-1,6
24593741,27,43,-1,-1,0
24593673,37,18,-1,-1,6
24592994,53,32,-1,-1,7
24589414,47,49,-1,-1,4
24592089,55,5,-1,-1,2
24591522,39,9,-1,-1,5
24592627,28,41,-1,-1,7
24593190,13,51,-1,-1,4
24588826,10,43,-1,-1,4
24592568,10,2,-1,-1,6
24593636,3,4,-1,-1,5
24591446,0,32,-1,-1,4
24589737,43,16,-1,-1,3
24592410,33,44,-1,-1,3
24589790,56,35,-1,-1,5
24590985,19,27,-1,-1,5
24591571,16,23,-1,-1,0
24593585,41,41,-1,-1,1
24593367,4,27,-1,-1,0
24591949,16,35,-1,-1,5
24587200,26,39,-1,-1,3
24587007,8,58,-1,-1,1
24593718,5,4,-1,-1,4
24581744,26,30,-1,-1,7
24591367,13,32,-1,-1,2
24593103,40,31,-1,-1,3
24593473,2,50,-1,-1,3
24591927,37,3,-1,-1,6
24589065,18,24,-1,-1,3
24590680,22,53,-1,-1,1
24592978,11,22,-1,-1,0
24592093,24,32,-1,-1,1
24574037,0,34,-1,-1,0
24590576,36,10,-1,-1,6
24593606,22,27,-1,-1,2
24590753,25,47,-1,-1,7
24590788,2,47,-1,-1,6
24589336,10,10,-1,-1,4
24592002,25,23,-1,-1,1
24588784,26,14,-1,-1,1
24594003,34,47,-1,-1,1
24592253,30,38,-1,-1,1
24592549,35,29,-1,-1,7
24591664,39,1,-1,-1,7
24589433,33,2,-1,-1,7
24593733,15,5,-1,-1,6
24592206,10,26,-1,-1,6
24588319,46,2,-1,-1,5
24588831,25,8,-1,-1,3
24593547,47,38,-1,-1,5
24591032,19,12,-1,-1,2
24593390,17,25,-1,-1,1
24592906,44,36,-1,-1,7
24593865,48,5,-1,-1,0
24593983,9,40,-1,-1,6
24590511,29,17,-1,-1,6
24591018,22,34,-1,-1,6
24591960,2,58,-1,-1,2
24590514,43,54,-1,-1,7
24587868,24,46,-1,-1,1
24589502,5,11,-1,-1,4
24582676,39,58,-1,-1,2
24593491,54,2,-1,-1,1
24590374,37,54,-1,-1,2
24583387,56,25,-1,-1,5
24591422,26,34,-1,-1,4
24592945,33,7,-1,-1,7
24591631,57,31,-1,-1,1
24591417,0,22,-1,-1,4
24591142,12,47,-1,-1,2
24591705,53,43,-1,-1,7
24593811,57,46,-1,-1,3
24593543,10,13,-1,-1,1
24592518,52,2,-1,-1,3
24593458,43,19,-1,-1,6
24581864,4,26,-1,-1,7
24589322,47,31,-1,-1,7
24588534,16,49,-1,-1,4
24592141,43,28,-1,-1,5
24589585,58,13,-1,-1,6
24593025,37,6,-1,-1,7
24589879,11,33,-1,-1,2
24588515,9,9,-1,-1,0
24578663,32,56,-1,-1,0
24592509,2,41,-1,-1,2
24593726,3,46,-1,-1,5
24593455,38,31,-1,-1,5
24593631,16,17,-1,-1,5
24587167,32,6,-1,-1,4
24592496,3,25,-1,-1,1
24593351,17,3,-1,-1,5
24593119,34,9,-1,-1,1
24591442,30,40,-1,-1,0
24593101,48,36,-1,-1,5
24588196,25,35,-1,-1,7
24586088,13,18,-1,-1,6
24592908,32,25,-1,-1,0
24591222,6,58,-1,-1,1
24593551,40,26,-1,-1,6
24590257,39,34,-1,-1,6
24590741,8,31,-1,-1,3
24576599,19,8,-1,-1,1
24593485,22,13,-1,-1,5
24588715,6,29,-1,-1,2
24591769,44,17,-1,-1,5
24589317,53,34,-1,-1,7
24590323,23,11,-1,-1,1
24588961,15,7,-1,-1,1
24593881,36,38,-1,-1,3
24591139,12,29,-1,-1,7
24590540,25,40,-1,-1,4
24592281,20,32,-1,-1,1
24591833,9,50,-1,-1,3
24593999,43,25,-1,-1,1
24594015,1,16,-1,-1,4
24588468,35,21,-1,-1,3
24579391,0,36,-1,-1,0
24592362,4,39,-1,-1,5
24589128,31,3,-1,-1,2
24593910,40,10,-1,-1,1
24591713,0,45,-1,-1,4
24588371,56,43,-1,-1,0
24593779,58,42,-1,-1,4
24591854,38,50,-1,-1,3
24592935,57,56,-1,-1,0
24593747,31,17,-1,-1,6
24593648,5,42,-1,-1,2
24587747,7,8,-1,-1,3
24593613,10,57,-1,-1,6
24586679,42,38,-1,-1,5
24593913,47,11,-1,-1,1
24590076,16,33,-1,-1,4
24591062,15,18,-1,-1,6
24591280,23,44,-1,-1,4
24583894,44,10,-1,-1,5
24593785,26,57,-1,-1,6
24589312,47,0,-1,-1,6
24593827,33,50,-1,-1,3
24586652,35,5,-1,-1,1
24590373,51,27,-1,-1,4
24588582,8,25,-1,-1,3
24579309,0,28,-1,-1,2
24584270,12,54,-1,-1,2
24592581,4,58,-1,-1,2
24588209,38,41,-1,-1,4
24584310,8,24,-1,-1,2
24590142,43,21,-1,-1,4
24590462,43,51,-1,-1,1
24592520,1,13,-1,-1,5
24594080,21,15,-1,-1,1
24590235,37,9,-1,-1,2
24593703,40,40,-1,-1,5
24593233,2,12,-1,-1,6
24586855,9,3,-1,-1,1
24593697,43,11,-1,-1,2
24592378,7,23,-1,-1,4
24587173,23,32,-1,-1,4
24587929,13,49,-1,-1,5
24589188,8,45,-1,-1,4
24593309,28,2,-1,-1,1
24592970,13,58,-1,-1,1
24593474,39,54,-1,-1,4
24591864,19,22,-1,-1,5
24593651,54,4,-1,-1,5
24593745,25,39,-1,-1,2
24593666,17,2,-1,-1,2
24592642,18,47,-1,-1,5
24586028,41,37,-1,-1,2
24592341,6,19,-1,-1,2
24593600,45,21,-1,-1,1
24590127,25,18,-1,-1,4
24590205,33,43,-1,-1,4
24590978,0,30,-1,-1,2
24594038,43,35,-1,-1,1
24591194,38,44,-1,-1,1
24591978,54,11,-1,-1,4
24593104,28,13,-1,-1,3
24593584,32,23,-1,-1,0
24591558,21,8,-1,-1,4
24591224,28,40,-1,-1,2
24590529,40,2,-1,-1,3
24592667,15,53,-1,-1,1
24590390,30,36,-1,-1,4
24585503,4,2,-1,-1,5
24593095,26,4,-1,-1,6
24593597,16,12,-1,-1,1
24593984,41,55,-1,-1,6
24593017,14,54,-1,-1,6
24593699,6,11,-1,-1,4
24593209,42,27,-1,-1,5
24591531,12,41,-1,-1,0
24592309,24,56,-1,-1,0
24592619,8,4,-1,-1,7
24593948,26,47,-1,-1,1
24591008,19,7,-1,-1,3
24585835,34,18,-1,-1,6
24586017,39,52,-1,-1,5
24592917,8,9,-1,-1,3
24591521,43,46,-1,-1,0
24591070,18,18,-1,-1,4
24576515,25,53,-1,-1,5
24588302,33,29,-1,-1,5
24587736,51,22,-1,-1,7
24593335,32,20,-1,-1,6
24591405,22,36,-1,-1,3
24590325,27,1,-1,-1,7
24591808,48,45,-1,-1,0
24589759,32,14,-1,-1,5
24587202,5,56,-1,-1,3
24592622,26,32,-1,-1,6
24593445,8,48,-1,-1,2
24587693,53,6,-1,-1,0
24591333,38,36,-1,-1,6
24590219,32,36,-1,-1,5
24587625,14,11,-1,-1,1
24581772,25,26,-1,-1,2
24593459,32,50,-1,-1,1
24593218,20,12,-1,-1,4
24592640,7,12,-1,-1,4
24593819,46,19,-1,-1,5
24586311,28,0,-1,-1,5
24584605,10,30,-1,-1,4
24581574,0,18,-1,-1,2
24589074,28,32,-1,-1,7
24582274,4,4,-1,-1,7
24588723,0,25,-1,-1,1
24592186,41,42,-1,-1,1
24592603,4,0,-1,-1,6
24588383,1,52,-1,-1,5
24592299,2,42,-1,-1,7
24592756,10,40,-1,-1,0
24594027,31,19,-1,-1,7
24587593,21,40,-1,-1,5
24583286,45,36,-1,-1,3
24591345,32,15,-1,-1,3
24588780,25,30,-1,-1,6
24586888,33,58,-1,-1,7
24589344,46,0,-1,-1,6
24589514,45,24,-1,-1,4
24591914,2,9,-1,-1,1
24593312,16,41,-1,-1,0
24593744,46,52,-1,-1,2
24575680,20,13,-1,-1,2
24585086,3,9,-1,-1,6
24591908,52,49,-1,-1,3
24593402,29,52,-1,-1,4
24578545,18,6,-1,-1,0
24584044,29,1,-1,-1,4
24587741,6,21,-1,-1,5
24590955,25,4,-1,-1,1
24593278,27,29,-1,-1,4
24591115,55,47,-1,-1,6
24590986,26,48,-1,-1,3
24589749,12,24,-1,-1,6
24592455,12,56,-1,-1,7
24593045,40,41,-1,-1,5
24587426,0,55,-1,-1,2
24576163,52,33,-1,-1,3
24591370,23,17,-1,-1,2
24593764,22,6,-1,-1,5
24592988,29,25,-1,-1,5
24592851,10,15,-1,-1,3
24580780,42,28,-1,-1,7
24593286,14,56,-1,-1,1
24592320,31,43,-1,-1,5
24592452,27,21,-1,-1,3
24587680,27,27,-1,-1,7
24593782,19,33,-1,-1,6
24591614,2,44,-1,-1,1
24590283,31,20,-1,-1,0
24589937,45,17,-1,-1,4
24590601,9,54,-1,-1,2
24592808,18,10,-1,-1,2
24584636,14,51,-1,-1,3
24592761,27,12,-1,-1,7
24591390,48,52,-1,-1,7
24591961,17,12,-1,-1,0
24591286,30,27,-1,-1,5
24593430,49,11,-1,-1,0
24592934,45,55,-1,-1,4
24585522,42,0,-1,-1,4
24590637,18,58,-1,-1,0
24593960,58,40,-1,-1,4
24590248,24,19,-1,-1,1
24593220,6,37,-1,-1,7
24584104,15,10,-1,-1,1
24589766,54,23,-1,-1,5
24593178,39,47,-1,-1,0
24587232,54,44,-1,-1,5
24592482,3,30,-1,-1,0
24585309,11,6,-1,-1,1
24589676,20,6,-1,-1,5
24592841,56,33,-1,-1,5
24588930,41,50,-1,-1,1
24588702,13,17,-1,-1,3
24593953,49,54,-1,-1,6
24588935,21,24,-1,-1,2
24591903,27,22,-1,-1,5
24592779,23,40,-1,-1,7
24593083,10,24,-1,-1,7
24591469,44,35,-1,-1,7
24592086,34,51,-1,-1,1
24592405,50,50,-1,-1,4
24594067,21,38,-1,-1,5
24592963,30,39,-1,-1,3
24586381,27,20,-1,-1,1
24590628,22,44,-1,-1,7
24591674,33,42,-1,-1,5
24587992,13,53,-1,-1,1
24594008,27,11,-1,-1,5
24593316,45,13,-1,-1,3
24587138,28,12,-1,-1,5
24593721,36,51,-1,-1,3
24592762,44,42,-1,-1,1
24592474,12,50,-1,-1,3
24591281,14,33,-1,-1,6
24593052,14,19,-1,-1,3
24593321,29,18,-1,-1,4
24593805,29,42,-1,-1,7
24593327,18,42,-1,-1,4
24592042,21,3,-1,-1,2
24592596,27,53,-1,-1,6
24591917,3,27,-1,-1,3
24587451,54,57,-1,-1,0
24589645,21,0,-1,-1,5
24588504,54,30,-1,-1,4
24592997,32,32,-1,-1,0
24593484,52,52,-1,-1,4
24593440,28,39,-1,-1,6
24587722,46,35,-1,-1,5
24583636,19,37,-1,-1,6
24593486,56,7,-1,-1,3
24585974,17,52,-1,-1,1
24592760,37,44,-1,-1,4
24593257,29,6,-1,-1,0
24593073,41,1,-1,-1,0
24590499,9,56,-1,-1,0
24591906,18,12,-1,-1,5
24591946,19,0,-1,-1,6
24581178,50,12,-1,-1,2
24589028,19,19,-1,-1,7
24590542,56,32,-1,-1,0
24592783,50,10,-1,-1,4
24589915,35,27,-1,-1,5
24587388,14,20,-1,-1,1
24591677,34,48,-1,-1,5
24587621,40,43,-1,-1,4
24591632,52,27,-1,-1,7
24593843,56,48,-1,-1,4
24593853,33,41,-1,-1,5
24582276,23,0,-1,-1,6
24593590,28,36,-1,-1,2
24586408,23,55,-1,-1,6
24593916,40,21,-1,-1,5
24590197,50,2,-1,-1,5
24591502,22,28,-1,-1,0
24592613,46,15,-1,-1,2
24593694,54,58,-1,-1,0
24587016,49,22,-1,-1,6
24593498,49,37,-1,-1,4
24591056,48,35,-1,-1,5
24591880,36,56,-1,-1,1
24591944,22,19,-1,-1,7
24592227,46,43,-1,-1,4
24594001,4,28,-1,-1,6
24593267,57,18,-1,-1,1
24593492,51,38,-1,-1,4
24593034,21,14,-1,-1,6
24592939,45,3,-1,-1,7
24592977,12,23,-1,-1,6
24592692,19,51,-1,-1,4
24594022,52,20,-1,-1,7
24592957,8,15,-1,-1,0
24591608,32,10,-1,-1,6
24592967,43,45,-1,-1,4
24585993,30,49,-1,-1,7
24592701,1,49,-1,-1,6
24593093,1,57,-1,-1,6
24593939,35,37,-1,-1,7
24589475,57,23,-1,-1,6
24593105,44,14,-1,-1,1
24576634,58,5,-1,-1,4
24589114,8,56,-1,-1,2
24592360,48,4,-1,-1,7
24587955,25,5,-1,-1,3
24593966,19,23,-1,-1,0
24593681,35,41,-1,-1,0
24593251,34,17,-1,-1,1
24583505,57,13,-1,-1,0
24590594,11,45,-1,-1,1
24591302,51,50,-1,-1,1
24591965,41,31,-1,-1,2
24588840,52,1,-1,-1,1
24590879,54,31,-1,-1,2
24591904,4,55,-1,-1,4
24592322,0,9,-1,-1,4
24586926,13,28,-1,-1,4
24585251,30,4,-1,-1,5
24584814,57,9,-1,-1,5
24585732,20,49,-1,-1,4
24586645,0,12,-1,-1,4
24589443,47,1,-1,-1,1
24593784,57,57,-1,-1,3
24593870,6,42,-1,-1,0
24593557,17,13,-1,-1,7
24577630,36,8,-1,-1,0
24593800,48,18,-1,-1,6
24593224,37,27,-1,-1,2
24590051,57,14,-1,-1,2
24591072,28,30,-1,-1,5
24593166,10,56,-1,-1,2
24594072,53,50,-1,-1,2
24592659,18,27,-1,-1,5
24591278,11,24,-1,-1,7
24591587,3,17,-1,-1,1
24592115,43,9,-1,-1,0
24589914,23,35,-1,-1,3
24592864,39,38,-1,-1,7
24588778,11,39,-1,-1,7
24587998,7,26,-1,-1,2
24582661,58,55,-1,-1,6
24590392,41,26,-1,-1,7
24585948,20,52,-1,-1,1
24587617,27,28,-1,-1,6
24575235,36,0,-1,-1,5
24593940,47,4,-1,-1,4
24591999,5,33,-1,-1,5
24591896,58,45,-1,-1,6
24593079,36,15,-1,-1,6
24593932,10,32,-1,-1,1
24592874,45,29,-1,-1,0
24589767,32,17,-1,-1,1
24590084,24,34,-1,-1,7
24571582,20,33,-1,-1,3
24592108,2,27,-1,-1,4
24592041,21,21,-1,-1,5
24591918,52,46,-1,-1,6
24587554,31,52,-1,-1,4
24592153,8,19,-1,-1,2
24583350,33,12,-1,-1,6
24593021,30,19,-1,-1,2
24593417,53,51,-1,-1,6
24592223,52,23,-1,-1,0
24589551,49,25,-1,-1,7
24589484,48,38,-1,-1,7
24593131,34,10,-1,-1,2
24588222,23,13,-1,-1,6
24593821,18,45,-1,-1,2
24593746,30,12,-1,-1,3
24588585,18,31,-1,-1,7
24593954,30,26,-1,-1,4
24590984,49,19,-1,-1,1
24589241,52,4,-1,-1,4
24590163,19,30,-1,-1,1
24587030,57,36,-1,-1,2
24593513,36,48,-1,-1,5
24593438,12,12,-1,-1,3
24592189,38,16,-1,-1,1
24593088,7,45,-1,-1,5
24593334,11,40,-1,-1,2
24593709,26,28,-1,-1,1
24593859,29,50,-1,-1,2
24593216,35,4,-1,-1,2
24590403,35,25,-1,-1,1
24589077,21,25,-1,-1,3
24587270,49,7,-1,-1,1
24590546,37,0,-1,-1,6
24593757,40,17,-1,-1,2
24591401,48,21,-1,-1,1
24585751,9,26,-1,-1,5
24590221,5,5,-1,-1,1
24593519,43,38,-1,-1,6
24590167,22,15,-1,-1,4
24593509,18,51,-1,-1,1
24592561,40,18,-1,-1,4
24591235,16,8,-1,-1,5
24594071,25,13,-1,-1,4
24591761,27,32,-1,-1,2
24590017,10,22,-1,-1,1
24593149,18,8,-1,-1,1
24593425,52,44,-1,-1,2
24591623,46,14,-1,-1,0
24593029,17,47,-1,-1,6
24592755,32,16,-1,-1,7
24591951,46,22,-1,-1,4
24593608,35,6,-1,-1,3
24591888,43,14,-1,-1,4
24591889,2,31,-1,-1,3
24593050,19,44,-1,-1,5
24591581,17,24,-1,-1,0
24590970,29,35,-1,-1,0
24588983,6,2,-1,-1,2
24578904,24,53,-1,-1,0
24590398,3,8,-1,-1,6
24590705,26,50,-1,-1,0
24577697,14,14,-1,-1,0
24593927,48,41,-1,-1,7
24593993,50,41,-1,-1,4
24592629,36,45,-1,-1,3
24592705,39,33,-1,-1,0
24593934,36,55,-1,-1,1
24589524,57,55,-1,-1,2
24588312,10,33,-1,-1,5
24593714,1,19,-1,-1,0
24593820,52,38,-1,-1,0
24593196,56,1,-1,-1,4
24592868,13,52,-1,-1,5
24590969,29,27,-1,-1,7
24586526,53,33,-1,-1,0
24590947,47,26,-1,-1,3
24590925,44,47,-1,-1,4
24593210,43,34,-1,-1,3
24589710,42,19,-1,-1,1
24592111,27,26,-1,-1,5
24592735,45,34,-1,-1,4
24589855,43,27,-1,-1,0
24593634,28,28,-1,-1,0
24588425,17,57,-1,-1,4
24593374,57,52,-1,-1,6
24593955,35,39,-1,-1,2
24588381,24,10,-1,-1,6
24589945,36,5,-1,-1,1
24588938,0,11,-1,-1,0
24592370,44,54,-1,-1,6
24591730,45,22,-1,-1,2
24593174,40,33,-1,-1,0
24589616,2,22,-1,-1,1
24589656,34,37,-1,-1,1
24593134,31,44,-1,-1,7
24592657,1,11,-1,-1,3
24590125,18,36,-1,-1,0
24593154,10,51,-1,-1,4
24590631,7,54,-1,-1,2
24592590,24,37,-1,-1,1
24592171,49,23,-1,-1,6
24591873,14,7,-1,-1,1
24592462,47,6,-1,-1,0
24590280,16,5,-1,-1,2
24593259,26,27,-1,-1,7
24593465,18,26,-1,-1,6
24588995,27,48,-1,-1,4
24590808,19,34,-1,-1,6
24585410,55,58,-1,-1,2
24588370,21,34,-1,-1,1
24593690,45,42,-1,-1,7
24592607,30,56,-1,-1,7
24591802,51,10,-1,-1,4
24591962,49,44,-1,-1,2
24587578,45,43,-1,-1,4
24591022,51,16,-1,-1,4
24589194,49,33,-1,-1,7
24593022,21,18,-1,-1,0
24593348,16,57,-1,-1,0
24593553,37,22,-1,-1,1
24592513,35,23,-1,-1,1
24592350,6,1,-1,-1,3
24594065,2,13,-1,-1,4
24593614,48,46,-1,-1,5
24591913,50,30,-1,-1,3
24590881,29,24,-1,-1,4
24592529,22,2,-1,-1,4
24592882,52,6,-1,-1,3
24592635,29,55,-1,-1,4
24591689,20,4,-1,-1,0
24592464,23,14,-1,-1,1
24591921,8,37,-1,-1,7
24591699,13,25,-1,-1,3
24594057,36,29,-1,-1,6
24592751,18,13,-1,-1,4
24592925,11,3,-1,-1,4
24593228,39,42,-1,-1,4
24593602,41,11,-1,-1,5
24580892,19,35,-1,-1,4
24592323,28,10,-1,-1,4
24590887,58,44,-1,-1,0
24593349,25,52,-1,-1,1
24593063,37,29,-1,-1,2
24586352,11,4,-1,-1,6
24587254,16,6,-1,-1,7
24589703,17,19,-1,-1,3
24586779,51,35,-1,-1,7
24588678,31,28,-1,-1,0
24591484,53,12,-1,-1,4
24593959,36,54,-1,-1,2
24593428,15,26,-1,-1,2
24594066,10,54,-1,-1,6
24593451,14,30,-1,-1,7
24593466,5,29,-1,-1,0
24589920,39,25,-1,-1,6
24592337,34,41,-1,-1,1
24591659,4,46,-1,-1,4
24593064,46,27,-1,-1,4
24585371,1,21,-1,-1,4
24591445,58,46,-1,-1,4
24582804,35,34,-1,-1,3
24593182,16,2,-1,-1,5
24593007,34,21,-1,-1,6
24588543,7,21,-1,-1,2
24588202,54,47,-1,-1,6
24593140,44,20,-1,-1,5
24588522,31,55,-1,-1,1
24593338,30,32,-1,-1,3
24591326,27,39,-1,-1,5
24591474,40,1,-1,-1,6
24593929,45,48,-1,-1,7
24593238,54,37,-1,-1,0
24593638,52,39,-1,-1,5
24575900,16,16,-1,-1,3
24586637,31,36,-1,-1,5
24592618,31,31,-1,-1,1
24593803,54,49,-1,-1,6
24591305,56,57,-1,-1,0
24592895,41,43,-1,-1,2
24591226,39,19,-1,-1,4
24584631,14,25,-1,-1,2
24593592,29,39,-1,-1,5
24592734,27,4,-1,-1,7
24584896,54,55,-1,-1,7
24574039,41,58,-1,-1,6
24575578,58,49,-1,-1,5
24591459,20,58,-1,-1,6
24592380,34,8,-1,-1,3
24587965,28,35,-1,-1,7
24593009,52,12,-1,-1,4
24593089,55,42,-1,-1,5
24592517,24,50,-1,-1,6
24584596,10,5,-1,-1,6
24593304,49,34,-1,-1,5
24589521,51,0,-1,-1,6
24590480,17,22,-1,-1,1
24591576,34,36,-1,-1,6
24593713,52,40,-1,-1,6
24593653,37,58,-1,-1,0
24593654,40,22,-1,-1,2
24593598,30,16,-1,-1,5
24587435,33,25,-1,-1,7
24589663,44,2,-1,-1,2
24586279,55,30,-1,-1,4
24592909,24,23,-1,-1,7
24592700,49,29,-1,-1,2
24592245,2,1,-1,-1,3
24589629,24,58,-1,-1,7
24593107,20,0,-1,-1,2
24591590,3,20,-1,-1,6
24577002,5,35,-1,-1,3
24594018,42,1,-1,-1,1
24587915,56,28,-1,-1,5
24591902,13,7,-1,-1,1
24583240,57,26,-1,-1,1
24593716,15,4,-1,-1,1
24593282,18,54,-1,-1,5
24592119,45,35,-1,-1,4
24593323,46,47,-1,-1,3
24590867,0,31,-1,-1,2
24583569,33,0,-1,-1,2
24590318,8,44,-1,-1,2
24584955,49,2,-1,-1,7
24593740,5,15,-1,-1,5
24586709,9,2,-1,-1,4
24592467,14,18,-1,-1,6
24588760,5,41,-1,-1,4
24592010,42,39,-1,-1,3
24594020,1,56,-1,-1,7
24592498,39,24,-1,-1,3
24593824,35,45,-1,-1,5
24592160,4,48,-1,-1,2
24590047,7,34,-1,-1,1
24594006,42,26,-1,-1,5
24593020,48,26,-1,-1,6
24588861,50,19,-1,-1,5
24592556,22,7,-1,-1,4
24591350,0,39,-1,-1,4
24593674,48,34,-1,-1,7
24592867,24,2,-1,-1,4
24593472,26,0,-1,-1,4
24589824,0,3,-1,-1,0
24594069,21,39,-1,-1,1
24593790,17,20,-1,-1,3
24593895,10,0,-1,-1,4
24591478,18,49,-1,-1,6
24594019,57,50,-1,-1,5
24589271,21,28,-1,-1,6
24592432,50,13,-1,-1,0
24590889,36,21,-1,-1,1
24585143,21,48,-1,-1,7
24583270,25,41,-1,-1,4
24592203,53,55,-1,-1,1
24583284,58,6,-1,-1,0
24593046,13,2,-1,-1,4
24590942,2,24,-1,-1,7
24589863,47,56,-1,-1,1
24593235,4,52,-1,-1,1
24585641,38,0,-1,-1,6
24593601,28,26,-1,-1,3
24588245,55,6,-1,-1,2
24592554,18,20,-1,-1,3
24584170,56,14,-1,-1,6
24592247,55,40,-1,-1,4
24590143,33,14,-1,-1,3
24590589,8,13,-1,-1,4
24593078,40,5,-1,-1,4
24591786,28,8,-1,-1,5
24592185,15,46,-1,-1,2
24593354,47,8,-1,-1,0
24589671,24,35,-1,-1,1
24592766,25,24,-1,-1,4
24593158,41,2,-1,-1,2
24593184,24,36,-1,-1,0
24593888,26,22,-1,-1,4
24593571,1,58,-1,-1,6
24593434,1,6,-1,-1,2
24593618,16,52,-1,-1,2
24592923,31,5,-1,-1,0
24591282,47,57,-1,-1,4
24593512,13,33,-1,-1,7
24593620,29,29,-1,-1,5
24589335,57,6,-1,-1,2
24591191,18,46,-1,-1,4
24593087,9,11,-1,-1,3
24591366,16,47,-1,-1,2
24586042,58,54,-1,-1,4
24594043,18,52,-1,-1,5
24593307,27,58,-1,-1,7
24590405,11,56,-1,-1,6
24589082,29,56,-1,-1,3
24590643,22,8,-1,-1,3
24593170,26,44,-1,-1,5
24593734,48,31,-1,-1,2
24592457,54,51,-1,-1,5
24589051,23,37,-1,-1,5
24592949,24,49,-1,-1,3
24593926,10,6,-1,-1,1
24591596,10,20,-1,-1,6
24592307,13,43,-1,-1,4
24592638,30,54,-1,-1,1
24591823,26,19,-1,-1,2
24592976,27,8,-1,-1,5
24588884,1,32,-1,-1,1
24591799,11,9,-1,-1,6
24593394,53,19,-1,-1,6
24589723,32,18,-1,-1,6
24588586,12,17,-1,-1,0
24590064,13,0,-1,-1,6
24592217,21,54,-1,-1,4
24593537,33,55,-1,-1,0
24587796,6,41,-1,-1,0
24590936,5,0,-1,-1,4
24587654,4,14,-1,-1,6
24588518,55,43,-1,-1,6
24589499,16,31,-1,-1,3
24593904,47,51,-1,-1,7
24589462,37,19,-1,-1,2
24590123,31,4,-1,-1,5
24590683,18,53,-1,-1,4
24590060,19,56,-1,-1,0
24592427,16,10,-1,-1,4
24592212,53,15,-1,-1,2
24587545,0,14,-1,-1,0
24592688,9,30,-1,-1,4
24593867,49,14,-1,-1,5
24593567,32,24,-1,-1,1
24574205,7,27,-1,-1,0
24593012,56,30,-1,-1,6
24590385,37,46,-1,-1,6
24593318,23,19,-1,-1,0
24591409,53,57,-1,-1,5
24586851,17,46,-1,-1,3
24591809,38,27,-1,-1,6
24591582,31,57,-1,-1,3
24593700,39,13,-1,-1,3
24592068,38,40,-1,-1,1
24593831,48,2,-1,-1,0
24590842,7,46,-1,-1,1
24592475,2,35,-1,-1,6
24584320,38,58,-1,-1,6
24579531,51,3,-1,-1,5
24593389,10,1,-1,-1,7
24590156,15,17,-1,-1,2
24590528,33,19,-1,-1,1
24593541,50,47,-1,-1,1
24591995,4,21,-1,-1,2
24590999,25,33,-1,-1,2
24592431,39,48,-1,-1,6
24593298,25,19,-1,-1,7
24593886,25,34,-1,-1,0
24592669,44,50,-1,-1,5
24590795,52,31,-1,-1,2
24590730,54,6,-1,-1,7
24592797,11,20,-1,-1,1
24593075,16,22,-1,-1,7
24593758,55,28,-1,-1,7
24590939,23,25,-1,-1,0
24592043,30,35,-1,-1,0
24592024,48,47,-1,-1,7
24592616,52,48,-1,-1,1
24592904,53,49,-1,-1,1
24591609,18,39,-1,-1,7
24580135,26,3,-1,-1,7
24586201,35,50,-1,-1,3
24591735,46,8,-1,-1,2
24593234,15,43,-1,-1,7
24586243,33,1,-1,-1,1
24590684,48,11,-1,-1,0
24593432,51,45,-1,-1,7
24592382,29,32,-1,-1,5
24589366,45,58,-1,-1,6
24592707,44,28,-1,-1,4
24592591,28,50,-1,-1,0
24591646,5,31,-1,-1,5
24591080,39,7,-1,-1,6
24593780,42,8,-1,-1,3
24591800,43,39,-1,-1,7
24592827,50,26,-1,-1,3
24590711,3,28,-1,-1,1
24590231,5,12,-1,-1,7
24590831,46,3,-1,-1,5
24589412,11,35,-1,-1,2
24592587,41,30,-1,-1,4
24589434,54,28,-1,-1,5
24586902,44,23,-1,-1,6
24589673,32,39,-1,-1,0
24592818,28,19,-1,-1,1
24591945,40,23,-1,-1,6
24578030,24,3,-1,-1,6
24593945,42,16,-1,-1,0
24591762,47,40,-1,-1,4
24593423,55,44,-1,-1,5
24593759,47,29,-1,-1,3
24592152,48,27,-1,-1,2
24593665,43,56,-1,-1,6
24591154,41,28,-1,-1,7
24592314,32,41,-1,-1,3
24590300,12,3,-1,-1,0
24593026,25,10,-1,-1,2
24594087,30,34,-1,-1,7
24591461,0,1,-1,-1,0
24592873,46,57,-1,-1,1
24588052,22,32,-1,-1,5
24593514,4,10,-1,-1,3
24591376,11,57,-1,-1,4
24592057,6,5,-1,-1,1
24582749,21,2,-1,-1,7
24590603,7,40,-1,-1,3
24593918,0,41,-1,-1,1
24593806,49,27,-1,-1,4
24585892,56,22,-1,-1,0
24593884,35,55,-1,-1,3
24588479,2,20,-1,-1,5
24593539,24,9,-1,-1,7
24594030,23,15,-1,-1,1
24587522,4,18,-1,-1,6
24594060,14,43,-1,-1,6
24583782,35,16,-1,-1,2
24590101,2,37,-1,-1,7
24592489,9,44,-1,-1,6
24583830,31,13,-1,-1,4
24592731,34,0,-1,-1,6
24592786,34,35,-1,-1,7
24587974,16,24,-1,-1,6
24591537,49,12,-1,-1,4
24593963,41,44,-1,-1,7
24593159,8,27,-1,-1,6
24590239,30,29,-1,-1,2
24593938,15,27,-1,-1,6
24585586,3,42,-1,-1,7
24592571,39,50,-1,-1,3
24592609,14,0,-1,-1,2
24593607,51,4,-1,-1,4
24589829,6,51,-1,-1,1
24590128,50,28,-1,-1,0
24591432,0,54,-1,-1,0
24592654,1,15,-1,-1,6
24593165,5,53,-1,-1,7
24593942,43,20,-1,-1,6
24592352,30,28,-1,-1,5
24593591,44,7,-1,-1,5
24593306,55,3,-1,-1,0
24585303,19,28,-1,-1,5
24586860,35,30,-1,-1,6
24587130,56,52,-1,-1,0
24593427,54,36,-1,-1,6
24593967,36,6,-1,-1,3
24587203,8,32,-1,-1,4
24585513,7,4,-1,-1,3
24590506,10,34,-1,-1,7
24593420,15,30,-1,-1,5
24593395,19,53,-1,-1,6
24586174,45,52,-1,-1,0
24591468,1,20,-1,-1,5
24587240,57,3,-1,-1,0
24592120,42,50,-1,-1,6
24591907,42,40,-1,-1,0
24590041,55,0,-1,-1,6
24586962,13,48,-1,-1,5
24593751,31,27,-1,-1,2
24591340,6,12,-1,-1,7
24593981,24,12,-1,-1,6
24593297,3,44,-1,-1,1
24592051,44,32,-1,-1,0
24588284,35,54,-1,-1,1
24593053,17,32,-1,-1,5
24591987,0,23,-1,-1,3
24592070,42,18,-1,-1,0
24592740,48,40,-1,-1,0
24591658,17,49,-1,-1,5
24584994,31,47,-1,-1,0
24589123,11,12,-1,-1,2
24589907,22,33,-1,-1,4
24587550,31,7,-1,-1,6
24594086,34,54,-1,-1,0
24592858,30,57,-1,-1,3
24590657,17,44,-1,-1,3
24592391,12,36,-1,-1,1
24592211,33,37,-1,-1,2
24593787,13,5,-1,-1,0
24587399,14,42,-1,-1,0
24583613,54,19,-1,-1,2
24593776,43,33,-1,-1,7
24592195,7,9,-1,-1,4
24581633,52,0,-1,-1,2
24592112,43,12,-1,-1,7
24588419,45,18,-1,-1,7
24590246,56,47,-1,-1,7
24582270,30,0,-1,-1,6
24593524,47,46,-1,-1,6
24590583,30,14,-1,-1,1
24588533,21,19,-1,-1,3
24593877,0,52,-1,-1,3
24578774,9,27,-1,-1,6
24593912,2,54,-1,-1,6
24593635,29,7,-1,-1,6
24591717,46,45,-1,-1,7
24592958,48,19,-1,-1,6
24593771,10,50,-1,-1,1
24593019,21,17,-1,-1,0
24592713,15,16,-1,-1,0
24593670,2,25,-1,-1,0
24592316,41,14,-1,-1,6
24590132,2,52,-1,-1,7
24581351,7,13,-1,-1,1
24592560,27,49,-1,-1,0
24589919,35,3,-1,-1,3
24591836,8,17,-1,-1,7
24585454,56,6,-1,-1,6
24593409,55,11,-1,-1,6
24592835,37,24,-1,-1,6
24593705,48,32,-1,-1,7
24588102,37,31,-1,-1,6
24589602,47,52,-1,-1,3
24587165,25,56,-1,-1,3
24587631,5,1,-1,-1,2
24593005,54,41,-1,-1,3
24591219,36,13,-1,-1,0
24577763,15,39,-1,-1,1
24591344,9,42,-1,-1,6
24588979,10,19,-1,-1,4
24591114,54,38,-1,-1,2
24593191,15,2,-1,-1,1
24590652,39,37,-1,-1,2
24590744,37,1,-1,-1,4
24588267,22,0,-1,-1,4
24592006,24,27,-1,-1,5
24582308,11,38,-1,-1,3
24593890,53,9,-1,-1,1
24587618,19,50,-1,-1,4
24592893,55,14,-1,-1,0
24590666,53,52,-1,-1,6
24586607,58,52,-1,-1,0
24591905,50,5,-1,-1,4
24593213,35,56,-1,-1,3
24592647,15,23,-1,-1,3
24593076,34,39,-1,-1,4
24590446,39,53,-1,-1,4
24579851,45,15,-1,-1,5
24592983,8,14,-1,-1,6
24587890,57,10,-1,-1,3
24588662,42,30,-1,-1,7
24592471,26,33,-1,-1,2
24592803,32,34,-1,-1,4
24592641,16,25,-1,-1,6
24590336,38,29,-1,-1,5
24577850,21,42,-1,-1,4
24589139,37,30,-1,-1,5
24579156,58,24,-1,-1,0
24589742,44,27,-1,-1,0
24591098,33,17,-1,-1,6
24593301,25,17,-1,-1,4
24590624,25,14,-1,-1,7
24589354,14,38,-1,-1,7
24592372,6,30,-1,-1,0
24590961,5,17,-1,-1,4
24592169,32,8,-1,-1,2
24593207,5,10,-1,-1,2
24589884,26,51,-1,-1,6
24592176,4,49,-1,-1,2
24591328,58,20,-1,-1,6
24589385,17,26,-1,-1,1
24592473,34,5,-1,-1,1
24590049,7,6,-1,-1,6
24593612,21,12,-1,-1,7
24589770,18,28,-1,-1,3
24589019,0,43,-1,-1,4
24589985,37,10,-1,-1,5
24589446,1,41,-1,-1,3
24584015,11,14,-1,-1,2
24593416,23,26,-1,-1,5
24585346,58,57,-1,-1,5
24590045,51,19,-1,-1,5
24592491,23,1,-1,-1,1
24567635,43,58,-1,-1,1
24593295,17,16,-1,-1,5
24587588,25,27,-1,-1,2
24592395,25,2,-1,-1,0
24590124,54,43,-1,-1,4
24594084,7,22,-1,-1,6
24591708,15,31,-1,-1,4
24586486,19,38,-1,-1,2
24591678,20,20,-1,-1,7
24593722,32,31,-1,-1,0
24592815,8,47,-1,-1,7
24588166,48,53,-1,-1,3
24591019,2,8,-1,-1,7
24593603,20,46,-1,-1,6
24588334,22,5,-1,-1,2
24590061,15,15,-1,-1,5
24593145,21,22,-1,-1,3
24593725,53,24,-1,-1,4
24587695,45,4,-1,-1,7
24592787,33,16,-1,-1,4
24591834,8,1,-1,-1,4
24593072,28,45,-1,-1,7
24591772,50,23,-1,-1,5
24588916,43,47,-1,-1,0
24588898,50,15,-1,-1,3
24593379,30,53,-1,-1,0
24591865,41,15,-1,-1,4
24590806,26,10,-1,-1,0
24591428,45,51,-1,-1,5
24593463,31,33,-1,-1,0
24588332,46,39,-1,-1,1
24583095,6,13,-1,-1,4
24590691,23,20,-1,-1,7
24587111,26,13,-1,-1,5
24590849,41,10,-1,-1,4
24593839,51,48,-1,-1,4
24588835,19,15,-1,-1,0
24590660,53,53,-1,-1,0
24589708,44,34,-1,-1,6
24592831,46,37,-1,-1,0
24588738,28,46,-1,-1,1
24593340,12,37,-1,-1,4
24588415,17,53,-1,-1,3
24593575,35,52,-1,-1,1
24592938,48,17,-1,-1,7
24580844,32,45,-1,-1,1
24585686,32,52,-1,-1,1
24586872,16,50,-1,-1,1
24591573,52,9,-1,-1,4
24593655,23,16,-1,-1,5
24593300,11,28,-1,-1,6
24590308,39,27,-1,-1,0
24585407,53,2,-1,-1,5
24591736,3,24,-1,-1,3
24592325,29,28,-1,-1,6
24593219,18,19,-1,-1,3
24588853,42,34,-1,-1,4
24593641,52,51,-1,-1,5
24586612,58,2,-1,-1,0
24591466,33,9,-1,-1,4
24593835,34,20,-1,-1,0
24593292,57,47,-1,-1,6
24592821,48,16,-1,-1,0
24579563,30,8,-1,-1,1
24583893,5,6,-1,-1,7
24591039,10,46,-1,-1,3
24592272,43,8,-1,-1,0
24589127,20,44,-1,-1,5
24592966,34,13,-1,-1,6
24593346,29,47,-1,-1,7
24585221,8,21,-1,-1,6
24592847,11,1,-1,-1,3
24590846,28,48,-1,-1,6
24593646,24,45,-1,-1,4
24588680,49,1,-1,-1,0
24591814,38,3,-1,-1,4
24593370,3,48,-1,-1,1
24588379,7,57,-1,-1,4
24591172,42,46,-1,-1,1
24593333,53,8,-1,-1,6
24591993,36,1,-1,-1,4
24591439,34,4,-1,-1,7
24587023,24,13,-1,-1,4
24592953,55,24,-1,-1,3
24586882,29,4,-1,-1,2
24592301,35,11,-1,-1,5
24593284,17,40,-1,-1,5
24593979,0,48,-1,-1,0
24590896,21,47,-1,-1,1
24592910,9,46,-1,-1,2
24593431,43,44,-1,-1,3
24589020,45,44,-1,-1,0
24593448,57,28,-1,-1,1
24585590,2,14,-1,-1,3
24590406,14,45,-1,-1,5
24593989,40,54,-1,-1,7
24584535,29,54,-1,-1,0
24592972,27,51,-1,-1,0
24588156,52,43,-1,-1,7
24593343,12,30,-1,-1,3
24593695,44,41,-1,-1,2
24588974,54,40,-1,-1,7
24593937,32,46,-1,-1,0
24591895,54,29,-1,-1,7
24592965,43,53,-1,-1,2
24592097,7,51,-1,-1,6
24593739,22,42,-1,-1,0
24594059,38,38,-1,-1,1
24592177,30,13,-1,-1,6
24592106,29,8,-1,-1,0
24593365,13,31,-1,-1,0
24585280,5,37,-1,-1,4
24593773,20,29,-1,-1,6
24593211,35,9,-1,-1,2
24592003,11,36,-1,-1,1
24592248,23,48,-1,-1,7
24587542,47,17,-1,-1,6
24591986,53,46,-1,-1,7
24589921,35,15,-1,-1,3
24593650,15,6,-1,-1,0
24593481,5,45,-1,-1,0
24593533,13,8,-1,-1,6
24587831,0,33,-1,-1,0
24593339,21,4,-1,-1,6
24591804,17,10,-1,-1,3
24590953,26,17,-1,-1,1
24587591,7,20,-1,-1,0
24593094,57,12,-1,-1,3
24590426,48,7,-1,-1,1
24583409,36,4,-1,-1,0
24590438,30,44,-1,-1,2
24593399,41,48,-1,-1,7
24592026,34,32,-1,-1,5
24590761,11,55,-1,-1,6
24590979,27,44,-1,-1,0
24591508,34,16,-1,-1,4
24590606,7,44,-1,-1,1
24589849,15,22,-1,-1,0
24588741,29,16,-1,-1,0
24591161,21,5,-1,-1,5
24584742,20,39,-1,-1,2
24592239,28,37,-1,-1,6
24590784,17,7,-1,-1,1
24592321,23,9,-1,-1,4
24592419,22,47,-1,-1,1
24591982,36,43,-1,-1,1
24593272,16,0,-1,-1,6
24588638,27,5,-1,-1,4
24589491,32,57,-1,-1,6
24590407,36,22,-1,-1,7
24588150,25,42,-1,-1,0
24582933,34,3,-1,-1,4
24593997,42,20,-1,-1,5
24591712,20,35,-1,-1,5
24592511,55,49,-1,-1,5
24588965,4,50,-1,-1,1
24582359,29,36,-1,-1,1
24593882,16,11,-1,-1,3
24591360,14,22,-1,-1,0
24589425,16,32,-1,-1,4
24593124,21,57,-1,-1,2
24585064,16,45,-1,-1,6
24589162,32,0,-1,-1,3
24587526,52,29,-1,-1,6
24578215,26,38,-1,-1,0
24589289,28,56,-1,-1,4
24593195,12,20,-1,-1,1
24591276,55,20,-1,-1,7
24589981,32,51,-1,-1,7
24593950,0,7,-1,-1,4
24593436,34,31,-1,-1,5
24590361,32,35,-1,-1,1
24590086,12,52,-1,-1,0
24591438,46,30,-1,-1,5
24585678,3,57,-1,-1,3
24593974,43,22,-1,-1,4
24589237,28,52,-1,-1,2
24591675,49,57,-1,-1,3
24590310,36,57,-1,-1,4
24584550,14,31,-1,-1,0
24593563,36,52,-1,-1,4
24592522,43,30,-1,-1,4
24593970,11,44,-1,-1,2
24593392,49,49,-1,-1,5
24590714,10,16,-1,-1,2
24589348,4,30,-1,-1,4
24592584,46,11,-1,-1,6
24592724,40,38,-1,-1,1
24593483,32,5,-1,-1,5
24594036,50,42,-1,-1,5
24588187,3,12,-1,-1,3
24589173,5,52,-1,-1,3
24585520,31,35,-1,-1,5
24593830,43,17,-1,-1,6
24594085,22,20,-1,-1,5
24591374,15,11,-1,-1,0
24593270,6,55,-1,-1,6
24592833,43,31,-1,-1,4
24583389,8,34,-1,-1,5
24579619,53,58,-1,-1,1
24587776,33,34,-1,-1,1
24592354,47,28,-1,-1,5
24588283,4,32,-1,-1,4
24593225,5,7,-1,-1,3
24593033,8,2,-1,-1,3
24588506,40,6,-1,-1,2
24593956,50,36,-1,-1,6
24590642,6,43,-1,-1,1
24588486,3,54,-1,-1,6
24587999,10,23,-1,-1,6
24593923,3,37,-1,-1,3
24585820,29,58,-1,-1,0
24590512,7,14,-1,-1,5
24584692,48,57,-1,-1,5
24576852,14,16,-1,-1,1
24591725,54,1,-1,-1,5
24594045,23,39,-1,-1,1
24591733,29,19,-1,-1,0
24590020,38,53,-1,-1,2
24591816,27,38,-1,-1,6
24589652,4,15,-1,-1,4
24588751,54,45,-1,-1,3
24592129,21,9,-1,-1,3
24593767,33,24,-1,-1,4
24591640,33,31,-1,-1,6
24588529,51,57,-1,-1,3
24593516,12,35,-1,-1,3
24574069,31,1,-1,-1,3
24593632,23,47,-1,-1,7
24592687,53,27,-1,-1,7
24580981,9,1,-1,-1,1
24591878,28,34,-1,-1,1
24591535,21,36,-1,-1,1
24587699,1,54,-1,-1,3
24586461,11,21,-1,-1,1
24593356,40,11,-1,-1,1
24588839,45,31,-1,-1,6
24593125,12,39,-1,-1,2
24593275,41,45,-1,-1,4
24592178,3,21,-1,-1,5
24585448,13,4,-1,-1,7
24590801,0,35,-1,-1,0
24593792,44,12,-1,-1,6
24590946,37,14,-1,-1,7
24592777,7,33,-1,-1,6
24588263,50,32,-1,-1,7
24592927,56,23,-1,-1,0
24592406,57,29,-1,-1,1
24593549,8,57,-1,-1,2
24592445,45,19,-1,-1,6
24592737,57,4,-1,-1,7
24590214,29,0,-1,-1,3
24577490,1,26,-1,-1,6
24593084,26,12,-1,-1,1
24591436,8,49,-1,-1,4
24593957,8,43,-1,-1,5
24590455,36,50,-1,-1,3
24592279,58,50,-1,-1,4
24590843,1,55,-1,-1,0
24592810,1,50,-1,-1,3
24582835,21,41,-1,-1,3
24581436,34,7,-1,-1,4
24590036,42,29,-1,-1,4
24594034,53,28,-1,-1,1
24592670,37,37,-1,-1,5
24593921,42,7,-1,-1,3
24593817,38,54,-1,-1,0
24593341,11,7,-1,-1,1
24593069,22,48,-1,-1,6
24593798,54,7,-1,-1,0
24582628,1,28,-1,-1,0
24590274,38,18,-1,-1,3
24592207,44,22,-1,-1,6
24590380,12,33,-1,-1,4
24593894,24,40,-1,-1,5
24593628,56,31,-1,-1,4
24583372,31,2,-1,-1,7
24587599,41,33,-1,-1,5
24591306,36,35,-1,-1,3
24591265,1,40,-1,-1,5
24588683,48,28,-1,-1,4
24593198,10,14,-1,-1,3
24590358,20,21,-1,-1,1
24590216,36,39,-1,-1,6
24588205,45,26,-1,-1,2
24594041,31,34,-1,-1,1
24593707,2,18,-1,-1,1
24585384,7,24,-1,-1,0
24592033,44,24,-1,-1,7
24589554,4,43,-1,-1,4
24592691,55,7,-1,-1,6
24588716,11,49,-1,-1,7
24592254,7,28,-1,-1,2
24591231,0,2,-1,-1,0
24592534,31,54,-1,-1,2
24588613,23,27,-1,-1,7
24563847,2,5,-1,-1,0
24593930,26,53,-1,-1,1
24588774,36,27,-1,-1,2
24593748,44,57,-1,-1,2
24591506,18,35,-1,-1,5
24593693,58,11,-1,-1,7
24593310,53,47,-1,-1,7
24589578,27,15,-1,-1,5
24589701,57,20,-1,-1,6
24585578,43,32,-1,-1,3
24591831,36,36,-1,-1,3
24569453,7,58,-1,-1,1
24593240,55,53,-1,-1,3
24592453,24,55,-1,-1,1
24592338,28,51,-1,-1,5
24586971,28,58,-1,-1,2
24592593,41,38,-1,-1,1
24592563,38,35,-1,-1,1
24593038,14,2,-1,-1,2
24592251,53,22,-1,-1,0
24591791,18,43,-1,-1,4
24593768,54,39,-1,-1,0
24587874,31,10,-1,-1,5
24591778,20,34,-1,-1,3
24588546,58,30,-1,-1,4
24592351,24,21,-1,-1,3
24591709,41,57,-1,-1,4
24593772,53,16,-1,-1,5
24593774,7,43,-1,-1,7
24588114,30,15,-1,-1,2
24593102,15,14,-1,-1,6
24592802,30,37,-1,-1,5
24589369,21,1,-1,-1,2
24591871,25,38,-1,-1,6
24588520,3,33,-1,-1,4
24586096,14,9,-1,-1,1
24586405,34,23,-1,-1,5
24591860,47,47,-1,-1,7
24587871,13,34,-1,-1,2
24593615,52,19,-1,-1,0
24588758,28,15,-1,-1,0
24593315,53,3,-1,-1,1
24580052,10,3,-1,-1,6
24593990,20,55,-1,-1,7
24592313,51,15,-1,-1,2
24593679,22,52,-1,-1,3
24591626,32,48,-1,-1,6
24592698,44,1,-1,-1,3
24591175,37,7,-1,-1,6
24587286,38,2,-1,-1,7
24592408,46,42,-1,-1,5
24586773,3,0,-1,-1,2
24593952,2,43,-1,-1,1
24589430,50,44,-1,-1,0
24592870,29,46,-1,-1,7
24575959,37,20,-1,-1,1
24588934,29,34,-1,-1,6
24589693,6,38,-1,-1,4
24593838,32,43,-1,-1,2
24592150,37,50,-1,-1,0
24586401,25,22,-1,-1,3
24591766,35,49,-1,-1,6
24591615,53,29,-1,-1,6
24581024,12,7,-1,-1,3
24591413,22,38,-1,-1,0
24591182,38,42,-1,-1,1
24583708,34,11,-1,-1,6
24592547,58,4,-1,-1,4
24587362,22,16,-1,-1,6
24583349,42,56,-1,-1,3
24584114,44,29,-1,-1,7
24588516,6,32,-1,-1,5
24592836,56,17,-1,-1,7
24593978,26,21,-1,-1,2
24589050,37,28,-1,-1,3
24590807,13,19,-1,-1,2
24593376,53,37,-1,-1,4
24588626,22,25,-1,-1,1
24594021,48,58,-1,-1,0
24587916,20,25,-1,-1,0
24593915,24,22,-1,-1,3
24591303,10,44,-1,-1,4
24591584,33,23,-1,-1,7
24593396,20,48,-1,-1,1
24593003,21,43,-1,-1,0
24591509,53,1,-1,-1,0
24593171,30,6,-1,-1,3
24591195,55,22,-1,-1,4
24591504,40,37,-1,-1,0
24590372,39,18,-1,-1,3
24593059,40,46,-1,-1,5
24591923,27,0,-1,-1,5
24592764,40,44,-1,-1,4
24593660,49,40,-1,-1,6
24590654,51,6,-1,-1,1
24593659,49,41,-1,-1,2
24589545,57,5,-1,-1,2
24590290,6,26,-1,-1,3
24592830,20,56,-1,-1,4
24586715,57,21,-1,-1,2
24590386,57,33,-1,-1,2
24590810,36,47,-1,-1,5
24590655,49,17,-1,-1,7
24593414,47,50,-1,-1,4
24584417,0,19,-1,-1,0
24587940,7,17,-1,-1,4
24594089,14,27,-1,-1,7
24591686,30,21,-1,-1,2
24592449,22,49,-1,-1,2
24592277,42,17,-1,-1,0
24592302,58,23,-1,-1,0
24586284,30,10,-1,-1,3
24590658,3,23,-1,-1,1
24588695,22,24,-1,-1,0
24592900,51,51,-1,-1,6
24590974,55,9,-1,-1,3
24593691,41,29,-1,-1,1
24591642,36,53,-1,-1,2
24592704,23,31,-1,-1,7
24592702,58,12,-1,-1,5
24593185,51,12,-1,-1,1
24593469,42,14,-1,-1,7
24593091,37,43,-1,-1,2
24585257,21,46,-1,-1,3
24593511,49,5,-1,-1,3
24593875,1,30,-1,-1,6
24591518,8,54,-1,-1,5
24593496,1,43,-1,-1,0
24591695,56,15,-1,-1,0
24590043,57,40,-1,-1,6
24590800,55,51,-1,-1,4
24592745,5,8,-1,-1,2
24575272,17,35,-1,-1,3
24593042,49,48,-1,-1,0
24590003,14,24,-1,-1,4
24592736,9,15,-1,-1,5
24590286,37,32,-1,-1,1
24590722,32,55,-1,-1,6
24591959,2,29,-1,-1,5
24587532,31,24,-1,-1,1
24592374,17,45,-1,-1,6
24580446,6,4,-1,-1,6
24587151,47,32,-1,-1,0
24592390,16,30,-1,-1,7
24593266,32,21,-1,-1,2
24593086,29,20,-1,-1,5
24592526,17,29,-1,-1,3
24589496,20,40,-1,-1,4
24587170,57,16,-1,-1,5
24593383,27,9,-1,-1,7
24592987,9,35,-1,-1,2
24584903,1,38,-1,-1,7
24593958,57,0,-1,-1,6
24593454,13,54,-1,-1,0
24592726,4,45,-1,-1,3
24590787,17,14,-1,-1,3
24585773,18,22,-1,-1,1
24594074,45,33,-1,-1,5
24590743,10,49,-1,-1,1
24592649,35,28,-1,-1,7
24592249,44,11,-1,-1,7
24594082,8,41,-1,-1,2
24588937,30,45,-1,-1,7
24594024,10,55,-1,-1,0
24583808,56,20,-1,-1,2
24592570,28,6,-1,-1,7
24588936,41,25,-1,-1,2
24591911,12,22,-1,-1,2
24580376,13,35,-1,-1,2
24592697,24,0,-1,-1,4
24590673,30,41,-1,-1,3
24592703,28,14,-1,-1,0
24593359,43,24,-1,-1,6
24590063,35,44,-1,-1,7
24593453,29,30,-1,-1,7
24592412,33,27,-1,-1,4
24593068,47,13,-1,-1,6
24591994,29,53,-1,-1,1
24591922,3,18,-1,-1,7
24593237,23,34,-1,-1,2
24593609,47,14,-1,-1,2
24578672,21,20,-1,-1,6
24592331,51,37,-1,-1,5
24592161,36,34,-1,-1,0
24586032,40,34,-1,-1,7
24592937,7,56,-1,-1,5
24590794,39,35,-1,-1,4
24593964,46,12,-1,-1,0
24592765,2,57,-1,-1,7
24590906,43,10,-1,-1,7
24592758,13,24,-1,-1,6
24592747,14,48,-1,-1,7
24590321,6,48,-1,-1,7
24587455,54,53,-1,-1,6
24593985,12,15,-1,-1,7
24592615,32,54,-1,-1,4
24590088,22,57,-1,-1,5
24593490,25,32,-1,-1,1
24592032,14,35,-1,-1,2
24591238,57,49,-1,-1,4
24593897,23,51,-1,-1,5
24592911,49,43,-1,-1,2
24590811,32,11,-1,-1,6
24588630,48,51,-1,-1,2
24588611,13,46,-1,-1,7
24592358,9,28,-1,-1,4
24593860,33,20,-1,-1,0
24592292,2,3,-1,-1,6
24590950,19,54,-1,-1,5
24593698,48,29,-1,-1,0
24592896,19,48,-1,-1,1
24591104,55,46,-1,-1,2
24587601,35,7,-1,-1,3
24590056,0,5,-1,-1,3
24592926,32,58,-1,-1,6
24591899,28,43,-1,-1,0
24581865,44,3,-1,-1,7
24588094,6,8,-1,-1,4
24589977,56,2,-1,-1,5
24592710,31,16,-1,-1,2
24592652,39,12,-1,-1,6
24586120,1,44,-1,-1,2
24583061,55,36,-1,-1,6
24593522,56,18,-1,-1,3
24587304,23,28,-1,-1,5
24592961,31,8,-1,-1,0
24591116,31,32,-1,-1,2
24586584,18,3,-1,-1,6
24590472,39,6,-1,-1,1
24591742,35,22,-1,-1,3
24594047,50,56,-1,-1,0
24587774,19,18,-1,-1,1
24591481,39,57,-1,-1,4
24589062,40,58,-1,-1,2
24590802,27,50,-1,-1,1
24592197,36,33,-1,-1,0
24590196,28,11,-1,-1,2
24587953,45,9,-1,-1,2
24585645,4,33,-1,-1,4
24591876,29,44,-1,-1,1
24593799,35,48,-1,-1,5
24585066,38,43,-1,-1,5
24582417,17,58,-1,-1,2
24586941,28,44,-1,-1,6
24592696,46,9,-1,-1,4
24591170,43,57,-1,-1,2
24593710,19,20,-1,-1,3
24593991,25,15,-1,-1,6
24592767,15,28,-1,-1,6
24586111,3,36,-1,-1,5
24591121,47,45,-1,-1,7
24593941,13,3,-1,-1,2
24593495,48,6,-1,-1,2
24588976,4,41,-1,-1,3
24593366,34,6,-1,-1,1
24591845,20,27,-1,-1,4
24591112,46,50,-1,-1,1
24592193,19,46,-1,-1,0
24581888,7,0,-1,-1,4
24589242,14,44,-1,-1,0
24588981,34,42,-1,-1,2
24592439,13,57,-1,-1,2
24593138,14,23,-1,-1,6
24586574,6,10,-1,-1,4
24593841,17,39,-1,-1,1
24593777,28,23,-1,-1,2
24588216,31,11,-1,-1,1
24592843,37,34,-1,-1,2
24591254,45,12,-1,-1,4
24587951,47,58,-1,-1,6
24590330,16,36,-1,-1,3
24593566,52,17,-1,-1,7
24579266,56,56,-1,-1,0
24592812,57,53,-1,-1,3
24593621,51,18,-1,-1,6
24593443,39,15,-1,-1,0
24591963,22,18,-1,-1,0
24593534,46,18,-1,-1,6
24591912,41,22,-1,-1,4
24592288,50,40,-1,-1,2
24593914,45,39,-1,-1,5
24592559,45,7,-1,-1,6
24587300,51,53,-1,-1,3
24593245,48,54,-1,-1,1
24588179,8,22,-1,-1,1
24587760,7,3,-1,-1,4
24590677,49,51,-1,-1,4
24593322,47,41,-1,-1,6
24593155,38,15,-1,-1,6
24591691,49,47,-1,-1,1
24586054,3,41,-1,-1,5
24592979,21,45,-1,-1,6
24590066,23,21,-1,-1,5
24591893,41,5,-1,-1,7
24592480,22,12,-1,-1,1
24588225,37,2,-1,-1,4
24588872,53,42,-1,-1,4
24593450,57,17,-1,-1,1
24586633,14,29,-1,-1,2
24589023,43,48,-1,-1,3
24591750,21,51,-1,-1,2
24593375,14,15,-1,-1,4
24587480,20,23,-1,-1,0
24592048,16,19,-1,-1,2
24593931,19,16,-1,-1,6
24593305,5,43,-1,-1,3
24592811,53,30,-1,-1,2
24594061,15,55,-1,-1,6
24589877,18,4,-1,-1,2
24592595,38,47,-1,-1,5
24593849,34,55,-1,-1,1
24593626,35,2,-1,-1,6
24594028,13,47,-1,-1,0
24593808,1,22,-1,-1,3
24591510,36,49,-1,-1,3
24592671,40,0,-1,-1,3
24589401,49,30,-1,-1,5
24593232,27,14,-1,-1,7
24591530,21,33,-1,-1,1
24592442,29,48,-1,-1,6
24593446,17,8,-1,-1,3
24591108,50,4,-1,-1,2
24591687,38,25,-1,-1,2
24586122,40,30,-1,-1,0
24593712,53,14,-1,-1,5
24592220,2,38,-1,-1,4
24592592,29,15,-1,-1,3
24583016,27,37,-1,-1,3
24591138,15,47,-1,-1,6
24585272,2,17,-1,-1,2
24586014,53,0,-1,-1,5
24586631,52,3,-1,-1,2
24592672,37,41,-1,-1,3
24589311,46,5,-1,-1,2
24591143,40,45,-1,-1,7
24591157,13,10,-1,-1,7
24591289,25,16,-1,-1,7
24587692,5,34,-1,-1,2
24592861,51,44,-1,-1,0
24591643,52,24,-1,-1,5
24580743,0,8,-1,-1,1
24588176,52,7,-1,-1,0
24589292,48,10,-1,-1,4
24591801,51,21,-1,-1,2
24594077,44,8,-1,-1,1
24590162,13,42,-1,-1,2
24592538,43,6,-1,-1,0
24593858,44,21,-1,-1,5
24590651,41,16,-1,-1,7
24593599,43,50,-1,-1,7
24586294,42,45,-1,-1,4
24590551,20,51,-1,-1,7
24590402,33,53,-1,-1,3
24590836,18,41,-1,-1,7
24593565,9,55,-1,-1,4
24593358,24,24,-1,-1,7
24593241,29,21,-1,-1,1
24590941,5,38,-1,-1,6
24588083,7,19,-1,-1,2
24582994,25,0,-1,-1,5
24591165,33,21,-1,-1,6
24579296,48,37,-1,-1,6
24591036,56,11,-1,-1,2
24593624,27,40,-1,-1,6
24592856,26,42,-1,-1,0
24593544,34,40,-1,-1,4
24588635,25,46,-1,-1,2
24592343,14,32,-1,-1,2
24589248,10,42,-1,-1,7
24592675,48,9,-1,-1,1
24593363,9,47,-1,-1,7
24592063,4,40,-1,-1,5
24588069,6,15,-1,-1,7
24592515,36,46,-1,-1,5
24590544,45,11,-1,-1,6
24589181,2,39,-1,-1,3
24592139,30,58,-1,-1,7
24592799,7,36,-1,-1,0
24588182,5,40,-1,-1,6
24591624,49,10,-1,-1,1
24590620,42,49,-1,-1,1
24593898,36,24,-1,-1,6
24593604,14,12,-1,-1,4
24593908,11,51,-1,-1,3
24593287,35,47,-1,-1,4
24589133,51,24,-1,-1,1
24593517,45,37,-1,-1,6
24592264,40,49,-1,-1,0
24592888,42,5,-1,-1,5
24592645,51,42,-1,-1,7
24593024,5,39,-1,-1,1
24593528,38,37,-1,-1,7
24588939,22,51,-1,-1,2
24593529,41,24,-1,-1,7
24589614,1,34,-1,-1,3
24589154,14,8,-1,-1,0
24593260,2,34,-1,-1,6
24588920,56,21,-1,-1,7
24591396,6,45,-1,-1,0
24591512,7,25,-1,-1,2
24592414,12,51,-1,-1,7
24592303,34,19,-1,-1,0
24590578,23,18,-1,-1,5
24590028,16,38,-1,-1,0
24584440,18,21,-1,-1,3
24591010,20,26,-1,-1,0
24587342,36,14,-1,-1,1
24590419,15,54,-1,-1,6
24585243,8,55,-1,-1,6
24589831,29,12,-1,-1,1
24591365,57,25,-1,-1,1
24590866,6,18,-1,-1,7
24581236,27,33,-1,-1,2
24592486,11,46,-1,-1,1
24590692,1,17,-1,-1,7
24588428,3,39,-1,-1,2
24582767,33,10,-1,-1,6
24589129,23,56,-1,-1,7
24593649,4,7,-1,-1,0
24588799,11,5,-1,-1,7
24590334,15,34,-1,-1,0
24587687,5,2,-1,-1,4
24591792,12,13,-1,-1,6
24591078,58,39,-1,-1,0
24593252,16,18,-1,-1,7
24589510,8,50,-1,-1,4
24592557,24,11,-1,-1,3
24593092,41,34,-1,-1,1
24591967,13,11,-1,-1,4
24593413,49,9,-1,-1,1
24593435,25,45,-1,-1,7
24593147,22,58,-1,-1,6
24594009,6,16,-1,-1,2
24585344,5,51,-1,-1,4
24590093,38,12,-1,-1,5
24584298,32,4,-1,-1,5
24591770,24,30,-1,-1,7
24591821,29,41,-1,-1,2
24591145,32,30,-1,-1,0
24591131,24,7,-1,-1,0
24593797,41,53,-1,-1,0
24593421,14,26,-1,-1,0
24593689,48,48,-1,-1,1
24586632,20,50,-1,-1,1
24576552,51,28,-1,-1,2
24591781,30,47,-1,-1,3
24591780,43,29,-1,-1,0
24593685,27,36,-1,-1,7
24589567,9,51,-1,-1,3
24589247,51,29,-1,-1,4
24592932,42,10,-1,-1,3
24589373,15,36,-1,-1,3
24592423,8,42,-1,-1,0
24585962,48,44,-1,-1,5
24592880,14,58,-1,-1,2
24591229,8,52,-1,-1,1
24590690,11,50,-1,-1,2
24589386,7,18,-1,-1,6
24591754,27,6,-1,-1,6
24592718,54,33,-1,-1,0
24585735,3,40,-1,-1,6
24592290,57,22,-1,-1,5
24590457,53,17,-1,-1,7
24592229,12,5,-1,-1,5
24593039,6,17,-1,-1,4
24592443,26,8,-1,-1,7
24589643,35,40,-1,-1,5
24589992,48,15,-1,-1,6
24591957,0,24,-1,-1,4
24593521,0,10,-1,-1,1
24590650,9,0,-1,-1,2
24583737,3,29,-1,-1,7
24590152,21,58,-1,-1,2
24590894,10,12,-1,-1,0
24591357,5,23,-1,-1,3
24593222,17,6,-1,-1,1
24592456,7,2,-1,-1,6
24593968,36,16,-1,-1,5
24593506,18,48,-1,-1,3
24581600,35,13,-1,-1,1
24589391,21,7,-1,-1,2
24592250,3,43,-1,-1,6
24586359,8,8,-1,-1,6
24593313,23,50,-1,-1,3
24586057,4,24,-1,-1,1
24590749,30,55,-1,-1,3
24582380,32,49,-1,-1,7
24583730,13,9,-1,-1,2
24592458,50,16,-1,-1,3
24593570,43,5,-1,-1,2
24594048,46,36,-1,-1,2
24593197,19,32,-1,-1,6
24588259,41,46,-1,-1,7
24588519,47,10,-1,-1,6
24592942,28,55,-1,-1,7
24592632,5,32,-1,-1,7
24587923,35,38,-1,-1,4
24588213,31,18,-1,-1,0
24593355,12,0,-1,-1,6
24584008,5,22,-1,-1,2
24586718,27,45,-1,-1,6
24592156,13,45,-1,-1,4
24592100,46,31,-1,-1,7
24580308,0,58,-1,-1,0
24594037,43,41,-1,-1,3
24588142,36,11,-1,-1,5
24590674,5,50,-1,-1,6
24593169,24,52,-1,-1,1
24593850,53,26,-1,-1,5
24591881,47,24,-1,-1,6
24592507,52,28,-1,-1,6
24593337,17,17,-1,-1,3
24593043,5,54,-1,-1,1
24593724,32,37,-1,-1,7
24590769,25,49,-1,-1,1
24593994,41,18,-1,-1,6
24593362,8,20,-1,-1,6
24589145,58,48,-1,-1,7
24593684,20,38,-1,-1,5
24589295,1,27,-1,-1,4
24592624,39,29,-1,-1,1
24592940,38,52,-1,-1,0
24593276,14,47,-1,-1,3
24589622,14,21,-1,-1,7
24592742,52,47,-1,-1,3
24591215,40,14,-1,-1,3
24590116,8,53,-1,-1,6
24593825,53,11,-1,-1,3
24591764,7,29,-1,-1,0
24591386,48,1,-1,-1,3
24588906,49,15,-1,-1,3
24593961,56,19,-1,-1,5
24593223,24,20,-1,-1,0
24592936,22,45,-1,-1,0
24593452,28,9,-1,-1,0
24588198,51,17,-1,-1,5
24593611,39,16,-1,-1,4
24583343,2,32,-1,-1,6
24593623,42,43,-1,-1,1
24592579,3,3,-1,-1,1
24590790,4,8,-1,-1,4
24593510,53,21,-1,-1,1
24591221,22,41,-1,-1,2
24590122,30,7,-1,-1,7
24586367,26,40,-1,-1,2
24589444,43,55,-1,-1,4
24589196,23,8,-1,-1,6
24593285,43,18,-1,-1,0
24591601,4,36,-1,-1,4
24592608,30,24,-1,-1,3
24591319,46,55,-1,-1,6
24592706,16,28,-1,-1,1
24587234,58,9,-1,-1,5
24585437,56,26,-1,-1,1
24592029,40,15,-1,-1,1
24582530,33,4,-1,-1,0
24591972,33,40,-1,-1,0
24590193,28,42,-1,-1,3
24592121,21,44,-1,-1,7
24593386,40,29,-1,-1,4
24581485,15,32,-1,-1,7
24587939,34,49,-1,-1,3
24593096,40,8,-1,-1,6
24593701,36,30,-1,-1,3
24589328,1,35,-1,-1,1
24593564,28,29,-1,-1,1
24593644,37,36,-1,-1,7
24589685,15,9,-1,-1,4
24589612,20,42,-1,-1,7
24583821,45,14,-1,-1,2
24593542,38,57,-1,-1,4
24583150,29,37,-1,-1,6
24592716,38,33,-1,-1,1
24591193,32,33,-1,-1,4
24593530,44,4,-1,-1,3
24593572,26,18,-1,-1,0
24592883,22,26,-1,-1,1
24590733,28,53,-1,-1,6
24593975,47,35,-1,-1,0
24593715,52,45,-1,-1,3
24589506,19,2,-1,-1,3
24586003,27,2,-1,-1,7
24592066,32,1,-1,-1,2
24593864,6,49,-1,-1,3
24593500,28,24,-1,-1,2
24588348,52,13,-1,-1,2
24592920,16,43,-1,-1,0
24592500,5,49,-1,-1,5
24589165,28,3,-1,-1,7
24586073,40,7,-1,-1,6
24591598,49,36,-1,-1,4
24593667,34,2,-1,-1,4
24589056,55,27,-1,-1,5
24591028,33,52,-1,-1,7
24590861,11,48,-1,-1,7
24582126,28,5,-1,-1,7
24592969,11,43,-1,-1,2
24592674,6,9,-1,-1,5
24593828,16,53,-1,-1,7
24592892,47,20,-1,-1,4
24588466,35,53,-1,-1,7
24589235,52,30,-1,-1,7
24589084,49,26,-1,-1,1
24588555,40,19,-1,-1,7
24591270,8,36,-1,-1,5
24593501,58,8,-1,-1,0
24593256,13,38,-1,-1,4
24591969,8,5,-1,-1,6
24588919,26,55,-1,-1,4
24592081,49,42,-1,-1,7
24592387,8,12,-1,-1,0
24593996,31,12,-1,-1,3
24587544,0,29,-1,-1,2
24592369,4,12,-1,-1,2
24594079,42,37,-1,-1,2
24593254,16,48,-1,-1,3
24591163,48,33,-1,-1,6
24591102,4,13,-1,-1,4
24583957,10,35,-1,-1,7
24591029,0,6,-1,-1,4
24593041,27,13,-1,-1,1
24591956,26,26,-1,-1,0
24590954,58,47,-1,-1,4
24593992,13,50,-1,-1,5
24593778,5,3,-1,-1,0
24593299,52,22,-1,-1,6
24591151,37,51,-1,-1,2
24592778,21,26,-1,-1,4
24590789,11,10,-1,-1,0
24593802,23,30,-1,-1,1
24589352,29,45,-1,-1,7
24591524,50,49,-1,-1,5
24591849,50,25,-1,-1,5
24593818,18,25,-1,-1,7
24590613,11,41,-1,-1,0
24588445,47,34,-1,-1,6
24592944,41,35,-1,-1,1
24589053,39,46,-1,-1,7
24592865,19,17,-1,-1,4
24583586,57,1,-1,-1,2
24593274,39,3,-1,-1,1
24592968,31,56,-1,-1,0
24591715,55,19,-1,-1,3
24589075,6,47,-1,-1,4
24587205,7,16,-1,-1,3
24592080,12,49,-1,-1,3
24592805,21,55,-1,-1,5
24590572,37,56,-1,-1,7
24594035,54,9,-1,-1,4
24592071,39,20,-1,-1,1
24593476,11,27,-1,-1,3
24588967,41,56,-1,-1,3
24593447,15,44,-1,-1,2
24590508,36,9,-1,-1,4
24593982,39,44,-1,-1,5
24593826,1,18,-1,-1,6
24593871,7,50,-1,-1,5
24589684,18,17,-1,-1,0
24592009,9,21,-1,-1,2
24591091,53,36,-1,-1,7
24570584,13,13,-1,-1,2
24588192,56,58,-1,-1,6
24590352,31,26,-1,-1,2
24594007,5,18,-1,-1,7
24587454,39,8,-1,-1,2
24590607,8,40,-1,-1,4
24591575,45,41,-1,-1,0
24593429,37,17,-1,-1,1
24591034,54,0,-1,-1,4
24587867,41,19,-1,-1,4
24592943,42,42,-1,-1,1
24588830,52,37,-1,-1,5
24581149,4,22,-1,-1,1
24592466,33,35,-1,-1,5
24591011,11,53,-1,-1,3
24593907,18,55,-1,-1,6
24588629,40,25,-1,-1,1
24589198,56,38,-1,-1,3
24591239,7,31,-1,-1,5
24592204,55,39,-1,-1,5
24589288,3,35,-1,-1,3
24589300,47,19,-1,-1,5
24593157,1,36,-1,-1,7
24582281,41,23,-1,-1,4
24592454,22,10,-1,-1,4
24587379,9,39,-1,-1,4
24592986,1,3,-1,-1,6
24593360,10,9,-1,-1,3
24590727,12,2,-1,-1,3
24591369,47,30,-1,-1,4
24591898,41,27,-1,-1,3
24587375,9,33,-1,-1,6
24585002,9,36,-1,-1,3
24591448,39,45,-1,-1,3
24591702,11,11,-1,-1,7
24591886,54,52,-1,-1,4
24591485,36,42,-1,-1,3
24592364,51,32,-1,-1,6
24593717,14,34,-1,-1,2
24591296,2,0,-1,-1,6
24586254,58,16,-1,-1,6
24593582,2,4,-1,-1,5
24579984,19,5,-1,-1,4
24591262,24,29,-1,-1,4
24592677,21,50,-1,-1,5
24593442,4,1,-1,-1,7
24590916,48,3,-1,-1,0
24576884,18,9,-1,-1,7
24593028,13,14,-1,-1,4
24590131,25,44,-1,-1,4
24591486,55,25,-1,-1,0
24590503,35,8,-1,-1,2
24591771,42,24,-1,-1,5
24591879,57,32,-1,-1,1
24592974,1,2,-1,-1,4
24593880,0,38,-1,-1,4
24591829,33,3,-1,-1,0
24592476,42,31,-1,-1,1
24593036,55,33,-1,-1,5
24591520,2,16,-1,-1,6
24591064,12,16,-1,-1,3
24567892,36,7,-1,-1,6
24590121,5,26,-1,-1,4
24585092,9,16,-1,-1,3
24589947,48,56,-1,-1,0
24590497,44,55,-1,-1,1
24586421,26,31,-1,-1,0
24585849,8,46,-1,-1,5
24591815,0,51,-1,-1,4
24592832,37,16,-1,-1,3
24593444,26,41,-1,-1,6
24581561,55,10,-1,-1,1
24589452,14,6,-1,-1,1
24592368,17,31,-1,-1,6
24584213,49,20,-1,-1,4
24593925,0,21,-1,-1,0
24585809,17,9,-1,-1,0
24591006,0,40,-1,-1,2
24589461,53,39,-1,-1,1
24592528,23,22,-1,-1,6
24588622,31,53,-1,-1,5
24594046,9,41,-1,-1,5
24591467,34,26,-1,-1,7
24593587,56,9,-1,-1,6
24580516,40,9,-1,-1,5
24578382,24,44,-1,-1,1
24589851,42,57,-1,-1,4
24591979,30,50,-1,-1,0
24587354,35,58,-1,-1,2
24591477,33,51,-1,-1,7
24591810,36,18,-1,-1,7
24592785,44,40,-1,-1,4
24591040,57,2,-1,-1,0
24589711,19,47,-1,-1,3
24585102,46,56,-1,-1,2
24584466,12,26,-1,-1,1
24591312,42,54,-1,-1,5
24592228,20,1,-1,-1,3
24589959,12,19,-1,-1,2
24592479,44,15,-1,-1,5
24585700,50,58,-1,-1,7
24592941,42,15,-1,-1,2
24584411,20,10,-1,-1,4
24584329,8,18,-1,-1,1
24591612,10,4,-1,-1,0
24587976,56,8,-1,-1,1
24591465,55,18,-1,-1,1
24591426,55,38,-1,-1,3
24593273,36,31,-1,-1,6
24592477,45,32,-1,-1,3
24590700,53,31,-1,-1,3
24577510,44,38,-1,-1,0
24588028,8,11,-1,-1,4
24587194,25,58,-1,-1,2
24564049,26,45,-1,-1,4
24592385,46,32,-1,-1,6
24593677,17,11,-1,-1,2
24592238,6,24,-1,-1,0
24589858,43,23,-1,-1,7
24591425,48,30,-1,-1,2
24593804,45,45,-1,-1,1
24592298,21,35,-1,-1,5
24589698,29,31,-1,-1,6
24593664,11,2,-1,-1,3
24592903,32,28,-1,-1,6
24578254,22,50,-1,-1,4
24591985,18,34,-1,-1,5
24591315,2,40,-1,-1,1
24593581,19,13,-1,-1,4
24582766,1,24,-1,-1,6
24586459,58,58,-1,-1,6
24593144,31,39,-1,-1,3
24589263,41,8,-1,-1,7
24592259,43,52,-1,-1,7
24577348,58,56,-1,-1,4
24591444,33,22,-1,-1,4
24591991,22,4,-1,-1,3
24590492,4,17,-1,-1,4
24585939,54,24,-1,-1,1
24589497,47,48,-1,-1,1
24583174,4,31,-1,-1,0
24583711,57,35,-1,-1,4
24591532,52,54,-1,-1,7
24587472,58,7,-1,-1,5
24593132,36,37,-1,-1,6
24592845,31,21,-1,-1,1
24593671,19,41,-1,-1,6
24591593,57,42,-1,-1,1
24590087,49,39,-1,-1,2
24591930,30,2,-1,-1,4
24591606,56,42,-1,-1,5
24591989,53,45,-1,-1,2
24593980,50,14,-1,-1,5
24588566,46,13,-1,-1,7
24590039,40,52,-1,-1,2
24591443,51,7,-1,-1,2
24591752,44,37,-1,-1,6
24593462,41,20,-1,-1,7
24593032,7,7,-1,-1,1
24590821,13,37,-1,-1,0
24586231,17,0,-1,-1,3
24592866,23,4,-1,-1,1
24580867,54,18,-1,-1,4
24594002,21,27,-1,-1,3
24592542,17,51,-1,-1,1
24593675,16,37,-1,-1,0
24591551,23,41,-1,-1,4
24592546,57,38,-1,-1,4
24592555,1,31,-1,-1,4
24590694,11,31,-1,-1,0
24592072,39,0,-1,-1,5
24593468,51,41,-1,-1,7
24591493,39,55,-1,-1,1
24592038,43,4,-1,-1,3
24590614,16,3,-1,-1,0
24591720,47,39,-1,-1,1
24593508,48,43,-1,-1,4
24589768,39,14,-1,-1,7
24593807,21,13,-1,-1,3
24591620,51,1,-1,-1,2
24584927,54,48,-1,-1,7
24589651,42,9,-1,-1,0
24586171,27,34,-1,-1,0
24590033,5,13,-1,-1,1
24590176,15,52,-1,-1,6
24593320,46,54,-1,-1,0
24590443,44,39,-1,-1,3
24593580,35,51,-1,-1,6
24590596,26,7,-1,-1,3
24593909,31,41,-1,-1,5
24591743,30,17,-1,-1,1
24586543,25,51,-1,-1,0
24579846,55,54,-1,-1,0
24593834,20,15,-1,-1,5
24579843,1,14,-1,-1,4
24591059,33,11,-1,-1,4
24593163,30,46,-1,-1,2
24591359,37,15,-1,-1,3
24593902,27,35,-1,-1,1
24591049,17,55,-1,-1,2
24590852,15,57,-1,-1,5
24587739,26,25,-1,-1,7
24586972,50,54,-1,-1,1
24593837,55,50,-1,-1,4
24588666,5,57,-1,-1,4
24593616,50,17,-1,-1,0
24591300,23,57,-1,-1,0
24591082,27,17,-1,-1,7
24592690,27,3,-1,-1,0
24589093,19,11,-1,-1,3
24591633,46,48,-1,-1,0
24592879,57,51,-1,-1,3
24591169,4,19,-1,-1,2
24593692,19,57,-1,-1,5
24593550,26,49,-1,-1,4
24591463,20,9,-1,-1,3
24593668,45,49,-1,-1,2
24590963,7,38,-1,-1,2
24588775,4,56,-1,-1,7
24580733,25,50,-1,-1,7
24593308,47,9,-1,-1,7
24588746,53,20,-1,-1,5
24589501,39,11,-1,-1,6
24591929,20,17,-1,-1,6
24592127,37,47,-1,-1,7
24593730,56,16,-1,-1,2
24586797,42,12,-1,-1,4
24590069,37,57,-1,-1,3
24593477,34,57,-1,-1,3
24588454,38,5,-1,-1,5
24592650,11,58,-1,-1,6
24590822,0,47,-1,-1,2
24592846,8,16,-1,-1,5
24589025,24,47,-1,-1,7
24586402,14,1,-1,-1,1
24590261,24,25,-1,-1,4
24592898,2,51,-1,-1,3
24593672,1,8,-1,-1,2
24594026,47,54,-1,-1,3
24592796,13,21,-1,-1,2
24591024,27,30,-1,-1,6
24594012,44,45,-1,-1,0
24591085,54,20,-1,-1,7
24592790,49,50,-1,-1,7
24593230,31,22,-1,-1,6
24593973,35,0,-1,-1,2
24591644,19,39,-1,-1,3
24594023,50,34,-1,-1,7
24591589,51,20,-1,-1,2
24584568,7,15,-1,-1,3
24592180,34,46,-1,-1,0
24590067,26,36,-1,-1,6
24588761,22,35,-1,-1,2
24565329,58,21,-1,-1,5
24589579,53,7,-1,-1,0
24586848,18,16,-1,-1,4
24593311,46,7,-1,-1,3
24592952,51,49,-1,-1,4
24593625,9,58,-1,-1,6
24593728,23,38,-1,-1,4
24590563,53,54,-1,-1,3
24593181,13,22,-1,-1,0
24593353,46,40,-1,-1,6
24585742,31,37,-1,-1,5
24586095,25,12,-1,-1,2
24591227,47,33,-1,-1,4
24593283,35,42,-1,-1,1
24584892,7,37,-1,-1,2
24591487,42,53,-1,-1,2
24585159,21,37,-1,-1,0
24590345,5,9,-1,-1,5
24593796,39,51,-1,-1,0
24587013,54,14,-1,-1,1
24592829,44,43,-1,-1,4
24592224,52,21,-1,-1,2
24592709,47,55,-1,-1,1
24593863,50,20,-1,-1,6
24593330,20,7,-1,-1,3
24591137,2,26,-1,-1,6
24592664,38,20,-1,-1,6
24594031,53,4,-1,-1,6
24587780,34,33,-1,-1,7
24590500,49,35,-1,-1,6
24593749,43,15,-1,-1,4
24592308,11,17,-1,-1,5
24593135,10,21,-1,-1,4
24593847,19,58,-1,-1,7
24590600,58,15,-1,-1,5
24593388,34,30,-1,-1,5
24592123,34,34,-1,-1,3
24591900,42,6,-1,-1,0
24592693,31,0,-1,-1,2
24592188,34,14,-1,-1,5
24592655,19,1,-1,-1,1
24584722,29,51,-1,-1,6
24590023,52,8,-1,-1,7
24593761,2,46,-1,-1,7
24593269,27,31,-1,-1,7
24591557,3,10,-1,-1,6
24590085,7,10,-1,-1,0
24592367,41,13,-1,-1,5
24581076,26,9,-1,-1,1
24592095,8,26,-1,-1,4
24589557,15,51,-1,-1,7
24586506,48,25,-1,-1,5
24587361,23,42,-1,-1,0
24579807,52,26,-1,-1,5
24592300,44,46,-1,-1,1
24585981,27,57,-1,-1,7
24590799,48,42,-1,-1,6
24589064,17,38,-1,-1,2
24585772,56,45,-1,-1,1
24589928,0,13,-1,-1,0
24593576,39,26,-1,-1,7
24590133,31,6,-1,-1,2
24592136,10,37,-1,-1,2
24590758,58,36,-1,-1,7
24590860,25,11,-1,-1,2
24591208,26,29,-1,-1,5
24587936,6,36,-1,-1,3
24589451,51,2,-1,-1,3
24589006,23,3,-1,-1,7
24594039,51,47,-1,-1,2
24590904,24,26,-1,-1,6
24587805,40,55,-1,-1,1
24593536,36,2,-1,-1,2
24593809,20,3,-1,-1,5
24588503,11,8,-1,-1,4
24581030,54,12,-1,-1,3
24589555,12,53,-1,-1,3
24590960,17,27,-1,-1,6
24592226,27,46,-1,-1,4
24593678,14,36,-1,-1,5
24593720,24,4,-1,-1,3
24591337,41,32,-1,-1,6
24589218,27,41,-1,-1,4
24590708,46,28,-1,-1,2
24593719,24,6,-1,-1,6
24592527,24,54,-1,-1,3
24593113,12,14,-1,-1,3
24590456,51,23,-1,-1,0
24589356,51,34,-1,-1,7
24579760,0,53,-1,-1,4
24591159,11,15,-1,-1,2
24591483,6,25,-1,-1,3
24593554,51,8,-1,-1,5
24593422,24,39,-1,-1,2
24592094,35,12,-1,-1,4
24592218,9,43,-1,-1,2
24588354,7,11,-1,-1,1
24589337,4,51,-1,-1,7
24593406,55,35,-1,-1,6
24588101,14,40,-1,-1,2
24586808,20,54,-1,-1,4
24587787,3,16,-1,-1,0
24591970,39,30,-1,-1,2
24589197,17,4,-1,-1,1
24593239,20,8,-1,-1,5
24592536,28,25,-1,-1,0
24589217,44,31,-1,-1,1
24592685,56,5,-1,-1,2
24593552,54,46,-1,-1,7
24593418,12,18,-1,-1,1
24572634,46,58,-1,-1,2
24593071,40,36,-1,-1,4
24590868,9,10,-1,-1,0
24591859,2,55,-1,-1,1
24593261,38,46,-1,-1,1
24587077,17,42,-1,-1,4
24588269,0,17,-1,-1,1
24592327,49,32,-1,-1,3
24591710,25,48,-1,-1,1
24593400,15,49,-1,-1,2
24592982,35,43,-1,-1,1
24591120,52,41,-1,-1,0
24594068,47,2,-1,-1,4
24593933,45,0,-1,-1,6
24591660,55,26,-1,-1,2
24592054,6,39,-1,-1,3
24592183,14,52,-1,-1,3
24591101,46,20,-1,-1,6
24591565,1,53,-1,-1,3
24593480,49,13,-1,-1,7
24584276,34,24,-1,-1,2
24593289,53,41,-1,-1,6
24593561,31,50,-1,-1,3
24591189,15,38,-1,-1,7
24593801,47,43,-1,-1,1
24592959,4,44,-1,-1,3
24592653,56,27,-1,-1,6
24589590,3,45,-1,-1,0
24589780,54,22,-1,-1,1
24592059,43,1,-1,-1,7
24593906,38,17,-1,-1,4
24593686,2,49,-1,-1,0
24590791,56,13,-1,-1,5
24592991,50,22,-1,-1,3
24589779,15,0,-1,-1,3
24589009,37,23,-1,-1,0
24593527,35,35,-1,-1,4
24591383,45,54,-1,-1,0
24590307,23,6,-1,-1,7
24594078,28,47,-1,-1,5
24590780,8,6,-1,-1,5
24587193,14,46,-1,-1,3
24593845,38,19,-1,-1,3
24593156,24,48,-1,-1,2
24593661,22,37,-1,-1,5
24592347,3,13,-1,-1,4
24586278,33,47,-1,-1,4
24593775,7,32,-1,-1,1
24589511,38,8,-1,-1,5
24592541,7,49,-1,-1,7
24593546,3,7,-1,-1,0
24592289,46,49,-1,-1,3
24590241,37,49,-1,-1,5
24594010,23,5,-1,-1,7
24593002,9,13,-1,-1,3
24589278,1,42,-1,-1,3
24592588,29,26,-1,-1,3
24586747,4,23,-1,-1,6
24592128,0,37,-1,-1,0
24593540,24,16,-1,-1,2
24594016,0,26,-1,-1,2
24592720,17,5,-1,-1,3
24591320,39,10,-1,-1,2
24589052,52,55,-1,-1,0
24591822,22,31,-1,-1,4
24591361,5,20,-1,-1,6
24584949,6,31,-1,-1,3
24593866,26,24,-1,-1,3
24589566,56,46,-1,-1,4
24593892,4,29,-1,-1,3
24593595,27,16,-1,-1,1
24585592,22,22,-1,-1,2
24591218,10,25,-1,-1,6
24591362,32,47,-1,-1,7
24594055,9,12,-1,-1,7
24593905,32,29,-1,-1,1
24591273,27,42,-1,-1,7
24581775,12,11,-1,-1,4
24592569,4,9,-1,-1,6
24592989,44,52,-1,-1,1
24594092,41,49,-1,-1,7
