0 1 1 1 1 1 1 0 3 3 3 3 3 3 7 7 3 3 3 7 23 23 23 1 23 23 0 38 38 0 38 0 38 38 0 38 54 0 54 54 54 54 54 54 54 1 1 54 54 54 38 34 34 34 0 0 34 34 0 
1 1 0 1 1 1 1 0 3 3 1 0 3 3 0 7 2 3 7 3 19 39 23 0 0 38 38 34 38 0 38 38 38 38 54 38 22 0 19 52 54 0 54 1 1 1 54 54 54 54 54 34 34 34 34 18 34 34 34 
1 1 1 1 1 1 1 0 1 3 1 3 1 3 3 0 2 2 7 1 39 0 23 23 1 38 21 23 38 19 36 23 38 54 54 54 54 22 54 22 0 54 54 0 54 54 1 1 54 54 54 1 34 34 18 34 0 34 34 
0 1 1 1 1 1 1 0 1 1 0 3 3 3 3 0 0 7 7 0 39 0 23 22 1 21 23 23 23 0 0 23 23 54 54 54 54 22 54 54 19 19 54 54 0 54 38 38 38 0 34 34 1 34 18 38 0 34 34 
0 1 1 1 1 1 0 0 1 0 3 3 3 3 3 0 39 2 0 7 39 39 23 23 23 23 23 23 0 38 54 54 54 54 54 54 54 54 54 22 0 54 54 54 54 38 0 38 54 54 34 34 18 18 18 18 34 0 34 
1 1 1 1 0 0 1 1 3 3 3 3 3 3 35 3 0 2 7 39 0 0 23 23 23 23 23 23 23 38 54 54 54 54 54 54 48 54 36 50 22 54 54 54 18 54 54 54 54 34 0 0 0 18 18 38 38 34 34 
1 0 1 0 1 1 1 1 3 0 0 3 1 35 35 0 3 35 39 36 0 35 39 23 39 39 39 7 23 0 7 7 54 54 54 54 54 54 54 54 0 54 54 54 54 54 54 54 54 54 54 19 19 17 18 38 0 34 34 
1 1 1 0 1 1 1 1 0 3 3 1 1 3 35 35 35 39 39 0 0 0 39 22 22 38 22 22 22 38 38 0 0 49 54 38 54 54 52 36 54 54 54 54 54 54 54 54 54 23 54 38 19 36 34 0 0 0 0 
1 1 35 1 1 1 1 1 3 3 3 0 33 0 35 35 0 39 39 39 1 22 39 0 38 22 22 23 0 22 32 7 0 54 52 54 54 52 54 54 38 38 50 19 54 0 54 54 54 38 54 54 38 38 0 38 50 0 50 
1 1 1 35 1 3 3 0 0 3 35 35 35 35 35 32 23 51 39 35 1 22 39 22 32 22 0 22 23 7 32 1 22 54 0 0 54 54 38 38 38 54 54 54 54 54 54 54 52 54 50 50 224 54 38 50 38 34 38 
1 0 1 1 1 1 1 3 35 3 35 1 35 35 51 0 23 23 3 51 35 35 0 96 23 23 23 23 23 23 22 22 54 54 54 0 54 54 0 0 54 54 54 54 54 54 54 0 52 54 54 54 54 224 0 38 34 50 38 
1 0 1 1 32 32 3 1 1 35 35 35 1 35 51 35 3 3 3 23 51 22 3 0 23 22 23 22 22 0 0 22 0 54 54 22 54 54 54 54 54 54 54 54 54 52 52 54 54 54 54 54 54 50 34 38 38 34 38 
1 33 3 3 3 3 3 1 1 0 35 33 33 51 35 35 0 51 51 1 23 23 3 3 6 22 22 22 22 0 0 0 22 54 22 54 54 54 0 54 54 54 54 54 0 54 54 54 0 54 54 54 52 50 50 38 49 38 34 
1 33 1 2 3 3 3 51 1 35 0 35 51 51 35 35 0 51 51 51 35 3 51 51 22 22 22 22 22 22 22 22 22 54 54 54 54 54 54 54 54 54 54 18 54 0 54 54 50 52 54 0 38 38 0 0 38 50 2 
1 1 0 17 3 3 3 0 51 0 0 51 35 51 51 3 3 51 0 51 0 35 22 22 22 22 22 22 22 22 22 0 22 22 0 54 54 54 54 54 0 54 54 54 54 54 54 54 54 54 0 38 54 50 22 0 38 50 2 
3 3 3 3 3 3 35 2 0 3 3 0 51 51 0 3 3 3 51 35 51 0 22 22 22 22 22 22 22 0 54 0 54 54 22 22 54 54 192 54 54 0 54 54 54 54 0 54 54 54 54 54 50 54 50 22 2 38 38 
1 0 3 17 1 1 1 1 3 3 0 3 3 3 2 3 3 3 51 51 51 0 0 0 0 22 22 22 22 22 54 54 54 54 0 54 54 18 54 0 54 54 54 54 54 54 225 54 54 54 54 0 54 50 54 54 2 38 38 
3 3 33 17 3 1 1 51 3 0 0 33 3 3 3 3 3 3 3 51 51 51 22 22 22 22 22 22 22 54 18 23 54 54 54 0 54 54 54 54 54 54 54 129 54 54 54 54 54 54 54 0 50 50 50 54 38 54 50 
0 3 33 0 0 0 1 51 1 3 33 33 3 3 3 3 3 3 3 51 3 51 22 0 22 22 20 0 22 22 54 54 0 0 54 225 54 54 54 54 54 54 54 54 54 54 54 54 52 54 54 54 50 54 54 38 38 38 50 
0 3 3 17 0 1 3 3 1 33 33 51 3 3 51 51 3 3 0 0 35 1 22 22 22 17 20 0 0 22 52 54 0 54 54 54 54 54 54 54 54 54 54 54 54 54 54 54 54 54 54 54 16 54 50 38 34 38 38 
3 0 1 17 17 16 0 3 1 32 0 51 0 0 17 35 51 35 3 51 0 35 22 51 22 20 22 22 54 54 0 54 22 54 54 54 54 54 54 54 54 54 54 0 54 54 54 54 0 50 0 54 50 50 50 38 38 96 38 
3 1 3 1 17 17 0 17 32 33 51 51 17 0 17 51 35 51 51 51 51 51 51 51 22 0 22 22 96 54 1 54 22 22 50 54 54 54 54 54 52 54 54 54 54 54 0 54 54 50 50 54 54 50 38 34 0 96 96 
0 3 3 51 51 0 0 17 17 0 51 51 17 0 0 49 51 49 0 51 51 51 51 48 0 0 1 1 18 54 54 54 160 52 54 54 54 54 54 22 22 22 54 54 54 54 54 54 54 54 50 0 50 50 50 50 0 96 96 
51 50 51 51 51 1 17 17 17 51 0 51 51 51 49 49 51 51 51 51 51 51 51 48 48 1 1 1 22 51 54 48 52 52 52 52 54 54 54 54 54 22 54 50 54 1 54 52 54 54 50 50 22 50 50 18 96 96 96 
50 0 0 3 1 0 17 17 17 51 51 51 49 49 49 49 49 49 51 0 51 51 51 51 16 48 51 51 50 51 48 22 52 52 54 54 54 54 54 54 54 54 54 54 1 22 54 54 54 0 50 50 50 0 96 0 96 96 96 
19 51 0 51 33 51 51 51 0 17 51 17 49 51 51 49 50 49 51 51 51 51 51 51 51 51 51 51 51 48 54 22 48 54 0 54 54 54 54 54 54 54 54 54 54 54 54 54 54 54 52 96 54 96 96 32 32 96 0 
17 17 51 51 0 0 0 17 17 17 17 49 17 51 49 50 51 0 51 51 50 48 51 51 51 51 49 51 51 54 54 54 48 48 48 54 54 54 54 54 54 54 54 18 0 54 54 54 0 54 96 52 96 96 96 32 32 96 96 
17 17 51 51 51 51 17 19 17 19 17 17 49 49 49 51 51 51 35 51 0 48 51 0 51 49 51 49 22 17 48 48 50 50 48 48 48 54 54 54 50 54 54 224 54 54 0 54 96 96 52 0 96 96 0 0 0 96 96 
17 17 51 51 51 51 0 19 17 17 17 0 49 51 51 51 51 51 0 49 49 51 49 49 49 49 49 49 49 48 48 48 48 0 1 48 176 48 54 54 54 54 54 0 54 54 48 0 96 52 96 96 96 0 0 0 96 96 96 
17 17 51 51 51 1 19 19 17 17 49 1 0 16 1 49 51 49 49 16 49 51 17 49 49 180 0 49 0 48 48 180 180 48 180 48 176 176 0 54 54 54 0 0 50 54 96 96 52 16 96 96 96 96 0 96 96 96 96 
17 17 17 17 51 51 0 19 17 19 49 1 1 1 51 51 49 51 49 49 49 49 49 49 180 0 180 180 48 0 0 180 180 180 180 48 48 176 176 176 176 52 52 48 48 0 96 64 52 96 32 96 96 96 0 96 96 96 96 
0 17 17 0 21 17 21 17 17 17 49 17 33 180 51 51 0 49 49 49 49 49 51 17 49 49 0 48 48 48 0 180 180 180 48 0 176 176 176 176 52 52 52 48 32 48 96 32 96 96 0 96 96 96 96 96 96 96 96 
17 17 17 17 21 17 17 21 17 51 180 129 180 51 0 0 49 49 49 49 49 49 51 49 49 176 180 180 48 0 0 176 0 0 180 176 176 0 176 0 52 52 192 52 48 48 48 96 0 96 52 96 96 0 96 96 96 96 64 
17 0 17 17 17 17 17 180 17 17 0 180 180 180 180 164 164 164 180 180 49 180 49 49 180 180 176 180 176 180 0 129 176 144 0 176 52 52 176 0 52 52 0 192 52 96 96 96 96 96 32 96 96 130 96 96 96 96 96 
17 17 0 21 17 17 180 17 17 176 180 180 180 161 180 180 164 129 0 49 180 176 49 180 0 144 180 176 0 180 176 0 0 176 176 176 176 0 48 0 52 0 52 192 192 96 96 96 97 96 0 96 96 96 130 96 96 64 0 
17 21 5 21 17 17 17 17 17 0 181 129 180 180 180 180 129 180 180 17 0 180 0 144 144 0 0 0 176 0 144 180 180 180 52 176 129 176 96 0 192 0 192 192 192 130 96 0 96 96 96 64 96 96 96 96 96 64 64 
21 17 5 21 32 0 0 17 0 17 180 180 180 180 180 180 180 180 0 180 180 180 48 144 144 144 48 48 176 180 176 144 180 129 129 52 192 52 160 128 0 0 0 192 96 96 130 96 96 96 96 96 64 64 128 96 96 64 64 
21 21 17 21 21 0 21 21 180 180 180 180 180 180 180 180 176 180 180 180 180 180 48 48 0 180 180 48 180 0 48 180 180 180 0 192 52 192 192 192 192 192 192 192 0 192 96 96 96 96 96 64 64 64 64 64 0 64 64 
21 21 21 21 21 21 0 21 180 0 180 180 180 180 180 180 0 0 180 180 180 48 0 48 128 180 48 180 180 180 48 164 180 180 180 192 192 192 192 192 192 192 192 192 192 96 192 96 96 0 0 64 64 64 64 64 64 0 0 
21 21 21 21 21 21 21 180 180 21 21 180 180 180 180 180 180 180 180 180 180 180 180 180 180 128 0 180 180 0 129 164 180 180 180 192 192 160 0 192 128 192 192 192 192 0 0 64 64 96 96 96 64 64 64 64 64 96 96 
21 0 21 21 21 21 21 180 21 21 180 0 180 180 180 180 180 0 180 180 0 180 180 180 180 180 180 0 180 164 164 164 164 0 192 192 192 192 192 192 192 192 96 96 0 0 64 0 192 64 64 96 64 64 64 64 64 64 96 
21 21 52 21 21 180 0 21 180 176 21 180 180 180 180 180 180 0 180 0 0 180 180 0 129 180 180 0 0 164 48 164 164 192 0 192 0 192 192 192 192 192 192 192 96 96 96 192 192 192 96 0 0 0 0 64 64 0 0 
21 0 52 21 17 180 180 21 180 180 180 0 0 180 180 180 180 180 164 160 180 180 180 180 180 180 180 180 180 164 49 164 164 192 192 192 192 192 0 192 192 96 192 192 64 96 64 128 192 192 128 192 192 192 64 64 192 64 0 
21 21 180 180 180 21 21 180 180 180 0 180 0 0 129 129 180 0 48 180 180 180 180 0 0 180 32 180 180 180 49 0 192 0 192 64 192 0 0 0 192 0 192 192 64 64 128 192 192 192 192 192 192 64 0 192 0 192 0 
0 21 180 180 180 52 52 180 1 180 52 52 180 164 164 176 0 180 180 1 180 180 180 180 129 180 164 180 180 180 180 180 180 192 164 130 192 128 192 192 192 160 192 64 192 192 192 192 192 192 192 64 64 192 64 192 192 0 64 
21 0 180 180 0 52 52 52 52 52 180 52 180 180 180 180 180 180 180 180 0 52 180 0 180 180 164 164 180 180 180 180 180 192 164 180 180 192 192 192 192 192 192 192 64 192 192 192 192 192 192 192 192 192 192 192 64 0 64 
21 52 180 180 52 52 52 52 52 52 164 180 128 180 180 180 180 180 180 180 180 52 176 48 180 180 180 164 164 180 180 180 0 180 192 192 192 192 192 192 192 192 192 192 192 130 192 192 128 192 0 192 192 64 64 64 64 64 64 
21 52 16 52 52 52 48 52 0 180 180 48 0 180 180 180 0 180 180 180 0 176 52 180 176 180 180 180 164 176 180 180 180 180 192 192 192 192 0 64 64 64 64 192 64 192 128 192 0 192 192 192 0 0 64 64 64 64 64 
52 52 16 52 52 52 52 48 0 36 180 180 180 145 180 0 180 176 180 180 180 164 180 180 180 180 0 164 176 164 176 180 176 192 192 0 192 192 192 192 128 64 64 64 192 192 192 192 192 192 192 0 192 64 64 64 64 64 64 
48 52 52 52 52 52 32 48 36 52 180 180 0 180 0 180 180 176 0 180 180 52 52 0 52 180 164 0 176 52 164 128 192 192 0 192 192 192 192 128 192 192 192 0 192 192 0 192 192 192 192 192 192 192 64 64 0 64 64 
52 52 52 48 52 52 48 0 36 180 0 180 0 180 180 180 180 180 0 180 180 180 52 52 180 180 180 128 176 128 128 192 0 128 128 192 64 192 192 0 128 128 192 192 192 192 192 192 192 192 192 192 0 64 64 64 0 0 64 
52 52 52 48 0 52 52 36 36 180 180 180 180 0 180 180 180 0 0 180 180 48 180 180 180 180 128 180 180 0 128 128 192 128 192 128 192 192 128 128 192 192 192 192 192 192 192 192 192 192 192 192 192 64 64 64 64 0 0 
52 52 52 52 52 52 52 0 160 180 180 180 0 180 180 0 180 180 180 180 0 180 180 180 180 180 0 129 180 128 128 192 192 192 128 192 192 192 0 128 128 0 192 0 192 192 192 192 0 192 64 192 64 192 192 64 64 64 64 
52 52 36 52 52 52 52 160 0 180 180 180 176 180 180 180 52 180 180 180 180 0 0 180 180 0 129 180 128 180 192 128 128 128 128 128 0 192 192 192 192 128 192 192 192 192 192 192 192 192 64 64 64 64 64 64 64 64 0 
0 34 52 52 52 52 52 36 36 52 52 52 52 33 180 180 180 180 48 180 180 180 180 0 180 180 180 0 128 128 128 192 128 192 192 0 64 64 192 192 192 192 192 128 192 192 192 128 192 192 64 64 64 64 64 0 64 64 0 
36 36 36 36 52 36 52 52 52 0 180 52 180 0 129 145 180 180 180 48 180 0 180 180 180 180 180 180 128 180 128 128 192 128 192 0 192 192 130 192 192 192 0 0 192 192 192 192 192 64 64 64 64 64 64 64 0 0 0 
36 0 0 36 36 52 52 52 52 52 52 0 52 52 52 180 145 180 180 180 0 0 180 180 180 180 180 180 180 128 128 128 128 192 192 0 192 64 192 192 192 192 192 192 192 192 192 192 0 192 192 192 64 0 64 64 64 64 64 
52 36 52 1 36 48 36 52 52 52 52 52 52 0 180 180 180 0 180 180 180 180 180 0 180 0 180 180 180 128 128 128 128 128 0 192 192 192 192 192 192 64 192 128 192 128 128 192 192 192 192 192 0 64 64 64 64 64 64 
52 52 1 36 36 36 52 0 52 52 52 52 52 0 129 129 180 0 180 180 180 180 144 180 128 128 128 180 128 0 128 128 128 128 128 64 192 192 192 192 192 192 128 192 128 0 128 0 192 192 192 192 64 0 64 64 64 64 64 
