# org_id,org_cellx,org_celly,org_forage_target,org_group_id,org_facing
15558380,16,23,-1,-1,4
15550882,37,45,-1,-1,5
15559359,6,28,-1,-1,6
15554434,15,6,-1,-1,1
15553270,3,52,-1,-1,6
15558404,35,26,-1,-1,0
15557782,46,42,-1,-1,5
15557507,37,15,-1,-1,1
15557941,20,29,-1,-1,6
15553348,16,38,-1,-1,7
15556597,26,16,-1,-1,5
15559154,47,32,-1,-1,2
15558359,33,12,-1,-1,6
15558957,28,1,-1,-1,0
15557454,15,2,-1,-1,6
15555612,29,50,-1,-1,5
15551774,0,4,-1,-1,2
15558357,46,47,-1,-1,2
15554462,35,54,-1,-1,6
15559557,18,46,-1,-1,7
15550740,0,48,-1,-1,3
15554498,14,0,-1,-1,6
15557927,45,5,-1,-1,4
15554021,19,25,-1,-1,6
15556115,28,48,-1,-1,2
15558634,51,2,-1,-1,5
15557580,39,4,-1,-1,5
15555980,18,38,-1,-1,5
15555497,29,7,-1,-1,1
15557453,4,50,-1,-1,3
15558685,53,47,-1,-1,0
15558544,7,27,-1,-1,0
15557932,27,33,-1,-1,0
15559462,16,19,-1,-1,5
15558084,36,37,-1,-1,6
15559508,30,28,-1,-1,4
15558445,41,54,-1,-1,3
15559171,30,17,-1,-1,0
15557189,58,21,-1,-1,4
15558483,9,2,-1,-1,1
15554333,58,10,-1,-1,6
15559238,10,55,-1,-1,3
15555814,23,46,-1,-1,1
15553885,11,41,-1,-1,0
15559118,6,16,-1,-1,4
15559363,58,31,-1,-1,7
15559430,19,9,-1,-1,2
15551031,42,49,-1,-1,7
15558063,36,18,-1,-1,5
15558724,19,19,-1,-1,5
15557811,8,38,-1,-1,0
15557227,51,11,-1,-1,3
15550074,49,55,-1,-1,3
15551400,28,19,-1,-1,3
15556485,28,5,-1,-1,4
15558276,37,13,-1,-1,0
15556752,57,49,-1,-1,1
15554499,56,30,-1,-1,4
15555476,3,29,-1,-1,4
15550257,39,58,-1,-1,6
15558119,27,11,-1,-1,0
15559179,36,33,-1,-1,1
15558182,2,1,-1,-1,6
15558888,37,35,-1,-1,6
15558960,13,10,-1,-1,3
15559054,0,41,-1,-1,1
15556827,2,9,-1,-1,1
15556753,48,18,-1,-1,0
15558791,23,49,-1,-1,2
15556098,47,47,-1,-1,3
15558818,0,20,-1,-1,4
15558307,9,8,-1,-1,3
15557403,38,46,-1,-1,0
15559344,24,30,-1,-1,1
15558945,3,17,-1,-1,3
15559546,37,8,-1,-1,5
15555925,10,39,-1,-1,1
15555045,3,15,-1,-1,2
15551952,33,20,-1,-1,3
15550885,43,18,-1,-1,1
15553346,38,5,-1,-1,1
15559323,5,36,-1,-1,6
15553494,41,8,-1,-1,4
15551039,34,19,-1,-1,1
15557537,24,11,-1,-1,0
15556583,29,5,-1,-1,1
15558935,4,53,-1,-1,2
15559241,39,45,-1,-1,1
15558997,5,21,-1,-1,7
15559391,44,40,-1,-1,1
15553575,14,35,-1,-1,0
15555862,19,47,-1,-1,2
15552126,42,11,-1,-1,5
15559554,3,9,-1,-1,7
15553407,51,49,-1,-1,0
15558509,12,22,-1,-1,5
15557218,25,27,-1,-1,7
15559237,35,6,-1,-1,0
15557677,39,15,-1,-1,2
15555742,0,6,-1,-1,4
15556742,0,24,-1,-1,4
15558833,35,42,-1,-1,2
15555889,13,12,-1,-1,3
15557685,4,12,-1,-1,6
15557248,4,41,-1,-1,5
15559396,1,41,-1,-1,1
15548979,16,30,-1,-1,4
15557819,45,14,-1,-1,3
15559463,9,28,-1,-1,4
15550178,17,36,-1,-1,6
15554371,8,26,-1,-1,5
15558794,43,47,-1,-1,3
15557106,58,2,-1,-1,4
15558927,23,27,-1,-1,0
15558159,3,28,-1,-1,0
15556695,21,22,-1,-1,5
15557964,33,28,-1,-1,6
15559060,39,33,-1,-1,1
15549936,50,8,-1,-1,1
15555752,34,10,-1,-1,7
15558779,39,12,-1,-1,0
15558806,3,39,-1,-1,1
15558567,3,13,-1,-1,5
15554507,44,42,-1,-1,5
15557442,32,51,-1,-1,7
15558684,40,16,-1,-1,1
15556215,43,13,-1,-1,0
15555750,58,45,-1,-1,7
15558013,51,58,-1,-1,0
15555974,28,46,-1,-1,5
15556271,48,52,-1,-1,6
15557084,39,0,-1,-1,2
15548644,37,20,-1,-1,4
15552649,57,35,-1,-1,0
15558533,53,38,-1,-1,6
15556337,6,35,-1,-1,2
15557480,20,25,-1,-1,7
15559454,56,53,-1,-1,2
15552870,28,17,-1,-1,4
15554522,44,22,-1,-1,5
15558258,35,24,-1,-1,6
15554597,56,7,-1,-1,4
15557096,5,8,-1,-1,1
15557836,34,23,-1,-1,2
15556541,11,34,-1,-1,4
15557773,45,25,-1,-1,4
15557658,29,9,-1,-1,2
15559227,52,39,-1,-1,2
15558470,43,39,-1,-1,1
15559310,3,31,-1,-1,7
15559201,51,22,-1,-1,2
15559025,58,28,-1,-1,4
15559592,2,15,-1,-1,3
15556979,57,29,-1,-1,5
15556784,18,8,-1,-1,0
15551473,47,37,-1,-1,6
15558022,24,35,-1,-1,0
15558886,25,2,-1,-1,2
15552189,38,52,-1,-1,1
15557125,53,3,-1,-1,5
15557121,6,7,-1,-1,6
15559031,22,58,-1,-1,2
15552783,6,53,-1,-1,0
15558406,4,43,-1,-1,5
15557604,40,51,-1,-1,3
15554057,32,9,-1,-1,6
15555452,2,3,-1,-1,0
15558903,29,22,-1,-1,7
15548105,19,4,-1,-1,4
15559390,9,17,-1,-1,1
15557428,41,30,-1,-1,1
15559360,19,22,-1,-1,0
15558586,50,0,-1,-1,6
15557761,55,30,-1,-1,4
15558891,55,50,-1,-1,4
15552544,47,1,-1,-1,0
15545596,2,28,-1,-1,6
15556932,5,53,-1,-1,7
15557620,30,36,-1,-1,5
15559620,35,43,-1,-1,7
15558909,48,42,-1,-1,1
15555219,2,54,-1,-1,7
15558277,38,57,-1,-1,3
15557278,25,3,-1,-1,5
15556195,6,43,-1,-1,2
15556508,55,12,-1,-1,1
15555172,16,7,-1,-1,0
15557625,44,17,-1,-1,5
15555478,54,7,-1,-1,1
15555999,44,36,-1,-1,4
15559139,3,56,-1,-1,3
15559217,1,49,-1,-1,7
15554472,54,48,-1,-1,3
15554915,52,49,-1,-1,3
15547463,51,12,-1,-1,2
15558510,29,3,-1,-1,5
15559561,21,18,-1,-1,1
15557748,29,21,-1,-1,5
15556777,10,19,-1,-1,7
15559308,9,19,-1,-1,1
15559209,52,43,-1,-1,6
15550089,40,35,-1,-1,1
15559423,56,8,-1,-1,4
15557109,40,24,-1,-1,6
15546386,13,37,-1,-1,3
15558711,26,54,-1,-1,0
15558524,53,8,-1,-1,4
15558072,26,22,-1,-1,0
15550561,7,14,-1,-1,5
15558999,50,24,-1,-1,0
15558190,15,24,-1,-1,6
15559564,17,48,-1,-1,0
15559577,11,25,-1,-1,2
15557250,16,47,-1,-1,0
15552920,0,18,-1,-1,0
15552762,34,21,-1,-1,4
15556949,25,58,-1,-1,6
15555896,10,46,-1,-1,4
15552735,23,35,-1,-1,5
15559211,12,54,-1,-1,7
15556602,9,7,-1,-1,1
15556707,5,43,-1,-1,5
15557380,17,0,-1,-1,3
15559225,40,17,-1,-1,3
15559654,16,24,-1,-1,6
15551757,58,48,-1,-1,6
15557632,3,10,-1,-1,4
15557758,28,50,-1,-1,2
15557798,48,0,-1,-1,6
15556448,18,49,-1,-1,0
15558759,30,10,-1,-1,6
15553695,19,36,-1,-1,5
15549117,23,18,-1,-1,4
15549545,28,28,-1,-1,7
15551152,6,33,-1,-1,0
15559064,35,44,-1,-1,3
15555494,5,55,-1,-1,1
15555514,25,8,-1,-1,7
15559424,18,23,-1,-1,7
15557960,16,8,-1,-1,0
15556104,14,14,-1,-1,5
15559012,50,33,-1,-1,2
15557344,54,22,-1,-1,1
15558389,49,42,-1,-1,7
15554979,19,12,-1,-1,0
15557745,49,26,-1,-1,7
15558099,30,12,-1,-1,3
15557335,57,44,-1,-1,6
15556557,20,41,-1,-1,0
15558343,3,12,-1,-1,1
15554969,8,15,-1,-1,4
15559524,24,57,-1,-1,4
15558239,28,13,-1,-1,6
15551948,53,58,-1,-1,0
15552659,9,36,-1,-1,2
15555800,3,46,-1,-1,6
15556244,48,27,-1,-1,4
15557063,38,23,-1,-1,7
15558953,48,33,-1,-1,3
15550358,50,14,-1,-1,7
15556904,32,53,-1,-1,0
15558604,32,19,-1,-1,2
15559551,34,29,-1,-1,1
15557542,30,25,-1,-1,0
15557729,46,58,-1,-1,6
15553207,20,30,-1,-1,2
15557490,4,15,-1,-1,0
15552966,7,22,-1,-1,7
15559303,9,10,-1,-1,3
15556555,5,26,-1,-1,4
15558184,17,37,-1,-1,5
15559365,45,43,-1,-1,2
15555156,58,25,-1,-1,5
15557336,3,16,-1,-1,0
15554479,35,32,-1,-1,6
15552307,8,39,-1,-1,3
15556410,18,29,-1,-1,7
15557512,38,4,-1,-1,6
15557808,23,2,-1,-1,6
15558696,12,3,-1,-1,0
15557298,11,27,-1,-1,0
15559090,24,48,-1,-1,0
15557532,4,3,-1,-1,0
15553786,17,5,-1,-1,5
15559412,57,48,-1,-1,0
15557100,14,3,-1,-1,6
15556565,24,49,-1,-1,7
15555656,3,51,-1,-1,4
15557004,36,53,-1,-1,5
15558929,17,28,-1,-1,4
15558050,58,20,-1,-1,5
15557127,34,16,-1,-1,5
15550392,22,12,-1,-1,7
15555512,56,24,-1,-1,2
15557940,13,15,-1,-1,2
15559191,34,31,-1,-1,0
15541572,24,32,-1,-1,6
15556824,39,52,-1,-1,6
15556628,19,21,-1,-1,1
15558884,38,16,-1,-1,0
15552016,46,46,-1,-1,4
15552937,4,1,-1,-1,7
15553168,31,49,-1,-1,1
15558976,2,51,-1,-1,6
15558339,6,36,-1,-1,1
15551494,39,21,-1,-1,2
15559602,20,57,-1,-1,5
15557204,18,33,-1,-1,7
15556109,46,5,-1,-1,2
15557959,49,57,-1,-1,2
15558154,35,21,-1,-1,6
15557474,3,8,-1,-1,7
15559001,25,21,-1,-1,1
15558311,44,10,-1,-1,2
15558097,15,41,-1,-1,1
15558548,57,17,-1,-1,2
15559435,25,19,-1,-1,1
15550689,8,34,-1,-1,4
15558347,52,12,-1,-1,2
15548570,31,47,-1,-1,4
15543102,5,39,-1,-1,1
15552537,57,3,-1,-1,2
15558249,22,23,-1,-1,6
15558313,6,18,-1,-1,1
15558248,31,32,-1,-1,3
15558489,33,41,-1,-1,7
15555972,23,11,-1,-1,2
15559318,50,1,-1,-1,5
15556883,17,23,-1,-1,2
15550278,45,58,-1,-1,2
15559135,9,11,-1,-1,6
15553980,37,29,-1,-1,2
15555728,15,43,-1,-1,7
15558918,0,26,-1,-1,0
15558722,41,35,-1,-1,1
15557679,9,1,-1,-1,0
15559092,30,31,-1,-1,4
15556835,10,5,-1,-1,7
15548660,12,40,-1,-1,1
15556407,19,32,-1,-1,1
15559476,37,18,-1,-1,6
15559630,42,36,-1,-1,5
15552589,17,38,-1,-1,5
15557627,1,37,-1,-1,0
15558373,33,36,-1,-1,6
15557597,6,30,-1,-1,7
15556905,35,56,-1,-1,0
15556907,51,36,-1,-1,6
15559275,46,24,-1,-1,6
15532497,21,58,-1,-1,2
15557464,16,41,-1,-1,4
15558762,38,29,-1,-1,5
15559235,27,12,-1,-1,6
15558730,2,55,-1,-1,5
15552665,45,33,-1,-1,7
15553173,8,7,-1,-1,2
15559582,49,14,-1,-1,1
15552524,17,19,-1,-1,7
15550633,34,40,-1,-1,4
15558492,51,44,-1,-1,0
15555577,3,11,-1,-1,1
15557253,46,39,-1,-1,3
15557775,55,52,-1,-1,6
15553045,50,56,-1,-1,7
15558540,21,12,-1,-1,3
15556716,32,6,-1,-1,2
15555563,23,19,-1,-1,6
15548294,0,47,-1,-1,4
15557011,27,46,-1,-1,0
15552416,33,48,-1,-1,5
15558723,50,2,-1,-1,5
15556070,32,13,-1,-1,0
15558752,24,37,-1,-1,4
15558257,43,49,-1,-1,7
15557884,57,42,-1,-1,0
15556369,58,6,-1,-1,7
15552700,46,8,-1,-1,1
15555624,47,7,-1,-1,7
15556322,17,11,-1,-1,3
15553785,31,0,-1,-1,6
15558432,41,10,-1,-1,1
15558557,24,42,-1,-1,0
15549230,33,15,-1,-1,3
15558697,31,31,-1,-1,7
15549376,39,47,-1,-1,4
15558382,46,44,-1,-1,0
15555573,4,6,-1,-1,7
15556817,29,8,-1,-1,6
15550556,43,50,-1,-1,4
15556183,22,35,-1,-1,7
15558527,16,12,-1,-1,1
15556897,46,20,-1,-1,0
15556697,38,6,-1,-1,6
15559552,42,44,-1,-1,5
15558536,24,22,-1,-1,2
15554924,17,32,-1,-1,7
15558735,43,54,-1,-1,6
15556399,41,23,-1,-1,7
15559385,1,24,-1,-1,6
15547647,0,16,-1,-1,4
15557846,50,9,-1,-1,6
15556670,7,40,-1,-1,6
15555444,54,23,-1,-1,5
15557713,10,53,-1,-1,3
15554423,3,58,-1,-1,1
15558056,18,42,-1,-1,6
15559289,53,20,-1,-1,4
15557652,49,15,-1,-1,3
15557514,42,40,-1,-1,3
15557738,30,16,-1,-1,2
15555375,41,58,-1,-1,2
15557590,17,34,-1,-1,5
15556783,22,16,-1,-1,2
15557755,55,13,-1,-1,0
15549611,22,40,-1,-1,2
15557168,26,55,-1,-1,5
15559499,33,14,-1,-1,6
15559397,44,29,-1,-1,2
15552754,23,10,-1,-1,2
15559232,1,53,-1,-1,7
15557499,37,38,-1,-1,5
15551830,37,31,-1,-1,3
15553225,40,8,-1,-1,1
15559491,42,53,-1,-1,6
15555229,17,46,-1,-1,5
15557158,19,28,-1,-1,6
15545669,49,3,-1,-1,7
15557295,40,32,-1,-1,2
15557032,9,31,-1,-1,0
15557544,43,33,-1,-1,7
15558199,47,5,-1,-1,2
15557616,54,0,-1,-1,2
15558076,40,19,-1,-1,4
15556351,18,55,-1,-1,2
15552115,28,11,-1,-1,7
15559005,53,11,-1,-1,6
15550188,21,25,-1,-1,2
15553837,30,24,-1,-1,2
15558628,45,9,-1,-1,6
15557489,26,47,-1,-1,7
15558193,21,24,-1,-1,3
15552823,46,1,-1,-1,6
15559221,18,4,-1,-1,5
15558481,52,7,-1,-1,2
15559421,28,12,-1,-1,1
15556495,11,40,-1,-1,2
15557692,58,29,-1,-1,7
15559137,35,38,-1,-1,4
15556267,40,48,-1,-1,1
15556571,50,13,-1,-1,3
15559315,28,45,-1,-1,1
15555872,29,45,-1,-1,4
15551486,36,24,-1,-1,3
15558317,45,49,-1,-1,2
15552144,38,50,-1,-1,4
15555507,20,50,-1,-1,1
15559556,22,42,-1,-1,3
15554436,14,48,-1,-1,2
15557163,25,24,-1,-1,3
15555398,29,11,-1,-1,3
15552849,17,44,-1,-1,6
15557784,36,27,-1,-1,6
15557511,5,24,-1,-1,4
15558768,15,17,-1,-1,5
15554098,30,5,-1,-1,2
15557613,1,34,-1,-1,3
15558244,15,29,-1,-1,6
15554983,4,27,-1,-1,4
15556052,13,8,-1,-1,1
15558656,57,6,-1,-1,1
15558746,8,12,-1,-1,4
15559611,38,14,-1,-1,3
15551052,47,11,-1,-1,5
15557273,16,50,-1,-1,7
15558517,46,45,-1,-1,5
15551446,6,2,-1,-1,7
15559049,17,33,-1,-1,1
15555250,33,13,-1,-1,2
15558305,42,28,-1,-1,2
15558280,3,3,-1,-1,4
15547738,22,52,-1,-1,5
15554700,37,52,-1,-1,2
15558559,37,25,-1,-1,3
15558133,22,45,-1,-1,7
15547084,15,1,-1,-1,0
15551775,30,45,-1,-1,5
15559413,16,31,-1,-1,3
15559270,37,19,-1,-1,3
15556304,30,41,-1,-1,2
15559527,30,21,-1,-1,7
15558720,1,13,-1,-1,1
15557419,1,28,-1,-1,7
15550659,27,26,-1,-1,7
15545548,14,51,-1,-1,3
15558939,54,53,-1,-1,6
15557792,33,50,-1,-1,4
15558952,11,14,-1,-1,6
15555648,21,5,-1,-1,6
15550893,17,42,-1,-1,0
15559152,7,41,-1,-1,0
15549287,29,52,-1,-1,0
15553779,57,28,-1,-1,7
15554657,52,3,-1,-1,1
15557383,40,41,-1,-1,4
15556168,20,27,-1,-1,3
15558689,38,54,-1,-1,2
15549442,2,16,-1,-1,0
15556016,42,48,-1,-1,5
15558198,31,58,-1,-1,7
15559198,15,10,-1,-1,2
15555093,3,27,-1,-1,0
15554157,18,22,-1,-1,4
15556453,14,15,-1,-1,2
15558148,20,31,-1,-1,0
15558080,51,51,-1,-1,4
15551976,35,1,-1,-1,3
15559560,44,31,-1,-1,1
15554314,15,7,-1,-1,3
15558210,10,23,-1,-1,0
15559109,55,10,-1,-1,3
15555767,33,7,-1,-1,0
15558057,4,29,-1,-1,4
15557971,49,6,-1,-1,6
15559161,24,12,-1,-1,1
15557735,28,6,-1,-1,2
15559260,5,22,-1,-1,3
15553199,30,19,-1,-1,5
15559455,54,10,-1,-1,3
15558496,29,12,-1,-1,6
15559604,9,35,-1,-1,6
15553925,34,30,-1,-1,2
15542943,44,34,-1,-1,7
15552668,21,13,-1,-1,5
15558693,43,27,-1,-1,6
15559343,14,13,-1,-1,3
15557232,5,14,-1,-1,7
15557709,55,24,-1,-1,1
15551125,10,47,-1,-1,3
15559335,0,23,-1,-1,3
15554848,15,21,-1,-1,4
15559177,8,25,-1,-1,4
15559500,45,42,-1,-1,2
15558374,43,53,-1,-1,2
15559078,42,33,-1,-1,5
15559129,18,20,-1,-1,5
15559519,55,31,-1,-1,1
15558911,56,58,-1,-1,7
15558713,34,51,-1,-1,2
15558519,47,31,-1,-1,4
15553852,2,23,-1,-1,0
15558488,57,43,-1,-1,7
15557917,10,29,-1,-1,1
15553741,37,7,-1,-1,2
15558571,36,32,-1,-1,0
15556392,31,43,-1,-1,1
15557947,56,43,-1,-1,7
15557778,4,7,-1,-1,0
15545902,21,6,-1,-1,0
15546712,34,54,-1,-1,2
15557531,56,34,-1,-1,1
15559601,13,34,-1,-1,0
15553533,11,17,-1,-1,1
15557426,3,21,-1,-1,6
15559446,31,4,-1,-1,2
15553273,10,7,-1,-1,5
15557506,50,40,-1,-1,2
15554219,22,28,-1,-1,1
15557708,37,3,-1,-1,1
15555488,29,16,-1,-1,3
15558284,26,51,-1,-1,0
15558947,55,38,-1,-1,6
15559488,46,21,-1,-1,6
15554249,4,9,-1,-1,0
15559020,21,44,-1,-1,2
15552473,38,11,-1,-1,7
15558386,45,34,-1,-1,7
15553489,27,44,-1,-1,4
15558134,40,56,-1,-1,5
15559157,6,12,-1,-1,3
15558721,32,55,-1,-1,1
15554093,9,4,-1,-1,3
15559565,15,34,-1,-1,7
15557001,10,0,-1,-1,5
15558764,49,37,-1,-1,4
15553799,42,54,-1,-1,6
15559616,43,6,-1,-1,0
15555769,43,58,-1,-1,2
15554648,51,21,-1,-1,5
15554894,16,54,-1,-1,6
15558329,1,46,-1,-1,6
15556310,36,10,-1,-1,3
15557929,24,24,-1,-1,4
15559104,50,20,-1,-1,0
15558840,50,36,-1,-1,5
15559341,7,20,-1,-1,5
15557092,29,24,-1,-1,5
15535568,2,2,-1,-1,0
15557983,13,28,-1,-1,3
15559314,21,1,-1,-1,7
15556914,57,23,-1,-1,0
15558093,31,35,-1,-1,6
15558687,28,4,-1,-1,4
15558936,21,41,-1,-1,7
15555794,11,46,-1,-1,2
15557724,46,28,-1,-1,5
15559273,25,4,-1,-1,7
15558788,15,12,-1,-1,0
15559459,12,11,-1,-1,2
15557326,1,32,-1,-1,5
15546283,51,26,-1,-1,3
15559594,6,31,-1,-1,7
15557152,38,10,-1,-1,4
15555340,12,29,-1,-1,5
15559387,32,27,-1,-1,0
15558381,29,47,-1,-1,2
15555187,8,0,-1,-1,2
15558731,15,32,-1,-1,7
15558951,37,33,-1,-1,3
15558266,50,41,-1,-1,5
15557436,55,27,-1,-1,0
15556910,56,22,-1,-1,0
15557526,22,50,-1,-1,5
15556661,33,5,-1,-1,0
15559585,27,31,-1,-1,3
15554616,53,1,-1,-1,6
15555542,2,38,-1,-1,3
15559296,47,0,-1,-1,4
15547423,48,9,-1,-1,0
15559473,31,25,-1,-1,2
15557760,53,52,-1,-1,1
15555509,30,48,-1,-1,4
15559349,52,20,-1,-1,5
15558998,7,55,-1,-1,2
15557354,39,25,-1,-1,2
15559019,25,33,-1,-1,2
15554156,56,11,-1,-1,4
15539746,24,23,-1,-1,5
15556482,45,4,-1,-1,0
15553029,44,49,-1,-1,1
15559117,58,47,-1,-1,4
15559513,22,0,-1,-1,2
15537081,41,56,-1,-1,1
15556278,54,49,-1,-1,3
15544201,40,47,-1,-1,0
15542230,47,55,-1,-1,6
15558961,5,16,-1,-1,6
15556469,15,22,-1,-1,5
15553514,57,31,-1,-1,5
15551919,52,53,-1,-1,1
15555525,10,20,-1,-1,4
15556885,49,11,-1,-1,5
15552397,19,15,-1,-1,3
15557976,4,5,-1,-1,4
15555910,1,39,-1,-1,2
15559477,43,29,-1,-1,4
15556756,7,36,-1,-1,6
15557228,32,48,-1,-1,7
15556727,13,21,-1,-1,0
15555334,14,52,-1,-1,1
15555768,32,41,-1,-1,5
15535377,19,34,-1,-1,0
15555829,45,10,-1,-1,6
15559110,39,22,-1,-1,5
15559574,2,6,-1,-1,3
15559223,38,9,-1,-1,0
15550588,35,48,-1,-1,1
15557823,17,6,-1,-1,1
15551810,52,14,-1,-1,5
15556875,52,13,-1,-1,7
15557879,10,51,-1,-1,1
15558658,48,2,-1,-1,6
15557654,33,43,-1,-1,4
15552292,13,31,-1,-1,0
15551011,9,38,-1,-1,3
15558783,34,33,-1,-1,5
15555500,8,51,-1,-1,4
15558516,34,34,-1,-1,4
15559035,24,26,-1,-1,4
15555481,9,23,-1,-1,2
15556228,25,10,-1,-1,1
15559058,21,28,-1,-1,2
15553185,6,17,-1,-1,0
15553858,32,52,-1,-1,1
15558807,39,43,-1,-1,4
15552769,9,48,-1,-1,5
15553299,23,6,-1,-1,2
15554461,24,17,-1,-1,6
15559009,42,18,-1,-1,5
15545126,21,3,-1,-1,7
15559376,26,46,-1,-1,7
15550048,21,34,-1,-1,4
15549963,47,49,-1,-1,7
15557154,2,58,-1,-1,2
15556609,24,16,-1,-1,2
15556607,28,57,-1,-1,3
15556432,41,1,-1,-1,4
15554071,55,54,-1,-1,6
15558621,9,44,-1,-1,7
15553394,56,13,-1,-1,1
15555586,4,0,-1,-1,2
15553283,56,45,-1,-1,7
15559072,18,25,-1,-1,6
15557793,49,19,-1,-1,0
15557517,23,22,-1,-1,2
15558332,49,58,-1,-1,0
15559148,35,8,-1,-1,7
15555243,19,13,-1,-1,5
15557700,57,15,-1,-1,3
15555149,41,45,-1,-1,7
15558669,21,54,-1,-1,3
15555355,11,50,-1,-1,7
15558986,55,49,-1,-1,2
15556943,16,49,-1,-1,5
15555308,14,28,-1,-1,2
15558319,51,50,-1,-1,3
15554227,45,20,-1,-1,4
15551577,35,0,-1,-1,2
15556645,13,43,-1,-1,2
15557848,8,27,-1,-1,4
15557831,27,24,-1,-1,2
15554199,16,32,-1,-1,6
15559613,18,37,-1,-1,3
15552385,45,31,-1,-1,1
15557331,57,34,-1,-1,4
15559224,35,40,-1,-1,0
15556461,58,56,-1,-1,0
15557730,0,40,-1,-1,0
15555596,46,2,-1,-1,0
15559484,22,47,-1,-1,2
15558385,41,21,-1,-1,7
15555948,11,26,-1,-1,1
15551037,32,7,-1,-1,1
15553948,10,3,-1,-1,2
15556778,18,18,-1,-1,4
15556259,48,43,-1,-1,4
15558582,7,17,-1,-1,3
15554902,27,1,-1,-1,6
15558218,11,36,-1,-1,6
15551161,11,0,-1,-1,6
15558402,17,49,-1,-1,3
15550317,22,30,-1,-1,7
15558860,42,32,-1,-1,4
15556225,2,31,-1,-1,7
15551882,7,28,-1,-1,2
15556572,49,35,-1,-1,0
15557548,39,7,-1,-1,3
15542817,54,43,-1,-1,5
15555498,8,50,-1,-1,5
15557751,39,34,-1,-1,3
15558726,22,1,-1,-1,5
15558007,21,29,-1,-1,7
15558691,40,22,-1,-1,4
15559000,49,51,-1,-1,6
15558690,51,42,-1,-1,2
15557049,33,16,-1,-1,1
15553000,19,5,-1,-1,6
15553524,31,13,-1,-1,2
15556137,2,25,-1,-1,0
15559573,10,31,-1,-1,4
15555182,12,14,-1,-1,4
15559393,26,56,-1,-1,5
15558590,30,18,-1,-1,4
15551897,18,48,-1,-1,0
15557217,30,27,-1,-1,4
15553356,27,57,-1,-1,4
15559298,57,52,-1,-1,5
15557525,31,48,-1,-1,6
15559153,22,41,-1,-1,5
15558995,24,10,-1,-1,2
15558551,48,3,-1,-1,0
15554694,5,9,-1,-1,4
15556913,54,15,-1,-1,4
15557572,42,38,-1,-1,3
15552802,21,51,-1,-1,5
15558325,54,1,-1,-1,7
15558004,31,51,-1,-1,4
15558493,51,35,-1,-1,3
15557555,33,24,-1,-1,4
15559311,29,25,-1,-1,2
15554214,48,16,-1,-1,1
15558975,49,22,-1,-1,0
15555595,40,3,-1,-1,0
15557484,18,41,-1,-1,4
15557554,7,0,-1,-1,3
15558360,51,32,-1,-1,7
15555034,31,14,-1,-1,6
15558485,31,26,-1,-1,0
15554914,28,26,-1,-1,5
15554202,48,17,-1,-1,7
15554494,41,25,-1,-1,2
15554678,25,9,-1,-1,3
15557931,7,15,-1,-1,2
15557026,56,10,-1,-1,3
15558812,14,36,-1,-1,0
15547981,29,17,-1,-1,1
15558790,19,40,-1,-1,1
15559643,37,54,-1,-1,7
15552651,25,51,-1,-1,2
15556516,43,52,-1,-1,6
15558757,56,31,-1,-1,4
15557324,47,40,-1,-1,6
15554066,21,46,-1,-1,4
15553796,23,55,-1,-1,4
15554571,5,20,-1,-1,4
15557551,8,55,-1,-1,5
15553056,10,54,-1,-1,6
15548831,4,44,-1,-1,1
15559288,38,13,-1,-1,4
15557317,27,49,-1,-1,7
15544938,45,0,-1,-1,2
15559481,6,20,-1,-1,0
15559575,17,40,-1,-1,4
15555420,23,36,-1,-1,3
15555565,39,9,-1,-1,6
15558115,33,44,-1,-1,2
15558978,55,34,-1,-1,3
15559294,27,5,-1,-1,0
15555061,55,21,-1,-1,2
15558643,37,21,-1,-1,2
15557529,28,42,-1,-1,0
15554989,23,23,-1,-1,2
15558459,52,41,-1,-1,5
15553826,4,45,-1,-1,2
15557895,43,23,-1,-1,5
15558321,9,22,-1,-1,7
15559501,27,32,-1,-1,1
15554845,45,50,-1,-1,3
15559457,31,53,-1,-1,1
15552223,45,51,-1,-1,3
15559136,23,30,-1,-1,3
15559372,8,28,-1,-1,6
15557715,14,17,-1,-1,5
15559172,43,17,-1,-1,7
15554528,57,47,-1,-1,3
15558535,14,8,-1,-1,4
15550509,38,36,-1,-1,0
15558012,56,21,-1,-1,7
15558575,50,47,-1,-1,0
15553721,2,19,-1,-1,3
15548446,17,9,-1,-1,1
15557864,4,14,-1,-1,1
15559028,36,48,-1,-1,6
15559533,27,29,-1,-1,6
15558786,27,45,-1,-1,1
15559433,49,44,-1,-1,2
15559138,15,8,-1,-1,0
15554466,24,58,-1,-1,1
15552672,1,35,-1,-1,5
15559317,55,42,-1,-1,7
15547999,24,54,-1,-1,7
15546879,23,44,-1,-1,7
15557175,54,28,-1,-1,4
15556142,28,14,-1,-1,5
15558938,32,35,-1,-1,2
15554367,51,17,-1,-1,0
15558062,21,48,-1,-1,1
15551784,22,27,-1,-1,6
15559027,54,34,-1,-1,7
15558495,22,24,-1,-1,5
15557986,15,27,-1,-1,3
15553165,37,43,-1,-1,6
15559540,41,41,-1,-1,7
15559203,4,35,-1,-1,7
15555068,34,58,-1,-1,7
15559549,28,47,-1,-1,7
15559056,4,39,-1,-1,3
15558327,30,39,-1,-1,3
15559598,14,16,-1,-1,2
15551867,58,46,-1,-1,0
15556239,40,43,-1,-1,6
15550843,10,57,-1,-1,6
15555131,9,9,-1,-1,6
15557407,20,44,-1,-1,6
15547299,54,17,-1,-1,7
15559621,32,33,-1,-1,0
15547185,44,35,-1,-1,3
15558585,40,31,-1,-1,5
15552843,11,48,-1,-1,4
15557006,46,16,-1,-1,3
15558464,27,17,-1,-1,1
15555911,14,10,-1,-1,0
15559280,49,28,-1,-1,4
15557669,52,32,-1,-1,7
15558683,54,57,-1,-1,2
15555958,52,52,-1,-1,6
15556631,22,19,-1,-1,1
15553647,43,42,-1,-1,3
15559411,21,38,-1,-1,1
15556056,30,50,-1,-1,5
15555825,23,41,-1,-1,1
15558959,56,44,-1,-1,3
15548254,20,5,-1,-1,5
15558855,56,28,-1,-1,4
15556663,43,16,-1,-1,6
15559277,43,48,-1,-1,0
15555158,55,58,-1,-1,6
15557500,49,20,-1,-1,3
15556561,27,10,-1,-1,2
15558767,7,21,-1,-1,4
15557584,11,16,-1,-1,3
15557184,14,31,-1,-1,7
15559234,25,49,-1,-1,0
15554211,33,38,-1,-1,3
15558754,3,49,-1,-1,2
15556874,39,32,-1,-1,3
15558869,54,14,-1,-1,0
15558802,48,34,-1,-1,4
15558318,9,26,-1,-1,0
15557110,32,54,-1,-1,3
15553568,24,44,-1,-1,3
15548850,44,46,-1,-1,5
15559356,57,37,-1,-1,0
15558804,57,30,-1,-1,4
15559417,53,17,-1,-1,1
15557052,55,20,-1,-1,0
15541756,3,48,-1,-1,7
15556059,11,6,-1,-1,6
15557305,3,7,-1,-1,7
15554410,42,7,-1,-1,2
15555572,22,25,-1,-1,0
15553602,40,9,-1,-1,7
15555685,21,43,-1,-1,0
15557246,31,17,-1,-1,2
15549397,34,36,-1,-1,5
15558071,40,49,-1,-1,2
15558472,19,23,-1,-1,6
15557885,31,8,-1,-1,7
15556944,17,13,-1,-1,5
15556394,53,55,-1,-1,3
15554381,19,48,-1,-1,6
15559178,8,29,-1,-1,2
15557902,42,20,-1,-1,1
15558151,17,52,-1,-1,1
15559292,40,50,-1,-1,6
15559649,14,37,-1,-1,2
15557704,46,27,-1,-1,4
15559368,40,4,-1,-1,4
15544812,8,6,-1,-1,5
15552890,6,4,-1,-1,2
15559371,33,53,-1,-1,6
15558155,26,24,-1,-1,0
15557759,26,33,-1,-1,2
15547829,26,35,-1,-1,6
15554546,7,11,-1,-1,7
15556807,18,24,-1,-1,1
15558153,16,37,-1,-1,7
15558384,9,40,-1,-1,4
15557676,4,28,-1,-1,5
15552075,42,4,-1,-1,7
15558474,7,52,-1,-1,0
15556327,57,45,-1,-1,1
15556359,56,29,-1,-1,2
15557234,53,30,-1,-1,6
15558808,51,37,-1,-1,0
15556454,31,30,-1,-1,4
15550776,7,48,-1,-1,2
15551716,18,32,-1,-1,1
15556641,57,51,-1,-1,2
15553167,11,1,-1,-1,2
15559374,26,32,-1,-1,3
15556273,31,22,-1,-1,1
15559460,15,28,-1,-1,4
15552014,33,55,-1,-1,2
15554346,42,10,-1,-1,4
15556829,28,21,-1,-1,1
15558740,39,37,-1,-1,1
15552805,52,35,-1,-1,6
15555626,32,34,-1,-1,3
15552438,45,2,-1,-1,6
15557558,45,21,-1,-1,6
15554460,24,39,-1,-1,5
15555533,6,19,-1,-1,4
15557850,28,58,-1,-1,6
15551000,37,11,-1,-1,4
15559149,4,42,-1,-1,7
15558450,32,30,-1,-1,5
15558814,51,3,-1,-1,5
15558114,25,55,-1,-1,1
15559173,54,36,-1,-1,2
15559243,40,42,-1,-1,0
15558645,44,39,-1,-1,7
15559529,1,18,-1,-1,2
15549451,1,0,-1,-1,4
15558225,1,47,-1,-1,7
15553215,51,24,-1,-1,0
15557314,58,43,-1,-1,6
15559261,56,6,-1,-1,4
15558320,18,57,-1,-1,1
15552751,45,24,-1,-1,5
15559071,47,3,-1,-1,4
15559608,54,5,-1,-1,2
15556206,27,13,-1,-1,1
15557913,54,45,-1,-1,0
15555508,44,5,-1,-1,4
15558981,55,3,-1,-1,6
15558352,32,15,-1,-1,6
15553306,32,46,-1,-1,5
15557435,39,3,-1,-1,4
15558178,19,18,-1,-1,6
15556908,7,23,-1,-1,1
15549900,41,3,-1,-1,6
15555503,11,57,-1,-1,5
15559523,31,42,-1,-1,3
15559603,32,10,-1,-1,5
15555404,18,16,-1,-1,2
15554395,43,4,-1,-1,6
15558732,23,12,-1,-1,0
15545605,54,54,-1,-1,2
15559301,23,1,-1,-1,1
15555466,28,43,-1,-1,1
15549739,2,14,-1,-1,3
15557867,34,20,-1,-1,5
15554241,56,33,-1,-1,5
15558924,32,8,-1,-1,0
15556674,18,35,-1,-1,4
15559285,13,41,-1,-1,1
15559506,31,45,-1,-1,6
15553401,36,38,-1,-1,4
15558344,53,6,-1,-1,5
15557980,20,43,-1,-1,2
15556370,13,52,-1,-1,4
15557553,26,3,-1,-1,5
15558371,42,50,-1,-1,0
15557076,31,18,-1,-1,4
15542417,9,55,-1,-1,5
15552913,47,44,-1,-1,5
15557953,33,26,-1,-1,2
15556556,9,25,-1,-1,7
15550792,34,35,-1,-1,3
15558260,40,37,-1,-1,2
15553735,53,23,-1,-1,3
15556545,15,20,-1,-1,6
15558000,42,58,-1,-1,6
15559377,52,19,-1,-1,2
15555627,54,27,-1,-1,4
15559330,48,47,-1,-1,1
15556710,36,20,-1,-1,2
15554599,12,21,-1,-1,1
15559568,5,58,-1,-1,6
15556191,34,48,-1,-1,5
15552641,29,34,-1,-1,4
15557487,19,46,-1,-1,4
15558705,32,28,-1,-1,4
15559045,39,26,-1,-1,4
15558428,5,44,-1,-1,6
15558760,43,21,-1,-1,5
15555357,2,36,-1,-1,7
15557169,4,40,-1,-1,3
15558858,40,0,-1,-1,3
15559606,36,5,-1,-1,1
15557550,46,0,-1,-1,2
15553212,17,8,-1,-1,2
15555903,39,46,-1,-1,2
15553941,15,39,-1,-1,7
15557523,52,27,-1,-1,6
15558914,52,25,-1,-1,2
15558847,22,33,-1,-1,3
15559465,33,25,-1,-1,4
15555988,15,36,-1,-1,4
15559398,31,15,-1,-1,4
15558640,33,33,-1,-1,6
15557975,18,28,-1,-1,6
15545740,5,29,-1,-1,4
15557238,15,52,-1,-1,1
15558912,56,52,-1,-1,5
15558073,17,3,-1,-1,3
15550308,44,7,-1,-1,7
15558092,28,32,-1,-1,1
15558263,3,53,-1,-1,7
15558943,0,49,-1,-1,1
15557833,3,37,-1,-1,7
15551939,43,10,-1,-1,0
15557527,13,19,-1,-1,1
15552903,53,7,-1,-1,5
15558789,12,12,-1,-1,2
15556538,14,11,-1,-1,4
15558763,40,39,-1,-1,3
15555242,50,43,-1,-1,1
15556028,27,43,-1,-1,4
15557422,42,19,-1,-1,3
15552630,6,57,-1,-1,2
15558977,7,25,-1,-1,5
15544226,4,34,-1,-1,4
15558900,25,52,-1,-1,6
15558668,14,27,-1,-1,0
15554562,4,26,-1,-1,1
15559382,1,54,-1,-1,4
15557093,48,44,-1,-1,7
15558846,23,20,-1,-1,0
15558898,38,15,-1,-1,3
15558220,2,53,-1,-1,4
15552229,44,23,-1,-1,1
15554194,0,0,-1,-1,2
15558707,13,2,-1,-1,1
15559150,7,37,-1,-1,0
15557459,55,41,-1,-1,7
15558750,5,17,-1,-1,6
15558322,5,1,-1,-1,7
15556075,7,7,-1,-1,2
15555661,57,58,-1,-1,0
15555504,20,52,-1,-1,0
15559379,16,35,-1,-1,3
15551977,9,51,-1,-1,2
15558923,32,50,-1,-1,1
15559252,19,10,-1,-1,1
15558770,28,15,-1,-1,7
15556372,27,34,-1,-1,7
15558026,43,14,-1,-1,2
15558237,21,49,-1,-1,7
15558883,36,3,-1,-1,1
15559326,20,15,-1,-1,0
15555201,19,20,-1,-1,1
15559312,2,41,-1,-1,4
15555663,11,19,-1,-1,1
15546007,41,57,-1,-1,6
15559659,57,24,-1,-1,0
15557780,35,30,-1,-1,0
15559262,46,15,-1,-1,5
15559258,50,21,-1,-1,4
15546728,43,26,-1,-1,0
15557911,42,52,-1,-1,4
15555684,51,6,-1,-1,1
15557921,21,27,-1,-1,1
15554285,28,18,-1,-1,5
15559515,30,44,-1,-1,7
15554111,40,21,-1,-1,1
15559266,46,17,-1,-1,0
15554239,42,13,-1,-1,1
15556948,50,23,-1,-1,7
15556728,54,13,-1,-1,4
15558916,12,20,-1,-1,1
15559284,8,8,-1,-1,1
15558979,24,18,-1,-1,6
15553373,57,4,-1,-1,7
15558418,34,27,-1,-1,4
15556805,9,21,-1,-1,3
15554965,17,7,-1,-1,0
15558646,42,43,-1,-1,4
15552644,25,14,-1,-1,3
15552576,17,35,-1,-1,4
15550848,21,30,-1,-1,6
15556285,44,52,-1,-1,6
15555643,35,13,-1,-1,1
15559256,15,49,-1,-1,4
15559427,5,32,-1,-1,0
15554238,3,41,-1,-1,1
15559175,29,15,-1,-1,4
15557265,53,48,-1,-1,5
15557624,50,11,-1,-1,0
15558053,43,19,-1,-1,3
15550196,49,10,-1,-1,2
15555640,48,54,-1,-1,2
15555993,6,48,-1,-1,4
15558944,19,33,-1,-1,2
15558915,46,31,-1,-1,4
15547798,24,34,-1,-1,4
15555641,34,13,-1,-1,0
15559361,58,23,-1,-1,0
15558537,23,39,-1,-1,2
15557908,48,38,-1,-1,6
15559534,23,4,-1,-1,6
15558011,32,21,-1,-1,5
15558982,17,26,-1,-1,2
15559230,33,10,-1,-1,5
15556737,24,31,-1,-1,0
15559055,54,12,-1,-1,0
15556618,20,39,-1,-1,6
15557277,15,58,-1,-1,6
15550439,56,25,-1,-1,0
15559518,38,2,-1,-1,3
15543787,21,20,-1,-1,6
15555254,41,53,-1,-1,7
15558873,1,5,-1,-1,1
15556889,14,4,-1,-1,5
15558069,2,22,-1,-1,2
15557391,15,37,-1,-1,6
15556423,30,43,-1,-1,6
15558362,26,52,-1,-1,5
15556995,0,3,-1,-1,4
15559272,2,17,-1,-1,0
15555529,17,50,-1,-1,7
15552387,22,57,-1,-1,5
15558607,3,19,-1,-1,0
15556306,7,29,-1,-1,7
15555551,41,52,-1,-1,0
15553049,18,15,-1,-1,3
15553594,44,20,-1,-1,7
15557142,19,58,-1,-1,1
15559121,24,45,-1,-1,1
15559197,30,13,-1,-1,1
15558448,36,30,-1,-1,4
15554722,36,13,-1,-1,5
15553618,22,32,-1,-1,4
15557907,43,2,-1,-1,3
15559185,6,40,-1,-1,4
15556489,40,10,-1,-1,3
15559094,10,48,-1,-1,3
15554030,40,38,-1,-1,1
15557563,8,1,-1,-1,0
15558268,53,32,-1,-1,7
15555879,10,58,-1,-1,7
15558716,40,55,-1,-1,2
15554271,2,43,-1,-1,0
15554814,29,30,-1,-1,5
15554683,0,33,-1,-1,2
15558569,1,1,-1,-1,7
15556931,25,41,-1,-1,2
15559084,25,45,-1,-1,1
15553921,54,51,-1,-1,5
15557066,18,44,-1,-1,0
15558817,32,38,-1,-1,1
15556409,5,38,-1,-1,3
15555765,52,1,-1,-1,1
15555185,28,40,-1,-1,6
15553890,12,52,-1,-1,3
15554592,27,2,-1,-1,0
15552166,51,52,-1,-1,2
15559384,26,30,-1,-1,2
15557860,40,13,-1,-1,6
15557743,18,30,-1,-1,0
15555240,41,42,-1,-1,0
15558174,57,20,-1,-1,4
15558617,37,48,-1,-1,7
15556961,28,51,-1,-1,0
15559226,7,57,-1,-1,1
15554529,25,13,-1,-1,7
15559281,50,34,-1,-1,2
15559286,50,30,-1,-1,3
15548614,24,33,-1,-1,7
15559578,18,43,-1,-1,1
15553775,10,44,-1,-1,2
15553025,21,23,-1,-1,3
15557822,7,49,-1,-1,1
15556314,27,50,-1,-1,4
15559655,23,43,-1,-1,0
15556036,15,11,-1,-1,6
15559268,37,28,-1,-1,1
15557524,37,9,-1,-1,1
15557958,15,16,-1,-1,0
15559008,4,20,-1,-1,4
15559250,32,47,-1,-1,4
15557136,42,22,-1,-1,1
15559053,14,43,-1,-1,6
15559195,26,42,-1,-1,6
15557982,18,19,-1,-1,7
15557402,30,37,-1,-1,7
15558679,48,40,-1,-1,1
15550744,14,34,-1,-1,4
15558454,33,40,-1,-1,7
15559650,48,29,-1,-1,4
15556763,2,8,-1,-1,3
15559486,40,7,-1,-1,6
15558463,19,26,-1,-1,0
15559115,0,58,-1,-1,0
15552101,0,14,-1,-1,2
15558526,9,6,-1,-1,3
15553793,50,52,-1,-1,1
15559106,52,34,-1,-1,7
15554107,33,37,-1,-1,4
15559591,39,5,-1,-1,7
15558698,41,28,-1,-1,0
15554452,25,0,-1,-1,6
15554350,28,7,-1,-1,0
15558905,27,19,-1,-1,4
15558933,10,28,-1,-1,1
15553150,20,24,-1,-1,3
15558350,8,33,-1,-1,3
15551105,18,40,-1,-1,4
15548646,31,57,-1,-1,0
15549061,8,13,-1,-1,4
15558629,0,8,-1,-1,4
15558143,3,23,-1,-1,4
15558401,37,58,-1,-1,0
15544877,26,1,-1,-1,0
15558285,41,4,-1,-1,7
15553713,31,23,-1,-1,4
15557102,35,20,-1,-1,7
15558613,1,50,-1,-1,7
15552107,22,38,-1,-1,2
15559263,1,57,-1,-1,1
15557501,38,33,-1,-1,4
15556020,54,50,-1,-1,0
15558619,18,21,-1,-1,4
15559158,42,39,-1,-1,4
15557128,0,32,-1,-1,0
15558642,55,33,-1,-1,2
15555037,21,9,-1,-1,3
15559545,50,10,-1,-1,5
15548897,51,0,-1,-1,2
15556546,44,48,-1,-1,0
15556611,8,56,-1,-1,7
15556589,28,54,-1,-1,6
15539267,18,0,-1,-1,6
15557629,28,20,-1,-1,0
15556466,58,54,-1,-1,6
15554378,57,38,-1,-1,7
15556308,44,44,-1,-1,7
15557934,30,49,-1,-1,4
15557392,47,21,-1,-1,2
15558541,41,49,-1,-1,4
15556921,38,28,-1,-1,1
15550307,50,22,-1,-1,7
15556231,42,42,-1,-1,4
15559347,13,48,-1,-1,2
15555671,31,28,-1,-1,1
15552054,5,51,-1,-1,6
15559496,0,37,-1,-1,4
15555622,27,20,-1,-1,2
15556789,15,3,-1,-1,6
15559348,7,31,-1,-1,6
15558655,26,13,-1,-1,7
15559636,29,41,-1,-1,4
15556708,32,4,-1,-1,5
15559409,14,22,-1,-1,6
15558652,40,53,-1,-1,7
15559619,13,26,-1,-1,4
15545698,30,55,-1,-1,2
15550229,0,28,-1,-1,3
15549254,24,55,-1,-1,3
15559101,14,58,-1,-1,7
15545416,39,38,-1,-1,4
15551567,36,23,-1,-1,7
15555523,49,25,-1,-1,5
15558158,13,14,-1,-1,1
15540071,36,7,-1,-1,2
15553326,36,4,-1,-1,7
15558738,4,31,-1,-1,6
15556510,24,19,-1,-1,3
15558727,40,30,-1,-1,7
15559290,3,54,-1,-1,5
15557427,50,25,-1,-1,0
15554553,35,22,-1,-1,6
15555673,13,13,-1,-1,5
15558518,11,47,-1,-1,4
15554883,22,9,-1,-1,3
15558203,58,1,-1,-1,5
15553431,7,50,-1,-1,5
15557146,9,58,-1,-1,6
15553317,35,23,-1,-1,5
15554672,14,57,-1,-1,3
15557275,50,29,-1,-1,1
15554535,52,45,-1,-1,2
15559467,10,22,-1,-1,1
15557631,33,52,-1,-1,2
15559586,18,13,-1,-1,6
15555803,4,56,-1,-1,7
15559102,10,17,-1,-1,5
15558259,21,31,-1,-1,0
15558902,26,41,-1,-1,6
15552768,52,38,-1,-1,6
15557343,58,24,-1,-1,0
15559615,11,23,-1,-1,4
15558515,14,49,-1,-1,1
15556731,21,2,-1,-1,6
15558809,27,52,-1,-1,1
15557030,35,55,-1,-1,7
15559144,29,57,-1,-1,6
15558592,11,58,-1,-1,7
15553477,6,39,-1,-1,2
15555043,22,2,-1,-1,5
15549015,12,56,-1,-1,2
15552294,43,7,-1,-1,7
15559436,37,6,-1,-1,7
15559493,26,48,-1,-1,3
15555887,41,50,-1,-1,1
15553696,4,49,-1,-1,1
15558138,42,51,-1,-1,0
15559199,21,4,-1,-1,0
15559478,24,50,-1,-1,6
15555851,46,11,-1,-1,3
15558774,31,5,-1,-1,0
15556275,25,28,-1,-1,6
15550805,19,52,-1,-1,5
15558358,58,36,-1,-1,4
15553332,0,30,-1,-1,0
15556690,21,17,-1,-1,2
15551495,31,20,-1,-1,1
15558116,33,9,-1,-1,0
15558743,58,18,-1,-1,6
15551835,57,1,-1,-1,5
15559408,38,22,-1,-1,3
15555578,0,15,-1,-1,3
15546351,15,42,-1,-1,1
15549804,13,7,-1,-1,5
15558216,45,23,-1,-1,3
15555567,35,16,-1,-1,7
15556983,27,35,-1,-1,2
15559628,4,8,-1,-1,2
15552691,44,58,-1,-1,7
15555214,39,41,-1,-1,2
15558596,46,19,-1,-1,3
15547908,36,12,-1,-1,1
15553521,0,19,-1,-1,1
15556134,42,30,-1,-1,0
15555170,1,6,-1,-1,1
15550685,39,1,-1,-1,6
15557586,37,2,-1,-1,6
15546075,57,11,-1,-1,1
15557161,58,7,-1,-1,6
15552595,4,2,-1,-1,6
15555006,1,36,-1,-1,5
15558531,47,41,-1,-1,1
15550142,28,31,-1,-1,6
15558856,31,37,-1,-1,4
15558801,41,31,-1,-1,1
15557930,23,31,-1,-1,7
15557103,17,25,-1,-1,3
15558480,11,39,-1,-1,6
15558223,27,58,-1,-1,0
15557393,23,9,-1,-1,6
15553050,6,1,-1,-1,1
15554971,24,3,-1,-1,5
15540685,51,34,-1,-1,0
15558637,44,32,-1,-1,6
15556484,13,9,-1,-1,1
15559229,30,46,-1,-1,3
15555863,21,15,-1,-1,2
15556385,28,44,-1,-1,2
15558247,45,32,-1,-1,4
15550218,46,56,-1,-1,7
15556795,27,15,-1,-1,6
15558200,45,57,-1,-1,6
15548834,16,46,-1,-1,7
15555080,32,43,-1,-1,1
15559334,47,25,-1,-1,2
15558023,7,53,-1,-1,5
15553682,34,45,-1,-1,6
15556329,45,45,-1,-1,5
15558864,40,12,-1,-1,7
15555303,6,44,-1,-1,6
15557157,6,9,-1,-1,5
15556511,23,50,-1,-1,6
15557361,46,29,-1,-1,4
15555104,35,37,-1,-1,3
15554502,25,44,-1,-1,4
15552976,19,38,-1,-1,0
15553931,33,35,-1,-1,4
15553318,5,46,-1,-1,0
15553599,20,55,-1,-1,6
15558989,52,44,-1,-1,3
15559547,2,27,-1,-1,2
15558709,9,30,-1,-1,5
15556896,44,33,-1,-1,5
15558525,33,56,-1,-1,6
15558408,10,8,-1,-1,2
15556816,19,31,-1,-1,5
15559429,17,18,-1,-1,3
15559428,46,36,-1,-1,4
15556003,48,14,-1,-1,2
15558165,43,36,-1,-1,0
15554491,29,49,-1,-1,5
15557540,48,56,-1,-1,7
15552894,38,25,-1,-1,3
15551328,53,28,-1,-1,0
15558269,1,43,-1,-1,7
15555973,32,0,-1,-1,5
15558662,8,47,-1,-1,6
15559571,25,16,-1,-1,6
15555865,17,29,-1,-1,2
15559470,17,45,-1,-1,5
15556122,4,25,-1,-1,2
15558354,45,40,-1,-1,6
15557689,28,49,-1,-1,7
15557382,6,23,-1,-1,4
15557068,29,26,-1,-1,4
15557430,52,31,-1,-1,7
15557268,26,20,-1,-1,1
15559073,22,20,-1,-1,2
15557825,25,23,-1,-1,6
15559081,54,55,-1,-1,0
15558876,56,42,-1,-1,5
15558545,45,1,-1,-1,6
15548009,15,55,-1,-1,0
15556509,40,57,-1,-1,0
15557233,55,46,-1,-1,3
15558490,19,57,-1,-1,5
15556551,24,41,-1,-1,7
15551456,30,26,-1,-1,3
15554984,54,16,-1,-1,5
15553158,36,55,-1,-1,1
15559013,35,33,-1,-1,4
15558164,36,28,-1,-1,4
15559502,55,37,-1,-1,2
15559057,34,6,-1,-1,7
15554849,32,49,-1,-1,2
15558387,38,38,-1,-1,3
15559093,50,48,-1,-1,5
15551139,12,45,-1,-1,0
15558560,34,38,-1,-1,4
15554185,3,47,-1,-1,5
15556054,44,9,-1,-1,7
15555383,30,52,-1,-1,4
15554277,54,8,-1,-1,2
15551555,0,44,-1,-1,2
15544964,29,51,-1,-1,5
15556503,8,46,-1,-1,3
15555535,48,7,-1,-1,0
15558681,37,12,-1,-1,0
15555175,20,46,-1,-1,0
15557350,11,3,-1,-1,3
15559324,36,22,-1,-1,3
15559108,51,19,-1,-1,3
15559332,12,5,-1,-1,1
15559264,56,41,-1,-1,6
15557665,29,43,-1,-1,0
15554450,8,10,-1,-1,6
15559633,36,29,-1,-1,0
15559249,14,20,-1,-1,3
15555020,27,37,-1,-1,4
15558300,39,40,-1,-1,4
15556798,47,51,-1,-1,1
15558106,43,56,-1,-1,0
15555437,27,25,-1,-1,7
15554844,8,24,-1,-1,4
15552505,51,8,-1,-1,7
15556024,54,30,-1,-1,5
15557519,54,32,-1,-1,4
15557472,50,58,-1,-1,0
15557522,0,7,-1,-1,1
15554911,36,58,-1,-1,0
15559600,51,39,-1,-1,4
15551030,33,31,-1,-1,1
15556766,12,25,-1,-1,6
15558829,30,0,-1,-1,2
15558969,27,21,-1,-1,0
15559283,35,19,-1,-1,6
15550397,51,9,-1,-1,2
15553658,43,20,-1,-1,6
15549306,46,18,-1,-1,4
15557901,49,50,-1,-1,5
15548350,34,32,-1,-1,4
15558838,30,22,-1,-1,3
15559442,40,20,-1,-1,0
15559422,42,45,-1,-1,5
15557797,49,4,-1,-1,3
15559520,53,2,-1,-1,4
15550025,9,0,-1,-1,4
15558100,8,37,-1,-1,3
15543544,34,9,-1,-1,1
15551237,42,3,-1,-1,1
15558925,43,32,-1,-1,4
15554065,46,41,-1,-1,2
15551581,48,49,-1,-1,0
15555098,49,23,-1,-1,2
15558574,3,38,-1,-1,3
15558718,28,34,-1,-1,2
15558499,39,30,-1,-1,7
15555138,32,32,-1,-1,4
15555987,33,8,-1,-1,1
15557151,34,47,-1,-1,5
15558756,0,2,-1,-1,3
15557440,5,3,-1,-1,6
15547558,4,4,-1,-1,6
15559367,1,15,-1,-1,7
15551885,55,11,-1,-1,3
15558889,58,55,-1,-1,4
15559441,56,23,-1,-1,0
15552468,35,53,-1,-1,6
15557133,50,18,-1,-1,2
15557974,44,11,-1,-1,7
15558748,39,27,-1,-1,3
15558584,26,7,-1,-1,1
15559107,55,55,-1,-1,5
15559378,16,6,-1,-1,0
15553252,36,8,-1,-1,5
15557131,40,36,-1,-1,1
15549706,55,16,-1,-1,5
15559587,26,38,-1,-1,1
15550558,29,23,-1,-1,6
15556790,58,35,-1,-1,0
15555489,52,24,-1,-1,6
15556235,34,22,-1,-1,6
15546134,58,26,-1,-1,6
15559048,57,25,-1,-1,4
15558275,43,11,-1,-1,7
15557578,21,47,-1,-1,4
15552886,46,38,-1,-1,3
15557763,35,49,-1,-1,5
15558293,45,6,-1,-1,5
15558507,45,44,-1,-1,6
15557707,9,50,-1,-1,1
15558310,45,7,-1,-1,7
15558823,48,39,-1,-1,5
15550068,10,4,-1,-1,6
15554137,48,22,-1,-1,6
15555693,4,23,-1,-1,2
15558895,39,51,-1,-1,1
15559122,6,24,-1,-1,6
15551967,12,16,-1,-1,2
15559082,31,41,-1,-1,6
15559479,42,1,-1,-1,0
15557853,15,19,-1,-1,4
15556656,10,15,-1,-1,1
15559448,38,53,-1,-1,0
15556610,22,44,-1,-1,4
15556396,55,53,-1,-1,5
15554336,31,34,-1,-1,7
15556065,44,43,-1,-1,4
15557018,36,16,-1,-1,5
15550388,12,50,-1,-1,0
15556364,36,45,-1,-1,6
15558425,16,25,-1,-1,4
15549648,52,48,-1,-1,5
15551232,9,41,-1,-1,4
15558171,9,42,-1,-1,0
15548388,12,2,-1,-1,2
15559254,26,31,-1,-1,3
15556851,39,8,-1,-1,6
15542665,38,56,-1,-1,7
15556684,23,37,-1,-1,6
15559647,29,33,-1,-1,0
15541323,6,54,-1,-1,2
15557770,47,45,-1,-1,3
15558611,18,56,-1,-1,0
15559042,50,50,-1,-1,5
15558781,7,42,-1,-1,0
15557800,23,56,-1,-1,3
15559210,16,21,-1,-1,5
15558595,1,19,-1,-1,2
15552312,20,17,-1,-1,2
15558787,36,2,-1,-1,0
15554234,18,1,-1,-1,2
15552015,47,50,-1,-1,0
15555477,53,40,-1,-1,2
15557746,20,45,-1,-1,4
15557791,7,44,-1,-1,5
15553870,53,9,-1,-1,1
15557856,24,43,-1,-1,2
15550309,37,57,-1,-1,0
15558942,37,42,-1,-1,7
15556207,41,12,-1,-1,3
15555561,23,26,-1,-1,7
15556638,10,41,-1,-1,0
15552233,52,50,-1,-1,0
15557513,9,18,-1,-1,0
15557888,18,5,-1,-1,3
15559567,2,32,-1,-1,6
15558941,1,31,-1,-1,4
15559279,43,3,-1,-1,4
15559159,20,42,-1,-1,2
15559309,31,24,-1,-1,6
15547151,35,50,-1,-1,7
15559342,46,32,-1,-1,7
15558469,33,57,-1,-1,5
15558504,55,44,-1,-1,3
15548284,36,34,-1,-1,2
15556203,55,56,-1,-1,5
15555688,23,47,-1,-1,1
15557229,23,14,-1,-1,4
15548493,8,43,-1,-1,0
15548028,23,33,-1,-1,6
15542449,15,53,-1,-1,3
15555961,29,38,-1,-1,4
15559622,21,11,-1,-1,1
15556100,17,24,-1,-1,0
15558870,28,9,-1,-1,4
15537884,38,51,-1,-1,3
15552987,15,56,-1,-1,7
15555873,49,47,-1,-1,7
15559623,19,3,-1,-1,7
15557226,5,19,-1,-1,0
15554409,8,22,-1,-1,3
15557330,21,42,-1,-1,6
15557557,3,25,-1,-1,2
15555442,31,55,-1,-1,6
15556642,54,3,-1,-1,2
15559075,34,56,-1,-1,0
15558224,17,39,-1,-1,1
15559339,15,46,-1,-1,5
15558623,52,4,-1,-1,6
15553115,2,18,-1,-1,3
15557328,17,14,-1,-1,4
15553761,2,26,-1,-1,7
15556573,39,53,-1,-1,6
15550066,53,18,-1,-1,0
15559251,25,20,-1,-1,7
15558651,46,12,-1,-1,1
15555388,5,15,-1,-1,2
15554970,56,3,-1,-1,7
15559386,6,29,-1,-1,6
15558161,16,45,-1,-1,1
15553133,47,34,-1,-1,6
15554918,55,1,-1,-1,0
15554357,20,3,-1,-1,7
15556786,46,54,-1,-1,6
15559245,32,31,-1,-1,7
15557779,45,18,-1,-1,0
15558520,20,37,-1,-1,4
15545796,12,49,-1,-1,0
15558075,2,39,-1,-1,2
15558728,13,53,-1,-1,6
15559482,14,54,-1,-1,6
15558831,33,22,-1,-1,5
15550873,14,53,-1,-1,3
15558626,35,57,-1,-1,2
15559331,45,27,-1,-1,7
15559461,29,44,-1,-1,1
15545937,5,50,-1,-1,3
15553830,47,56,-1,-1,1
15558118,27,7,-1,-1,2
15559306,19,8,-1,-1,6
15543266,14,7,-1,-1,3
15556704,41,24,-1,-1,6
15553883,54,44,-1,-1,4
15557675,29,20,-1,-1,3
15552633,27,38,-1,-1,5
15556229,32,58,-1,-1,7
15556211,1,20,-1,-1,1
15558388,26,10,-1,-1,2
15554265,22,36,-1,-1,6
15550644,44,26,-1,-1,1
15558521,7,9,-1,-1,1
15555786,51,56,-1,-1,1
15558471,48,15,-1,-1,0
15557495,27,42,-1,-1,6
15559141,16,14,-1,-1,5
15557416,16,55,-1,-1,0
15538224,33,6,-1,-1,6
15552706,51,57,-1,-1,7
15554155,57,54,-1,-1,0
15557593,7,43,-1,-1,5
15559511,29,28,-1,-1,5
15557666,12,58,-1,-1,6
15558342,43,22,-1,-1,2
15551831,51,15,-1,-1,4
15559415,17,27,-1,-1,3
15559637,52,28,-1,-1,3
15557123,42,31,-1,-1,7
15552480,19,30,-1,-1,6
15550171,3,42,-1,-1,6
15559517,51,1,-1,-1,3
15558002,33,30,-1,-1,2
15559176,9,27,-1,-1,4
15558240,26,43,-1,-1,3
15559656,11,15,-1,-1,6
15559653,16,52,-1,-1,5
15559006,34,3,-1,-1,4
15558335,32,18,-1,-1,0
15554028,41,13,-1,-1,4
15557668,34,15,-1,-1,2
15558813,11,37,-1,-1,5
15556749,45,39,-1,-1,4
15558630,7,12,-1,-1,2
15559420,0,43,-1,-1,3
15552378,2,47,-1,-1,0
15558188,3,5,-1,-1,1
15558461,40,54,-1,-1,7
15559291,11,42,-1,-1,7
15551558,56,48,-1,-1,2
15552257,27,0,-1,-1,5
15554059,49,45,-1,-1,6
15555950,20,49,-1,-1,6
15551417,14,5,-1,-1,2
15555537,11,52,-1,-1,0
15552943,41,44,-1,-1,1
15557051,48,35,-1,-1,5
15558686,25,31,-1,-1,4
15557171,33,17,-1,-1,3
15552712,7,3,-1,-1,3
15559074,34,43,-1,-1,7
15557702,2,0,-1,-1,3
15559010,42,37,-1,-1,4
15558451,40,2,-1,-1,2
15557923,44,47,-1,-1,3
15559165,54,37,-1,-1,2
15552867,27,30,-1,-1,2
15557843,17,2,-1,-1,5
15536983,35,52,-1,-1,4
15556131,6,26,-1,-1,0
15556213,21,33,-1,-1,1
15555764,10,9,-1,-1,4
15558805,11,4,-1,-1,7
15559644,46,35,-1,-1,1
15559648,53,49,-1,-1,1
15559468,49,17,-1,-1,5
15555130,6,3,-1,-1,6
15555350,29,2,-1,-1,4
15559248,13,17,-1,-1,7
15555717,7,51,-1,-1,0
15557307,44,56,-1,-1,6
15559530,37,37,-1,-1,3
15556133,40,40,-1,-1,0
15556726,2,13,-1,-1,3
15557610,5,7,-1,-1,0
15558904,24,53,-1,-1,2
15557156,52,2,-1,-1,1
15559403,53,33,-1,-1,7
15559119,26,53,-1,-1,5
15545835,9,57,-1,-1,3
15555356,16,0,-1,-1,6
15557009,52,42,-1,-1,7
15558433,1,42,-1,-1,5
15557413,47,26,-1,-1,6
15555082,3,1,-1,-1,4
15559440,23,45,-1,-1,3
15556711,13,0,-1,-1,2
15547950,51,13,-1,-1,3
15555432,7,18,-1,-1,1
15557033,54,21,-1,-1,5
15554094,32,11,-1,-1,5
15558452,49,31,-1,-1,1
15558213,50,31,-1,-1,6
15556462,0,52,-1,-1,0
15554218,19,41,-1,-1,0
15557202,12,46,-1,-1,4
15555491,41,9,-1,-1,0
15554967,55,0,-1,-1,6
15557485,34,49,-1,-1,3
15555986,4,30,-1,-1,5
15557852,56,15,-1,-1,3
15558309,47,12,-1,-1,1
15555426,38,55,-1,-1,3
15556856,1,48,-1,-1,3
15557973,47,48,-1,-1,4
15558186,11,2,-1,-1,0
15558861,36,0,-1,-1,6
15553347,43,0,-1,-1,3
15559431,1,14,-1,-1,2
15557894,15,31,-1,-1,4
15558897,25,50,-1,-1,4
15557781,21,53,-1,-1,7
15559375,57,10,-1,-1,6
15553160,25,43,-1,-1,1
15558120,12,37,-1,-1,6
15555809,49,52,-1,-1,5
15555070,5,57,-1,-1,2
15559605,35,36,-1,-1,4
15558843,38,31,-1,-1,4
15553810,33,54,-1,-1,6
15558650,6,50,-1,-1,6
15558419,16,22,-1,-1,3
15557657,45,30,-1,-1,4
15555021,21,21,-1,-1,5
15556625,57,26,-1,-1,3
15558749,14,2,-1,-1,7
15557369,36,35,-1,-1,7
15558826,28,23,-1,-1,3
15553043,44,15,-1,-1,7
15557415,52,5,-1,-1,6
15558286,12,38,-1,-1,6
15559253,46,26,-1,-1,4
15549749,0,36,-1,-1,1
15554055,36,31,-1,-1,0
15559439,7,26,-1,-1,3
15550375,8,53,-1,-1,2
15558736,42,2,-1,-1,4
15553813,47,4,-1,-1,3
15559595,52,11,-1,-1,0
15549986,46,10,-1,-1,6
15556319,11,32,-1,-1,0
15559483,36,19,-1,-1,5
15549784,53,43,-1,-1,2
15558462,27,8,-1,-1,1
15558175,28,55,-1,-1,3
15558014,49,54,-1,-1,2
15559096,30,33,-1,-1,6
15559186,27,40,-1,-1,4
15557963,42,9,-1,-1,7
15545182,0,11,-1,-1,4
15557717,57,0,-1,-1,2
15554368,28,36,-1,-1,7
15542773,42,0,-1,-1,4
15553551,49,48,-1,-1,2
15557341,25,18,-1,-1,7
15555860,21,37,-1,-1,5
15559156,45,17,-1,-1,0
15559635,55,45,-1,-1,5
15558089,21,39,-1,-1,4
15554786,25,26,-1,-1,2
15559011,56,17,-1,-1,5
15555247,19,17,-1,-1,3
15557236,6,37,-1,-1,6
15549995,9,53,-1,-1,3
15556274,27,6,-1,-1,4
15558324,42,14,-1,-1,1
15556416,26,23,-1,-1,2
15555874,0,46,-1,-1,3
15557954,41,17,-1,-1,3
15555955,56,26,-1,-1,7
15555232,7,39,-1,-1,7
15558431,42,17,-1,-1,6
15550227,57,41,-1,-1,6
15558365,34,2,-1,-1,6
15557366,56,1,-1,-1,4
15555297,29,4,-1,-1,6
15555024,33,32,-1,-1,7
15558865,23,53,-1,-1,1
15555520,33,51,-1,-1,1
15558061,32,14,-1,-1,3
15557319,20,2,-1,-1,3
15556765,25,11,-1,-1,3
15555576,41,43,-1,-1,4
15558830,49,33,-1,-1,0
15553385,57,21,-1,-1,4
15558482,24,29,-1,-1,5
15552611,18,45,-1,-1,3
15546147,27,41,-1,-1,7
15558598,10,30,-1,-1,1
15556230,48,1,-1,-1,4
15558479,20,34,-1,-1,7
15551299,36,50,-1,-1,1
15557817,29,13,-1,-1,6
15557357,40,26,-1,-1,2
15553666,40,29,-1,-1,5
15555582,44,57,-1,-1,5
15558370,0,1,-1,-1,4
15557375,10,40,-1,-1,1
15557744,38,40,-1,-1,0
15550526,50,38,-1,-1,7
15551893,58,22,-1,-1,4
15549878,50,55,-1,-1,0
15559327,30,11,-1,-1,1
15557952,29,32,-1,-1,6
15559425,8,23,-1,-1,4
15557577,19,53,-1,-1,3
15551470,26,17,-1,-1,7
15553988,33,19,-1,-1,3
15559143,58,53,-1,-1,4
15552788,1,11,-1,-1,7
15559447,13,25,-1,-1,7
15558620,16,56,-1,-1,3
15557990,46,9,-1,-1,0
15549643,0,39,-1,-1,1
15557855,8,42,-1,-1,7
15552002,42,46,-1,-1,1
15558671,56,19,-1,-1,4
15545471,54,58,-1,-1,2
15559083,4,48,-1,-1,2
15550347,50,12,-1,-1,2
15557827,26,4,-1,-1,1
15555796,11,43,-1,-1,7
15559351,10,35,-1,-1,3
15556283,56,14,-1,-1,1
15554580,16,53,-1,-1,2
15558702,42,26,-1,-1,1
15554958,20,16,-1,-1,3
15550600,37,16,-1,-1,6
15554291,20,56,-1,-1,7
15559451,58,37,-1,-1,5
15559487,9,24,-1,-1,6
15554392,4,52,-1,-1,0
15553128,35,10,-1,-1,3
15555975,19,56,-1,-1,5
15556954,5,12,-1,-1,0
15557155,56,0,-1,-1,4
15556388,55,43,-1,-1,6
15558217,26,9,-1,-1,0
15553677,49,41,-1,-1,7
15553328,28,3,-1,-1,3
15555233,45,12,-1,-1,7
15558144,54,6,-1,-1,4
15556237,10,37,-1,-1,1
15559566,37,50,-1,-1,3
15554664,2,21,-1,-1,0
15555962,54,52,-1,-1,0
15557377,20,13,-1,-1,7
15557919,44,55,-1,-1,7
15557129,24,5,-1,-1,2
15556702,34,28,-1,-1,7
15548058,2,52,-1,-1,2
15558435,13,29,-1,-1,6
15558885,1,26,-1,-1,6
15558160,8,19,-1,-1,5
15545460,51,53,-1,-1,5
15557115,32,22,-1,-1,5
15555367,8,57,-1,-1,1
15556479,47,19,-1,-1,0
15559539,35,4,-1,-1,5
15554555,40,5,-1,-1,1
15558950,46,34,-1,-1,5
15558001,12,33,-1,-1,0
15557448,39,48,-1,-1,1
15554706,14,19,-1,-1,5
15559032,55,7,-1,-1,1
15558532,23,16,-1,-1,7
15558795,48,37,-1,-1,0
15558887,18,14,-1,-1,4
15555280,5,6,-1,-1,0
15557878,5,52,-1,-1,6
15555092,19,14,-1,-1,4
15558734,23,52,-1,-1,2
15558514,37,47,-1,-1,0
15558436,46,53,-1,-1,0
15557041,24,47,-1,-1,3
15559617,29,29,-1,-1,4
15548373,32,1,-1,-1,0
15544848,22,43,-1,-1,0
15555740,51,30,-1,-1,4
15554963,20,10,-1,-1,4
15559449,53,34,-1,-1,1
15558029,49,7,-1,-1,1
15558077,39,35,-1,-1,4
15554720,34,4,-1,-1,3
15557795,45,37,-1,-1,2
15558775,12,23,-1,-1,7
15557768,42,8,-1,-1,5
15556185,30,54,-1,-1,6
15555799,22,56,-1,-1,1
15554025,48,13,-1,-1,4
15551661,2,33,-1,-1,6
15554570,57,8,-1,-1,1
15559507,49,9,-1,-1,6
15556523,56,35,-1,-1,3
15549079,5,2,-1,-1,0
15556537,9,39,-1,-1,4
15552418,4,37,-1,-1,0
15556898,42,5,-1,-1,5
15559097,38,24,-1,-1,3
15556614,26,29,-1,-1,6
15557565,47,28,-1,-1,5
15556764,56,49,-1,-1,6
15557119,30,40,-1,-1,6
15557871,58,58,-1,-1,6
15559634,17,47,-1,-1,5
15556352,0,10,-1,-1,0
15559550,14,24,-1,-1,0
15559181,57,50,-1,-1,2
15559024,47,36,-1,-1,4
15552900,44,24,-1,-1,5
15555629,38,32,-1,-1,3
15556171,24,21,-1,-1,3
15559469,33,29,-1,-1,4
15558528,20,8,-1,-1,0
15558127,24,9,-1,-1,0
15557108,25,35,-1,-1,3
15559599,47,54,-1,-1,2
15552033,37,23,-1,-1,1
15556563,24,14,-1,-1,0
15555696,56,40,-1,-1,3
15555834,41,29,-1,-1,7
15550972,33,49,-1,-1,7
15559151,37,53,-1,-1,5
15555035,19,44,-1,-1,5
15559015,45,15,-1,-1,5
15559196,35,27,-1,-1,2
15553561,24,36,-1,-1,6
15555602,23,34,-1,-1,3
15558167,55,25,-1,-1,1
15555856,12,1,-1,-1,5
15556309,38,43,-1,-1,0
15553776,45,48,-1,-1,3
15557042,11,12,-1,-1,7
15557258,7,38,-1,-1,3
15558906,15,54,-1,-1,1
15555905,3,43,-1,-1,4
15554432,42,16,-1,-1,4
15557579,23,48,-1,-1,0
15558853,26,14,-1,-1,4
15552725,48,8,-1,-1,2
15557198,40,44,-1,-1,1
15555630,11,21,-1,-1,0
15557387,13,49,-1,-1,5
15552424,3,34,-1,-1,5
15558635,40,34,-1,-1,3
15553537,4,32,-1,-1,7
15559490,48,26,-1,-1,5
15550072,50,46,-1,-1,0
15558136,5,0,-1,-1,3
15556882,32,36,-1,-1,4
15559067,58,4,-1,-1,5
15559307,35,14,-1,-1,0
15559464,28,41,-1,-1,4
15558849,8,40,-1,-1,3
15556198,40,14,-1,-1,3
15558955,7,24,-1,-1,6
15557876,39,10,-1,-1,0
15557280,27,56,-1,-1,0
15556001,5,33,-1,-1,7
15557693,46,50,-1,-1,4
15556759,40,23,-1,-1,1
15559282,37,40,-1,-1,1
15557329,25,17,-1,-1,4
15558725,3,30,-1,-1,2
15559124,32,23,-1,-1,0
15552707,55,17,-1,-1,2
15556266,44,1,-1,-1,5
15552866,58,40,-1,-1,5
15559299,12,43,-1,-1,5
15556803,8,21,-1,-1,2
15557187,16,18,-1,-1,1
15559155,13,5,-1,-1,2
15556919,38,21,-1,-1,2
15545374,0,42,-1,-1,4
15554899,45,38,-1,-1,3
15556124,34,55,-1,-1,5
15549389,37,51,-1,-1,0
15559187,2,45,-1,-1,2
15557482,35,2,-1,-1,0
15557283,6,34,-1,-1,2
15553645,31,3,-1,-1,3
15558412,50,5,-1,-1,6
15559553,15,30,-1,-1,2
15555732,44,27,-1,-1,1
15558315,43,43,-1,-1,1
15544881,53,10,-1,-1,3
15542444,0,38,-1,-1,2
15559086,27,48,-1,-1,6
15558036,4,24,-1,-1,4
15552006,29,14,-1,-1,2
15557463,2,29,-1,-1,3
15559596,20,12,-1,-1,0
15557195,25,57,-1,-1,1
15552088,17,41,-1,-1,6
15556822,19,43,-1,-1,0
15557252,33,34,-1,-1,6
15558512,8,9,-1,-1,0
15555309,7,5,-1,-1,0
15557266,24,13,-1,-1,0
15556591,9,12,-1,-1,7
15555810,9,52,-1,-1,5
15557370,39,2,-1,-1,5
15551121,3,20,-1,-1,7
15559658,27,18,-1,-1,3
15559580,51,27,-1,-1,7
15555826,17,10,-1,-1,7
15556678,14,29,-1,-1,6
15556363,35,41,-1,-1,2
15556210,9,43,-1,-1,6
15557826,13,22,-1,-1,3
15559364,21,35,-1,-1,3
15556338,1,22,-1,-1,3
15559593,20,58,-1,-1,6
15553918,16,16,-1,-1,5
15557520,41,48,-1,-1,5
15557859,35,18,-1,-1,3
15557371,16,10,-1,-1,1
15554926,5,54,-1,-1,1
15554516,8,11,-1,-1,1
15558021,26,28,-1,-1,1
15559240,47,20,-1,-1,0
15557534,31,6,-1,-1,6
15556194,0,25,-1,-1,4
15557568,25,25,-1,-1,4
15553685,37,46,-1,-1,0
15550906,38,47,-1,-1,4
15552791,0,27,-1,-1,4
15550961,23,7,-1,-1,7
15557981,10,16,-1,-1,0
15539796,46,22,-1,-1,6
15559021,40,33,-1,-1,3
15551832,55,5,-1,-1,2
15556709,55,23,-1,-1,0
15559548,38,1,-1,-1,0
15553680,5,56,-1,-1,6
15557510,16,36,-1,-1,1
15559383,23,15,-1,-1,0
15557145,18,27,-1,-1,6
15544636,50,49,-1,-1,0
15546701,4,36,-1,-1,4
15559452,41,36,-1,-1,7
15555828,30,23,-1,-1,3
15556099,51,4,-1,-1,7
15551889,53,13,-1,-1,6
15557988,47,16,-1,-1,1
15539764,58,17,-1,-1,4
15551519,42,27,-1,-1,3
15558375,34,17,-1,-1,7
15557196,58,30,-1,-1,6
15558351,49,30,-1,-1,7
15555105,51,40,-1,-1,1
15558712,38,19,-1,-1,0
15558409,12,13,-1,-1,2
15556623,11,56,-1,-1,0
15558966,28,16,-1,-1,7
15552923,29,42,-1,-1,7
15559004,8,30,-1,-1,6
15554510,4,54,-1,-1,3
15559472,18,54,-1,-1,7
15558468,56,12,-1,-1,4
15559265,51,28,-1,-1,6
15556200,53,54,-1,-1,3
15552367,20,19,-1,-1,1
15558984,52,46,-1,-1,1
15558366,16,58,-1,-1,2
15559242,28,2,-1,-1,4
15558364,2,11,-1,-1,0
15552409,10,2,-1,-1,4
15555954,58,8,-1,-1,4
15556871,4,46,-1,-1,7
15555306,6,5,-1,-1,0
15555427,8,48,-1,-1,4
15558913,1,27,-1,-1,1
15557193,10,6,-1,-1,6
15550109,25,38,-1,-1,1
15553778,28,8,-1,-1,6
15559059,46,4,-1,-1,2
15559641,14,26,-1,-1,0
15558601,10,26,-1,-1,2
15558737,1,23,-1,-1,2
15550604,56,37,-1,-1,7
15558928,5,37,-1,-1,4
15558209,21,16,-1,-1,0
15558664,1,45,-1,-1,1
15543786,7,46,-1,-1,0
15553756,44,45,-1,-1,0
15557656,26,2,-1,-1,0
15555390,41,37,-1,-1,5
15557339,23,28,-1,-1,5
15549229,29,0,-1,-1,4
15557737,38,42,-1,-1,6
15558372,14,42,-1,-1,3
15558614,48,4,-1,-1,7
15557647,31,50,-1,-1,5
15555898,13,11,-1,-1,4
15552022,17,31,-1,-1,2
15556091,2,30,-1,-1,5
15544884,8,49,-1,-1,6
15559629,55,47,-1,-1,0
15558633,57,57,-1,-1,5
15546460,32,25,-1,-1,1
15556442,10,18,-1,-1,2
15557358,15,25,-1,-1,1
15545949,12,57,-1,-1,0
15558974,58,52,-1,-1,7
15559657,31,33,-1,-1,7
15558233,1,30,-1,-1,6
15554855,3,35,-1,-1,0
15553686,26,21,-1,-1,6
15557549,23,24,-1,-1,0
15558442,1,7,-1,-1,7
15558558,20,35,-1,-1,5
15556903,15,0,-1,-1,3
15558441,47,10,-1,-1,2
15555320,15,26,-1,-1,6
15554014,11,55,-1,-1,3
15555790,42,12,-1,-1,1
15557621,43,15,-1,-1,2
15557581,53,16,-1,-1,3
15553956,57,14,-1,-1,5
15557660,17,53,-1,-1,1
15558443,13,50,-1,-1,1
15554307,20,40,-1,-1,0
15551443,56,50,-1,-1,5
15558064,31,16,-1,-1,0
15557764,39,56,-1,-1,2
15552252,44,19,-1,-1,0
15556582,58,32,-1,-1,0
15559328,22,15,-1,-1,4
15557705,1,29,-1,-1,1
15558228,44,3,-1,-1,4
15557942,23,40,-1,-1,4
15557312,49,46,-1,-1,5
15556659,42,25,-1,-1,2
15552682,48,11,-1,-1,2
15557475,14,56,-1,-1,3
15556800,5,30,-1,-1,3
15558850,16,34,-1,-1,1
15555120,30,35,-1,-1,3
15549370,50,45,-1,-1,3
15556017,20,38,-1,-1,7
15551300,14,18,-1,-1,2
15555736,41,40,-1,-1,1
15557731,55,18,-1,-1,0
15556431,27,51,-1,-1,3
15557256,53,19,-1,-1,3
15559030,48,23,-1,-1,3
15557468,56,5,-1,-1,0
15554644,35,45,-1,-1,0
15555601,22,11,-1,-1,4
15559098,24,51,-1,-1,3
15552344,58,57,-1,-1,4
15557870,53,57,-1,-1,3
15555811,47,24,-1,-1,3
15557438,15,13,-1,-1,5
15558104,47,29,-1,-1,1
15555009,54,25,-1,-1,3
15559366,57,22,-1,-1,1
15557203,41,46,-1,-1,0
15559087,37,10,-1,-1,3
15559212,17,16,-1,-1,6
15553935,22,17,-1,-1,0
15552877,3,4,-1,-1,0
15559579,30,56,-1,-1,2
15559512,34,53,-1,-1,4
15557509,7,30,-1,-1,0
15559609,52,9,-1,-1,4
15559381,14,40,-1,-1,4
15554857,1,58,-1,-1,6
15551630,35,7,-1,-1,3
15558363,23,54,-1,-1,3
15558039,42,23,-1,-1,3
15557787,21,52,-1,-1,5
15559646,39,16,-1,-1,1
15552658,53,4,-1,-1,3
15553767,33,3,-1,-1,3
15558105,47,15,-1,-1,0
15559410,57,2,-1,-1,0
15555585,53,36,-1,-1,3
15559610,14,55,-1,-1,5
15543666,20,32,-1,-1,6
15556255,28,0,-1,-1,2
15559103,44,21,-1,-1,1
15549066,20,9,-1,-1,7
15559188,52,26,-1,-1,4
15559503,12,27,-1,-1,1
15553516,1,8,-1,-1,0
15555399,33,11,-1,-1,4
15556859,39,50,-1,-1,5
15554935,6,58,-1,-1,6
15557945,14,25,-1,-1,5
15556390,54,11,-1,-1,1
15556705,19,39,-1,-1,5
15558811,26,19,-1,-1,1
15552305,22,51,-1,-1,4
15556972,38,0,-1,-1,5
15559113,32,3,-1,-1,3
15559352,25,36,-1,-1,6
15556403,37,55,-1,-1,5
15553937,29,53,-1,-1,3
15559070,43,8,-1,-1,7
15558555,30,58,-1,-1,1
15558170,38,20,-1,-1,2
15552390,17,56,-1,-1,6
15554761,55,4,-1,-1,7
15556444,41,55,-1,-1,1
15559131,52,29,-1,-1,5
15557177,23,3,-1,-1,2
15551215,24,46,-1,-1,6
15558180,45,8,-1,-1,6
15554996,10,52,-1,-1,5
15551185,31,38,-1,-1,3
15558962,19,7,-1,-1,4
15557916,49,13,-1,-1,3
15558839,34,18,-1,-1,7
15558405,0,54,-1,-1,0
15557725,55,2,-1,-1,7
15559338,18,39,-1,-1,2
15557753,48,32,-1,-1,7
15558230,41,38,-1,-1,6
15559631,26,57,-1,-1,1
15558573,32,17,-1,-1,0
15555951,9,54,-1,-1,1
15559220,44,2,-1,-1,5
15552850,43,45,-1,-1,4
15553214,34,44,-1,-1,4
15558719,6,38,-1,-1,4
15559044,38,41,-1,-1,4
15556654,29,10,-1,-1,3
15555160,21,50,-1,-1,4
15553460,10,1,-1,-1,0
15558505,18,47,-1,-1,4
15550948,57,19,-1,-1,1
15559077,11,7,-1,-1,1
15556353,7,13,-1,-1,2
15554866,12,39,-1,-1,1
15557254,23,17,-1,-1,3
15557545,17,55,-1,-1,4
15557634,31,29,-1,-1,3
15555628,20,53,-1,-1,6
15553722,14,21,-1,-1,4
15559184,36,39,-1,-1,4
15559002,18,36,-1,-1,0
15558123,41,14,-1,-1,1
15558708,50,39,-1,-1,1
15555499,44,18,-1,-1,5
15550902,20,11,-1,-1,7
15558987,24,40,-1,-1,2
15558958,38,26,-1,-1,1
15556941,22,4,-1,-1,3
15551947,29,27,-1,-1,5
15555575,23,25,-1,-1,2
15556055,35,46,-1,-1,3
15557389,19,11,-1,-1,3
15557589,19,42,-1,-1,3
15558819,58,42,-1,-1,0
15559029,10,34,-1,-1,2
15557301,40,28,-1,-1,2
15555882,49,27,-1,-1,6
15559407,29,35,-1,-1,2
15558231,46,6,-1,-1,1
15557640,18,31,-1,-1,1
15558183,33,21,-1,-1,2
15555570,21,45,-1,-1,7
15553427,29,19,-1,-1,6
15555797,13,40,-1,-1,5
15549223,57,53,-1,-1,1
15558825,5,27,-1,-1,2
15552782,6,45,-1,-1,4
15552163,18,3,-1,-1,2
15558096,36,25,-1,-1,4
15559418,35,11,-1,-1,6
15557649,22,6,-1,-1,0
15558680,55,39,-1,-1,2
15556899,39,39,-1,-1,1
15556502,31,54,-1,-1,2
15555455,32,37,-1,-1,2
15557592,34,12,-1,-1,4
15558963,41,39,-1,-1,2
15554563,43,30,-1,-1,6
15558565,18,12,-1,-1,0
15556973,42,6,-1,-1,2
15556743,14,47,-1,-1,4
15558552,13,36,-1,-1,7
15559531,50,32,-1,-1,0
15559350,6,15,-1,-1,3
15558988,25,22,-1,-1,0
15551013,52,21,-1,-1,0
15553180,51,43,-1,-1,1
15555658,0,22,-1,-1,0
15548132,12,41,-1,-1,5
15558739,36,44,-1,-1,6
15556869,58,15,-1,-1,7
15558044,25,6,-1,-1,6
15554869,5,11,-1,-1,2
15551583,13,3,-1,-1,3
15558348,23,5,-1,-1,4
15555532,16,43,-1,-1,6
15555116,3,2,-1,-1,2
15558369,27,22,-1,-1,3
15558034,0,17,-1,-1,2
15552647,24,25,-1,-1,3
15558733,32,5,-1,-1,3
15556290,2,44,-1,-1,6
15559395,45,19,-1,-1,3
15559405,30,20,-1,-1,4
15556575,13,57,-1,-1,4
15559039,5,35,-1,-1,2
15558549,9,46,-1,-1,6
15557904,40,46,-1,-1,0
15554505,43,35,-1,-1,5
15558027,20,6,-1,-1,3
15558622,58,9,-1,-1,0
15543931,0,50,-1,-1,4
15557274,49,34,-1,-1,2
15558996,41,27,-1,-1,7
15558477,29,48,-1,-1,6
15555909,18,51,-1,-1,4
15554873,7,33,-1,-1,2
15553440,46,13,-1,-1,1
15554655,18,2,-1,-1,1
15556039,46,51,-1,-1,5
15558717,3,55,-1,-1,0
15558653,27,36,-1,-1,0
15552343,3,6,-1,-1,2
15559543,8,14,-1,-1,5
15557450,57,39,-1,-1,1
15559475,16,20,-1,-1,7
15555173,18,26,-1,-1,2
15555778,26,36,-1,-1,1
15559014,9,5,-1,-1,2
15557892,21,10,-1,-1,0
15550010,44,30,-1,-1,1
15559125,47,14,-1,-1,1
15557214,20,51,-1,-1,1
15558948,35,35,-1,-1,0
15558110,49,56,-1,-1,0
15557830,13,55,-1,-1,7
15555464,12,9,-1,-1,4
15558087,58,3,-1,-1,5
15559392,36,42,-1,-1,7
15559572,2,57,-1,-1,2
15557881,51,55,-1,-1,1
15555203,47,8,-1,-1,3
15559450,5,42,-1,-1,4
15556029,41,16,-1,-1,5
15552787,44,6,-1,-1,4
15555031,12,17,-1,-1,4
15552243,45,54,-1,-1,7
15551543,26,5,-1,-1,4
15559570,55,15,-1,-1,6
15557991,55,22,-1,-1,5
15555902,57,56,-1,-1,5
15557224,36,9,-1,-1,1
15555244,56,18,-1,-1,7
15559489,28,37,-1,-1,4
15559246,3,45,-1,-1,2
15556548,13,54,-1,-1,6
15559274,45,41,-1,-1,4
15559355,31,2,-1,-1,6
15559471,36,14,-1,-1,2
15557367,50,35,-1,-1,1
15557874,7,58,-1,-1,1
15557126,54,9,-1,-1,5
15554944,43,25,-1,-1,4
15554387,38,7,-1,-1,0
15558272,15,44,-1,-1,2
15555877,38,3,-1,-1,4
15558703,37,32,-1,-1,0
15550200,49,29,-1,-1,4
15559563,20,54,-1,-1,7
15555921,57,55,-1,-1,6
15557243,54,38,-1,-1,0
15559569,8,58,-1,-1,2
15555054,34,52,-1,-1,4
15558422,37,17,-1,-1,7
15558985,3,24,-1,-1,4
15555417,45,13,-1,-1,7
15555053,25,1,-1,-1,1
15558798,27,55,-1,-1,1
15553366,36,47,-1,-1,5
15559168,56,4,-1,-1,6
15556804,0,45,-1,-1,0
15553104,8,2,-1,-1,3
15559645,12,4,-1,-1,7
15557619,30,32,-1,-1,0
15553336,25,48,-1,-1,3
15556205,13,38,-1,-1,0
15556946,36,49,-1,-1,4
15556077,22,48,-1,-1,7
15559126,40,18,-1,-1,0
15557257,48,30,-1,-1,7
15552904,22,3,-1,-1,7
15556383,19,51,-1,-1,0
15557574,6,55,-1,-1,7
15556685,10,13,-1,-1,2
15555647,30,1,-1,-1,3
15555581,9,34,-1,-1,6
15557230,45,56,-1,-1,2
15558878,18,17,-1,-1,6
15553395,50,3,-1,-1,4
15558128,10,32,-1,-1,1
15557659,36,6,-1,-1,3
15557796,51,23,-1,-1,3
15558934,34,26,-1,-1,5
15559399,50,51,-1,-1,6
15555095,16,13,-1,-1,6
15559297,58,11,-1,-1,5
15558542,20,26,-1,-1,4
15555965,5,23,-1,-1,3
15555857,47,2,-1,-1,3
15557998,6,13,-1,-1,4
15557776,21,57,-1,-1,1
15559514,11,5,-1,-1,5
15555384,26,39,-1,-1,5
15556078,2,48,-1,-1,5
15553408,30,7,-1,-1,0
15558970,29,58,-1,-1,2
15558227,13,24,-1,-1,6
15559639,50,17,-1,-1,3
15555906,40,11,-1,-1,1
15559494,54,24,-1,-1,7
15558449,13,6,-1,-1,0
15555284,25,46,-1,-1,5
15558390,53,0,-1,-1,6
15553301,14,50,-1,-1,3
15556440,10,14,-1,-1,7
15556952,16,48,-1,-1,1
15541523,56,2,-1,-1,1
15557368,54,46,-1,-1,5
15559061,17,20,-1,-1,0
15554999,53,53,-1,-1,5
15558437,10,10,-1,-1,1
15558396,6,56,-1,-1,6
15557038,35,5,-1,-1,7
15556665,47,35,-1,-1,7
15558908,1,56,-1,-1,4
15559346,27,27,-1,-1,3
15544162,7,35,-1,-1,2
15556714,49,21,-1,-1,1
15550069,54,42,-1,-1,2
15556365,28,22,-1,-1,0
15556339,10,12,-1,-1,7
15559003,24,4,-1,-1,3
15557476,31,21,-1,-1,5
15549263,0,13,-1,-1,0
15558554,53,42,-1,-1,5
15554766,39,44,-1,-1,4
15556622,14,45,-1,-1,7
15548103,48,45,-1,-1,0
15557766,2,5,-1,-1,1
15558659,30,8,-1,-1,3
15557264,15,47,-1,-1,1
15557861,56,46,-1,-1,5
15553580,33,0,-1,-1,5
15550965,43,1,-1,-1,1
15557097,8,18,-1,-1,4
15555654,22,8,-1,-1,7
15559510,2,10,-1,-1,0
15558577,9,49,-1,-1,6
15547705,33,58,-1,-1,6
15556958,20,1,-1,-1,0
15558782,37,22,-1,-1,2
15559183,15,38,-1,-1,3
15551298,28,53,-1,-1,1
15551857,5,10,-1,-1,7
15559525,24,1,-1,-1,1
15553726,54,41,-1,-1,7
15556860,50,42,-1,-1,0
15557270,30,29,-1,-1,0
15558156,27,54,-1,-1,0
15557020,25,54,-1,-1,7
15553021,10,49,-1,-1,4
15557720,19,45,-1,-1,6
15555730,30,51,-1,-1,1
15559244,16,39,-1,-1,6
15553840,11,35,-1,-1,0
15558666,58,51,-1,-1,4
15553120,9,29,-1,-1,5
15558475,26,50,-1,-1,2
15557556,37,14,-1,-1,6
15555511,52,15,-1,-1,3
15559528,57,32,-1,-1,3
15558917,1,52,-1,-1,7
15553398,48,5,-1,-1,6
15557147,55,9,-1,-1,7
15559123,44,51,-1,-1,1
15544708,58,16,-1,-1,6
15556245,52,0,-1,-1,6
15557979,36,21,-1,-1,4
15559080,39,28,-1,-1,7
15559345,58,44,-1,-1,0
15558467,19,35,-1,-1,0
15558079,7,47,-1,-1,0
15559522,34,25,-1,-1,7
15554259,38,49,-1,-1,3
15557290,52,47,-1,-1,5
15558508,39,42,-1,-1,3
15550811,1,16,-1,-1,7
15552676,25,30,-1,-1,4
15556794,34,24,-1,-1,7
15556465,23,38,-1,-1,7
15554542,30,15,-1,-1,3
15552521,49,12,-1,-1,7
15557950,23,13,-1,-1,7
15559369,2,42,-1,-1,7
15556539,18,10,-1,-1,6
15558234,10,24,-1,-1,6
15558599,48,6,-1,-1,5
15551516,26,45,-1,-1,1
15549124,30,2,-1,-1,2
15559480,2,56,-1,-1,4
15546719,51,31,-1,-1,4
15558250,51,41,-1,-1,5
15559497,49,18,-1,-1,2
15554356,47,18,-1,-1,0
15557409,9,56,-1,-1,7
15557944,33,46,-1,-1,6
15557636,8,31,-1,-1,6
15551584,24,38,-1,-1,3
15558699,53,56,-1,-1,0
15557754,56,56,-1,-1,1
15559194,57,40,-1,-1,1
15556404,24,52,-1,-1,0
15554198,58,33,-1,-1,4
15556108,57,27,-1,-1,3
15559401,20,33,-1,-1,7
15552939,33,39,-1,-1,7
15550559,24,8,-1,-1,0
15558615,8,32,-1,-1,1
15557353,53,39,-1,-1,4
15558751,51,14,-1,-1,2
15554470,6,41,-1,-1,7
15538193,8,5,-1,-1,5
15559624,38,17,-1,-1,6
15557082,17,30,-1,-1,7
15556233,23,29,-1,-1,4
15557469,31,12,-1,-1,0
15558529,31,19,-1,-1,5
15557585,2,24,-1,-1,1
15554033,2,12,-1,-1,2
15553574,47,33,-1,-1,0
15556700,42,56,-1,-1,7
15557079,40,1,-1,-1,1
15558353,9,3,-1,-1,0
15558395,14,12,-1,-1,2
15553772,16,26,-1,-1,1
15559160,40,58,-1,-1,0
15554159,37,5,-1,-1,6
15555517,37,4,-1,-1,3
15552774,57,9,-1,-1,2
15557801,44,0,-1,-1,6
15556085,38,58,-1,-1,0
15558355,8,41,-1,-1,5
15557711,41,6,-1,-1,4
15554531,21,14,-1,-1,7
15555195,8,36,-1,-1,2
15554187,32,12,-1,-1,1
15556011,39,20,-1,-1,3
15559389,12,8,-1,-1,3
15559358,46,30,-1,-1,0
15559206,39,49,-1,-1,6
15557936,40,27,-1,-1,5
15559305,37,0,-1,-1,3
15546876,24,27,-1,-1,4
15555944,48,10,-1,-1,5
15557655,50,7,-1,-1,2
15559558,29,31,-1,-1,5
15554487,41,33,-1,-1,1
15559333,30,4,-1,-1,5
15557868,45,3,-1,-1,1
15557769,50,44,-1,-1,1
15556927,1,40,-1,-1,4
15558649,22,29,-1,-1,7
15548864,32,56,-1,-1,0
15551705,30,47,-1,-1,6
15546636,48,51,-1,-1,1
15551571,11,9,-1,-1,6
15553876,22,7,-1,-1,7
15558091,48,48,-1,-1,1
15559642,40,25,-1,-1,2
15558572,28,35,-1,-1,1
15558147,33,23,-1,-1,1
15558074,54,35,-1,-1,2
15550664,20,28,-1,-1,4
15558893,1,10,-1,-1,2
15554318,27,4,-1,-1,3
15559406,57,13,-1,-1,4
15548144,39,36,-1,-1,0
15557880,11,18,-1,-1,3
15558037,51,54,-1,-1,1
15553962,7,19,-1,-1,5
15556357,52,51,-1,-1,0
15559357,15,50,-1,-1,3
15553624,0,57,-1,-1,1
15553833,25,32,-1,-1,2
15559300,37,27,-1,-1,6
15545293,16,44,-1,-1,4
15555681,30,38,-1,-1,6
15553806,11,45,-1,-1,6
15552689,51,45,-1,-1,5
15553175,48,36,-1,-1,6
15559576,15,48,-1,-1,0
15556101,17,57,-1,-1,3
15555679,46,3,-1,-1,6
15559456,16,27,-1,-1,4
15556924,24,2,-1,-1,1
15558538,6,47,-1,-1,1
15559114,49,0,-1,-1,4
15558088,37,56,-1,-1,1
15554153,58,41,-1,-1,5
15556426,11,49,-1,-1,2
15558245,28,30,-1,-1,5
15559590,43,24,-1,-1,3
15558008,49,53,-1,-1,0
15559400,14,30,-1,-1,5
15559652,27,23,-1,-1,4
15557926,20,22,-1,-1,0
15558476,9,47,-1,-1,2
15556920,23,0,-1,-1,2
15557873,45,26,-1,-1,5
15553277,2,4,-1,-1,7
15556506,11,53,-1,-1,2
15557281,43,38,-1,-1,5
15550932,25,12,-1,-1,7
15557504,21,56,-1,-1,4
15559034,55,8,-1,-1,2
15558048,5,5,-1,-1,1
15558238,52,37,-1,-1,4
15555864,13,46,-1,-1,7
15555929,9,14,-1,-1,6
15552356,55,29,-1,-1,4
15556608,22,55,-1,-1,7
15558797,6,49,-1,-1,1
15550642,22,53,-1,-1,4
15553275,54,18,-1,-1,5
15552978,55,35,-1,-1,4
15557701,28,25,-1,-1,4
15554240,23,58,-1,-1,1
15556450,46,37,-1,-1,6
15544030,39,14,-1,-1,3
15553960,20,20,-1,-1,2
15557541,51,10,-1,-1,7
15555059,51,20,-1,-1,7
15550967,18,58,-1,-1,6
15543512,11,38,-1,-1,5
15556405,25,53,-1,-1,2
15559313,55,36,-1,-1,2
15559607,54,29,-1,-1,4
15558098,2,35,-1,-1,6
15558038,44,13,-1,-1,2
15557630,19,50,-1,-1,2
15558657,12,44,-1,-1,5
15559581,19,1,-1,-1,6
15558930,38,37,-1,-1,3
15552989,21,7,-1,-1,5
15543675,16,5,-1,-1,7
15548003,22,34,-1,-1,0
15554439,25,39,-1,-1,0
15547236,0,34,-1,-1,0
15558113,4,33,-1,-1,6
15558282,34,57,-1,-1,3
15557566,18,6,-1,-1,6
15555046,46,57,-1,-1,5
15549607,23,21,-1,-1,1
15553662,42,55,-1,-1,0
15554955,28,38,-1,-1,0
15558427,10,43,-1,-1,6
15558901,35,25,-1,-1,1
15559146,15,23,-1,-1,0
15553596,12,36,-1,-1,3
15555900,20,48,-1,-1,4
15557043,4,58,-1,-1,2
15559320,2,34,-1,-1,3
15556530,49,1,-1,-1,4
15552671,4,11,-1,-1,4
15555001,34,5,-1,-1,3
15558844,9,13,-1,-1,0
15554279,26,12,-1,-1,7
15557813,18,50,-1,-1,6
15552579,50,6,-1,-1,7
15554215,0,51,-1,-1,4
15547013,54,19,-1,-1,4
15557628,4,21,-1,-1,1
15557425,6,10,-1,-1,1
15555013,7,56,-1,-1,7
15559208,45,46,-1,-1,6
15558769,51,25,-1,-1,3
15559597,38,8,-1,-1,2
15555301,32,45,-1,-1,4
15558616,8,17,-1,-1,1
15559544,26,58,-1,-1,6
15558222,34,8,-1,-1,7
15556929,18,7,-1,-1,2
15546918,36,36,-1,-1,2
15549419,47,17,-1,-1,0
15558254,12,42,-1,-1,2
15555735,26,8,-1,-1,2
15557149,49,38,-1,-1,0
15558946,18,9,-1,-1,4
15557160,24,0,-1,-1,2
15559437,52,36,-1,-1,2
15558172,29,18,-1,-1,7
15559414,13,18,-1,-1,6
15549782,56,27,-1,-1,7
15551100,52,10,-1,-1,2
15559066,12,35,-1,-1,6
15557060,13,32,-1,-1,3
15558715,38,44,-1,-1,0
15554953,50,54,-1,-1,7
15557967,36,11,-1,-1,5
15559535,53,12,-1,-1,5
15558822,39,17,-1,-1,3
15556146,44,53,-1,-1,4
15555183,30,42,-1,-1,0
15557920,32,42,-1,-1,4
15553113,8,44,-1,-1,5
15555106,51,5,-1,-1,1
15552332,28,10,-1,-1,0
15549603,54,40,-1,-1,2
15557285,8,35,-1,-1,3
15556682,26,15,-1,-1,1
15557573,5,41,-1,-1,3
15555739,41,19,-1,-1,0
15558761,15,35,-1,-1,7
15555468,47,6,-1,-1,4
15558192,23,32,-1,-1,7
15559095,54,20,-1,-1,2
15559632,14,1,-1,-1,2
15553453,11,31,-1,-1,7
15555875,2,37,-1,-1,1
15551233,52,18,-1,-1,4
15542237,7,8,-1,-1,2
15556771,28,27,-1,-1,4
15552396,7,54,-1,-1,3
15557411,35,31,-1,-1,5
15559269,30,57,-1,-1,0
15554740,39,19,-1,-1,4
15558973,56,57,-1,-1,1
15557467,39,29,-1,-1,5
15558440,13,23,-1,-1,5
15557741,23,42,-1,-1,3
15557903,31,46,-1,-1,1
15556381,27,39,-1,-1,2
15555774,13,35,-1,-1,0
15557206,13,56,-1,-1,3
15557783,8,4,-1,-1,7
15555084,7,34,-1,-1,5
15559337,25,5,-1,-1,2
15559562,31,7,-1,-1,1
15555676,24,6,-1,-1,7
15559419,57,33,-1,-1,3
15554755,34,42,-1,-1,4
15559492,58,13,-1,-1,4
15558796,6,27,-1,-1,7
15556525,56,39,-1,-1,3
15556603,12,28,-1,-1,2
15558971,47,23,-1,-1,1
15557340,11,22,-1,-1,1
15558550,32,20,-1,-1,6
15557587,51,18,-1,-1,3
15545505,16,9,-1,-1,2
15557642,3,14,-1,-1,2
15558202,47,43,-1,-1,3
15548870,3,57,-1,-1,1
15558919,44,8,-1,-1,7
15557643,36,40,-1,-1,6
15558606,6,32,-1,-1,5
15556367,36,1,-1,-1,7
15550914,17,54,-1,-1,2
15548931,14,38,-1,-1,3
15553923,36,54,-1,-1,0
15558032,17,1,-1,-1,7
15557050,54,26,-1,-1,7
15557849,4,51,-1,-1,5
15555749,51,47,-1,-1,0
15558383,40,6,-1,-1,6
15557924,52,8,-1,-1,6
15554679,29,36,-1,-1,2
15557906,43,46,-1,-1,1
15551429,55,57,-1,-1,3
15557789,6,11,-1,-1,4
15558500,8,54,-1,-1,0
15555823,49,39,-1,-1,3
15558871,41,47,-1,-1,2
15558242,41,20,-1,-1,5
15552760,35,58,-1,-1,6
15555270,12,24,-1,-1,3
15557918,53,26,-1,-1,4
15558142,7,1,-1,-1,3
15551851,26,18,-1,-1,3
15558379,16,57,-1,-1,0
15548926,5,47,-1,-1,2
15557417,49,8,-1,-1,5
15557003,14,46,-1,-1,3
15556776,7,45,-1,-1,0
15557061,9,16,-1,-1,5
15559213,49,36,-1,-1,1
15558983,57,18,-1,-1,3
15554987,47,42,-1,-1,5
15559438,37,36,-1,-1,5
15558862,34,46,-1,-1,1
15557065,22,10,-1,-1,5
15557749,7,4,-1,-1,5
15555204,48,58,-1,-1,1
15555015,57,16,-1,-1,2
15559134,34,0,-1,-1,6
15554645,15,33,-1,-1,6
15552727,53,24,-1,-1,1
15545604,12,10,-1,-1,6
15558602,15,9,-1,-1,5
15558964,47,38,-1,-1,5
15558837,24,20,-1,-1,2
15558866,36,51,-1,-1,2
15557460,31,10,-1,-1,2
15548051,56,54,-1,-1,3
15555471,19,29,-1,-1,1
15554226,58,50,-1,-1,4
15558215,49,43,-1,-1,6
15558624,13,58,-1,-1,2
15555784,43,41,-1,-1,1
15551620,20,47,-1,-1,1
15557595,56,16,-1,-1,6
15553051,19,6,-1,-1,3
15555934,36,57,-1,-1,2
15556751,58,19,-1,-1,0
15559204,21,19,-1,-1,1
15559257,25,37,-1,-1,1
15559105,21,32,-1,-1,2
15557398,44,25,-1,-1,0
15558185,10,50,-1,-1,4
15556850,56,9,-1,-1,4
15557905,47,58,-1,-1,2
15556080,38,45,-1,-1,5
15543273,30,9,-1,-1,2
15557194,6,25,-1,-1,2
15558564,42,24,-1,-1,6
15554812,36,26,-1,-1,3
15556149,37,30,-1,-1,3
15554292,27,14,-1,-1,3
15553584,41,51,-1,-1,1
15552526,13,30,-1,-1,6
15558235,3,26,-1,-1,3
15551275,30,53,-1,-1,6
15559589,58,34,-1,-1,4
15559033,32,40,-1,-1,4
15557452,47,22,-1,-1,1
15557733,32,26,-1,-1,5
15554665,42,47,-1,-1,3
15558501,6,8,-1,-1,1
15557951,46,14,-1,-1,0
15547869,43,31,-1,-1,6
15552482,3,32,-1,-1,4
15556894,14,41,-1,-1,0
15555583,32,39,-1,-1,7
15551032,31,11,-1,-1,0
15559046,8,45,-1,-1,6
15556387,43,9,-1,-1,7
15558055,2,20,-1,-1,2
15558704,4,47,-1,-1,1
15552736,55,26,-1,-1,1
15547921,6,42,-1,-1,7
15559189,56,47,-1,-1,5
15558803,39,13,-1,-1,6
15556802,22,37,-1,-1,5
15558553,47,53,-1,-1,1
15554537,26,40,-1,-1,0
15556012,35,34,-1,-1,3
15548668,0,56,-1,-1,4
15555759,4,18,-1,-1,3
15554492,28,56,-1,-1,4
15556265,39,55,-1,-1,0
15556031,1,51,-1,-1,3
15553312,25,42,-1,-1,3
15556791,26,44,-1,-1,6
15550971,19,27,-1,-1,1
15556547,50,15,-1,-1,3
15556773,55,32,-1,-1,4
15549291,48,20,-1,-1,6
15555433,5,13,-1,-1,5
15558226,22,26,-1,-1,1
15559112,35,29,-1,-1,4
15556925,11,29,-1,-1,2
15557462,39,23,-1,-1,5
15557235,26,37,-1,-1,5
15556402,11,30,-1,-1,6
15530484,48,21,-1,-1,2
15551537,4,17,-1,-1,7
15558562,2,49,-1,-1,6
15551845,54,33,-1,-1,0
15558547,31,39,-1,-1,7
15558149,25,7,-1,-1,4
15556579,44,38,-1,-1,2
15553684,29,6,-1,-1,0
15556393,53,29,-1,-1,6
15549626,20,36,-1,-1,0
15559271,13,16,-1,-1,3
15553100,38,48,-1,-1,7
15558189,57,46,-1,-1,1
15558949,25,15,-1,-1,7
15551294,22,13,-1,-1,7
15558638,12,30,-1,-1,2
15559325,15,15,-1,-1,6
15559466,31,44,-1,-1,0
15556331,38,39,-1,-1,7
15558990,53,22,-1,-1,7
15558139,36,43,-1,-1,4
15552055,22,54,-1,-1,7
15557456,15,18,-1,-1,1
15555076,26,25,-1,-1,1
15558694,36,15,-1,-1,5
15559182,12,15,-1,-1,0
15555773,5,34,-1,-1,0
15558010,50,53,-1,-1,5
15553945,41,2,-1,-1,3
15558328,47,46,-1,-1,6
15554897,2,7,-1,-1,0
15558281,6,51,-1,-1,1
15557503,6,22,-1,-1,7
15557714,56,36,-1,-1,6
15559037,41,26,-1,-1,7
15551148,3,44,-1,-1,3
15558059,43,12,-1,-1,7
15558800,29,46,-1,-1,7
15558028,16,4,-1,-1,1
15554868,46,55,-1,-1,2
15552087,14,33,-1,-1,3
15558667,10,42,-1,-1,4
15553483,10,36,-1,-1,4
15558845,10,38,-1,-1,5
15559336,12,31,-1,-1,6
15559276,56,55,-1,-1,7
15553174,11,11,-1,-1,1
15557034,52,33,-1,-1,2
15551001,45,36,-1,-1,4
15558066,21,36,-1,-1,0
15553928,4,16,-1,-1,4
15553626,45,53,-1,-1,7
15558083,0,29,-1,-1,0
15558608,16,40,-1,-1,6
15558609,39,57,-1,-1,3
15559526,12,55,-1,-1,4
15559190,18,34,-1,-1,1
15557718,21,0,-1,-1,6
15557327,32,29,-1,-1,6
15551061,5,4,-1,-1,5
15558283,8,16,-1,-1,1
15557828,30,6,-1,-1,5
15559640,40,52,-1,-1,0
15557008,50,26,-1,-1,0
15556696,42,34,-1,-1,4
15558195,1,2,-1,-1,3
15557847,12,18,-1,-1,6
15559130,34,39,-1,-1,3
15557794,53,5,-1,-1,1
15554070,37,1,-1,-1,7
15554046,27,9,-1,-1,2
15556549,16,28,-1,-1,6
15555780,49,32,-1,-1,7
15558868,13,39,-1,-1,5
15558312,53,27,-1,-1,2
15555841,45,29,-1,-1,3
15558672,13,44,-1,-1,5
15539167,22,22,-1,-1,0
15559588,4,10,-1,-1,3
15559026,1,9,-1,-1,5
15557091,38,18,-1,-1,0
15559180,43,28,-1,-1,1
15556793,4,57,-1,-1,6
15555924,42,15,-1,-1,7
15559660,52,22,-1,-1,5
15558605,56,51,-1,-1,0
15556234,1,3,-1,-1,3
15554400,52,56,-1,-1,1
15557054,9,15,-1,-1,4
15559050,28,39,-1,-1,7
15557686,9,20,-1,-1,0
15552364,58,0,-1,-1,4
15553405,18,11,-1,-1,0
15557615,58,27,-1,-1,0
15552455,58,38,-1,-1,4
15550904,35,28,-1,-1,4
15555959,47,30,-1,-1,7
15549907,26,34,-1,-1,3
15557441,36,41,-1,-1,4
15559485,0,35,-1,-1,4
15559162,12,48,-1,-1,4
15553757,49,2,-1,-1,4
15558253,53,51,-1,-1,5
15557269,9,45,-1,-1,0
15553927,12,6,-1,-1,4
15558556,28,33,-1,-1,4
15558502,10,33,-1,-1,6
15559228,1,25,-1,-1,1
15559322,4,22,-1,-1,7
15555480,25,47,-1,-1,2
15556785,58,39,-1,-1,6
15559458,54,47,-1,-1,5
15556831,25,40,-1,-1,2
15554406,10,11,-1,-1,5
15556216,6,21,-1,-1,7
15556384,0,21,-1,-1,0
15558393,34,37,-1,-1,1
15557882,24,56,-1,-1,7
15558841,22,31,-1,-1,5
15558828,12,7,-1,-1,4
15558009,52,30,-1,-1,1
15556733,53,46,-1,-1,5
15553181,13,1,-1,-1,3
15557311,16,33,-1,-1,6
15559434,35,9,-1,-1,4
15557803,51,46,-1,-1,4
15555737,21,8,-1,-1,6
15558019,45,11,-1,-1,5
15555984,41,32,-1,-1,0
15553063,1,17,-1,-1,7
15557618,5,45,-1,-1,3
15559444,49,16,-1,-1,5
15555605,30,30,-1,-1,4
15555931,17,43,-1,-1,0
15551167,33,2,-1,-1,5
15545310,0,9,-1,-1,3
15554825,25,56,-1,-1,2
15558674,27,16,-1,-1,2
15558141,17,51,-1,-1,5
15554988,26,6,-1,-1,6
15551160,52,55,-1,-1,0
15559614,38,35,-1,-1,1
15550993,4,38,-1,-1,3
15550542,6,0,-1,-1,2
15559170,7,2,-1,-1,6
15557710,46,7,-1,-1,1
15556560,14,6,-1,-1,2
15554506,43,37,-1,-1,6
15558306,52,17,-1,-1,2
15559536,47,27,-1,-1,0
15559069,24,15,-1,-1,3
15555255,6,46,-1,-1,0
15557978,46,23,-1,-1,3
15557261,15,14,-1,-1,1
15558920,56,20,-1,-1,7
15558346,35,3,-1,-1,6
15554828,58,14,-1,-1,4
15553640,26,11,-1,-1,0
15558145,22,49,-1,-1,6
15558017,16,11,-1,-1,5
15559099,58,5,-1,-1,4
15556186,41,15,-1,-1,1
15559120,50,37,-1,-1,4
15555692,45,28,-1,-1,6
15557182,31,56,-1,-1,1
15556148,46,49,-1,-1,2
15554048,17,17,-1,-1,3
15558570,30,14,-1,-1,4
15556887,1,55,-1,-1,3
15553664,34,1,-1,-1,0
15558302,48,57,-1,-1,7
15557840,13,47,-1,-1,4
15557166,12,26,-1,-1,7
15557323,7,10,-1,-1,4
15558706,37,34,-1,-1,5
15557824,23,8,-1,-1,1
15557816,20,4,-1,-1,5
15557282,19,16,-1,-1,1
15558434,53,35,-1,-1,1
15547512,47,13,-1,-1,4
15557429,16,2,-1,-1,7
15545104,11,54,-1,-1,5
15552504,20,0,-1,-1,4
15558465,16,3,-1,-1,3
15557603,1,33,-1,-1,5
15558243,41,11,-1,-1,4
15550511,14,9,-1,-1,0
15557650,9,37,-1,-1,7
15557116,48,19,-1,-1,3
15546494,39,24,-1,-1,4
15553463,27,53,-1,-1,3
15559559,52,6,-1,-1,0
15556475,57,12,-1,-1,6
15558612,2,46,-1,-1,2
15557180,41,18,-1,-1,7
15558627,41,22,-1,-1,4
15552662,52,58,-1,-1,0
15558824,44,54,-1,-1,2
15558778,46,40,-1,-1,4
15556982,41,34,-1,-1,1
15558921,15,45,-1,-1,5
15555103,10,56,-1,-1,7
15557845,19,54,-1,-1,3
15557869,45,47,-1,-1,3
15553139,55,40,-1,-1,4
15559259,7,32,-1,-1,0
15556307,3,18,-1,-1,1
15556045,55,14,-1,-1,1
15558641,44,37,-1,-1,0
15550214,6,52,-1,-1,3
15558654,3,40,-1,-1,5
15557802,47,9,-1,-1,0
15556937,29,39,-1,-1,3
15556296,35,51,-1,-1,3
15559023,11,20,-1,-1,3
15558410,36,46,-1,-1,1
15559255,46,52,-1,-1,6
15558169,34,41,-1,-1,4
15551183,37,26,-1,-1,1
15554448,57,7,-1,-1,1
15558206,8,20,-1,-1,3
15559612,23,57,-1,-1,6
15558745,12,51,-1,-1,4
15557575,51,29,-1,-1,1
15558430,0,5,-1,-1,1
15556755,55,6,-1,-1,2
15558429,52,16,-1,-1,0
15550616,44,14,-1,-1,7
15557648,8,3,-1,-1,5
15552627,5,49,-1,-1,2
15558121,17,58,-1,-1,7
15556212,10,27,-1,-1,5
15557112,53,21,-1,-1,0
15557674,13,51,-1,-1,3
15555496,43,34,-1,-1,6
15558458,49,40,-1,-1,1
15557267,43,5,-1,-1,7
15554072,45,35,-1,-1,0
15553784,48,46,-1,-1,5
15559051,39,11,-1,-1,7
15559443,56,38,-1,-1,1
15559340,52,40,-1,-1,2
15559007,50,27,-1,-1,1
15558349,47,39,-1,-1,2
15559132,53,50,-1,-1,7
15556499,29,1,-1,-1,6
15558753,21,40,-1,-1,5
15554666,54,2,-1,-1,0
15559505,52,23,-1,-1,5
15557432,19,24,-1,-1,3
15554888,33,27,-1,-1,0
15559052,14,44,-1,-1,5
15559532,7,6,-1,-1,6
15558534,31,1,-1,-1,1
15556703,48,28,-1,-1,2
15552213,3,50,-1,-1,1
15555613,43,55,-1,-1,6
15555710,21,55,-1,-1,6
15556858,22,18,-1,-1,1
15557347,27,28,-1,-1,3
15548938,57,5,-1,-1,7
15552925,55,19,-1,-1,5
15549667,48,25,-1,-1,6
15558777,31,27,-1,-1,2
15548444,10,25,-1,-1,7
15557078,33,4,-1,-1,3
15557912,52,54,-1,-1,7
15558236,5,31,-1,-1,5
15556277,30,3,-1,-1,4
15559521,31,52,-1,-1,1
15554796,2,40,-1,-1,6
15556468,39,6,-1,-1,5
15559321,36,52,-1,-1,6
15556015,35,12,-1,-1,3
15558579,13,42,-1,-1,7
15553260,11,8,-1,-1,3
15559509,7,16,-1,-1,1
15556136,56,32,-1,-1,4
15558086,27,47,-1,-1,2
15559065,53,15,-1,-1,0
15556900,37,41,-1,-1,0
15554767,51,38,-1,-1,2
15553989,40,15,-1,-1,4
15545807,55,28,-1,-1,0
15558506,2,50,-1,-1,3
15553864,13,45,-1,-1,7
15558132,29,56,-1,-1,3
15559236,25,34,-1,-1,7
15557148,57,36,-1,-1,5
15558954,29,37,-1,-1,2
15559133,52,57,-1,-1,3
15558457,26,27,-1,-1,1
15552509,17,12,-1,-1,4
15558423,48,31,-1,-1,0
15559036,44,16,-1,-1,6
15552591,53,45,-1,-1,3
15557179,30,34,-1,-1,3
15559293,42,21,-1,-1,1
15557132,11,51,-1,-1,5
15553616,46,48,-1,-1,2
15559445,20,21,-1,-1,6
15559638,5,48,-1,-1,4
15554743,22,14,-1,-1,3
15559498,49,49,-1,-1,0
15549915,0,31,-1,-1,4
15556606,21,26,-1,-1,6
15554501,35,39,-1,-1,3
15555621,54,4,-1,-1,4
15556317,11,44,-1,-1,4
15559402,54,31,-1,-1,1
15558695,16,17,-1,-1,5
15559380,22,39,-1,-1,0
15555460,16,29,-1,-1,0
15558682,1,21,-1,-1,7
15558588,45,22,-1,-1,2
15553434,1,44,-1,-1,0
15558603,10,21,-1,-1,0
15558478,39,31,-1,-1,1
15550334,8,52,-1,-1,0
15558394,29,54,-1,-1,0
15557985,37,24,-1,-1,5
15555153,13,20,-1,-1,2
15557688,42,57,-1,-1,2
15558486,3,0,-1,-1,6
15554013,40,45,-1,-1,3
15556301,53,14,-1,-1,6
15546171,51,7,-1,-1,7
15558863,20,23,-1,-1,5
15558006,18,53,-1,-1,4
15553867,54,56,-1,-1,6
15549410,50,16,-1,-1,4
15557249,44,50,-1,-1,6
15554815,0,12,-1,-1,4
15556174,38,34,-1,-1,5
15557943,46,33,-1,-1,3
15559174,34,14,-1,-1,3
15554990,53,25,-1,-1,3
15559651,13,27,-1,-1,3
15557865,6,14,-1,-1,5
15555275,12,34,-1,-1,3
15559205,53,31,-1,-1,3
15558466,35,47,-1,-1,5
15551309,3,22,-1,-1,5
15559627,36,56,-1,-1,6
15559127,36,17,-1,-1,1
15558926,33,45,-1,-1,7
15550396,4,13,-1,-1,0
15558447,22,46,-1,-1,2
15551909,12,53,-1,-1,1
15558060,19,55,-1,-1,5
15557037,48,41,-1,-1,3
15559416,43,51,-1,-1,1
15553504,44,12,-1,-1,7
15557027,55,51,-1,-1,5
15557771,50,28,-1,-1,5
15547032,19,0,-1,-1,5
15558910,0,53,-1,-1,2
15558473,12,19,-1,-1,3
15558125,11,24,-1,-1,1
15555440,48,55,-1,-1,2
15549875,28,29,-1,-1,3
15557345,45,52,-1,-1,0
15559584,37,39,-1,-1,3
15558031,43,57,-1,-1,4
15553759,51,33,-1,-1,2
15559625,50,19,-1,-1,5
15559404,37,44,-1,-1,0
15558333,18,52,-1,-1,1
15553182,14,39,-1,-1,2
15556841,31,40,-1,-1,2
15557423,1,12,-1,-1,6
15556060,33,47,-1,-1,5
15559076,42,29,-1,-1,5
15555345,50,57,-1,-1,2
15556613,20,14,-1,-1,0
15556886,19,2,-1,-1,7
15546083,20,7,-1,-1,0
15551891,0,55,-1,-1,3
15558103,5,28,-1,-1,2
15558784,10,45,-1,-1,0
15559618,53,41,-1,-1,1
15559169,15,51,-1,-1,4
15557939,51,16,-1,-1,6
15557611,45,55,-1,-1,6
15549687,48,53,-1,-1,6
15554181,45,16,-1,-1,4
15553455,32,57,-1,-1,4
15546368,14,32,-1,-1,5
15555922,32,2,-1,-1,4
15548033,31,9,-1,-1,1
15558644,53,44,-1,-1,1
15559295,11,13,-1,-1,7
15548316,29,40,-1,-1,2
15555409,16,51,-1,-1,1
15559200,15,4,-1,-1,0
15558810,38,30,-1,-1,6
15558816,23,51,-1,-1,5
15551002,24,7,-1,-1,0
15556677,5,40,-1,-1,3
15554341,24,28,-1,-1,3
15549945,27,3,-1,-1,2
15554992,35,15,-1,-1,5
15559304,32,24,-1,-1,3
15557756,47,52,-1,-1,3
15554851,16,42,-1,-1,0
15556451,50,4,-1,-1,7
15557569,17,21,-1,-1,2
15559018,12,32,-1,-1,0
15556959,33,18,-1,-1,4
15558827,17,15,-1,-1,1
15548387,9,33,-1,-1,4
15555838,49,5,-1,-1,6
15557815,44,28,-1,-1,7
15555339,41,7,-1,-1,1
15558271,42,35,-1,-1,1
15558338,1,38,-1,-1,1
15556566,34,7,-1,-1,3
15557645,26,0,-1,-1,5
15559362,26,49,-1,-1,2
15558867,11,33,-1,-1,5
15552732,44,4,-1,-1,1
15557355,41,0,-1,-1,2
15552680,34,50,-1,-1,0
15559016,41,5,-1,-1,2
15557703,44,41,-1,-1,7
15555868,32,44,-1,-1,1
15554459,32,16,-1,-1,0
15557153,4,55,-1,-1,0
15558879,11,28,-1,-1,7
15559222,3,33,-1,-1,5
15557838,22,5,-1,-1,1
15554976,43,40,-1,-1,5
15545255,39,54,-1,-1,4
15555597,38,27,-1,-1,5
15556049,43,44,-1,-1,6
15556161,17,22,-1,-1,6
15559373,49,24,-1,-1,3
15559267,31,36,-1,-1,6
15549317,26,26,-1,-1,1
15558194,29,55,-1,-1,2
15558296,28,52,-1,-1,1
15549602,47,57,-1,-1,7
15558894,48,24,-1,-1,1
15557644,33,42,-1,-1,6
15559426,42,41,-1,-1,2
15558205,20,18,-1,-1,4
15559100,51,48,-1,-1,1
15556284,17,4,-1,-1,4
15558793,4,19,-1,-1,1
15557742,19,37,-1,-1,1
15554642,48,50,-1,-1,5
15558647,5,18,-1,-1,0
15558054,13,33,-1,-1,5
15552933,16,15,-1,-1,1
15559287,33,1,-1,-1,2
15554053,48,12,-1,-1,3
15559537,13,4,-1,-1,2
15559388,1,4,-1,-1,7
15559278,58,49,-1,-1,4
15554959,34,11,-1,-1,0
15557732,11,10,-1,-1,3
15549125,46,43,-1,-1,5
15557208,55,48,-1,-1,7
15558361,12,0,-1,-1,4
15559626,14,23,-1,-1,5
15559140,22,21,-1,-1,5
15556478,15,5,-1,-1,6
15556980,9,32,-1,-1,6
15546583,6,6,-1,-1,1
15558980,5,25,-1,-1,2
15557820,16,1,-1,-1,3
15558714,39,18,-1,-1,7
15557466,54,39,-1,-1,1
15557379,46,25,-1,-1,3
15556481,37,49,-1,-1,2
15557237,3,36,-1,-1,0
15556374,38,12,-1,-1,6
15551763,25,29,-1,-1,5
15559068,35,17,-1,-1,2
15556118,58,12,-1,-1,6
15558368,12,47,-1,-1,1
15556986,53,37,-1,-1,1
15557397,15,40,-1,-1,3
15558497,28,24,-1,-1,5
15559538,19,49,-1,-1,4
15559661,15,57,-1,-1,6
