131.517 131.517 131.517 131.517 131.517 131.517 131.517 131.517 131.517 131.517 131.517 131.517 131.517 131.517 131.517 131.517 131.517 131.517 131.517 131.517 131.517 131.517 131.517 131.517 131.517 131.517 131.517 131.517 131.517 131.517 131.517 131.517 131.517 131.517 131.517 131.517 131.517 131.517 131.517 131.517 131.517 131.517 131.517 131.517 131.517 131.517 131.517 131.517 131.517 131.517 131.517 131.517 131.517 131.517 131.517 131.517 131.517 131.517 131.517 
131.517 131.517 131.517 131.517 131.517 131.517 131.517 131.517 131.517 131.517 131.517 131.517 131.517 131.517 131.517 131.517 131.517 131.517 131.517 131.517 131.517 131.517 131.517 131.517 131.517 131.517 131.517 131.517 131.517 131.517 131.517 131.517 131.517 131.517 131.517 131.517 131.517 131.517 131.517 131.517 131.517 131.517 131.517 131.517 131.517 131.517 131.517 131.517 131.517 131.517 131.517 131.517 131.517 131.517 131.517 131.517 131.517 131.517 131.517 
131.517 131.517 131.517 131.517 131.517 131.517 131.517 131.517 131.517 131.517 131.517 131.517 131.517 131.517 131.517 131.517 131.517 131.517 131.517 131.517 131.517 131.517 131.517 131.517 131.517 131.517 131.517 131.517 131.517 131.517 131.517 131.517 131.517 131.517 131.517 131.517 131.517 131.517 131.517 131.517 131.517 131.517 131.517 131.517 131.517 131.517 131.517 131.517 131.517 131.517 131.517 131.517 131.517 131.517 131.517 131.517 131.517 131.517 131.517 
131.517 131.517 131.517 131.517 131.517 131.517 131.517 131.517 131.517 131.517 131.517 131.517 131.517 131.517 131.517 131.517 131.517 131.517 131.517 131.517 131.517 131.517 131.517 131.517 131.517 131.517 131.517 131.517 131.517 131.517 131.517 131.517 131.517 131.517 131.517 131.517 131.517 131.517 131.517 131.517 131.517 131.517 131.517 131.517 131.517 131.517 131.517 131.517 131.517 131.517 131.517 131.517 131.517 131.517 131.517 131.517 131.517 131.517 131.517 
131.517 131.517 131.517 131.517 131.517 131.517 131.517 131.517 131.517 131.517 131.517 131.517 131.517 131.517 131.517 131.517 131.517 131.517 131.517 131.517 131.517 131.517 131.517 131.517 131.517 131.517 131.517 131.517 131.517 131.517 131.517 131.517 131.517 131.517 131.517 131.517 131.517 131.517 131.517 131.517 131.517 131.517 131.517 131.517 131.517 131.517 131.517 131.517 131.517 131.517 131.517 131.517 131.517 131.517 131.517 131.517 131.517 131.517 131.517 
131.517 131.517 131.517 131.517 131.517 131.517 131.517 131.517 131.517 131.517 131.517 131.517 131.517 131.517 131.517 131.517 131.517 131.517 131.517 131.517 131.517 131.517 131.517 131.517 131.517 131.517 131.517 131.517 131.517 131.517 131.517 131.517 131.517 131.517 131.517 131.517 131.517 131.517 131.517 131.517 131.517 131.517 131.517 131.517 131.517 131.517 131.517 131.517 131.517 131.517 131.517 131.517 131.517 131.517 131.517 131.517 131.517 131.517 131.517 
131.517 131.517 131.517 131.517 131.517 131.517 131.517 131.517 131.517 131.517 131.517 131.517 131.517 131.517 131.517 131.517 131.517 131.517 131.517 131.517 131.517 131.517 131.517 131.517 131.517 131.517 131.517 131.517 131.517 131.517 131.517 131.517 131.517 131.517 131.517 131.517 131.517 131.517 131.517 131.517 131.517 131.517 131.517 131.517 131.517 131.517 131.517 131.517 131.517 131.517 131.517 131.517 131.517 131.517 131.517 131.517 131.517 131.517 131.517 
131.517 131.517 131.517 131.517 131.517 131.517 131.517 131.517 131.517 131.517 131.517 131.517 131.517 131.517 131.517 131.517 131.517 131.517 131.517 131.517 131.517 131.517 131.517 131.517 131.517 131.517 131.517 131.517 131.517 131.517 131.517 131.517 131.517 131.517 131.517 131.517 131.517 131.517 131.517 131.517 131.517 131.517 131.517 131.517 131.517 131.517 131.517 131.517 131.517 131.517 131.517 131.517 131.517 131.517 131.517 131.517 131.517 131.517 131.517 
131.517 131.517 131.517 131.517 131.517 131.517 131.517 131.517 131.517 131.517 131.517 131.517 131.517 131.517 131.517 131.517 131.517 131.517 131.517 131.517 131.517 131.517 131.517 131.517 131.517 131.517 131.517 131.517 131.517 131.517 131.517 131.517 131.517 131.517 131.517 131.517 131.517 131.517 131.517 131.517 131.517 131.517 131.517 131.517 131.517 131.517 131.517 131.517 131.517 131.517 131.517 131.517 131.517 131.517 131.517 131.517 131.517 131.517 131.517 
131.517 131.517 131.517 131.517 131.517 131.517 131.517 131.517 131.517 131.517 131.517 131.517 131.517 131.517 131.517 131.517 131.517 131.517 131.517 131.517 131.517 131.517 131.517 131.517 131.517 131.517 131.517 131.517 131.517 131.517 131.517 131.517 131.517 131.517 131.517 131.517 131.517 131.517 131.517 131.517 131.517 131.517 131.517 131.517 131.517 131.517 131.517 131.517 131.517 131.517 131.517 131.517 131.517 131.517 131.517 131.517 131.517 131.517 131.517 
131.517 131.517 131.517 131.517 131.517 131.517 131.517 131.517 131.517 131.517 131.517 131.517 131.517 131.517 131.517 131.517 131.517 131.517 131.517 131.517 131.517 131.517 131.517 131.517 131.517 131.517 131.517 131.517 131.517 131.517 131.517 131.517 131.517 131.517 131.517 131.517 131.517 131.517 131.517 131.517 131.517 131.517 131.517 131.517 131.517 131.517 131.517 131.517 131.517 131.517 131.517 131.517 131.517 131.517 131.517 131.517 131.517 131.517 131.517 
131.517 131.517 131.517 131.517 131.517 131.517 131.517 131.517 131.517 131.517 131.517 131.517 131.517 131.517 131.517 131.517 131.517 131.517 131.517 131.517 131.517 131.517 131.517 131.517 131.517 131.517 131.517 131.517 131.517 131.517 131.517 131.517 131.517 131.517 131.517 131.517 131.517 131.517 131.517 131.517 131.517 131.517 131.517 131.517 131.517 131.517 131.517 131.517 131.517 131.517 131.517 131.517 131.517 131.517 131.517 131.517 131.517 131.517 131.517 
131.517 131.517 131.517 131.517 131.517 131.517 131.517 131.517 131.517 131.517 131.517 131.517 131.517 131.517 131.517 131.517 131.517 131.517 131.517 131.517 131.517 131.517 131.517 131.517 131.517 131.517 131.517 131.517 131.517 131.517 131.517 131.517 131.517 131.517 131.517 131.517 131.517 131.517 131.517 131.517 131.517 131.517 131.517 131.517 131.517 131.517 131.517 131.517 131.517 131.517 131.517 131.517 131.517 131.517 131.517 131.517 131.517 131.517 131.517 
131.517 131.517 131.517 131.517 131.517 131.517 131.517 131.517 131.517 131.517 131.517 131.517 131.517 131.517 131.517 131.517 131.517 131.517 131.517 131.517 131.517 131.517 131.517 131.517 131.517 131.517 131.517 131.517 131.517 131.517 131.517 131.517 131.517 131.517 131.517 131.517 131.517 131.517 131.517 131.517 131.517 131.517 131.517 131.517 131.517 131.517 131.517 131.517 131.517 131.517 131.517 131.517 131.517 131.517 131.517 131.517 131.517 131.517 131.517 
131.517 131.517 131.517 131.517 131.517 131.517 131.517 131.517 131.517 131.517 131.517 131.517 131.517 131.517 131.517 131.517 131.517 131.517 131.517 131.517 131.517 131.517 131.517 131.517 131.517 131.517 131.517 131.517 131.517 131.517 131.517 131.517 131.517 131.517 131.517 131.517 131.517 131.517 131.517 131.517 131.517 131.517 131.517 131.517 131.517 131.517 131.517 131.517 131.517 131.517 131.517 131.517 131.517 131.517 131.517 131.517 131.517 131.517 131.517 
131.517 131.517 131.517 131.517 131.517 131.517 131.517 131.517 131.517 131.517 131.517 131.517 131.517 131.517 131.517 131.517 131.517 131.517 131.517 131.517 131.517 131.517 131.517 131.517 131.517 131.517 131.517 131.517 131.517 131.517 131.517 131.517 131.517 131.517 131.517 131.517 131.517 131.517 131.517 131.517 131.517 131.517 131.517 131.517 131.517 131.517 131.517 131.517 131.517 131.517 131.517 131.517 131.517 131.517 131.517 131.517 131.517 131.517 131.517 
131.517 131.517 131.517 131.517 131.517 131.517 131.517 131.517 131.517 131.517 131.517 131.517 131.517 131.517 131.517 131.517 131.517 131.517 131.517 131.517 131.517 131.517 131.517 131.517 131.517 131.517 131.517 131.517 131.517 131.517 131.517 131.517 131.517 131.517 131.517 131.517 131.517 131.517 131.517 131.517 131.517 131.517 131.517 131.517 131.517 131.517 131.517 131.517 131.517 131.517 131.517 131.517 131.517 131.517 131.517 131.517 131.517 131.517 131.517 
131.517 131.517 131.517 131.517 131.517 131.517 131.517 131.517 131.517 131.517 131.517 131.517 131.517 131.517 131.517 131.517 131.517 131.517 131.517 131.517 131.517 131.517 131.517 131.517 131.517 131.517 131.517 131.517 131.517 131.517 131.517 131.517 131.517 131.517 131.517 131.517 131.517 131.517 131.517 131.517 131.517 131.517 131.517 131.517 131.517 131.517 131.517 131.517 131.517 131.517 131.517 131.517 131.517 131.517 131.517 131.517 131.517 131.517 131.517 
131.517 131.517 131.517 131.517 131.517 131.517 131.517 131.517 131.517 131.517 131.517 131.517 131.517 131.517 131.517 131.517 131.517 131.517 131.517 131.517 131.517 131.517 131.517 131.517 131.517 131.517 131.517 131.517 131.517 131.517 131.517 131.517 131.517 131.517 131.517 131.517 131.517 131.517 131.517 131.517 131.517 131.517 131.517 131.517 131.517 131.517 131.517 131.517 131.517 131.517 131.517 131.517 131.517 131.517 131.517 131.517 131.517 131.517 131.517 
131.517 131.517 131.517 131.517 131.517 131.517 131.517 131.517 131.517 131.517 131.517 131.517 131.517 131.517 131.517 131.517 131.517 131.517 131.517 131.517 131.517 131.517 131.517 131.517 131.517 131.517 131.517 131.517 131.517 131.517 131.517 131.517 131.517 131.517 131.517 131.517 131.517 131.517 131.517 131.517 131.517 131.517 131.517 131.517 131.517 131.517 131.517 131.517 131.517 131.517 131.517 131.517 131.517 131.517 131.517 131.517 131.517 131.517 131.517 
131.517 131.517 131.517 131.517 131.517 131.517 131.517 131.517 131.517 131.517 131.517 131.517 131.517 131.517 131.517 131.517 131.517 131.517 131.517 131.517 131.517 131.517 131.517 131.517 131.517 131.517 131.517 131.517 131.517 131.517 131.517 131.517 131.517 131.517 131.517 131.517 131.517 131.517 131.517 131.517 131.517 131.517 131.517 131.517 131.517 131.517 131.517 131.517 131.517 131.517 131.517 131.517 131.517 131.517 131.517 131.517 131.517 131.517 131.517 
131.517 131.517 131.517 131.517 131.517 131.517 131.517 131.517 131.517 131.517 131.517 131.517 131.517 131.517 131.517 131.517 131.517 131.517 131.517 131.517 131.517 131.517 131.517 131.517 131.517 131.517 131.517 131.517 131.517 131.517 131.517 131.517 131.517 131.517 131.517 131.517 131.517 131.517 131.517 131.517 131.517 131.517 131.517 131.517 131.517 131.517 131.517 131.517 131.517 131.517 131.517 131.517 131.517 131.517 131.517 131.517 131.517 131.517 131.517 
131.517 131.517 131.517 131.517 131.517 131.517 131.517 131.517 131.517 131.517 131.517 131.517 131.517 131.517 131.517 131.517 131.517 131.517 131.517 131.517 131.517 131.517 131.517 131.517 131.517 131.517 131.517 131.517 131.517 131.517 131.517 131.517 131.517 131.517 131.517 131.517 131.517 131.517 131.517 131.517 131.517 131.517 131.517 131.517 131.517 131.517 131.517 131.517 131.517 131.517 131.517 131.517 131.517 131.517 131.517 131.517 131.517 131.517 131.517 
131.517 131.517 131.517 131.517 131.517 131.517 131.517 131.517 131.517 131.517 131.517 131.517 131.517 131.517 131.517 131.517 131.517 131.517 131.517 131.517 131.517 131.517 131.517 131.517 131.517 131.517 131.517 131.517 131.517 131.517 131.517 131.517 131.517 131.517 131.517 131.517 131.517 131.517 131.517 131.517 131.517 131.517 131.517 131.517 131.517 131.517 131.517 131.517 131.517 131.517 131.517 131.517 131.517 131.517 131.517 131.517 131.517 131.517 131.517 
131.517 131.517 131.517 131.517 131.517 131.517 131.517 131.517 131.517 131.517 131.517 131.517 131.517 131.517 131.517 131.517 131.517 131.517 131.517 131.517 131.517 131.517 131.517 131.517 131.517 131.517 131.517 131.517 131.517 131.517 131.517 131.517 131.517 131.517 131.517 131.517 131.517 131.517 131.517 131.517 131.517 131.517 131.517 131.517 131.517 131.517 131.517 131.517 131.517 131.517 131.517 131.517 131.517 131.517 131.517 131.517 131.517 131.517 131.517 
131.517 131.517 131.517 131.517 131.517 131.517 131.517 131.517 131.517 131.517 131.517 131.517 131.517 131.517 131.517 131.517 131.517 131.517 131.517 131.517 131.517 131.517 131.517 131.517 131.517 131.517 131.517 131.517 131.517 131.517 131.517 131.517 131.517 131.517 131.517 131.517 131.517 131.517 131.517 131.517 131.517 131.517 131.517 131.517 131.517 131.517 131.517 131.517 131.517 131.517 131.517 131.517 131.517 131.517 131.517 131.517 131.517 131.517 131.517 
131.517 131.517 131.517 131.517 131.517 131.517 131.517 131.517 131.517 131.517 131.517 131.517 131.517 131.517 131.517 131.517 131.517 131.517 131.517 131.517 131.517 131.517 131.517 131.517 131.517 131.517 131.517 131.517 131.517 131.517 131.517 131.517 131.517 131.517 131.517 131.517 131.517 131.517 131.517 131.517 131.517 131.517 131.517 131.517 131.517 131.517 131.517 131.517 131.517 131.517 131.517 131.517 131.517 131.517 131.517 131.517 131.517 131.517 131.517 
131.517 131.517 131.517 131.517 131.517 131.517 131.517 131.517 131.517 131.517 131.517 131.517 131.517 131.517 131.517 131.517 131.517 131.517 131.517 131.517 131.517 131.517 131.517 131.517 131.517 131.517 131.517 131.517 131.517 131.517 131.517 131.517 131.517 131.517 131.517 131.517 131.517 131.517 131.517 131.517 131.517 131.517 131.517 131.517 131.517 131.517 131.517 131.517 131.517 131.517 131.517 131.517 131.517 131.517 131.517 131.517 131.517 131.517 131.517 
131.517 131.517 131.517 131.517 131.517 131.517 131.517 131.517 131.517 131.517 131.517 131.517 131.517 131.517 131.517 131.517 131.517 131.517 131.517 131.517 131.517 131.517 131.517 131.517 131.517 131.517 131.517 131.517 131.517 131.517 131.517 131.517 131.517 131.517 131.517 131.517 131.517 131.517 131.517 131.517 131.517 131.517 131.517 131.517 131.517 131.517 131.517 131.517 131.517 131.517 131.517 131.517 131.517 131.517 131.517 131.517 131.517 131.517 131.517 
131.517 131.517 131.517 131.517 131.517 131.517 131.517 131.517 131.517 131.517 131.517 131.517 131.517 131.517 131.517 131.517 131.517 131.517 131.517 131.517 131.517 131.517 131.517 131.517 131.517 131.517 131.517 131.517 131.517 131.517 131.517 131.517 131.517 131.517 131.517 131.517 131.517 131.517 131.517 131.517 131.517 131.517 131.517 131.517 131.517 131.517 131.517 131.517 131.517 131.517 131.517 131.517 131.517 131.517 131.517 131.517 131.517 131.517 131.517 
131.517 131.517 131.517 131.517 131.517 131.517 131.517 131.517 131.517 131.517 131.517 131.517 131.517 131.517 131.517 131.517 131.517 131.517 131.517 131.517 131.517 131.517 131.517 131.517 131.517 131.517 131.517 131.517 131.517 131.517 131.517 131.517 131.517 131.517 131.517 131.517 131.517 131.517 131.517 131.517 131.517 131.517 131.517 131.517 131.517 131.517 131.517 131.517 131.517 131.517 131.517 131.517 131.517 131.517 131.517 131.517 131.517 131.517 131.517 
131.517 131.517 131.517 131.517 131.517 131.517 131.517 131.517 131.517 131.517 131.517 131.517 131.517 131.517 131.517 131.517 131.517 131.517 131.517 131.517 131.517 131.517 131.517 131.517 131.517 131.517 131.517 131.517 131.517 131.517 131.517 131.517 131.517 131.517 131.517 131.517 131.517 131.517 131.517 131.517 131.517 131.517 131.517 131.517 131.517 131.517 131.517 131.517 131.517 131.517 131.517 131.517 131.517 131.517 131.517 131.517 131.517 131.517 131.517 
131.517 131.517 131.517 131.517 131.517 131.517 131.517 131.517 131.517 131.517 131.517 131.517 131.517 131.517 131.517 131.517 131.517 131.517 131.517 131.517 131.517 131.517 131.517 131.517 131.517 131.517 131.517 131.517 131.517 131.517 131.517 131.517 131.517 131.517 131.517 131.517 131.517 131.517 131.517 131.517 131.517 131.517 131.517 131.517 131.517 131.517 131.517 131.517 131.517 131.517 131.517 131.517 131.517 131.517 131.517 131.517 131.517 131.517 131.517 
131.517 131.517 131.517 131.517 131.517 131.517 131.517 131.517 131.517 131.517 131.517 131.517 131.517 131.517 131.517 131.517 131.517 131.517 131.517 131.517 131.517 131.517 131.517 131.517 131.517 131.517 131.517 131.517 131.517 131.517 131.517 131.517 131.517 131.517 131.517 131.517 131.517 131.517 131.517 131.517 131.517 131.517 131.517 131.517 131.517 131.517 131.517 131.517 131.517 131.517 131.517 131.517 131.517 131.517 131.517 131.517 131.517 131.517 131.517 
131.517 131.517 131.517 131.517 131.517 131.517 131.517 131.517 131.517 131.517 131.517 131.517 131.517 131.517 131.517 131.517 131.517 131.517 131.517 131.517 131.517 131.517 131.517 131.517 131.517 131.517 131.517 131.517 131.517 131.517 131.517 131.517 131.517 131.517 131.517 131.517 131.517 131.517 131.517 131.517 131.517 131.517 131.517 131.517 131.517 131.517 131.517 131.517 131.517 131.517 131.517 131.517 131.517 131.517 131.517 131.517 131.517 131.517 131.517 
131.517 131.517 131.517 131.517 131.517 131.517 131.517 131.517 131.517 131.517 131.517 131.517 131.517 131.517 131.517 131.517 131.517 131.517 131.517 131.517 131.517 131.517 131.517 131.517 131.517 131.517 131.517 131.517 131.517 131.517 131.517 131.517 131.517 131.517 131.517 131.517 131.517 131.517 131.517 131.517 131.517 131.517 131.517 131.517 131.517 131.517 131.517 131.517 131.517 131.517 131.517 131.517 131.517 131.517 131.517 131.517 131.517 131.517 131.517 
131.517 131.517 131.517 131.517 131.517 131.517 131.517 131.517 131.517 131.517 131.517 131.517 131.517 131.517 131.517 131.517 131.517 131.517 131.517 131.517 131.517 131.517 131.517 131.517 131.517 131.517 131.517 131.517 131.517 131.517 131.517 131.517 131.517 131.517 131.517 131.517 131.517 131.517 131.517 131.517 131.517 131.517 131.517 131.517 131.517 131.517 131.517 131.517 131.517 131.517 131.517 131.517 131.517 131.517 131.517 131.517 131.517 131.517 131.517 
131.517 131.517 131.517 131.517 131.517 131.517 131.517 131.517 131.517 131.517 131.517 131.517 131.517 131.517 131.517 131.517 131.517 131.517 131.517 131.517 131.517 131.517 131.517 131.517 131.517 131.517 131.517 131.517 131.517 131.517 131.517 131.517 131.517 131.517 131.517 131.517 131.517 131.517 131.517 131.517 131.517 131.517 131.517 131.517 131.517 131.517 131.517 131.517 131.517 131.517 131.517 131.517 131.517 131.517 131.517 131.517 131.517 131.517 131.517 
131.517 131.517 131.517 131.517 131.517 131.517 131.517 131.517 131.517 131.517 131.517 131.517 131.517 131.517 131.517 131.517 131.517 131.517 131.517 131.517 131.517 131.517 131.517 131.517 131.517 131.517 131.517 131.517 131.517 131.517 131.517 131.517 131.517 131.517 131.517 131.517 131.517 131.517 131.517 131.517 131.517 131.517 131.517 131.517 131.517 131.517 131.517 131.517 131.517 131.517 131.517 131.517 131.517 131.517 131.517 131.517 131.517 131.517 131.517 
131.517 131.517 131.517 131.517 131.517 131.517 131.517 131.517 131.517 131.517 131.517 131.517 131.517 131.517 131.517 131.517 131.517 131.517 131.517 131.517 131.517 131.517 131.517 131.517 131.517 131.517 131.517 131.517 131.517 131.517 131.517 131.517 131.517 131.517 131.517 131.517 131.517 131.517 131.517 131.517 131.517 131.517 131.517 131.517 131.517 131.517 131.517 131.517 131.517 131.517 131.517 131.517 131.517 131.517 131.517 131.517 131.517 131.517 131.517 
131.517 131.517 131.517 131.517 131.517 131.517 131.517 131.517 131.517 131.517 131.517 131.517 131.517 131.517 131.517 131.517 131.517 131.517 131.517 131.517 131.517 131.517 131.517 131.517 131.517 131.517 131.517 131.517 131.517 131.517 131.517 131.517 131.517 131.517 131.517 131.517 131.517 131.517 131.517 131.517 131.517 131.517 131.517 131.517 131.517 131.517 131.517 131.517 131.517 131.517 131.517 131.517 131.517 131.517 131.517 131.517 131.517 131.517 131.517 
131.517 131.517 131.517 131.517 131.517 131.517 131.517 131.517 131.517 131.517 131.517 131.517 131.517 131.517 131.517 131.517 131.517 131.517 131.517 131.517 131.517 131.517 131.517 131.517 131.517 131.517 131.517 131.517 131.517 131.517 131.517 131.517 131.517 131.517 131.517 131.517 131.517 131.517 131.517 131.517 131.517 131.517 131.517 131.517 131.517 131.517 131.517 131.517 131.517 131.517 131.517 131.517 131.517 131.517 131.517 131.517 131.517 131.517 131.517 
131.517 131.517 131.517 131.517 131.517 131.517 131.517 131.517 131.517 131.517 131.517 131.517 131.517 131.517 131.517 131.517 131.517 131.517 131.517 131.517 131.517 131.517 131.517 131.517 131.517 131.517 131.517 131.517 131.517 131.517 131.517 131.517 131.517 131.517 131.517 131.517 131.517 131.517 131.517 131.517 131.517 131.517 131.517 131.517 131.517 131.517 131.517 131.517 131.517 131.517 131.517 131.517 131.517 131.517 131.517 131.517 131.517 131.517 131.517 
131.517 131.517 131.517 131.517 131.517 131.517 131.517 131.517 131.517 131.517 131.517 131.517 131.517 131.517 131.517 131.517 131.517 131.517 131.517 131.517 131.517 131.517 131.517 131.517 131.517 131.517 131.517 131.517 131.517 131.517 131.517 131.517 131.517 131.517 131.517 131.517 131.517 131.517 131.517 131.517 131.517 131.517 131.517 131.517 131.517 131.517 131.517 131.517 131.517 131.517 131.517 131.517 131.517 131.517 131.517 131.517 131.517 131.517 131.517 
131.517 131.517 131.517 131.517 131.517 131.517 131.517 131.517 131.517 131.517 131.517 131.517 131.517 131.517 131.517 131.517 131.517 131.517 131.517 131.517 131.517 131.517 131.517 131.517 131.517 131.517 131.517 131.517 131.517 131.517 131.517 131.517 131.517 131.517 131.517 131.517 131.517 131.517 131.517 131.517 131.517 131.517 131.517 131.517 131.517 131.517 131.517 131.517 131.517 131.517 131.517 131.517 131.517 131.517 131.517 131.517 131.517 131.517 131.517 
131.517 131.517 131.517 131.517 131.517 131.517 131.517 131.517 131.517 131.517 131.517 131.517 131.517 131.517 131.517 131.517 131.517 131.517 131.517 131.517 131.517 131.517 131.517 131.517 131.517 131.517 131.517 131.517 131.517 131.517 131.517 131.517 131.517 131.517 131.517 131.517 131.517 131.517 131.517 131.517 131.517 131.517 131.517 131.517 131.517 131.517 131.517 131.517 131.517 131.517 131.517 131.517 131.517 131.517 131.517 131.517 131.517 131.517 131.517 
131.517 131.517 131.517 131.517 131.517 131.517 131.517 131.517 131.517 131.517 131.517 131.517 131.517 131.517 131.517 131.517 131.517 131.517 131.517 131.517 131.517 131.517 131.517 131.517 131.517 131.517 131.517 131.517 131.517 131.517 131.517 131.517 131.517 131.517 131.517 131.517 131.517 131.517 131.517 131.517 131.517 131.517 131.517 131.517 131.517 131.517 131.517 131.517 131.517 131.517 131.517 131.517 131.517 131.517 131.517 131.517 131.517 131.517 131.517 
131.517 131.517 131.517 131.517 131.517 131.517 131.517 131.517 131.517 131.517 131.517 131.517 131.517 131.517 131.517 131.517 131.517 131.517 131.517 131.517 131.517 131.517 131.517 131.517 131.517 131.517 131.517 131.517 131.517 131.517 131.517 131.517 131.517 131.517 131.517 131.517 131.517 131.517 131.517 131.517 131.517 131.517 131.517 131.517 131.517 131.517 131.517 131.517 131.517 131.517 131.517 131.517 131.517 131.517 131.517 131.517 131.517 131.517 131.517 
131.517 131.517 131.517 131.517 131.517 131.517 131.517 131.517 131.517 131.517 131.517 131.517 131.517 131.517 131.517 131.517 131.517 131.517 131.517 131.517 131.517 131.517 131.517 131.517 131.517 131.517 131.517 131.517 131.517 131.517 131.517 131.517 131.517 131.517 131.517 131.517 131.517 131.517 131.517 131.517 131.517 131.517 131.517 131.517 131.517 131.517 131.517 131.517 131.517 131.517 131.517 131.517 131.517 131.517 131.517 131.517 131.517 131.517 131.517 
131.517 131.517 131.517 131.517 131.517 131.517 131.517 131.517 131.517 131.517 131.517 131.517 131.517 131.517 131.517 131.517 131.517 131.517 131.517 131.517 131.517 131.517 131.517 131.517 131.517 131.517 131.517 131.517 131.517 131.517 131.517 131.517 131.517 131.517 131.517 131.517 131.517 131.517 131.517 131.517 131.517 131.517 131.517 131.517 131.517 131.517 131.517 131.517 131.517 131.517 131.517 131.517 131.517 131.517 131.517 131.517 131.517 131.517 131.517 
131.517 131.517 131.517 131.517 131.517 131.517 131.517 131.517 131.517 131.517 131.517 131.517 131.517 131.517 131.517 131.517 131.517 131.517 131.517 131.517 131.517 131.517 131.517 131.517 131.517 131.517 131.517 131.517 131.517 131.517 131.517 131.517 131.517 131.517 131.517 131.517 131.517 131.517 131.517 131.517 131.517 131.517 131.517 131.517 131.517 131.517 131.517 131.517 131.517 131.517 131.517 131.517 131.517 131.517 131.517 131.517 131.517 131.517 131.517 
131.517 131.517 131.517 131.517 131.517 131.517 131.517 131.517 131.517 131.517 131.517 131.517 131.517 131.517 131.517 131.517 131.517 131.517 131.517 131.517 131.517 131.517 131.517 131.517 131.517 131.517 131.517 131.517 131.517 131.517 131.517 131.517 131.517 131.517 131.517 131.517 131.517 131.517 131.517 131.517 131.517 131.517 131.517 131.517 131.517 131.517 131.517 131.517 131.517 131.517 131.517 131.517 131.517 131.517 131.517 131.517 131.517 131.517 131.517 
131.517 131.517 131.517 131.517 131.517 131.517 131.517 131.517 131.517 131.517 131.517 131.517 131.517 131.517 131.517 131.517 131.517 131.517 131.517 131.517 131.517 131.517 131.517 131.517 131.517 131.517 131.517 131.517 131.517 131.517 131.517 131.517 131.517 131.517 131.517 131.517 131.517 131.517 131.517 131.517 131.517 131.517 131.517 131.517 131.517 131.517 131.517 131.517 131.517 131.517 131.517 131.517 131.517 131.517 131.517 131.517 131.517 131.517 131.517 
131.517 131.517 131.517 131.517 131.517 131.517 131.517 131.517 131.517 131.517 131.517 131.517 131.517 131.517 131.517 131.517 131.517 131.517 131.517 131.517 131.517 131.517 131.517 131.517 131.517 131.517 131.517 131.517 131.517 131.517 131.517 131.517 131.517 131.517 131.517 131.517 131.517 131.517 131.517 131.517 131.517 131.517 131.517 131.517 131.517 131.517 131.517 131.517 131.517 131.517 131.517 131.517 131.517 131.517 131.517 131.517 131.517 131.517 131.517 
131.517 131.517 131.517 131.517 131.517 131.517 131.517 131.517 131.517 131.517 131.517 131.517 131.517 131.517 131.517 131.517 131.517 131.517 131.517 131.517 131.517 131.517 131.517 131.517 131.517 131.517 131.517 131.517 131.517 131.517 131.517 131.517 131.517 131.517 131.517 131.517 131.517 131.517 131.517 131.517 131.517 131.517 131.517 131.517 131.517 131.517 131.517 131.517 131.517 131.517 131.517 131.517 131.517 131.517 131.517 131.517 131.517 131.517 131.517 
131.517 131.517 131.517 131.517 131.517 131.517 131.517 131.517 131.517 131.517 131.517 131.517 131.517 131.517 131.517 131.517 131.517 131.517 131.517 131.517 131.517 131.517 131.517 131.517 131.517 131.517 131.517 131.517 131.517 131.517 131.517 131.517 131.517 131.517 131.517 131.517 131.517 131.517 131.517 131.517 131.517 131.517 131.517 131.517 131.517 131.517 131.517 131.517 131.517 131.517 131.517 131.517 131.517 131.517 131.517 131.517 131.517 131.517 131.517 
131.517 131.517 131.517 131.517 131.517 131.517 131.517 131.517 131.517 131.517 131.517 131.517 131.517 131.517 131.517 131.517 131.517 131.517 131.517 131.517 131.517 131.517 131.517 131.517 131.517 131.517 131.517 131.517 131.517 131.517 131.517 131.517 131.517 131.517 131.517 131.517 131.517 131.517 131.517 131.517 131.517 131.517 131.517 131.517 131.517 131.517 131.517 131.517 131.517 131.517 131.517 131.517 131.517 131.517 131.517 131.517 131.517 131.517 131.517 
131.517 131.517 131.517 131.517 131.517 131.517 131.517 131.517 131.517 131.517 131.517 131.517 131.517 131.517 131.517 131.517 131.517 131.517 131.517 131.517 131.517 131.517 131.517 131.517 131.517 131.517 131.517 131.517 131.517 131.517 131.517 131.517 131.517 131.517 131.517 131.517 131.517 131.517 131.517 131.517 131.517 131.517 131.517 131.517 131.517 131.517 131.517 131.517 131.517 131.517 131.517 131.517 131.517 131.517 131.517 131.517 131.517 131.517 131.517 
131.517 131.517 131.517 131.517 131.517 131.517 131.517 131.517 131.517 131.517 131.517 131.517 131.517 131.517 131.517 131.517 131.517 131.517 131.517 131.517 131.517 131.517 131.517 131.517 131.517 131.517 131.517 131.517 131.517 131.517 131.517 131.517 131.517 131.517 131.517 131.517 131.517 131.517 131.517 131.517 131.517 131.517 131.517 131.517 131.517 131.517 131.517 131.517 131.517 131.517 131.517 131.517 131.517 131.517 131.517 131.517 131.517 131.517 131.517 
