# org_id,org_cellx,org_celly,org_forage_target,org_group_id,org_facing
52610523,55,9,-1,-1,6
52615229,25,41,-1,-1,6
52612505,7,17,-1,-1,3
52611101,4,5,-1,-1,4
52614393,44,31,-1,-1,6
52612451,25,17,-1,-1,5
52559504,6,53,-1,-1,1
52614936,22,35,-1,-1,4
52610119,44,16,-1,-1,7
52612306,21,16,-1,-1,1
52615754,32,42,-1,-1,3
52615909,35,18,-1,-1,5
52615394,26,8,-1,-1,0
52563756,11,0,-1,-1,4
52603971,52,26,-1,-1,2
52603203,31,0,-1,-1,6
52613063,8,21,-1,-1,0
52603220,4,40,-1,-1,4
52609023,0,46,-1,-1,0
52614901,32,36,-1,-1,6
52606476,39,58,-1,-1,2
52591932,47,55,-1,-1,2
52615770,21,24,-1,-1,4
52614044,19,31,-1,-1,0
52615378,55,48,-1,-1,1
52615845,24,4,-1,-1,0
52610804,3,3,-1,-1,1
52609292,17,38,-1,-1,1
52603246,52,33,-1,-1,6
52567967,44,11,-1,-1,6
52603567,12,47,-1,-1,4
52611691,5,40,-1,-1,5
52613358,48,32,-1,-1,3
52607228,24,3,-1,-1,5
52614557,42,25,-1,-1,3
52611296,42,31,-1,-1,6
52615038,47,39,-1,-1,0
52609915,36,55,-1,-1,4
52614864,45,51,-1,-1,7
52579745,15,6,-1,-1,0
52612426,11,46,-1,-1,6
52517522,54,2,-1,-1,3
52516634,0,2,-1,-1,0
52602741,55,37,-1,-1,5
52615711,49,8,-1,-1,6
52615608,27,1,-1,-1,0
52615417,42,37,-1,-1,7
52610321,54,17,-1,-1,6
52603919,29,13,-1,-1,6
52615978,21,30,-1,-1,3
52613356,56,51,-1,-1,6
52575747,0,8,-1,-1,2
52608957,30,15,-1,-1,6
52615745,57,27,-1,-1,3
52514554,53,58,-1,-1,1
52615172,35,15,-1,-1,1
52613312,40,16,-1,-1,6
52605704,34,3,-1,-1,0
52542015,4,54,-1,-1,1
52614813,30,17,-1,-1,3
52606456,3,56,-1,-1,1
52609624,38,54,-1,-1,7
52615878,35,27,-1,-1,2
52609955,45,25,-1,-1,5
52605488,1,7,-1,-1,0
52606843,8,24,-1,-1,4
52614221,34,16,-1,-1,2
52615055,19,24,-1,-1,2
52615551,42,11,-1,-1,3
52602760,50,22,-1,-1,6
52614730,33,33,-1,-1,6
52613524,7,33,-1,-1,1
52614252,43,29,-1,-1,0
52615893,23,38,-1,-1,1
52551019,56,46,-1,-1,0
52604921,48,47,-1,-1,5
52609138,40,17,-1,-1,0
52610294,18,16,-1,-1,4
52616003,27,27,-1,-1,4
52584911,31,2,-1,-1,7
52601673,5,41,-1,-1,7
52615861,38,26,-1,-1,0
52613507,34,54,-1,-1,2
52613603,40,49,-1,-1,5
52615175,26,42,-1,-1,3
52614596,31,19,-1,-1,6
52611634,33,43,-1,-1,6
52582659,53,9,-1,-1,0
52615829,40,10,-1,-1,7
52605223,2,49,-1,-1,2
52606994,6,19,-1,-1,0
52604183,52,32,-1,-1,2
52613941,30,12,-1,-1,3
52608374,40,44,-1,-1,2
52613921,0,41,-1,-1,0
52613934,6,38,-1,-1,2
52596557,54,9,-1,-1,1
52614353,46,20,-1,-1,1
52613989,20,23,-1,-1,3
52612399,38,53,-1,-1,4
52615631,15,38,-1,-1,2
52610287,49,40,-1,-1,1
52608843,57,30,-1,-1,3
52613061,12,55,-1,-1,4
52609478,52,20,-1,-1,2
52591750,55,11,-1,-1,1
52615424,39,15,-1,-1,5
52615647,36,33,-1,-1,1
52613344,48,46,-1,-1,3
52610987,20,50,-1,-1,3
52543615,57,51,-1,-1,5
52581185,54,57,-1,-1,5
52611493,47,31,-1,-1,5
52615290,31,50,-1,-1,1
52614233,16,52,-1,-1,1
52577227,53,46,-1,-1,1
52615994,34,38,-1,-1,4
52587766,53,13,-1,-1,4
52599186,52,15,-1,-1,2
52590561,56,31,-1,-1,0
52604864,23,6,-1,-1,3
52607896,45,46,-1,-1,0
52612402,43,39,-1,-1,7
52606699,16,4,-1,-1,7
52600980,56,29,-1,-1,6
52611946,29,4,-1,-1,7
52611893,2,36,-1,-1,0
52612443,47,27,-1,-1,7
52602491,57,42,-1,-1,5
52613530,20,12,-1,-1,5
52614313,3,58,-1,-1,7
52607669,12,39,-1,-1,2
52611323,54,32,-1,-1,2
52604806,49,27,-1,-1,0
52603673,0,47,-1,-1,3
52603729,25,13,-1,-1,7
52607460,16,40,-1,-1,0
52613246,17,33,-1,-1,3
52608605,37,45,-1,-1,3
52592426,53,4,-1,-1,1
52612745,36,48,-1,-1,1
52615733,39,53,-1,-1,0
52614610,18,41,-1,-1,3
52615507,32,28,-1,-1,0
52615534,18,26,-1,-1,4
52614123,25,53,-1,-1,7
52615187,10,26,-1,-1,7
52613904,58,19,-1,-1,5
52615063,51,41,-1,-1,5
52596115,3,13,-1,-1,4
52590023,55,40,-1,-1,0
52615747,6,48,-1,-1,6
52609797,55,8,-1,-1,2
52558308,3,8,-1,-1,5
52614068,18,37,-1,-1,4
52616015,16,48,-1,-1,1
52615944,18,36,-1,-1,7
52614622,55,23,-1,-1,4
52615159,22,25,-1,-1,6
52598266,2,7,-1,-1,2
52614299,3,21,-1,-1,1
52613747,41,21,-1,-1,1
52610502,19,42,-1,-1,2
52553834,16,56,-1,-1,0
52602772,33,49,-1,-1,1
52614916,23,31,-1,-1,1
52613673,44,37,-1,-1,5
52613883,35,9,-1,-1,3
52599796,54,53,-1,-1,3
52608636,55,27,-1,-1,4
52611000,26,15,-1,-1,4
52570302,56,1,-1,-1,2
52602701,49,0,-1,-1,2
52613881,47,57,-1,-1,7
52609413,57,35,-1,-1,2
52612296,50,13,-1,-1,1
52615879,43,21,-1,-1,7
52598974,13,40,-1,-1,5
52610830,43,28,-1,-1,3
52615404,29,55,-1,-1,1
52574173,45,5,-1,-1,0
52606167,48,40,-1,-1,3
52593723,58,35,-1,-1,4
52586692,1,58,-1,-1,7
52586196,18,12,-1,-1,7
52587780,13,58,-1,-1,1
52602243,10,58,-1,-1,6
52568604,58,58,-1,-1,7
52614879,0,51,-1,-1,3
52615624,29,37,-1,-1,2
52597723,58,17,-1,-1,4
52613403,45,19,-1,-1,5
52615972,37,48,-1,-1,2
52601154,53,47,-1,-1,1
52614957,28,23,-1,-1,2
52615817,9,35,-1,-1,1
52606272,55,55,-1,-1,1
52612583,23,58,-1,-1,6
52574108,10,57,-1,-1,5
52549810,48,2,-1,-1,0
52613482,13,30,-1,-1,7
52611449,27,57,-1,-1,1
52596058,58,33,-1,-1,0
52585732,54,7,-1,-1,4
52614178,36,27,-1,-1,2
52614189,3,23,-1,-1,0
52614377,20,15,-1,-1,6
52612145,57,47,-1,-1,4
52615052,8,41,-1,-1,0
52602611,7,11,-1,-1,2
52547170,14,2,-1,-1,0
52587894,5,54,-1,-1,6
52612345,32,37,-1,-1,1
52613225,25,45,-1,-1,3
52596716,54,52,-1,-1,4
52614404,27,48,-1,-1,0
52609409,17,48,-1,-1,3
52614144,5,3,-1,-1,4
52571278,49,5,-1,-1,7
52612622,8,28,-1,-1,6
52609823,30,54,-1,-1,0
52612796,0,11,-1,-1,4
52612554,36,52,-1,-1,7
52571938,51,5,-1,-1,3
52611630,37,18,-1,-1,6
52615610,56,50,-1,-1,3
52607771,6,49,-1,-1,7
52614605,57,32,-1,-1,3
52559823,38,0,-1,-1,5
52614163,27,43,-1,-1,6
52614219,23,22,-1,-1,4
52611198,23,53,-1,-1,7
52597050,30,5,-1,-1,0
52581102,56,16,-1,-1,6
52615000,27,54,-1,-1,6
52602920,53,50,-1,-1,1
52603991,2,23,-1,-1,6
52615473,33,45,-1,-1,2
52611843,23,13,-1,-1,2
52615352,27,30,-1,-1,0
52615178,22,45,-1,-1,1
52611005,17,22,-1,-1,3
52598380,10,10,-1,-1,1
52605256,58,42,-1,-1,5
52611945,50,55,-1,-1,5
52615971,33,21,-1,-1,7
52551396,0,58,-1,-1,1
52611305,19,4,-1,-1,0
52593831,48,11,-1,-1,6
52615210,36,57,-1,-1,3
52605580,14,41,-1,-1,5
52614094,13,4,-1,-1,0
52615690,19,25,-1,-1,4
52614771,40,42,-1,-1,4
52609382,34,17,-1,-1,7
52606833,17,7,-1,-1,1
52612937,30,53,-1,-1,0
52612911,32,11,-1,-1,5
52612075,54,31,-1,-1,0
52615156,19,26,-1,-1,1
52614271,16,39,-1,-1,6
52609807,7,42,-1,-1,1
52614714,24,19,-1,-1,6
52615776,30,38,-1,-1,1
52585599,7,6,-1,-1,0
52610141,19,50,-1,-1,4
52608890,1,34,-1,-1,4
52615498,29,52,-1,-1,5
52614182,16,57,-1,-1,2
52611790,21,47,-1,-1,1
52608012,31,8,-1,-1,7
52609507,5,12,-1,-1,5
52610068,24,17,-1,-1,1
52609018,7,50,-1,-1,1
52614164,35,26,-1,-1,1
52607798,0,55,-1,-1,4
52615383,28,37,-1,-1,3
52610679,28,53,-1,-1,4
52596044,57,54,-1,-1,1
52484506,50,3,-1,-1,2
52614552,17,26,-1,-1,7
52611374,20,57,-1,-1,4
52597663,56,12,-1,-1,6
52590324,48,0,-1,-1,4
52593701,2,55,-1,-1,2
52615725,34,26,-1,-1,4
52578856,0,44,-1,-1,2
52591912,50,4,-1,-1,5
52607007,48,41,-1,-1,4
52613155,49,23,-1,-1,7
52615500,31,11,-1,-1,5
52615284,23,14,-1,-1,5
52609959,5,30,-1,-1,7
52574670,10,55,-1,-1,4
52615628,6,21,-1,-1,6
52608507,38,52,-1,-1,7
52612927,8,23,-1,-1,2
52614804,18,38,-1,-1,6
52615357,40,35,-1,-1,0
52613390,18,58,-1,-1,2
52605786,4,51,-1,-1,0
52579507,58,45,-1,-1,6
52589064,42,0,-1,-1,6
52589086,53,21,-1,-1,7
52614361,20,52,-1,-1,4
52614797,41,49,-1,-1,3
52615669,22,32,-1,-1,3
52601825,6,16,-1,-1,2
52595276,58,34,-1,-1,5
52574056,52,11,-1,-1,6
52614650,28,22,-1,-1,4
52615924,29,29,-1,-1,6
52614792,32,14,-1,-1,6
52607426,6,39,-1,-1,0
52608635,20,10,-1,-1,3
52574477,19,58,-1,-1,6
52603479,22,56,-1,-1,7
52606852,12,16,-1,-1,4
52613045,35,35,-1,-1,0
52612718,12,15,-1,-1,4
52612122,14,34,-1,-1,1
52600463,2,34,-1,-1,0
52613916,0,48,-1,-1,2
52610218,35,53,-1,-1,7
52612398,35,45,-1,-1,3
52611112,36,2,-1,-1,7
52612367,18,29,-1,-1,3
52610837,55,50,-1,-1,6
52606189,34,51,-1,-1,1
52615574,14,11,-1,-1,3
52610387,18,6,-1,-1,3
52615308,29,31,-1,-1,5
52610549,5,35,-1,-1,2
52576349,54,10,-1,-1,6
52599774,46,13,-1,-1,5
52612983,36,47,-1,-1,5
52611552,58,53,-1,-1,7
52608971,1,41,-1,-1,1
52615506,37,14,-1,-1,5
52615769,5,34,-1,-1,6
52608793,56,21,-1,-1,7
52596828,52,31,-1,-1,5
52607057,52,0,-1,-1,3
52606409,40,0,-1,-1,6
52614206,21,34,-1,-1,3
52615560,27,32,-1,-1,7
52614847,53,32,-1,-1,3
52615008,35,41,-1,-1,3
52600469,41,11,-1,-1,3
52586711,27,2,-1,-1,4
52597623,4,16,-1,-1,5
52609556,44,46,-1,-1,0
52609532,44,19,-1,-1,7
52612140,15,25,-1,-1,4
52601365,48,10,-1,-1,3
52607467,15,10,-1,-1,2
52615917,29,28,-1,-1,4
52609754,10,19,-1,-1,3
52586110,47,6,-1,-1,4
52569271,2,58,-1,-1,6
52615310,36,10,-1,-1,6
52608473,28,12,-1,-1,2
52599917,26,12,-1,-1,6
52614663,13,25,-1,-1,2
52608187,7,1,-1,-1,4
52615522,34,24,-1,-1,3
52615954,25,19,-1,-1,6
52607450,30,14,-1,-1,5
52614731,58,9,-1,-1,7
52615609,23,28,-1,-1,2
52614880,43,8,-1,-1,5
52614598,31,42,-1,-1,5
52608570,13,51,-1,-1,0
52592591,2,33,-1,-1,1
52603335,43,17,-1,-1,3
52605239,51,44,-1,-1,6
52612529,16,31,-1,-1,3
52615712,12,24,-1,-1,5
52606241,54,33,-1,-1,3
52607877,8,3,-1,-1,7
52615414,35,21,-1,-1,0
52591439,44,8,-1,-1,5
52610063,50,56,-1,-1,4
52615078,4,32,-1,-1,3
52613101,26,43,-1,-1,3
52615219,46,4,-1,-1,6
52579601,0,24,-1,-1,2
52614097,14,40,-1,-1,3
52613491,18,20,-1,-1,5
52608505,52,38,-1,-1,7
52605511,41,53,-1,-1,5
52612494,23,17,-1,-1,1
52612012,47,10,-1,-1,4
52605084,57,28,-1,-1,6
52614807,56,34,-1,-1,0
52615418,26,44,-1,-1,2
52615831,42,38,-1,-1,3
52615535,49,25,-1,-1,4
52611731,31,5,-1,-1,6
52590242,7,49,-1,-1,3
52615915,23,19,-1,-1,7
52610654,26,56,-1,-1,7
52615626,13,35,-1,-1,7
52613243,53,40,-1,-1,4
52602181,26,7,-1,-1,2
52610861,56,8,-1,-1,2
52615844,34,40,-1,-1,7
52614728,7,28,-1,-1,2
52607961,3,32,-1,-1,1
52615966,36,36,-1,-1,3
52600991,45,41,-1,-1,3
52613823,21,27,-1,-1,5
52609737,18,11,-1,-1,3
52601527,0,14,-1,-1,2
52610352,17,0,-1,-1,3
52612043,3,6,-1,-1,3
52612850,53,24,-1,-1,1
52614840,26,30,-1,-1,2
52596292,52,18,-1,-1,6
52606917,19,48,-1,-1,3
52615849,38,38,-1,-1,6
52602897,42,18,-1,-1,5
52587076,57,5,-1,-1,7
52612944,39,4,-1,-1,6
52605895,21,10,-1,-1,5
52607256,4,29,-1,-1,6
52615401,20,42,-1,-1,2
52613005,18,48,-1,-1,1
52614717,24,56,-1,-1,1
52604309,44,26,-1,-1,4
52603770,22,13,-1,-1,1
52613178,21,14,-1,-1,5
52615291,51,25,-1,-1,3
52614933,22,10,-1,-1,0
52606851,55,29,-1,-1,2
52600277,21,4,-1,-1,5
52611143,43,13,-1,-1,5
52596806,49,31,-1,-1,2
52614798,50,24,-1,-1,2
52611774,44,50,-1,-1,7
52614553,45,26,-1,-1,5
52611501,17,8,-1,-1,2
52613132,30,48,-1,-1,0
52606915,7,4,-1,-1,3
52601721,56,13,-1,-1,6
52615111,7,35,-1,-1,0
52549456,57,55,-1,-1,7
52586928,35,4,-1,-1,1
52604242,49,57,-1,-1,6
52615331,39,28,-1,-1,3
52608180,47,25,-1,-1,7
52614475,25,23,-1,-1,7
52613244,43,0,-1,-1,6
52612883,32,3,-1,-1,3
52613295,24,44,-1,-1,1
52611185,13,20,-1,-1,7
52608349,7,8,-1,-1,0
52501000,54,5,-1,-1,3
52615933,17,52,-1,-1,0
52605310,3,50,-1,-1,5
52570589,57,58,-1,-1,6
52612727,51,28,-1,-1,2
52611326,47,30,-1,-1,4
52612631,8,26,-1,-1,3
52614008,38,55,-1,-1,6
52607230,41,50,-1,-1,7
52615880,41,28,-1,-1,4
52610192,51,29,-1,-1,3
52599381,56,27,-1,-1,7
52603115,58,56,-1,-1,0
52615183,26,28,-1,-1,5
52615513,11,19,-1,-1,6
52614424,32,29,-1,-1,5
52614487,26,46,-1,-1,7
52606260,41,42,-1,-1,7
52612661,28,49,-1,-1,6
52610249,14,16,-1,-1,1
52608485,6,28,-1,-1,3
52614770,31,48,-1,-1,4
52607700,44,4,-1,-1,0
52614989,33,30,-1,-1,5
52610597,25,47,-1,-1,5
52615040,23,26,-1,-1,1
52571112,54,13,-1,-1,2
52613581,41,18,-1,-1,5
52613884,56,30,-1,-1,6
52607413,4,17,-1,-1,7
52602430,54,24,-1,-1,4
52604514,14,0,-1,-1,6
52615423,3,34,-1,-1,6
52598223,3,26,-1,-1,2
52615765,26,33,-1,-1,5
52581077,57,16,-1,-1,3
52615322,36,19,-1,-1,7
52562590,3,47,-1,-1,0
52609370,52,44,-1,-1,6
52580018,0,5,-1,-1,2
52613095,25,11,-1,-1,4
52609594,50,20,-1,-1,5
52612467,32,5,-1,-1,0
52615482,25,24,-1,-1,7
52607197,2,32,-1,-1,1
52612297,35,46,-1,-1,0
52615999,30,40,-1,-1,0
52613427,32,51,-1,-1,7
52601311,8,37,-1,-1,1
52613687,28,42,-1,-1,6
52603864,17,12,-1,-1,3
52614769,29,10,-1,-1,2
52615592,12,13,-1,-1,3
52615907,22,26,-1,-1,5
52571710,32,2,-1,-1,5
52606931,47,43,-1,-1,6
52601336,53,42,-1,-1,4
52608665,33,3,-1,-1,3
52615257,42,55,-1,-1,7
52579577,53,43,-1,-1,0
52612599,21,21,-1,-1,1
52613891,11,26,-1,-1,6
52615914,34,32,-1,-1,1
52609580,21,2,-1,-1,6
52547728,6,11,-1,-1,1
52615702,30,28,-1,-1,2
52612334,42,53,-1,-1,1
52603498,9,12,-1,-1,0
52614647,9,1,-1,-1,2
52615532,36,50,-1,-1,2
52585601,16,54,-1,-1,2
52615390,34,18,-1,-1,5
52615242,42,22,-1,-1,4
52610913,44,52,-1,-1,1
52613301,33,10,-1,-1,0
52606831,51,19,-1,-1,4
52588514,38,1,-1,-1,4
52610336,42,52,-1,-1,6
52612639,29,22,-1,-1,4
52591158,41,6,-1,-1,3
52605123,44,49,-1,-1,6
52614624,6,29,-1,-1,7
52611333,26,58,-1,-1,7
52610318,52,45,-1,-1,5
52586648,11,8,-1,-1,5
52613162,11,44,-1,-1,2
52610427,53,52,-1,-1,0
52576122,9,2,-1,-1,3
52614689,49,35,-1,-1,7
52615298,50,40,-1,-1,1
52615588,30,43,-1,-1,1
52614494,6,6,-1,-1,5
52598234,18,8,-1,-1,4
52607350,54,27,-1,-1,4
52597875,28,4,-1,-1,1
52566314,58,11,-1,-1,7
52615822,10,34,-1,-1,2
52612400,9,53,-1,-1,5
52599519,52,3,-1,-1,7
52592446,41,3,-1,-1,4
52599630,43,53,-1,-1,2
52614183,56,22,-1,-1,0
52544757,3,4,-1,-1,2
52615868,42,23,-1,-1,4
52610101,50,28,-1,-1,4
52595760,8,57,-1,-1,4
52601474,16,41,-1,-1,4
52590877,19,3,-1,-1,1
52611582,39,44,-1,-1,0
52611142,5,39,-1,-1,2
52609450,51,2,-1,-1,2
52615142,23,21,-1,-1,2
52609865,13,6,-1,-1,3
52612689,26,51,-1,-1,0
52615145,25,10,-1,-1,3
52611670,42,50,-1,-1,0
52597006,57,31,-1,-1,6
52616016,34,33,-1,-1,7
52613997,24,40,-1,-1,4
52615988,49,16,-1,-1,3
52610943,44,5,-1,-1,3
52614759,31,56,-1,-1,4
52586773,56,0,-1,-1,5
52615657,25,20,-1,-1,1
52616022,41,17,-1,-1,4
52612864,20,17,-1,-1,5
52611706,19,10,-1,-1,7
52613951,19,21,-1,-1,0
52613865,33,42,-1,-1,7
52608061,52,13,-1,-1,2
52615096,28,28,-1,-1,7
52605360,25,5,-1,-1,5
52604594,14,55,-1,-1,2
52604235,53,35,-1,-1,0
52602062,23,15,-1,-1,0
52616025,28,14,-1,-1,1
52613736,4,44,-1,-1,3
52611087,43,48,-1,-1,3
52615589,28,24,-1,-1,5
52613816,28,7,-1,-1,0
52606289,56,4,-1,-1,7
52603122,17,41,-1,-1,7
52598815,45,3,-1,-1,1
52515986,45,4,-1,-1,4
52613236,26,2,-1,-1,3
52611616,21,11,-1,-1,7
52580966,0,49,-1,-1,4
52613000,19,1,-1,-1,5
52611874,42,35,-1,-1,2
52608169,43,42,-1,-1,2
52607819,46,2,-1,-1,0
52608517,31,52,-1,-1,3
52614151,26,40,-1,-1,1
52614483,38,42,-1,-1,0
52603697,30,4,-1,-1,5
52613565,48,14,-1,-1,6
52614565,15,15,-1,-1,4
52613510,29,2,-1,-1,2
52615017,35,16,-1,-1,2
52594155,5,56,-1,-1,3
52564130,44,7,-1,-1,6
52598692,8,55,-1,-1,3
52609540,50,45,-1,-1,6
52614290,40,52,-1,-1,7
52612942,27,51,-1,-1,1
52602942,4,49,-1,-1,2
52614456,47,12,-1,-1,3
52563199,55,41,-1,-1,0
52612928,9,34,-1,-1,7
52569386,2,13,-1,-1,7
52573297,6,3,-1,-1,1
52611490,46,37,-1,-1,2
52611623,32,17,-1,-1,5
52597996,46,47,-1,-1,5
52616013,26,35,-1,-1,5
52549626,58,1,-1,-1,0
52614985,32,16,-1,-1,4
52615697,24,23,-1,-1,6
52614811,6,40,-1,-1,1
52613176,17,40,-1,-1,4
52612151,24,53,-1,-1,7
52605763,24,8,-1,-1,5
52603552,6,55,-1,-1,0
52605017,13,5,-1,-1,5
52615131,18,35,-1,-1,2
52543313,1,3,-1,-1,3
52609274,22,15,-1,-1,1
52614904,51,22,-1,-1,1
52608450,21,55,-1,-1,0
52613089,1,49,-1,-1,6
52614810,38,33,-1,-1,7
52613642,30,19,-1,-1,3
52607883,22,57,-1,-1,5
52615537,38,50,-1,-1,0
52611527,21,13,-1,-1,7
52610256,2,19,-1,-1,4
52615317,31,26,-1,-1,6
52608411,6,15,-1,-1,0
52615328,30,39,-1,-1,1
52616007,22,49,-1,-1,4
52614607,22,36,-1,-1,1
52615160,3,36,-1,-1,2
52614618,33,28,-1,-1,6
52615959,24,24,-1,-1,3
52600886,4,12,-1,-1,1
52615119,29,33,-1,-1,0
52610482,49,48,-1,-1,2
52615656,7,9,-1,-1,1
52615425,24,50,-1,-1,5
52609694,33,55,-1,-1,3
52605142,3,9,-1,-1,3
52613940,16,43,-1,-1,6
52614308,29,38,-1,-1,7
52604515,15,12,-1,-1,1
52587965,58,4,-1,-1,4
52575685,3,18,-1,-1,6
52614927,17,32,-1,-1,1
52610659,13,41,-1,-1,6
52585721,50,9,-1,-1,5
52612070,47,22,-1,-1,6
52613494,3,33,-1,-1,1
52613971,43,49,-1,-1,4
52615114,28,30,-1,-1,7
52615585,19,37,-1,-1,1
52614301,16,9,-1,-1,4
52611036,51,42,-1,-1,4
52615738,27,22,-1,-1,1
52614298,12,12,-1,-1,3
52610649,36,16,-1,-1,3
52604343,43,43,-1,-1,6
52597744,6,42,-1,-1,0
52613644,32,44,-1,-1,0
52597424,53,2,-1,-1,4
52614317,55,47,-1,-1,6
52615149,45,22,-1,-1,0
52614463,44,35,-1,-1,1
52607717,50,53,-1,-1,5
52582457,8,58,-1,-1,0
52615852,39,50,-1,-1,3
52615753,11,21,-1,-1,3
52605896,9,37,-1,-1,1
52576357,57,22,-1,-1,2
52587820,3,42,-1,-1,2
52612017,40,30,-1,-1,7
52615550,23,47,-1,-1,2
52584153,58,0,-1,-1,6
52603764,40,13,-1,-1,0
52612665,21,57,-1,-1,0
52615058,20,21,-1,-1,6
52613300,39,42,-1,-1,6
52607335,46,46,-1,-1,5
52598362,35,2,-1,-1,3
52610045,27,55,-1,-1,6
52613139,48,34,-1,-1,5
52598902,9,18,-1,-1,3
52615122,36,25,-1,-1,7
52612990,15,19,-1,-1,5
52614051,15,58,-1,-1,2
52615723,27,35,-1,-1,6
52612618,40,51,-1,-1,0
52613331,38,37,-1,-1,6
52593175,53,16,-1,-1,3
52579621,5,18,-1,-1,3
52604164,58,30,-1,-1,5
52608999,42,58,-1,-1,0
52615336,24,18,-1,-1,3
52607029,17,35,-1,-1,0
52607844,55,18,-1,-1,5
52611797,41,10,-1,-1,6
52614130,56,53,-1,-1,7
52615353,39,57,-1,-1,0
52612841,30,9,-1,-1,7
52615286,20,36,-1,-1,1
52609932,0,52,-1,-1,1
52611728,42,20,-1,-1,7
52606427,17,4,-1,-1,0
52608892,44,9,-1,-1,7
52614885,35,31,-1,-1,4
52612555,56,52,-1,-1,0
52613975,6,27,-1,-1,6
52615349,30,25,-1,-1,6
52586324,48,16,-1,-1,5
52615798,37,21,-1,-1,1
52615804,33,2,-1,-1,0
52614898,32,40,-1,-1,0
52614468,54,41,-1,-1,4
52611447,5,5,-1,-1,0
52586238,55,10,-1,-1,3
52610878,29,56,-1,-1,2
52603354,12,4,-1,-1,7
52608369,10,49,-1,-1,6
52615904,24,29,-1,-1,3
52615866,4,47,-1,-1,2
52615542,30,47,-1,-1,1
52615706,52,29,-1,-1,4
52615752,30,22,-1,-1,0
52615136,43,55,-1,-1,2
52601687,15,2,-1,-1,7
52615337,19,34,-1,-1,3
52570876,44,2,-1,-1,7
52587188,9,0,-1,-1,5
52602413,0,40,-1,-1,3
52614129,39,34,-1,-1,0
52606819,48,15,-1,-1,5
52614790,31,45,-1,-1,1
52607712,22,51,-1,-1,4
52614606,46,8,-1,-1,6
52601613,11,51,-1,-1,5
52612368,34,14,-1,-1,5
52613204,16,1,-1,-1,6
52613002,45,44,-1,-1,5
52562438,53,0,-1,-1,3
52612955,39,6,-1,-1,3
52614460,42,15,-1,-1,3
52572575,9,50,-1,-1,6
52606096,39,1,-1,-1,2
52612616,9,26,-1,-1,2
52602215,12,54,-1,-1,1
52610419,56,15,-1,-1,4
52611240,55,31,-1,-1,1
52612453,48,31,-1,-1,3
52607789,46,21,-1,-1,0
52573479,52,46,-1,-1,4
52615984,47,34,-1,-1,6
52614196,18,52,-1,-1,0
52609087,43,47,-1,-1,0
52614431,25,54,-1,-1,1
52610434,1,35,-1,-1,3
52615283,38,47,-1,-1,5
52587675,0,20,-1,-1,4
52612751,35,28,-1,-1,3
52614035,32,58,-1,-1,0
52615741,24,31,-1,-1,0
52615561,30,30,-1,-1,2
52585076,51,53,-1,-1,5
52615961,32,34,-1,-1,7
52615810,4,22,-1,-1,0
52611276,35,54,-1,-1,2
52615329,22,29,-1,-1,5
52610588,44,48,-1,-1,1
52606269,14,19,-1,-1,4
52611743,55,17,-1,-1,2
52611423,37,55,-1,-1,4
52613902,12,50,-1,-1,2
52613568,22,2,-1,-1,1
52614493,31,33,-1,-1,6
52599956,5,1,-1,-1,1
52601898,38,58,-1,-1,2
52611045,38,25,-1,-1,6
52615802,46,42,-1,-1,7
52614766,3,22,-1,-1,2
52584423,58,2,-1,-1,5
52612186,36,14,-1,-1,3
52615211,15,36,-1,-1,5
52615751,39,32,-1,-1,2
52613562,11,29,-1,-1,5
52603314,1,52,-1,-1,6
52607581,56,20,-1,-1,2
52601508,31,46,-1,-1,5
52600181,56,17,-1,-1,7
52613218,47,35,-1,-1,4
52615070,31,15,-1,-1,0
52614458,0,33,-1,-1,2
52614167,25,48,-1,-1,1
52614910,29,0,-1,-1,2
52610442,48,43,-1,-1,0
52615824,31,31,-1,-1,1
52615903,45,42,-1,-1,5
52568135,18,0,-1,-1,3
52608554,7,29,-1,-1,1
52611375,44,51,-1,-1,6
52595782,6,58,-1,-1,6
52614635,13,37,-1,-1,3
52608798,5,42,-1,-1,0
52594905,16,55,-1,-1,0
52607665,31,1,-1,-1,4
52609643,22,53,-1,-1,3
52612749,4,23,-1,-1,3
52555378,56,11,-1,-1,2
52613759,36,41,-1,-1,7
52613254,44,24,-1,-1,6
52615199,29,58,-1,-1,7
52615638,34,10,-1,-1,4
52591826,21,58,-1,-1,2
52615025,7,56,-1,-1,6
52609684,46,6,-1,-1,4
52589498,13,45,-1,-1,3
52612651,19,9,-1,-1,1
52605819,24,9,-1,-1,2
52613454,14,29,-1,-1,5
52570338,55,39,-1,-1,6
52611365,7,26,-1,-1,7
52615890,35,29,-1,-1,0
52614188,38,23,-1,-1,3
52613908,16,18,-1,-1,7
52615557,44,57,-1,-1,7
52612083,50,49,-1,-1,1
52611071,39,41,-1,-1,1
52615970,20,33,-1,-1,5
52610127,21,15,-1,-1,6
52614740,13,23,-1,-1,4
52615719,11,23,-1,-1,0
52596747,22,58,-1,-1,7
52615749,39,20,-1,-1,4
52615292,16,29,-1,-1,4
52579457,6,56,-1,-1,1
52613704,40,29,-1,-1,6
52613157,21,41,-1,-1,2
52614382,18,34,-1,-1,1
52615180,28,36,-1,-1,6
52615263,47,44,-1,-1,2
52573064,57,1,-1,-1,3
52614303,45,2,-1,-1,6
52561474,57,11,-1,-1,7
52606219,49,45,-1,-1,2
52607054,46,38,-1,-1,7
52610471,40,15,-1,-1,2
52592133,13,8,-1,-1,4
52614644,38,41,-1,-1,7
52613827,54,8,-1,-1,7
52600274,46,53,-1,-1,5
52601115,57,9,-1,-1,2
52608434,10,45,-1,-1,1
52611991,43,54,-1,-1,1
52596431,8,6,-1,-1,5
52573434,41,4,-1,-1,3
52602128,57,45,-1,-1,3
52615165,33,23,-1,-1,2
52615616,31,40,-1,-1,2
52548873,56,39,-1,-1,3
52615285,41,34,-1,-1,5
52614968,26,5,-1,-1,1
52612213,24,13,-1,-1,3
52612004,31,54,-1,-1,5
52604103,2,11,-1,-1,4
52606681,8,7,-1,-1,1
52612500,13,57,-1,-1,4
52613388,14,37,-1,-1,1
52614084,32,56,-1,-1,2
52582839,56,7,-1,-1,6
52615905,35,36,-1,-1,7
52610145,44,38,-1,-1,1
52614126,9,22,-1,-1,4
52609815,1,33,-1,-1,3
52615505,27,21,-1,-1,3
52615726,40,22,-1,-1,5
52613531,43,33,-1,-1,7
52615307,37,27,-1,-1,5
52610865,49,32,-1,-1,5
52612663,39,35,-1,-1,6
52612547,39,10,-1,-1,6
52613664,48,53,-1,-1,5
52600364,5,16,-1,-1,4
52615189,48,42,-1,-1,2
52591988,38,4,-1,-1,4
52595696,4,19,-1,-1,5
52615605,27,26,-1,-1,1
52615571,21,51,-1,-1,3
52615350,27,15,-1,-1,5
52614953,17,20,-1,-1,6
52613961,30,8,-1,-1,3
52615766,33,15,-1,-1,3
52615556,17,23,-1,-1,7
52599868,6,57,-1,-1,6
52605823,12,28,-1,-1,3
52580042,52,47,-1,-1,5
52615704,50,57,-1,-1,5
52615261,33,39,-1,-1,7
52494113,4,7,-1,-1,4
52607157,47,15,-1,-1,6
52602955,10,1,-1,-1,4
52564726,54,3,-1,-1,0
52612925,4,8,-1,-1,4
52604045,58,37,-1,-1,4
52602813,51,45,-1,-1,6
52612806,58,26,-1,-1,7
52615264,31,20,-1,-1,4
52615882,16,34,-1,-1,1
52615703,37,41,-1,-1,7
52615734,20,19,-1,-1,2
52602534,14,54,-1,-1,1
52601641,8,0,-1,-1,5
52614528,38,57,-1,-1,3
52609143,58,14,-1,-1,0
52610814,12,58,-1,-1,6
52609395,51,7,-1,-1,2
52616005,38,27,-1,-1,5
52612870,31,49,-1,-1,1
52603373,9,8,-1,-1,6
52587559,57,36,-1,-1,4
52610822,4,33,-1,-1,7
52586260,16,11,-1,-1,3
52602241,14,51,-1,-1,1
52603517,44,12,-1,-1,6
52612193,56,23,-1,-1,2
52613959,33,12,-1,-1,0
52605874,16,42,-1,-1,7
52606536,16,14,-1,-1,2
52583225,7,7,-1,-1,3
52615274,34,29,-1,-1,7
52611514,8,2,-1,-1,1
52614023,24,11,-1,-1,1
52614578,37,22,-1,-1,4
52610422,9,10,-1,-1,4
52597152,1,11,-1,-1,5
52606617,54,20,-1,-1,5
52578722,57,13,-1,-1,2
52615991,12,22,-1,-1,2
52572045,4,11,-1,-1,7
52615838,28,32,-1,-1,6
52612581,16,17,-1,-1,1
52614805,21,5,-1,-1,1
52614659,39,47,-1,-1,4
52604093,48,39,-1,-1,7
52615342,34,41,-1,-1,7
52614438,16,53,-1,-1,6
52614735,42,30,-1,-1,7
52614691,32,9,-1,-1,7
52611751,50,5,-1,-1,6
52614762,27,52,-1,-1,6
52559916,3,10,-1,-1,5
52614346,18,27,-1,-1,4
52614842,27,42,-1,-1,0
52612784,19,19,-1,-1,4
52615567,28,31,-1,-1,4
52608010,12,2,-1,-1,7
52615593,23,35,-1,-1,4
52606223,55,33,-1,-1,0
52596258,3,53,-1,-1,2
52587896,26,0,-1,-1,6
52612632,54,35,-1,-1,7
52614462,10,38,-1,-1,4
52607984,17,18,-1,-1,6
52604023,57,18,-1,-1,6
52612065,25,42,-1,-1,4
52597734,18,7,-1,-1,3
52610918,12,49,-1,-1,4
52603531,57,49,-1,-1,2
52615439,25,25,-1,-1,4
52614466,39,46,-1,-1,0
52605498,54,48,-1,-1,4
52612514,51,6,-1,-1,5
52615326,12,37,-1,-1,1
52604789,54,46,-1,-1,7
52606863,6,4,-1,-1,7
52613758,12,17,-1,-1,3
52615926,29,11,-1,-1,4
52578587,54,45,-1,-1,3
52615345,16,19,-1,-1,2
52609361,7,23,-1,-1,5
52606311,50,52,-1,-1,7
52611800,40,1,-1,-1,3
52615670,36,46,-1,-1,3
52608074,3,16,-1,-1,2
52596888,2,9,-1,-1,7
52598150,6,8,-1,-1,7
52615555,41,47,-1,-1,3
52615622,40,28,-1,-1,4
52600392,57,23,-1,-1,7
52607620,52,57,-1,-1,5
52615481,50,35,-1,-1,2
52608823,48,58,-1,-1,1
52615202,40,39,-1,-1,4
52597183,58,6,-1,-1,4
52577468,53,26,-1,-1,0
52565653,30,0,-1,-1,5
52606097,0,26,-1,-1,2
52615422,38,21,-1,-1,5
52615634,14,28,-1,-1,7
52607702,10,37,-1,-1,2
52601892,0,10,-1,-1,4
52615998,29,42,-1,-1,1
52611391,50,29,-1,-1,3
52615226,46,35,-1,-1,4
52601528,40,56,-1,-1,3
52597695,6,50,-1,-1,6
52615716,19,32,-1,-1,1
52604971,12,9,-1,-1,0
52615302,33,37,-1,-1,5
52514380,2,57,-1,-1,2
52615899,15,8,-1,-1,6
52614087,26,14,-1,-1,1
52613068,12,35,-1,-1,5
52606721,26,11,-1,-1,5
52550619,53,41,-1,-1,6
52615942,23,34,-1,-1,4
52609090,45,53,-1,-1,7
52606177,39,8,-1,-1,5
52590605,3,37,-1,-1,5
52612493,42,12,-1,-1,7
52613727,36,13,-1,-1,4
52611351,8,14,-1,-1,0
52616008,37,31,-1,-1,2
52615874,29,34,-1,-1,4
52612178,41,36,-1,-1,7
52615097,23,29,-1,-1,5
52610767,17,28,-1,-1,4
52585161,0,17,-1,-1,3
52602029,42,54,-1,-1,3
52615429,39,27,-1,-1,7
52612209,15,56,-1,-1,2
52614973,39,30,-1,-1,2
52610012,27,7,-1,-1,3
52609041,45,57,-1,-1,4
52607146,20,8,-1,-1,5
52605691,19,18,-1,-1,5
52614484,36,28,-1,-1,4
52599080,26,1,-1,-1,5
52608142,39,40,-1,-1,2
52599657,47,11,-1,-1,7
52593667,44,14,-1,-1,7
52613939,17,14,-1,-1,5
52612706,20,18,-1,-1,2
52614665,34,22,-1,-1,7
52615514,34,21,-1,-1,5
52615696,15,4,-1,-1,0
52589289,4,41,-1,-1,7
52610905,19,0,-1,-1,6
52615847,9,54,-1,-1,6
52613097,1,38,-1,-1,0
52572465,21,6,-1,-1,2
52554421,9,41,-1,-1,6
52615772,17,29,-1,-1,2
52607137,11,18,-1,-1,3
52611445,50,23,-1,-1,2
52608175,41,29,-1,-1,5
52599998,1,22,-1,-1,6
52600482,15,13,-1,-1,3
52611818,29,15,-1,-1,2
52615799,30,44,-1,-1,7
52604755,57,10,-1,-1,4
52614687,25,50,-1,-1,2
52613583,41,31,-1,-1,3
52614226,7,24,-1,-1,4
52614713,41,15,-1,-1,5
52614399,31,12,-1,-1,1
52615771,27,6,-1,-1,1
52612027,35,12,-1,-1,5
52615195,10,29,-1,-1,5
52601027,20,6,-1,-1,3
52598320,4,18,-1,-1,0
52612878,44,43,-1,-1,1
52613257,35,48,-1,-1,6
52580827,15,9,-1,-1,1
52615619,19,33,-1,-1,7
52601143,15,17,-1,-1,5
52614452,41,13,-1,-1,4
52614701,16,26,-1,-1,3
52612752,32,50,-1,-1,0
52615920,49,3,-1,-1,2
52610935,4,35,-1,-1,0
52612490,44,32,-1,-1,7
52599189,22,5,-1,-1,1
52604840,32,6,-1,-1,3
52599168,52,51,-1,-1,6
52614783,39,19,-1,-1,6
52612105,44,27,-1,-1,0
52614926,36,35,-1,-1,4
52613481,39,22,-1,-1,5
52614959,49,44,-1,-1,5
52607689,50,36,-1,-1,0
52615759,51,10,-1,-1,3
52528072,58,49,-1,-1,5
52613980,49,33,-1,-1,2
52615153,36,22,-1,-1,6
52611888,37,35,-1,-1,1
52598553,50,18,-1,-1,5
52613050,24,42,-1,-1,6
52615946,27,9,-1,-1,6
52581474,8,50,-1,-1,2
52611637,30,23,-1,-1,4
52591982,55,58,-1,-1,0
52615625,23,43,-1,-1,1
52589531,48,52,-1,-1,7
52547886,12,0,-1,-1,6
52615746,35,25,-1,-1,1
52614113,32,38,-1,-1,0
52605200,54,12,-1,-1,1
52571504,48,4,-1,-1,0
52613667,46,36,-1,-1,7
52613701,9,25,-1,-1,1
52615499,46,32,-1,-1,6
52615650,19,45,-1,-1,3
52592634,52,16,-1,-1,7
52614696,25,38,-1,-1,3
52611665,58,36,-1,-1,0
52615405,51,38,-1,-1,7
52611274,8,16,-1,-1,7
52612298,15,30,-1,-1,1
52609338,1,15,-1,-1,2
52602110,58,44,-1,-1,6
52613743,49,14,-1,-1,2
52615583,14,44,-1,-1,5
52610237,25,8,-1,-1,5
52602185,28,6,-1,-1,3
52614828,57,37,-1,-1,2
52612330,38,11,-1,-1,1
52615517,43,31,-1,-1,1
52570067,0,42,-1,-1,2
52610299,17,47,-1,-1,0
52612056,45,15,-1,-1,1
52601630,14,3,-1,-1,7
52615241,13,53,-1,-1,7
52615591,49,18,-1,-1,5
52612280,26,52,-1,-1,2
52592220,39,3,-1,-1,1
52558253,55,13,-1,-1,6
52604788,3,11,-1,-1,4
52615480,49,1,-1,-1,5
52616026,31,35,-1,-1,2
52596130,28,55,-1,-1,4
52611354,17,43,-1,-1,5
52612545,38,20,-1,-1,0
52610876,48,3,-1,-1,4
52614822,21,19,-1,-1,5
52611886,8,27,-1,-1,6
52615320,44,23,-1,-1,7
52613677,36,29,-1,-1,2
52593265,50,50,-1,-1,3
52615729,24,16,-1,-1,5
52615341,33,36,-1,-1,2
52613905,43,34,-1,-1,1
52610731,28,11,-1,-1,1
52603067,2,37,-1,-1,1
52603049,55,42,-1,-1,6
52611781,23,1,-1,-1,6
52602251,58,22,-1,-1,5
52615877,34,12,-1,-1,4
52605781,45,23,-1,-1,0
52614793,35,39,-1,-1,4
52603382,55,26,-1,-1,4
52611601,52,5,-1,-1,5
52614481,14,7,-1,-1,2
52600006,5,2,-1,-1,3
52606558,57,46,-1,-1,1
52615848,42,40,-1,-1,2
52605132,0,3,-1,-1,1
52611905,13,34,-1,-1,7
52605605,25,14,-1,-1,4
52584631,13,10,-1,-1,0
52615579,56,54,-1,-1,2
52615885,45,34,-1,-1,5
52601325,0,43,-1,-1,0
52601978,30,13,-1,-1,1
52615053,19,15,-1,-1,5
52612338,22,17,-1,-1,1
52550209,52,10,-1,-1,5
52614621,12,31,-1,-1,3
52614236,24,49,-1,-1,2
52598026,0,45,-1,-1,0
52597577,12,52,-1,-1,6
52565397,55,24,-1,-1,5
52614156,10,32,-1,-1,4
52613513,36,44,-1,-1,1
52614860,39,23,-1,-1,2
52612848,17,11,-1,-1,2
52609312,30,58,-1,-1,2
52605927,57,53,-1,-1,3
52614754,30,49,-1,-1,0
52612049,51,14,-1,-1,5
52615398,1,14,-1,-1,2
52605998,21,3,-1,-1,3
52608093,15,1,-1,-1,5
52567908,7,3,-1,-1,2
52604137,43,25,-1,-1,5
52612680,39,21,-1,-1,0
52601711,40,12,-1,-1,6
52613313,9,15,-1,-1,7
52612708,58,31,-1,-1,6
52564025,58,55,-1,-1,0
52611764,9,24,-1,-1,0
52615520,43,51,-1,-1,2
52610166,51,1,-1,-1,0
52601015,53,8,-1,-1,1
52615472,42,47,-1,-1,7
52610397,47,47,-1,-1,4
52614796,54,21,-1,-1,5
52538474,57,3,-1,-1,3
52608803,31,18,-1,-1,5
52615365,50,48,-1,-1,3
52611128,28,50,-1,-1,5
52615012,18,43,-1,-1,7
52610662,50,17,-1,-1,0
52610135,39,49,-1,-1,6
52615205,5,22,-1,-1,4
52615816,12,25,-1,-1,1
52600739,13,39,-1,-1,5
52606703,21,0,-1,-1,5
52606287,3,48,-1,-1,1
52607805,6,17,-1,-1,0
52615277,27,24,-1,-1,2
52611416,46,9,-1,-1,5
52607379,52,36,-1,-1,3
52605663,40,54,-1,-1,4
52608958,6,51,-1,-1,2
52613808,28,41,-1,-1,5
52606319,48,22,-1,-1,1
52605679,22,11,-1,-1,5
52615818,26,16,-1,-1,5
52613655,51,43,-1,-1,6
52607766,38,15,-1,-1,7
52612560,18,32,-1,-1,5
52609589,41,38,-1,-1,0
52616006,19,35,-1,-1,1
52605717,40,9,-1,-1,7
52608446,34,55,-1,-1,4
52604404,7,30,-1,-1,5
52576657,35,5,-1,-1,4
52615740,24,39,-1,-1,1
52606949,5,48,-1,-1,0
52613213,37,57,-1,-1,2
52614930,8,29,-1,-1,5
52614709,25,34,-1,-1,5
52594533,53,44,-1,-1,3
52599949,1,18,-1,-1,1
52614892,34,52,-1,-1,1
52612120,33,51,-1,-1,4
52614712,45,35,-1,-1,4
52615801,49,22,-1,-1,5
52514202,46,3,-1,-1,2
52611048,8,33,-1,-1,6
52615948,24,48,-1,-1,3
52583893,13,2,-1,-1,5
52614387,24,36,-1,-1,5
52611585,21,7,-1,-1,2
52611640,22,39,-1,-1,4
52555775,50,0,-1,-1,5
52615373,6,35,-1,-1,6
52610592,16,12,-1,-1,0
52608383,49,15,-1,-1,7
52609822,38,45,-1,-1,6
52613185,29,7,-1,-1,0
52613340,43,22,-1,-1,5
52612982,46,15,-1,-1,2
52575814,57,4,-1,-1,5
52615967,21,48,-1,-1,4
52574325,5,57,-1,-1,0
52603987,2,43,-1,-1,3
52613656,42,34,-1,-1,7
52600740,9,52,-1,-1,1
52596112,57,20,-1,-1,3
52611865,46,25,-1,-1,2
52608300,2,54,-1,-1,2
52610504,19,14,-1,-1,4
52610946,26,10,-1,-1,3
52485805,1,0,-1,-1,3
52615311,46,31,-1,-1,3
52579808,36,0,-1,-1,4
52614412,33,46,-1,-1,7
52614983,20,51,-1,-1,0
52613615,20,45,-1,-1,2
52609484,54,16,-1,-1,1
52612617,53,20,-1,-1,2
52608968,1,50,-1,-1,6
52584699,4,52,-1,-1,1
52592797,6,54,-1,-1,2
52613477,52,17,-1,-1,7
52576317,33,6,-1,-1,5
52570950,2,14,-1,-1,4
52616001,22,23,-1,-1,0
52586589,9,45,-1,-1,1
52590055,52,25,-1,-1,6
52602596,6,43,-1,-1,2
52599504,26,3,-1,-1,4
52596171,24,0,-1,-1,2
52606932,1,36,-1,-1,1
52607037,11,2,-1,-1,3
52613269,20,44,-1,-1,2
52610541,10,24,-1,-1,5
52610896,14,14,-1,-1,4
52612786,46,1,-1,-1,5
52611210,46,51,-1,-1,7
52603830,2,38,-1,-1,7
52615036,35,43,-1,-1,3
52607836,47,33,-1,-1,0
52610618,47,2,-1,-1,1
52615079,21,28,-1,-1,2
52593520,37,9,-1,-1,0
52615455,14,47,-1,-1,3
52610928,50,6,-1,-1,6
52597763,37,54,-1,-1,3
52594851,52,37,-1,-1,5
52614079,19,55,-1,-1,1
52616000,41,44,-1,-1,4
52615379,33,34,-1,-1,7
52615516,9,31,-1,-1,6
52592640,38,5,-1,-1,4
52613141,43,18,-1,-1,2
52565838,38,6,-1,-1,1
52612413,28,57,-1,-1,2
52613505,52,53,-1,-1,4
52615957,24,25,-1,-1,5
52615803,41,58,-1,-1,2
52614075,34,13,-1,-1,0
52611244,20,48,-1,-1,2
52603574,54,55,-1,-1,3
52602154,51,18,-1,-1,0
52590054,18,56,-1,-1,7
52606878,42,14,-1,-1,6
52607608,50,32,-1,-1,1
52595227,54,43,-1,-1,4
52606100,46,14,-1,-1,0
52615897,30,32,-1,-1,5
52614269,19,47,-1,-1,7
52612139,14,27,-1,-1,0
52601094,55,2,-1,-1,7
52590293,28,3,-1,-1,4
52613613,9,30,-1,-1,0
52615167,18,24,-1,-1,4
52615116,44,30,-1,-1,3
52597168,15,54,-1,-1,7
52610785,56,28,-1,-1,1
52529232,1,4,-1,-1,1
52615629,25,22,-1,-1,0
52615758,33,27,-1,-1,4
52615630,20,34,-1,-1,3
52614982,40,38,-1,-1,1
52612002,17,9,-1,-1,7
52612194,6,37,-1,-1,4
52616002,30,27,-1,-1,6
52608845,40,6,-1,-1,3
52603190,53,48,-1,-1,4
52592642,15,0,-1,-1,2
52613354,12,44,-1,-1,4
52613801,52,39,-1,-1,0
52614005,22,48,-1,-1,0
52615447,41,43,-1,-1,5
52613053,34,36,-1,-1,2
52595292,12,14,-1,-1,1
52614971,36,51,-1,-1,4
52615843,45,28,-1,-1,7
52586281,54,37,-1,-1,2
52570838,54,42,-1,-1,7
52606362,9,55,-1,-1,6
52615949,28,16,-1,-1,6
52606739,57,57,-1,-1,5
52613286,15,35,-1,-1,1
52609961,25,56,-1,-1,5
52608884,25,15,-1,-1,5
52614580,40,5,-1,-1,3
52600937,8,51,-1,-1,4
52593079,4,9,-1,-1,1
52607727,51,39,-1,-1,7
52601782,58,51,-1,-1,7
52615795,37,1,-1,-1,1
52613826,1,30,-1,-1,5
52604096,41,57,-1,-1,1
52613790,39,13,-1,-1,0
52615842,23,20,-1,-1,4
52613348,37,32,-1,-1,0
52598372,2,24,-1,-1,3
52614620,23,41,-1,-1,4
52611603,4,27,-1,-1,1
52602824,46,55,-1,-1,1
52595033,2,3,-1,-1,3
52615743,29,46,-1,-1,2
52611511,52,34,-1,-1,5
52614318,1,31,-1,-1,3
52615039,29,40,-1,-1,2
52602840,41,7,-1,-1,3
52604645,0,4,-1,-1,0
52593921,5,17,-1,-1,3
52613956,58,46,-1,-1,4
52614350,11,40,-1,-1,2
52603279,53,30,-1,-1,1
52613196,32,39,-1,-1,3
52599995,55,15,-1,-1,2
52595048,5,50,-1,-1,7
52615661,26,27,-1,-1,4
52613845,38,19,-1,-1,5
52613898,51,9,-1,-1,5
52609843,41,23,-1,-1,5
52616009,24,28,-1,-1,0
52612565,13,38,-1,-1,0
52605646,10,4,-1,-1,4
52615930,19,27,-1,-1,2
52610743,6,5,-1,-1,3
52614160,53,28,-1,-1,2
52606252,9,42,-1,-1,0
52611281,21,31,-1,-1,0
52615471,35,30,-1,-1,4
52612302,46,39,-1,-1,3
52614768,38,18,-1,-1,0
52615929,19,29,-1,-1,0
52597750,57,33,-1,-1,0
52614688,4,15,-1,-1,0
52613938,42,8,-1,-1,0
52614994,20,7,-1,-1,5
52614544,20,4,-1,-1,4
52615524,32,19,-1,-1,1
52615685,21,23,-1,-1,2
52614333,23,48,-1,-1,7
52614385,30,37,-1,-1,2
52615993,11,34,-1,-1,0
52601951,18,10,-1,-1,5
52611975,20,20,-1,-1,7
52615011,25,28,-1,-1,0
52600363,32,53,-1,-1,3
52588935,52,8,-1,-1,5
52615014,13,29,-1,-1,0
52593873,8,56,-1,-1,5
52614508,18,18,-1,-1,1
52608520,22,9,-1,-1,3
52610546,5,19,-1,-1,4
52612410,35,19,-1,-1,0
52612059,0,23,-1,-1,2
52611817,49,34,-1,-1,4
52603551,3,0,-1,-1,2
52611237,37,47,-1,-1,1
52609315,22,52,-1,-1,1
52610614,25,6,-1,-1,3
52615269,7,43,-1,-1,0
52615623,24,35,-1,-1,0
52610881,45,55,-1,-1,6
52615615,25,40,-1,-1,3
52606896,56,37,-1,-1,2
52598175,25,4,-1,-1,1
52613037,27,8,-1,-1,6
52615953,26,41,-1,-1,3
52614944,19,57,-1,-1,6
52615653,49,38,-1,-1,4
52611056,27,17,-1,-1,2
52615854,1,8,-1,-1,3
52614737,43,16,-1,-1,4
52615282,34,57,-1,-1,0
52608666,36,5,-1,-1,2
52615552,38,10,-1,-1,4
52615595,23,46,-1,-1,5
52602721,18,2,-1,-1,6
52600795,56,55,-1,-1,5
52615894,33,38,-1,-1,6
52561232,9,9,-1,-1,4
52614135,32,33,-1,-1,7
52615121,54,54,-1,-1,1
52615138,29,48,-1,-1,0
52606421,34,9,-1,-1,1
52612106,48,30,-1,-1,4
52614004,45,24,-1,-1,7
52579708,9,7,-1,-1,4
52597766,57,39,-1,-1,4
52610455,22,19,-1,-1,4
52562399,49,4,-1,-1,3
52615318,31,16,-1,-1,7
52614699,19,23,-1,-1,5
52615504,32,48,-1,-1,2
52609860,9,6,-1,-1,0
52602877,49,2,-1,-1,1
52564102,51,58,-1,-1,7
52612164,10,20,-1,-1,0
52610176,41,27,-1,-1,3
52608868,26,50,-1,-1,7
52615558,7,40,-1,-1,4
52598050,41,46,-1,-1,6
52610981,3,20,-1,-1,3
52613751,30,42,-1,-1,6
52615584,33,29,-1,-1,1
52612512,24,7,-1,-1,2
52609451,20,53,-1,-1,4
52612800,9,43,-1,-1,5
52610456,48,49,-1,-1,0
52594788,54,28,-1,-1,3
52607904,12,45,-1,-1,1
52607563,33,1,-1,-1,7
52610371,8,17,-1,-1,5
52615103,44,40,-1,-1,5
52607516,49,46,-1,-1,7
52615850,38,36,-1,-1,1
52614115,40,20,-1,-1,6
52614653,37,46,-1,-1,3
52613860,11,37,-1,-1,4
52614395,25,51,-1,-1,6
52614507,38,32,-1,-1,0
52615047,32,54,-1,-1,1
52591674,0,37,-1,-1,3
52581728,52,30,-1,-1,5
52615686,15,22,-1,-1,3
52615575,30,31,-1,-1,6
52589677,13,3,-1,-1,7
52608989,3,15,-1,-1,5
52615940,25,30,-1,-1,1
52615599,30,33,-1,-1,6
52615572,21,39,-1,-1,4
52614529,16,47,-1,-1,3
52612645,37,42,-1,-1,1
52613599,40,45,-1,-1,4
52600417,10,18,-1,-1,2
52613813,18,28,-1,-1,2
52589774,53,14,-1,-1,7
52597064,0,28,-1,-1,1
52615251,40,33,-1,-1,6
52613544,52,43,-1,-1,5
52611403,16,35,-1,-1,3
52614756,14,42,-1,-1,2
52614638,41,35,-1,-1,1
52612648,36,53,-1,-1,0
52615031,29,27,-1,-1,4
52610350,43,1,-1,-1,5
52613125,11,55,-1,-1,7
52552967,7,2,-1,-1,5
52611877,37,51,-1,-1,7
52599572,53,17,-1,-1,7
52615101,31,23,-1,-1,4
52615956,27,16,-1,-1,7
52613127,50,19,-1,-1,6
52614625,23,10,-1,-1,6
52581976,4,1,-1,-1,1
52615262,37,17,-1,-1,2
52611806,13,55,-1,-1,1
52614499,20,24,-1,-1,3
52613322,1,21,-1,-1,7
52615923,30,26,-1,-1,2
52607409,58,3,-1,-1,0
52577960,45,8,-1,-1,5
52605772,28,1,-1,-1,7
52613872,28,21,-1,-1,6
52607281,50,12,-1,-1,6
52615757,39,52,-1,-1,7
52611545,57,50,-1,-1,1
52613060,58,32,-1,-1,4
52605348,30,2,-1,-1,5
52615775,23,30,-1,-1,1
52603301,6,45,-1,-1,1
52613982,26,19,-1,-1,5
52614855,24,46,-1,-1,0
52613407,21,50,-1,-1,3
52613967,33,20,-1,-1,3
52614897,46,29,-1,-1,7
52615839,22,1,-1,-1,6
52615496,20,43,-1,-1,0
52601362,57,24,-1,-1,1
52615780,32,26,-1,-1,4
52615431,14,31,-1,-1,7
52589433,2,17,-1,-1,6
52590763,54,25,-1,-1,5
52608464,22,42,-1,-1,1
52609739,32,7,-1,-1,6
52603489,47,19,-1,-1,6
52615346,38,13,-1,-1,0
52604356,54,36,-1,-1,6
52615200,10,31,-1,-1,6
52590501,56,45,-1,-1,4
52611916,6,30,-1,-1,7
52614949,36,43,-1,-1,2
52605155,14,46,-1,-1,7
52615720,14,33,-1,-1,5
52607987,42,42,-1,-1,7
52600352,48,17,-1,-1,7
52615639,47,42,-1,-1,7
52606847,43,36,-1,-1,4
52610426,14,8,-1,-1,6
52591382,10,52,-1,-1,4
52612704,41,45,-1,-1,3
52615744,25,37,-1,-1,7
52600912,25,7,-1,-1,3
52613469,56,25,-1,-1,1
52615603,31,38,-1,-1,3
52560259,5,7,-1,-1,2
52615546,39,5,-1,-1,3
52607084,37,43,-1,-1,0
52612452,26,54,-1,-1,2
52614627,55,19,-1,-1,0
52615203,17,42,-1,-1,2
52589227,3,12,-1,-1,4
52590143,47,14,-1,-1,7
52560792,0,16,-1,-1,2
52616021,21,45,-1,-1,7
52608192,4,55,-1,-1,2
52568575,11,17,-1,-1,2
52615927,37,30,-1,-1,3
52610293,8,48,-1,-1,7
52612549,45,27,-1,-1,5
52579938,13,7,-1,-1,5
52615825,36,26,-1,-1,6
52614967,45,39,-1,-1,0
52614327,31,47,-1,-1,2
52607741,58,27,-1,-1,5
52614405,49,52,-1,-1,4
52615468,22,31,-1,-1,4
52614651,13,42,-1,-1,1
52610854,6,14,-1,-1,0
52592752,56,19,-1,-1,7
52613369,50,21,-1,-1,1
52614912,5,10,-1,-1,6
52612527,57,17,-1,-1,3
52586984,55,14,-1,-1,1
52612008,39,12,-1,-1,6
52545471,51,0,-1,-1,6
52607823,2,2,-1,-1,3
52615600,34,27,-1,-1,6
52582455,11,11,-1,-1,2
52612604,10,47,-1,-1,6
52606156,32,18,-1,-1,7
52606718,38,3,-1,-1,5
52613263,21,49,-1,-1,7
52596368,2,41,-1,-1,7
52615778,43,26,-1,-1,4
52615713,12,40,-1,-1,4
52615410,29,32,-1,-1,1
52615347,23,18,-1,-1,6
52580885,5,11,-1,-1,0
52615190,42,28,-1,-1,3
52613298,50,39,-1,-1,6
52605857,25,57,-1,-1,1
52606717,47,54,-1,-1,4
52614865,8,34,-1,-1,6
52613920,48,55,-1,-1,1
52608773,53,22,-1,-1,2
52605219,55,44,-1,-1,7
52579678,5,4,-1,-1,5
52612694,10,51,-1,-1,4
52587726,48,6,-1,-1,5
52615774,22,40,-1,-1,4
52607276,34,56,-1,-1,4
52614753,27,33,-1,-1,4
52614316,19,13,-1,-1,4
52615080,46,52,-1,-1,0
52606187,44,55,-1,-1,5
52610609,35,10,-1,-1,5
52598483,5,47,-1,-1,5
52609514,15,45,-1,-1,7
52606535,58,54,-1,-1,5
52608240,7,16,-1,-1,2
52613493,21,17,-1,-1,7
52609997,4,36,-1,-1,7
52615452,22,33,-1,-1,6
52602549,44,58,-1,-1,2
52614850,42,46,-1,-1,6
52615218,50,54,-1,-1,1
52613915,27,56,-1,-1,2
52591735,58,12,-1,-1,7
52615906,21,37,-1,-1,1
52584684,5,38,-1,-1,2
52586347,49,20,-1,-1,5
52549326,55,3,-1,-1,4
52613830,5,29,-1,-1,1
52614370,5,31,-1,-1,3
52612421,34,58,-1,-1,1
52615980,24,38,-1,-1,0
52610224,47,56,-1,-1,2
52615108,6,2,-1,-1,3
52614181,28,10,-1,-1,5
52605263,37,0,-1,-1,4
52614951,55,35,-1,-1,0
52570847,53,7,-1,-1,2
52613208,40,55,-1,-1,4
52607150,11,48,-1,-1,0
52612390,58,29,-1,-1,4
52601629,57,2,-1,-1,6
52615707,27,10,-1,-1,7
52613514,35,50,-1,-1,7
52615127,23,24,-1,-1,5
52614524,9,58,-1,-1,2
52612794,15,32,-1,-1,0
52613927,11,13,-1,-1,0
52615470,31,34,-1,-1,0
52598507,19,56,-1,-1,2
52614648,6,22,-1,-1,3
52614716,22,50,-1,-1,1
52615832,27,38,-1,-1,2
52613973,19,36,-1,-1,7
52614591,45,37,-1,-1,2
52615508,31,13,-1,-1,0
52562944,57,52,-1,-1,3
52603944,1,24,-1,-1,1
52615681,31,44,-1,-1,5
52613814,9,28,-1,-1,2
52614127,18,25,-1,-1,1
52616010,24,22,-1,-1,3
52614987,51,48,-1,-1,7
52601171,49,58,-1,-1,2
52608630,50,26,-1,-1,6
52611964,57,15,-1,-1,3
52614509,40,37,-1,-1,2
52612064,14,13,-1,-1,2
52614407,48,35,-1,-1,6
52615826,57,21,-1,-1,3
52603649,17,10,-1,-1,1
52612563,0,19,-1,-1,3
52597396,8,44,-1,-1,2
52608563,8,49,-1,-1,4
52561968,4,0,-1,-1,6
52557392,11,52,-1,-1,5
52607636,57,26,-1,-1,2
52614866,16,45,-1,-1,2
52613911,20,40,-1,-1,2
52609094,56,40,-1,-1,7
52615106,48,38,-1,-1,7
52607158,55,46,-1,-1,4
52592700,54,49,-1,-1,3
52616027,30,24,-1,-1,2
52610733,11,42,-1,-1,3
52609269,7,10,-1,-1,4
52615646,23,42,-1,-1,3
52611138,51,50,-1,-1,7
52614741,39,55,-1,-1,1
52601868,45,6,-1,-1,3
52614085,31,53,-1,-1,1
52606885,31,10,-1,-1,3
52578493,45,1,-1,-1,0
52585010,12,46,-1,-1,4
52584033,53,6,-1,-1,5
52594930,6,13,-1,-1,7
52614357,32,57,-1,-1,5
52615454,26,23,-1,-1,2
52597123,31,4,-1,-1,0
52612394,13,17,-1,-1,5
52615990,26,26,-1,-1,6
52613750,9,38,-1,-1,0
52615304,43,37,-1,-1,1
52615457,35,8,-1,-1,4
52613443,41,19,-1,-1,7
52603428,39,7,-1,-1,1
52604290,51,13,-1,-1,0
52595452,7,51,-1,-1,5
52615139,38,28,-1,-1,6
52615805,46,28,-1,-1,7
52615939,26,24,-1,-1,1
52608239,10,41,-1,-1,2
52614347,27,36,-1,-1,7
52614497,19,44,-1,-1,2
52614956,15,24,-1,-1,6
52587113,55,51,-1,-1,3
52612216,21,43,-1,-1,1
52615916,30,35,-1,-1,1
52615901,26,32,-1,-1,2
52610093,52,28,-1,-1,6
52615104,38,40,-1,-1,3
52610305,50,51,-1,-1,0
52594003,41,2,-1,-1,5
52611594,18,30,-1,-1,1
52595437,17,3,-1,-1,5
52579478,6,0,-1,-1,6
52612479,45,56,-1,-1,3
52613574,40,7,-1,-1,5
52613597,38,44,-1,-1,0
52604715,19,7,-1,-1,5
52615545,45,30,-1,-1,0
52614906,49,47,-1,-1,0
52607086,57,25,-1,-1,7
52611823,10,14,-1,-1,2
52615275,1,32,-1,-1,3
52608816,18,40,-1,-1,1
52533399,15,55,-1,-1,0
52603144,51,30,-1,-1,2
52604416,52,42,-1,-1,6
52615204,44,33,-1,-1,4
52615367,2,15,-1,-1,1
52612769,53,27,-1,-1,2
52593227,1,53,-1,-1,0
52611513,32,52,-1,-1,3
52612964,47,16,-1,-1,3
52609200,12,11,-1,-1,6
52615594,47,21,-1,-1,1
52615220,22,43,-1,-1,0
52566953,0,56,-1,-1,0
52615887,9,20,-1,-1,2
52614794,34,46,-1,-1,5
52614352,18,17,-1,-1,3
52604138,15,46,-1,-1,6
52591194,58,52,-1,-1,0
52613528,28,46,-1,-1,7
52606659,5,24,-1,-1,7
52610430,57,40,-1,-1,7
52611454,53,36,-1,-1,7
52615125,20,31,-1,-1,7
52615494,11,5,-1,-1,1
52615538,55,45,-1,-1,0
52554454,41,1,-1,-1,3
52603812,50,16,-1,-1,6
52615958,29,19,-1,-1,6
52613172,15,11,-1,-1,0
52600746,6,18,-1,-1,1
52583279,48,7,-1,-1,7
52615182,18,51,-1,-1,3
52615837,20,32,-1,-1,2
52611576,40,31,-1,-1,3
52609790,57,14,-1,-1,0
52608590,44,42,-1,-1,7
52614763,33,22,-1,-1,6
52608950,0,29,-1,-1,4
52615316,28,38,-1,-1,7
52613033,25,9,-1,-1,3
52612197,7,45,-1,-1,2
52614337,23,33,-1,-1,0
52615724,30,18,-1,-1,5
52581831,52,41,-1,-1,2
52608340,37,3,-1,-1,6
52615884,28,40,-1,-1,0
52615813,16,33,-1,-1,6
52610982,49,24,-1,-1,0
52606056,57,12,-1,-1,2
52614227,8,15,-1,-1,2
52615911,23,36,-1,-1,7
52595648,55,22,-1,-1,0
52614101,28,58,-1,-1,7
52606801,54,29,-1,-1,7
52566932,57,6,-1,-1,3
52609339,40,32,-1,-1,2
52614490,15,53,-1,-1,4
52612349,6,23,-1,-1,2
52614582,15,14,-1,-1,6
52610002,35,22,-1,-1,0
52612568,47,9,-1,-1,5
52611307,18,55,-1,-1,7
52601053,52,54,-1,-1,4
52612174,46,22,-1,-1,0
52615889,30,34,-1,-1,0
52613612,50,15,-1,-1,2
52613700,17,53,-1,-1,2
52615570,20,41,-1,-1,7
52600231,38,2,-1,-1,5
52616014,24,33,-1,-1,0
52597743,49,56,-1,-1,5
52615396,41,25,-1,-1,7
52615851,17,21,-1,-1,2
52615004,36,37,-1,-1,1
52615777,25,21,-1,-1,1
52615236,28,43,-1,-1,3
52615779,27,19,-1,-1,4
52612868,29,16,-1,-1,5
52564619,53,45,-1,-1,6
52599131,37,5,-1,-1,5
52589308,49,7,-1,-1,3
52613864,58,24,-1,-1,0
52604460,7,55,-1,-1,0
52615965,28,33,-1,-1,1
52610281,15,33,-1,-1,1
52609608,20,1,-1,-1,7
52614895,38,24,-1,-1,0
52613032,53,23,-1,-1,2
52613923,36,45,-1,-1,4
52551569,0,7,-1,-1,4
52612102,16,27,-1,-1,2
52591227,17,1,-1,-1,4
52614440,31,55,-1,-1,5
52611729,19,30,-1,-1,4
52608640,22,6,-1,-1,0
52610615,3,41,-1,-1,1
52608886,45,48,-1,-1,2
52615391,14,35,-1,-1,6
52607600,18,45,-1,-1,0
52614235,50,30,-1,-1,0
52594113,0,53,-1,-1,0
52602887,35,0,-1,-1,6
52567303,45,9,-1,-1,7
52615491,21,22,-1,-1,2
52606517,10,46,-1,-1,7
52609146,44,6,-1,-1,4
52615332,10,28,-1,-1,5
52607387,33,7,-1,-1,2
52615636,36,32,-1,-1,1
52612732,46,19,-1,-1,1
52606039,4,34,-1,-1,4
52607156,6,24,-1,-1,2
52611242,50,44,-1,-1,3
52613844,44,34,-1,-1,4
52614038,18,42,-1,-1,1
52609746,12,56,-1,-1,4
52608193,44,22,-1,-1,1
52607838,0,30,-1,-1,3
52599141,9,5,-1,-1,0
52601635,2,40,-1,-1,3
52615033,36,17,-1,-1,3
52612460,29,53,-1,-1,2
52611135,53,49,-1,-1,4
52615164,13,21,-1,-1,0
52614381,29,17,-1,-1,7
52614758,0,9,-1,-1,4
52613815,17,39,-1,-1,7
52613783,22,18,-1,-1,2
52615985,38,12,-1,-1,1
52604655,2,31,-1,-1,7
52615488,26,48,-1,-1,4
52613931,10,3,-1,-1,5
52611599,48,25,-1,-1,4
52615896,29,30,-1,-1,4
52614364,44,10,-1,-1,0
52615485,22,34,-1,-1,6
52615614,31,25,-1,-1,4
52615526,47,18,-1,-1,6
52613841,20,22,-1,-1,2
52613608,55,56,-1,-1,4
52610026,2,44,-1,-1,3
52613739,42,51,-1,-1,7
52592581,6,47,-1,-1,3
52614024,17,31,-1,-1,3
52595944,14,10,-1,-1,7
52611432,1,25,-1,-1,5
52602166,13,48,-1,-1,3
52613718,22,54,-1,-1,6
52600890,53,53,-1,-1,3
52588253,2,20,-1,-1,1
52609111,33,56,-1,-1,0
52613414,28,19,-1,-1,3
52614852,22,27,-1,-1,7
52615333,42,27,-1,-1,0
52615788,26,34,-1,-1,1
52615231,21,20,-1,-1,2
52609376,19,46,-1,-1,3
52608710,8,35,-1,-1,1
52615458,30,16,-1,-1,7
52552205,55,1,-1,-1,5
52579015,18,53,-1,-1,3
52613723,57,41,-1,-1,3
52595465,7,5,-1,-1,2
52612614,48,50,-1,-1,3
52612513,7,15,-1,-1,0
52605338,41,9,-1,-1,7
52600658,25,12,-1,-1,6
52615453,23,25,-1,-1,4
52609520,5,51,-1,-1,0
52591225,46,5,-1,-1,2
52598243,25,3,-1,-1,6
52602101,42,7,-1,-1,4
52612608,9,33,-1,-1,0
52613509,11,6,-1,-1,5
52610363,5,6,-1,-1,1
52614388,42,56,-1,-1,6
52616019,27,46,-1,-1,2
52604094,9,11,-1,-1,1
52612799,39,45,-1,-1,5
52614264,22,41,-1,-1,0
52613627,36,42,-1,-1,0
52615814,28,25,-1,-1,7
52611154,11,36,-1,-1,3
52613087,33,14,-1,-1,6
52615582,18,14,-1,-1,0
52600198,55,52,-1,-1,1
52614375,16,23,-1,-1,7
52615493,43,32,-1,-1,1
52611628,30,1,-1,-1,5
52614917,33,13,-1,-1,6
52614981,35,55,-1,-1,2
52550180,12,3,-1,-1,1
52582420,34,0,-1,-1,4
52615613,25,35,-1,-1,3
52574689,3,54,-1,-1,1
52610969,33,8,-1,-1,2
52615665,19,8,-1,-1,0
52613175,48,19,-1,-1,5
52615393,1,46,-1,-1,2
52614628,26,53,-1,-1,2
52612915,49,37,-1,-1,0
52614072,46,24,-1,-1,4
52601873,48,9,-1,-1,3
52613190,25,0,-1,-1,2
52615185,35,14,-1,-1,1
52615640,40,21,-1,-1,4
52612189,25,16,-1,-1,0
52615392,15,31,-1,-1,6
52599849,2,52,-1,-1,1
52561132,8,5,-1,-1,5
52611291,44,41,-1,-1,6
52614146,45,13,-1,-1,6
52600563,0,50,-1,-1,0
52613776,34,45,-1,-1,4
52512633,56,6,-1,-1,2
52600964,49,55,-1,-1,2
52600059,16,5,-1,-1,6
52613069,58,41,-1,-1,0
52615324,25,32,-1,-1,5
52607584,50,25,-1,-1,6
52599989,15,42,-1,-1,7
52612903,23,11,-1,-1,3
52608663,42,48,-1,-1,1
52611565,36,9,-1,-1,4
52615855,26,17,-1,-1,2
52615095,30,55,-1,-1,1
52610351,35,3,-1,-1,4
52609550,40,3,-1,-1,3
52598524,43,58,-1,-1,0
52615487,24,27,-1,-1,0
52597314,54,40,-1,-1,7
52615388,30,51,-1,-1,3
52608959,45,7,-1,-1,1
52614881,42,29,-1,-1,6
52615790,35,42,-1,-1,5
52614674,26,36,-1,-1,0
52614372,37,49,-1,-1,7
52612192,33,40,-1,-1,6
52611448,46,33,-1,-1,7
52557382,54,51,-1,-1,5
52615271,46,40,-1,-1,0
52615060,17,34,-1,-1,2
52614231,35,44,-1,-1,7
52610420,40,41,-1,-1,7
52615062,36,23,-1,-1,0
52615511,7,47,-1,-1,0
52615883,54,47,-1,-1,5
52615931,37,33,-1,-1,1
52613395,52,22,-1,-1,4
52615721,36,40,-1,-1,1
52595415,16,46,-1,-1,1
52615730,3,28,-1,-1,7
52615722,52,35,-1,-1,7
52614149,21,42,-1,-1,7
52612981,29,49,-1,-1,7
52590602,2,27,-1,-1,2
52595853,44,13,-1,-1,0
52591810,52,58,-1,-1,0
52606283,14,1,-1,-1,2
52614192,36,7,-1,-1,2
52607763,27,50,-1,-1,4
52602410,54,18,-1,-1,2
52519025,0,15,-1,-1,3
52602044,36,56,-1,-1,7
52579977,52,2,-1,-1,0
52615034,11,54,-1,-1,7
52608712,39,9,-1,-1,5
52611679,38,51,-1,-1,0
52615694,31,14,-1,-1,7
52607331,9,47,-1,-1,0
52615279,33,50,-1,-1,0
52615389,12,51,-1,-1,4
52615432,34,25,-1,-1,3
52609043,8,4,-1,-1,1
52609898,51,56,-1,-1,6
52612405,0,25,-1,-1,1
52613205,45,36,-1,-1,4
52608164,42,49,-1,-1,4
52605471,16,15,-1,-1,2
52611765,3,44,-1,-1,2
52613930,41,41,-1,-1,4
52614403,27,44,-1,-1,1
52604680,3,51,-1,-1,7
52615870,23,40,-1,-1,4
52614556,28,2,-1,-1,0
52612005,51,46,-1,-1,2
52592066,44,3,-1,-1,6
52606845,17,6,-1,-1,3
52609774,42,44,-1,-1,4
52601310,16,58,-1,-1,2
52606402,36,11,-1,-1,7
52614222,32,13,-1,-1,3
52613297,46,18,-1,-1,5
52605993,49,28,-1,-1,7
52614120,16,32,-1,-1,6
52613478,36,39,-1,-1,4
52614803,41,24,-1,-1,6
52611821,2,4,-1,-1,0
52615250,14,30,-1,-1,2
52613161,19,11,-1,-1,5
52615061,32,15,-1,-1,6
52615358,56,9,-1,-1,4
52589637,52,9,-1,-1,3
52582707,53,51,-1,-1,5
52615147,28,35,-1,-1,2
52613543,42,57,-1,-1,3
52613392,4,50,-1,-1,4
52614875,27,41,-1,-1,3
52615925,21,35,-1,-1,6
52614240,26,45,-1,-1,3
52610017,50,37,-1,-1,4
52609117,31,9,-1,-1,4
52589336,3,49,-1,-1,3
52614997,43,44,-1,-1,6
52584643,51,16,-1,-1,1
52612598,53,29,-1,-1,0
52607752,1,43,-1,-1,5
52613277,40,43,-1,-1,6
52614977,6,25,-1,-1,3
52615448,28,44,-1,-1,4
52605299,0,57,-1,-1,3
52614830,19,5,-1,-1,6
52605259,6,26,-1,-1,0
52609085,36,15,-1,-1,6
52611791,5,52,-1,-1,3
52610766,31,17,-1,-1,1
52614154,33,24,-1,-1,1
52612427,37,58,-1,-1,6
52614779,47,26,-1,-1,0
52615120,38,43,-1,-1,3
52614474,12,26,-1,-1,3
52614107,5,55,-1,-1,2
52612195,14,17,-1,-1,6
52611460,41,37,-1,-1,1
52615117,56,36,-1,-1,4
52614645,51,17,-1,-1,4
52606624,18,5,-1,-1,1
52614078,9,36,-1,-1,2
52615434,19,6,-1,-1,6
52610474,17,45,-1,-1,3
52616012,23,45,-1,-1,7
52571945,8,8,-1,-1,0
52613561,31,21,-1,-1,3
52615983,36,24,-1,-1,0
52604030,52,12,-1,-1,7
52607145,39,39,-1,-1,5
52609428,4,3,-1,-1,7
52614876,38,30,-1,-1,5
52609778,11,56,-1,-1,6
52604395,13,54,-1,-1,7
52592419,14,56,-1,-1,1
52614642,13,33,-1,-1,2
52603674,1,1,-1,-1,5
52614392,15,43,-1,-1,4
52614818,10,50,-1,-1,3
52592695,46,7,-1,-1,4
52609227,11,4,-1,-1,1
52615687,11,28,-1,-1,1
52612444,16,51,-1,-1,6
52611012,7,34,-1,-1,7
52596450,58,16,-1,-1,7
52613193,10,16,-1,-1,3
52615006,10,36,-1,-1,0
52574270,1,37,-1,-1,7
52614521,32,55,-1,-1,5
52609795,22,14,-1,-1,1
52612508,16,30,-1,-1,4
52615679,32,22,-1,-1,3
52602090,0,13,-1,-1,2
52615891,24,12,-1,-1,1
52592515,10,53,-1,-1,2
52597133,55,38,-1,-1,5
52602334,34,8,-1,-1,4
52612912,42,2,-1,-1,0
52608585,10,33,-1,-1,1
52614668,35,20,-1,-1,5
52601269,17,13,-1,-1,3
52613456,26,49,-1,-1,0
52611471,7,57,-1,-1,6
52599882,23,2,-1,-1,5
52615173,11,30,-1,-1,0
52613374,39,43,-1,-1,4
52614396,46,45,-1,-1,5
52614335,42,26,-1,-1,4
52540634,55,7,-1,-1,3
52609537,8,52,-1,-1,2
52599790,50,8,-1,-1,6
52615198,38,17,-1,-1,1
52613573,45,31,-1,-1,5
52613859,53,15,-1,-1,4
52614851,33,35,-1,-1,3
52608637,55,30,-1,-1,3
52614262,20,37,-1,-1,2
52613918,29,57,-1,-1,7
52610300,46,50,-1,-1,0
52603235,1,56,-1,-1,5
52594636,2,51,-1,-1,3
52609389,13,14,-1,-1,4
52606297,46,10,-1,-1,2
52600046,41,5,-1,-1,6
52612531,3,30,-1,-1,3
52611028,30,11,-1,-1,4
52615578,31,51,-1,-1,7
52612882,44,53,-1,-1,6
52599431,4,28,-1,-1,2
52613893,49,13,-1,-1,1
52614873,36,18,-1,-1,4
52610624,10,9,-1,-1,4
52599484,17,5,-1,-1,1
52606496,4,37,-1,-1,4
52615860,31,32,-1,-1,7
52615360,34,39,-1,-1,7
52612201,14,5,-1,-1,2
52614834,22,55,-1,-1,1
52614358,22,21,-1,-1,4
52612030,2,26,-1,-1,6
52605345,29,6,-1,-1,1
52601958,47,8,-1,-1,6
52611718,31,39,-1,-1,5
52614267,3,5,-1,-1,0
52567650,50,58,-1,-1,6
52607774,3,1,-1,-1,2
52615503,12,53,-1,-1,6
52606746,44,15,-1,-1,5
52601778,58,40,-1,-1,5
52615739,21,26,-1,-1,1
52615680,28,48,-1,-1,6
52610112,49,9,-1,-1,6
52613773,53,25,-1,-1,2
52599552,14,48,-1,-1,7
52613542,13,0,-1,-1,4
52615973,27,29,-1,-1,3
52616004,41,32,-1,-1,6
52581813,51,33,-1,-1,1
52615260,43,9,-1,-1,4
52607485,49,53,-1,-1,3
52613731,14,52,-1,-1,7
52615577,9,21,-1,-1,4
52537920,43,3,-1,-1,2
52614292,56,24,-1,-1,3
52587373,4,46,-1,-1,6
52614168,38,56,-1,-1,1
52615892,37,36,-1,-1,7
52554160,3,55,-1,-1,1
52613681,46,49,-1,-1,1
52611532,7,25,-1,-1,5
52611739,9,29,-1,-1,1
52586438,56,41,-1,-1,3
52611911,14,50,-1,-1,2
52615811,13,15,-1,-1,0
52597041,52,50,-1,-1,3
52614980,39,38,-1,-1,3
52615428,24,45,-1,-1,5
52544947,55,49,-1,-1,5
52613466,17,17,-1,-1,3
52614261,6,9,-1,-1,5
52596533,27,0,-1,-1,6
52611633,51,35,-1,-1,0
52595910,34,5,-1,-1,2
52598879,21,9,-1,-1,4
52604874,49,39,-1,-1,2
52614055,29,12,-1,-1,4
52615963,27,12,-1,-1,6
52595662,18,49,-1,-1,1
52601181,13,1,-1,-1,5
52602255,38,9,-1,-1,5
52615872,35,24,-1,-1,5
52606529,27,3,-1,-1,5
52605892,54,30,-1,-1,7
52519769,53,54,-1,-1,0
52614707,54,39,-1,-1,1
52596449,56,5,-1,-1,3
52615823,28,17,-1,-1,5
52584147,2,53,-1,-1,0
52614979,38,29,-1,-1,0
52611330,18,54,-1,-1,2
52601263,8,54,-1,-1,1
52610139,47,37,-1,-1,4
52608460,40,14,-1,-1,1
52615976,19,41,-1,-1,4
52614241,35,7,-1,-1,3
52590209,57,44,-1,-1,2
52610637,24,57,-1,-1,6
52614344,32,8,-1,-1,0
52615935,24,10,-1,-1,1
52614657,44,39,-1,-1,0
52601383,34,6,-1,-1,6
52614449,53,18,-1,-1,6
52615407,37,53,-1,-1,2
52593576,0,21,-1,-1,2
52614389,44,21,-1,-1,7
52610775,41,54,-1,-1,6
52607616,52,23,-1,-1,2
52600919,20,2,-1,-1,6
52608924,51,24,-1,-1,4
52604579,13,49,-1,-1,1
52608634,18,3,-1,-1,4
52614986,27,4,-1,-1,7
52614952,33,52,-1,-1,3
52593385,43,19,-1,-1,2
52615155,10,25,-1,-1,0
52587579,37,4,-1,-1,6
52583091,16,10,-1,-1,4
52615853,16,21,-1,-1,4
52616018,25,27,-1,-1,7
52608990,5,33,-1,-1,0
52609069,45,17,-1,-1,3
52615717,43,24,-1,-1,5
52613285,1,16,-1,-1,5
52615339,2,45,-1,-1,4
52593443,4,2,-1,-1,1
52615381,22,38,-1,-1,0
52615501,53,34,-1,-1,7
52608541,32,1,-1,-1,1
52599256,0,6,-1,-1,0
52547029,22,4,-1,-1,4
52614249,48,37,-1,-1,0
52589830,18,50,-1,-1,4
52597719,16,50,-1,-1,3
52615288,12,19,-1,-1,5
52585439,40,4,-1,-1,5
52615395,26,18,-1,-1,5
52614593,47,46,-1,-1,4
52615255,38,31,-1,-1,4
52582325,1,39,-1,-1,2
52615191,26,25,-1,-1,2
52608100,8,19,-1,-1,2
52604482,2,29,-1,-1,1
52613428,2,48,-1,-1,4
52588124,0,31,-1,-1,2
52612962,10,35,-1,-1,6
52600875,10,6,-1,-1,4
52605145,21,18,-1,-1,5
52589641,4,38,-1,-1,0
52612045,9,16,-1,-1,3
52578609,22,3,-1,-1,6
52613461,46,0,-1,-1,2
52611132,9,56,-1,-1,1
52615945,9,48,-1,-1,7
52607732,37,39,-1,-1,5
52614545,24,1,-1,-1,3
52577695,10,56,-1,-1,2
52605379,2,1,-1,-1,7
52613100,20,11,-1,-1,5
52610019,29,44,-1,-1,2
52615977,14,25,-1,-1,6
52609322,23,52,-1,-1,2
52614143,30,21,-1,-1,7
52615767,35,37,-1,-1,7
52613382,3,31,-1,-1,1
52614722,34,48,-1,-1,1
52615515,41,22,-1,-1,4
52614224,12,1,-1,-1,7
52606857,19,16,-1,-1,1
52607711,49,36,-1,-1,3
52612562,27,5,-1,-1,1
52589410,8,11,-1,-1,7
52613617,2,50,-1,-1,6
52612906,10,43,-1,-1,0
52607639,37,16,-1,-1,4
52607811,56,3,-1,-1,3
52604898,52,52,-1,-1,2
52608863,2,16,-1,-1,5
52614585,28,34,-1,-1,3
52603579,20,55,-1,-1,6
52605879,45,52,-1,-1,5
52614907,31,6,-1,-1,6
52615919,35,33,-1,-1,0
52608744,12,21,-1,-1,2
52594621,57,7,-1,-1,3
52577607,4,58,-1,-1,6
52615708,26,31,-1,-1,6
52589970,51,11,-1,-1,6
52614439,22,46,-1,-1,1
52605311,4,21,-1,-1,1
52580714,49,51,-1,-1,2
52587889,7,52,-1,-1,1
52606006,46,57,-1,-1,0
52607302,51,47,-1,-1,7
52607091,2,22,-1,-1,3
52614969,27,45,-1,-1,1
52614503,8,25,-1,-1,3
52598431,51,55,-1,-1,7
52606301,24,14,-1,-1,0
52611681,55,6,-1,-1,4
52607591,52,21,-1,-1,4
52596802,0,0,-1,-1,4
52598429,5,9,-1,-1,2
52612130,29,23,-1,-1,3
52608027,30,7,-1,-1,6
52613152,16,25,-1,-1,7
52608328,22,8,-1,-1,1
52607515,44,45,-1,-1,7
52609924,8,12,-1,-1,0
52615947,11,25,-1,-1,4
52605238,48,8,-1,-1,0
52610111,52,49,-1,-1,0
52609871,51,20,-1,-1,7
52567860,2,18,-1,-1,4
52614103,42,43,-1,-1,1
52613272,32,10,-1,-1,6
52609247,33,5,-1,-1,4
52605098,8,13,-1,-1,5
52615902,31,36,-1,-1,3
52614314,16,37,-1,-1,5
52600106,44,0,-1,-1,3
52613410,49,10,-1,-1,1
52600533,56,33,-1,-1,7
52615490,28,9,-1,-1,0
52612656,50,46,-1,-1,3
52615192,31,37,-1,-1,7
52614550,32,21,-1,-1,7
52511854,53,3,-1,-1,0
52613694,22,12,-1,-1,6
52610418,33,47,-1,-1,2
52610723,55,16,-1,-1,4
52607109,49,19,-1,-1,0
52533382,53,55,-1,-1,7
52615427,22,37,-1,-1,6
52612827,8,38,-1,-1,2
52601761,10,13,-1,-1,7
52613910,13,47,-1,-1,3
52608702,15,37,-1,-1,4
52615093,39,36,-1,-1,2
52615090,46,30,-1,-1,0
52605384,20,5,-1,-1,4
52569268,53,56,-1,-1,7
52613877,32,46,-1,-1,1
52614394,37,8,-1,-1,3
52615295,35,51,-1,-1,6
52615815,19,20,-1,-1,2
52614755,35,57,-1,-1,5
52615768,7,44,-1,-1,7
52615087,37,20,-1,-1,6
52614138,34,11,-1,-1,2
52604210,5,44,-1,-1,6
52615462,25,39,-1,-1,2
52611395,38,7,-1,-1,1
52578285,15,57,-1,-1,1
52615289,33,26,-1,-1,7
52615846,32,31,-1,-1,6
52601708,1,51,-1,-1,0
52605762,42,41,-1,-1,2
52614928,14,36,-1,-1,1
52589108,32,4,-1,-1,5
52615430,31,28,-1,-1,2
52545970,58,5,-1,-1,0
52615992,48,57,-1,-1,4
52599612,48,5,-1,-1,7
52612502,56,43,-1,-1,7
52611151,31,7,-1,-1,4
52615950,27,31,-1,-1,7
52615483,27,23,-1,-1,5
52615416,25,31,-1,-1,1
52616017,25,33,-1,-1,0
52594235,15,3,-1,-1,7
52601577,12,10,-1,-1,1
52615497,17,27,-1,-1,3
52615659,15,20,-1,-1,4
52607975,8,42,-1,-1,6
52597346,14,6,-1,-1,4
52611528,28,47,-1,-1,2
52613726,37,25,-1,-1,6
52614924,24,20,-1,-1,6
52598897,9,51,-1,-1,0
52615213,44,25,-1,-1,7
52611571,20,46,-1,-1,3
52608337,12,18,-1,-1,4
52593946,53,12,-1,-1,6
52606722,4,14,-1,-1,7
52610306,53,57,-1,-1,7
52608646,21,52,-1,-1,3
52615296,35,34,-1,-1,1
52587510,32,0,-1,-1,4
52612837,3,39,-1,-1,7
52608564,23,44,-1,-1,2
52613519,40,40,-1,-1,5
52600065,2,8,-1,-1,5
52615278,58,43,-1,-1,4
52615936,36,34,-1,-1,5
52602146,1,20,-1,-1,0
52612111,31,57,-1,-1,3
52597291,51,12,-1,-1,0
52609944,4,25,-1,-1,4
52610642,50,33,-1,-1,6
52615863,22,30,-1,-1,0
52614140,0,32,-1,-1,1
52615099,40,26,-1,-1,7
52589232,10,7,-1,-1,4
52601283,11,12,-1,-1,4
52597212,4,53,-1,-1,5
52614306,38,48,-1,-1,7
52609245,6,52,-1,-1,4
52611194,5,49,-1,-1,6
52598982,42,16,-1,-1,5
52583542,52,19,-1,-1,0
52615632,4,6,-1,-1,5
52612876,47,50,-1,-1,4
52615597,35,11,-1,-1,7
52599805,58,10,-1,-1,6
52587720,56,35,-1,-1,1
52611742,57,29,-1,-1,0
52612041,37,29,-1,-1,4
52615123,34,31,-1,-1,4
52612162,13,52,-1,-1,5
52613309,29,3,-1,-1,4
52614104,25,18,-1,-1,6
52615566,23,54,-1,-1,7
52583890,49,12,-1,-1,6
52610818,3,17,-1,-1,6
52610670,36,1,-1,-1,0
52612389,42,21,-1,-1,6
52612758,51,3,-1,-1,5
52597170,20,0,-1,-1,5
52615016,27,49,-1,-1,7
52613969,23,56,-1,-1,5
52592511,8,53,-1,-1,3
52615348,41,26,-1,-1,0
52615437,20,28,-1,-1,7
52609786,8,18,-1,-1,2
52615875,14,23,-1,-1,3
52614934,23,16,-1,-1,3
52615340,14,21,-1,-1,7
52601980,5,36,-1,-1,5
52611070,7,12,-1,-1,4
52595813,11,1,-1,-1,7
52614534,11,35,-1,-1,7
52611568,0,22,-1,-1,2
52611396,40,18,-1,-1,4
52608452,30,52,-1,-1,7
52605790,1,54,-1,-1,0
52614015,32,35,-1,-1,3
52566107,45,58,-1,-1,1
52610840,47,45,-1,-1,5
52612558,2,47,-1,-1,2
52615299,36,12,-1,-1,3
52500801,0,12,-1,-1,3
52615371,34,50,-1,-1,2
52613906,13,12,-1,-1,5
52612113,24,51,-1,-1,0
52608386,24,2,-1,-1,5
52595489,57,34,-1,-1,5
52580262,22,0,-1,-1,5
52614551,11,22,-1,-1,2
52609565,48,29,-1,-1,0
52614536,21,29,-1,-1,3
52594911,42,5,-1,-1,3
52613703,4,30,-1,-1,2
52608916,17,51,-1,-1,2
52614698,22,22,-1,-1,2
52612307,20,58,-1,-1,2
52610339,44,1,-1,-1,7
52614634,39,29,-1,-1,0
52605985,33,4,-1,-1,4
52615334,32,45,-1,-1,2
52612989,7,53,-1,-1,0
52615841,4,4,-1,-1,5
52615215,43,41,-1,-1,7
52615194,18,22,-1,-1,6
52615001,15,29,-1,-1,1
52615908,32,23,-1,-1,4
52606199,40,36,-1,-1,7
52611487,3,43,-1,-1,6
52615635,35,32,-1,-1,7
52607614,10,23,-1,-1,2
52574643,51,23,-1,-1,6
52612341,54,14,-1,-1,2
52580061,25,55,-1,-1,3
52604942,10,39,-1,-1,7
52613769,42,6,-1,-1,5
52605929,19,12,-1,-1,0
52570778,1,6,-1,-1,2
52603381,56,10,-1,-1,7
52606694,16,49,-1,-1,4
52595914,3,40,-1,-1,3
52601420,2,30,-1,-1,1
52594536,13,11,-1,-1,4
52600012,52,48,-1,-1,2
52613357,33,9,-1,-1,6
52613672,56,14,-1,-1,3
52602282,13,44,-1,-1,5
52612589,33,18,-1,-1,5
52612252,24,47,-1,-1,7
52608969,11,41,-1,-1,4
52615596,39,31,-1,-1,7
52614778,27,37,-1,-1,4
52614679,43,52,-1,-1,6
52612340,53,31,-1,-1,0
52598860,19,2,-1,-1,3
52598655,31,3,-1,-1,0
52559329,17,2,-1,-1,2
52606105,51,36,-1,-1,1
52614752,24,37,-1,-1,1
52607177,14,9,-1,-1,6
52615859,23,39,-1,-1,7
52610179,46,56,-1,-1,6
52602957,23,55,-1,-1,5
52614831,45,21,-1,-1,2
52602954,42,13,-1,-1,7
52615974,29,39,-1,-1,0
52608310,11,33,-1,-1,4
52613532,0,34,-1,-1,2
52604113,3,46,-1,-1,2
52614180,43,45,-1,-1,3
52613490,46,23,-1,-1,2
52596337,1,17,-1,-1,6
52591392,5,0,-1,-1,3
52614723,54,26,-1,-1,5
52600027,11,58,-1,-1,0
52613829,0,27,-1,-1,2
52595938,58,23,-1,-1,0
52609003,11,39,-1,-1,0
52605137,12,7,-1,-1,7
52615068,28,0,-1,-1,3
52589368,42,4,-1,-1,2
52335238,58,7,-1,-1,4
52471534,55,0,-1,-1,6
52609250,7,38,-1,-1,1
52569563,0,18,-1,-1,4
52614626,15,47,-1,-1,0
52615617,26,47,-1,-1,5
52613926,10,44,-1,-1,3
52615701,8,45,-1,-1,4
52586977,11,9,-1,-1,1
52615077,20,30,-1,-1,3
52572902,45,11,-1,-1,3
52610925,16,16,-1,-1,1
52615444,58,48,-1,-1,5
52612309,37,13,-1,-1,3
52615718,29,24,-1,-1,4
52609225,27,53,-1,-1,5
52614961,28,15,-1,-1,3
52613894,27,40,-1,-1,4
52609832,15,16,-1,-1,4
52612984,38,22,-1,-1,6
52615750,24,54,-1,-1,3
52615246,21,32,-1,-1,6
52611609,50,42,-1,-1,5
52554999,43,5,-1,-1,1
52607204,51,15,-1,-1,4
52583665,41,8,-1,-1,1
52587484,3,45,-1,-1,6
52614775,29,26,-1,-1,2
52614868,11,24,-1,-1,5
52611672,14,53,-1,-1,6
52577610,15,50,-1,-1,7
52588403,10,54,-1,-1,7
52604467,45,20,-1,-1,6
52582087,57,43,-1,-1,6
52590251,5,25,-1,-1,3
52604998,18,57,-1,-1,4
52593476,37,7,-1,-1,3
52591178,29,1,-1,-1,1
52585468,49,21,-1,-1,0
52613336,13,9,-1,-1,5
52614903,10,22,-1,-1,4
52614002,37,19,-1,-1,3
52586478,13,18,-1,-1,7
52613169,24,26,-1,-1,0
52614117,28,39,-1,-1,2
52606761,33,57,-1,-1,3
52615266,7,31,-1,-1,5
52614613,21,25,-1,-1,0
52606271,4,10,-1,-1,4
52612860,39,18,-1,-1,1
52604283,15,44,-1,-1,5
52609234,2,21,-1,-1,6
52609498,7,41,-1,-1,1
52613979,33,16,-1,-1,2
52576726,19,54,-1,-1,6
52615792,34,20,-1,-1,1
52615786,55,21,-1,-1,5
52613319,45,40,-1,-1,4
52612816,14,57,-1,-1,3
52604080,11,49,-1,-1,2
52604136,44,54,-1,-1,7
52588476,43,14,-1,-1,5
52615876,37,23,-1,-1,0
52614857,18,19,-1,-1,4
52615441,14,22,-1,-1,0
52584183,4,20,-1,-1,4
52611234,23,0,-1,-1,2
52613495,43,57,-1,-1,2
52613853,28,13,-1,-1,5
52615943,12,23,-1,-1,3
52587074,55,43,-1,-1,1
52610011,23,9,-1,-1,5
52614597,32,43,-1,-1,3
52614577,16,22,-1,-1,7
52579316,56,49,-1,-1,5
52611119,4,13,-1,-1,2
52612208,26,55,-1,-1,0
52615830,13,26,-1,-1,6
52615073,25,36,-1,-1,1
52613149,19,22,-1,-1,7
52605228,1,40,-1,-1,4
52615809,41,30,-1,-1,6
52613638,50,34,-1,-1,1
52608813,9,13,-1,-1,6
52615426,41,48,-1,-1,3
52612782,4,57,-1,-1,2
52613803,8,10,-1,-1,2
52615910,45,32,-1,-1,3
52615233,19,38,-1,-1,4
52613755,45,33,-1,-1,5
52605055,26,57,-1,-1,7
52615399,53,33,-1,-1,5
52612909,5,8,-1,-1,2
52615188,35,56,-1,-1,5
52608762,37,2,-1,-1,1
52557783,52,6,-1,-1,3
52611147,37,44,-1,-1,1
52588999,28,5,-1,-1,1
52607676,9,57,-1,-1,6
52604064,6,12,-1,-1,3
52582096,7,54,-1,-1,6
52614022,45,50,-1,-1,4
52610697,0,39,-1,-1,4
52614362,30,29,-1,-1,1
52615446,18,15,-1,-1,6
52613590,21,56,-1,-1,6
52615089,43,23,-1,-1,3
52614302,24,43,-1,-1,0
52615676,4,43,-1,-1,2
52615559,32,25,-1,-1,7
52613896,58,39,-1,-1,0
52614378,34,42,-1,-1,1
52608562,3,2,-1,-1,3
52601358,47,52,-1,-1,6
52613587,29,43,-1,-1,2
52614331,17,24,-1,-1,7
52610400,41,16,-1,-1,2
52503891,0,54,-1,-1,3
52611825,33,48,-1,-1,4
52612658,20,39,-1,-1,3
52615662,40,19,-1,-1,5
52558404,5,53,-1,-1,7
52614105,8,36,-1,-1,4
52614453,45,45,-1,-1,4
52600218,30,6,-1,-1,3
52615773,35,13,-1,-1,0
52614900,21,33,-1,-1,2
52599012,3,14,-1,-1,6
52613662,47,28,-1,-1,7
52615683,16,24,-1,-1,4
52610903,56,26,-1,-1,4
52615459,31,43,-1,-1,5
52612408,30,46,-1,-1,2
52598536,9,3,-1,-1,2
52615857,26,39,-1,-1,2
52615235,29,51,-1,-1,3
52615002,33,58,-1,-1,1
52615900,47,24,-1,-1,0
52615109,45,43,-1,-1,5
52615969,24,34,-1,-1,4
52608271,14,18,-1,-1,0
52612576,12,38,-1,-1,3
52596701,12,57,-1,-1,1
52615443,27,47,-1,-1,6
52614093,49,50,-1,-1,7
52614998,6,31,-1,-1,0
52614945,29,41,-1,-1,2
52557722,55,57,-1,-1,7
52615982,37,10,-1,-1,7
52605688,51,57,-1,-1,3
52576063,10,8,-1,-1,6
52612790,16,3,-1,-1,1
52614060,55,53,-1,-1,2
52603675,6,20,-1,-1,3
52612996,48,28,-1,-1,3
52574315,56,2,-1,-1,6
52612698,47,38,-1,-1,4
52596735,2,46,-1,-1,3
52556005,14,4,-1,-1,3
52609385,22,16,-1,-1,2
52608677,36,6,-1,-1,7
52605741,40,2,-1,-1,6
52615760,10,30,-1,-1,3
52594008,12,33,-1,-1,2
52609595,11,16,-1,-1,0
52615987,35,23,-1,-1,0
52601606,16,13,-1,-1,5
52611424,43,38,-1,-1,3
52612235,4,39,-1,-1,5
52581073,51,27,-1,-1,6
52560448,10,0,-1,-1,2
52614280,39,25,-1,-1,6
52613039,10,48,-1,-1,2
52612119,12,34,-1,-1,7
52613137,45,47,-1,-1,7
52580651,4,24,-1,-1,5
52614191,19,43,-1,-1,6
52541969,56,47,-1,-1,2
52602038,49,6,-1,-1,3
52602459,2,35,-1,-1,1
52592463,2,56,-1,-1,4
52614738,27,25,-1,-1,7
52612626,18,33,-1,-1,1
52614434,41,14,-1,-1,2
52615834,12,42,-1,-1,4
52614896,13,31,-1,-1,2
52611529,7,22,-1,-1,3
52554562,36,4,-1,-1,6
52614307,58,20,-1,-1,4
52614670,20,35,-1,-1,3
52616020,15,27,-1,-1,1
52615035,37,38,-1,-1,0
52615049,8,32,-1,-1,3
52614887,27,28,-1,-1,7
52614374,10,40,-1,-1,1
52610904,3,35,-1,-1,4
52613305,13,22,-1,-1,6
52601080,58,50,-1,-1,5
52613742,17,25,-1,-1,5
52615964,32,12,-1,-1,6
52615362,13,28,-1,-1,5
52611371,48,45,-1,-1,1
52573361,9,4,-1,-1,7
52614169,4,48,-1,-1,5
52605800,50,27,-1,-1,1
52613419,56,38,-1,-1,2
52602225,55,25,-1,-1,5
52556511,47,4,-1,-1,7
52613019,29,8,-1,-1,2
52615606,35,52,-1,-1,4
52594245,2,42,-1,-1,2
52611997,47,5,-1,-1,4
52615356,43,35,-1,-1,0
52613909,44,47,-1,-1,5
52610399,41,12,-1,-1,6
52611900,41,40,-1,-1,7
52613533,50,41,-1,-1,7
52614837,50,38,-1,-1,7
52610891,39,51,-1,-1,5
52599633,50,1,-1,-1,4
52611849,16,6,-1,-1,4
52610170,18,47,-1,-1,0
52605452,17,46,-1,-1,4
52612465,11,20,-1,-1,0
52576650,18,4,-1,-1,3
52593242,47,3,-1,-1,4
52615756,10,27,-1,-1,5
52613328,42,36,-1,-1,1
52615781,15,34,-1,-1,6
52598093,33,0,-1,-1,6
52615709,56,32,-1,-1,0
52601537,7,20,-1,-1,3
52611842,13,36,-1,-1,3
52614416,20,3,-1,-1,2
52610177,46,44,-1,-1,1
52612092,24,15,-1,-1,0
52613947,2,28,-1,-1,2
52614289,9,39,-1,-1,3
52610052,49,29,-1,-1,1
52615800,37,26,-1,-1,6
52600559,1,26,-1,-1,2
52607953,1,19,-1,-1,2
52614703,33,54,-1,-1,4
52584709,57,56,-1,-1,6
52520628,50,2,-1,-1,3
52614599,48,54,-1,-1,5
52615658,20,26,-1,-1,0
52597968,24,55,-1,-1,0
52615762,24,21,-1,-1,5
52613124,50,31,-1,-1,0
52612693,24,5,-1,-1,6
52478078,47,1,-1,-1,4
52613628,37,15,-1,-1,5
52610402,20,16,-1,-1,5
52601102,42,9,-1,-1,4
52601232,52,40,-1,-1,4
52602201,58,15,-1,-1,5
52613450,8,30,-1,-1,4
52612165,41,0,-1,-1,3
52615107,36,31,-1,-1,1
52615737,10,15,-1,-1,3
52605572,16,8,-1,-1,0
52593310,57,19,-1,-1,0
52613113,15,52,-1,-1,7
52615576,27,58,-1,-1,6
52615587,22,20,-1,-1,4
52615937,41,51,-1,-1,7
52614543,46,26,-1,-1,1
52603618,47,41,-1,-1,4
52612871,34,1,-1,-1,1
52589522,18,1,-1,-1,7
52612649,52,56,-1,-1,7
52604307,12,48,-1,-1,1
52614088,11,45,-1,-1,6
52611278,4,26,-1,-1,3
52615313,8,47,-1,-1,0
52615385,32,41,-1,-1,1
52615238,25,44,-1,-1,1
52606543,6,10,-1,-1,2
52615728,28,20,-1,-1,7
52615806,56,48,-1,-1,4
52601823,40,8,-1,-1,6
52612501,7,21,-1,-1,3
52611231,11,31,-1,-1,7
52601820,54,22,-1,-1,2
52548245,54,50,-1,-1,5
52606971,14,12,-1,-1,1
52601593,17,50,-1,-1,4
52615693,24,32,-1,-1,2
52614819,14,15,-1,-1,4
52611815,52,55,-1,-1,3
52605982,12,43,-1,-1,0
52610996,13,32,-1,-1,3
52612697,39,56,-1,-1,7
52610529,27,14,-1,-1,2
52613035,55,20,-1,-1,2
52582519,23,3,-1,-1,5
52611830,5,13,-1,-1,1
52615281,48,26,-1,-1,3
52593391,20,56,-1,-1,2
52611879,14,58,-1,-1,1
52613492,9,40,-1,-1,3
52608737,48,13,-1,-1,0
52613343,23,50,-1,-1,0
52613852,4,31,-1,-1,5
52598110,24,58,-1,-1,0
52538710,52,1,-1,-1,3
52608761,51,51,-1,-1,1
52612445,10,5,-1,-1,4
52613545,21,8,-1,-1,4
52606237,47,53,-1,-1,5
52612440,48,44,-1,-1,3
52615384,26,29,-1,-1,1
52590359,25,2,-1,-1,2
52604302,10,17,-1,-1,2
52609895,25,49,-1,-1,5
52612586,56,58,-1,-1,2
52615237,15,21,-1,-1,2
52615569,35,47,-1,-1,0
52608257,41,39,-1,-1,1
52582611,54,23,-1,-1,2
52609784,48,20,-1,-1,7
52612904,51,31,-1,-1,6
52562028,6,1,-1,-1,2
52595410,12,41,-1,-1,6
52609751,19,39,-1,-1,1
52586150,8,39,-1,-1,7
52605600,19,53,-1,-1,2
52606776,16,44,-1,-1,1
52613616,29,21,-1,-1,4
52615836,37,56,-1,-1,4
52615222,22,24,-1,-1,1
52602228,8,46,-1,-1,3
52614692,42,19,-1,-1,2
52610304,19,51,-1,-1,4
52615654,28,29,-1,-1,6
52615306,37,28,-1,-1,4
52605773,50,10,-1,-1,4
52611841,43,20,-1,-1,1
52615644,43,30,-1,-1,5
52598977,54,11,-1,-1,3
52586889,2,6,-1,-1,7
52613105,3,52,-1,-1,6
52604106,57,38,-1,-1,1
52615934,20,29,-1,-1,3
52610607,12,8,-1,-1,5
52613079,33,19,-1,-1,4
52614726,52,27,-1,-1,6
52603566,13,16,-1,-1,0
52574227,55,32,-1,-1,7
52615673,28,45,-1,-1,2
52615042,15,26,-1,-1,3
52615044,38,34,-1,-1,6
52614658,9,23,-1,-1,4
52529823,55,5,-1,-1,1
52614419,45,29,-1,-1,6
52608465,1,57,-1,-1,1
52615710,26,13,-1,-1,3
52609872,17,56,-1,-1,1
52613126,17,55,-1,-1,6
52615840,8,31,-1,-1,0
52615253,11,32,-1,-1,2
52613022,6,34,-1,-1,4
52613391,11,15,-1,-1,1
52612980,51,21,-1,-1,7
52609501,49,30,-1,-1,7
52614040,26,37,-1,-1,5
52587781,56,56,-1,-1,7
52615922,35,49,-1,-1,1
52615214,17,57,-1,-1,4
52604522,54,34,-1,-1,4
52605139,23,51,-1,-1,0
52615886,31,22,-1,-1,3
52601550,31,58,-1,-1,2
52612081,9,46,-1,-1,0
52614418,23,5,-1,-1,4
52608506,15,40,-1,-1,6
52595103,58,38,-1,-1,6
52612304,0,38,-1,-1,2
52614153,20,38,-1,-1,7
52614444,37,12,-1,-1,0
52614332,6,7,-1,-1,4
52615486,24,41,-1,-1,0
52563504,55,4,-1,-1,5
52612255,43,11,-1,-1,5
52568861,16,7,-1,-1,5
52613957,30,41,-1,-1,2
52615143,24,30,-1,-1,3
52615932,29,36,-1,-1,5
52615672,23,27,-1,-1,0
52601035,41,55,-1,-1,7
52613129,43,15,-1,-1,3
52596151,52,7,-1,-1,3
52606461,26,9,-1,-1,7
52610196,14,49,-1,-1,1
52612103,44,36,-1,-1,0
52614760,29,45,-1,-1,4
52583462,43,2,-1,-1,1
52608970,17,19,-1,-1,4
52615243,44,20,-1,-1,2
52616024,46,41,-1,-1,1
52613109,39,26,-1,-1,6
52579464,11,10,-1,-1,2
52604810,11,57,-1,-1,0
52603728,40,46,-1,-1,5
52614341,36,49,-1,-1,6
52607708,38,39,-1,-1,7
52571462,54,56,-1,-1,7
52615996,32,27,-1,-1,5
52584168,3,7,-1,-1,5
52612386,14,32,-1,-1,2
52615731,39,54,-1,-1,6
52602726,1,44,-1,-1,0
52607519,13,13,-1,-1,3
52613985,23,7,-1,-1,2
52606436,50,14,-1,-1,0
52611846,41,52,-1,-1,6
52568512,16,0,-1,-1,6
52613659,38,49,-1,-1,5
52615137,11,27,-1,-1,3
52614073,12,20,-1,-1,3
52610302,22,47,-1,-1,6
52615677,23,37,-1,-1,2
52614429,37,37,-1,-1,7
52614506,25,52,-1,-1,1
52589586,40,47,-1,-1,4
52615700,17,15,-1,-1,5
52554128,57,8,-1,-1,6
52603734,53,39,-1,-1,0
52611651,44,44,-1,-1,1
52574827,5,58,-1,-1,6
52608828,45,54,-1,-1,6
52614814,17,36,-1,-1,4
52594650,49,49,-1,-1,6
52615952,42,33,-1,-1,6
52612034,42,10,-1,-1,3
52613558,56,57,-1,-1,5
52600583,47,7,-1,-1,1
52607253,3,57,-1,-1,5
52614937,17,49,-1,-1,2
52615563,30,36,-1,-1,5
52609970,51,54,-1,-1,1
52614090,40,23,-1,-1,6
52610354,58,28,-1,-1,5
52605521,47,23,-1,-1,3
52595207,51,34,-1,-1,3
52598726,1,45,-1,-1,7
52616011,23,32,-1,-1,6
52615641,40,27,-1,-1,3
52611285,42,17,-1,-1,2
52613296,49,41,-1,-1,7
52615989,27,39,-1,-1,1
52613496,37,40,-1,-1,0
52611861,30,56,-1,-1,2
52614248,34,19,-1,-1,2
52586092,22,7,-1,-1,6
52604812,4,56,-1,-1,2
52610106,45,12,-1,-1,7
52612454,36,54,-1,-1,4
52611949,6,32,-1,-1,5
52610976,49,17,-1,-1,3
52615533,15,28,-1,-1,5
52615475,31,41,-1,-1,3
52612407,33,53,-1,-1,2
52613618,44,56,-1,-1,5
52611801,40,57,-1,-1,7
52604011,9,19,-1,-1,3
52613744,29,14,-1,-1,4
52606555,53,38,-1,-1,5
52615867,34,43,-1,-1,4
52589141,8,9,-1,-1,7
52614733,41,33,-1,-1,0
52614246,34,47,-1,-1,7
52589680,15,5,-1,-1,6
52615540,13,19,-1,-1,3
52612357,48,23,-1,-1,1
52606168,20,9,-1,-1,5
52604359,40,53,-1,-1,3
52607555,34,53,-1,-1,6
52615129,5,37,-1,-1,5
52595291,11,43,-1,-1,3
52610374,48,27,-1,-1,7
52560463,47,0,-1,-1,6
52614511,12,36,-1,-1,4
52609803,8,1,-1,-1,3
52611208,28,51,-1,-1,3
52615819,10,11,-1,-1,2
52614202,10,42,-1,-1,1
52613411,14,24,-1,-1,3
52615856,18,46,-1,-1,6
52600753,7,46,-1,-1,6
52610435,40,58,-1,-1,6
52598427,45,0,-1,-1,5
52595719,1,23,-1,-1,3
52615981,15,48,-1,-1,2
52612358,7,36,-1,-1,6
52566578,53,37,-1,-1,0
52614750,13,24,-1,-1,7
52615075,34,49,-1,-1,1
52615433,52,24,-1,-1,7
52613779,39,14,-1,-1,6
52615312,15,49,-1,-1,6
52606313,1,9,-1,-1,6
52587155,7,0,-1,-1,2
52599943,5,20,-1,-1,3
52612875,47,58,-1,-1,1
52607832,5,43,-1,-1,0
52599881,11,14,-1,-1,6
52607199,24,52,-1,-1,7
52615094,21,38,-1,-1,6
52602266,48,56,-1,-1,6
52615642,3,19,-1,-1,1
52615088,27,18,-1,-1,3
52604056,15,51,-1,-1,4
52616023,35,38,-1,-1,2
52610492,1,42,-1,-1,6
52615633,18,31,-1,-1,6
52614560,50,43,-1,-1,6
52615714,22,28,-1,-1,0
52612808,35,58,-1,-1,1
52615456,34,15,-1,-1,5
52603530,51,49,-1,-1,4
52615789,39,24,-1,-1,4
52613422,46,43,-1,-1,4
52614918,15,41,-1,-1,3
52615530,32,30,-1,-1,5
52611726,19,17,-1,-1,3
52614542,58,25,-1,-1,5
52615032,45,16,-1,-1,5
52611851,53,10,-1,-1,0
52614891,12,6,-1,-1,2
52606126,11,53,-1,-1,0
52614958,53,11,-1,-1,6
52610096,46,12,-1,-1,3
52615598,33,32,-1,-1,4
52614532,32,24,-1,-1,3
52612612,9,44,-1,-1,0
52598117,7,14,-1,-1,6
52614643,31,27,-1,-1,2
52614432,5,45,-1,-1,1
52615881,11,50,-1,-1,1
52613256,55,54,-1,-1,7
52612015,13,27,-1,-1,2
52613765,16,20,-1,-1,4
52612638,5,23,-1,-1,3
52611263,54,15,-1,-1,7
52612276,38,8,-1,-1,3
52614708,9,32,-1,-1,5
52607179,8,43,-1,-1,7
52615067,43,6,-1,-1,4
52584336,2,39,-1,-1,0
52610860,47,48,-1,-1,1
52598381,21,54,-1,-1,1
52615820,25,46,-1,-1,0
52610460,9,17,-1,-1,3
52576919,17,54,-1,-1,3
52610158,46,17,-1,-1,7
52611531,39,17,-1,-1,5
52611782,49,42,-1,-1,1
52608028,49,43,-1,-1,4
52604082,56,18,-1,-1,3
52613191,29,47,-1,-1,6
52587346,36,3,-1,-1,4
52614272,34,44,-1,-1,7
52599740,51,8,-1,-1,3
52614498,42,32,-1,-1,3
52613284,48,51,-1,-1,3
52613678,0,36,-1,-1,1
52598931,5,15,-1,-1,7
52615442,34,35,-1,-1,2
52598010,58,57,-1,-1,0
52615968,31,30,-1,-1,1
52595703,49,11,-1,-1,1
52615474,44,28,-1,-1,6
52607653,8,20,-1,-1,7
52615201,46,34,-1,-1,7
52565088,17,58,-1,-1,2
52610849,37,52,-1,-1,0
52606798,21,1,-1,-1,7
52607941,48,18,-1,-1,5
52614218,46,48,-1,-1,5
52601794,2,5,-1,-1,3
52600909,3,24,-1,-1,1
52615232,26,22,-1,-1,3
52614773,9,27,-1,-1,7
52612376,50,11,-1,-1,2
52613515,3,27,-1,-1,0
52610046,18,44,-1,-1,1
52615975,28,26,-1,-1,5
52610084,18,9,-1,-1,5
52614863,54,19,-1,-1,6
52615797,33,11,-1,-1,3
52614920,15,18,-1,-1,5
52613166,45,10,-1,-1,5
52612022,51,52,-1,-1,6
52613445,48,21,-1,-1,2
52613766,30,50,-1,-1,4
52606354,20,13,-1,-1,3
52602775,51,4,-1,-1,0
52610271,19,49,-1,-1,0
52615484,29,50,-1,-1,5
52614279,14,20,-1,-1,4
52614883,34,37,-1,-1,3
52612730,46,16,-1,-1,5
52605501,47,20,-1,-1,2
52613862,27,20,-1,-1,0
52615986,40,34,-1,-1,5
52614036,44,18,-1,-1,4
52613377,47,32,-1,-1,0
52564456,1,2,-1,-1,5
52615645,42,39,-1,-1,7
52614406,38,46,-1,-1,2
52613241,28,54,-1,-1,0
52614380,32,20,-1,-1,5
52611890,52,14,-1,-1,7
52611164,51,37,-1,-1,7
52614441,15,23,-1,-1,7
52613605,14,43,-1,-1,5
52615021,14,39,-1,-1,6
52596596,1,55,-1,-1,4
52517461,54,1,-1,-1,0
52615086,37,34,-1,-1,0
52608834,29,18,-1,-1,5
52606741,6,46,-1,-1,7
52615549,37,24,-1,-1,2
52607173,18,13,-1,-1,2
52614355,45,14,-1,-1,5
52568211,50,7,-1,-1,4
52611247,33,44,-1,-1,6
52615541,25,26,-1,-1,7
52611325,47,36,-1,-1,3
52599892,25,1,-1,-1,5
52614391,18,23,-1,-1,6
52615528,7,39,-1,-1,6
52615736,33,25,-1,-1,4
52605924,46,11,-1,-1,0
52610678,39,33,-1,-1,7
52610116,46,58,-1,-1,2
52590678,58,18,-1,-1,4
52614816,14,26,-1,-1,1
52615128,38,35,-1,-1,1
52607949,6,36,-1,-1,4
52613120,17,37,-1,-1,0
52599308,54,6,-1,-1,6
52606338,45,49,-1,-1,3
52609697,37,50,-1,-1,0
52613464,32,49,-1,-1,7
52577417,26,4,-1,-1,4
52593088,42,1,-1,-1,1
52604705,17,16,-1,-1,1
52615692,12,29,-1,-1,6
52578085,39,2,-1,-1,5
52615492,47,29,-1,-1,3
52607339,3,25,-1,-1,4
52614629,9,14,-1,-1,1
52613710,17,30,-1,-1,3
52599563,3,38,-1,-1,7
52614110,36,38,-1,-1,2
52614535,21,40,-1,-1,4
52606388,55,34,-1,-1,1
52615440,25,29,-1,-1,1
52569585,52,4,-1,-1,1
52615248,33,31,-1,-1,6
52590624,25,58,-1,-1,2
52613183,23,23,-1,-1,4
52596612,7,13,-1,-1,1
52608537,54,0,-1,-1,6
52609412,14,45,-1,-1,4
52605625,37,6,-1,-1,4
52612798,17,44,-1,-1,3
52615699,23,49,-1,-1,0
52615239,11,38,-1,-1,2
52605699,50,47,-1,-1,2
52600213,19,52,-1,-1,1
52611239,44,29,-1,-1,0
52609728,42,45,-1,-1,6
52599762,51,32,-1,-1,1
52615727,46,27,-1,-1,7
52612938,26,20,-1,-1,2
52615871,40,25,-1,-1,4
52615217,21,46,-1,-1,7
52612972,48,24,-1,-1,2
52613314,20,25,-1,-1,0
52614911,22,44,-1,-1,6
52615245,18,39,-1,-1,3
52613978,42,24,-1,-1,1
52571021,5,46,-1,-1,3
52613476,36,20,-1,-1,6
52615268,20,27,-1,-1,4
52615315,39,16,-1,-1,7
52612016,49,26,-1,-1,7
52615323,38,14,-1,-1,5
52613360,47,40,-1,-1,6
52609942,42,3,-1,-1,2
52608313,5,28,-1,-1,3
52602976,43,10,-1,-1,4
52615783,21,36,-1,-1,5
52609332,45,18,-1,-1,6
52612701,55,28,-1,-1,4
52615835,1,48,-1,-1,5
52598475,13,50,-1,-1,2
52614083,43,50,-1,-1,1
52613620,5,26,-1,-1,0
52615689,19,40,-1,-1,5
52610349,40,50,-1,-1,5
52560542,12,5,-1,-1,7
52613549,16,28,-1,-1,0
52595255,56,44,-1,-1,3
52612970,43,46,-1,-1,7
52606420,4,42,-1,-1,6
52610725,2,25,-1,-1,2
52611577,54,38,-1,-1,5
52604532,26,6,-1,-1,0
52603575,0,1,-1,-1,3
52614263,27,11,-1,-1,7
52605799,8,22,-1,-1,2
52615862,29,25,-1,-1,5
52615663,29,54,-1,-1,6
52605911,7,58,-1,-1,0
52596303,7,37,-1,-1,4
52599319,28,56,-1,-1,1
52610239,13,56,-1,-1,0
52615732,45,38,-1,-1,2
52609459,57,0,-1,-1,6
52589401,58,47,-1,-1,4
52612019,18,21,-1,-1,5
52615997,34,34,-1,-1,0
52612573,48,36,-1,-1,7
52614216,28,8,-1,-1,7
52546854,2,0,-1,-1,6
52612286,15,39,-1,-1,0
52614693,5,32,-1,-1,1
52615048,7,32,-1,-1,5
52614232,13,46,-1,-1,4
52614669,11,7,-1,-1,5
52596109,29,5,-1,-1,5
52608360,1,27,-1,-1,6
52589067,20,54,-1,-1,0
52613652,48,12,-1,-1,2
52601353,35,1,-1,-1,0
52611750,29,20,-1,-1,4
52611306,55,36,-1,-1,5
52605828,1,10,-1,-1,2
52615163,49,54,-1,-1,1
52615784,31,29,-1,-1,1
52509463,48,1,-1,-1,5
52610490,47,51,-1,-1,2
52614478,16,36,-1,-1,5
52615962,25,43,-1,-1,6
52615463,32,47,-1,-1,0
52602054,55,12,-1,-1,5
52615796,30,20,-1,-1,6
52615807,36,21,-1,-1,5
52607991,5,14,-1,-1,3
52614408,0,35,-1,-1,2
52599491,57,48,-1,-1,1
52612720,51,40,-1,-1,3
52612966,53,1,-1,-1,3
52603742,43,4,-1,-1,7
52615898,26,38,-1,-1,1
52610955,46,54,-1,-1,4
52614725,23,8,-1,-1,3
52612571,21,53,-1,-1,6
52588453,2,10,-1,-1,0
52615355,27,34,-1,-1,0
52610922,30,3,-1,-1,5
52587771,54,58,-1,-1,2
52612721,54,44,-1,-1,7
52614913,30,10,-1,-1,3
52566669,1,13,-1,-1,7
52598869,34,4,-1,-1,2
52615512,20,47,-1,-1,3
52612910,1,28,-1,-1,1
52615794,36,30,-1,-1,4
52610215,36,8,-1,-1,3
52611674,11,47,-1,-1,0
52613688,48,48,-1,-1,1
52598644,47,49,-1,-1,3
52615314,29,35,-1,-1,0
52598715,9,49,-1,-1,5
52608889,43,27,-1,-1,4
52614680,27,13,-1,-1,3
52532867,54,4,-1,-1,0
52613048,30,45,-1,-1,7
52613163,3,29,-1,-1,2
52614567,31,24,-1,-1,0
52610821,14,38,-1,-1,7
52615827,35,40,-1,-1,0
52606134,1,47,-1,-1,3
52471610,53,5,-1,-1,1
52614859,28,27,-1,-1,7
52597490,15,7,-1,-1,5
52582811,34,2,-1,-1,1
52613797,38,16,-1,-1,5
52608858,43,56,-1,-1,0
52615465,41,20,-1,-1,6
52602692,1,5,-1,-1,3
52614789,35,17,-1,-1,3
52612384,1,29,-1,-1,5
52609735,41,56,-1,-1,3
52615028,12,30,-1,-1,5
52535218,58,8,-1,-1,0
52611853,30,57,-1,-1,3
52615223,23,4,-1,-1,6
52609861,21,12,-1,-1,7
52564164,51,26,-1,-1,6
52578336,11,3,-1,-1,4
52607058,6,41,-1,-1,7
52615869,34,23,-1,-1,0
52612914,8,40,-1,-1,1
52612468,19,28,-1,-1,7
52608752,43,12,-1,-1,3
52586959,39,0,-1,-1,2
52594781,23,57,-1,-1,1
52610972,10,12,-1,-1,6
52614455,13,43,-1,-1,6
52604974,7,18,-1,-1,5
52602671,34,7,-1,-1,5
52612237,39,37,-1,-1,0
52611425,33,41,-1,-1,3
52613128,39,48,-1,-1,7
52612469,36,58,-1,-1,6
52614786,33,17,-1,-1,6
52614402,34,28,-1,-1,5
52597177,53,19,-1,-1,1
52612971,12,32,-1,-1,6
52613857,43,40,-1,-1,0
52613153,16,2,-1,-1,6
52612007,28,52,-1,-1,5
52612170,1,12,-1,-1,0
52613966,7,19,-1,-1,5
52598452,56,42,-1,-1,7
52608841,58,21,-1,-1,4
52614442,40,24,-1,-1,4
52608224,43,7,-1,-1,5
52609727,10,2,-1,-1,4
52615466,23,12,-1,-1,0
52605989,40,48,-1,-1,5
52592245,5,21,-1,-1,4
52594005,58,13,-1,-1,5
52588658,2,12,-1,-1,6
52615888,32,32,-1,-1,4
52605639,35,6,-1,-1,7
52612424,48,33,-1,-1,2
52614065,37,11,-1,-1,0
52610768,4,45,-1,-1,5
52613361,29,9,-1,-1,1
52602545,10,21,-1,-1,6
52610358,39,11,-1,-1,5
52614486,5,27,-1,-1,7
52606166,40,11,-1,-1,2
52611537,24,6,-1,-1,1
52609585,47,17,-1,-1,7
52613753,26,21,-1,-1,6
52612918,6,33,-1,-1,2
52592229,47,13,-1,-1,3
52612997,7,27,-1,-1,6
52609703,6,44,-1,-1,4
52611084,44,17,-1,-1,0
52599671,7,48,-1,-1,2
52615660,16,38,-1,-1,3
52615293,21,44,-1,-1,4
52615664,12,27,-1,-1,2
52614843,20,14,-1,-1,0
52615913,34,30,-1,-1,2
52616028,20,49,-1,-1,5
