202.525 202.525 202.525 202.525 202.525 202.525 202.525 202.525 202.525 202.525 202.525 202.525 202.525 202.525 202.525 202.525 202.525 202.525 202.525 202.525 202.525 202.525 202.525 202.525 202.525 202.525 202.525 202.525 202.525 202.525 202.525 202.525 202.525 202.525 202.525 202.525 202.525 202.525 202.525 202.525 202.525 202.525 202.525 202.525 202.525 202.525 202.525 202.525 202.525 202.525 202.525 202.525 202.525 202.525 202.525 202.525 202.525 202.525 202.525 
202.525 202.525 202.525 202.525 202.525 202.525 202.525 202.525 202.525 202.525 202.525 202.525 202.525 202.525 202.525 202.525 202.525 202.525 202.525 202.525 202.525 202.525 202.525 202.525 202.525 202.525 202.525 202.525 202.525 202.525 202.525 202.525 202.525 202.525 202.525 202.525 202.525 202.525 202.525 202.525 202.525 202.525 202.525 202.525 202.525 202.525 202.525 202.525 202.525 202.525 202.525 202.525 202.525 202.525 202.525 202.525 202.525 202.525 202.525 
202.525 202.525 202.525 202.525 202.525 202.525 202.525 202.525 202.525 202.525 202.525 202.525 202.525 202.525 202.525 202.525 202.525 202.525 202.525 202.525 202.525 202.525 202.525 202.525 202.525 202.525 202.525 202.525 202.525 202.525 202.525 202.525 202.525 202.525 202.525 202.525 202.525 202.525 202.525 202.525 202.525 202.525 202.525 202.525 202.525 202.525 202.525 202.525 202.525 202.525 202.525 202.525 202.525 202.525 202.525 202.525 202.525 202.525 202.525 
202.525 202.525 202.525 202.525 202.525 202.525 202.525 202.525 202.525 202.525 202.525 202.525 202.525 202.525 202.525 202.525 202.525 202.525 202.525 202.525 202.525 202.525 202.525 202.525 202.525 202.525 202.525 202.525 202.525 202.525 202.525 202.525 202.525 202.525 202.525 202.525 202.525 202.525 202.525 202.525 202.525 202.525 202.525 202.525 202.525 202.525 202.525 202.525 202.525 202.525 202.525 202.525 202.525 202.525 202.525 202.525 202.525 202.525 202.525 
202.525 202.525 202.525 202.525 202.525 202.525 202.525 202.525 202.525 202.525 202.525 202.525 202.525 202.525 202.525 202.525 202.525 202.525 202.525 202.525 202.525 202.525 202.525 202.525 202.525 202.525 202.525 202.525 202.525 202.525 202.525 202.525 202.525 202.525 202.525 202.525 202.525 202.525 202.525 202.525 202.525 202.525 202.525 202.525 202.525 202.525 202.525 202.525 202.525 202.525 202.525 202.525 202.525 202.525 202.525 202.525 202.525 202.525 202.525 
202.525 202.525 202.525 202.525 202.525 202.525 202.525 202.525 202.525 202.525 202.525 202.525 202.525 202.525 202.525 202.525 202.525 202.525 202.525 202.525 202.525 202.525 202.525 202.525 202.525 202.525 202.525 202.525 202.525 202.525 202.525 202.525 202.525 202.525 202.525 202.525 202.525 202.525 202.525 202.525 202.525 202.525 202.525 202.525 202.525 202.525 202.525 202.525 202.525 202.525 202.525 202.525 202.525 202.525 202.525 202.525 202.525 202.525 202.525 
202.525 202.525 202.525 202.525 202.525 202.525 202.525 202.525 202.525 202.525 202.525 202.525 202.525 202.525 202.525 202.525 202.525 202.525 202.525 202.525 202.525 202.525 202.525 202.525 202.525 202.525 202.525 202.525 202.525 202.525 202.525 202.525 202.525 202.525 202.525 202.525 202.525 202.525 202.525 202.525 202.525 202.525 202.525 202.525 202.525 202.525 202.525 202.525 202.525 202.525 202.525 202.525 202.525 202.525 202.525 202.525 202.525 202.525 202.525 
202.525 202.525 202.525 202.525 202.525 202.525 202.525 202.525 202.525 202.525 202.525 202.525 202.525 202.525 202.525 202.525 202.525 202.525 202.525 202.525 202.525 202.525 202.525 202.525 202.525 202.525 202.525 202.525 202.525 202.525 202.525 202.525 202.525 202.525 202.525 202.525 202.525 202.525 202.525 202.525 202.525 202.525 202.525 202.525 202.525 202.525 202.525 202.525 202.525 202.525 202.525 202.525 202.525 202.525 202.525 202.525 202.525 202.525 202.525 
202.525 202.525 202.525 202.525 202.525 202.525 202.525 202.525 202.525 202.525 202.525 202.525 202.525 202.525 202.525 202.525 202.525 202.525 202.525 202.525 202.525 202.525 202.525 202.525 202.525 202.525 202.525 202.525 202.525 202.525 202.525 202.525 202.525 202.525 202.525 202.525 202.525 202.525 202.525 202.525 202.525 202.525 202.525 202.525 202.525 202.525 202.525 202.525 202.525 202.525 202.525 202.525 202.525 202.525 202.525 202.525 202.525 202.525 202.525 
202.525 202.525 202.525 202.525 202.525 202.525 202.525 202.525 202.525 202.525 202.525 202.525 202.525 202.525 202.525 202.525 202.525 202.525 202.525 202.525 202.525 202.525 202.525 202.525 202.525 202.525 202.525 202.525 202.525 202.525 202.525 202.525 202.525 202.525 202.525 202.525 202.525 202.525 202.525 202.525 202.525 202.525 202.525 202.525 202.525 202.525 202.525 202.525 202.525 202.525 202.525 202.525 202.525 202.525 202.525 202.525 202.525 202.525 202.525 
202.525 202.525 202.525 202.525 202.525 202.525 202.525 202.525 202.525 202.525 202.525 202.525 202.525 202.525 202.525 202.525 202.525 202.525 202.525 202.525 202.525 202.525 202.525 202.525 202.525 202.525 202.525 202.525 202.525 202.525 202.525 202.525 202.525 202.525 202.525 202.525 202.525 202.525 202.525 202.525 202.525 202.525 202.525 202.525 202.525 202.525 202.525 202.525 202.525 202.525 202.525 202.525 202.525 202.525 202.525 202.525 202.525 202.525 202.525 
202.525 202.525 202.525 202.525 202.525 202.525 202.525 202.525 202.525 202.525 202.525 202.525 202.525 202.525 202.525 202.525 202.525 202.525 202.525 202.525 202.525 202.525 202.525 202.525 202.525 202.525 202.525 202.525 202.525 202.525 202.525 202.525 202.525 202.525 202.525 202.525 202.525 202.525 202.525 202.525 202.525 202.525 202.525 202.525 202.525 202.525 202.525 202.525 202.525 202.525 202.525 202.525 202.525 202.525 202.525 202.525 202.525 202.525 202.525 
202.525 202.525 202.525 202.525 202.525 202.525 202.525 202.525 202.525 202.525 202.525 202.525 202.525 202.525 202.525 202.525 202.525 202.525 202.525 202.525 202.525 202.525 202.525 202.525 202.525 202.525 202.525 202.525 202.525 202.525 202.525 202.525 202.525 202.525 202.525 202.525 202.525 202.525 202.525 202.525 202.525 202.525 202.525 202.525 202.525 202.525 202.525 202.525 202.525 202.525 202.525 202.525 202.525 202.525 202.525 202.525 202.525 202.525 202.525 
202.525 202.525 202.525 202.525 202.525 202.525 202.525 202.525 202.525 202.525 202.525 202.525 202.525 202.525 202.525 202.525 202.525 202.525 202.525 202.525 202.525 202.525 202.525 202.525 202.525 202.525 202.525 202.525 202.525 202.525 202.525 202.525 202.525 202.525 202.525 202.525 202.525 202.525 202.525 202.525 202.525 202.525 202.525 202.525 202.525 202.525 202.525 202.525 202.525 202.525 202.525 202.525 202.525 202.525 202.525 202.525 202.525 202.525 202.525 
202.525 202.525 202.525 202.525 202.525 202.525 202.525 202.525 202.525 202.525 202.525 202.525 202.525 202.525 202.525 202.525 202.525 202.525 202.525 202.525 202.525 202.525 202.525 202.525 202.525 202.525 202.525 202.525 202.525 202.525 202.525 202.525 202.525 202.525 202.525 202.525 202.525 202.525 202.525 202.525 202.525 202.525 202.525 202.525 202.525 202.525 202.525 202.525 202.525 202.525 202.525 202.525 202.525 202.525 202.525 202.525 202.525 202.525 202.525 
202.525 202.525 202.525 202.525 202.525 202.525 202.525 202.525 202.525 202.525 202.525 202.525 202.525 202.525 202.525 202.525 202.525 202.525 202.525 202.525 202.525 202.525 202.525 202.525 202.525 202.525 202.525 202.525 202.525 202.525 202.525 202.525 202.525 202.525 202.525 202.525 202.525 202.525 202.525 202.525 202.525 202.525 202.525 202.525 202.525 202.525 202.525 202.525 202.525 202.525 202.525 202.525 202.525 202.525 202.525 202.525 202.525 202.525 202.525 
202.525 202.525 202.525 202.525 202.525 202.525 202.525 202.525 202.525 202.525 202.525 202.525 202.525 202.525 202.525 202.525 202.525 202.525 202.525 202.525 202.525 202.525 202.525 202.525 202.525 202.525 202.525 202.525 202.525 202.525 202.525 202.525 202.525 202.525 202.525 202.525 202.525 202.525 202.525 202.525 202.525 202.525 202.525 202.525 202.525 202.525 202.525 202.525 202.525 202.525 202.525 202.525 202.525 202.525 202.525 202.525 202.525 202.525 202.525 
202.525 202.525 202.525 202.525 202.525 202.525 202.525 202.525 202.525 202.525 202.525 202.525 202.525 202.525 202.525 202.525 202.525 202.525 202.525 202.525 202.525 202.525 202.525 202.525 202.525 202.525 202.525 202.525 202.525 202.525 202.525 202.525 202.525 202.525 202.525 202.525 202.525 202.525 202.525 202.525 202.525 202.525 202.525 202.525 202.525 202.525 202.525 202.525 202.525 202.525 202.525 202.525 202.525 202.525 202.525 202.525 202.525 202.525 202.525 
202.525 202.525 202.525 202.525 202.525 202.525 202.525 202.525 202.525 202.525 202.525 202.525 202.525 202.525 202.525 202.525 202.525 202.525 202.525 202.525 202.525 202.525 202.525 202.525 202.525 202.525 202.525 202.525 202.525 202.525 202.525 202.525 202.525 202.525 202.525 202.525 202.525 202.525 202.525 202.525 202.525 202.525 202.525 202.525 202.525 202.525 202.525 202.525 202.525 202.525 202.525 202.525 202.525 202.525 202.525 202.525 202.525 202.525 202.525 
202.525 202.525 202.525 202.525 202.525 202.525 202.525 202.525 202.525 202.525 202.525 202.525 202.525 202.525 202.525 202.525 202.525 202.525 202.525 202.525 202.525 202.525 202.525 202.525 202.525 202.525 202.525 202.525 202.525 202.525 202.525 202.525 202.525 202.525 202.525 202.525 202.525 202.525 202.525 202.525 202.525 202.525 202.525 202.525 202.525 202.525 202.525 202.525 202.525 202.525 202.525 202.525 202.525 202.525 202.525 202.525 202.525 202.525 202.525 
202.525 202.525 202.525 202.525 202.525 202.525 202.525 202.525 202.525 202.525 202.525 202.525 202.525 202.525 202.525 202.525 202.525 202.525 202.525 202.525 202.525 202.525 202.525 202.525 202.525 202.525 202.525 202.525 202.525 202.525 202.525 202.525 202.525 202.525 202.525 202.525 202.525 202.525 202.525 202.525 202.525 202.525 202.525 202.525 202.525 202.525 202.525 202.525 202.525 202.525 202.525 202.525 202.525 202.525 202.525 202.525 202.525 202.525 202.525 
202.525 202.525 202.525 202.525 202.525 202.525 202.525 202.525 202.525 202.525 202.525 202.525 202.525 202.525 202.525 202.525 202.525 202.525 202.525 202.525 202.525 202.525 202.525 202.525 202.525 202.525 202.525 202.525 202.525 202.525 202.525 202.525 202.525 202.525 202.525 202.525 202.525 202.525 202.525 202.525 202.525 202.525 202.525 202.525 202.525 202.525 202.525 202.525 202.525 202.525 202.525 202.525 202.525 202.525 202.525 202.525 202.525 202.525 202.525 
202.525 202.525 202.525 202.525 202.525 202.525 202.525 202.525 202.525 202.525 202.525 202.525 202.525 202.525 202.525 202.525 202.525 202.525 202.525 202.525 202.525 202.525 202.525 202.525 202.525 202.525 202.525 202.525 202.525 202.525 202.525 202.525 202.525 202.525 202.525 202.525 202.525 202.525 202.525 202.525 202.525 202.525 202.525 202.525 202.525 202.525 202.525 202.525 202.525 202.525 202.525 202.525 202.525 202.525 202.525 202.525 202.525 202.525 202.525 
202.525 202.525 202.525 202.525 202.525 202.525 202.525 202.525 202.525 202.525 202.525 202.525 202.525 202.525 202.525 202.525 202.525 202.525 202.525 202.525 202.525 202.525 202.525 202.525 202.525 202.525 202.525 202.525 202.525 202.525 202.525 202.525 202.525 202.525 202.525 202.525 202.525 202.525 202.525 202.525 202.525 202.525 202.525 202.525 202.525 202.525 202.525 202.525 202.525 202.525 202.525 202.525 202.525 202.525 202.525 202.525 202.525 202.525 202.525 
202.525 202.525 202.525 202.525 202.525 202.525 202.525 202.525 202.525 202.525 202.525 202.525 202.525 202.525 202.525 202.525 202.525 202.525 202.525 202.525 202.525 202.525 202.525 202.525 202.525 202.525 202.525 202.525 202.525 202.525 202.525 202.525 202.525 202.525 202.525 202.525 202.525 202.525 202.525 202.525 202.525 202.525 202.525 202.525 202.525 202.525 202.525 202.525 202.525 202.525 202.525 202.525 202.525 202.525 202.525 202.525 202.525 202.525 202.525 
202.525 202.525 202.525 202.525 202.525 202.525 202.525 202.525 202.525 202.525 202.525 202.525 202.525 202.525 202.525 202.525 202.525 202.525 202.525 202.525 202.525 202.525 202.525 202.525 202.525 202.525 202.525 202.525 202.525 202.525 202.525 202.525 202.525 202.525 202.525 202.525 202.525 202.525 202.525 202.525 202.525 202.525 202.525 202.525 202.525 202.525 202.525 202.525 202.525 202.525 202.525 202.525 202.525 202.525 202.525 202.525 202.525 202.525 202.525 
202.525 202.525 202.525 202.525 202.525 202.525 202.525 202.525 202.525 202.525 202.525 202.525 202.525 202.525 202.525 202.525 202.525 202.525 202.525 202.525 202.525 202.525 202.525 202.525 202.525 202.525 202.525 202.525 202.525 202.525 202.525 202.525 202.525 202.525 202.525 202.525 202.525 202.525 202.525 202.525 202.525 202.525 202.525 202.525 202.525 202.525 202.525 202.525 202.525 202.525 202.525 202.525 202.525 202.525 202.525 202.525 202.525 202.525 202.525 
202.525 202.525 202.525 202.525 202.525 202.525 202.525 202.525 202.525 202.525 202.525 202.525 202.525 202.525 202.525 202.525 202.525 202.525 202.525 202.525 202.525 202.525 202.525 202.525 202.525 202.525 202.525 202.525 202.525 202.525 202.525 202.525 202.525 202.525 202.525 202.525 202.525 202.525 202.525 202.525 202.525 202.525 202.525 202.525 202.525 202.525 202.525 202.525 202.525 202.525 202.525 202.525 202.525 202.525 202.525 202.525 202.525 202.525 202.525 
202.525 202.525 202.525 202.525 202.525 202.525 202.525 202.525 202.525 202.525 202.525 202.525 202.525 202.525 202.525 202.525 202.525 202.525 202.525 202.525 202.525 202.525 202.525 202.525 202.525 202.525 202.525 202.525 202.525 202.525 202.525 202.525 202.525 202.525 202.525 202.525 202.525 202.525 202.525 202.525 202.525 202.525 202.525 202.525 202.525 202.525 202.525 202.525 202.525 202.525 202.525 202.525 202.525 202.525 202.525 202.525 202.525 202.525 202.525 
202.525 202.525 202.525 202.525 202.525 202.525 202.525 202.525 202.525 202.525 202.525 202.525 202.525 202.525 202.525 202.525 202.525 202.525 202.525 202.525 202.525 202.525 202.525 202.525 202.525 202.525 202.525 202.525 202.525 202.525 202.525 202.525 202.525 202.525 202.525 202.525 202.525 202.525 202.525 202.525 202.525 202.525 202.525 202.525 202.525 202.525 202.525 202.525 202.525 202.525 202.525 202.525 202.525 202.525 202.525 202.525 202.525 202.525 202.525 
202.525 202.525 202.525 202.525 202.525 202.525 202.525 202.525 202.525 202.525 202.525 202.525 202.525 202.525 202.525 202.525 202.525 202.525 202.525 202.525 202.525 202.525 202.525 202.525 202.525 202.525 202.525 202.525 202.525 202.525 202.525 202.525 202.525 202.525 202.525 202.525 202.525 202.525 202.525 202.525 202.525 202.525 202.525 202.525 202.525 202.525 202.525 202.525 202.525 202.525 202.525 202.525 202.525 202.525 202.525 202.525 202.525 202.525 202.525 
202.525 202.525 202.525 202.525 202.525 202.525 202.525 202.525 202.525 202.525 202.525 202.525 202.525 202.525 202.525 202.525 202.525 202.525 202.525 202.525 202.525 202.525 202.525 202.525 202.525 202.525 202.525 202.525 202.525 202.525 202.525 202.525 202.525 202.525 202.525 202.525 202.525 202.525 202.525 202.525 202.525 202.525 202.525 202.525 202.525 202.525 202.525 202.525 202.525 202.525 202.525 202.525 202.525 202.525 202.525 202.525 202.525 202.525 202.525 
202.525 202.525 202.525 202.525 202.525 202.525 202.525 202.525 202.525 202.525 202.525 202.525 202.525 202.525 202.525 202.525 202.525 202.525 202.525 202.525 202.525 202.525 202.525 202.525 202.525 202.525 202.525 202.525 202.525 202.525 202.525 202.525 202.525 202.525 202.525 202.525 202.525 202.525 202.525 202.525 202.525 202.525 202.525 202.525 202.525 202.525 202.525 202.525 202.525 202.525 202.525 202.525 202.525 202.525 202.525 202.525 202.525 202.525 202.525 
202.525 202.525 202.525 202.525 202.525 202.525 202.525 202.525 202.525 202.525 202.525 202.525 202.525 202.525 202.525 202.525 202.525 202.525 202.525 202.525 202.525 202.525 202.525 202.525 202.525 202.525 202.525 202.525 202.525 202.525 202.525 202.525 202.525 202.525 202.525 202.525 202.525 202.525 202.525 202.525 202.525 202.525 202.525 202.525 202.525 202.525 202.525 202.525 202.525 202.525 202.525 202.525 202.525 202.525 202.525 202.525 202.525 202.525 202.525 
202.525 202.525 202.525 202.525 202.525 202.525 202.525 202.525 202.525 202.525 202.525 202.525 202.525 202.525 202.525 202.525 202.525 202.525 202.525 202.525 202.525 202.525 202.525 202.525 202.525 202.525 202.525 202.525 202.525 202.525 202.525 202.525 202.525 202.525 202.525 202.525 202.525 202.525 202.525 202.525 202.525 202.525 202.525 202.525 202.525 202.525 202.525 202.525 202.525 202.525 202.525 202.525 202.525 202.525 202.525 202.525 202.525 202.525 202.525 
202.525 202.525 202.525 202.525 202.525 202.525 202.525 202.525 202.525 202.525 202.525 202.525 202.525 202.525 202.525 202.525 202.525 202.525 202.525 202.525 202.525 202.525 202.525 202.525 202.525 202.525 202.525 202.525 202.525 202.525 202.525 202.525 202.525 202.525 202.525 202.525 202.525 202.525 202.525 202.525 202.525 202.525 202.525 202.525 202.525 202.525 202.525 202.525 202.525 202.525 202.525 202.525 202.525 202.525 202.525 202.525 202.525 202.525 202.525 
202.525 202.525 202.525 202.525 202.525 202.525 202.525 202.525 202.525 202.525 202.525 202.525 202.525 202.525 202.525 202.525 202.525 202.525 202.525 202.525 202.525 202.525 202.525 202.525 202.525 202.525 202.525 202.525 202.525 202.525 202.525 202.525 202.525 202.525 202.525 202.525 202.525 202.525 202.525 202.525 202.525 202.525 202.525 202.525 202.525 202.525 202.525 202.525 202.525 202.525 202.525 202.525 202.525 202.525 202.525 202.525 202.525 202.525 202.525 
202.525 202.525 202.525 202.525 202.525 202.525 202.525 202.525 202.525 202.525 202.525 202.525 202.525 202.525 202.525 202.525 202.525 202.525 202.525 202.525 202.525 202.525 202.525 202.525 202.525 202.525 202.525 202.525 202.525 202.525 202.525 202.525 202.525 202.525 202.525 202.525 202.525 202.525 202.525 202.525 202.525 202.525 202.525 202.525 202.525 202.525 202.525 202.525 202.525 202.525 202.525 202.525 202.525 202.525 202.525 202.525 202.525 202.525 202.525 
202.525 202.525 202.525 202.525 202.525 202.525 202.525 202.525 202.525 202.525 202.525 202.525 202.525 202.525 202.525 202.525 202.525 202.525 202.525 202.525 202.525 202.525 202.525 202.525 202.525 202.525 202.525 202.525 202.525 202.525 202.525 202.525 202.525 202.525 202.525 202.525 202.525 202.525 202.525 202.525 202.525 202.525 202.525 202.525 202.525 202.525 202.525 202.525 202.525 202.525 202.525 202.525 202.525 202.525 202.525 202.525 202.525 202.525 202.525 
202.525 202.525 202.525 202.525 202.525 202.525 202.525 202.525 202.525 202.525 202.525 202.525 202.525 202.525 202.525 202.525 202.525 202.525 202.525 202.525 202.525 202.525 202.525 202.525 202.525 202.525 202.525 202.525 202.525 202.525 202.525 202.525 202.525 202.525 202.525 202.525 202.525 202.525 202.525 202.525 202.525 202.525 202.525 202.525 202.525 202.525 202.525 202.525 202.525 202.525 202.525 202.525 202.525 202.525 202.525 202.525 202.525 202.525 202.525 
202.525 202.525 202.525 202.525 202.525 202.525 202.525 202.525 202.525 202.525 202.525 202.525 202.525 202.525 202.525 202.525 202.525 202.525 202.525 202.525 202.525 202.525 202.525 202.525 202.525 202.525 202.525 202.525 202.525 202.525 202.525 202.525 202.525 202.525 202.525 202.525 202.525 202.525 202.525 202.525 202.525 202.525 202.525 202.525 202.525 202.525 202.525 202.525 202.525 202.525 202.525 202.525 202.525 202.525 202.525 202.525 202.525 202.525 202.525 
202.525 202.525 202.525 202.525 202.525 202.525 202.525 202.525 202.525 202.525 202.525 202.525 202.525 202.525 202.525 202.525 202.525 202.525 202.525 202.525 202.525 202.525 202.525 202.525 202.525 202.525 202.525 202.525 202.525 202.525 202.525 202.525 202.525 202.525 202.525 202.525 202.525 202.525 202.525 202.525 202.525 202.525 202.525 202.525 202.525 202.525 202.525 202.525 202.525 202.525 202.525 202.525 202.525 202.525 202.525 202.525 202.525 202.525 202.525 
202.525 202.525 202.525 202.525 202.525 202.525 202.525 202.525 202.525 202.525 202.525 202.525 202.525 202.525 202.525 202.525 202.525 202.525 202.525 202.525 202.525 202.525 202.525 202.525 202.525 202.525 202.525 202.525 202.525 202.525 202.525 202.525 202.525 202.525 202.525 202.525 202.525 202.525 202.525 202.525 202.525 202.525 202.525 202.525 202.525 202.525 202.525 202.525 202.525 202.525 202.525 202.525 202.525 202.525 202.525 202.525 202.525 202.525 202.525 
202.525 202.525 202.525 202.525 202.525 202.525 202.525 202.525 202.525 202.525 202.525 202.525 202.525 202.525 202.525 202.525 202.525 202.525 202.525 202.525 202.525 202.525 202.525 202.525 202.525 202.525 202.525 202.525 202.525 202.525 202.525 202.525 202.525 202.525 202.525 202.525 202.525 202.525 202.525 202.525 202.525 202.525 202.525 202.525 202.525 202.525 202.525 202.525 202.525 202.525 202.525 202.525 202.525 202.525 202.525 202.525 202.525 202.525 202.525 
202.525 202.525 202.525 202.525 202.525 202.525 202.525 202.525 202.525 202.525 202.525 202.525 202.525 202.525 202.525 202.525 202.525 202.525 202.525 202.525 202.525 202.525 202.525 202.525 202.525 202.525 202.525 202.525 202.525 202.525 202.525 202.525 202.525 202.525 202.525 202.525 202.525 202.525 202.525 202.525 202.525 202.525 202.525 202.525 202.525 202.525 202.525 202.525 202.525 202.525 202.525 202.525 202.525 202.525 202.525 202.525 202.525 202.525 202.525 
202.525 202.525 202.525 202.525 202.525 202.525 202.525 202.525 202.525 202.525 202.525 202.525 202.525 202.525 202.525 202.525 202.525 202.525 202.525 202.525 202.525 202.525 202.525 202.525 202.525 202.525 202.525 202.525 202.525 202.525 202.525 202.525 202.525 202.525 202.525 202.525 202.525 202.525 202.525 202.525 202.525 202.525 202.525 202.525 202.525 202.525 202.525 202.525 202.525 202.525 202.525 202.525 202.525 202.525 202.525 202.525 202.525 202.525 202.525 
202.525 202.525 202.525 202.525 202.525 202.525 202.525 202.525 202.525 202.525 202.525 202.525 202.525 202.525 202.525 202.525 202.525 202.525 202.525 202.525 202.525 202.525 202.525 202.525 202.525 202.525 202.525 202.525 202.525 202.525 202.525 202.525 202.525 202.525 202.525 202.525 202.525 202.525 202.525 202.525 202.525 202.525 202.525 202.525 202.525 202.525 202.525 202.525 202.525 202.525 202.525 202.525 202.525 202.525 202.525 202.525 202.525 202.525 202.525 
202.525 202.525 202.525 202.525 202.525 202.525 202.525 202.525 202.525 202.525 202.525 202.525 202.525 202.525 202.525 202.525 202.525 202.525 202.525 202.525 202.525 202.525 202.525 202.525 202.525 202.525 202.525 202.525 202.525 202.525 202.525 202.525 202.525 202.525 202.525 202.525 202.525 202.525 202.525 202.525 202.525 202.525 202.525 202.525 202.525 202.525 202.525 202.525 202.525 202.525 202.525 202.525 202.525 202.525 202.525 202.525 202.525 202.525 202.525 
202.525 202.525 202.525 202.525 202.525 202.525 202.525 202.525 202.525 202.525 202.525 202.525 202.525 202.525 202.525 202.525 202.525 202.525 202.525 202.525 202.525 202.525 202.525 202.525 202.525 202.525 202.525 202.525 202.525 202.525 202.525 202.525 202.525 202.525 202.525 202.525 202.525 202.525 202.525 202.525 202.525 202.525 202.525 202.525 202.525 202.525 202.525 202.525 202.525 202.525 202.525 202.525 202.525 202.525 202.525 202.525 202.525 202.525 202.525 
202.525 202.525 202.525 202.525 202.525 202.525 202.525 202.525 202.525 202.525 202.525 202.525 202.525 202.525 202.525 202.525 202.525 202.525 202.525 202.525 202.525 202.525 202.525 202.525 202.525 202.525 202.525 202.525 202.525 202.525 202.525 202.525 202.525 202.525 202.525 202.525 202.525 202.525 202.525 202.525 202.525 202.525 202.525 202.525 202.525 202.525 202.525 202.525 202.525 202.525 202.525 202.525 202.525 202.525 202.525 202.525 202.525 202.525 202.525 
202.525 202.525 202.525 202.525 202.525 202.525 202.525 202.525 202.525 202.525 202.525 202.525 202.525 202.525 202.525 202.525 202.525 202.525 202.525 202.525 202.525 202.525 202.525 202.525 202.525 202.525 202.525 202.525 202.525 202.525 202.525 202.525 202.525 202.525 202.525 202.525 202.525 202.525 202.525 202.525 202.525 202.525 202.525 202.525 202.525 202.525 202.525 202.525 202.525 202.525 202.525 202.525 202.525 202.525 202.525 202.525 202.525 202.525 202.525 
202.525 202.525 202.525 202.525 202.525 202.525 202.525 202.525 202.525 202.525 202.525 202.525 202.525 202.525 202.525 202.525 202.525 202.525 202.525 202.525 202.525 202.525 202.525 202.525 202.525 202.525 202.525 202.525 202.525 202.525 202.525 202.525 202.525 202.525 202.525 202.525 202.525 202.525 202.525 202.525 202.525 202.525 202.525 202.525 202.525 202.525 202.525 202.525 202.525 202.525 202.525 202.525 202.525 202.525 202.525 202.525 202.525 202.525 202.525 
202.525 202.525 202.525 202.525 202.525 202.525 202.525 202.525 202.525 202.525 202.525 202.525 202.525 202.525 202.525 202.525 202.525 202.525 202.525 202.525 202.525 202.525 202.525 202.525 202.525 202.525 202.525 202.525 202.525 202.525 202.525 202.525 202.525 202.525 202.525 202.525 202.525 202.525 202.525 202.525 202.525 202.525 202.525 202.525 202.525 202.525 202.525 202.525 202.525 202.525 202.525 202.525 202.525 202.525 202.525 202.525 202.525 202.525 202.525 
202.525 202.525 202.525 202.525 202.525 202.525 202.525 202.525 202.525 202.525 202.525 202.525 202.525 202.525 202.525 202.525 202.525 202.525 202.525 202.525 202.525 202.525 202.525 202.525 202.525 202.525 202.525 202.525 202.525 202.525 202.525 202.525 202.525 202.525 202.525 202.525 202.525 202.525 202.525 202.525 202.525 202.525 202.525 202.525 202.525 202.525 202.525 202.525 202.525 202.525 202.525 202.525 202.525 202.525 202.525 202.525 202.525 202.525 202.525 
202.525 202.525 202.525 202.525 202.525 202.525 202.525 202.525 202.525 202.525 202.525 202.525 202.525 202.525 202.525 202.525 202.525 202.525 202.525 202.525 202.525 202.525 202.525 202.525 202.525 202.525 202.525 202.525 202.525 202.525 202.525 202.525 202.525 202.525 202.525 202.525 202.525 202.525 202.525 202.525 202.525 202.525 202.525 202.525 202.525 202.525 202.525 202.525 202.525 202.525 202.525 202.525 202.525 202.525 202.525 202.525 202.525 202.525 202.525 
202.525 202.525 202.525 202.525 202.525 202.525 202.525 202.525 202.525 202.525 202.525 202.525 202.525 202.525 202.525 202.525 202.525 202.525 202.525 202.525 202.525 202.525 202.525 202.525 202.525 202.525 202.525 202.525 202.525 202.525 202.525 202.525 202.525 202.525 202.525 202.525 202.525 202.525 202.525 202.525 202.525 202.525 202.525 202.525 202.525 202.525 202.525 202.525 202.525 202.525 202.525 202.525 202.525 202.525 202.525 202.525 202.525 202.525 202.525 
202.525 202.525 202.525 202.525 202.525 202.525 202.525 202.525 202.525 202.525 202.525 202.525 202.525 202.525 202.525 202.525 202.525 202.525 202.525 202.525 202.525 202.525 202.525 202.525 202.525 202.525 202.525 202.525 202.525 202.525 202.525 202.525 202.525 202.525 202.525 202.525 202.525 202.525 202.525 202.525 202.525 202.525 202.525 202.525 202.525 202.525 202.525 202.525 202.525 202.525 202.525 202.525 202.525 202.525 202.525 202.525 202.525 202.525 202.525 
202.525 202.525 202.525 202.525 202.525 202.525 202.525 202.525 202.525 202.525 202.525 202.525 202.525 202.525 202.525 202.525 202.525 202.525 202.525 202.525 202.525 202.525 202.525 202.525 202.525 202.525 202.525 202.525 202.525 202.525 202.525 202.525 202.525 202.525 202.525 202.525 202.525 202.525 202.525 202.525 202.525 202.525 202.525 202.525 202.525 202.525 202.525 202.525 202.525 202.525 202.525 202.525 202.525 202.525 202.525 202.525 202.525 202.525 202.525 
202.525 202.525 202.525 202.525 202.525 202.525 202.525 202.525 202.525 202.525 202.525 202.525 202.525 202.525 202.525 202.525 202.525 202.525 202.525 202.525 202.525 202.525 202.525 202.525 202.525 202.525 202.525 202.525 202.525 202.525 202.525 202.525 202.525 202.525 202.525 202.525 202.525 202.525 202.525 202.525 202.525 202.525 202.525 202.525 202.525 202.525 202.525 202.525 202.525 202.525 202.525 202.525 202.525 202.525 202.525 202.525 202.525 202.525 202.525 
