2 1 1 0 1 1 1 1 1 9 2 0 0 0 1 1 1 0 0 0 0 2 2 2 2 2 2 2 0 2 2 130 2 130 130 130 130 0 0 0 0 0 0 0 0 0 0 0 0 0 0 0 128 0 128 0 0 0 0 
2 2 1 1 8 0 2 1 1 1 0 0 0 1 0 1 0 3 0 0 0 2 2 2 2 2 0 0 0 2 130 130 130 130 2 130 130 0 0 0 2 0 0 0 0 0 0 0 0 0 0 0 0 128 0 0 0 0 0 
9 1 0 1 1 1 2 0 64 9 9 3 3 0 3 3 3 2 3 0 1 1 2 0 2 2 2 0 2 2 2 130 130 130 130 2 0 0 0 2 2 0 0 0 0 0 0 0 0 0 0 0 0 0 0 0 0 0 0 
9 9 1 1 1 2 1 9 3 3 0 3 3 2 3 3 0 3 2 2 1 2 2 2 2 0 0 0 0 2 2 0 2 2 130 2 2 2 2 0 0 0 0 0 0 0 0 0 0 0 0 0 0 0 0 0 0 0 0 
2 1 1 9 0 0 9 0 9 3 3 1 1 3 3 3 3 3 3 2 2 1 2 2 2 0 0 0 0 2 0 2 2 0 2 130 0 2 2 2 2 2 0 0 0 0 0 0 0 0 0 0 0 0 0 0 0 0 0 
2 2 1 1 9 9 9 0 1 0 1 0 1 3 3 3 3 3 2 3 2 2 1 3 2 2 0 0 2 0 0 2 0 2 2 0 0 2 2 0 2 2 0 0 0 0 0 0 0 0 0 0 0 0 0 0 0 0 0 
2 2 1 0 1 3 9 1 1 3 3 0 1 2 3 3 2 3 3 2 2 2 0 2 8 0 0 10 0 0 0 2 2 2 2 2 2 0 2 2 2 0 2 0 0 0 0 0 0 0 0 0 0 0 0 0 0 0 0 
9 0 0 9 3 3 1 9 1 3 0 3 3 1 3 2 3 3 3 3 2 3 3 2 2 8 10 0 10 10 2 2 0 2 2 0 2 2 2 2 2 2 0 2 0 0 0 0 0 0 0 0 0 0 0 0 0 0 0 
9 9 0 2 0 1 3 3 3 3 3 3 3 3 3 3 0 3 3 3 3 3 3 2 0 3 0 10 2 2 2 2 2 2 2 2 2 2 2 0 0 2 130 0 0 0 0 0 0 0 0 0 0 0 16 0 0 0 0 
9 9 9 9 9 1 3 3 2 9 0 3 3 3 1 1 1 3 3 2 3 3 3 3 3 2 10 0 10 2 2 2 2 0 0 2 0 2 2 2 130 130 130 0 2 0 2 0 0 0 0 0 0 16 0 0 0 0 0 
9 9 9 0 1 9 1 3 3 9 9 3 3 3 3 0 3 3 3 3 3 3 9 2 9 9 10 0 10 10 10 2 10 2 2 2 2 0 2 2 130 2 2 2 2 2 0 0 0 0 0 0 0 16 16 0 0 0 0 
9 9 9 9 0 2 3 3 0 3 3 3 3 3 0 1 1 3 3 0 3 3 3 9 9 10 10 10 10 10 130 2 10 130 130 130 0 0 2 2 130 2 2 2 0 0 0 0 2 0 0 80 0 0 0 0 0 0 0 
9 9 9 9 2 0 9 2 3 3 3 1 0 0 3 1 3 3 3 0 9 0 9 10 10 10 10 10 10 10 10 10 10 130 130 2 2 130 2 130 130 0 2 0 0 0 0 80 80 80 80 80 0 0 0 0 0 0 0 
2 9 2 9 0 2 9 2 3 0 3 3 1 1 2 2 1 3 1 9 9 9 0 10 10 10 10 10 10 10 0 10 10 10 2 0 0 0 2 130 2 66 0 66 144 80 144 80 0 80 80 80 80 0 0 0 0 0 0 
9 9 0 0 9 9 2 3 9 3 3 3 1 1 9 1 1 0 3 9 9 9 10 9 0 0 10 10 10 0 10 130 130 130 2 0 0 0 130 130 66 66 66 144 144 144 80 0 0 80 16 0 80 0 64 64 0 0 0 
9 9 0 0 0 9 2 2 9 9 3 9 0 9 9 9 9 9 9 9 9 9 9 0 10 10 10 10 10 0 10 10 130 130 130 0 0 2 130 130 130 66 66 144 144 80 144 80 80 0 16 80 16 16 64 0 0 0 0 
9 9 40 9 9 9 9 0 9 9 0 9 9 0 9 9 9 0 9 9 3 9 9 10 10 10 10 10 10 10 2 2 2 2 0 2 130 130 0 130 66 66 66 0 16 16 80 144 144 80 0 80 16 16 16 0 0 0 0 
9 9 40 40 9 9 9 9 9 9 9 9 0 9 0 0 9 1 9 2 9 9 9 9 10 10 10 10 10 130 0 130 2 2 0 2 2 130 130 130 2 2 0 66 80 0 0 80 128 0 144 0 16 16 80 0 16 16 16 
9 9 40 8 8 9 0 0 9 9 9 9 9 9 9 0 1 9 1 9 2 9 9 9 9 9 10 10 10 10 130 0 2 2 0 2 16 2 0 128 16 2 0 144 144 144 144 144 144 144 144 16 80 80 80 0 16 16 0 
9 40 9 40 9 9 9 0 0 9 9 0 9 9 0 9 9 9 9 9 9 9 9 9 10 10 9 10 10 8 10 8 2 2 2 0 0 0 16 16 16 0 2 144 144 144 128 144 144 144 80 80 80 80 80 16 64 16 0 
0 9 40 2 9 9 9 0 9 9 9 9 9 9 2 0 9 9 0 9 9 0 9 9 10 10 9 10 10 2 10 10 8 8 8 16 2 16 16 0 16 0 80 80 144 80 144 16 80 80 80 80 80 80 80 64 0 0 0 
40 40 64 9 40 9 9 40 40 8 0 9 9 9 9 2 9 9 9 1 1 9 40 10 10 10 10 2 10 10 10 9 9 9 8 8 16 0 16 0 144 144 1 16 0 144 80 16 16 0 80 80 80 80 80 0 0 0 0 
40 0 9 40 9 40 9 40 40 8 8 9 9 0 9 9 9 9 9 0 9 40 10 10 10 9 10 0 10 10 9 9 0 9 9 2 16 0 16 80 0 80 1 1 144 80 144 16 0 80 0 80 80 80 80 0 64 64 0 
40 0 40 0 0 40 40 40 40 0 0 9 9 9 0 9 9 9 9 9 9 9 10 9 0 0 9 10 10 10 9 9 1 9 9 2 2 16 16 16 80 80 80 144 144 144 144 0 80 16 16 80 80 0 0 64 0 0 64 
40 40 0 40 40 40 40 40 40 40 40 40 9 0 9 2 9 9 0 0 9 9 9 10 9 9 0 9 9 9 9 9 1 1 9 9 16 2 80 16 80 80 80 144 144 0 80 80 0 80 80 0 80 80 64 80 0 0 64 
0 0 40 0 40 40 40 40 40 40 40 40 40 40 9 9 9 9 9 9 9 9 9 9 8 9 10 0 9 1 9 9 2 8 80 1 1 1 16 80 144 0 80 144 144 0 80 80 80 80 80 80 0 80 80 80 0 0 0 
0 32 0 40 0 0 0 40 40 40 40 40 0 40 9 0 0 9 9 9 9 9 9 9 8 9 9 9 9 9 8 1 9 1 2 1 1 33 33 16 16 80 129 144 80 80 0 80 80 80 80 0 80 0 64 64 64 16 0 
32 32 32 40 8 40 40 40 40 40 40 40 0 9 2 9 9 9 9 9 9 1 0 9 9 9 0 9 9 9 1 1 80 33 33 2 1 33 96 96 96 0 80 129 80 80 80 80 80 80 80 80 80 0 64 0 64 64 16 
32 40 40 8 40 8 8 40 40 40 40 40 40 40 9 40 9 9 9 0 9 9 9 9 9 9 9 9 9 9 80 80 80 2 33 1 1 96 96 96 80 96 0 80 80 80 0 64 65 16 16 80 80 80 80 16 16 0 16 
40 40 0 8 0 8 40 0 40 40 40 40 40 40 40 0 9 0 0 9 9 9 9 9 9 9 0 9 9 9 0 33 33 0 33 33 65 96 96 80 96 96 80 80 0 80 64 0 0 80 65 65 16 80 80 16 16 16 0 
40 1 0 32 0 8 40 40 40 40 40 0 40 40 40 9 0 33 33 0 9 9 9 9 9 0 9 0 0 9 1 33 33 33 33 33 33 96 33 96 80 40 96 0 80 80 0 80 0 65 80 80 80 0 80 16 0 0 80 
0 0 32 32 32 40 40 40 40 40 0 0 40 2 9 0 33 33 33 33 33 9 9 33 33 9 0 33 32 9 9 33 33 33 33 33 33 96 96 33 96 96 96 96 80 80 80 80 0 80 80 80 80 80 80 80 80 0 80 
1 32 0 40 40 32 40 33 40 40 40 2 0 0 40 0 33 161 33 33 0 33 0 33 9 0 33 32 32 33 33 0 33 0 33 33 33 96 96 96 96 96 96 80 80 0 144 80 80 0 80 80 80 80 80 80 80 80 80 
40 40 0 0 32 40 32 40 40 40 0 2 0 0 0 0 33 161 128 0 33 33 33 33 9 33 33 34 33 33 33 33 33 33 96 33 64 96 96 96 96 96 80 96 96 0 64 80 80 80 80 0 80 80 80 80 80 80 80 
0 0 33 33 32 32 40 33 33 33 33 33 2 33 33 161 33 33 0 33 33 33 8 0 9 0 33 33 33 33 33 33 33 33 32 33 0 96 96 96 96 96 96 80 96 0 64 80 80 80 80 0 80 80 80 80 80 80 80 
0 0 0 33 33 33 33 33 33 33 33 33 1 33 33 161 33 161 33 161 161 33 33 0 129 9 33 33 33 33 33 33 33 96 96 33 64 0 96 96 96 96 96 96 96 96 80 80 80 80 80 80 80 80 80 0 80 208 208 
0 0 40 0 40 33 33 33 33 0 33 33 33 33 33 33 33 161 33 0 161 33 33 2 2 33 33 33 33 33 33 33 33 0 96 96 96 0 96 96 2 96 96 96 96 40 96 2 80 80 80 80 80 80 80 80 144 80 80 
40 40 40 40 33 33 33 33 33 33 33 33 33 0 33 1 32 33 33 1 160 129 33 33 129 0 33 33 0 0 33 33 33 0 96 96 96 96 96 96 96 96 96 96 96 80 96 80 80 80 80 80 80 80 80 64 144 144 64 
40 40 40 33 33 33 33 33 33 0 33 33 0 33 33 33 1 33 33 160 129 0 0 0 129 33 33 33 33 0 33 33 0 96 96 96 96 0 0 96 96 96 0 96 96 80 0 80 80 80 208 80 208 80 80 208 16 64 144 
40 40 33 33 33 33 33 33 33 0 32 33 33 33 33 33 33 129 33 33 33 129 0 0 33 33 33 32 33 33 0 33 33 33 96 96 96 96 96 96 96 96 96 96 96 0 0 80 80 80 0 208 80 208 208 80 80 144 144 
40 33 33 33 33 33 33 33 33 33 33 32 32 0 33 33 33 33 1 33 129 0 129 129 129 33 33 33 33 33 0 33 33 33 96 96 96 96 96 0 96 96 80 80 96 0 144 0 80 80 80 208 208 0 208 208 80 0 144 
0 33 128 33 33 0 33 128 128 128 32 32 32 33 33 33 0 33 33 33 129 33 129 129 129 129 33 33 33 33 0 33 32 32 32 96 96 0 96 96 96 96 65 80 96 80 80 80 0 144 208 208 192 208 208 80 0 0 0 
128 128 33 128 128 128 33 0 128 128 32 0 33 32 0 33 32 0 33 129 0 129 129 129 129 33 33 192 33 33 33 32 33 96 64 96 96 96 96 96 96 0 80 0 80 80 80 80 0 208 208 208 208 208 208 80 80 80 80 
0 0 128 128 128 128 0 128 128 32 64 0 0 32 129 33 32 2 33 129 129 129 129 129 33 33 64 33 33 64 0 0 64 96 96 96 96 96 80 80 96 80 80 80 80 80 80 80 80 0 0 208 208 208 80 80 80 0 80 
128 128 128 128 128 0 128 0 128 32 128 64 128 32 32 129 129 33 129 128 129 128 129 33 128 129 129 64 192 64 0 64 64 96 128 128 96 80 80 80 80 80 80 80 80 0 80 208 208 208 208 0 0 208 0 80 80 80 80 
128 128 128 0 128 128 128 128 0 32 128 0 0 0 128 128 129 129 128 129 128 0 0 128 192 129 129 129 192 192 64 192 64 64 192 96 0 65 0 80 80 80 80 80 80 80 80 208 208 208 64 64 64 80 80 0 16 80 80 
128 128 128 0 128 0 128 128 128 0 128 128 32 64 64 128 128 129 129 129 128 129 128 128 128 192 129 192 192 192 192 192 64 64 64 64 65 65 80 80 80 80 80 80 80 80 80 80 208 208 64 144 64 64 80 80 16 80 80 
128 128 128 128 0 128 128 128 128 0 0 0 0 32 128 128 128 0 0 128 0 128 128 128 128 129 0 192 192 0 192 192 64 0 64 64 65 0 80 80 80 80 80 80 80 16 80 80 16 16 16 64 80 80 144 144 16 80 80 
0 0 128 128 0 128 128 128 0 128 128 128 32 128 128 128 0 128 128 0 1 128 128 128 128 2 2 128 192 0 192 192 192 64 64 65 65 80 80 80 80 80 80 80 80 80 80 16 16 80 16 64 64 80 80 144 144 208 208 
128 128 128 0 128 128 128 128 128 128 128 32 128 128 128 128 128 128 128 128 128 128 2 0 2 2 128 80 128 192 192 0 0 64 65 65 65 80 80 80 80 80 80 80 80 80 80 16 80 64 64 0 80 80 80 144 192 208 208 
128 128 128 128 128 128 128 128 128 128 128 128 128 0 128 128 128 128 0 2 0 128 2 2 2 2 0 128 16 128 128 0 64 0 65 0 192 65 80 80 80 80 80 80 80 80 16 16 16 80 0 65 0 80 64 64 208 80 208 
128 128 128 128 128 128 128 128 128 0 128 128 128 128 128 128 128 0 2 128 2 2 128 2 2 128 128 192 128 0 128 64 0 65 80 192 192 80 80 80 0 80 80 80 0 16 64 16 0 80 0 16 65 65 80 64 80 208 208 
128 128 128 0 128 0 128 128 128 128 128 0 128 128 128 128 128 128 128 128 128 128 128 128 128 128 128 64 192 64 64 0 0 128 65 0 192 0 80 0 64 80 80 80 80 80 16 64 80 0 16 80 65 65 65 80 208 208 208 
128 128 0 0 128 128 128 128 128 128 128 128 128 128 128 0 128 0 2 0 0 128 2 128 128 128 128 64 0 0 128 80 80 65 0 65 192 80 80 0 80 80 80 80 16 16 80 80 80 80 16 80 80 80 65 208 208 208 208 
128 128 128 128 128 128 128 128 128 128 128 128 128 128 0 128 0 2 128 0 0 2 128 128 0 128 128 128 128 192 128 0 80 80 0 0 80 0 80 80 0 80 80 80 80 80 16 80 16 128 80 80 0 0 80 80 208 16 16 
128 128 128 128 0 128 128 128 128 128 128 128 128 128 0 0 128 128 0 128 2 0 0 128 128 128 128 128 0 128 128 128 128 128 0 80 80 80 80 80 80 80 80 80 80 80 80 80 80 80 80 80 192 16 16 0 16 192 0 
128 128 128 0 0 128 128 128 0 0 0 128 128 0 0 128 0 0 128 0 128 0 0 128 128 128 128 128 128 0 0 128 0 128 0 80 0 192 80 0 80 80 80 80 80 80 80 16 16 80 80 80 80 192 16 64 192 208 192 
0 128 0 128 0 0 128 0 128 0 0 128 128 128 0 0 128 128 128 128 0 0 128 128 128 128 128 128 128 128 128 128 0 0 0 0 192 192 192 0 80 64 16 80 80 80 80 80 80 80 128 0 80 80 64 16 16 16 192 
128 128 128 0 128 128 0 128 128 128 128 128 128 128 128 0 0 0 128 128 128 128 128 0 128 128 128 0 0 128 128 0 128 128 0 192 192 64 0 64 0 0 16 0 80 16 16 64 0 0 80 128 0 0 192 16 16 16 208 
