98.1721 98.1721 98.1721 98.1721 98.1721 98.1721 98.1721 98.1721 98.1721 98.1721 98.1721 98.1721 98.1721 98.1721 98.1721 98.1721 98.1721 98.1721 98.1721 98.1721 98.1721 98.1721 98.1721 98.1721 98.1721 98.1721 98.1721 98.1721 98.1721 98.1721 98.1721 98.1721 98.1721 98.1721 98.1721 98.1721 98.1721 98.1721 98.1721 98.1721 98.1721 98.1721 98.1721 98.1721 98.1721 98.1721 98.1721 98.1721 98.1721 98.1721 98.1721 98.1721 98.1721 98.1721 98.1721 98.1721 98.1721 98.1721 98.1721 
98.1721 98.1721 98.1721 98.1721 98.1721 98.1721 98.1721 98.1721 98.1721 98.1721 98.1721 98.1721 98.1721 98.1721 98.1721 98.1721 98.1721 98.1721 98.1721 98.1721 98.1721 98.1721 98.1721 98.1721 98.1721 98.1721 98.1721 98.1721 98.1721 98.1721 98.1721 98.1721 98.1721 98.1721 98.1721 98.1721 98.1721 98.1721 98.1721 98.1721 98.1721 98.1721 98.1721 98.1721 98.1721 98.1721 98.1721 98.1721 98.1721 98.1721 98.1721 98.1721 98.1721 98.1721 98.1721 98.1721 98.1721 98.1721 98.1721 
98.1721 98.1721 98.1721 98.1721 98.1721 98.1721 98.1721 98.1721 98.1721 98.1721 98.1721 100 98.1721 98.1721 98.1721 98.1721 98.1721 98.1721 98.1721 98.1721 98.1721 98.1721 98.1721 100 98.1721 98.1721 98.1721 98.1721 98.1721 98.1721 98.1721 98.1721 98.1721 98.1721 98.1721 100 98.1721 98.1721 98.1721 98.1721 98.1721 98.1721 98.1721 98.1721 98.1721 98.1721 98.1721 100 98.1721 98.1721 98.1721 98.1721 98.1721 98.1721 98.1721 98.1721 98.1721 98.1721 98.1721 
98.1721 98.1721 98.1721 98.1721 98.1721 98.1721 98.1721 100 100 100 100 100 100 100 99.75 100 98.1721 98.1721 98.1721 100 100 100 100 100 100 100 100 100 98.1721 98.1721 98.1721 100 100 100 100 100 99.75 99.75 99.75 99.75 98.1721 98.1721 98.1721 100 100 100 100 100 100 100 100 100 98.1721 98.1721 98.1721 98.1721 98.1721 98.1721 98.1721 
98.1721 98.1721 98.1721 98.1721 98.1721 98.1721 100 100 100 100 100 100 100 100 100 100 100 98.1721 100 100 100 100 100 100 100 100 100 100 100 98.1721 100 100 99.75 100 100 99.75 99.75 99.5006 99.75 99.75 99.75 98.1721 100 100 100 100 100 100 100 100 100 100 100 98.1721 98.1721 98.1721 98.1721 98.1721 98.1721 
98.1721 98.1721 98.1721 98.1721 98.1721 100 99.75 100 100 100 99.75 99.75 100 100 100 100 100 100 100 99.75 100 100 100 100 100 100 100 100 100 100 100 100 100 100 99.5006 99.75 99.75 100 99.75 99.75 99.75 100 100 100 100 100 100 100 100 100 100 100 99.75 99.75 98.1721 98.1721 98.1721 98.1721 98.1721 
98.1721 98.1721 98.1721 98.1721 99.75 100 100 100 100 100 99.75 100 100 100 100 99.75 100 100 100 99.75 100 100 100 100 100 100 100 100 100 100 100 100 100 100 100 99.75 99.75 99.5006 99.75 100 100 100 100 100 100 100 100 100 100 100 100 100 100 100 100 98.1721 98.1721 98.1721 98.1721 
98.1721 98.1721 98.1721 100 100 99.75 100 99.75 100 100 100 100 99.75 100 99.75 100 100 100 99.75 100 100 100 100 100 100 100 100 100 100 100 100 100 100 100 99.75 100 99.75 100 99.75 100 100 100 100 100 100 100 100 100 100 100 100 100 100 100 100 100 98.1721 98.1721 98.1721 
98.1721 98.1721 98.1721 100 100 100 99.75 100 100 100 100 99.75 100 99.75 100 100 100 100 99.75 100 100 100 100 100 100 100 100 100 100 100 100 100 100 99.75 99.75 99.75 99.75 100 99.75 100 100 100 100 100 100 99.75 99.75 100 100 100 100 100 100 100 100 100 98.1721 98.1721 98.1721 
98.1721 98.1721 98.1721 100 100 100 100 100 100 100 100 99.75 99.75 99.75 100 100 99.75 100 100 100 100 100 100 100 100 100 100 100 100 100 100 100 99.75 100 100 100 99.75 100 99.75 100 100 100 100 100 100 100 100 100 100 100 100 100 100 100 100 100 98.1721 98.1721 98.1721 
98.1721 98.1721 98.1721 100 100 100 100 100 100 99.75 99.75 100 100 100 100 99.75 99.5006 99.75 100 100 100 99.75 100 100 100 100 100 100 100 100 100 100 99.75 99.75 100 100 99.75 100 100 100 100 100 100 100 100 100 100 100 99.75 100 100 100 99.75 100 100 100 98.1721 98.1721 98.1721 
98.1721 98.1721 100 100 100 100 100 100 99.75 100 100 100 100 99.75 100 99.75 99.75 100 100 100 100 100 100 100 100 100 100 100 100 100 100 100 100 100 100 100 99.5006 99.75 100 100 100 100 100 100 100 100 100 100 100 100 100 100 100 100 100 100 100 98.1721 98.1721 
98.1721 98.1721 98.1721 100 100 99.75 100 100 100 99.75 100 100 100 99.75 100 100 100 99.75 100 100 100 100 100 100 99.75 100 100 100 100 100 100 100 99.5006 99.75 100 100 99.5006 99.75 99.75 100 100 100 100 100 100 100 100 100 100 100 100 99.75 100 100 100 100 98.1721 98.1721 98.1721 
98.1721 98.1721 98.1721 100 100 100 100 100 100 100 100 100 100 100 100 100 100 100 100 100 100 100 99.75 99.5006 100 100 100 100 100 100 100 100 99.5006 100 100 99.75 99.75 100 99.75 100 100 100 100 100 100 100 100 100 99.75 100 100 100 100 100 100 100 98.1721 98.1721 98.1721 
98.1721 98.1721 98.1721 100 100 100 100 100 100 99.75 100 100 100 100 100 100 100 99.75 100 100 100 100 99.75 99.75 99.75 99.75 100 99.75 100 100 100 100 100 100 100 100 99.5006 99.75 99.75 100 100 100 100 100 100 100 100 100 100 100 100 100 100 100 100 100 98.1721 98.1721 98.1721 
98.1721 98.1721 98.1721 100 100 100 100 100 100 100 100 100 100 100 100 100 100 99.75 100 100 99.75 100 99.75 100 100 100 99.75 100 100 100 100 100 100 100 100 100 100 100 100 100 100 99.75 100 100 100 100 100 100 100 100 100 100 100 100 100 100 98.1721 98.1721 98.1721 
98.1721 98.1721 98.1721 98.1721 100 100 100 100 100 100 100 100 100 100 100 100 100 100 100 99.75 100 100 99.75 100 100 100 99.75 100 100 100 100 100 100 100 100 100 100 100 100 100 100 100 100 100 100 100 100 100 100 100 100 100 100 100 100 98.1721 98.1721 98.1721 98.1721 
98.1721 98.1721 98.1721 98.1721 98.1721 100 100 100 100 100 100 100 100 100 100 100 100 100 100 100 100 99.75 99.75 99.75 100 99.75 99.75 100 100 100 100 100 100 100 100 100 100 100 100 100 100 100 100 100 100 100 100 100 100 100 100 100 100 100 98.1721 98.1721 98.1721 98.1721 98.1721 
98.1721 98.1721 98.1721 98.1721 100 100 100 100 100 100 100 100 100 100 100 100 100 100 100 100 99.75 100 99.75 100 100 100 100 100 100 100 100 100 100 100 100 100 100 100 100 100 100 100 100 100 100 100 100 100 100 100 100 100 100 100 100 98.1721 98.1721 98.1721 98.1721 
98.1721 98.1721 98.1721 100 100 100 100 100 100 100 100 100 100 100 100 100 100 100 100 100 99.75 99.75 100 100 100 100 100 100 100 100 100 100 100 100 100 100 100 100 100 100 100 100 100 100 100 100 100 100 100 100 100 100 100 100 100 100 98.1721 98.1721 98.1721 
98.1721 98.1721 98.1721 100 100 100 100 100 100 100 100 100 100 100 100 100 100 100 100 99.75 99.5006 100 100 100 100 100 99.75 100 99.75 100 100 100 100 100 100 100 100 100 100 100 100 100 100 100 100 100 100 100 100 100 100 100 100 100 100 100 98.1721 98.1721 98.1721 
98.1721 98.1721 98.1721 100 100 100 100 99.75 100 100 100 100 100 100 100 100 100 100 100 99.75 99.75 100 99.75 100 100 100 99.75 100 100 99.75 100 100 100 100 100 100 100 100 100 100 100 100 100 100 100 100 100 100 100 100 100 100 100 100 100 100 98.1721 98.1721 98.1721 
98.1721 98.1721 98.1721 100 100 100 100 99.75 100 100 99.75 100 100 100 100 100 99.75 99.75 99.75 100 99.75 100 99.75 100 100 100 100 99.75 100 100 100 100 100 100 100 100 100 100 100 100 100 100 100 100 100 100 100 100 100 100 100 100 100 100 100 100 98.1721 98.1721 98.1721 
98.1721 98.1721 100 100 100 99.75 100 100 99.75 100 99.75 99.75 100 100 100 100 100 99.75 100 99.75 100 99.75 99.75 100 100 99.75 100 100 99.75 100 100 100 99.75 100 100 100 100 100 100 100 100 100 100 100 100 100 100 100 100 100 100 100 100 100 100 100 100 98.1721 98.1721 
98.1721 98.1721 98.1721 100 100 100 100 100 100 100 100 100 100 100 99.75 100 99.75 99.75 99.75 100 100 100 99.75 100 100 100 100 100 100 100 100 99.75 99.75 100 100 100 100 100 99.75 100 100 100 100 100 100 100 100 100 100 100 100 100 100 100 100 100 98.1721 98.1721 98.1721 
98.1721 98.1721 98.1721 100 100 99.75 100 100 100 100 99.75 100 100 99.75 100 100 100 99.75 99.75 99.75 99.75 100 100 100 100 100 100 100 100 100 100 100 100 100 100 100 100 100 99.75 99.75 100 100 100 100 99.75 99.75 99.75 100 100 100 100 100 99.75 100 100 100 98.1721 98.1721 98.1721 
98.1721 98.1721 98.1721 100 100 100 99.75 100 100 100 99.75 100 100 99.75 100 100 100 99.75 99.75 100 100 100 100 100 100 99.75 100 100 100 100 100 100 100 100 100 100 100 100 100 100 100 100 100 100 99.75 100 100 100 100 100 100 100 99.75 100 100 100 98.1721 98.1721 98.1721 
98.1721 98.1721 98.1721 100 100 99.75 100 100 100 100 100 100 100 100 100 100 100 100 100 100 99.75 100 100 100 100 100 100 100 100 100 100 100 100 100 99.75 100 100 100 100 100 100 100 100 100 100 100 100 100 100 100 100 100 100 100 100 100 98.1721 98.1721 98.1721 
98.1721 98.1721 98.1721 98.1721 100 100 100 100 100 100 100 100 100 100 100 100 100 100 100 99.75 99.75 99.75 100 100 100 100 100 100 100 100 100 100 99.75 100 100 100 100 100 100 100 100 100 100 100 100 99.75 100 100 100 100 100 100 100 100 100 98.1721 98.1721 98.1721 98.1721 
98.1721 98.1721 98.1721 98.1721 98.1721 100 100 100 100 100 100 100 100 100 100 100 100 100 100 100 100 100 100 100 100 100 100 100 100 100 100 100 100 100 100 100 100 100 100 100 100 100 100 100 99.75 100 99.75 100 100 100 100 100 100 100 98.1721 98.1721 98.1721 98.1721 98.1721 
98.1721 98.1721 98.1721 98.1721 100 100 100 100 100 100 100 100 100 100 100 100 100 100 100 100 100 100 99.75 99.75 100 100 100 100 100 100 100 100 100 100 100 100 100 100 100 100 100 100 100 100 100 100 100 100 100 99.75 100 100 100 100 100 98.1721 98.1721 98.1721 98.1721 
98.1721 98.1721 98.1721 100 100 100 100 100 100 100 100 100 100 100 100 100 100 100 100 100 100 100 100 99.75 100 100 100 100 100 100 100 100 100 100 100 100 100 100 100 100 100 100 100 100 100 100 99.75 100 100 100 99.75 99.75 99.75 99.75 99.75 100 98.1721 98.1721 98.1721 
98.1721 98.1721 98.1721 100 100 100 100 100 100 100 100 100 100 100 100 100 100 100 100 100 100 100 100 100 100 100 100 100 100 100 100 100 100 100 100 100 100 100 100 100 100 100 100 100 100 100 100 100 99.75 100 99.5006 100 100 99.75 100 100 98.1721 98.1721 98.1721 
98.1721 98.1721 98.1721 100 100 100 100 100 100 100 100 100 100 100 100 100 100 100 100 100 100 100 100 100 100 100 100 100 100 100 100 100 100 100 100 100 100 100 100 100 100 100 100 100 100 100 100 99.75 99.75 99.75 100 100 100 99.75 99.75 100 98.1721 98.1721 98.1721 
98.1721 98.1721 98.1721 100 100 100 100 100 100 100 100 100 100 100 100 100 100 100 100 100 100 100 100 100 100 100 99.75 100 100 100 100 100 100 100 100 100 100 99.75 100 100 100 100 100 100 99.75 100 100 99.75 100 100 100 100 100 100 100 100 98.1721 98.1721 98.1721 
98.1721 98.1721 100 100 100 100 100 100 100 100 100 100 100 100 100 100 100 100 100 100 100 99.75 100 100 100 100 99.75 100 100 100 100 100 100 100 100 100 100 99.75 100 100 100 100 100 100 100 100 100 99.75 100 100 100 100 100 100 100 100 100 98.1721 98.1721 
98.1721 98.1721 98.1721 100 100 100 100 100 100 100 100 100 100 100 100 100 100 100 100 100 100 100 99.75 99.75 100 100 100 100 100 100 100 100 100 100 100 100 100 100 99.75 100 100 100 100 100 100 99.75 100 100 100 100 100 99.75 99.75 100 100 100 98.1721 98.1721 98.1721 
98.1721 98.1721 98.1721 100 100 100 100 100 100 100 100 100 100 100 100 100 100 100 100 100 100 100 100 100 100 99.75 99.75 100 100 100 100 100 100 100 100 100 100 100 100 100 100 100 100 100 99.75 100 100 99.75 100 100 100 99.75 99.75 100 100 100 98.1721 98.1721 98.1721 
98.1721 98.1721 98.1721 100 100 100 100 100 100 100 100 100 100 100 100 100 100 100 100 100 100 100 100 100 100 100 100 100 100 100 100 100 100 100 100 100 100 100 100 100 100 100 100 100 100 100 100 100 100 100 100 100 100 100 100 100 98.1721 98.1721 98.1721 
98.1721 98.1721 98.1721 100 100 100 100 100 100 100 100 100 100 100 100 100 100 100 100 100 100 100 100 100 100 100 100 100 100 100 100 100 100 100 100 100 100 100 100 100 100 100 100 100 100 100 100 100 100 100 100 100 99.75 100 100 100 98.1721 98.1721 98.1721 
98.1721 98.1721 98.1721 98.1721 100 100 100 100 100 100 100 100 100 100 100 100 100 100 100 100 100 100 100 100 99.75 100 100 100 100 100 100 100 100 100 100 100 100 100 100 100 100 100 100 100 100 100 100 100 100 100 100 100 100 100 100 98.1721 98.1721 98.1721 98.1721 
98.1721 98.1721 98.1721 98.1721 98.1721 100 100 100 100 100 100 100 100 100 100 100 100 100 100 100 100 100 100 100 99.75 100 100 100 100 100 100 100 100 100 100 100 100 100 100 100 100 100 100 100 100 100 100 100 100 100 100 100 100 100 98.1721 98.1721 98.1721 98.1721 98.1721 
98.1721 98.1721 98.1721 98.1721 100 100 100 100 100 100 100 100 100 100 100 100 100 100 100 100 100 100 100 100 100 100 100 100 100 100 100 100 100 100 100 100 100 100 100 100 100 100 100 100 100 100 100 100 100 100 100 100 100 100 100 98.1721 98.1721 98.1721 98.1721 
98.1721 98.1721 98.1721 100 100 100 100 100 100 100 100 100 100 100 100 100 100 100 100 100 100 100 100 100 100 100 100 100 100 100 100 100 100 100 100 100 100 100 100 100 100 100 100 100 100 100 100 100 100 100 100 100 100 100 100 100 98.1721 98.1721 98.1721 
98.1721 98.1721 98.1721 100 100 100 100 100 100 100 100 100 100 100 100 100 100 100 100 100 100 100 100 100 100 99.75 100 100 100 100 100 100 100 100 100 100 100 100 100 100 100 100 100 100 100 100 100 100 100 100 100 100 100 100 100 100 98.1721 98.1721 98.1721 
98.1721 98.1721 98.1721 100 100 100 100 100 100 100 100 100 100 100 100 100 100 100 100 100 100 100 100 100 100 99.75 100 100 100 100 100 100 100 100 100 100 100 100 100 100 100 100 100 100 100 100 100 100 100 100 100 100 100 100 100 100 98.1721 98.1721 98.1721 
98.1721 98.1721 98.1721 100 100 100 100 100 100 100 100 100 100 100 100 100 100 100 100 100 100 100 100 100 100 100 99.75 100 100 100 100 100 100 100 100 100 100 100 100 100 100 100 100 100 100 100 100 100 100 100 100 100 100 100 100 100 98.1721 98.1721 98.1721 
98.1721 98.1721 100 100 100 100 100 100 100 100 100 100 100 100 100 100 100 100 100 100 100 100 100 100 99.75 100 100 100 100 100 100 100 100 100 100 100 100 100 100 100 100 100 100 100 100 100 100 100 100 100 100 100 100 100 100 100 100 98.1721 98.1721 
98.1721 98.1721 98.1721 100 100 100 100 100 100 100 100 100 100 100 100 100 100 100 100 100 100 100 100 100 99.75 99.75 99.75 100 100 100 100 100 100 100 100 100 100 100 100 100 100 100 100 100 100 100 100 100 100 100 100 100 100 100 100 100 98.1721 98.1721 98.1721 
98.1721 98.1721 98.1721 100 100 100 100 100 100 100 100 100 100 100 100 100 100 100 100 100 100 100 100 100 100 100 100 100 100 100 100 100 100 100 100 100 100 100 100 100 100 100 100 100 100 100 100 100 100 100 100 100 100 100 100 100 98.1721 98.1721 98.1721 
98.1721 98.1721 98.1721 100 100 100 100 100 100 100 100 100 100 100 100 100 100 100 100 100 100 100 100 100 100 100 100 100 100 100 100 100 100 100 100 100 100 100 100 100 100 100 100 100 100 100 100 100 100 100 100 100 100 100 100 100 98.1721 98.1721 98.1721 
98.1721 98.1721 98.1721 100 100 100 100 100 100 100 100 100 100 100 100 100 100 100 100 100 100 100 100 100 100 100 100 100 100 100 100 100 100 100 100 100 100 100 100 100 100 100 100 100 100 100 100 100 100 100 100 100 100 100 100 100 98.1721 98.1721 98.1721 
98.1721 98.1721 98.1721 98.1721 100 100 100 100 100 100 100 100 100 100 100 100 100 100 100 100 100 100 100 100 100 100 100 100 100 100 100 100 100 100 100 100 100 100 100 100 100 100 100 100 100 100 100 100 100 100 100 100 100 100 100 98.1721 98.1721 98.1721 98.1721 
98.1721 98.1721 98.1721 98.1721 98.1721 100 100 100 100 100 100 100 100 100 100 100 100 100 100 100 100 100 100 100 100 100 100 100 100 100 100 100 100 100 100 100 100 100 100 100 100 100 100 100 100 100 100 100 100 100 100 100 100 100 98.1721 98.1721 98.1721 98.1721 98.1721 
98.1721 98.1721 98.1721 98.1721 98.1721 98.1721 100 100 100 100 100 100 100 100 100 100 100 98.1721 100 100 100 100 100 100 100 100 100 100 100 98.1721 100 100 100 100 100 100 100 100 100 100 100 98.1721 100 100 100 100 100 100 100 100 100 100 100 98.1721 98.1721 98.1721 98.1721 98.1721 98.1721 
98.1721 98.1721 98.1721 98.1721 98.1721 98.1721 98.1721 100 100 100 100 100 100 100 100 100 98.1721 98.1721 98.1721 100 100 100 100 100 100 100 100 100 98.1721 98.1721 98.1721 100 100 100 100 100 100 100 100 100 98.1721 98.1721 98.1721 100 100 100 100 100 100 100 100 100 98.1721 98.1721 98.1721 98.1721 98.1721 98.1721 98.1721 
98.1721 98.1721 98.1721 98.1721 98.1721 98.1721 98.1721 98.1721 98.1721 98.1721 98.1721 100 98.1721 98.1721 98.1721 98.1721 98.1721 98.1721 98.1721 98.1721 98.1721 98.1721 98.1721 100 98.1721 98.1721 98.1721 98.1721 98.1721 98.1721 98.1721 98.1721 98.1721 98.1721 98.1721 100 98.1721 98.1721 98.1721 98.1721 98.1721 98.1721 98.1721 98.1721 98.1721 98.1721 98.1721 100 98.1721 98.1721 98.1721 98.1721 98.1721 98.1721 98.1721 98.1721 98.1721 98.1721 98.1721 
98.1721 98.1721 98.1721 98.1721 98.1721 98.1721 98.1721 98.1721 98.1721 98.1721 98.1721 98.1721 98.1721 98.1721 98.1721 98.1721 98.1721 98.1721 98.1721 98.1721 98.1721 98.1721 98.1721 98.1721 98.1721 98.1721 98.1721 98.1721 98.1721 98.1721 98.1721 98.1721 98.1721 98.1721 98.1721 98.1721 98.1721 98.1721 98.1721 98.1721 98.1721 98.1721 98.1721 98.1721 98.1721 98.1721 98.1721 98.1721 98.1721 98.1721 98.1721 98.1721 98.1721 98.1721 98.1721 98.1721 98.1721 98.1721 98.1721 
98.1721 98.1721 98.1721 98.1721 98.1721 98.1721 98.1721 98.1721 98.1721 98.1721 98.1721 98.1721 98.1721 98.1721 98.1721 98.1721 98.1721 98.1721 98.1721 98.1721 98.1721 98.1721 98.1721 98.1721 98.1721 98.1721 98.1721 98.1721 98.1721 98.1721 98.1721 98.1721 98.1721 98.1721 98.1721 98.1721 98.1721 98.1721 98.1721 98.1721 98.1721 98.1721 98.1721 98.1721 98.1721 98.1721 98.1721 98.1721 98.1721 98.1721 98.1721 98.1721 98.1721 98.1721 98.1721 98.1721 98.1721 98.1721 98.1721 
