# org_id,org_cellx,org_celly,org_forage_target,org_group_id,org_facing
1595401,13,8,-1,-1,5
1595849,34,14,-1,-1,6
1594775,55,19,-1,-1,7
1597397,3,23,-1,-1,0
1598136,31,34,-1,-1,2
1595105,59,30,-1,-1,0
1597839,61,25,-1,-1,3
1596478,29,3,-1,-1,2
1591503,29,15,-1,-1,1
1590958,50,40,-1,-1,3
1591453,23,8,-1,-1,0
1597241,48,20,-1,-1,6
1597693,28,37,-1,-1,3
1588977,14,44,-1,-1,4
1594346,7,35,-1,-1,2
1598044,17,52,-1,-1,1
1586754,13,18,-1,-1,0
1591777,45,13,-1,-1,3
1595931,16,6,-1,-1,0
1587488,11,6,-1,-1,4
1593311,26,26,-1,-1,5
1594513,16,20,-1,-1,2
1596980,21,61,-1,-1,6
1597740,61,26,-1,-1,4
1593606,35,11,-1,-1,7
1598102,20,22,-1,-1,1
1579906,57,23,-1,-1,6
1596687,11,35,-1,-1,7
1591576,48,44,-1,-1,7
1597285,53,59,-1,-1,1
1577666,54,58,-1,-1,2
1588051,35,6,-1,-1,5
1597634,51,59,-1,-1,4
1596817,50,4,-1,-1,4
1595240,32,38,-1,-1,1
1594526,47,11,-1,-1,1
1598053,32,14,-1,-1,3
1593915,49,53,-1,-1,0
1591714,40,14,-1,-1,4
1596361,54,8,-1,-1,6
1596302,51,48,-1,-1,3
1595022,59,52,-1,-1,5
1596835,56,53,-1,-1,5
1595163,36,41,-1,-1,1
1596500,8,37,-1,-1,4
1596676,58,29,-1,-1,4
1590309,46,4,-1,-1,0
1594880,14,19,-1,-1,1
1597512,18,24,-1,-1,1
1597104,30,2,-1,-1,2
1596971,6,7,-1,-1,5
1594236,33,59,-1,-1,4
1595369,20,47,-1,-1,6
1594871,14,37,-1,-1,4
1596145,25,27,-1,-1,1
1597737,36,24,-1,-1,7
1594229,29,35,-1,-1,4
1596981,30,59,-1,-1,3
1593008,6,0,-1,-1,4
1592430,10,58,-1,-1,3
1586992,24,30,-1,-1,4
1597373,55,0,-1,-1,7
1594994,21,50,-1,-1,2
1596859,43,42,-1,-1,7
1594897,37,49,-1,-1,0
1597184,48,24,-1,-1,0
1596125,35,27,-1,-1,7
1598091,25,21,-1,-1,2
1591147,11,21,-1,-1,3
1596769,54,32,-1,-1,3
1589044,40,25,-1,-1,1
1597936,55,33,-1,-1,3
1589549,43,54,-1,-1,0
1596208,2,45,-1,-1,2
1578110,39,20,-1,-1,4
1596243,20,6,-1,-1,0
1596650,40,17,-1,-1,0
1597287,10,0,-1,-1,5
1584707,45,55,-1,-1,3
1594910,28,32,-1,-1,4
1592760,31,59,-1,-1,5
1594497,48,30,-1,-1,1
1598128,27,15,-1,-1,2
1592969,6,20,-1,-1,1
1596674,35,44,-1,-1,5
1597451,16,54,-1,-1,0
1594807,49,33,-1,-1,6
1597659,41,15,-1,-1,7
1596855,11,12,-1,-1,3
1594165,55,13,-1,-1,3
1597479,56,59,-1,-1,4
1596269,21,29,-1,-1,5
1596898,48,7,-1,-1,3
1595946,38,33,-1,-1,4
1597581,35,47,-1,-1,2
1593591,25,3,-1,-1,1
1590540,53,6,-1,-1,6
1597145,3,46,-1,-1,2
1594305,47,43,-1,-1,1
1595150,18,18,-1,-1,4
1596861,39,16,-1,-1,0
1596913,10,48,-1,-1,1
1584800,37,39,-1,-1,6
1596038,8,10,-1,-1,7
1592973,17,17,-1,-1,0
1589513,38,57,-1,-1,4
1598138,49,34,-1,-1,2
1588716,34,26,-1,-1,6
1597111,35,9,-1,-1,7
1591763,41,27,-1,-1,0
1596087,39,43,-1,-1,1
1595821,57,56,-1,-1,7
1597950,55,37,-1,-1,4
1594720,6,59,-1,-1,4
1592813,23,32,-1,-1,4
1588408,41,48,-1,-1,5
1591126,34,32,-1,-1,0
1598113,42,49,-1,-1,2
1592077,26,58,-1,-1,6
1585956,36,46,-1,-1,4
1587530,36,40,-1,-1,4
1578892,40,48,-1,-1,6
1597395,52,49,-1,-1,3
1593880,21,58,-1,-1,0
1584922,56,42,-1,-1,3
1597854,57,1,-1,-1,2
1594006,11,33,-1,-1,2
1591501,45,43,-1,-1,7
1596486,8,16,-1,-1,3
1594330,39,15,-1,-1,5
1597324,16,59,-1,-1,0
1592286,52,42,-1,-1,4
1594408,26,25,-1,-1,3
1594758,5,35,-1,-1,0
1598129,25,31,-1,-1,7
1592420,0,22,-1,-1,4
1596864,39,61,-1,-1,4
1589134,25,7,-1,-1,2
1595394,25,10,-1,-1,6
1597745,17,13,-1,-1,5
1579275,34,34,-1,-1,4
1594609,16,26,-1,-1,3
1594790,31,39,-1,-1,0
1595932,33,42,-1,-1,0
1587402,5,27,-1,-1,3
1597035,24,40,-1,-1,3
1589897,14,21,-1,-1,3
1595143,38,44,-1,-1,2
1583944,19,7,-1,-1,0
1595409,41,42,-1,-1,3
1597205,4,36,-1,-1,2
1597570,51,41,-1,-1,6
1597023,4,31,-1,-1,7
1594392,60,22,-1,-1,3
1595707,51,19,-1,-1,1
1595828,18,40,-1,-1,4
1584628,39,40,-1,-1,7
1580140,10,26,-1,-1,3
1592562,61,7,-1,-1,6
1588651,23,7,-1,-1,1
1597389,7,11,-1,-1,5
1593762,42,41,-1,-1,2
1594263,56,14,-1,-1,0
1595312,0,58,-1,-1,4
1597269,1,40,-1,-1,3
1596006,8,7,-1,-1,3
1589491,2,19,-1,-1,5
1596755,1,34,-1,-1,2
1597121,38,38,-1,-1,3
1597365,28,22,-1,-1,1
1597045,17,4,-1,-1,1
1589938,26,45,-1,-1,4
1577044,60,61,-1,-1,3
1597664,1,15,-1,-1,0
1598121,11,55,-1,-1,5
1595209,3,40,-1,-1,5
1590975,46,23,-1,-1,7
1594600,9,40,-1,-1,3
1595922,39,3,-1,-1,4
1592419,7,56,-1,-1,5
1592965,2,56,-1,-1,5
1590785,5,58,-1,-1,5
1593931,10,56,-1,-1,3
1597557,53,19,-1,-1,3
1594097,30,3,-1,-1,2
1596787,45,45,-1,-1,4
1597883,8,23,-1,-1,7
1596264,57,10,-1,-1,3
1597983,52,1,-1,-1,2
1596291,16,31,-1,-1,7
1589666,32,50,-1,-1,5
1597161,53,29,-1,-1,2
1594980,21,33,-1,-1,1
1593686,59,25,-1,-1,2
1592723,43,37,-1,-1,6
1593950,58,42,-1,-1,4
1595792,18,33,-1,-1,0
1597257,57,3,-1,-1,5
1590710,59,16,-1,-1,6
1593978,47,15,-1,-1,6
1597105,7,49,-1,-1,0
1594247,25,1,-1,-1,4
1595784,5,1,-1,-1,0
1596017,50,24,-1,-1,4
1597900,8,2,-1,-1,3
1595841,30,10,-1,-1,6
1597427,10,8,-1,-1,1
1597897,44,9,-1,-1,0
1594376,18,46,-1,-1,2
1596894,11,58,-1,-1,2
1594602,13,28,-1,-1,3
1596142,6,11,-1,-1,1
1591695,25,17,-1,-1,1
1596790,9,48,-1,-1,5
1597942,12,7,-1,-1,3
1597774,59,46,-1,-1,3
1596232,31,8,-1,-1,1
1598118,56,11,-1,-1,0
1594282,30,40,-1,-1,3
1597827,29,24,-1,-1,1
1597525,55,1,-1,-1,5
1589519,44,11,-1,-1,4
1597787,24,14,-1,-1,0
1585637,20,43,-1,-1,3
1590655,22,54,-1,-1,2
1596608,60,12,-1,-1,3
1590567,61,22,-1,-1,1
1592150,48,10,-1,-1,1
1592335,27,5,-1,-1,1
1594589,13,13,-1,-1,2
1598123,34,2,-1,-1,0
1595045,31,3,-1,-1,1
1597563,20,49,-1,-1,4
1578009,35,35,-1,-1,2
1593984,28,13,-1,-1,4
1597865,3,19,-1,-1,0
1596833,48,52,-1,-1,5
1597290,47,39,-1,-1,2
1590827,37,30,-1,-1,6
1596560,34,18,-1,-1,4
1596350,31,46,-1,-1,7
1593421,47,50,-1,-1,4
1594837,51,14,-1,-1,0
1587367,30,6,-1,-1,4
1597015,44,24,-1,-1,6
1592367,38,43,-1,-1,1
1591896,51,32,-1,-1,7
1594912,22,61,-1,-1,6
1595953,21,59,-1,-1,4
1592317,28,19,-1,-1,1
1598126,46,56,-1,-1,3
1594786,11,42,-1,-1,6
1593759,4,24,-1,-1,0
1588318,43,23,-1,-1,2
1595020,2,12,-1,-1,5
1596286,49,3,-1,-1,0
1592481,46,18,-1,-1,1
1593462,29,40,-1,-1,2
1585230,24,37,-1,-1,3
1590325,43,44,-1,-1,7
1597036,14,18,-1,-1,7
1593632,26,60,-1,-1,2
1582409,52,48,-1,-1,7
1595526,49,44,-1,-1,1
1597721,8,51,-1,-1,7
1590989,26,22,-1,-1,7
1596390,25,25,-1,-1,1
1598088,61,57,-1,-1,3
1594147,32,32,-1,-1,1
1597483,43,38,-1,-1,6
1593226,26,36,-1,-1,7
1585308,38,0,-1,-1,5
1596077,44,19,-1,-1,2
1595162,54,38,-1,-1,5
1585682,1,16,-1,-1,1
1595318,7,30,-1,-1,6
1593320,27,59,-1,-1,2
1598058,50,38,-1,-1,0
1596118,54,46,-1,-1,6
1598036,24,50,-1,-1,5
1597904,33,61,-1,-1,3
1597348,26,5,-1,-1,2
1595721,16,13,-1,-1,4
1597803,36,48,-1,-1,2
1576973,37,59,-1,-1,0
1598062,60,41,-1,-1,3
1592318,45,42,-1,-1,5
1596655,34,51,-1,-1,6
1595900,24,12,-1,-1,0
1593161,15,55,-1,-1,4
1597459,3,11,-1,-1,2
1594841,5,28,-1,-1,1
1597047,37,33,-1,-1,2
1592078,34,45,-1,-1,6
1598127,36,10,-1,-1,5
1589594,19,10,-1,-1,7
1596072,0,52,-1,-1,0
1592125,20,61,-1,-1,4
1589570,17,3,-1,-1,1
1591407,23,57,-1,-1,3
1595906,6,18,-1,-1,7
1594189,25,39,-1,-1,3
1582995,4,30,-1,-1,4
1597281,27,19,-1,-1,3
1593734,24,43,-1,-1,4
1586939,61,14,-1,-1,1
1590000,6,12,-1,-1,6
1597103,41,53,-1,-1,6
1596213,25,23,-1,-1,6
1594151,40,57,-1,-1,3
1596689,37,0,-1,-1,4
1597700,55,45,-1,-1,0
1596084,14,27,-1,-1,4
1596733,60,2,-1,-1,0
1598029,43,18,-1,-1,4
1596745,18,39,-1,-1,7
1597589,14,22,-1,-1,0
1596524,23,5,-1,-1,0
1597608,57,38,-1,-1,4
1594040,21,41,-1,-1,7
1589064,5,42,-1,-1,5
1597685,14,1,-1,-1,7
1595402,6,1,-1,-1,0
1592588,57,44,-1,-1,4
1595885,36,51,-1,-1,3
1596349,16,38,-1,-1,1
1596591,45,8,-1,-1,3
1593697,51,55,-1,-1,3
1597489,60,24,-1,-1,3
1597194,3,5,-1,-1,6
1592265,20,11,-1,-1,7
1596402,1,8,-1,-1,7
1597500,18,53,-1,-1,6
1593910,16,43,-1,-1,4
1597166,18,11,-1,-1,1
1596760,19,27,-1,-1,0
1594752,25,42,-1,-1,0
1596066,60,15,-1,-1,1
1593630,25,54,-1,-1,3
1587973,12,39,-1,-1,5
1596369,35,60,-1,-1,4
1594244,9,21,-1,-1,2
1594410,13,22,-1,-1,3
1597888,48,5,-1,-1,0
1594967,1,45,-1,-1,3
1591353,46,11,-1,-1,5
1594943,60,36,-1,-1,7
1596578,53,47,-1,-1,5
1595278,30,60,-1,-1,7
1595983,7,19,-1,-1,1
1588750,46,58,-1,-1,1
1594230,4,53,-1,-1,1
1597825,58,47,-1,-1,7
1598124,61,61,-1,-1,3
1587716,45,57,-1,-1,1
1594647,27,20,-1,-1,7
1595820,59,48,-1,-1,6
1593548,17,7,-1,-1,7
1597016,45,3,-1,-1,3
1590462,16,53,-1,-1,1
1597264,54,19,-1,-1,5
1595515,4,8,-1,-1,5
1595950,49,56,-1,-1,6
1588094,17,22,-1,-1,4
1597694,1,33,-1,-1,6
1596852,28,47,-1,-1,1
1596696,41,12,-1,-1,5
1589001,3,61,-1,-1,3
1589209,31,49,-1,-1,7
1588429,59,22,-1,-1,5
1595960,58,45,-1,-1,3
1595766,21,39,-1,-1,1
1587701,16,52,-1,-1,7
1595882,26,20,-1,-1,4
1594460,13,59,-1,-1,7
1591783,29,49,-1,-1,7
1590152,51,12,-1,-1,1
1594703,55,39,-1,-1,6
1597099,2,47,-1,-1,0
1596001,34,61,-1,-1,0
1595513,56,1,-1,-1,4
1594627,22,48,-1,-1,3
1598051,52,6,-1,-1,5
1597948,40,59,-1,-1,4
1592805,23,13,-1,-1,0
1597339,48,51,-1,-1,2
1595971,51,27,-1,-1,3
1596151,35,7,-1,-1,0
1597794,15,44,-1,-1,4
1597250,33,60,-1,-1,7
1597270,45,23,-1,-1,6
1592030,28,2,-1,-1,2
1588446,9,46,-1,-1,7
1597579,6,28,-1,-1,7
1594292,19,6,-1,-1,1
1595005,27,29,-1,-1,2
1585464,49,47,-1,-1,2
1598012,61,28,-1,-1,6
1596315,24,18,-1,-1,3
1597895,3,58,-1,-1,6
1595319,19,45,-1,-1,1
1594276,27,22,-1,-1,7
1597482,4,4,-1,-1,2
1592527,14,53,-1,-1,1
1598017,1,23,-1,-1,7
1591190,58,36,-1,-1,7
1597742,9,43,-1,-1,7
1589391,16,7,-1,-1,2
1597207,17,49,-1,-1,1
1595842,15,7,-1,-1,1
1595663,8,22,-1,-1,6
1594743,2,44,-1,-1,5
1593000,12,11,-1,-1,1
1595484,61,19,-1,-1,4
1591364,54,1,-1,-1,6
1598106,60,16,-1,-1,4
1597946,25,43,-1,-1,5
1597234,52,40,-1,-1,1
1594614,32,5,-1,-1,3
1592929,14,24,-1,-1,1
1597851,40,36,-1,-1,0
1597978,9,33,-1,-1,6
1594364,1,14,-1,-1,7
1597377,29,19,-1,-1,5
1593638,8,12,-1,-1,2
1596075,40,47,-1,-1,1
1594058,3,27,-1,-1,1
1596253,57,55,-1,-1,3
1598011,27,33,-1,-1,3
1596925,7,61,-1,-1,0
1596528,23,47,-1,-1,2
1597456,59,53,-1,-1,0
1597949,51,60,-1,-1,5
1593496,11,9,-1,-1,0
1594844,36,11,-1,-1,3
1596192,50,23,-1,-1,2
1597562,47,4,-1,-1,6
1587444,12,30,-1,-1,2
1589748,57,8,-1,-1,2
1591433,44,39,-1,-1,2
1593010,9,31,-1,-1,6
1597591,32,42,-1,-1,4
1593238,14,50,-1,-1,5
1593105,25,18,-1,-1,7
1594421,50,56,-1,-1,7
1597958,37,25,-1,-1,1
1592248,46,28,-1,-1,7
1595824,2,61,-1,-1,2
1597143,53,38,-1,-1,3
1597606,13,54,-1,-1,1
1596739,4,52,-1,-1,4
1587135,60,53,-1,-1,0
1592784,42,30,-1,-1,6
1597652,16,47,-1,-1,1
1596869,11,41,-1,-1,6
1595122,57,25,-1,-1,2
1594630,52,32,-1,-1,4
1585206,29,57,-1,-1,5
1593050,10,10,-1,-1,2
1592162,31,51,-1,-1,1
1598073,38,28,-1,-1,7
1595755,25,61,-1,-1,4
1598114,58,55,-1,-1,2
1596892,42,27,-1,-1,5
1596020,2,6,-1,-1,1
1584658,36,59,-1,-1,2
1593107,15,24,-1,-1,1
1596999,8,36,-1,-1,7
1589557,0,3,-1,-1,3
1594619,5,8,-1,-1,1
1597811,57,51,-1,-1,5
1594211,7,0,-1,-1,1
1597100,18,5,-1,-1,1
1593354,45,4,-1,-1,4
1585730,9,4,-1,-1,6
1594372,42,28,-1,-1,0
1592584,7,58,-1,-1,0
1593824,23,18,-1,-1,3
1594332,53,48,-1,-1,1
1597321,21,48,-1,-1,7
1598122,3,20,-1,-1,7
1595733,53,34,-1,-1,2
1597486,6,54,-1,-1,5
1592920,8,30,-1,-1,1
1597314,28,29,-1,-1,3
1596098,50,26,-1,-1,2
1598078,13,57,-1,-1,0
1593564,52,4,-1,-1,6
1597619,51,42,-1,-1,4
1593890,22,43,-1,-1,3
1592052,22,11,-1,-1,0
1597065,4,33,-1,-1,5
1598132,25,55,-1,-1,1
1597323,58,14,-1,-1,1
1596382,46,13,-1,-1,0
1594745,39,29,-1,-1,0
1595457,48,6,-1,-1,3
1594395,16,21,-1,-1,5
1596931,22,30,-1,-1,4
1597621,56,0,-1,-1,7
1596068,9,20,-1,-1,6
1590226,46,37,-1,-1,6
1590996,36,12,-1,-1,3
1595247,29,28,-1,-1,7
1596048,14,6,-1,-1,5
1590957,0,61,-1,-1,1
1597170,38,45,-1,-1,5
1595692,18,30,-1,-1,1
1597078,6,36,-1,-1,7
1596144,53,17,-1,-1,6
1593076,6,37,-1,-1,4
1597738,29,11,-1,-1,4
1593036,15,6,-1,-1,4
1594287,50,3,-1,-1,1
1596408,59,5,-1,-1,5
1596517,47,42,-1,-1,4
1590486,36,0,-1,-1,5
1594124,35,43,-1,-1,1
1597230,29,50,-1,-1,6
1594549,7,6,-1,-1,1
1598107,2,31,-1,-1,6
1595009,26,33,-1,-1,3
1596939,54,52,-1,-1,0
1589009,35,5,-1,-1,7
1594554,3,6,-1,-1,4
1596647,5,48,-1,-1,5
1598137,29,0,-1,-1,7
1596846,54,44,-1,-1,4
1597083,24,45,-1,-1,2
1590849,50,18,-1,-1,2
1587866,59,50,-1,-1,3
1597150,6,14,-1,-1,5
1588265,56,16,-1,-1,0
1590852,20,25,-1,-1,7
1597228,16,57,-1,-1,7
1597761,33,53,-1,-1,4
1597148,43,21,-1,-1,0
1598068,44,57,-1,-1,1
1595651,12,35,-1,-1,5
1590768,6,38,-1,-1,5
1594832,37,15,-1,-1,2
1594724,23,52,-1,-1,4
1597017,40,1,-1,-1,6
1597916,0,19,-1,-1,0
1589877,5,47,-1,-1,1
1597370,56,24,-1,-1,1
1596550,51,29,-1,-1,5
1597258,50,17,-1,-1,5
1594221,27,39,-1,-1,4
1596059,7,4,-1,-1,5
1596717,52,36,-1,-1,7
1592231,45,15,-1,-1,7
1591240,40,43,-1,-1,6
1595073,12,48,-1,-1,6
1596255,32,52,-1,-1,2
1597691,12,25,-1,-1,4
1596280,14,14,-1,-1,6
1596454,12,32,-1,-1,4
1594095,3,53,-1,-1,7
1597970,23,34,-1,-1,7
1593783,35,52,-1,-1,3
1597342,34,36,-1,-1,7
1597669,47,17,-1,-1,5
1596622,36,16,-1,-1,4
1589590,30,27,-1,-1,2
1588162,9,41,-1,-1,2
1596951,9,23,-1,-1,2
1597212,14,36,-1,-1,0
1593337,37,53,-1,-1,0
1593983,17,38,-1,-1,4
1596351,41,32,-1,-1,0
1595346,41,50,-1,-1,4
1594625,57,52,-1,-1,0
1597622,14,51,-1,-1,4
1593680,51,34,-1,-1,6
1594235,53,16,-1,-1,4
1598042,6,34,-1,-1,4
1596476,59,18,-1,-1,2
1597689,15,20,-1,-1,4
1593730,34,16,-1,-1,4
1586161,25,19,-1,-1,6
1597850,54,54,-1,-1,5
1594573,41,13,-1,-1,5
1597335,27,25,-1,-1,2
1597815,36,6,-1,-1,6
1591916,26,40,-1,-1,5
1595749,4,3,-1,-1,7
1595204,50,52,-1,-1,3
1594681,4,37,-1,-1,1
1597867,55,20,-1,-1,3
1596889,39,2,-1,-1,6
1596579,22,28,-1,-1,0
1597654,15,0,-1,-1,7
1595825,16,35,-1,-1,6
1596875,22,5,-1,-1,6
1593434,55,56,-1,-1,0
1596518,16,29,-1,-1,6
1595490,35,10,-1,-1,0
1597996,38,4,-1,-1,5
1592618,56,52,-1,-1,3
1593641,36,4,-1,-1,2
1594869,58,57,-1,-1,1
1594379,12,46,-1,-1,6
1596159,21,36,-1,-1,6
1597328,29,13,-1,-1,7
1593652,7,54,-1,-1,2
1597555,9,6,-1,-1,7
1596891,26,56,-1,-1,5
1596297,46,43,-1,-1,0
1596778,31,28,-1,-1,3
1591980,34,4,-1,-1,1
1598035,61,11,-1,-1,2
1588654,13,11,-1,-1,6
1595177,2,54,-1,-1,5
1596995,42,13,-1,-1,4
1585644,7,48,-1,-1,7
1597817,36,23,-1,-1,7
1596961,24,11,-1,-1,5
1595482,60,38,-1,-1,3
1591812,61,24,-1,-1,0
1597521,32,4,-1,-1,7
1597126,3,41,-1,-1,5
1591971,15,25,-1,-1,0
1597347,19,9,-1,-1,5
1587101,7,13,-1,-1,7
1597869,8,34,-1,-1,1
1592802,22,21,-1,-1,6
1597627,3,16,-1,-1,7
1597279,17,27,-1,-1,1
1584125,46,21,-1,-1,6
1593152,14,43,-1,-1,3
1592020,3,34,-1,-1,1
1594121,25,44,-1,-1,7
1590170,5,17,-1,-1,6
1598032,33,16,-1,-1,5
1596484,48,43,-1,-1,7
1592411,33,13,-1,-1,7
1594241,0,49,-1,-1,1
1598066,14,16,-1,-1,3
1595762,7,37,-1,-1,5
1597650,54,31,-1,-1,2
1596143,41,46,-1,-1,2
1596438,28,58,-1,-1,1
1595426,45,53,-1,-1,3
1596773,33,36,-1,-1,5
1597341,12,1,-1,-1,0
1593678,51,23,-1,-1,0
1596592,51,15,-1,-1,7
1590658,26,59,-1,-1,5
1594181,23,4,-1,-1,5
1592243,4,47,-1,-1,3
1597010,17,59,-1,-1,2
1594369,23,12,-1,-1,7
1594385,44,53,-1,-1,1
1597818,57,2,-1,-1,3
1598115,19,23,-1,-1,2
1597407,29,43,-1,-1,5
1595719,55,60,-1,-1,5
1597430,11,49,-1,-1,3
1591548,17,14,-1,-1,3
1596900,14,17,-1,-1,5
1590822,57,29,-1,-1,3
1596178,37,41,-1,-1,2
1594820,60,60,-1,-1,3
1594220,16,51,-1,-1,2
1596011,30,46,-1,-1,1
1595465,59,38,-1,-1,2
1593853,16,30,-1,-1,6
1595589,7,38,-1,-1,4
1586431,28,54,-1,-1,6
1592324,0,21,-1,-1,4
1595227,31,31,-1,-1,4
1596703,29,32,-1,-1,4
1595915,4,16,-1,-1,5
1592220,49,55,-1,-1,7
1592512,25,45,-1,-1,2
1596436,41,51,-1,-1,3
1593747,20,52,-1,-1,4
1597113,8,47,-1,-1,1
1597417,16,5,-1,-1,3
1597903,6,25,-1,-1,2
1589832,5,11,-1,-1,7
1591857,42,2,-1,-1,1
1598004,27,44,-1,-1,1
1588892,6,40,-1,-1,0
1593861,32,23,-1,-1,0
1581647,59,59,-1,-1,6
1597929,45,35,-1,-1,3
1596908,39,54,-1,-1,0
1590979,5,41,-1,-1,5
1595521,28,34,-1,-1,6
1597586,59,58,-1,-1,2
1589627,24,47,-1,-1,1
1597474,58,7,-1,-1,1
1593573,55,30,-1,-1,3
1597421,15,36,-1,-1,5
1589835,2,41,-1,-1,7
1597087,29,61,-1,-1,7
1597898,16,37,-1,-1,6
1592160,15,12,-1,-1,1
1595765,50,7,-1,-1,2
1593624,20,30,-1,-1,6
1588439,3,29,-1,-1,4
1597734,59,35,-1,-1,3
1590551,38,61,-1,-1,1
1597363,26,46,-1,-1,7
1597366,40,55,-1,-1,5
1592789,36,39,-1,-1,3
1592094,18,26,-1,-1,4
1592230,36,37,-1,-1,5
1596715,13,26,-1,-1,1
1595144,55,44,-1,-1,3
1589777,38,58,-1,-1,4
1597243,0,9,-1,-1,7
1590951,16,27,-1,-1,7
1597391,9,50,-1,-1,6
1597503,58,27,-1,-1,7
1596926,30,28,-1,-1,4
1594553,20,26,-1,-1,2
1593692,19,36,-1,-1,2
1595101,39,49,-1,-1,2
1597707,20,33,-1,-1,1
1594331,34,28,-1,-1,5
1597034,4,28,-1,-1,0
1593407,61,9,-1,-1,7
1597853,29,59,-1,-1,6
1588293,22,23,-1,-1,4
1595984,35,18,-1,-1,6
1597849,21,55,-1,-1,4
1596950,57,7,-1,-1,2
1595430,46,20,-1,-1,4
1582926,6,61,-1,-1,4
1597699,33,40,-1,-1,5
1596917,47,51,-1,-1,5
1595385,16,11,-1,-1,4
1587943,11,37,-1,-1,5
1597630,53,0,-1,-1,6
1586782,1,2,-1,-1,5
1597496,21,2,-1,-1,3
1588154,27,10,-1,-1,0
1588556,34,1,-1,-1,2
1598048,0,60,-1,-1,0
1596836,13,24,-1,-1,4
1597658,45,46,-1,-1,3
1597764,54,12,-1,-1,4
1596404,37,29,-1,-1,1
1597805,46,10,-1,-1,6
1597618,12,2,-1,-1,4
1595135,58,41,-1,-1,1
1593215,20,58,-1,-1,7
1595123,47,37,-1,-1,1
1597601,37,16,-1,-1,7
1590928,5,39,-1,-1,0
1589926,15,59,-1,-1,7
1596699,15,15,-1,-1,3
1594447,4,49,-1,-1,2
1587520,53,50,-1,-1,3
1594258,16,42,-1,-1,3
1596111,25,16,-1,-1,2
1595246,51,2,-1,-1,2
1596204,45,51,-1,-1,5
1593647,32,7,-1,-1,4
1595724,53,1,-1,-1,0
1596498,35,57,-1,-1,2
1595793,9,16,-1,-1,0
1591819,55,52,-1,-1,0
1591887,57,41,-1,-1,4
1597493,5,0,-1,-1,2
1597024,14,9,-1,-1,7
1596753,10,39,-1,-1,5
1591642,7,34,-1,-1,6
1588255,50,43,-1,-1,6
1596275,0,1,-1,-1,3
1597508,41,4,-1,-1,7
1595672,19,31,-1,-1,6
1597756,2,51,-1,-1,6
1593382,10,36,-1,-1,2
1597402,59,41,-1,-1,0
1594053,17,19,-1,-1,4
1597420,0,45,-1,-1,2
1596949,9,8,-1,-1,4
1596046,21,28,-1,-1,3
1593544,23,55,-1,-1,7
1591175,20,15,-1,-1,1
1593463,1,35,-1,-1,4
1594411,24,15,-1,-1,4
1595353,44,40,-1,-1,3
1595969,61,49,-1,-1,5
1590108,20,35,-1,-1,1
1594343,14,30,-1,-1,7
1595874,49,29,-1,-1,7
1596217,23,35,-1,-1,4
1597905,0,17,-1,-1,5
1596916,49,5,-1,-1,6
1596440,10,11,-1,-1,7
1588351,47,59,-1,-1,3
1591625,43,16,-1,-1,0
1593134,0,0,-1,-1,0
1595302,6,55,-1,-1,1
1597926,19,20,-1,-1,1
1596229,40,39,-1,-1,5
1592509,39,53,-1,-1,1
1596420,54,21,-1,-1,1
1597795,41,61,-1,-1,6
1596694,14,42,-1,-1,7
1597599,46,8,-1,-1,3
1569710,56,60,-1,-1,5
1597611,51,26,-1,-1,1
1595677,29,9,-1,-1,6
1595099,23,49,-1,-1,3
1594065,7,14,-1,-1,3
1593886,17,37,-1,-1,5
1581439,47,18,-1,-1,3
1595085,42,50,-1,-1,4
1591488,2,20,-1,-1,6
1595644,44,41,-1,-1,1
1585020,47,53,-1,-1,2
1597454,5,20,-1,-1,1
1598005,7,1,-1,-1,5
1594170,58,26,-1,-1,4
1597944,6,43,-1,-1,7
1590717,0,20,-1,-1,6
1595981,4,25,-1,-1,0
1594708,48,50,-1,-1,2
1592434,59,8,-1,-1,3
1594470,55,26,-1,-1,2
1597453,31,48,-1,-1,6
1596878,40,30,-1,-1,1
1596216,12,20,-1,-1,6
1597385,39,57,-1,-1,3
1594646,22,26,-1,-1,4
1590858,17,6,-1,-1,6
1597436,12,54,-1,-1,2
1591337,10,16,-1,-1,1
1597291,3,33,-1,-1,3
1584226,59,29,-1,-1,1
1598030,53,3,-1,-1,2
1593732,52,38,-1,-1,7
1598021,25,0,-1,-1,2
1597680,35,2,-1,-1,4
1596871,3,21,-1,-1,5
1597963,57,16,-1,-1,2
1592232,25,29,-1,-1,5
1589899,4,46,-1,-1,7
1591424,5,44,-1,-1,3
1596024,61,15,-1,-1,3
1597666,28,28,-1,-1,5
1581799,45,60,-1,-1,4
1595776,44,49,-1,-1,6
1595989,36,20,-1,-1,1
1593306,27,4,-1,-1,0
1595475,60,47,-1,-1,4
1596547,34,17,-1,-1,0
1597667,6,29,-1,-1,3
1589347,5,34,-1,-1,4
1593239,16,14,-1,-1,7
1597886,41,52,-1,-1,3
1591855,3,52,-1,-1,0
1595899,12,19,-1,-1,6
1597577,13,58,-1,-1,3
1588962,37,10,-1,-1,1
1584700,4,18,-1,-1,0
1596959,61,1,-1,-1,0
1597987,58,48,-1,-1,7
1595686,3,15,-1,-1,5
1592998,18,49,-1,-1,2
1596406,48,9,-1,-1,7
1591381,22,56,-1,-1,5
1597127,5,33,-1,-1,4
1595350,2,59,-1,-1,2
1596035,28,15,-1,-1,4
1597381,22,1,-1,-1,0
1589325,30,0,-1,-1,4
1593812,28,8,-1,-1,2
1594888,35,54,-1,-1,5
1595744,26,2,-1,-1,0
1595676,48,4,-1,-1,1
1593112,3,17,-1,-1,5
1593514,46,49,-1,-1,6
1597785,57,30,-1,-1,4
1588072,33,54,-1,-1,5
1595313,28,45,-1,-1,0
1589656,39,28,-1,-1,4
1597374,20,0,-1,-1,2
1596063,32,15,-1,-1,3
1597931,26,12,-1,-1,1
1597582,9,52,-1,-1,6
1596309,5,37,-1,-1,1
1598112,11,57,-1,-1,6
1596532,52,24,-1,-1,6
1597698,57,50,-1,-1,7
1596146,16,0,-1,-1,7
1592948,10,18,-1,-1,6
1597595,7,2,-1,-1,7
1590429,31,15,-1,-1,3
1598061,8,60,-1,-1,2
1594174,30,29,-1,-1,1
1597488,13,47,-1,-1,5
1591387,15,16,-1,-1,7
1597332,17,56,-1,-1,2
1591466,8,61,-1,-1,5
1597401,41,60,-1,-1,2
1587693,24,51,-1,-1,0
1596202,11,51,-1,-1,4
1588541,12,12,-1,-1,7
1592183,49,11,-1,-1,4
1595977,21,49,-1,-1,7
1585326,35,16,-1,-1,6
1597967,16,49,-1,-1,3
1591878,49,10,-1,-1,1
1595653,51,50,-1,-1,7
1595666,48,60,-1,-1,0
1597320,39,10,-1,-1,5
1591936,55,28,-1,-1,7
1597954,16,32,-1,-1,2
1597158,53,11,-1,-1,2
1592310,31,9,-1,-1,7
1593212,35,15,-1,-1,4
1593174,34,6,-1,-1,5
1596325,22,15,-1,-1,2
1593829,60,6,-1,-1,5
1596996,18,0,-1,-1,0
1596865,27,3,-1,-1,2
1596439,20,28,-1,-1,4
1589409,9,9,-1,-1,4
1594563,16,50,-1,-1,7
1595951,21,44,-1,-1,6
1595047,8,50,-1,-1,3
1597063,15,26,-1,-1,0
1597415,30,56,-1,-1,3
1594432,6,21,-1,-1,5
1595548,0,59,-1,-1,3
1591633,43,55,-1,-1,0
1596628,15,28,-1,-1,0
1589281,51,37,-1,-1,2
1598052,20,21,-1,-1,0
1593993,32,25,-1,-1,6
1592470,39,32,-1,-1,7
1594375,23,56,-1,-1,5
1591847,43,27,-1,-1,6
1597393,28,21,-1,-1,7
1594890,60,7,-1,-1,5
1593108,38,49,-1,-1,1
1597866,2,37,-1,-1,1
1596007,43,43,-1,-1,1
1591473,13,55,-1,-1,6
1594606,56,26,-1,-1,1
1596333,37,32,-1,-1,7
1597223,11,29,-1,-1,1
1597722,0,14,-1,-1,4
1592365,39,44,-1,-1,2
1597274,40,56,-1,-1,0
1589492,23,38,-1,-1,0
1596765,2,50,-1,-1,1
1597935,12,61,-1,-1,5
1584185,7,9,-1,-1,7
1596617,34,30,-1,-1,0
1597678,37,6,-1,-1,4
1597147,2,22,-1,-1,5
1596741,45,6,-1,-1,7
1588457,2,5,-1,-1,5
1585796,58,13,-1,-1,0
1597213,17,48,-1,-1,3
1591197,35,61,-1,-1,7
1592300,11,5,-1,-1,2
1597504,48,2,-1,-1,5
1596258,18,57,-1,-1,4
1596912,50,1,-1,-1,4
1593835,36,26,-1,-1,7
1597835,1,59,-1,-1,1
1596094,29,6,-1,-1,2
1597545,34,35,-1,-1,2
1596820,57,5,-1,-1,3
1592153,45,30,-1,-1,6
1597736,18,52,-1,-1,6
1591886,2,33,-1,-1,2
1593380,53,10,-1,-1,4
1583525,9,24,-1,-1,4
1578329,25,26,-1,-1,2
1596386,56,6,-1,-1,4
1596377,5,7,-1,-1,0
1596437,33,24,-1,-1,1
1595709,54,41,-1,-1,4
1597090,51,36,-1,-1,3
1584066,33,10,-1,-1,0
1592053,12,57,-1,-1,3
1591645,8,5,-1,-1,0
1589683,23,31,-1,-1,5
1595235,37,51,-1,-1,7
1587021,32,37,-1,-1,3
1596954,50,11,-1,-1,5
1597446,25,40,-1,-1,7
1590910,5,21,-1,-1,6
1592752,61,39,-1,-1,4
1595293,39,56,-1,-1,2
1594142,60,44,-1,-1,7
1595440,30,22,-1,-1,6
1594727,22,14,-1,-1,5
1594858,44,43,-1,-1,1
1588601,1,60,-1,-1,4
1589935,8,13,-1,-1,6
1593445,51,61,-1,-1,7
1594595,36,38,-1,-1,0
1594878,28,20,-1,-1,4
1596541,48,13,-1,-1,6
1596606,31,26,-1,-1,5
1597326,31,61,-1,-1,3
1597840,21,38,-1,-1,3
1593465,27,17,-1,-1,5
1597268,0,55,-1,-1,1
1576921,54,55,-1,-1,7
1585461,34,49,-1,-1,5
1596967,16,55,-1,-1,7
1580524,15,53,-1,-1,4
1594496,10,46,-1,-1,5
1595491,59,31,-1,-1,6
1593344,33,8,-1,-1,3
1597797,36,60,-1,-1,3
1593859,45,0,-1,-1,6
1597531,13,1,-1,-1,5
1596721,61,31,-1,-1,7
1594164,38,60,-1,-1,0
1596513,59,10,-1,-1,6
1593899,26,16,-1,-1,7
1593753,3,38,-1,-1,6
1594337,31,4,-1,-1,0
1594702,22,7,-1,-1,5
1596004,35,40,-1,-1,1
1597845,31,21,-1,-1,5
1594937,9,1,-1,-1,0
1594641,35,13,-1,-1,3
1592161,50,58,-1,-1,5
1597413,22,58,-1,-1,2
1594540,24,24,-1,-1,4
1597855,3,1,-1,-1,4
1596837,17,26,-1,-1,6
1589293,52,59,-1,-1,2
1596531,10,52,-1,-1,6
1596497,26,57,-1,-1,0
1595437,51,38,-1,-1,3
1587823,33,15,-1,-1,2
1598028,49,8,-1,-1,0
1597543,53,35,-1,-1,6
1597906,54,61,-1,-1,6
1581895,28,5,-1,-1,7
1596067,60,42,-1,-1,7
1593202,15,35,-1,-1,5
1596455,33,5,-1,-1,1
1597329,10,3,-1,-1,1
1595340,33,12,-1,-1,2
1588630,35,32,-1,-1,1
1592368,44,5,-1,-1,1
1595098,56,4,-1,-1,1
1592736,0,33,-1,-1,6
1595852,6,27,-1,-1,4
1597829,48,46,-1,-1,7
1584241,7,3,-1,-1,5
1597732,55,23,-1,-1,5
1595065,6,26,-1,-1,1
1597960,7,39,-1,-1,5
1596184,8,3,-1,-1,6
1597425,61,51,-1,-1,4
1589965,32,12,-1,-1,7
1596987,39,50,-1,-1,4
1594838,50,19,-1,-1,7
1597095,1,5,-1,-1,1
1597463,50,16,-1,-1,6
1598133,1,13,-1,-1,7
1596982,27,23,-1,-1,3
1596238,60,5,-1,-1,4
1595612,5,4,-1,-1,2
1597134,46,9,-1,-1,2
1598134,56,55,-1,-1,1
1594304,58,10,-1,-1,6
1597193,12,28,-1,-1,2
1596221,18,6,-1,-1,2
1588619,16,1,-1,-1,1
1597594,56,36,-1,-1,1
1594945,37,54,-1,-1,1
1589903,61,60,-1,-1,3
1591987,54,51,-1,-1,2
1591414,36,52,-1,-1,4
1597796,19,18,-1,-1,5
1596493,51,9,-1,-1,0
1588472,2,58,-1,-1,3
1592447,42,39,-1,-1,6
1596806,51,13,-1,-1,7
1591254,28,16,-1,-1,5
1595194,53,36,-1,-1,1
1597354,59,54,-1,-1,0
1590751,1,44,-1,-1,1
1583917,42,53,-1,-1,5
1596747,24,4,-1,-1,3
1586800,34,29,-1,-1,4
1590169,58,53,-1,-1,4
1595897,22,40,-1,-1,3
1596621,7,53,-1,-1,5
1597661,50,31,-1,-1,3
1590248,6,30,-1,-1,0
1598027,57,24,-1,-1,4
1595192,48,38,-1,-1,5
1590335,3,10,-1,-1,1
1597331,28,38,-1,-1,3
1595182,46,19,-1,-1,0
1588197,35,14,-1,-1,2
1597876,4,45,-1,-1,2
1597053,34,5,-1,-1,2
1597033,32,6,-1,-1,0
1592823,27,24,-1,-1,1
1596588,41,58,-1,-1,6
1593101,29,39,-1,-1,1
1597541,48,12,-1,-1,6
1590923,32,11,-1,-1,3
1592041,2,52,-1,-1,1
1596815,20,18,-1,-1,0
1595800,26,54,-1,-1,4
1594005,51,58,-1,-1,7
1597770,46,53,-1,-1,6
1597152,61,32,-1,-1,6
1596342,46,30,-1,-1,0
1591603,9,10,-1,-1,5
1597431,32,49,-1,-1,0
1590675,38,11,-1,-1,1
1595887,5,60,-1,-1,5
1596744,49,30,-1,-1,1
1597237,26,28,-1,-1,5
1595167,27,35,-1,-1,2
1596520,1,29,-1,-1,4
1593580,21,21,-1,-1,4
1595624,1,3,-1,-1,7
1593967,32,39,-1,-1,4
1592029,11,22,-1,-1,7
1596429,20,45,-1,-1,5
1598081,38,52,-1,-1,6
1595908,4,57,-1,-1,3
1584325,31,33,-1,-1,6
1598047,42,32,-1,-1,2
1597278,57,42,-1,-1,1
1597639,38,1,-1,-1,0
1591594,48,27,-1,-1,0
1596634,11,18,-1,-1,7
1597529,43,8,-1,-1,4
1596594,54,59,-1,-1,5
1593432,61,54,-1,-1,3
1596712,12,45,-1,-1,5
1597645,7,44,-1,-1,4
1597298,42,10,-1,-1,6
1592717,56,30,-1,-1,0
1595938,15,2,-1,-1,2
1592536,18,42,-1,-1,7
1597706,40,3,-1,-1,1
1593885,32,36,-1,-1,4
1592152,37,48,-1,-1,7
1598007,60,50,-1,-1,6
1594555,42,8,-1,-1,1
1598050,7,40,-1,-1,1
1595839,2,38,-1,-1,0
1596713,54,23,-1,-1,6
1596388,55,25,-1,-1,4
1595276,17,46,-1,-1,5
1597046,49,9,-1,-1,7
1592572,27,13,-1,-1,1
1596711,43,61,-1,-1,6
1590125,5,59,-1,-1,1
1598006,39,42,-1,-1,5
1597558,30,39,-1,-1,7
1592485,53,32,-1,-1,0
1593785,33,27,-1,-1,1
1596903,45,50,-1,-1,6
1593774,39,9,-1,-1,5
1597975,47,36,-1,-1,3
1596320,19,15,-1,-1,5
1590974,11,0,-1,-1,3
1596553,6,52,-1,-1,6
1592700,6,16,-1,-1,4
1590308,14,38,-1,-1,5
1594476,12,44,-1,-1,2
1597729,48,36,-1,-1,5
1598099,19,44,-1,-1,1
1576613,46,52,-1,-1,3
1590866,25,30,-1,-1,3
1596868,4,32,-1,-1,4
1597007,36,5,-1,-1,1
1594784,33,3,-1,-1,4
1595217,22,33,-1,-1,1
1594716,47,33,-1,-1,2
1595804,10,38,-1,-1,5
1595066,33,57,-1,-1,6
1581178,52,44,-1,-1,4
1597746,61,33,-1,-1,1
1593491,10,50,-1,-1,0
1593903,32,8,-1,-1,6
1590284,16,36,-1,-1,1
1597514,0,35,-1,-1,0
1595779,30,36,-1,-1,1
1595846,55,15,-1,-1,4
1597465,41,24,-1,-1,0
1596623,52,8,-1,-1,1
1587986,59,34,-1,-1,2
1597824,7,42,-1,-1,6
1596153,50,8,-1,-1,3
1595072,47,7,-1,-1,5
1585001,7,28,-1,-1,2
1597082,0,24,-1,-1,6
1581063,32,13,-1,-1,7
1593671,57,37,-1,-1,6
1591028,53,14,-1,-1,1
1596830,38,17,-1,-1,7
1595016,4,51,-1,-1,4
1598089,0,48,-1,-1,5
1593241,35,46,-1,-1,6
1588384,5,6,-1,-1,3
1590733,9,44,-1,-1,4
1597749,26,61,-1,-1,1
1587651,40,22,-1,-1,0
1594737,43,41,-1,-1,1
1591999,43,58,-1,-1,5
1597997,7,25,-1,-1,5
1593693,2,49,-1,-1,0
1597550,56,61,-1,-1,2
1598087,33,50,-1,-1,2
1594110,59,9,-1,-1,7
1597977,28,26,-1,-1,4
1595729,38,26,-1,-1,5
1595198,15,22,-1,-1,2
1594503,14,35,-1,-1,6
1597714,6,31,-1,-1,3
1597506,8,40,-1,-1,3
1594723,22,27,-1,-1,6
1595787,24,6,-1,-1,4
1598093,8,4,-1,-1,1
1595736,47,52,-1,-1,2
1597676,52,35,-1,-1,3
1595682,55,57,-1,-1,2
1594771,44,3,-1,-1,2
1596924,47,10,-1,-1,2
1597701,41,17,-1,-1,2
1597673,23,22,-1,-1,7
1596533,5,10,-1,-1,0
1591216,2,36,-1,-1,4
1583124,61,48,-1,-1,2
1596857,27,41,-1,-1,7
1579619,52,43,-1,-1,4
1597687,40,41,-1,-1,5
1590991,18,25,-1,-1,5
1596197,44,16,-1,-1,4
1593851,48,54,-1,-1,2
1595212,31,54,-1,-1,1
1597964,8,35,-1,-1,3
1597560,26,15,-1,-1,1
1592024,48,3,-1,-1,5
1597741,48,21,-1,-1,7
1595071,55,42,-1,-1,2
1596179,31,37,-1,-1,1
1597449,9,51,-1,-1,0
1597662,42,19,-1,-1,5
1597793,49,35,-1,-1,7
1592803,21,19,-1,-1,0
1590499,18,32,-1,-1,7
1596659,11,48,-1,-1,7
1597777,43,29,-1,-1,6
1585902,16,40,-1,-1,5
1596850,26,50,-1,-1,6
1595557,46,22,-1,-1,6
1596595,28,46,-1,-1,1
1596839,55,4,-1,-1,3
1584852,45,56,-1,-1,3
1597418,34,47,-1,-1,3
1589922,17,33,-1,-1,3
1590319,25,33,-1,-1,6
1588931,23,43,-1,-1,1
1588555,34,23,-1,-1,5
1588466,56,19,-1,-1,4
1589876,52,13,-1,-1,2
1591369,10,13,-1,-1,0
1590801,40,20,-1,-1,7
1595070,28,30,-1,-1,1
1596866,58,31,-1,-1,0
1594889,43,22,-1,-1,3
1596222,33,48,-1,-1,3
1597800,47,0,-1,-1,1
1594818,40,53,-1,-1,0
1592501,2,42,-1,-1,0
1597670,53,41,-1,-1,1
1590683,44,22,-1,-1,2
1594162,51,24,-1,-1,7
1597684,49,19,-1,-1,6
1596706,26,39,-1,-1,3
1597528,53,4,-1,-1,1
1595509,31,23,-1,-1,6
1597610,28,53,-1,-1,0
1592107,38,3,-1,-1,1
1595233,4,50,-1,-1,3
1597731,25,48,-1,-1,4
1597215,40,29,-1,-1,6
1596422,4,26,-1,-1,1
1598120,10,19,-1,-1,0
1587122,56,22,-1,-1,3
1597160,40,8,-1,-1,3
1597556,2,53,-1,-1,7
1596920,2,0,-1,-1,3
1597466,58,19,-1,-1,7
1588289,18,29,-1,-1,0
1597423,28,12,-1,-1,1
1594206,32,19,-1,-1,7
1593211,15,17,-1,-1,3
1596979,8,8,-1,-1,4
1596784,49,6,-1,-1,5
1596626,25,20,-1,-1,1
1597846,31,22,-1,-1,7
1594551,50,30,-1,-1,4
1593240,12,56,-1,-1,6
1595996,50,37,-1,-1,2
1597552,42,16,-1,-1,7
1597369,1,11,-1,-1,3
1592721,36,58,-1,-1,0
1595909,52,11,-1,-1,1
1596899,48,42,-1,-1,1
1595261,47,5,-1,-1,5
1596170,7,22,-1,-1,6
1597461,32,59,-1,-1,0
1597096,15,3,-1,-1,7
1597129,32,44,-1,-1,7
1586539,39,46,-1,-1,1
1591833,13,43,-1,-1,4
1588334,37,42,-1,-1,0
1588435,25,12,-1,-1,6
1597118,47,24,-1,-1,7
1597873,29,44,-1,-1,5
1595253,47,58,-1,-1,5
1596086,42,35,-1,-1,4
1587208,60,4,-1,-1,1
1585876,3,59,-1,-1,1
1573966,10,29,-1,-1,3
1596477,60,14,-1,-1,0
1594046,25,57,-1,-1,5
1593636,57,17,-1,-1,3
1597969,60,10,-1,-1,1
1593790,39,52,-1,-1,0
1597404,56,44,-1,-1,3
1598117,49,60,-1,-1,7
1593939,61,13,-1,-1,6
1593313,10,20,-1,-1,7
1595268,36,1,-1,-1,7
1593299,52,21,-1,-1,0
1595364,42,18,-1,-1,3
1597399,35,1,-1,-1,2
1597912,54,56,-1,-1,3
1597648,1,9,-1,-1,7
1597548,4,9,-1,-1,6
1592537,47,34,-1,-1,6
1596173,25,47,-1,-1,5
1583322,44,14,-1,-1,2
1597553,48,58,-1,-1,5
1596057,3,31,-1,-1,1
1597747,37,12,-1,-1,6
1589019,25,15,-1,-1,3
1595451,27,55,-1,-1,0
1596211,52,55,-1,-1,6
1583024,7,20,-1,-1,5
1593896,30,45,-1,-1,5
1589442,43,7,-1,-1,6
1596679,34,58,-1,-1,4
1597653,35,24,-1,-1,7
1597319,6,45,-1,-1,0
1595130,49,51,-1,-1,6
1597679,3,24,-1,-1,1
1592549,48,8,-1,-1,7
1597433,43,17,-1,-1,0
1595539,11,16,-1,-1,0
1597094,60,3,-1,-1,4
1595545,21,30,-1,-1,6
1595894,30,55,-1,-1,4
1597060,39,13,-1,-1,1
1596561,36,43,-1,-1,0
1597292,56,23,-1,-1,4
1596502,58,20,-1,-1,6
1597195,13,33,-1,-1,2
1595429,0,12,-1,-1,2
1596010,9,53,-1,-1,5
1596885,57,59,-1,-1,1
1588414,29,45,-1,-1,1
1596399,44,56,-1,-1,5
1596557,60,57,-1,-1,3
1592343,14,57,-1,-1,3
1597313,0,37,-1,-1,3
1594479,19,61,-1,-1,2
1596638,15,40,-1,-1,7
1597301,46,41,-1,-1,5
1597350,26,44,-1,-1,0
1598119,2,26,-1,-1,0
1597813,15,57,-1,-1,4
1593696,51,46,-1,-1,7
1596537,21,25,-1,-1,4
1598070,47,47,-1,-1,5
1590830,19,57,-1,-1,4
1597976,61,20,-1,-1,6
1594228,50,2,-1,-1,0
1596977,33,49,-1,-1,1
1596786,44,15,-1,-1,3
1597471,55,36,-1,-1,1
1594772,24,32,-1,-1,7
1596692,22,9,-1,-1,6
1596223,35,42,-1,-1,5
1596467,12,40,-1,-1,2
1597596,59,20,-1,-1,4
1595378,30,24,-1,-1,7
1597836,57,35,-1,-1,0
1594393,6,47,-1,-1,5
1597868,19,48,-1,-1,0
1593991,49,59,-1,-1,4
1587362,19,42,-1,-1,7
1594278,18,44,-1,-1,1
1596809,50,46,-1,-1,5
1592336,38,32,-1,-1,6
1596935,42,12,-1,-1,1
1593909,6,22,-1,-1,5
1596304,50,48,-1,-1,3
1596417,12,24,-1,-1,0
1593540,9,27,-1,-1,7
1597124,13,49,-1,-1,1
1596890,61,56,-1,-1,6
1595956,36,33,-1,-1,7
1593943,50,55,-1,-1,0
1597037,53,5,-1,-1,5
1591204,27,48,-1,-1,5
1596693,7,55,-1,-1,6
1593731,7,23,-1,-1,7
1591938,13,19,-1,-1,4
1594403,58,40,-1,-1,6
1591546,14,33,-1,-1,5
1594803,54,0,-1,-1,1
1597966,42,11,-1,-1,6
1590079,28,17,-1,-1,3
1596224,58,46,-1,-1,3
1592893,8,58,-1,-1,0
1597216,31,40,-1,-1,0
1597744,7,33,-1,-1,7
1588954,45,10,-1,-1,5
1597327,3,8,-1,-1,3
1592939,46,25,-1,-1,2
1594150,5,24,-1,-1,1
1596489,16,61,-1,-1,3
1596851,34,42,-1,-1,3
1587913,48,39,-1,-1,7
1596064,25,36,-1,-1,0
1596079,50,22,-1,-1,2
1595898,7,31,-1,-1,3
1590557,53,15,-1,-1,3
1596019,28,36,-1,-1,5
1597810,54,53,-1,-1,2
1597356,22,50,-1,-1,1
1587896,20,13,-1,-1,1
1586765,52,37,-1,-1,3
1593893,3,2,-1,-1,1
1597821,32,18,-1,-1,5
1593278,11,10,-1,-1,5
1598098,56,3,-1,-1,0
1594810,26,43,-1,-1,4
1596882,38,48,-1,-1,5
1597623,29,37,-1,-1,0
1596346,31,27,-1,-1,7
1595317,51,5,-1,-1,2
1597227,51,25,-1,-1,3
1595134,44,29,-1,-1,3
1596262,17,58,-1,-1,2
1593658,56,37,-1,-1,0
1595225,24,39,-1,-1,1
1596685,39,41,-1,-1,0
1593664,46,57,-1,-1,2
1593780,8,46,-1,-1,4
1597925,18,2,-1,-1,3
1596273,1,56,-1,-1,1
1596162,47,56,-1,-1,4
1597011,59,17,-1,-1,6
1596811,53,60,-1,-1,5
1596887,17,45,-1,-1,1
1597533,47,19,-1,-1,0
1598069,16,12,-1,-1,0
1596324,3,7,-1,-1,2
1595930,34,7,-1,-1,2
1596863,9,34,-1,-1,5
1594149,3,45,-1,-1,1
1594984,52,15,-1,-1,2
1596662,27,38,-1,-1,5
1596099,54,14,-1,-1,2
1594370,57,20,-1,-1,3
1593329,4,40,-1,-1,1
1597182,39,0,-1,-1,2
1593268,61,18,-1,-1,7
1594015,17,10,-1,-1,4
1597712,60,58,-1,-1,1
1597371,17,29,-1,-1,7
1595797,0,28,-1,-1,5
1596644,14,0,-1,-1,3
1596921,8,27,-1,-1,2
1595360,25,49,-1,-1,1
1596660,26,3,-1,-1,4
1593974,50,51,-1,-1,3
1596359,23,28,-1,-1,0
1597615,36,9,-1,-1,3
1596963,23,25,-1,-1,1
1591194,53,49,-1,-1,5
1595923,0,4,-1,-1,2
1595657,50,60,-1,-1,0
1596466,52,46,-1,-1,3
1596631,52,31,-1,-1,2
1595592,53,9,-1,-1,2
1589626,44,60,-1,-1,4
1593667,34,25,-1,-1,3
1595158,21,20,-1,-1,6
1585340,10,41,-1,-1,7
1593030,44,21,-1,-1,0
1594087,42,31,-1,-1,0
1593230,43,26,-1,-1,1
1595314,51,6,-1,-1,3
1594936,29,8,-1,-1,2
1597120,5,56,-1,-1,2
1596873,29,1,-1,-1,2
1595525,28,51,-1,-1,6
1589729,57,26,-1,-1,0
1589812,6,15,-1,-1,0
1594944,12,29,-1,-1,6
1597056,8,18,-1,-1,2
1597822,38,31,-1,-1,3
1596955,34,20,-1,-1,6
1597940,5,16,-1,-1,5
1593404,49,7,-1,-1,7
1596274,43,12,-1,-1,5
1588254,8,20,-1,-1,2
1596409,21,1,-1,-1,5
1594822,32,58,-1,-1,5
1594763,6,49,-1,-1,0
1592279,27,45,-1,-1,7
1596265,47,40,-1,-1,7
1598039,26,30,-1,-1,5
1592436,32,54,-1,-1,0
1597726,41,10,-1,-1,5
1595110,49,22,-1,-1,7
1595432,17,55,-1,-1,7
1590173,45,41,-1,-1,6
1596353,59,11,-1,-1,7
1594394,56,25,-1,-1,6
1594012,56,50,-1,-1,1
1598108,27,58,-1,-1,4
1594780,48,17,-1,-1,5
1594493,45,16,-1,-1,7
1596228,8,19,-1,-1,7
1597302,9,47,-1,-1,2
1595392,24,35,-1,-1,7
1595864,26,23,-1,-1,4
1589089,11,20,-1,-1,0
1593068,61,4,-1,-1,1
1584510,18,36,-1,-1,5
1594216,20,8,-1,-1,2
1595389,11,25,-1,-1,0
1598116,38,55,-1,-1,2
1595847,57,15,-1,-1,2
1595708,60,17,-1,-1,5
1597283,51,3,-1,-1,1
1588913,54,20,-1,-1,0
1595226,3,18,-1,-1,2
1591318,11,45,-1,-1,4
1596081,31,14,-1,-1,1
1590599,53,2,-1,-1,6
1590085,60,59,-1,-1,1
1597088,58,28,-1,-1,5
1587576,8,56,-1,-1,7
1591635,33,21,-1,-1,1
1595255,35,48,-1,-1,4
1596821,39,27,-1,-1,1
1593844,17,0,-1,-1,3
1585703,22,60,-1,-1,7
1591255,33,17,-1,-1,4
1597603,59,36,-1,-1,1
1581862,50,50,-1,-1,4
1591692,1,46,-1,-1,1
1597918,23,45,-1,-1,4
1590339,58,1,-1,-1,4
1586536,54,17,-1,-1,2
1586828,29,47,-1,-1,0
1596614,9,54,-1,-1,5
1595359,49,39,-1,-1,2
1596400,23,53,-1,-1,6
1594541,61,12,-1,-1,2
1596090,3,25,-1,-1,4
1597733,58,25,-1,-1,0
1594651,12,17,-1,-1,3
1594506,37,47,-1,-1,6
1592906,54,25,-1,-1,6
1595595,15,37,-1,-1,7
1596305,4,15,-1,-1,1
1595218,55,50,-1,-1,3
1595980,2,30,-1,-1,0
1593022,22,0,-1,-1,1
1597048,29,25,-1,-1,2
1597990,40,38,-1,-1,2
1598135,10,57,-1,-1,1
1595802,47,45,-1,-1,7
1592327,33,39,-1,-1,3
1597064,21,43,-1,-1,1
1569941,16,28,-1,-1,3
1597406,28,33,-1,-1,3
1596958,56,39,-1,-1,0
1594160,11,47,-1,-1,7
1590877,6,8,-1,-1,4
1596783,23,39,-1,-1,0
1596355,42,3,-1,-1,0
1595912,14,5,-1,-1,2
1594865,20,31,-1,-1,5
1590019,9,38,-1,-1,5
1597752,10,9,-1,-1,3
1597980,19,25,-1,-1,6
1595243,45,37,-1,-1,0
1597226,38,24,-1,-1,6
1596186,55,2,-1,-1,7
1597784,31,20,-1,-1,6
1593011,27,54,-1,-1,1
1593848,24,46,-1,-1,4
1596536,43,30,-1,-1,0
1597894,55,27,-1,-1,6
1596249,34,39,-1,-1,7
1589665,44,17,-1,-1,7
1597013,47,48,-1,-1,3
1595417,8,33,-1,-1,2
1596734,31,1,-1,-1,7
1592345,37,3,-1,-1,7
1594199,43,57,-1,-1,5
1596009,50,54,-1,-1,4
1595916,15,31,-1,-1,5
1595768,10,24,-1,-1,7
1590853,2,18,-1,-1,0
1595739,56,10,-1,-1,6
1593627,60,19,-1,-1,7
1587861,1,24,-1,-1,3
1596583,43,0,-1,-1,6
1592878,27,52,-1,-1,1
1595377,58,37,-1,-1,5
1596391,34,52,-1,-1,3
1595462,33,55,-1,-1,6
1597771,22,29,-1,-1,5
1594777,32,56,-1,-1,1
1596860,9,42,-1,-1,2
1587044,44,42,-1,-1,2
1582500,44,50,-1,-1,7
1597222,36,47,-1,-1,0
1596974,21,34,-1,-1,4
1594286,12,14,-1,-1,0
1595427,51,21,-1,-1,7
1598092,49,54,-1,-1,2
1597186,1,43,-1,-1,4
1589340,20,19,-1,-1,6
1596379,52,16,-1,-1,5
1595613,23,9,-1,-1,1
1596112,20,27,-1,-1,5
1584046,18,19,-1,-1,7
1595741,12,53,-1,-1,6
1593802,33,30,-1,-1,3
1596481,24,55,-1,-1,5
1588484,44,44,-1,-1,7
1597337,4,21,-1,-1,4
1593536,60,34,-1,-1,2
1597773,50,21,-1,-1,2
1590838,51,22,-1,-1,5
1590289,0,15,-1,-1,0
1597633,61,0,-1,-1,1
1597655,27,50,-1,-1,3
1594797,8,25,-1,-1,0
1592899,3,9,-1,-1,7
1594243,53,52,-1,-1,3
1578689,27,61,-1,-1,1
1597201,41,35,-1,-1,1
1596267,11,34,-1,-1,0
1590862,44,36,-1,-1,6
1598023,26,53,-1,-1,0
1597792,61,41,-1,-1,6
1596292,56,29,-1,-1,5
1594052,0,40,-1,-1,1
1594130,39,25,-1,-1,6
1597146,16,22,-1,-1,0
1595239,16,48,-1,-1,4
1591863,35,20,-1,-1,0
1587807,13,42,-1,-1,3
1597647,58,23,-1,-1,7
1591106,9,39,-1,-1,5
1589517,15,8,-1,-1,2
1596633,36,35,-1,-1,4
1597085,12,34,-1,-1,3
1590302,7,27,-1,-1,4
1593387,43,34,-1,-1,7
1589399,3,47,-1,-1,1
1597367,32,57,-1,-1,2
1596824,48,48,-1,-1,3
1597001,51,20,-1,-1,2
1590857,28,57,-1,-1,2
1596403,39,35,-1,-1,5
1588012,5,51,-1,-1,5
1596514,51,57,-1,-1,7
1595133,4,23,-1,-1,0
1598082,47,27,-1,-1,7
1597844,4,60,-1,-1,5
1597232,37,11,-1,-1,6
1597972,46,38,-1,-1,0
1597116,59,43,-1,-1,6
1596523,24,28,-1,-1,0
1595140,1,21,-1,-1,6
1597923,41,43,-1,-1,2
1596340,51,11,-1,-1,4
1595564,15,58,-1,-1,3
1597757,33,37,-1,-1,1
1597735,59,37,-1,-1,3
1594700,33,22,-1,-1,0
1597640,47,35,-1,-1,4
1596191,22,47,-1,-1,3
1593424,30,26,-1,-1,5
1595555,5,57,-1,-1,0
1588157,33,25,-1,-1,4
1597768,45,22,-1,-1,1
1594537,39,1,-1,-1,6
1575749,57,11,-1,-1,1
1596780,27,46,-1,-1,2
1586568,27,40,-1,-1,3
1593972,29,27,-1,-1,2
1594935,57,61,-1,-1,7
1589852,42,57,-1,-1,3
1595695,25,51,-1,-1,1
1592462,15,4,-1,-1,7
1594768,18,9,-1,-1,3
1593290,22,13,-1,-1,0
1587932,38,34,-1,-1,0
1596548,31,18,-1,-1,3
1587608,5,54,-1,-1,4
1597965,48,61,-1,-1,2
1594964,55,51,-1,-1,3
1595080,2,11,-1,-1,6
1591974,44,12,-1,-1,4
1590502,17,24,-1,-1,3
1594839,11,7,-1,-1,3
1598014,2,28,-1,-1,6
1595354,6,57,-1,-1,3
1597172,38,53,-1,-1,1
1593905,11,13,-1,-1,1
1595823,23,24,-1,-1,7
1594931,22,45,-1,-1,7
1594848,25,50,-1,-1,5
1597992,8,48,-1,-1,3
1597009,60,54,-1,-1,6
1594038,39,59,-1,-1,0
1590789,14,32,-1,-1,1
1597848,12,43,-1,-1,3
1591784,56,35,-1,-1,6
1597885,9,35,-1,-1,3
1592902,17,53,-1,-1,6
1596973,0,23,-1,-1,6
1593535,1,25,-1,-1,4
1593283,14,52,-1,-1,0
1592733,52,52,-1,-1,0
1598125,12,36,-1,-1,6
1596602,32,27,-1,-1,3
1598067,49,27,-1,-1,0
1594845,6,50,-1,-1,3
1585429,48,55,-1,-1,2
1589689,60,26,-1,-1,6
1584664,31,7,-1,-1,0
1593583,39,33,-1,-1,3
1597549,40,42,-1,-1,3
1592321,52,0,-1,-1,0
1597231,43,4,-1,-1,1
1594064,9,49,-1,-1,7
1593930,42,37,-1,-1,1
1596983,20,16,-1,-1,2
1593330,8,31,-1,-1,1
1595410,31,13,-1,-1,7
1596542,46,32,-1,-1,0
1596023,10,32,-1,-1,1
1594773,21,7,-1,-1,6
1591744,55,32,-1,-1,6
1598140,32,35,-1,-1,6
1580093,1,1,-1,-1,2
1592329,45,52,-1,-1,2
1597598,5,29,-1,-1,5
1595662,19,29,-1,-1,7
1598100,7,16,-1,-1,6
1596723,56,46,-1,-1,7
1597590,12,49,-1,-1,4
1591643,35,30,-1,-1,1
1585840,40,54,-1,-1,6
1597863,46,40,-1,-1,5
1597717,0,41,-1,-1,4
1596658,4,0,-1,-1,6
1596818,35,37,-1,-1,2
1597624,52,60,-1,-1,5
1594004,46,12,-1,-1,4
1589941,20,39,-1,-1,3
1596598,59,44,-1,-1,3
1594455,50,12,-1,-1,7
1585601,35,49,-1,-1,7
1592580,56,45,-1,-1,1
1594659,34,27,-1,-1,3
1597450,22,19,-1,-1,6
1597498,18,10,-1,-1,0
1597535,57,54,-1,-1,1
1597458,55,21,-1,-1,3
1596779,11,59,-1,-1,0
1587219,35,22,-1,-1,4
1593687,38,36,-1,-1,4
1597682,17,21,-1,-1,1
1598074,10,5,-1,-1,3
1590451,24,34,-1,-1,3
1597748,11,4,-1,-1,6
1579942,56,31,-1,-1,2
1596266,32,46,-1,-1,3
1592676,21,40,-1,-1,2
1581837,36,49,-1,-1,6
1594611,36,21,-1,-1,7
1595368,16,60,-1,-1,6
1585793,37,19,-1,-1,5
1592632,40,32,-1,-1,3
1596656,17,8,-1,-1,7
1595178,59,13,-1,-1,5
1591751,38,27,-1,-1,1
1597607,21,35,-1,-1,7
1597093,9,45,-1,-1,3
1597351,33,23,-1,-1,0
1596092,46,55,-1,-1,4
1595273,6,19,-1,-1,0
1593982,9,60,-1,-1,4
1596582,43,60,-1,-1,0
1596194,44,18,-1,-1,3
1597164,20,55,-1,-1,7
1594116,60,51,-1,-1,7
1597697,42,48,-1,-1,6
1592668,36,34,-1,-1,1
1595168,6,44,-1,-1,1
1598142,15,45,-1,-1,6
1594569,55,48,-1,-1,0
1597032,55,40,-1,-1,0
1586449,61,23,-1,-1,5
1584596,7,12,-1,-1,6
1590177,28,1,-1,-1,2
1593698,13,46,-1,-1,7
1598076,33,1,-1,-1,2
1596220,56,47,-1,-1,3
1595948,52,27,-1,-1,6
1595591,35,3,-1,-1,2
1594489,2,4,-1,-1,4
1595648,19,50,-1,-1,5
1594660,37,24,-1,-1,5
1596371,6,41,-1,-1,3
1593868,10,44,-1,-1,2
1596945,54,26,-1,-1,6
1597071,40,27,-1,-1,5
1593281,40,40,-1,-1,4
1596235,47,29,-1,-1,5
1595808,45,17,-1,-1,4
1594272,30,33,-1,-1,6
1596135,57,58,-1,-1,0
1585472,19,40,-1,-1,3
1594644,58,43,-1,-1,7
1596525,20,37,-1,-1,4
1596577,40,6,-1,-1,7
1596139,55,12,-1,-1,7
1595856,21,47,-1,-1,4
1594557,4,34,-1,-1,6
1596203,35,26,-1,-1,2
1589157,25,41,-1,-1,7
1597375,58,35,-1,-1,2
1596762,23,11,-1,-1,6
1598095,40,35,-1,-1,0
1595684,45,47,-1,-1,2
1596828,36,8,-1,-1,0
1580740,55,14,-1,-1,4
1595642,15,10,-1,-1,4
1597635,19,54,-1,-1,5
1594965,57,33,-1,-1,0
1597202,6,58,-1,-1,1
1597345,46,16,-1,-1,2
1595711,38,9,-1,-1,4
1582613,11,46,-1,-1,0
1596527,35,25,-1,-1,4
1595375,54,40,-1,-1,6
1593135,56,57,-1,-1,0
1595379,58,24,-1,-1,2
1595238,40,11,-1,-1,4
1597137,41,14,-1,-1,5
1597952,0,31,-1,-1,3
1597802,57,0,-1,-1,5
1596461,31,17,-1,-1,3
1597896,0,13,-1,-1,1
1591130,25,56,-1,-1,3
1594792,39,51,-1,-1,6
1588526,21,4,-1,-1,5
1596157,51,56,-1,-1,5
1597941,33,52,-1,-1,3
1596308,60,43,-1,-1,4
1594986,39,11,-1,-1,6
1596539,49,14,-1,-1,7
1595355,52,33,-1,-1,3
1596040,36,2,-1,-1,7
1597841,29,55,-1,-1,6
1597229,41,26,-1,-1,4
1598046,32,30,-1,-1,2
1592009,13,40,-1,-1,2
1597893,12,60,-1,-1,0
1593683,26,47,-1,-1,7
1597657,24,9,-1,-1,3
1596511,11,14,-1,-1,0
1588512,39,21,-1,-1,7
1587237,27,30,-1,-1,6
1594271,30,4,-1,-1,3
1597759,18,48,-1,-1,0
1593694,5,25,-1,-1,6
1589433,16,9,-1,-1,4
1596552,35,29,-1,-1,1
1594377,3,35,-1,-1,7
1590748,14,47,-1,-1,3
1586576,0,47,-1,-1,0
1592769,6,17,-1,-1,5
1596387,18,35,-1,-1,6
1592905,44,8,-1,-1,1
1589822,61,3,-1,-1,4
1588958,27,57,-1,-1,5
1595444,41,49,-1,-1,0
1597429,31,53,-1,-1,3
1595222,34,0,-1,-1,0
1595256,32,61,-1,-1,6
1597002,38,12,-1,-1,3
1595200,52,25,-1,-1,1
1593500,58,16,-1,-1,2
1597812,22,44,-1,-1,4
1594974,49,13,-1,-1,2
1592259,29,33,-1,-1,7
1590481,61,46,-1,-1,3
1592525,2,23,-1,-1,4
1597910,37,44,-1,-1,2
1597136,57,43,-1,-1,7
1596116,26,24,-1,-1,6
1597112,32,51,-1,-1,6
1590400,29,5,-1,-1,3
1596141,36,27,-1,-1,7
1595962,28,0,-1,-1,6
1592827,29,38,-1,-1,5
1597476,12,51,-1,-1,2
1589115,24,3,-1,-1,1
1597142,2,7,-1,-1,1
1594246,26,38,-1,-1,4
1596033,30,5,-1,-1,6
1595124,14,59,-1,-1,5
1591923,51,35,-1,-1,1
1595094,54,2,-1,-1,6
1597628,61,45,-1,-1,4
1590239,37,27,-1,-1,6
1592664,33,35,-1,-1,4
1594552,55,3,-1,-1,7
1595396,0,29,-1,-1,2
1595107,18,22,-1,-1,6
1589271,52,26,-1,-1,4
1579347,13,21,-1,-1,5
1595161,48,18,-1,-1,7
1594707,26,6,-1,-1,6
1595425,33,26,-1,-1,5
1597364,24,42,-1,-1,2
1596102,1,26,-1,-1,0
1595397,29,12,-1,-1,7
1597877,43,53,-1,-1,3
1594782,43,36,-1,-1,7
1597169,60,23,-1,-1,0
1597998,50,53,-1,-1,6
1591497,48,15,-1,-1,4
1589999,57,34,-1,-1,0
1597051,38,19,-1,-1,7
1596669,22,57,-1,-1,3
1596427,23,41,-1,-1,4
1594599,53,22,-1,-1,5
1596168,30,35,-1,-1,0
1589220,60,28,-1,-1,0
1592629,26,49,-1,-1,5
1591348,51,45,-1,-1,5
1594086,36,36,-1,-1,2
1597284,31,42,-1,-1,4
1589794,37,46,-1,-1,3
1597109,18,43,-1,-1,0
1592225,42,38,-1,-1,7
1597028,41,47,-1,-1,3
1593728,9,17,-1,-1,1
1591924,12,0,-1,-1,5
1589994,54,42,-1,-1,7
1593666,30,42,-1,-1,2
1593916,19,16,-1,-1,1
1590331,24,8,-1,-1,2
1597567,38,40,-1,-1,0
1597668,42,6,-1,-1,0
1597312,38,7,-1,-1,3
1597360,19,19,-1,-1,7
1595575,38,50,-1,-1,0
1594226,30,54,-1,-1,0
1597852,18,4,-1,-1,1
1598077,39,45,-1,-1,0
1597911,31,24,-1,-1,0
1595837,43,39,-1,-1,0
1595446,16,23,-1,-1,4
1592624,41,34,-1,-1,5
1596568,9,13,-1,-1,3
1592845,44,38,-1,-1,1
1597783,29,7,-1,-1,4
1585336,14,49,-1,-1,2
1597178,32,60,-1,-1,2
1598064,50,29,-1,-1,3
1593793,60,39,-1,-1,7
1592842,34,50,-1,-1,6
1593249,54,3,-1,-1,1
1593417,8,29,-1,-1,7
1586656,8,17,-1,-1,5
1597190,44,34,-1,-1,4
1596415,31,29,-1,-1,0
1596876,22,20,-1,-1,4
1587449,42,61,-1,-1,5
1597859,6,5,-1,-1,0
1596538,22,8,-1,-1,6
1597376,53,54,-1,-1,1
1596682,40,51,-1,-1,0
1597882,42,22,-1,-1,2
1587230,52,10,-1,-1,1
1596149,60,49,-1,-1,5
1596749,37,37,-1,-1,5
1592963,41,11,-1,-1,2
1597159,11,17,-1,-1,2
1591275,8,42,-1,-1,3
1596248,50,42,-1,-1,2
1597181,52,54,-1,-1,2
1594169,35,45,-1,-1,0
1592217,38,8,-1,-1,4
1598065,46,48,-1,-1,4
1597422,34,8,-1,-1,2
1594583,30,52,-1,-1,2
1597386,58,32,-1,-1,5
1594103,36,7,-1,-1,4
1589154,31,2,-1,-1,5
1596113,56,17,-1,-1,3
1597499,55,16,-1,-1,1
1596938,23,15,-1,-1,5
1596012,10,42,-1,-1,3
1593285,27,7,-1,-1,0
1593642,1,7,-1,-1,6
1593813,0,50,-1,-1,2
1595084,48,19,-1,-1,7
1597994,25,60,-1,-1,6
1591037,61,35,-1,-1,7
1591140,37,5,-1,-1,7
1587345,42,43,-1,-1,5
1595210,41,8,-1,-1,7
1582702,34,12,-1,-1,4
1594959,48,35,-1,-1,0
1591450,23,42,-1,-1,4
1594850,30,7,-1,-1,6
1594663,59,4,-1,-1,2
1597052,17,51,-1,-1,1
1591351,27,60,-1,-1,1
1596953,7,47,-1,-1,5
1597358,25,52,-1,-1,3
1596199,55,47,-1,-1,2
1597200,42,25,-1,-1,6
1594261,60,30,-1,-1,5
1596457,49,28,-1,-1,1
1594269,19,5,-1,-1,3
1590216,5,18,-1,-1,2
1593064,43,52,-1,-1,5
1595625,28,59,-1,-1,6
1596997,61,36,-1,-1,4
1595460,37,43,-1,-1,5
1597495,53,30,-1,-1,6
1585415,58,8,-1,-1,7
1581704,21,46,-1,-1,1
1591572,13,23,-1,-1,6
1582209,55,59,-1,-1,3
1594028,14,31,-1,-1,3
1595685,22,25,-1,-1,6
1594642,46,17,-1,-1,0
1592473,41,18,-1,-1,6
1595681,46,47,-1,-1,1
1598084,55,18,-1,-1,7
1588438,26,51,-1,-1,7
1596296,20,3,-1,-1,4
1585715,0,32,-1,-1,2
1583549,12,9,-1,-1,0
1590925,32,9,-1,-1,7
1597842,14,15,-1,-1,4
1593250,8,0,-1,-1,7
1595055,54,60,-1,-1,2
1596944,32,2,-1,-1,0
1590344,47,23,-1,-1,3
1590383,61,8,-1,-1,5
1585410,41,16,-1,-1,1
1592247,40,2,-1,-1,4
1592007,38,2,-1,-1,3
1594173,39,7,-1,-1,5
1596965,25,38,-1,-1,6
1597445,8,59,-1,-1,0
1597380,41,5,-1,-1,0
1595658,28,42,-1,-1,1
1597899,47,54,-1,-1,2
1597307,45,19,-1,-1,5
1596795,46,51,-1,-1,0
1596392,0,43,-1,-1,6
1596599,41,57,-1,-1,5
1597460,6,60,-1,-1,0
1595649,0,16,-1,-1,4
1596750,19,17,-1,-1,0
1590942,46,59,-1,-1,3
1596428,18,8,-1,-1,1
1595228,4,17,-1,-1,1
1593808,59,47,-1,-1,5
1594187,8,38,-1,-1,6
1597544,31,55,-1,-1,3
1592633,48,34,-1,-1,2
1590868,58,12,-1,-1,2
1594954,11,2,-1,-1,0
1593765,15,27,-1,-1,0
1595796,40,9,-1,-1,6
1597907,24,31,-1,-1,5
1593577,9,26,-1,-1,3
1595943,28,40,-1,-1,0
1597809,41,21,-1,-1,5
1597568,12,33,-1,-1,3
1597626,36,19,-1,-1,5
1597772,7,36,-1,-1,5
1594435,10,47,-1,-1,0
1597959,15,50,-1,-1,6
1592171,25,59,-1,-1,3
1594177,60,45,-1,-1,1
1597779,12,8,-1,-1,4
1593814,50,44,-1,-1,3
1594302,18,38,-1,-1,2
1590190,24,52,-1,-1,0
1587496,41,1,-1,-1,5
1594017,36,32,-1,-1,0
1595571,30,17,-1,-1,1
1597154,44,55,-1,-1,4
1589101,47,46,-1,-1,1
1590386,45,61,-1,-1,0
1590761,58,33,-1,-1,1
1596312,17,9,-1,-1,4
1587860,36,44,-1,-1,5
1596339,43,31,-1,-1,1
1597076,50,35,-1,-1,4
1597917,19,33,-1,-1,5
1592027,51,1,-1,-1,4
1588766,10,34,-1,-1,3
1596927,13,15,-1,-1,6
1596922,49,1,-1,-1,6
1597823,48,53,-1,-1,7
1594120,9,18,-1,-1,1
1582673,30,41,-1,-1,5
1592424,40,16,-1,-1,6
1590550,16,24,-1,-1,7
1591681,10,14,-1,-1,1
1596103,16,2,-1,-1,3
1590694,57,36,-1,-1,4
1585850,56,20,-1,-1,3
1593951,21,54,-1,-1,7
1597806,52,14,-1,-1,4
1597383,43,5,-1,-1,7
1589741,61,44,-1,-1,5
1597492,42,14,-1,-1,7
1595635,25,28,-1,-1,3
1597259,61,53,-1,-1,0
1597702,15,13,-1,-1,1
1595654,24,2,-1,-1,5
1593758,20,60,-1,-1,1
1595067,1,54,-1,-1,7
1593227,46,45,-1,-1,5
1593586,29,16,-1,-1,6
1592369,12,3,-1,-1,4
1597310,23,2,-1,-1,5
1594252,26,9,-1,-1,1
1597410,43,28,-1,-1,6
1593840,3,26,-1,-1,0
1596510,51,16,-1,-1,5
1597357,25,6,-1,-1,2
1595961,3,3,-1,-1,7
1592176,44,35,-1,-1,6
1597766,8,54,-1,-1,0
1591464,57,47,-1,-1,1
1595813,54,7,-1,-1,7
1587735,39,38,-1,-1,7
1593053,2,29,-1,-1,0
1592377,10,40,-1,-1,4
1590422,17,40,-1,-1,1
1597973,55,41,-1,-1,2
1593512,15,61,-1,-1,5
1597144,40,24,-1,-1,4
1597203,60,55,-1,-1,2
1595714,11,32,-1,-1,1
1596237,59,23,-1,-1,0
1597242,49,15,-1,-1,2
1589415,53,28,-1,-1,0
1597167,33,28,-1,-1,1
1598086,11,3,-1,-1,5
1597847,54,36,-1,-1,0
1596668,56,32,-1,-1,0
1591705,54,37,-1,-1,2
1597522,35,12,-1,-1,6
1597487,35,55,-1,-1,5
1597055,57,14,-1,-1,1
1588219,0,8,-1,-1,4
1594079,58,11,-1,-1,3
1597551,49,52,-1,-1,2
1586000,30,13,-1,-1,3
1595621,45,49,-1,-1,2
1597879,35,39,-1,-1,5
1596160,22,12,-1,-1,7
1591867,21,9,-1,-1,0
1595634,18,34,-1,-1,3
1596910,50,20,-1,-1,6
1596515,9,11,-1,-1,6
1597924,1,36,-1,-1,6
1592986,43,11,-1,-1,5
1590859,44,20,-1,-1,3
1591299,42,46,-1,-1,4
1591621,47,55,-1,-1,2
1594093,14,20,-1,-1,6
1595068,34,53,-1,-1,0
1594886,8,49,-1,-1,7
1598059,33,56,-1,-1,1
1595174,10,6,-1,-1,6
1596719,30,48,-1,-1,7
1597473,28,18,-1,-1,2
1593928,26,17,-1,-1,1
1595183,37,61,-1,-1,3
1594194,59,12,-1,-1,0
1596250,39,60,-1,-1,2
1596988,25,24,-1,-1,3
1597578,32,0,-1,-1,0
1596813,29,51,-1,-1,2
1597452,49,58,-1,-1,6
1595844,2,17,-1,-1,4
1596966,19,34,-1,-1,6
1596233,11,44,-1,-1,6
1596479,7,51,-1,-1,6
1589369,49,16,-1,-1,5
1595959,35,17,-1,-1,0
1596847,39,17,-1,-1,5
1593153,52,18,-1,-1,6
1593777,23,37,-1,-1,0
1597256,52,50,-1,-1,2
1589577,23,44,-1,-1,7
1596171,9,61,-1,-1,2
1597277,17,44,-1,-1,3
1597336,58,49,-1,-1,1
1596313,30,16,-1,-1,3
1594490,15,34,-1,-1,7
1598075,1,49,-1,-1,5
1597141,37,14,-1,-1,7
1591722,46,42,-1,-1,1
1595773,13,61,-1,-1,1
1589849,36,18,-1,-1,1
1591740,27,8,-1,-1,5
1596323,48,14,-1,-1,4
1597933,27,49,-1,-1,0
1588250,46,26,-1,-1,5
1595585,32,22,-1,-1,3
1595891,35,41,-1,-1,6
1588983,42,24,-1,-1,2
1597860,55,49,-1,-1,5
1592201,54,39,-1,-1,5
1591897,56,49,-1,-1,2
1595342,2,25,-1,-1,1
1592826,20,1,-1,-1,1
1592497,54,5,-1,-1,2
1592698,22,59,-1,-1,1
1597776,26,55,-1,-1,2
1596886,45,40,-1,-1,0
1596770,16,45,-1,-1,5
1591606,12,37,-1,-1,0
1595925,59,42,-1,-1,2
1594138,34,48,-1,-1,7
1586585,5,23,-1,-1,5
1595473,24,16,-1,-1,4
1595405,43,9,-1,-1,1
1591799,35,8,-1,-1,3
1595880,32,47,-1,-1,7
1595338,60,20,-1,-1,5
1592383,48,23,-1,-1,2
1590815,38,37,-1,-1,0
1597739,32,33,-1,-1,7
1595311,44,6,-1,-1,3
1581039,13,7,-1,-1,1
1593423,30,12,-1,-1,2
1597485,55,29,-1,-1,0
1582952,48,28,-1,-1,4
1594232,44,0,-1,-1,6
1595777,24,60,-1,-1,2
1597343,40,52,-1,-1,1
1587506,20,38,-1,-1,4
1596729,34,57,-1,-1,7
1597089,19,52,-1,-1,5
1592848,54,13,-1,-1,4
1593838,9,55,-1,-1,2
1596620,24,57,-1,-1,1
1590041,47,2,-1,-1,6
1597149,24,53,-1,-1,0
1594448,55,54,-1,-1,5
1594163,41,36,-1,-1,0
1598041,56,56,-1,-1,7
1597864,16,34,-1,-1,5
1597834,22,41,-1,-1,7
1591523,20,40,-1,-1,7
1596618,37,50,-1,-1,7
1596127,57,46,-1,-1,1
1593718,23,46,-1,-1,6
1596975,2,21,-1,-1,5
1596365,61,6,-1,-1,0
1594793,54,28,-1,-1,6
1596044,19,11,-1,-1,1
1596031,38,54,-1,-1,3
1591845,40,33,-1,-1,6
1584906,33,2,-1,-1,6
1590780,18,28,-1,-1,4
1583948,21,11,-1,-1,2
1597575,30,43,-1,-1,7
1596039,25,8,-1,-1,2
1588259,41,30,-1,-1,2
1594380,1,38,-1,-1,5
1591395,23,48,-1,-1,6
1595089,31,58,-1,-1,0
1594608,52,61,-1,-1,7
1596374,60,46,-1,-1,1
1596165,0,44,-1,-1,5
1592967,55,9,-1,-1,4
1594930,19,55,-1,-1,5
1597765,37,8,-1,-1,3
1597690,15,60,-1,-1,1
1594586,20,57,-1,-1,2
1593396,55,43,-1,-1,2
1587737,21,24,-1,-1,1
1597616,1,20,-1,-1,4
1597943,41,31,-1,-1,1
1594284,55,8,-1,-1,1
1597101,39,5,-1,-1,7
1596405,8,14,-1,-1,1
1590062,57,45,-1,-1,1
1591762,42,34,-1,-1,6
1595106,15,39,-1,-1,4
1597782,54,10,-1,-1,7
1596802,28,56,-1,-1,4
1593180,15,48,-1,-1,5
1596609,9,15,-1,-1,2
1593181,7,18,-1,-1,5
1590946,54,4,-1,-1,6
1592869,4,6,-1,-1,7
1589539,47,9,-1,-1,4
1597786,50,5,-1,-1,4
1589204,28,48,-1,-1,0
1592758,35,50,-1,-1,1
1587992,48,25,-1,-1,7
1595014,27,14,-1,-1,0
1593275,31,19,-1,-1,5
1596049,33,11,-1,-1,7
1586969,24,56,-1,-1,3
1593322,10,33,-1,-1,3
1596604,41,59,-1,-1,1
1597991,3,13,-1,-1,1
1594175,2,35,-1,-1,2
1597540,22,49,-1,-1,0
1596252,30,14,-1,-1,5
1589696,43,59,-1,-1,6
1591873,33,47,-1,-1,7
1589327,52,30,-1,-1,3
1594137,36,57,-1,-1,7
1596389,20,59,-1,-1,6
1587200,4,2,-1,-1,1
1596431,6,46,-1,-1,4
1585460,21,13,-1,-1,0
1596449,42,15,-1,-1,5
1592953,12,50,-1,-1,6
1597913,52,34,-1,-1,2
1597858,7,57,-1,-1,2
1595121,17,12,-1,-1,4
1594665,11,61,-1,-1,3
1582986,10,17,-1,-1,2
1591307,0,7,-1,-1,6
1593578,2,55,-1,-1,7
1591949,14,60,-1,-1,5
1597388,14,12,-1,-1,5
1597872,30,57,-1,-1,3
1598057,8,24,-1,-1,6
1597353,49,41,-1,-1,0
1597293,0,53,-1,-1,2
1594656,12,58,-1,-1,2
1594830,53,57,-1,-1,0
1597832,32,53,-1,-1,6
1593867,23,40,-1,-1,0
1593975,18,14,-1,-1,3
1597424,29,56,-1,-1,0
1589233,44,23,-1,-1,6
1588645,32,43,-1,-1,5
1596952,56,13,-1,-1,3
1593013,53,40,-1,-1,4
1585749,45,33,-1,-1,2
1596862,39,23,-1,-1,6
1597026,16,41,-1,-1,6
1595772,12,22,-1,-1,0
1597189,59,0,-1,-1,6
1590968,26,8,-1,-1,3
1592222,13,6,-1,-1,6
1594831,3,22,-1,-1,4
1591563,2,39,-1,-1,1
1594192,45,39,-1,-1,6
1597288,37,21,-1,-1,6
1597472,40,7,-1,-1,3
1590624,1,52,-1,-1,5
1595024,0,46,-1,-1,6
1596893,7,8,-1,-1,7
1591615,55,34,-1,-1,1
1593592,46,29,-1,-1,1
1591319,12,47,-1,-1,6
1596257,26,10,-1,-1,7
1587357,5,31,-1,-1,4
1597080,5,40,-1,-1,5
1593657,61,42,-1,-1,0
1588971,8,52,-1,-1,5
1594007,5,3,-1,-1,4
1595336,45,26,-1,-1,0
1587213,22,31,-1,-1,4
1597902,37,60,-1,-1,3
1586922,35,53,-1,-1,2
1593971,36,28,-1,-1,0
1596347,0,30,-1,-1,5
1594366,22,16,-1,-1,4
1596277,48,31,-1,-1,3
1595502,7,24,-1,-1,6
1597956,4,58,-1,-1,1
1582332,23,26,-1,-1,4
1598013,5,2,-1,-1,5
1596496,25,46,-1,-1,6
1586849,30,1,-1,-1,3
1589882,8,21,-1,-1,3
1594853,34,37,-1,-1,3
1596052,34,15,-1,-1,6
1596738,19,58,-1,-1,1
1595799,32,34,-1,-1,6
1597861,49,49,-1,-1,3
1596260,29,58,-1,-1,0
1593420,11,31,-1,-1,7
1594636,28,50,-1,-1,7
1591918,21,57,-1,-1,4
1596465,54,34,-1,-1,0
1597642,16,25,-1,-1,7
1591807,54,30,-1,-1,5
1596242,30,19,-1,-1,1
1590847,3,30,-1,-1,6
1593582,46,46,-1,-1,3
1592266,52,23,-1,-1,6
1595097,44,25,-1,-1,4
1596879,38,6,-1,-1,4
1597724,53,8,-1,-1,3
1596691,16,18,-1,-1,2
1594424,29,48,-1,-1,6
1594617,8,39,-1,-1,1
1598141,7,45,-1,-1,1
1593756,9,28,-1,-1,7
1597638,13,52,-1,-1,0
1595053,30,30,-1,-1,3
1597751,17,23,-1,-1,6
1597875,2,9,-1,-1,3
1589422,20,24,-1,-1,2
1597221,41,7,-1,-1,0
1593204,61,16,-1,-1,4
1596998,38,20,-1,-1,4
1594808,54,11,-1,-1,5
1597683,38,41,-1,-1,7
1589703,59,49,-1,-1,0
1590884,37,52,-1,-1,3
1592759,33,9,-1,-1,1
1592255,32,48,-1,-1,7
1595026,47,3,-1,-1,5
1598105,15,33,-1,-1,2
1597246,30,11,-1,-1,3
1589307,14,28,-1,-1,6
1596672,44,32,-1,-1,1
1596707,13,12,-1,-1,2
1596261,5,32,-1,-1,4
1596018,33,33,-1,-1,3
1586700,34,13,-1,-1,0
1577019,25,4,-1,-1,5
1597629,48,22,-1,-1,6
1598037,35,34,-1,-1,1
1595382,59,55,-1,-1,6
1593858,53,45,-1,-1,3
1597656,39,8,-1,-1,3
1595855,14,56,-1,-1,7
1590428,17,30,-1,-1,6
1587733,47,12,-1,-1,1
1588589,10,7,-1,-1,7
1596174,20,12,-1,-1,2
1595740,27,34,-1,-1,6
1595929,14,54,-1,-1,1
1593331,21,56,-1,-1,0
1597641,10,31,-1,-1,3
1597041,54,16,-1,-1,6
1592103,21,26,-1,-1,4
1589497,39,6,-1,-1,4
1597340,12,5,-1,-1,2
1595508,9,22,-1,-1,2
1589106,27,26,-1,-1,4
1590391,47,25,-1,-1,6
1593297,6,4,-1,-1,7
1593828,11,23,-1,-1,2
1595738,48,29,-1,-1,1
1594099,49,20,-1,-1,1
1595450,15,51,-1,-1,7
1596193,26,52,-1,-1,6
1595488,47,20,-1,-1,4
1594901,42,5,-1,-1,0
1594689,12,6,-1,-1,0
1597932,33,46,-1,-1,5
1597781,54,29,-1,-1,0
1597939,45,58,-1,-1,3
1597208,40,23,-1,-1,3
1597387,56,40,-1,-1,5
1593102,36,30,-1,-1,5
1596471,57,40,-1,-1,2
1594789,36,61,-1,-1,2
1596105,60,48,-1,-1,1
1595757,9,36,-1,-1,1
1594102,58,30,-1,-1,6
1581802,48,33,-1,-1,4
1590819,53,24,-1,-1,4
1588084,57,28,-1,-1,5
1596665,12,41,-1,-1,5
1591900,21,52,-1,-1,4
1597709,3,50,-1,-1,2
1597857,2,48,-1,-1,5
1594729,58,52,-1,-1,2
1590652,27,37,-1,-1,3
1597068,28,49,-1,-1,3
1592245,21,18,-1,-1,0
1589753,25,58,-1,-1,5
1594434,41,6,-1,-1,1
1591261,34,43,-1,-1,5
1596045,2,8,-1,-1,0
1597275,33,44,-1,-1,7
1597816,4,42,-1,-1,6
1583140,43,3,-1,-1,5
1596328,30,47,-1,-1,4
1590762,39,24,-1,-1,0
1592226,45,1,-1,-1,3
1594311,18,58,-1,-1,4
1583875,10,61,-1,-1,3
1597368,61,38,-1,-1,4
1596445,6,9,-1,-1,4
1594766,18,59,-1,-1,5
1597481,28,24,-1,-1,6
1597206,46,2,-1,-1,3
1592257,23,21,-1,-1,5
1593505,27,56,-1,-1,1
1590983,56,15,-1,-1,3
1592814,44,46,-1,-1,0
1597928,27,53,-1,-1,4
1597349,23,10,-1,-1,6
1597174,53,43,-1,-1,6
1597505,42,40,-1,-1,0
1595805,18,47,-1,-1,3
1596976,39,19,-1,-1,4
1587175,24,5,-1,-1,0
1596065,3,48,-1,-1,7
1596050,1,10,-1,-1,7
1597379,49,12,-1,-1,3
1597955,40,18,-1,-1,6
1596823,27,16,-1,-1,7
1595290,3,56,-1,-1,5
1594462,2,34,-1,-1,7
1594250,25,37,-1,-1,5
1597609,53,42,-1,-1,3
1595537,17,54,-1,-1,5
1596485,44,54,-1,-1,0
1596519,37,35,-1,-1,4
1596289,26,4,-1,-1,6
1589579,17,36,-1,-1,4
1596771,42,51,-1,-1,1
1597014,24,7,-1,-1,5
1590684,6,10,-1,-1,6
1593646,25,35,-1,-1,4
1591110,38,29,-1,-1,7
1592779,13,48,-1,-1,2
1590046,27,28,-1,-1,5
1595941,23,61,-1,-1,3
1596152,17,25,-1,-1,4
1585596,44,27,-1,-1,1
1597561,18,16,-1,-1,7
1597892,40,0,-1,-1,2
1596978,10,22,-1,-1,7
1595702,8,43,-1,-1,0
1597600,2,13,-1,-1,3
1593302,12,31,-1,-1,1
1595431,31,6,-1,-1,2
1596499,51,18,-1,-1,6
1594816,5,30,-1,-1,7
1589396,22,10,-1,-1,7
1596543,2,40,-1,-1,1
1595665,32,31,-1,-1,1
1596731,22,4,-1,-1,6
1595945,28,41,-1,-1,1
1590142,54,43,-1,-1,3
1592499,38,39,-1,-1,7
1595667,26,0,-1,-1,7
1597663,41,39,-1,-1,7
1590883,13,37,-1,-1,5
1589713,30,53,-1,-1,6
1596697,23,19,-1,-1,3
1597308,29,31,-1,-1,3
1597614,21,17,-1,-1,5
1598009,13,9,-1,-1,5
1575669,28,10,-1,-1,3
1594795,49,37,-1,-1,3
1598109,48,45,-1,-1,5
1593856,20,23,-1,-1,4
1594778,40,19,-1,-1,4
1591826,31,0,-1,-1,5
1594587,57,60,-1,-1,7
1596472,9,29,-1,-1,0
1596376,48,16,-1,-1,7
1597593,20,41,-1,-1,1
1597789,11,11,-1,-1,2
1594314,22,53,-1,-1,7
1597862,18,50,-1,-1,2
1584291,19,38,-1,-1,5
1596460,2,57,-1,-1,5
1593457,47,38,-1,-1,1
1581890,15,41,-1,-1,3
1588801,20,29,-1,-1,0
1596957,1,4,-1,-1,7
1598080,32,26,-1,-1,2
1597887,6,3,-1,-1,7
1595850,49,45,-1,-1,1
1593216,18,41,-1,-1,5
1594480,46,0,-1,-1,5
1593949,34,44,-1,-1,1
1595870,53,33,-1,-1,2
1595554,4,54,-1,-1,4
1593923,4,48,-1,-1,3
1593190,5,9,-1,-1,1
1590096,27,32,-1,-1,0
1594734,52,20,-1,-1,3
1596782,47,31,-1,-1,1
1597140,26,27,-1,-1,1
1586142,13,34,-1,-1,0
1594682,12,26,-1,-1,2
1597881,22,34,-1,-1,2
1595197,55,61,-1,-1,2
1581447,45,20,-1,-1,5
1596215,47,44,-1,-1,2
1598094,18,13,-1,-1,3
1598034,47,22,-1,-1,6
1593959,15,29,-1,-1,5
1592831,54,35,-1,-1,3
1594538,57,22,-1,-1,2
1596812,20,4,-1,-1,5
1597138,46,27,-1,-1,5
1596423,22,46,-1,-1,3
1597574,4,39,-1,-1,0
1590245,50,6,-1,-1,1
1596210,39,34,-1,-1,0
1596380,58,4,-1,-1,1
1596172,46,24,-1,-1,2
1593141,11,39,-1,-1,7
1590299,4,20,-1,-1,2
1588782,14,26,-1,-1,5
1596299,1,0,-1,-1,3
1597573,37,13,-1,-1,7
1596992,7,17,-1,-1,4
1598111,46,5,-1,-1,4
1595756,15,14,-1,-1,5
1593169,20,50,-1,-1,7
1593969,13,31,-1,-1,7
1594523,37,28,-1,-1,5
1596231,3,4,-1,-1,2
1596792,52,39,-1,-1,0
1596946,3,57,-1,-1,7
1596115,59,15,-1,-1,4
1596416,39,58,-1,-1,1
1592306,31,52,-1,-1,5
1597235,15,11,-1,-1,6
1592284,27,47,-1,-1,1
1594613,38,18,-1,-1,1
1589190,6,53,-1,-1,1
1574068,45,29,-1,-1,4
1586968,4,38,-1,-1,4
1595017,29,30,-1,-1,2
1596241,26,48,-1,-1,0
1596737,14,39,-1,-1,2
1596450,19,0,-1,-1,0
1589455,13,50,-1,-1,0
1593427,52,17,-1,-1,3
1594812,30,49,-1,-1,1
1590964,14,34,-1,-1,5
1596746,47,28,-1,-1,1
1596670,37,17,-1,-1,2
1593138,55,11,-1,-1,6
1595671,41,41,-1,-1,7
1595910,11,27,-1,-1,6
1594321,30,44,-1,-1,5
1593293,58,2,-1,-1,6
1598043,24,23,-1,-1,1
1594426,27,18,-1,-1,7
1589078,44,10,-1,-1,6
1596643,24,0,-1,-1,3
1596858,16,44,-1,-1,3
1595862,22,37,-1,-1,0
1594051,2,2,-1,-1,1
1588291,43,33,-1,-1,6
1595722,55,35,-1,-1,1
1596421,44,52,-1,-1,2
1595272,24,29,-1,-1,4
1593303,10,27,-1,-1,2
1593603,20,48,-1,-1,2
1597672,40,46,-1,-1,5
1595404,51,30,-1,-1,1
1597515,13,29,-1,-1,6
1595680,17,39,-1,-1,2
1595632,47,26,-1,-1,0
1596396,61,34,-1,-1,4
1594854,4,14,-1,-1,7
1598139,44,47,-1,-1,2
1593709,51,7,-1,-1,3
1596509,12,18,-1,-1,7
1595868,48,0,-1,-1,0
1597130,50,0,-1,-1,3
1595990,4,5,-1,-1,2
1589900,40,44,-1,-1,2
1596663,17,47,-1,-1,1
1596615,21,51,-1,-1,3
1581520,60,56,-1,-1,6
1597315,55,17,-1,-1,0
1595832,16,3,-1,-1,1
1593318,60,21,-1,-1,3
1596201,59,39,-1,-1,2
1594863,15,46,-1,-1,4
1598002,25,11,-1,-1,4
1594485,12,15,-1,-1,4
1585888,7,41,-1,-1,7
1597519,39,31,-1,-1,5
1597790,1,41,-1,-1,5
1596940,33,32,-1,-1,6
1596776,60,13,-1,-1,7
1592857,52,3,-1,-1,0
1585331,22,24,-1,-1,3
1597196,3,49,-1,-1,4
1594892,4,41,-1,-1,7
1595476,1,32,-1,-1,0
1596254,41,3,-1,-1,1
1594899,36,13,-1,-1,5
1594474,3,0,-1,-1,6
1596433,11,53,-1,-1,6
1597061,42,44,-1,-1,5
1596062,55,55,-1,-1,1
1589437,2,1,-1,-1,1
1596797,38,5,-1,-1,4
1593739,50,28,-1,-1,4
1591561,48,1,-1,-1,2
1595752,20,14,-1,-1,5
1597542,22,32,-1,-1,7
1592263,21,16,-1,-1,1
1588578,1,37,-1,-1,0
1593258,1,55,-1,-1,5
1594717,13,35,-1,-1,0
1590049,22,18,-1,-1,6
1593046,17,32,-1,-1,6
1586663,44,26,-1,-1,6
1597532,58,0,-1,-1,7
1595867,17,15,-1,-1,6
1590901,23,30,-1,-1,0
1593677,50,25,-1,-1,5
1597198,15,18,-1,-1,5
1593898,58,6,-1,-1,1
1594277,18,61,-1,-1,6
1593568,29,4,-1,-1,4
1594915,38,15,-1,-1,0
1586809,21,37,-1,-1,7
1595443,16,4,-1,-1,3
1594354,43,51,-1,-1,3
1596474,24,41,-1,-1,0
1590705,9,32,-1,-1,1
1587827,52,7,-1,-1,7
1594113,23,0,-1,-1,3
1596791,44,30,-1,-1,1
1596058,23,23,-1,-1,2
1595358,57,39,-1,-1,2
1597938,45,38,-1,-1,7
1589246,13,25,-1,-1,2
1597927,15,23,-1,-1,6
1596918,49,24,-1,-1,4
1594176,52,47,-1,-1,6
1598110,10,55,-1,-1,2
1597156,38,14,-1,-1,5
1587479,31,57,-1,-1,0
1594290,39,26,-1,-1,1
1588550,10,4,-1,-1,0
1596354,4,44,-1,-1,2
1597585,44,48,-1,-1,7
1595884,51,52,-1,-1,0
1596316,39,18,-1,-1,7
1595803,49,0,-1,-1,4
1597919,1,57,-1,-1,1
1597871,20,44,-1,-1,1
1591328,47,57,-1,-1,1
1596534,24,17,-1,-1,2
1596051,60,11,-1,-1,4
1596290,3,51,-1,-1,5
1587814,17,42,-1,-1,7
1596648,3,54,-1,-1,0
1595441,8,53,-1,-1,0
1595211,56,8,-1,-1,7
1597830,56,18,-1,-1,5
1594254,57,6,-1,-1,6
1597961,45,9,-1,-1,5
1591469,60,18,-1,-1,6
1595970,39,55,-1,-1,5
1597435,47,1,-1,-1,4
1594714,23,58,-1,-1,6
1594486,60,33,-1,-1,6
1597878,45,25,-1,-1,2
1589141,55,5,-1,-1,0
1598079,52,45,-1,-1,6
1593786,23,17,-1,-1,3
1596962,48,26,-1,-1,4
1579276,31,50,-1,-1,5
1596212,31,38,-1,-1,3
1597763,2,60,-1,-1,4
1595015,56,21,-1,-1,4
1596343,35,36,-1,-1,1
1595265,47,32,-1,-1,5
1595988,11,24,-1,-1,0
1596661,14,58,-1,-1,0
1596714,57,21,-1,-1,2
1593681,1,18,-1,-1,3
1597462,5,26,-1,-1,4
1596781,45,24,-1,-1,6
1595623,19,14,-1,-1,1
1584454,14,46,-1,-1,4
1596418,4,10,-1,-1,2
1597468,31,30,-1,-1,4
1596492,38,10,-1,-1,2
1593712,38,22,-1,-1,1
1596368,35,33,-1,-1,1
1596854,45,12,-1,-1,7
1597914,54,15,-1,-1,0
1596724,37,58,-1,-1,2
1591445,31,44,-1,-1,0
1594584,24,38,-1,-1,6
1597831,7,43,-1,-1,2
1590227,18,20,-1,-1,5
1593286,1,58,-1,-1,3
1591996,58,44,-1,-1,3
1597303,26,19,-1,-1,1
1588719,0,51,-1,-1,2
1597516,17,57,-1,-1,7
1594487,10,60,-1,-1,1
1596085,17,1,-1,-1,4
1597249,5,36,-1,-1,7
1593614,22,36,-1,-1,0
1584363,10,35,-1,-1,0
1597908,31,41,-1,-1,1
1595778,58,18,-1,-1,7
1592945,41,37,-1,-1,6
1597605,45,18,-1,-1,3
1593710,43,45,-1,-1,7
1593634,28,61,-1,-1,5
1596121,47,60,-1,-1,4
1594657,32,40,-1,-1,7
1597440,39,37,-1,-1,4
1591431,27,2,-1,-1,4
1597716,39,36,-1,-1,3
1598001,13,10,-1,-1,0
1595896,17,28,-1,-1,3
1597884,2,32,-1,-1,0
1592943,58,56,-1,-1,0
1595458,6,13,-1,-1,4
1595833,16,33,-1,-1,6
1596209,29,60,-1,-1,5
1596278,9,12,-1,-1,3
1593706,51,28,-1,-1,5
1597718,50,14,-1,-1,7
1597394,43,24,-1,-1,7
1596960,31,36,-1,-1,1
1597361,35,19,-1,-1,2
1597984,53,56,-1,-1,6
1597073,26,37,-1,-1,6
1597372,59,51,-1,-1,7
1597416,11,40,-1,-1,6
1595691,50,34,-1,-1,1
1598022,32,45,-1,-1,6
1594353,58,59,-1,-1,1
1593221,33,14,-1,-1,4
1595860,1,17,-1,-1,0
1597180,34,60,-1,-1,7
1594736,26,18,-1,-1,3
1591699,27,21,-1,-1,7
1588560,43,40,-1,-1,1
1593849,11,52,-1,-1,2
1596516,13,30,-1,-1,2
1589086,48,56,-1,-1,6
1596840,26,31,-1,-1,4
1596056,35,28,-1,-1,1
1593370,26,21,-1,-1,5
1596964,5,38,-1,-1,6
1594705,22,3,-1,-1,0
1597390,54,24,-1,-1,6
1593358,61,10,-1,-1,1
1594798,6,56,-1,-1,3
1593879,50,27,-1,-1,6
1596826,42,1,-1,-1,6
1597981,11,54,-1,-1,0
1595399,42,29,-1,-1,4
1597798,31,16,-1,-1,3
1597826,46,60,-1,-1,5
1597705,2,43,-1,-1,2
1596357,13,39,-1,-1,0
1592858,54,22,-1,-1,1
1594951,37,2,-1,-1,6
1596768,15,52,-1,-1,1
1594677,13,17,-1,-1,3
1595259,9,58,-1,-1,0
1593191,0,42,-1,-1,2
1594214,52,57,-1,-1,5
1593209,17,31,-1,-1,1
1591877,5,15,-1,-1,5
1594324,28,3,-1,-1,1
1596060,7,46,-1,-1,2
1589509,5,14,-1,-1,7
1597092,31,60,-1,-1,7
1597058,26,34,-1,-1,4
1589208,56,34,-1,-1,0
1597957,11,50,-1,-1,7
1595641,25,22,-1,-1,0
1594846,21,3,-1,-1,6
1598071,57,12,-1,-1,2
1597031,18,37,-1,-1,3
1588741,24,27,-1,-1,1
1597123,61,59,-1,-1,0
1595365,0,34,-1,-1,7
1597214,52,22,-1,-1,4
1593574,31,35,-1,-1,6
1594825,3,36,-1,-1,1
1595483,7,50,-1,-1,0
1594800,37,18,-1,-1,5
1589197,28,6,-1,-1,5
1597151,36,53,-1,-1,3
1584780,3,14,-1,-1,2
1596522,13,45,-1,-1,7
1597411,34,11,-1,-1,5
1597384,57,18,-1,-1,5
1597266,30,61,-1,-1,2
1587390,36,55,-1,-1,1
1596596,32,24,-1,-1,0
1594712,56,5,-1,-1,3
1596654,10,15,-1,-1,7
1592884,0,27,-1,-1,5
1592283,21,5,-1,-1,3
1592824,30,25,-1,-1,5
1596008,17,41,-1,-1,4
1589616,37,55,-1,-1,4
1594134,59,27,-1,-1,2
1594666,30,50,-1,-1,6
1596362,24,1,-1,-1,7
1593492,59,3,-1,-1,1
1595077,0,38,-1,-1,0
1595165,37,56,-1,-1,4
1597930,38,56,-1,-1,6
1591170,39,12,-1,-1,0
1593884,17,50,-1,-1,6
1597260,11,60,-1,-1,4
1592258,38,46,-1,-1,6
1598055,0,18,-1,-1,5
1594285,49,46,-1,-1,4
1595758,43,19,-1,-1,6
1590380,10,43,-1,-1,1
1593219,59,32,-1,-1,7
1596766,38,25,-1,-1,2
1594378,8,55,-1,-1,6
1595601,27,11,-1,-1,0
1593061,50,61,-1,-1,6
1579217,41,22,-1,-1,7
1596451,52,58,-1,-1,6
1593317,32,17,-1,-1,7
1596736,35,51,-1,-1,4
1594536,53,23,-1,-1,5
1596686,18,15,-1,-1,0
1597530,56,51,-1,-1,6
1594016,53,25,-1,-1,3
1597157,60,27,-1,-1,7
1593733,13,56,-1,-1,0
1590371,8,32,-1,-1,2
1593704,39,4,-1,-1,0
1592438,42,4,-1,-1,7
1591250,19,8,-1,-1,6
1597754,37,26,-1,-1,7
1596932,56,58,-1,-1,4
1597704,19,32,-1,-1,1
1595918,16,39,-1,-1,3
1591820,31,43,-1,-1,5
1593917,13,36,-1,-1,6
1597547,49,21,-1,-1,4
1589588,33,20,-1,-1,7
1595751,7,32,-1,-1,4
1595348,27,42,-1,-1,2
1594562,29,34,-1,-1,2
1596904,21,60,-1,-1,3
1594255,42,58,-1,-1,3
1593425,33,0,-1,-1,3
1594456,44,2,-1,-1,7
1596874,46,33,-1,-1,4
1591907,47,41,-1,-1,1
1581284,34,31,-1,-1,7
1595471,6,42,-1,-1,6
1592933,11,38,-1,-1,7
1597188,20,56,-1,-1,3
1596994,9,37,-1,-1,4
1595039,21,0,-1,-1,6
1596619,55,58,-1,-1,6
1596709,49,43,-1,-1,7
1592995,12,21,-1,-1,3
1597559,27,36,-1,-1,0
1597050,36,14,-1,-1,6
1598104,21,32,-1,-1,4
1595843,40,31,-1,-1,3
1591539,12,13,-1,-1,7
1595602,7,5,-1,-1,2
1597999,5,19,-1,-1,5
1595141,1,53,-1,-1,3
1596567,21,6,-1,-1,2
1596373,21,15,-1,-1,6
1590680,2,16,-1,-1,1
1591313,36,31,-1,-1,4
1597814,3,28,-1,-1,7
1597273,53,51,-1,-1,5
1597526,55,10,-1,-1,0
1595957,1,50,-1,-1,6
1597027,5,46,-1,-1,1
1597837,44,31,-1,-1,4
1597309,8,45,-1,-1,0
1595028,28,52,-1,-1,4
1596042,19,60,-1,-1,2
1597730,16,16,-1,-1,3
1595655,60,40,-1,-1,4
1596345,19,53,-1,-1,1
1594735,28,4,-1,-1,5
1595495,25,32,-1,-1,7
1597408,30,31,-1,-1,0
1591335,51,4,-1,-1,1
1596695,23,27,-1,-1,7
1597297,34,3,-1,-1,6
1592380,56,12,-1,-1,5
1595761,42,56,-1,-1,1
1595469,18,54,-1,-1,6
1593455,52,9,-1,-1,4
1595207,29,52,-1,-1,5
1595424,41,55,-1,-1,0
1597317,15,1,-1,-1,6
1593004,50,49,-1,-1,2
1595176,15,54,-1,-1,1
1595027,41,38,-1,-1,2
1597405,22,55,-1,-1,4
1596933,52,51,-1,-1,2
1594105,1,6,-1,-1,0
1591059,7,52,-1,-1,2
1595687,14,10,-1,-1,6
1594731,1,22,-1,-1,2
1597428,56,43,-1,-1,7
1595329,43,13,-1,-1,4
1593469,4,7,-1,-1,2
1594021,51,47,-1,-1,3
1583503,10,53,-1,-1,7
1597953,29,26,-1,-1,5
1598025,5,13,-1,-1,0
1596808,51,53,-1,-1,4
1586165,28,27,-1,-1,1
1597799,24,13,-1,-1,6
1596155,14,29,-1,-1,5
1584281,41,33,-1,-1,4
1597491,40,45,-1,-1,5
1596807,6,24,-1,-1,6
1589308,51,51,-1,-1,1
1597874,4,59,-1,-1,5
1595439,61,17,-1,-1,4
1597114,59,56,-1,-1,5
1597412,18,45,-1,-1,2
1593446,5,43,-1,-1,6
1596574,29,2,-1,-1,2
1588143,51,43,-1,-1,1
1591737,24,44,-1,-1,6
1593673,19,28,-1,-1,3
1593721,61,50,-1,-1,3
1590711,38,35,-1,-1,0
1595506,16,17,-1,-1,2
1597125,4,13,-1,-1,4
1586146,33,18,-1,-1,6
1592573,45,34,-1,-1,4
1596625,40,4,-1,-1,4
1596559,45,36,-1,-1,6
1596867,11,19,-1,-1,6
1598060,24,19,-1,-1,1
1596395,59,7,-1,-1,5
1596360,42,54,-1,-1,2
1588260,30,9,-1,-1,5
1591892,13,16,-1,-1,7
1593437,26,42,-1,-1,3
1595919,32,20,-1,-1,1
1597576,14,8,-1,-1,2
1597819,42,52,-1,-1,2
1594687,29,18,-1,-1,1
1594893,46,35,-1,-1,3
1597403,13,2,-1,-1,0
1594475,50,15,-1,-1,5
1588474,49,31,-1,-1,0
1584971,54,9,-1,-1,0
1596832,20,2,-1,-1,3
1590707,47,21,-1,-1,5
1595528,53,61,-1,-1,3
1595723,15,49,-1,-1,0
1593841,19,35,-1,-1,3
1594256,16,46,-1,-1,1
1592101,26,35,-1,-1,7
1591542,17,35,-1,-1,0
1597000,42,7,-1,-1,2
1597546,14,3,-1,-1,6
1598033,23,36,-1,-1,1
1596569,42,36,-1,-1,6
1593997,1,30,-1,-1,5
1584713,5,12,-1,-1,0
1595547,7,29,-1,-1,6
1591562,33,38,-1,-1,7
1595986,24,10,-1,-1,5
1597117,34,54,-1,-1,2
1594293,59,45,-1,-1,7
1595320,31,25,-1,-1,7
1591266,0,54,-1,-1,3
1597437,12,4,-1,-1,2
1596985,10,45,-1,-1,0
1596271,29,53,-1,-1,2
1594444,4,27,-1,-1,1
1595337,14,23,-1,-1,4
1592440,37,23,-1,-1,7
1595904,46,7,-1,-1,5
1586182,6,32,-1,-1,0
1594633,30,37,-1,-1,7
1596546,58,9,-1,-1,6
1594867,12,27,-1,-1,4
1595646,53,55,-1,-1,1
1595330,31,5,-1,-1,1
1594903,19,4,-1,-1,7
1597856,11,15,-1,-1,5
1588658,43,14,-1,-1,3
1592522,44,1,-1,-1,4
1588680,48,37,-1,-1,6
1593852,40,50,-1,-1,4
1596630,37,45,-1,-1,3
1598090,26,11,-1,-1,1
1596884,19,39,-1,-1,7
1595445,36,15,-1,-1,1
1592333,20,34,-1,-1,1
1597592,9,56,-1,-1,4
1591859,60,32,-1,-1,5
1597660,19,43,-1,-1,0
1595995,43,35,-1,-1,0
1592754,5,53,-1,-1,7
1593620,41,20,-1,-1,3
1596182,33,31,-1,-1,3
1594539,45,28,-1,-1,2
1597419,53,39,-1,-1,4
1594412,20,17,-1,-1,3
1596394,15,19,-1,-1,5
1595541,40,34,-1,-1,1
1595783,12,38,-1,-1,4
1597168,59,33,-1,-1,7
1597962,8,57,-1,-1,5
1588531,34,59,-1,-1,6
1597280,27,51,-1,-1,4
1596383,26,7,-1,-1,3
1592486,35,21,-1,-1,4
1594684,14,25,-1,-1,2
1596758,21,53,-1,-1,0
1595633,19,30,-1,-1,7
1594218,42,0,-1,-1,4
1594010,35,31,-1,-1,5
1596227,40,28,-1,-1,7
1597362,58,51,-1,-1,5
1598063,51,33,-1,-1,2
1595933,8,6,-1,-1,5
1594952,53,12,-1,-1,5
1594494,10,1,-1,-1,4
1585164,28,39,-1,-1,4
1590126,0,11,-1,-1,7
1593820,35,59,-1,-1,6
1594963,16,58,-1,-1,0
1597251,54,18,-1,-1,2
1594074,51,39,-1,-1,0
1594691,58,17,-1,-1,7
1590805,5,5,-1,-1,4
1597191,22,17,-1,-1,5
1596140,15,9,-1,-1,2
1595947,10,30,-1,-1,7
1592250,17,34,-1,-1,0
1587319,36,3,-1,-1,7
1585941,24,36,-1,-1,2
1597294,30,51,-1,-1,0
1596167,11,8,-1,-1,6
1597252,6,23,-1,-1,7
1596554,13,60,-1,-1,0
1593435,11,43,-1,-1,4
1597838,7,21,-1,-1,2
1595614,28,60,-1,-1,6
1598003,29,29,-1,-1,0
1591127,20,54,-1,-1,7
1598131,16,56,-1,-1,1
1591993,12,16,-1,-1,3
1596589,3,32,-1,-1,6
1593365,23,51,-1,-1,6
1597620,57,27,-1,-1,4
1595151,32,41,-1,-1,3
1590012,20,32,-1,-1,3
1595280,41,40,-1,-1,0
1594400,18,27,-1,-1,1
1595205,13,0,-1,-1,5
1598018,4,55,-1,-1,0
1593695,22,35,-1,-1,4
1593806,51,17,-1,-1,0
1596763,20,46,-1,-1,1
1597448,19,13,-1,-1,0
1594934,19,12,-1,-1,7
1597651,59,24,-1,-1,3
1587491,34,41,-1,-1,0
1596793,23,59,-1,-1,5
1589378,15,30,-1,-1,6
1597993,23,54,-1,-1,4
1597604,9,57,-1,-1,4
1592219,6,48,-1,-1,6
1589236,0,10,-1,-1,7
1594532,45,54,-1,-1,0
1593921,47,8,-1,-1,3
1597788,4,19,-1,-1,1
1596838,57,32,-1,-1,5
1595153,40,37,-1,-1,4
1591406,51,8,-1,-1,3
1595341,35,23,-1,-1,0
1593713,16,15,-1,-1,1
1595713,58,3,-1,-1,7
1597760,50,39,-1,-1,4
1595964,44,51,-1,-1,6
1591656,37,36,-1,-1,6
1589263,33,6,-1,-1,6
1595034,29,36,-1,-1,7
1597565,10,51,-1,-1,1
1593963,14,4,-1,-1,5
1584027,21,8,-1,-1,5
1597217,49,25,-1,-1,6
1596710,9,30,-1,-1,5
1597091,59,60,-1,-1,5
1595942,18,17,-1,-1,2
1591225,38,13,-1,-1,7
1597909,29,17,-1,-1,2
1597497,43,10,-1,-1,7
1596247,20,53,-1,-1,2
1596358,50,59,-1,-1,0
1596829,0,39,-1,-1,7
1595086,15,21,-1,-1,6
1595992,1,27,-1,-1,1
1595477,43,32,-1,-1,1
1592132,49,32,-1,-1,5
1596688,33,4,-1,-1,7
1598083,4,1,-1,-1,2
1597713,42,17,-1,-1,4
1592714,61,52,-1,-1,3
1597921,41,54,-1,-1,4
1596701,13,32,-1,-1,4
1595503,1,61,-1,-1,1
1594544,24,58,-1,-1,5
1594050,27,9,-1,-1,2
1597758,21,14,-1,-1,6
1594728,42,21,-1,-1,3
1595848,59,28,-1,-1,3
1593668,14,45,-1,-1,5
1595817,21,27,-1,-1,6
1594857,47,16,-1,-1,3
1597755,6,39,-1,-1,1
1596130,0,6,-1,-1,3
1584813,51,49,-1,-1,6
1597534,26,41,-1,-1,3
1597509,1,48,-1,-1,7
1592003,41,45,-1,-1,5
1597891,21,12,-1,-1,3
1595716,19,49,-1,-1,0
1598096,27,27,-1,-1,4
1596586,46,39,-1,-1,4
1594709,20,9,-1,-1,6
1595413,5,45,-1,-1,4
1597334,35,38,-1,-1,7
1596029,1,42,-1,-1,5
1597441,19,21,-1,-1,7
1595889,43,15,-1,-1,5
1592517,18,60,-1,-1,7
1597054,21,45,-1,-1,4
1596132,59,1,-1,-1,5
1596814,50,32,-1,-1,0
1594543,32,3,-1,-1,6
1593601,15,43,-1,-1,0
1595669,46,36,-1,-1,4
1598097,10,49,-1,-1,4
1594747,36,56,-1,-1,2
1590809,17,16,-1,-1,7
1597677,17,18,-1,-1,7
1588982,39,39,-1,-1,1
1596279,29,14,-1,-1,4
1596336,34,21,-1,-1,7
1593906,20,51,-1,-1,5
1597775,2,14,-1,-1,4
1589545,59,40,-1,-1,3
1596284,11,26,-1,-1,6
1585743,1,28,-1,-1,3
1597982,60,29,-1,-1,5
1597106,58,5,-1,-1,1
1596728,52,29,-1,-1,1
1592750,59,21,-1,-1,1
1592975,30,15,-1,-1,1
1596375,42,45,-1,-1,1
1596934,57,9,-1,-1,0
1587173,60,35,-1,-1,6
1597808,58,39,-1,-1,1
1594351,34,19,-1,-1,5
1591874,14,13,-1,-1,5
1594180,41,28,-1,-1,4
1597128,36,45,-1,-1,3
1595861,25,34,-1,-1,0
1582655,24,22,-1,-1,5
1595511,40,60,-1,-1,0
1597276,9,59,-1,-1,1
1594340,30,18,-1,-1,7
1598101,32,16,-1,-1,0
1577022,56,54,-1,-1,5
1596126,43,25,-1,-1,2
1590718,4,56,-1,-1,7
1593701,39,30,-1,-1,2
1591374,4,43,-1,-1,1
1594603,56,38,-1,-1,4
1594167,19,1,-1,-1,3
1597131,47,14,-1,-1,5
1595373,39,47,-1,-1,2
1596841,44,59,-1,-1,4
1592511,7,26,-1,-1,6
1594796,52,41,-1,-1,3
1592156,3,44,-1,-1,2
1594975,30,38,-1,-1,4
1584164,29,23,-1,-1,6
1597022,43,2,-1,-1,1
1597566,40,49,-1,-1,2
1593171,29,22,-1,-1,6
1597187,44,45,-1,-1,6
1598130,6,33,-1,-1,3
1596936,14,41,-1,-1,0
1589698,18,51,-1,-1,7
1591518,17,11,-1,-1,7
1592701,61,27,-1,-1,3
1590498,53,53,-1,-1,6
1596816,22,6,-1,-1,3
1597517,18,23,-1,-1,7
1596645,22,38,-1,-1,1
1596424,49,4,-1,-1,7
1597236,15,47,-1,-1,5
1596843,39,48,-1,-1,2
1596508,57,13,-1,-1,6
1596810,56,9,-1,-1,7
1594683,37,34,-1,-1,7
1595913,52,56,-1,-1,6
1594060,53,26,-1,-1,4
1597003,23,50,-1,-1,3
1597501,27,43,-1,-1,0
1594834,7,60,-1,-1,2
1590654,7,15,-1,-1,3
1597807,42,42,-1,-1,6
1592838,16,10,-1,-1,7
1597518,48,41,-1,-1,3
1594730,51,54,-1,-1,0
1592111,6,6,-1,-1,4
1575840,12,42,-1,-1,4
1596653,39,22,-1,-1,0
1594594,56,27,-1,-1,5
1598031,46,50,-1,-1,0
1597767,55,46,-1,-1,1
1595886,54,48,-1,-1,3
1589467,25,5,-1,-1,7
1597352,13,38,-1,-1,2
1592687,8,28,-1,-1,7
1593484,1,51,-1,-1,5
1597637,28,23,-1,-1,1
1592164,20,5,-1,-1,4
1597197,60,52,-1,-1,7
1595701,61,40,-1,-1,4
1595620,8,44,-1,-1,5
1597107,46,34,-1,-1,4
1589798,42,26,-1,-1,0
1588979,61,2,-1,-1,6
1595700,51,10,-1,-1,5
1595683,37,7,-1,-1,4
1596504,38,59,-1,-1,0
1598024,2,27,-1,-1,6
1597720,61,58,-1,-1,1
1595791,16,8,-1,-1,1
1593371,56,41,-1,-1,7
1598008,32,10,-1,-1,7
1595300,37,40,-1,-1,1
1591423,38,23,-1,-1,7
1597681,44,28,-1,-1,4
1595734,46,6,-1,-1,7
1595244,42,9,-1,-1,4
1592421,24,25,-1,-1,4
1597484,30,8,-1,-1,0
1597400,45,7,-1,-1,6
1585845,9,5,-1,-1,4
1596600,56,28,-1,-1,3
1595147,0,25,-1,-1,4
1595705,55,38,-1,-1,3
1596329,44,61,-1,-1,3
1587789,1,31,-1,-1,0
1593088,19,47,-1,-1,7
1592642,38,51,-1,-1,3
1593223,22,39,-1,-1,6
1594509,28,7,-1,-1,1
1596756,22,51,-1,-1,3
1596088,11,56,-1,-1,1
1591315,44,7,-1,-1,3
1596025,6,2,-1,-1,5
1597426,15,56,-1,-1,4
1592822,4,22,-1,-1,5
1592209,37,38,-1,-1,0
1590104,58,50,-1,-1,3
1589953,22,52,-1,-1,1
1594507,32,29,-1,-1,1
1596748,29,41,-1,-1,2
1596683,45,14,-1,-1,6
1595994,38,30,-1,-1,2
1585586,40,13,-1,-1,4
1596727,28,9,-1,-1,6
1592705,46,3,-1,-1,1
1588952,53,18,-1,-1,5
1592405,14,2,-1,-1,2
1595746,30,20,-1,-1,6
1596825,55,24,-1,-1,1
1586135,43,56,-1,-1,6
1597155,1,47,-1,-1,7
1597255,30,58,-1,-1,3
1597523,34,38,-1,-1,5
1596930,15,42,-1,-1,2
1597986,31,11,-1,-1,0
1597511,48,40,-1,-1,1
1597762,50,45,-1,-1,7
1596764,33,29,-1,-1,1
1597804,18,55,-1,-1,0
1594453,40,26,-1,-1,3
1590833,48,59,-1,-1,6
1594356,50,36,-1,-1,1
1594270,53,7,-1,-1,5
1596014,35,58,-1,-1,4
1592997,61,29,-1,-1,4
1592353,50,13,-1,-1,4
1592445,49,23,-1,-1,0
1597049,3,55,-1,-1,4
1592773,49,42,-1,-1,3
1596657,2,10,-1,-1,7
1597649,35,0,-1,-1,2
1596580,42,47,-1,-1,6
1595536,43,48,-1,-1,3
1596718,33,51,-1,-1,7
1597612,13,51,-1,-1,7
1597743,27,31,-1,-1,1
1594956,45,21,-1,-1,1
1596214,36,29,-1,-1,6
1596317,57,48,-1,-1,4
1595203,34,56,-1,-1,3
1595603,17,61,-1,-1,5
1594817,49,40,-1,-1,3
1597300,5,49,-1,-1,3
1583913,52,2,-1,-1,3
1595381,31,10,-1,-1,4
1597179,49,38,-1,-1,0
1595327,24,33,-1,-1,6
1593558,48,47,-1,-1,7
1596335,34,9,-1,-1,5
1596911,16,19,-1,-1,4
1594510,7,59,-1,-1,2
1594813,42,60,-1,-1,5
1593875,21,42,-1,-1,3
1594592,8,9,-1,-1,7
1597554,19,22,-1,-1,6
1593048,1,19,-1,-1,5
1594022,9,14,-1,-1,0
1597490,26,14,-1,-1,1
1590254,0,26,-1,-1,2
1596480,25,13,-1,-1,4
1595096,60,9,-1,-1,1
1596888,60,31,-1,-1,0
1595103,32,21,-1,-1,6
1595186,29,54,-1,-1,7
1597828,19,56,-1,-1,4
1598038,41,56,-1,-1,4
1597988,21,31,-1,-1,5
1597378,33,7,-1,-1,0
1582612,10,25,-1,-1,5
1584379,13,14,-1,-1,5
1595637,4,29,-1,-1,2
1587907,29,21,-1,-1,0
1592774,30,21,-1,-1,5
1596772,43,47,-1,-1,2
1595940,25,2,-1,-1,4
1594581,45,59,-1,-1,5
1597296,52,12,-1,-1,4
1597020,11,30,-1,-1,3
1590478,6,51,-1,-1,6
1594658,58,34,-1,-1,5
1595374,4,12,-1,-1,7
1593510,43,49,-1,-1,2
1593282,12,55,-1,-1,0
1597571,36,50,-1,-1,7
1597409,44,13,-1,-1,2
1595567,20,20,-1,-1,6
1594900,58,38,-1,-1,1
1593995,59,2,-1,-1,1
1598085,29,10,-1,-1,5
1594498,48,49,-1,-1,2
1597254,50,33,-1,-1,6
1597636,57,49,-1,-1,6
1595351,0,36,-1,-1,0
1597922,59,19,-1,-1,2
1597520,59,26,-1,-1,7
1595181,54,6,-1,-1,4
1591964,53,20,-1,-1,7
1590011,19,46,-1,-1,6
1598020,49,61,-1,-1,4
1593436,48,57,-1,-1,3
1591727,50,57,-1,-1,2
1594559,51,31,-1,-1,1
1594409,53,31,-1,-1,5
1597728,42,55,-1,-1,3
1598026,11,28,-1,-1,7
1595343,50,10,-1,-1,3
1594238,47,13,-1,-1,5
1589403,36,25,-1,-1,6
1586504,11,36,-1,-1,7
1597644,31,47,-1,-1,7
1591235,10,28,-1,-1,2
1597934,23,60,-1,-1,1
1597665,55,6,-1,-1,7
1582486,33,58,-1,-1,7
1595448,49,17,-1,-1,2
1596030,10,54,-1,-1,5
1593518,24,48,-1,-1,2
1596188,18,31,-1,-1,7
1597165,18,21,-1,-1,2
1593584,23,3,-1,-1,1
1588604,40,15,-1,-1,0
1595859,43,46,-1,-1,5
1596708,37,9,-1,-1,1
1594833,54,45,-1,-1,7
1595540,55,7,-1,-1,5
1589815,56,7,-1,-1,4
1595786,19,3,-1,-1,5
1597225,59,61,-1,-1,1
1597880,43,6,-1,-1,2
1595250,33,45,-1,-1,0
1592704,42,59,-1,-1,5
1595985,19,24,-1,-1,4
1597494,51,44,-1,-1,7
1597163,13,27,-1,-1,5
1595289,0,57,-1,-1,6
1589027,43,1,-1,-1,7
1589773,31,32,-1,-1,0
1596022,46,44,-1,-1,4
1590861,57,57,-1,-1,2
1592743,18,3,-1,-1,1
1585204,18,56,-1,-1,3
1589247,54,27,-1,-1,5
1596853,23,20,-1,-1,4
1596507,25,14,-1,-1,4
1595421,34,55,-1,-1,7
1591764,18,1,-1,-1,5
1594239,8,11,-1,-1,0
1597890,52,5,-1,-1,6
1589843,13,4,-1,-1,6
1593720,50,47,-1,-1,3
1587754,59,57,-1,-1,0
1597098,11,1,-1,-1,5
1597344,40,21,-1,-1,3
1595704,42,20,-1,-1,5
1587734,40,58,-1,-1,6
1595593,12,10,-1,-1,6
1585005,5,55,-1,-1,3
1593945,45,32,-1,-1,0
1595628,15,38,-1,-1,7
1588479,41,0,-1,-1,5
1596667,54,33,-1,-1,3
1596303,53,37,-1,-1,5
1596732,19,51,-1,-1,5
1594970,41,2,-1,-1,6
1594520,42,23,-1,-1,7
1596326,58,22,-1,-1,4
1591282,60,37,-1,-1,5
1596989,0,5,-1,-1,3
1597625,47,61,-1,-1,3
1598010,10,21,-1,-1,2
1594127,18,7,-1,-1,2
1596251,27,6,-1,-1,7
1593348,3,60,-1,-1,4
1594618,13,5,-1,-1,2
1596287,53,44,-1,-1,4
1597974,8,1,-1,-1,6
1595561,3,42,-1,-1,3
1596775,21,10,-1,-1,7
1588873,14,11,-1,-1,0
1597985,20,36,-1,-1,7
1590947,21,22,-1,-1,3
1594997,34,40,-1,-1,2
1593288,9,2,-1,-1,3
1591134,39,14,-1,-1,4
1591063,27,0,-1,-1,0
1594578,46,15,-1,-1,7
1596026,8,15,-1,-1,6
1597175,23,33,-1,-1,1
1596555,53,27,-1,-1,1
1597162,48,32,-1,-1,5
1577297,44,4,-1,-1,6
1597018,48,11,-1,-1,6
1596796,60,1,-1,-1,0
1595043,51,0,-1,-1,2
1597631,34,46,-1,-1,1
1591957,28,25,-1,-1,5
1594621,37,4,-1,-1,2
1596095,4,61,-1,-1,0
1597272,45,2,-1,-1,7
1592134,4,35,-1,-1,1
1595310,19,37,-1,-1,6
1594042,54,57,-1,-1,0
1589585,40,5,-1,-1,6
1590569,9,3,-1,-1,7
1597261,60,8,-1,-1,4
1595993,52,19,-1,-1,1
1573946,17,43,-1,-1,2
1596363,28,14,-1,-1,0
1595935,37,20,-1,-1,2
1590255,2,24,-1,-1,5
1597780,34,24,-1,-1,5
1597671,28,31,-1,-1,5
1592479,31,56,-1,-1,1
1595006,43,20,-1,-1,2
1593919,45,11,-1,-1,5
1597029,57,19,-1,-1,7
1596268,46,61,-1,-1,3
1592561,49,48,-1,-1,2
1591142,7,10,-1,-1,1
1596740,35,4,-1,-1,5
1594083,23,29,-1,-1,4
1597843,14,55,-1,-1,4
1596306,8,26,-1,-1,2
1594615,10,23,-1,-1,7
1596923,13,41,-1,-1,2
1598072,0,56,-1,-1,0
1597686,58,15,-1,-1,1
1593764,61,47,-1,-1,7
1596556,24,26,-1,-1,2
1582238,56,33,-1,-1,7
1594428,30,32,-1,-1,6
1596584,50,9,-1,-1,2
1594534,61,37,-1,-1,4
1586989,19,41,-1,-1,3
1589423,19,59,-1,-1,5
1595363,59,14,-1,-1,1
1597727,34,10,-1,-1,2
1595997,61,21,-1,-1,6
1586188,37,22,-1,-1,2
1596101,9,0,-1,-1,0
1595454,1,12,-1,-1,3
1595965,49,36,-1,-1,1
1597971,19,2,-1,-1,1
1598056,44,37,-1,-1,4
1592961,14,61,-1,-1,1
1597920,60,25,-1,-1,4
1597139,60,0,-1,-1,0
1596612,44,58,-1,-1,6
1594894,31,12,-1,-1,2
1595798,10,12,-1,-1,6
1594039,49,2,-1,-1,5
1593349,30,34,-1,-1,2
1597915,29,42,-1,-1,6
1592189,41,23,-1,-1,1
1592233,19,26,-1,-1,7
1592331,38,16,-1,-1,3
1588562,18,12,-1,-1,5
1591062,5,61,-1,-1,3
1595730,9,19,-1,-1,3
1596844,57,53,-1,-1,1
1585456,58,21,-1,-1,2
1596991,58,60,-1,-1,2
1596138,53,46,-1,-1,5
1598019,13,44,-1,-1,2
1596148,10,59,-1,-1,5
1596641,1,39,-1,-1,0
1590322,33,41,-1,-1,7
1596384,25,9,-1,-1,2
1597870,23,16,-1,-1,6
1594756,49,50,-1,-1,2
1596581,54,47,-1,-1,5
1592312,61,55,-1,-1,5
1589100,46,14,-1,-1,1
1596675,23,6,-1,-1,1
1596544,34,33,-1,-1,5
1593034,33,43,-1,-1,3
1597833,22,42,-1,-1,4
1597995,32,55,-1,-1,7
1596468,28,35,-1,-1,2
1596759,46,1,-1,-1,0
1597434,55,22,-1,-1,6
1581830,28,55,-1,-1,5
1597538,0,2,-1,-1,5
1590622,40,61,-1,-1,2
1595944,49,57,-1,-1,0
1598049,46,31,-1,-1,3
1589124,5,22,-1,-1,4
1594940,40,12,-1,-1,5
1594909,13,3,-1,-1,5
1596027,22,22,-1,-1,7
1595241,57,31,-1,-1,7
1596448,25,53,-1,-1,6
1597325,20,7,-1,-1,5
1597062,44,33,-1,-1,2
1591217,24,49,-1,-1,1
1595442,3,43,-1,-1,1
1597346,41,19,-1,-1,0
1597703,41,29,-1,-1,4
1593478,29,20,-1,-1,1
1597588,17,60,-1,-1,6
1593165,52,28,-1,-1,5
1597583,45,27,-1,-1,0
1589806,50,41,-1,-1,5
1585070,17,2,-1,-1,6
1594273,37,1,-1,-1,0
1581614,57,4,-1,-1,5
1594913,3,12,-1,-1,1
1587162,35,56,-1,-1,6
1594852,24,54,-1,-1,6
1589036,15,32,-1,-1,7
1592181,55,31,-1,-1,6
1598015,40,10,-1,-1,7
1595890,37,57,-1,-1,2
1596198,26,13,-1,-1,4
1592128,22,2,-1,-1,5
1596870,56,2,-1,-1,5
1588710,55,53,-1,-1,3
1597791,37,31,-1,-1,7
1595271,58,54,-1,-1,1
1596463,17,20,-1,-1,0
1594805,58,61,-1,-1,3
1597710,49,18,-1,-1,6
1591828,10,2,-1,-1,3
1597989,12,52,-1,-1,4
1594632,26,32,-1,-1,1
1596610,3,37,-1,-1,4
1594746,41,25,-1,-1,4
1594098,3,39,-1,-1,6
1593280,33,19,-1,-1,2
1589743,5,52,-1,-1,4
1588116,14,7,-1,-1,6
1593934,47,49,-1,-1,2
1597979,2,46,-1,-1,6
1593675,47,30,-1,-1,1
1594358,43,50,-1,-1,2
1591277,32,28,-1,-1,4
1588367,23,14,-1,-1,0
1596993,36,22,-1,-1,2
1593768,61,5,-1,-1,2
1596716,24,59,-1,-1,1
1583984,45,5,-1,-1,6
1592913,20,42,-1,-1,4
1595607,12,59,-1,-1,3
1597947,38,47,-1,-1,2
1573950,26,29,-1,-1,2
1589358,59,6,-1,-1,0
1597295,41,44,-1,-1,6
1596071,53,21,-1,-1,6
1593623,20,10,-1,-1,3
1594399,58,58,-1,-1,6
1586417,31,45,-1,-1,6
1588150,24,61,-1,-1,2
1591390,49,26,-1,-1,4
1594593,36,17,-1,-1,4
1595914,2,3,-1,-1,7
1594157,29,46,-1,-1,5
1595049,54,50,-1,-1,0
1594266,9,7,-1,-1,3
1594128,56,48,-1,-1,2
1594675,27,12,-1,-1,6
1597587,45,48,-1,-1,4
1596652,26,1,-1,-1,3
1598045,23,1,-1,-1,7
1597692,4,11,-1,-1,2
1588929,38,21,-1,-1,4
1596070,28,43,-1,-1,6
1587234,14,40,-1,-1,7
1590645,14,48,-1,-1,3
1596752,45,44,-1,-1,6
1596743,27,1,-1,-1,3
1595398,28,11,-1,-1,6
1597513,24,20,-1,-1,4
1597330,8,41,-1,-1,2
1597219,32,1,-1,-1,2
1592844,46,54,-1,-1,7
1596181,13,53,-1,-1,4
1597070,12,23,-1,-1,1
1593605,21,23,-1,-1,6
1592555,54,49,-1,-1,5
1596678,42,33,-1,-1,4
1593143,30,23,-1,-1,4
1597414,5,50,-1,-1,4
1598000,17,5,-1,-1,7
1593176,28,44,-1,-1,4
1593860,38,42,-1,-1,6
1595057,53,13,-1,-1,4
1590444,61,30,-1,-1,2
1595087,41,9,-1,-1,4
1596175,36,54,-1,-1,3
1598054,34,22,-1,-1,1
1589221,15,5,-1,-1,6
1591454,45,31,-1,-1,0
1596909,53,58,-1,-1,5
1592402,24,21,-1,-1,4
1596834,61,43,-1,-1,4
1591416,36,42,-1,-1,5
1596914,52,53,-1,-1,2
1596984,13,20,-1,-1,3
1591013,2,15,-1,-1,0
1598040,10,37,-1,-1,3
1589379,33,34,-1,-1,5
1597539,47,6,-1,-1,4
1596563,7,7,-1,-1,7
1593100,51,40,-1,-1,2
1593525,6,35,-1,-1,1
1598143,9,25,-1,-1,2
