# org_id,org_cellx,org_celly,org_forage_target,org_group_id,org_facing
52295814,18,38,-1,-1,5
52297221,0,38,-1,-1,0
52299126,29,15,-1,-1,5
52296008,44,38,-1,-1,1
52298593,12,12,-1,-1,6
52295943,54,38,-1,-1,1
52298588,55,2,-1,-1,0
52299259,39,40,-1,-1,3
52295980,24,2,-1,-1,7
52296644,57,57,-1,-1,1
52298802,34,48,-1,-1,7
52298611,32,14,-1,-1,6
52293345,54,37,-1,-1,3
52298024,11,14,-1,-1,1
52299296,18,32,-1,-1,6
52298848,20,53,-1,-1,4
52297721,13,3,-1,-1,5
52298241,20,42,-1,-1,0
52297843,8,47,-1,-1,3
52296554,47,57,-1,-1,1
52299351,46,2,-1,-1,0
52294048,3,4,-1,-1,5
52299058,50,34,-1,-1,3
52292899,30,34,-1,-1,7
52295525,23,22,-1,-1,0
52299276,30,2,-1,-1,7
52298218,16,43,-1,-1,4
52297647,49,0,-1,-1,2
52297194,25,54,-1,-1,1
52296793,9,49,-1,-1,2
52294993,49,17,-1,-1,6
52299370,36,43,-1,-1,5
52297102,12,46,-1,-1,5
52296987,53,43,-1,-1,4
52294216,40,6,-1,-1,7
52297398,15,17,-1,-1,2
52291937,46,12,-1,-1,4
52292209,42,5,-1,-1,2
52293176,56,2,-1,-1,5
52271560,27,43,-1,-1,7
52295322,10,55,-1,-1,4
52291787,53,4,-1,-1,0
52294797,55,21,-1,-1,5
52298577,3,28,-1,-1,7
52293974,12,2,-1,-1,6
52298686,39,33,-1,-1,7
52296357,36,29,-1,-1,1
52295883,6,33,-1,-1,4
52291566,18,26,-1,-1,3
52295076,50,20,-1,-1,7
52289790,31,15,-1,-1,1
52299190,32,37,-1,-1,4
52296683,34,20,-1,-1,2
52298648,29,37,-1,-1,6
52259192,29,3,-1,-1,7
52298991,0,25,-1,-1,4
52297646,14,26,-1,-1,5
52299272,49,46,-1,-1,3
52296740,42,54,-1,-1,5
52298766,52,7,-1,-1,6
52298313,40,50,-1,-1,6
52297550,34,23,-1,-1,1
52298413,50,58,-1,-1,7
52295999,38,14,-1,-1,6
52296602,20,1,-1,-1,5
52298736,2,30,-1,-1,5
52297957,30,38,-1,-1,4
52299393,22,22,-1,-1,2
52292717,43,50,-1,-1,2
52292018,23,11,-1,-1,1
52296798,18,42,-1,-1,3
52285017,25,12,-1,-1,5
52299356,25,26,-1,-1,3
52295175,8,50,-1,-1,0
52297502,29,58,-1,-1,7
52292402,26,53,-1,-1,5
52299219,35,26,-1,-1,1
52296755,45,21,-1,-1,3
52296576,54,55,-1,-1,3
52298816,55,40,-1,-1,1
52294017,44,36,-1,-1,6
52295990,53,41,-1,-1,2
52291546,35,40,-1,-1,3
52299103,11,54,-1,-1,3
52296503,49,42,-1,-1,5
52296804,23,7,-1,-1,3
52299203,54,40,-1,-1,3
52296123,42,28,-1,-1,2
52298792,5,33,-1,-1,6
52295929,11,0,-1,-1,4
52297923,31,50,-1,-1,7
52298722,8,28,-1,-1,6
52291223,57,30,-1,-1,7
52298061,39,19,-1,-1,6
52294939,6,54,-1,-1,7
52295077,2,13,-1,-1,6
52299347,40,14,-1,-1,0
52296126,55,50,-1,-1,0
52298011,29,40,-1,-1,7
52295463,32,26,-1,-1,7
52293711,15,44,-1,-1,3
52299229,47,10,-1,-1,5
52294278,30,39,-1,-1,7
52298509,30,42,-1,-1,4
52296954,26,13,-1,-1,2
52289660,54,53,-1,-1,3
52298988,54,42,-1,-1,7
52299154,22,16,-1,-1,6
52298652,27,13,-1,-1,0
52295700,7,42,-1,-1,1
52297368,36,11,-1,-1,6
52292883,50,21,-1,-1,6
52299089,11,30,-1,-1,0
52294338,39,41,-1,-1,3
52298349,49,39,-1,-1,3
52299129,10,20,-1,-1,2
52295823,15,42,-1,-1,5
52298638,39,30,-1,-1,2
52299099,12,47,-1,-1,4
52298857,49,28,-1,-1,2
52298963,27,40,-1,-1,1
52297266,33,37,-1,-1,5
52295290,25,11,-1,-1,7
52295136,51,13,-1,-1,0
52298626,32,39,-1,-1,1
52293575,5,21,-1,-1,6
52298605,35,10,-1,-1,6
52296470,15,4,-1,-1,1
52296089,57,7,-1,-1,5
52298579,44,50,-1,-1,1
52296913,46,30,-1,-1,5
52299090,27,5,-1,-1,6
52296728,10,37,-1,-1,3
52290067,28,11,-1,-1,4
52298271,31,20,-1,-1,5
52295733,52,36,-1,-1,0
52292504,13,45,-1,-1,3
52296871,1,1,-1,-1,1
52296005,23,55,-1,-1,3
52298037,24,19,-1,-1,3
52296978,29,44,-1,-1,3
52299173,22,30,-1,-1,5
52296003,26,19,-1,-1,0
52289716,24,56,-1,-1,7
52290922,58,23,-1,-1,4
52294835,58,29,-1,-1,7
52295144,9,14,-1,-1,0
52289229,17,44,-1,-1,5
52298710,57,32,-1,-1,7
52297414,29,54,-1,-1,2
52298348,39,16,-1,-1,0
52293714,49,14,-1,-1,4
52287852,55,17,-1,-1,7
52292960,32,18,-1,-1,3
52298246,14,15,-1,-1,0
52298891,2,46,-1,-1,2
52297452,43,30,-1,-1,5
52296832,26,4,-1,-1,2
52292156,58,47,-1,-1,7
52295443,47,49,-1,-1,1
52299271,47,18,-1,-1,1
52290685,12,1,-1,-1,3
52298220,7,34,-1,-1,5
52298226,1,4,-1,-1,4
52299159,48,28,-1,-1,7
52296360,38,43,-1,-1,4
52298341,43,44,-1,-1,0
52299240,6,52,-1,-1,7
52297210,40,38,-1,-1,2
52293340,22,41,-1,-1,0
52295361,46,52,-1,-1,2
52298363,43,46,-1,-1,0
52282147,5,11,-1,-1,4
52296634,26,6,-1,-1,6
52299170,0,13,-1,-1,2
52299410,8,57,-1,-1,6
52298967,29,46,-1,-1,1
52297387,1,37,-1,-1,6
52297385,43,55,-1,-1,1
52298688,52,38,-1,-1,2
52281945,51,44,-1,-1,7
52296300,41,24,-1,-1,5
52294194,9,32,-1,-1,2
52288918,51,47,-1,-1,6
52295156,20,22,-1,-1,7
52297081,58,24,-1,-1,7
52293175,7,19,-1,-1,5
52298925,18,1,-1,-1,1
52296702,16,24,-1,-1,6
52281483,45,13,-1,-1,5
52298499,22,20,-1,-1,1
52297275,46,47,-1,-1,2
52292436,50,28,-1,-1,0
52298169,56,11,-1,-1,6
52297722,27,10,-1,-1,1
52244580,19,0,-1,-1,6
52297440,9,13,-1,-1,3
52297392,36,1,-1,-1,4
52295788,41,31,-1,-1,7
52292588,0,45,-1,-1,1
52298999,31,39,-1,-1,0
52298296,26,38,-1,-1,3
52299084,47,47,-1,-1,4
52298709,21,51,-1,-1,3
52297359,27,2,-1,-1,3
52296201,35,16,-1,-1,2
52293877,4,1,-1,-1,6
52278680,54,32,-1,-1,4
52297607,44,57,-1,-1,5
52297326,21,43,-1,-1,4
52295288,0,1,-1,-1,1
52295617,51,49,-1,-1,3
52288799,13,6,-1,-1,1
52296957,3,20,-1,-1,4
52290896,23,0,-1,-1,5
52298778,36,55,-1,-1,6
52296320,16,1,-1,-1,7
52298997,3,31,-1,-1,6
52294321,58,12,-1,-1,5
52279432,22,9,-1,-1,5
52298508,1,15,-1,-1,4
52290963,9,2,-1,-1,5
52295179,41,17,-1,-1,3
52285734,56,53,-1,-1,5
52296669,54,20,-1,-1,0
52298675,56,52,-1,-1,6
52296833,7,57,-1,-1,5
52284748,23,1,-1,-1,7
52299253,23,53,-1,-1,4
52292396,32,48,-1,-1,0
52298754,28,56,-1,-1,7
52298307,6,53,-1,-1,0
52284395,45,47,-1,-1,5
52299070,0,6,-1,-1,0
52296711,50,16,-1,-1,6
52297027,53,52,-1,-1,5
52297579,54,47,-1,-1,6
52292407,52,50,-1,-1,0
52294406,47,4,-1,-1,7
52293983,56,15,-1,-1,3
52290429,19,3,-1,-1,2
52297577,30,5,-1,-1,7
52292236,47,6,-1,-1,4
52298504,58,49,-1,-1,4
52299314,29,33,-1,-1,3
52294239,19,48,-1,-1,5
52297624,17,55,-1,-1,2
52297003,54,52,-1,-1,7
52290161,26,16,-1,-1,3
52297574,0,11,-1,-1,0
52298897,3,52,-1,-1,4
52298994,7,6,-1,-1,4
52297060,47,40,-1,-1,0
52287093,23,27,-1,-1,0
52293837,36,58,-1,-1,6
52298303,1,44,-1,-1,5
52294270,5,18,-1,-1,0
52298404,30,32,-1,-1,7
52297417,6,12,-1,-1,7
52296292,3,12,-1,-1,3
52298153,55,44,-1,-1,4
52299289,6,48,-1,-1,3
52298805,8,46,-1,-1,2
52297798,55,15,-1,-1,2
52296384,27,28,-1,-1,3
52292226,50,17,-1,-1,5
52293355,29,16,-1,-1,2
52289726,3,5,-1,-1,4
52298131,45,39,-1,-1,5
52289883,19,13,-1,-1,5
52297402,16,34,-1,-1,4
52276625,54,17,-1,-1,0
52297590,47,32,-1,-1,5
52288474,2,8,-1,-1,5
52296632,46,29,-1,-1,7
52297997,18,19,-1,-1,0
52294393,55,52,-1,-1,3
52279160,27,49,-1,-1,1
52296479,11,56,-1,-1,3
52297804,18,10,-1,-1,4
52293776,13,52,-1,-1,1
52299086,47,1,-1,-1,2
52297143,28,36,-1,-1,1
52298171,28,44,-1,-1,7
52291088,34,11,-1,-1,4
52298674,14,33,-1,-1,5
52290099,56,36,-1,-1,1
52293954,52,30,-1,-1,4
52285447,28,39,-1,-1,1
52293138,43,6,-1,-1,1
52298656,46,13,-1,-1,5
52296727,44,30,-1,-1,5
52298089,36,35,-1,-1,2
52296248,20,14,-1,-1,7
52292064,29,56,-1,-1,1
52298372,23,21,-1,-1,7
52297849,40,17,-1,-1,2
52298869,53,23,-1,-1,7
52296552,27,36,-1,-1,3
52296930,2,48,-1,-1,6
52297731,38,48,-1,-1,3
52298826,45,19,-1,-1,6
52298962,11,44,-1,-1,5
52296372,51,38,-1,-1,2
52298345,3,0,-1,-1,2
52297671,6,22,-1,-1,5
52296559,46,56,-1,-1,6
52296423,24,35,-1,-1,0
52298980,10,24,-1,-1,7
52299042,57,31,-1,-1,2
52294099,10,25,-1,-1,5
52297499,41,18,-1,-1,6
52297136,26,41,-1,-1,1
52299140,7,25,-1,-1,5
52298739,41,6,-1,-1,0
52299257,27,11,-1,-1,3
52296103,20,54,-1,-1,7
52293951,48,41,-1,-1,7
52299080,53,3,-1,-1,4
52299151,41,8,-1,-1,2
52297083,1,35,-1,-1,5
52290086,14,20,-1,-1,1
52298540,45,31,-1,-1,5
52298750,22,23,-1,-1,6
52295720,10,36,-1,-1,7
52296448,22,42,-1,-1,2
52298701,44,31,-1,-1,5
52296427,51,12,-1,-1,2
52299274,40,26,-1,-1,1
52296575,5,45,-1,-1,3
52296177,30,8,-1,-1,4
52293462,47,22,-1,-1,1
52290814,5,39,-1,-1,2
52297760,14,31,-1,-1,6
52293102,52,35,-1,-1,0
52287502,16,18,-1,-1,4
52294713,7,41,-1,-1,7
52265590,27,6,-1,-1,4
52295713,11,15,-1,-1,2
52293217,29,5,-1,-1,5
52288741,42,49,-1,-1,7
52293995,2,43,-1,-1,5
52297109,25,29,-1,-1,5
52294254,1,48,-1,-1,1
52298982,13,50,-1,-1,5
52285984,3,27,-1,-1,6
52299339,31,34,-1,-1,3
52295855,7,36,-1,-1,5
52297129,43,45,-1,-1,3
52291344,22,4,-1,-1,6
52298382,37,13,-1,-1,4
52294706,3,15,-1,-1,3
52299327,9,20,-1,-1,3
52277370,56,39,-1,-1,2
52298841,10,50,-1,-1,7
52295913,44,33,-1,-1,2
52284854,41,3,-1,-1,0
52299065,2,27,-1,-1,2
52297371,50,13,-1,-1,5
52299035,42,53,-1,-1,4
52292813,49,30,-1,-1,2
52298023,33,39,-1,-1,1
52296935,55,14,-1,-1,3
52298410,19,46,-1,-1,2
52298471,52,3,-1,-1,1
52298833,48,23,-1,-1,2
52298184,58,42,-1,-1,4
52297573,52,21,-1,-1,5
52297216,34,39,-1,-1,7
52295858,43,26,-1,-1,4
52295965,16,58,-1,-1,2
52281436,19,50,-1,-1,3
52295273,44,44,-1,-1,3
52297825,5,26,-1,-1,7
52293076,11,55,-1,-1,7
52296868,51,31,-1,-1,7
52299312,5,57,-1,-1,5
52298677,35,32,-1,-1,0
52296586,57,35,-1,-1,7
52296299,8,10,-1,-1,3
52297693,30,40,-1,-1,5
52292322,21,30,-1,-1,5
52297888,58,17,-1,-1,0
52291170,11,7,-1,-1,7
52293291,7,15,-1,-1,7
52295773,6,3,-1,-1,4
52294721,20,45,-1,-1,1
52292965,12,10,-1,-1,0
52298535,6,57,-1,-1,3
52299246,27,50,-1,-1,0
52291478,26,37,-1,-1,5
52294596,44,26,-1,-1,6
52299038,17,7,-1,-1,7
52294473,26,7,-1,-1,0
52297263,46,14,-1,-1,7
52294537,16,42,-1,-1,5
52292912,0,43,-1,-1,2
52296296,9,56,-1,-1,0
52297447,8,43,-1,-1,6
52292931,55,33,-1,-1,5
52299409,3,42,-1,-1,0
52295795,22,58,-1,-1,2
52299346,49,5,-1,-1,6
52298993,5,24,-1,-1,0
52293343,18,12,-1,-1,0
52299212,10,18,-1,-1,5
52295868,56,51,-1,-1,7
52287949,13,4,-1,-1,5
52295075,30,46,-1,-1,5
52296895,55,51,-1,-1,1
52294780,22,11,-1,-1,7
52289084,55,45,-1,-1,0
52297139,41,12,-1,-1,1
52298670,42,0,-1,-1,6
52298379,9,18,-1,-1,1
52294337,54,19,-1,-1,0
52295249,58,22,-1,-1,4
52291227,9,42,-1,-1,7
52298278,44,22,-1,-1,7
52298597,39,39,-1,-1,2
52296826,20,13,-1,-1,7
52296365,48,1,-1,-1,5
52297317,36,16,-1,-1,7
52293230,43,57,-1,-1,2
52296985,9,34,-1,-1,7
52295867,7,37,-1,-1,1
52299318,3,54,-1,-1,6
52295609,48,40,-1,-1,4
52295818,39,29,-1,-1,3
52296410,16,49,-1,-1,0
52296946,5,34,-1,-1,3
52299125,53,24,-1,-1,3
52299285,9,43,-1,-1,1
52290160,53,48,-1,-1,1
52297784,47,26,-1,-1,5
52295612,25,38,-1,-1,6
52295886,22,24,-1,-1,1
52279396,7,8,-1,-1,7
52298989,4,27,-1,-1,2
52298887,31,24,-1,-1,7
52298482,34,31,-1,-1,6
52284042,22,39,-1,-1,5
52299021,33,9,-1,-1,6
52298465,17,33,-1,-1,7
52295174,31,40,-1,-1,3
52297594,22,21,-1,-1,4
52297818,9,11,-1,-1,7
52293451,38,2,-1,-1,7
52296244,41,10,-1,-1,6
52287370,24,23,-1,-1,4
52298691,43,19,-1,-1,6
52299088,11,39,-1,-1,0
52281403,54,36,-1,-1,6
52297674,25,39,-1,-1,2
52293558,26,29,-1,-1,7
52287634,10,40,-1,-1,0
52297105,34,13,-1,-1,4
52293424,30,48,-1,-1,4
52297695,50,47,-1,-1,7
52299066,26,21,-1,-1,7
52297906,44,43,-1,-1,2
52292565,47,38,-1,-1,3
52297290,31,16,-1,-1,0
52299210,48,2,-1,-1,4
52299208,54,34,-1,-1,7
52299071,35,36,-1,-1,7
52284715,54,54,-1,-1,7
52297432,27,18,-1,-1,1
52296915,12,39,-1,-1,5
52292770,5,3,-1,-1,6
52274026,13,46,-1,-1,0
52289163,51,48,-1,-1,3
52293472,32,4,-1,-1,5
52297643,55,24,-1,-1,7
52295561,32,19,-1,-1,5
52289717,6,11,-1,-1,5
52298206,28,48,-1,-1,1
52297847,5,44,-1,-1,0
52295447,13,7,-1,-1,0
52297328,16,46,-1,-1,1
52298481,25,18,-1,-1,7
52297094,36,22,-1,-1,2
52298144,40,10,-1,-1,3
52297708,5,28,-1,-1,4
52296851,26,30,-1,-1,5
52297064,1,36,-1,-1,7
52288596,56,8,-1,-1,5
52298969,40,18,-1,-1,3
52285998,0,20,-1,-1,4
52298147,36,6,-1,-1,7
52298873,1,12,-1,-1,2
52297924,18,11,-1,-1,2
52294186,26,42,-1,-1,1
52296537,33,17,-1,-1,6
52293757,16,51,-1,-1,5
52291006,50,35,-1,-1,5
52292924,27,7,-1,-1,6
52294154,57,23,-1,-1,5
52292882,19,5,-1,-1,1
52297586,13,19,-1,-1,6
52298018,57,10,-1,-1,4
52295204,36,49,-1,-1,3
52297087,25,22,-1,-1,6
52298959,33,50,-1,-1,0
52293982,30,21,-1,-1,0
52292119,6,15,-1,-1,7
52298727,41,41,-1,-1,3
52297995,43,16,-1,-1,7
52295019,3,29,-1,-1,6
52299349,30,13,-1,-1,6
52297408,45,52,-1,-1,5
52299244,55,47,-1,-1,5
52298682,40,37,-1,-1,6
52295681,32,38,-1,-1,2
52298610,23,33,-1,-1,7
52298779,1,7,-1,-1,4
52299265,10,23,-1,-1,6
52298885,28,29,-1,-1,1
52298374,21,11,-1,-1,0
52296093,44,29,-1,-1,6
52298470,42,13,-1,-1,2
52285780,52,49,-1,-1,6
52298808,50,52,-1,-1,2
52296034,28,28,-1,-1,2
52298295,29,38,-1,-1,4
52296078,21,18,-1,-1,3
52294152,25,55,-1,-1,2
52292114,15,38,-1,-1,3
52294883,32,32,-1,-1,6
52298589,13,32,-1,-1,3
52297296,19,25,-1,-1,5
52297920,46,7,-1,-1,5
52298827,20,23,-1,-1,1
52296782,4,32,-1,-1,2
52299401,28,5,-1,-1,2
52299098,27,33,-1,-1,7
52297912,26,31,-1,-1,1
52295729,20,15,-1,-1,5
52296400,26,45,-1,-1,7
52284819,18,18,-1,-1,4
52299360,21,45,-1,-1,3
52292668,39,56,-1,-1,0
52299243,47,34,-1,-1,7
52297496,3,14,-1,-1,6
52296557,19,22,-1,-1,4
52298513,1,11,-1,-1,4
52296500,29,17,-1,-1,4
52292879,0,53,-1,-1,0
52298572,44,45,-1,-1,0
52298681,27,39,-1,-1,1
52297984,14,37,-1,-1,1
52290682,38,20,-1,-1,5
52297357,41,51,-1,-1,3
52291689,3,40,-1,-1,0
52297035,40,22,-1,-1,2
52298047,43,42,-1,-1,5
52295957,21,49,-1,-1,5
52297168,35,3,-1,-1,6
52296808,28,13,-1,-1,2
52297937,15,33,-1,-1,4
52292323,58,54,-1,-1,0
52296120,24,12,-1,-1,5
52296571,40,28,-1,-1,3
52296416,24,17,-1,-1,2
52299284,51,10,-1,-1,2
52293722,26,5,-1,-1,0
52298793,22,33,-1,-1,4
52298293,4,13,-1,-1,7
52297585,44,35,-1,-1,5
52294528,1,55,-1,-1,6
52295084,35,51,-1,-1,1
52296173,28,1,-1,-1,0
52293264,52,14,-1,-1,0
52298084,18,24,-1,-1,7
52291074,41,14,-1,-1,3
52298796,46,54,-1,-1,6
52299193,29,51,-1,-1,5
52299297,27,51,-1,-1,4
52298151,15,45,-1,-1,1
52294821,3,6,-1,-1,1
52299381,48,0,-1,-1,3
52299152,52,28,-1,-1,0
52290398,19,24,-1,-1,5
52294348,11,20,-1,-1,4
52298331,52,54,-1,-1,3
52298913,3,55,-1,-1,6
52298191,0,24,-1,-1,0
52293588,24,28,-1,-1,0
52298545,33,13,-1,-1,2
52293662,36,3,-1,-1,5
52295598,1,49,-1,-1,6
52297179,2,12,-1,-1,5
52289442,29,27,-1,-1,5
52289305,6,49,-1,-1,5
52298544,15,31,-1,-1,0
52296718,24,13,-1,-1,3
52295680,36,0,-1,-1,3
52299076,42,29,-1,-1,0
52292069,15,16,-1,-1,0
52298008,26,57,-1,-1,3
52297841,8,12,-1,-1,2
52297834,43,39,-1,-1,7
52295002,0,26,-1,-1,3
52297896,47,3,-1,-1,0
52299277,42,20,-1,-1,6
52295958,35,57,-1,-1,0
52297000,6,26,-1,-1,5
52294740,36,14,-1,-1,1
52299374,39,34,-1,-1,3
52299182,19,8,-1,-1,2
52297134,51,45,-1,-1,7
52298261,13,17,-1,-1,1
52299211,3,34,-1,-1,3
52289140,8,21,-1,-1,2
52291323,50,0,-1,-1,2
52293270,0,21,-1,-1,4
52296467,33,52,-1,-1,5
52299039,37,20,-1,-1,2
52298065,12,9,-1,-1,6
52296836,3,16,-1,-1,4
52298821,39,35,-1,-1,4
52298928,29,23,-1,-1,4
52296849,50,29,-1,-1,1
52294662,13,25,-1,-1,2
52298846,37,38,-1,-1,1
52293778,52,47,-1,-1,6
52297011,26,49,-1,-1,5
52288097,1,0,-1,-1,4
52297839,6,42,-1,-1,2
52295580,26,50,-1,-1,3
52298086,41,15,-1,-1,0
52295232,10,19,-1,-1,5
52297219,39,5,-1,-1,7
52285180,24,11,-1,-1,7
52296505,40,29,-1,-1,0
52296323,30,41,-1,-1,4
52298284,42,3,-1,-1,3
52296724,15,3,-1,-1,6
52286604,34,46,-1,-1,5
52298132,32,21,-1,-1,3
52295435,13,21,-1,-1,2
52299324,9,51,-1,-1,5
52294957,45,58,-1,-1,2
52299241,38,30,-1,-1,3
52298110,9,5,-1,-1,1
52297397,4,40,-1,-1,1
52293940,43,8,-1,-1,2
52298401,24,22,-1,-1,1
52297822,35,29,-1,-1,2
52298749,43,21,-1,-1,7
52298521,56,44,-1,-1,3
52295797,28,35,-1,-1,5
52288427,0,2,-1,-1,3
52296539,47,27,-1,-1,0
52296464,1,17,-1,-1,6
52299300,19,52,-1,-1,4
52294130,50,2,-1,-1,5
52298840,0,29,-1,-1,1
52298890,55,36,-1,-1,2
52295623,51,7,-1,-1,6
52297030,6,32,-1,-1,4
52293670,10,3,-1,-1,4
52297222,21,8,-1,-1,7
52294417,6,5,-1,-1,5
52295387,58,10,-1,-1,4
52297713,13,2,-1,-1,6
52295254,16,30,-1,-1,5
52299333,39,18,-1,-1,3
52282405,0,41,-1,-1,1
52299188,10,49,-1,-1,2
52299020,12,17,-1,-1,5
52284012,34,54,-1,-1,2
52292001,56,30,-1,-1,1
52298716,48,35,-1,-1,7
52292254,55,31,-1,-1,4
52293082,22,5,-1,-1,0
52299301,9,38,-1,-1,6
52294479,43,53,-1,-1,0
52298806,54,27,-1,-1,3
52298133,17,24,-1,-1,4
52295108,38,37,-1,-1,0
52299064,56,10,-1,-1,7
52278569,1,6,-1,-1,5
52292949,41,36,-1,-1,0
52291345,28,21,-1,-1,7
52298555,12,11,-1,-1,6
52298922,51,15,-1,-1,0
52299172,39,21,-1,-1,3
52293354,0,51,-1,-1,3
52297093,18,2,-1,-1,3
52297560,19,16,-1,-1,0
52297696,37,32,-1,-1,0
52298874,43,0,-1,-1,3
52297260,30,9,-1,-1,4
52292055,34,57,-1,-1,6
52277110,54,3,-1,-1,0
52298594,30,0,-1,-1,6
52296792,55,56,-1,-1,2
52295686,49,27,-1,-1,3
52295565,12,38,-1,-1,5
52298865,10,54,-1,-1,2
52296848,45,28,-1,-1,0
52295347,4,9,-1,-1,0
52293014,6,9,-1,-1,4
52298193,11,4,-1,-1,5
52297745,7,16,-1,-1,1
52291046,29,25,-1,-1,1
52297223,26,25,-1,-1,6
52291626,6,0,-1,-1,3
52289869,34,27,-1,-1,3
52295057,44,53,-1,-1,1
52298362,42,32,-1,-1,5
52295228,56,38,-1,-1,0
52299050,8,36,-1,-1,0
52298829,56,49,-1,-1,7
52299174,51,25,-1,-1,5
52295678,24,24,-1,-1,2
52298776,7,29,-1,-1,7
52290220,25,7,-1,-1,4
52297877,37,43,-1,-1,4
52297339,22,1,-1,-1,3
52290773,2,18,-1,-1,1
52296876,18,53,-1,-1,1
52297252,39,57,-1,-1,5
52298069,33,21,-1,-1,1
52297170,16,4,-1,-1,4
52294059,36,56,-1,-1,6
52298297,1,42,-1,-1,5
52297794,57,20,-1,-1,6
52296961,9,41,-1,-1,3
52297725,21,24,-1,-1,1
52298395,47,42,-1,-1,5
52298199,1,23,-1,-1,7
52298868,20,6,-1,-1,2
52298673,14,58,-1,-1,6
52293477,43,18,-1,-1,2
52294413,46,36,-1,-1,4
52293203,6,10,-1,-1,5
52298683,12,33,-1,-1,2
52296756,45,54,-1,-1,4
52298958,40,55,-1,-1,2
52293830,27,4,-1,-1,4
52292702,43,10,-1,-1,5
52298871,26,48,-1,-1,6
52293386,5,29,-1,-1,5
52293512,18,52,-1,-1,2
52294987,10,30,-1,-1,0
52295530,34,4,-1,-1,4
52294961,21,57,-1,-1,0
52294708,23,2,-1,-1,2
52298927,26,9,-1,-1,0
52297284,49,47,-1,-1,4
52298344,25,37,-1,-1,2
52295417,23,57,-1,-1,0
52298620,12,54,-1,-1,3
52296149,44,11,-1,-1,3
52276506,58,53,-1,-1,0
52298800,32,45,-1,-1,3
52297254,45,36,-1,-1,0
52295746,58,4,-1,-1,4
52297752,49,12,-1,-1,1
52296419,42,15,-1,-1,5
52297453,58,0,-1,-1,4
52296752,45,1,-1,-1,2
52298591,5,54,-1,-1,5
52293936,55,23,-1,-1,0
52280456,40,0,-1,-1,4
52296318,20,55,-1,-1,4
52298360,13,35,-1,-1,6
52293625,1,18,-1,-1,6
52299328,45,23,-1,-1,5
52288899,11,6,-1,-1,3
52293978,10,27,-1,-1,0
52293444,24,0,-1,-1,3
52297497,52,56,-1,-1,0
52294488,2,22,-1,-1,2
52297635,7,5,-1,-1,5
52297112,21,29,-1,-1,6
52297763,14,17,-1,-1,1
52297571,11,26,-1,-1,2
52297421,32,24,-1,-1,2
52299141,38,32,-1,-1,6
52296066,17,56,-1,-1,5
52287972,3,41,-1,-1,2
52294644,43,27,-1,-1,4
52290904,54,41,-1,-1,4
52295082,55,10,-1,-1,1
52296695,52,46,-1,-1,2
52296349,15,23,-1,-1,5
52294765,22,43,-1,-1,0
52279443,35,21,-1,-1,3
52294132,15,30,-1,-1,2
52297922,17,38,-1,-1,4
52296948,12,28,-1,-1,4
52297846,39,6,-1,-1,3
52299224,37,27,-1,-1,5
52298237,34,36,-1,-1,0
52298853,6,29,-1,-1,3
52299386,38,26,-1,-1,0
52297776,20,40,-1,-1,6
52298708,54,9,-1,-1,0
52284690,15,24,-1,-1,1
52296192,40,27,-1,-1,2
52293623,10,9,-1,-1,2
52291214,49,3,-1,-1,3
52291830,42,7,-1,-1,5
52296047,37,48,-1,-1,2
52295888,19,28,-1,-1,6
52298173,34,53,-1,-1,7
52299010,48,54,-1,-1,4
52295262,25,52,-1,-1,7
52297729,13,39,-1,-1,1
52295106,53,29,-1,-1,4
52297050,39,24,-1,-1,0
52298383,50,22,-1,-1,4
52298924,27,42,-1,-1,4
52297851,36,28,-1,-1,2
52291755,41,50,-1,-1,1
52292042,25,2,-1,-1,4
52285089,20,35,-1,-1,5
52298286,11,8,-1,-1,4
52294228,56,42,-1,-1,2
52298279,23,10,-1,-1,4
52298019,9,52,-1,-1,1
52295610,19,15,-1,-1,5
52297951,22,14,-1,-1,6
52294033,38,11,-1,-1,5
52296759,33,4,-1,-1,6
52290877,4,11,-1,-1,2
52297659,12,40,-1,-1,7
52298574,47,41,-1,-1,7
52297810,23,3,-1,-1,5
52298102,47,35,-1,-1,6
52297076,40,35,-1,-1,7
52283174,41,7,-1,-1,1
52285466,17,39,-1,-1,6
52298573,29,50,-1,-1,7
52298425,17,53,-1,-1,4
52298314,16,28,-1,-1,1
52295740,37,16,-1,-1,5
52298728,42,37,-1,-1,7
52298497,40,54,-1,-1,6
52297463,44,51,-1,-1,2
52297479,42,41,-1,-1,7
52298637,37,57,-1,-1,5
52286041,30,51,-1,-1,7
52297802,44,32,-1,-1,3
52298142,46,28,-1,-1,7
52296143,0,47,-1,-1,4
52298569,42,36,-1,-1,5
52265838,56,48,-1,-1,2
52295065,11,10,-1,-1,2
52298492,49,34,-1,-1,7
52296330,53,0,-1,-1,4
52296514,32,50,-1,-1,3
52296531,31,54,-1,-1,4
52294986,48,52,-1,-1,0
52295669,56,37,-1,-1,0
52298136,23,50,-1,-1,4
52290870,28,15,-1,-1,7
52291162,2,39,-1,-1,3
52298809,10,39,-1,-1,4
52299406,21,38,-1,-1,0
52298689,45,12,-1,-1,0
52297302,17,29,-1,-1,4
52296158,23,28,-1,-1,3
52298768,52,13,-1,-1,2
52297736,45,22,-1,-1,0
52298439,14,54,-1,-1,2
52297918,56,45,-1,-1,5
52294137,36,45,-1,-1,5
52296157,10,17,-1,-1,1
52294334,33,45,-1,-1,7
52297450,39,0,-1,-1,3
52298955,44,1,-1,-1,0
52291509,9,57,-1,-1,5
52288539,19,6,-1,-1,6
52297990,48,27,-1,-1,5
52298743,46,23,-1,-1,2
52274069,56,13,-1,-1,2
52289835,55,57,-1,-1,7
52297021,17,10,-1,-1,2
52299072,23,4,-1,-1,2
52297074,7,17,-1,-1,1
52294159,2,33,-1,-1,1
52296033,13,55,-1,-1,4
52298233,4,47,-1,-1,2
52296014,33,32,-1,-1,5
52298366,24,1,-1,-1,7
52293040,57,6,-1,-1,0
52297272,8,53,-1,-1,1
52297673,54,5,-1,-1,0
52298830,1,50,-1,-1,5
52298751,5,52,-1,-1,0
52293967,16,5,-1,-1,0
52289970,20,28,-1,-1,5
52298910,15,53,-1,-1,7
52297063,46,49,-1,-1,2
52297596,49,35,-1,-1,2
52287203,14,14,-1,-1,4
52283211,45,2,-1,-1,3
52296726,3,51,-1,-1,1
52296574,16,2,-1,-1,3
52293404,20,50,-1,-1,7
52279624,32,43,-1,-1,4
52296187,25,0,-1,-1,2
52296168,27,24,-1,-1,5
52289697,39,50,-1,-1,4
52299041,46,15,-1,-1,6
52296615,18,57,-1,-1,6
52298810,13,56,-1,-1,1
52299280,38,33,-1,-1,3
52298788,44,14,-1,-1,6
52298630,13,51,-1,-1,2
52293322,9,29,-1,-1,2
52295824,13,40,-1,-1,7
52296608,45,35,-1,-1,6
52297375,8,54,-1,-1,2
52296512,52,31,-1,-1,0
52297380,52,19,-1,-1,7
52298179,35,38,-1,-1,7
52298290,48,26,-1,-1,2
52294676,53,17,-1,-1,7
52297518,45,3,-1,-1,6
52299167,44,34,-1,-1,6
52297055,2,31,-1,-1,7
52298384,57,4,-1,-1,7
52296098,30,17,-1,-1,7
52299380,8,33,-1,-1,5
52293975,2,54,-1,-1,3
52298694,43,51,-1,-1,4
52285566,15,13,-1,-1,3
52297374,45,34,-1,-1,5
52298004,35,44,-1,-1,2
52299269,51,21,-1,-1,7
52298009,48,14,-1,-1,4
52296694,38,6,-1,-1,4
52298983,30,35,-1,-1,6
52297709,41,54,-1,-1,5
52293536,52,25,-1,-1,0
52293099,56,29,-1,-1,6
52297915,38,47,-1,-1,5
52291696,11,9,-1,-1,6
52293595,4,53,-1,-1,7
52297757,17,32,-1,-1,1
52296176,20,49,-1,-1,4
52292032,33,33,-1,-1,3
52295707,57,15,-1,-1,2
52293007,51,54,-1,-1,1
52296049,9,8,-1,-1,2
52296452,40,45,-1,-1,5
52299310,29,57,-1,-1,1
52294719,40,41,-1,-1,2
52298696,25,1,-1,-1,7
52298882,21,46,-1,-1,6
52296561,55,38,-1,-1,0
52296314,36,25,-1,-1,2
52282247,18,7,-1,-1,3
52296745,3,26,-1,-1,4
52290840,15,18,-1,-1,3
52295414,46,48,-1,-1,3
52296900,36,41,-1,-1,5
52298679,33,43,-1,-1,1
52298737,33,58,-1,-1,1
52293735,21,53,-1,-1,7
52288070,27,17,-1,-1,7
52297870,39,43,-1,-1,1
52298432,29,31,-1,-1,5
52298041,4,35,-1,-1,1
52297742,19,14,-1,-1,7
52297615,55,58,-1,-1,0
52298560,37,21,-1,-1,3
52297535,22,57,-1,-1,7
52296612,7,28,-1,-1,6
52293612,0,46,-1,-1,3
52298270,15,41,-1,-1,0
52297431,7,48,-1,-1,5
52297378,38,35,-1,-1,6
52298934,53,21,-1,-1,0
52298035,31,21,-1,-1,3
52298455,3,37,-1,-1,7
52297420,55,27,-1,-1,5
52291411,58,18,-1,-1,0
52299368,38,46,-1,-1,3
52298350,23,25,-1,-1,3
52298564,22,26,-1,-1,3
52298162,34,49,-1,-1,0
52293593,15,58,-1,-1,2
52295585,23,37,-1,-1,4
52298531,4,6,-1,-1,6
52295314,1,14,-1,-1,2
52298185,3,25,-1,-1,5
52298249,28,41,-1,-1,3
52297987,32,44,-1,-1,5
52293139,24,40,-1,-1,5
52299199,38,22,-1,-1,0
52298412,36,38,-1,-1,4
52297626,9,16,-1,-1,0
52296855,49,51,-1,-1,3
52299015,3,46,-1,-1,2
52297318,31,55,-1,-1,1
52295148,12,19,-1,-1,1
52293836,46,32,-1,-1,6
52296911,32,11,-1,-1,3
52299169,11,45,-1,-1,3
52298774,44,16,-1,-1,6
52295020,40,19,-1,-1,2
52297347,34,42,-1,-1,0
52295988,1,47,-1,-1,7
52286473,29,55,-1,-1,2
52298496,23,49,-1,-1,7
52299319,51,22,-1,-1,6
52298501,0,39,-1,-1,4
52299044,38,41,-1,-1,3
52290354,22,50,-1,-1,3
52288677,25,15,-1,-1,6
52298467,11,13,-1,-1,1
52299000,4,26,-1,-1,6
52296017,19,38,-1,-1,2
52289646,28,32,-1,-1,5
52297633,21,39,-1,-1,2
52297543,33,15,-1,-1,3
52295501,13,41,-1,-1,6
52298578,13,1,-1,-1,0
52292310,19,45,-1,-1,0
52297830,12,8,-1,-1,7
52291283,53,40,-1,-1,5
52296044,57,24,-1,-1,2
52295317,10,41,-1,-1,3
52298016,38,24,-1,-1,4
52299122,1,28,-1,-1,7
52295466,45,27,-1,-1,2
52297748,40,34,-1,-1,3
52298631,5,53,-1,-1,6
52297797,38,55,-1,-1,5
52296635,15,36,-1,-1,5
52294118,19,1,-1,-1,7
52298161,25,31,-1,-1,4
52297724,36,20,-1,-1,2
52296926,27,47,-1,-1,4
52286517,4,12,-1,-1,5
52292621,13,49,-1,-1,0
52297766,7,9,-1,-1,4
52292630,48,25,-1,-1,0
52298849,32,12,-1,-1,1
52289430,42,42,-1,-1,3
52295224,33,23,-1,-1,6
52295253,17,21,-1,-1,1
52297111,27,8,-1,-1,2
52297787,38,21,-1,-1,6
52297010,37,52,-1,-1,7
52299001,37,34,-1,-1,3
52298021,18,29,-1,-1,1
52296343,24,7,-1,-1,2
52293736,52,22,-1,-1,0
52298095,30,20,-1,-1,1
52297389,24,15,-1,-1,5
52295313,4,10,-1,-1,3
52294954,44,49,-1,-1,7
52293576,55,34,-1,-1,7
52296831,42,43,-1,-1,2
52297867,35,7,-1,-1,6
52297014,42,45,-1,-1,6
52298661,5,16,-1,-1,1
52296666,46,26,-1,-1,0
52291932,33,22,-1,-1,0
52292663,44,20,-1,-1,2
52298953,33,57,-1,-1,1
52299175,47,16,-1,-1,0
52292985,56,26,-1,-1,4
52288616,33,53,-1,-1,4
52292372,17,34,-1,-1,1
52299357,41,21,-1,-1,6
52297349,32,20,-1,-1,5
52298063,42,57,-1,-1,2
52296992,39,13,-1,-1,4
52299110,55,32,-1,-1,3
52296329,15,37,-1,-1,4
52298650,27,32,-1,-1,5
52295266,16,8,-1,-1,6
52285631,20,52,-1,-1,2
52295930,12,34,-1,-1,4
52298877,16,31,-1,-1,5
52297230,31,22,-1,-1,3
52298265,37,40,-1,-1,5
52298172,14,46,-1,-1,6
52296260,39,20,-1,-1,4
52296590,6,30,-1,-1,1
52295236,45,43,-1,-1,4
52298629,19,37,-1,-1,3
52299335,27,35,-1,-1,3
52292071,25,14,-1,-1,1
52295936,35,2,-1,-1,6
52297435,30,24,-1,-1,3
52298214,33,42,-1,-1,0
52297313,20,56,-1,-1,3
52299292,39,31,-1,-1,4
52297815,8,23,-1,-1,6
52299343,11,50,-1,-1,4
52297609,37,33,-1,-1,7
52284509,23,36,-1,-1,1
52293644,31,45,-1,-1,7
52299002,28,49,-1,-1,1
52297665,52,17,-1,-1,0
52294863,24,27,-1,-1,6
52290443,1,29,-1,-1,0
52297597,4,3,-1,-1,7
52296316,43,28,-1,-1,5
52294329,44,40,-1,-1,6
52298777,37,11,-1,-1,6
52296573,42,47,-1,-1,6
52289301,20,32,-1,-1,1
52297174,28,53,-1,-1,7
52284456,37,10,-1,-1,2
52294873,55,46,-1,-1,0
52297386,22,48,-1,-1,1
52295431,30,57,-1,-1,4
52295737,41,38,-1,-1,5
52299377,25,53,-1,-1,2
52296613,48,5,-1,-1,7
52294066,57,18,-1,-1,4
52293403,55,25,-1,-1,7
52296336,53,28,-1,-1,7
52299108,9,35,-1,-1,0
52297261,21,21,-1,-1,3
52297578,16,16,-1,-1,3
52295457,52,20,-1,-1,5
52294856,1,24,-1,-1,1
52297856,57,29,-1,-1,1
52291139,30,49,-1,-1,1
52296541,31,42,-1,-1,2
52294407,54,46,-1,-1,5
52296243,26,8,-1,-1,1
52298393,39,32,-1,-1,3
52299383,18,45,-1,-1,4
52293734,14,12,-1,-1,2
52299299,45,37,-1,-1,4
52297947,34,2,-1,-1,6
52297549,13,9,-1,-1,5
52292597,49,8,-1,-1,6
52298444,54,44,-1,-1,0
52297388,5,38,-1,-1,1
52298028,45,10,-1,-1,0
52293255,41,56,-1,-1,2
52299013,26,46,-1,-1,2
52298760,5,7,-1,-1,5
52298838,15,34,-1,-1,3
52284849,6,2,-1,-1,3
52299307,29,8,-1,-1,0
52295953,4,25,-1,-1,0
52298511,27,41,-1,-1,7
52299397,43,34,-1,-1,7
52295149,36,47,-1,-1,0
52295191,47,12,-1,-1,4
52290672,12,44,-1,-1,7
52298479,18,6,-1,-1,5
52293891,23,24,-1,-1,2
52296839,30,4,-1,-1,3
52297827,50,46,-1,-1,0
52298915,38,34,-1,-1,4
52298896,31,49,-1,-1,2
52298581,42,55,-1,-1,4
52282154,50,51,-1,-1,4
52297734,15,21,-1,-1,2
52297838,15,19,-1,-1,0
52297949,0,14,-1,-1,2
52296879,29,48,-1,-1,6
52297237,4,21,-1,-1,7
52298051,20,4,-1,-1,6
52297507,13,20,-1,-1,6
52299131,37,24,-1,-1,4
52293939,10,8,-1,-1,3
52297032,48,31,-1,-1,7
52295389,30,54,-1,-1,7
52295316,22,7,-1,-1,4
52298460,33,20,-1,-1,7
52296185,53,38,-1,-1,0
52295877,48,50,-1,-1,6
52296939,6,31,-1,-1,6
52295119,21,55,-1,-1,1
52298568,16,26,-1,-1,2
52297880,38,40,-1,-1,3
52297118,23,34,-1,-1,0
52298657,22,47,-1,-1,2
52294790,56,16,-1,-1,7
52298539,42,33,-1,-1,5
52290511,50,18,-1,-1,5
52298990,53,36,-1,-1,4
52298946,31,36,-1,-1,4
52276053,52,52,-1,-1,4
52294949,5,31,-1,-1,4
52299279,26,54,-1,-1,6
52290504,51,51,-1,-1,0
52284870,44,8,-1,-1,6
52299196,5,41,-1,-1,1
52297344,11,53,-1,-1,1
52298566,25,36,-1,-1,1
52297541,48,7,-1,-1,1
52297495,0,54,-1,-1,1
52299007,24,45,-1,-1,7
52297018,33,27,-1,-1,3
52298039,44,9,-1,-1,0
52297130,19,31,-1,-1,1
52297082,31,12,-1,-1,5
52294750,51,52,-1,-1,0
52297744,36,4,-1,-1,1
52296450,51,34,-1,-1,4
52298763,37,39,-1,-1,1
52297907,34,5,-1,-1,1
52299073,2,11,-1,-1,2
52284022,51,42,-1,-1,7
52298468,51,9,-1,-1,2
52298986,12,5,-1,-1,2
52298370,24,41,-1,-1,4
52299157,41,42,-1,-1,5
52299373,12,36,-1,-1,1
52287400,33,44,-1,-1,0
52298204,29,32,-1,-1,4
52288900,2,49,-1,-1,6
52296381,43,25,-1,-1,0
52298320,50,25,-1,-1,6
52297792,47,20,-1,-1,2
52299148,18,28,-1,-1,5
52296307,16,41,-1,-1,4
52295459,28,37,-1,-1,1
52298483,22,15,-1,-1,4
52298243,39,48,-1,-1,1
52295967,10,58,-1,-1,0
52298748,15,50,-1,-1,2
52296180,58,45,-1,-1,7
52297149,56,58,-1,-1,0
52297739,0,8,-1,-1,1
52295216,15,20,-1,-1,3
52293212,53,20,-1,-1,3
52290900,39,47,-1,-1,4
52298486,31,51,-1,-1,5
52274863,55,9,-1,-1,5
52295902,35,15,-1,-1,6
52298310,39,9,-1,-1,5
52297379,38,38,-1,-1,5
52298280,27,37,-1,-1,4
52288455,48,29,-1,-1,7
52299161,44,28,-1,-1,7
52298715,43,22,-1,-1,3
52291733,17,50,-1,-1,7
52294894,23,35,-1,-1,6
52299298,34,52,-1,-1,2
52296582,49,44,-1,-1,0
52289158,32,23,-1,-1,0
52296578,37,45,-1,-1,6
52298895,43,17,-1,-1,7
52297558,41,2,-1,-1,7
52297240,6,18,-1,-1,1
52299004,43,29,-1,-1,6
52298054,16,15,-1,-1,3
52284494,18,48,-1,-1,1
52294308,50,56,-1,-1,2
52291990,11,25,-1,-1,0
52299375,49,26,-1,-1,1
52299124,14,34,-1,-1,1
52297627,25,57,-1,-1,2
52296976,10,45,-1,-1,5
52294872,9,54,-1,-1,6
52298043,17,51,-1,-1,0
52296856,33,46,-1,-1,3
52295675,6,56,-1,-1,0
52296473,43,54,-1,-1,0
52295524,26,24,-1,-1,2
52294361,38,7,-1,-1,4
52298150,27,34,-1,-1,3
52298538,42,22,-1,-1,0
52298772,15,11,-1,-1,1
52294452,9,39,-1,-1,3
52296988,40,44,-1,-1,7
52298585,28,20,-1,-1,2
52297280,12,50,-1,-1,0
52291549,55,30,-1,-1,7
52296943,31,27,-1,-1,7
52297972,46,31,-1,-1,4
52294964,13,47,-1,-1,6
52296732,20,47,-1,-1,0
52295993,49,13,-1,-1,5
52292873,56,56,-1,-1,4
52295599,18,25,-1,-1,7
52295456,52,2,-1,-1,0
52298616,26,47,-1,-1,3
52296172,7,26,-1,-1,4
52296880,48,20,-1,-1,5
52297273,14,48,-1,-1,7
52298950,35,42,-1,-1,2
52298510,23,48,-1,-1,7
52296492,8,51,-1,-1,2
52297823,41,20,-1,-1,7
52298641,44,47,-1,-1,0
52289296,27,9,-1,-1,2
52298973,13,53,-1,-1,4
52297238,43,40,-1,-1,6
52298503,52,51,-1,-1,6
52292016,57,9,-1,-1,7
52294415,0,40,-1,-1,2
52290616,40,42,-1,-1,3
52296981,31,17,-1,-1,3
52297833,32,57,-1,-1,4
52297910,21,56,-1,-1,2
52291564,43,56,-1,-1,0
52296542,52,39,-1,-1,2
52293021,15,9,-1,-1,6
52299228,34,21,-1,-1,7
52293460,19,11,-1,-1,2
52291707,5,25,-1,-1,7
52292947,20,30,-1,-1,5
52299134,55,11,-1,-1,6
52292906,2,4,-1,-1,7
52298791,48,47,-1,-1,2
52294246,7,3,-1,-1,0
52298567,51,46,-1,-1,1
52290965,47,0,-1,-1,6
52296432,12,51,-1,-1,2
52294756,41,55,-1,-1,1
52297361,50,1,-1,-1,2
52297165,42,27,-1,-1,0
52297683,12,32,-1,-1,6
52294009,21,1,-1,-1,5
52299382,8,38,-1,-1,5
52274508,18,55,-1,-1,4
52294150,18,50,-1,-1,0
52299008,32,0,-1,-1,2
52298224,33,51,-1,-1,6
52297054,53,56,-1,-1,2
52295940,19,41,-1,-1,6
52299398,52,43,-1,-1,2
52296347,55,7,-1,-1,5
52296990,40,7,-1,-1,1
52293332,26,26,-1,-1,1
52295984,4,55,-1,-1,4
52294494,34,38,-1,-1,0
52291982,34,56,-1,-1,1
52297636,51,5,-1,-1,6
52295268,7,43,-1,-1,7
52296746,17,26,-1,-1,7
52293935,28,47,-1,-1,0
52294827,4,28,-1,-1,7
52298117,14,43,-1,-1,4
52295284,49,6,-1,-1,5
52297400,18,34,-1,-1,5
52298495,47,29,-1,-1,5
52299232,38,5,-1,-1,0
52291232,15,56,-1,-1,7
52297611,7,20,-1,-1,4
52297458,0,7,-1,-1,2
52293260,23,56,-1,-1,1
52292815,32,17,-1,-1,1
52299019,32,34,-1,-1,0
52294466,51,3,-1,-1,3
52295873,22,13,-1,-1,0
52298756,7,24,-1,-1,3
52298416,1,57,-1,-1,2
52296497,37,51,-1,-1,1
52297048,10,48,-1,-1,7
52296058,18,16,-1,-1,6
52298056,44,2,-1,-1,5
52299171,32,5,-1,-1,5
52294605,21,37,-1,-1,2
52298698,23,15,-1,-1,6
52288540,2,53,-1,-1,5
52299332,35,30,-1,-1,1
52298875,25,6,-1,-1,1
52299060,51,50,-1,-1,1
52298158,14,42,-1,-1,2
52276816,14,50,-1,-1,1
52297934,34,22,-1,-1,7
52299334,23,40,-1,-1,4
52298697,37,31,-1,-1,6
52297248,26,27,-1,-1,2
52298621,10,5,-1,-1,4
52294131,41,5,-1,-1,1
52294409,58,48,-1,-1,4
52298200,7,35,-1,-1,5
52289718,15,2,-1,-1,7
52292963,45,9,-1,-1,0
52286516,5,58,-1,-1,6
52295672,10,14,-1,-1,2
52298228,6,55,-1,-1,2
52297342,58,15,-1,-1,7
52298414,56,32,-1,-1,2
52282527,5,51,-1,-1,6
52293294,8,32,-1,-1,3
52284290,29,29,-1,-1,1
52296375,7,4,-1,-1,4
52294945,8,3,-1,-1,2
52297528,37,37,-1,-1,5
52282130,54,57,-1,-1,6
52289114,25,9,-1,-1,5
52296182,25,21,-1,-1,1
52298659,37,18,-1,-1,4
52299263,44,5,-1,-1,1
52297831,41,37,-1,-1,0
52298415,52,34,-1,-1,4
52299340,49,37,-1,-1,4
52291939,49,2,-1,-1,5
52291015,40,47,-1,-1,7
52298160,20,31,-1,-1,4
52299392,15,39,-1,-1,5
52298128,30,10,-1,-1,2
52298744,20,48,-1,-1,3
52295955,26,17,-1,-1,2
52294764,36,10,-1,-1,6
52298269,22,35,-1,-1,2
52297333,0,9,-1,-1,2
52298154,23,12,-1,-1,3
52284311,56,22,-1,-1,0
52293709,4,36,-1,-1,7
52296607,58,57,-1,-1,4
52290414,54,28,-1,-1,1
52295483,57,19,-1,-1,6
52298033,8,27,-1,-1,0
52299143,16,10,-1,-1,0
52298733,41,9,-1,-1,6
52294953,23,45,-1,-1,6
52286822,52,57,-1,-1,2
52297602,29,30,-1,-1,3
52297850,19,12,-1,-1,2
52294074,53,55,-1,-1,1
52297979,52,29,-1,-1,3
52289028,27,15,-1,-1,3
52299137,37,12,-1,-1,6
52292460,53,13,-1,-1,7
52298429,25,17,-1,-1,1
52298175,6,8,-1,-1,4
52295911,9,12,-1,-1,3
52293559,2,2,-1,-1,2
52293557,48,11,-1,-1,7
52297816,5,8,-1,-1,7
52299068,4,50,-1,-1,0
52298325,10,35,-1,-1,3
52297029,13,22,-1,-1,0
52298828,37,22,-1,-1,7
52297493,52,18,-1,-1,2
52298013,2,23,-1,-1,4
52296995,2,42,-1,-1,5
52294615,46,1,-1,-1,4
52294173,15,1,-1,-1,6
52299109,52,1,-1,-1,1
52299094,19,19,-1,-1,5
52293391,34,18,-1,-1,2
52298359,39,2,-1,-1,0
52297814,58,26,-1,-1,4
52295282,33,28,-1,-1,5
52299018,40,12,-1,-1,7
52277805,13,8,-1,-1,7
52293564,23,13,-1,-1,2
52298381,53,6,-1,-1,3
52294093,19,4,-1,-1,2
52299293,24,16,-1,-1,1
52298260,36,5,-1,-1,6
52298894,51,28,-1,-1,4
52297701,50,41,-1,-1,1
52296651,34,50,-1,-1,0
52298534,41,58,-1,-1,0
52290017,52,23,-1,-1,1
52296380,23,16,-1,-1,2
52295897,24,32,-1,-1,4
52296439,36,23,-1,-1,2
52296653,26,12,-1,-1,1
52297103,18,35,-1,-1,5
52290302,18,4,-1,-1,4
52299104,40,3,-1,-1,6
52288552,6,4,-1,-1,1
52295135,52,37,-1,-1,1
52298207,26,52,-1,-1,2
52299236,22,54,-1,-1,7
52299233,46,55,-1,-1,1
52296053,38,31,-1,-1,5
52297065,13,36,-1,-1,6
52295286,47,46,-1,-1,5
52298244,14,29,-1,-1,0
52290403,17,28,-1,-1,4
52297472,5,15,-1,-1,5
52299287,45,45,-1,-1,0
52298264,14,23,-1,-1,5
52289830,3,2,-1,-1,1
52298769,50,57,-1,-1,5
52294739,23,47,-1,-1,4
52281890,9,0,-1,-1,6
52284479,37,8,-1,-1,1
52298646,49,11,-1,-1,6
52290803,56,21,-1,-1,2
52298337,20,41,-1,-1,6
52291476,10,10,-1,-1,2
52295921,36,42,-1,-1,2
52294065,53,18,-1,-1,1
52289294,15,6,-1,-1,4
52294846,11,18,-1,-1,6
52291160,25,45,-1,-1,0
52298790,42,38,-1,-1,5
52298357,11,34,-1,-1,2
52298507,7,14,-1,-1,7
52298944,38,50,-1,-1,0
52298798,8,15,-1,-1,0
52298654,1,33,-1,-1,4
52268895,17,3,-1,-1,7
52298397,24,33,-1,-1,7
52297882,45,4,-1,-1,4
52285876,48,53,-1,-1,4
52299130,57,44,-1,-1,3
52286675,33,3,-1,-1,3
52296680,49,1,-1,-1,3
52294571,38,54,-1,-1,2
52299365,27,3,-1,-1,7
52297207,11,49,-1,-1,4
52294941,55,5,-1,-1,1
52299136,42,26,-1,-1,6
52297651,6,7,-1,-1,3
52296693,53,31,-1,-1,4
52280974,52,0,-1,-1,3
52292626,21,14,-1,-1,2
52297679,44,21,-1,-1,1
52298812,25,46,-1,-1,4
52292866,7,11,-1,-1,2
52295849,33,7,-1,-1,4
52299384,14,57,-1,-1,0
52296070,41,32,-1,-1,5
52298245,57,14,-1,-1,4
52295826,28,40,-1,-1,2
52297981,41,28,-1,-1,5
52296504,12,3,-1,-1,7
52298923,13,29,-1,-1,6
52290255,20,7,-1,-1,4
52294046,48,3,-1,-1,4
52298815,17,49,-1,-1,7
52298182,32,40,-1,-1,2
52298998,17,12,-1,-1,4
52298929,45,14,-1,-1,0
52294720,22,18,-1,-1,2
52288829,58,14,-1,-1,0
52296526,26,3,-1,-1,4
52297415,53,16,-1,-1,4
52298731,17,42,-1,-1,2
52299030,58,31,-1,-1,5
52298430,18,14,-1,-1,5
52299407,18,54,-1,-1,0
52273573,55,16,-1,-1,5
52299337,5,46,-1,-1,3
52296363,3,35,-1,-1,4
52298353,21,44,-1,-1,1
52297767,41,34,-1,-1,5
52297173,6,46,-1,-1,4
52291640,18,58,-1,-1,2
52298066,38,36,-1,-1,0
52294981,36,26,-1,-1,3
52295165,46,0,-1,-1,6
52294192,50,50,-1,-1,0
52295837,30,1,-1,-1,6
52295810,36,46,-1,-1,2
52299059,31,44,-1,-1,1
52297961,37,42,-1,-1,3
52296485,12,53,-1,-1,3
52286288,36,51,-1,-1,3
52291023,57,17,-1,-1,4
52296647,46,24,-1,-1,2
52297941,58,41,-1,-1,4
52286761,12,30,-1,-1,2
52298941,22,29,-1,-1,2
52297928,24,53,-1,-1,0
52296239,5,17,-1,-1,2
52297226,19,39,-1,-1,2
52298553,39,12,-1,-1,2
52281670,40,11,-1,-1,2
52288956,50,42,-1,-1,5
52299239,23,51,-1,-1,7
52292918,49,4,-1,-1,4
52297714,34,19,-1,-1,0
52294606,36,21,-1,-1,7
52290342,54,14,-1,-1,2
52294432,48,49,-1,-1,2
52288448,52,41,-1,-1,1
52298517,21,54,-1,-1,1
52297160,21,20,-1,-1,0
52297323,42,16,-1,-1,7
52298275,49,32,-1,-1,7
52297561,10,21,-1,-1,1
52297115,16,9,-1,-1,4
52298530,43,58,-1,-1,2
52296099,46,57,-1,-1,2
52296585,48,46,-1,-1,0
52296441,1,27,-1,-1,5
52299387,15,48,-1,-1,3
52298287,35,43,-1,-1,0
52294578,0,10,-1,-1,4
52297860,48,32,-1,-1,3
52299180,8,55,-1,-1,3
52290247,0,12,-1,-1,1
52285426,48,37,-1,-1,3
52299338,3,39,-1,-1,7
52297354,43,15,-1,-1,1
52295948,9,27,-1,-1,2
52298273,24,18,-1,-1,7
52295158,5,13,-1,-1,5
52298048,43,20,-1,-1,3
52290930,47,52,-1,-1,6
52281148,53,9,-1,-1,5
52298074,16,23,-1,-1,7
52295227,1,54,-1,-1,7
52295339,27,26,-1,-1,4
52284799,4,54,-1,-1,2
52298017,2,41,-1,-1,3
52296593,13,54,-1,-1,5
52298908,47,23,-1,-1,0
52291753,10,1,-1,-1,2
52296281,37,19,-1,-1,6
52297343,20,17,-1,-1,0
52296853,49,54,-1,-1,0
52299117,47,5,-1,-1,1
52296112,27,38,-1,-1,7
52298157,11,47,-1,-1,2
52292170,8,8,-1,-1,3
52296016,27,31,-1,-1,2
52290863,58,33,-1,-1,4
52291562,8,11,-1,-1,5
52291409,56,19,-1,-1,6
52297908,49,45,-1,-1,0
52299017,35,11,-1,-1,6
52297117,11,19,-1,-1,7
52294330,33,8,-1,-1,3
52298014,21,32,-1,-1,3
52298932,23,6,-1,-1,3
52296662,34,35,-1,-1,3
52279896,34,0,-1,-1,2
52290845,50,44,-1,-1,1
52294585,1,5,-1,-1,7
52296816,35,47,-1,-1,7
52295642,13,43,-1,-1,3
52297570,28,6,-1,-1,0
52295718,37,6,-1,-1,2
52298300,54,23,-1,-1,4
52293924,19,7,-1,-1,2
52296229,41,43,-1,-1,7
52299226,39,27,-1,-1,5
52298361,33,40,-1,-1,2
52298180,55,0,-1,-1,2
52296859,33,5,-1,-1,6
52298464,31,43,-1,-1,0
52298761,11,24,-1,-1,0
52294439,17,54,-1,-1,1
52279734,0,37,-1,-1,3
52298658,1,52,-1,-1,6
52299288,48,48,-1,-1,4
52296887,41,33,-1,-1,0
52290703,7,18,-1,-1,7
52299325,40,56,-1,-1,6
52294577,15,51,-1,-1,7
52282797,22,2,-1,-1,1
52297765,54,45,-1,-1,4
52297512,58,30,-1,-1,0
52298378,19,55,-1,-1,0
52295182,22,46,-1,-1,4
52296794,42,12,-1,-1,7
52297605,5,37,-1,-1,3
52292005,12,0,-1,-1,6
52297099,17,4,-1,-1,3
52292263,25,32,-1,-1,1
52298720,34,16,-1,-1,1
52299270,1,9,-1,-1,1
52298055,13,44,-1,-1,1
52299184,5,23,-1,-1,2
52299221,3,38,-1,-1,0
52297500,7,53,-1,-1,5
52298852,56,54,-1,-1,7
52296342,48,4,-1,-1,3
52294225,28,7,-1,-1,3
52298488,25,16,-1,-1,1
52297813,28,22,-1,-1,5
52296781,29,28,-1,-1,4
52297162,41,4,-1,-1,2
52294026,51,55,-1,-1,6
52296428,41,0,-1,-1,4
52297975,57,2,-1,-1,3
52298898,1,45,-1,-1,6
52296409,42,1,-1,-1,3
52290460,29,0,-1,-1,5
52295335,21,28,-1,-1,7
52289862,16,3,-1,-1,2
52298854,12,25,-1,-1,6
52295981,15,40,-1,-1,7
52299282,3,49,-1,-1,0
52299361,46,44,-1,-1,2
52297973,3,32,-1,-1,4
52289500,51,37,-1,-1,3
52297622,46,50,-1,-1,3
52291728,7,58,-1,-1,2
52280923,0,34,-1,-1,2
52293800,20,27,-1,-1,3
52295468,7,7,-1,-1,5
52298388,4,22,-1,-1,1
52296971,51,17,-1,-1,3
52295454,32,58,-1,-1,2
52288121,17,57,-1,-1,5
52298921,32,15,-1,-1,2
52298329,16,39,-1,-1,7
52298740,54,24,-1,-1,6
52294034,23,14,-1,-1,4
52298053,28,50,-1,-1,3
52296518,1,46,-1,-1,7
52297878,54,12,-1,-1,2
52288442,30,29,-1,-1,5
52296191,14,53,-1,-1,0
52297836,12,16,-1,-1,0
52297901,7,10,-1,-1,6
52297950,49,19,-1,-1,7
52295015,2,37,-1,-1,7
52299127,41,11,-1,-1,0
52297991,22,45,-1,-1,4
52295621,52,26,-1,-1,7
52285064,37,58,-1,-1,1
52295827,38,52,-1,-1,7
52298316,29,43,-1,-1,3
52298612,41,44,-1,-1,3
52297376,58,36,-1,-1,5
52295446,18,37,-1,-1,2
52297645,25,4,-1,-1,5
52296811,3,58,-1,-1,2
52297412,19,2,-1,-1,5
52297576,34,51,-1,-1,1
52298469,35,13,-1,-1,5
52298609,43,48,-1,-1,6
52298996,20,11,-1,-1,2
52297944,23,8,-1,-1,7
52299112,45,6,-1,-1,5
52299371,49,15,-1,-1,5
52295906,53,45,-1,-1,6
52294782,37,23,-1,-1,1
52298398,32,53,-1,-1,0
52295590,44,54,-1,-1,5
52296866,58,34,-1,-1,0
52298036,4,44,-1,-1,0
52298765,34,10,-1,-1,0
52296202,43,37,-1,-1,5
52296562,29,10,-1,-1,3
52299215,34,30,-1,-1,7
52297234,27,52,-1,-1,1
52291401,54,6,-1,-1,1
52292964,46,9,-1,-1,5
52293172,51,23,-1,-1,0
52297840,21,19,-1,-1,7
52298951,24,43,-1,-1,1
52297511,42,21,-1,-1,3
52287428,28,3,-1,-1,3
52297352,16,20,-1,-1,3
52290244,45,56,-1,-1,6
52299160,37,9,-1,-1,5
52295421,8,24,-1,-1,5
52298746,51,26,-1,-1,5
52295808,45,41,-1,-1,2
52295098,16,25,-1,-1,7
52297527,44,4,-1,-1,4
52297700,44,10,-1,-1,0
52292218,4,4,-1,-1,2
52295406,30,25,-1,-1,0
52286281,55,3,-1,-1,0
52296691,30,33,-1,-1,1
52292050,41,57,-1,-1,5
52298862,20,26,-1,-1,4
52298723,22,10,-1,-1,0
52296141,46,38,-1,-1,1
52282234,1,56,-1,-1,1
52299195,11,1,-1,-1,4
52299163,30,12,-1,-1,2
52298281,29,41,-1,-1,2
52299189,15,57,-1,-1,4
52295766,44,12,-1,-1,7
52293851,57,33,-1,-1,2
52296715,28,2,-1,-1,6
52294442,35,14,-1,-1,4
52298256,10,26,-1,-1,4
52295844,17,17,-1,-1,3
52294277,29,20,-1,-1,7
52294992,37,7,-1,-1,4
52286890,3,3,-1,-1,4
52253172,11,2,-1,-1,3
52297677,58,51,-1,-1,7
52288253,56,50,-1,-1,2
52296904,31,56,-1,-1,6
52298964,2,35,-1,-1,2
52281780,0,4,-1,-1,2
52299009,43,33,-1,-1,2
52293119,47,51,-1,-1,4
52293043,50,37,-1,-1,1
52286963,52,45,-1,-1,5
52292309,58,11,-1,-1,0
52295624,55,1,-1,-1,0
52297964,4,57,-1,-1,0
52299413,23,9,-1,-1,1
52294820,6,38,-1,-1,6
52294512,7,38,-1,-1,6
52298238,43,9,-1,-1,5
52292368,51,1,-1,-1,4
52293123,42,8,-1,-1,7
52296223,19,32,-1,-1,6
52297401,50,48,-1,-1,4
52292425,55,49,-1,-1,2
52298732,33,16,-1,-1,5
52298449,34,29,-1,-1,5
52293645,48,38,-1,-1,3
52298389,57,8,-1,-1,2
52295547,54,30,-1,-1,6
52298711,49,10,-1,-1,1
52299405,18,47,-1,-1,5
52292255,54,7,-1,-1,7
52297927,40,13,-1,-1,7
52296618,30,6,-1,-1,5
52296472,5,47,-1,-1,3
52297728,21,40,-1,-1,4
52296902,54,39,-1,-1,7
52290122,6,13,-1,-1,0
52295064,19,29,-1,-1,4
52296312,15,52,-1,-1,7
52298493,2,29,-1,-1,6
52290236,14,4,-1,-1,0
52299192,28,46,-1,-1,2
52299024,49,21,-1,-1,5
52296797,43,47,-1,-1,2
52297832,49,48,-1,-1,5
52299113,20,51,-1,-1,1
52291578,0,18,-1,-1,3
52295997,16,27,-1,-1,2
52298876,55,26,-1,-1,3
52299290,5,2,-1,-1,6
52298376,22,3,-1,-1,1
52294213,12,4,-1,-1,1
52295650,57,3,-1,-1,4
52295709,31,57,-1,-1,4
52296291,31,7,-1,-1,1
52298960,6,14,-1,-1,1
52296018,34,26,-1,-1,6
52297073,28,55,-1,-1,0
52294583,33,49,-1,-1,7
52297625,21,3,-1,-1,3
52294536,9,58,-1,-1,0
52299254,46,43,-1,-1,6
52296271,54,11,-1,-1,0
52295047,4,19,-1,-1,4
52296154,35,27,-1,-1,5
52294788,11,31,-1,-1,2
52288032,19,42,-1,-1,5
52298463,57,25,-1,-1,5
52297913,6,20,-1,-1,3
52293181,41,29,-1,-1,6
52296546,2,44,-1,-1,6
52297295,7,39,-1,-1,1
52289750,52,9,-1,-1,7
52294866,58,2,-1,-1,4
52290193,14,27,-1,-1,1
52299033,30,16,-1,-1,3
52291528,44,0,-1,-1,5
52294862,7,52,-1,-1,4
52293452,16,53,-1,-1,3
52297345,45,11,-1,-1,5
52297299,3,36,-1,-1,2
52299286,15,47,-1,-1,5
52297233,14,0,-1,-1,4
52291627,53,58,-1,-1,7
52297521,58,19,-1,-1,4
52297039,1,10,-1,-1,3
52297954,55,6,-1,-1,0
52295573,46,22,-1,-1,4
52293547,14,44,-1,-1,0
52298498,27,19,-1,-1,4
52299330,16,37,-1,-1,0
52297710,23,46,-1,-1,1
52296581,49,52,-1,-1,5
52299102,36,36,-1,-1,4
52298025,9,3,-1,-1,0
52295736,34,25,-1,-1,4
52293682,29,45,-1,-1,4
52298872,36,34,-1,-1,3
52296463,35,56,-1,-1,5
52299295,36,40,-1,-1,3
52294912,28,51,-1,-1,1
52291131,40,1,-1,-1,6
52297292,25,27,-1,-1,7
52292506,39,54,-1,-1,2
52299119,53,8,-1,-1,2
52297244,43,5,-1,-1,0
52298825,9,24,-1,-1,6
52295516,13,27,-1,-1,7
52297126,19,43,-1,-1,5
52296560,40,51,-1,-1,6
52284087,54,2,-1,-1,5
52297959,34,7,-1,-1,0
52297395,28,54,-1,-1,3
52299156,12,20,-1,-1,7
52294163,10,28,-1,-1,3
52298076,16,36,-1,-1,7
52291700,0,55,-1,-1,0
52294602,20,2,-1,-1,3
52298421,6,34,-1,-1,5
52298452,31,29,-1,-1,3
52299336,20,29,-1,-1,4
52299055,36,52,-1,-1,0
52299101,14,49,-1,-1,1
52286267,56,4,-1,-1,7
52298434,10,33,-1,-1,2
52299408,42,14,-1,-1,6
52295207,48,43,-1,-1,5
52296969,14,11,-1,-1,2
52298556,25,8,-1,-1,4
52295349,54,16,-1,-1,6
52277773,9,25,-1,-1,1
52298373,2,28,-1,-1,2
52298920,54,26,-1,-1,1
52298083,23,41,-1,-1,0
52281907,58,27,-1,-1,0
52295572,3,24,-1,-1,0
52295745,32,3,-1,-1,2
52298844,42,35,-1,-1,3
52298764,45,25,-1,-1,5
52299202,10,44,-1,-1,5
52296894,28,16,-1,-1,6
52297852,25,33,-1,-1,7
52298789,23,20,-1,-1,3
52299315,32,36,-1,-1,7
52287407,53,35,-1,-1,6
52295619,1,22,-1,-1,6
52295211,21,10,-1,-1,1
52298165,33,26,-1,-1,2
52284434,55,35,-1,-1,5
52298835,10,34,-1,-1,7
52286456,34,43,-1,-1,3
52294172,9,53,-1,-1,0
52294787,2,45,-1,-1,3
52294200,4,58,-1,-1,2
52293154,58,40,-1,-1,7
52297890,17,22,-1,-1,6
52296067,55,48,-1,-1,7
52298001,41,49,-1,-1,4
52298712,38,8,-1,-1,7
52286986,53,5,-1,-1,5
52297508,44,25,-1,-1,5
52295206,21,31,-1,-1,7
52299390,39,28,-1,-1,0
52285913,47,2,-1,-1,7
52299363,16,21,-1,-1,6
52298187,39,23,-1,-1,4
52294590,38,56,-1,-1,1
52297807,46,39,-1,-1,7
52297145,22,19,-1,-1,4
52290858,14,45,-1,-1,3
52297930,24,21,-1,-1,1
52296425,10,0,-1,-1,4
52298512,2,16,-1,-1,5
52296959,6,23,-1,-1,6
52299249,3,9,-1,-1,3
52299264,9,17,-1,-1,6
52298859,37,5,-1,-1,3
52299191,31,33,-1,-1,1
52295765,16,52,-1,-1,5
52298974,45,20,-1,-1,3
52288147,25,50,-1,-1,2
52296216,31,52,-1,-1,1
52298601,56,9,-1,-1,5
52299268,47,21,-1,-1,1
52298339,10,13,-1,-1,6
52290571,43,52,-1,-1,2
52298480,49,40,-1,-1,6
52298203,47,30,-1,-1,7
52280861,47,58,-1,-1,7
52297475,18,46,-1,-1,3
52297931,41,46,-1,-1,4
52296241,42,9,-1,-1,4
52294752,45,15,-1,-1,2
52298747,49,31,-1,-1,0
52296949,17,18,-1,-1,3
52297903,8,7,-1,-1,4
52283152,19,10,-1,-1,1
52297881,2,52,-1,-1,4
52296544,52,58,-1,-1,0
52298795,35,53,-1,-1,1
52293755,9,15,-1,-1,1
52299194,40,20,-1,-1,7
52295751,56,33,-1,-1,1
52298067,20,12,-1,-1,2
52299081,50,4,-1,-1,2
52298211,48,12,-1,-1,3
52286137,35,58,-1,-1,2
52287762,0,5,-1,-1,0
52299016,48,51,-1,-1,4
52298939,15,10,-1,-1,5
52298487,44,13,-1,-1,4
52292735,8,56,-1,-1,4
52293461,5,43,-1,-1,1
52287308,26,22,-1,-1,5
52297740,30,11,-1,-1,2
52299231,22,40,-1,-1,2
52297629,37,54,-1,-1,4
52294773,9,23,-1,-1,5
52294315,45,55,-1,-1,3
52299353,49,20,-1,-1,5
52296980,33,11,-1,-1,5
52294905,5,27,-1,-1,4
52298391,8,2,-1,-1,0
52298312,11,58,-1,-1,1
52299350,46,27,-1,-1,1
52294784,5,22,-1,-1,4
52297163,4,42,-1,-1,7
52298753,27,16,-1,-1,0
52297298,56,18,-1,-1,2
52292340,32,35,-1,-1,3
52298276,24,58,-1,-1,2
52296994,42,19,-1,-1,1
52294140,50,27,-1,-1,7
52292531,13,23,-1,-1,0
52297661,14,41,-1,-1,2
52297426,23,38,-1,-1,6
52298038,20,18,-1,-1,1
52294421,0,17,-1,-1,0
52297751,11,16,-1,-1,4
52294871,37,53,-1,-1,1
52297522,45,51,-1,-1,1
52299025,18,17,-1,-1,5
52298475,17,40,-1,-1,5
52291736,21,34,-1,-1,7
52294566,24,44,-1,-1,4
52295450,17,45,-1,-1,0
52297826,51,40,-1,-1,0
52291002,34,3,-1,-1,7
52298170,44,48,-1,-1,0
52298137,15,43,-1,-1,4
52297442,3,1,-1,-1,7
52299186,35,20,-1,-1,2
52299149,36,53,-1,-1,1
52297501,37,30,-1,-1,6
52296654,33,47,-1,-1,6
52296536,35,24,-1,-1,2
52293777,17,41,-1,-1,2
52275166,38,0,-1,-1,2
52296480,24,9,-1,-1,7
52295890,35,4,-1,-1,2
52295512,24,38,-1,-1,0
52291943,54,13,-1,-1,6
52293880,55,42,-1,-1,1
52293069,5,14,-1,-1,4
52299412,39,58,-1,-1,2
52293560,2,6,-1,-1,7
52297601,2,3,-1,-1,3
52297381,23,39,-1,-1,5
52293455,28,9,-1,-1,5
52296101,56,1,-1,-1,1
52293809,40,49,-1,-1,5
52299146,48,45,-1,-1,3
52292177,58,3,-1,-1,6
52295536,1,8,-1,-1,2
52296386,22,55,-1,-1,6
52297652,8,35,-1,-1,2
52298115,45,7,-1,-1,7
52298100,3,44,-1,-1,7
52296285,56,35,-1,-1,4
52298685,5,36,-1,-1,6
52297689,25,56,-1,-1,2
52296901,51,27,-1,-1,3
52298134,16,56,-1,-1,4
52298210,17,1,-1,-1,4
52291709,13,13,-1,-1,4
52299260,57,41,-1,-1,5
52297059,4,49,-1,-1,0
52297718,49,50,-1,-1,7
52296247,43,38,-1,-1,6
52297955,1,26,-1,-1,7
52298942,44,58,-1,-1,0
52288704,18,33,-1,-1,4
52293247,40,53,-1,-1,1
52297309,34,9,-1,-1,0
52299027,5,48,-1,-1,6
52295487,10,6,-1,-1,4
52292185,49,24,-1,-1,7
52298636,33,10,-1,-1,0
52293505,49,56,-1,-1,2
52299123,39,37,-1,-1,1
52296922,4,51,-1,-1,7
52292890,27,54,-1,-1,2
52294498,53,2,-1,-1,2
52297600,56,5,-1,-1,0
52296050,5,40,-1,-1,3
52295806,35,5,-1,-1,5
52299234,16,44,-1,-1,1
52286069,50,11,-1,-1,6
52298543,15,28,-1,-1,7
52298607,42,2,-1,-1,2
52297449,56,46,-1,-1,7
52291927,14,28,-1,-1,2
52298116,8,34,-1,-1,7
52298078,27,25,-1,-1,0
52296937,24,25,-1,-1,1
52296750,53,11,-1,-1,1
52298642,43,12,-1,-1,0
52296997,35,55,-1,-1,7
52296783,5,4,-1,-1,4
52298526,23,26,-1,-1,7
52296819,30,47,-1,-1,3
52297175,39,17,-1,-1,0
52287207,5,6,-1,-1,7
52296650,4,0,-1,-1,2
52297932,44,39,-1,-1,4
52297413,40,9,-1,-1,6
52296358,56,40,-1,-1,1
52294696,1,41,-1,-1,6
52298333,1,53,-1,-1,0
52296082,41,30,-1,-1,3
52299028,34,37,-1,-1,0
52297031,22,8,-1,-1,5
52291672,28,4,-1,-1,6
52295828,58,46,-1,-1,4
52282065,57,56,-1,-1,6
52298822,35,41,-1,-1,6
52298907,51,24,-1,-1,1
52299095,3,19,-1,-1,2
52294114,42,10,-1,-1,0
52293529,12,15,-1,-1,7
52281673,4,17,-1,-1,7
52297294,46,53,-1,-1,7
52299165,28,27,-1,-1,6
52293805,18,22,-1,-1,6
52296813,48,55,-1,-1,6
52297434,44,17,-1,-1,6
52297938,3,8,-1,-1,7
52295790,24,42,-1,-1,2
52297524,3,33,-1,-1,3
52298818,36,57,-1,-1,5
52299213,53,46,-1,-1,0
52291912,9,28,-1,-1,2
52298125,33,56,-1,-1,1
52299376,26,0,-1,-1,4
52295972,58,9,-1,-1,6
52299218,57,34,-1,-1,5
52298079,12,43,-1,-1,2
52294654,30,55,-1,-1,5
52297228,29,35,-1,-1,1
52297241,22,17,-1,-1,5
52291719,44,6,-1,-1,2
52297842,11,57,-1,-1,7
52298263,53,53,-1,-1,3
52293517,37,3,-1,-1,5
52297517,10,11,-1,-1,0
52297490,11,51,-1,-1,6
52299179,47,9,-1,-1,4
52295351,46,46,-1,-1,0
52285612,58,13,-1,-1,5
52297023,41,23,-1,-1,5
52298403,25,28,-1,-1,4
52292636,33,38,-1,-1,3
52296152,51,58,-1,-1,2
52298717,2,19,-1,-1,2
52299217,43,11,-1,-1,2
52295411,35,50,-1,-1,3
52298738,37,15,-1,-1,5
52297732,53,7,-1,-1,6
52270958,52,8,-1,-1,4
52298342,24,49,-1,-1,3
52297353,53,54,-1,-1,6
52299197,35,48,-1,-1,1
52296399,46,3,-1,-1,3
52296953,22,31,-1,-1,1
52292755,30,18,-1,-1,2
52297756,0,56,-1,-1,0
52294731,46,19,-1,-1,6
52295708,34,41,-1,-1,0
52299322,31,9,-1,-1,7
52297091,11,29,-1,-1,4
52298346,24,3,-1,-1,1
52298721,4,34,-1,-1,7
52297705,47,14,-1,-1,7
52279833,58,56,-1,-1,0
52299304,33,19,-1,-1,1
52297837,10,53,-1,-1,1
52290584,12,29,-1,-1,1
52292710,7,49,-1,-1,1
52293945,36,39,-1,-1,1
52298762,8,42,-1,-1,7
52298839,40,39,-1,-1,0
52289058,5,20,-1,-1,0
52297053,37,47,-1,-1,6
52293150,3,50,-1,-1,2
52290894,21,9,-1,-1,2
52296431,24,6,-1,-1,1
52295781,16,17,-1,-1,1
52299220,50,5,-1,-1,6
52297437,47,8,-1,-1,4
52299135,16,13,-1,-1,3
52296903,20,36,-1,-1,3
52297255,27,12,-1,-1,2
52297682,26,55,-1,-1,1
52280237,58,25,-1,-1,5
52295833,39,10,-1,-1,2
52297692,47,7,-1,-1,6
52295661,46,25,-1,-1,4
52299034,12,58,-1,-1,1
52294553,8,1,-1,-1,3
52299048,40,31,-1,-1,2
52299209,38,27,-1,-1,7
52291838,2,24,-1,-1,4
52298600,10,57,-1,-1,4
52294919,33,35,-1,-1,7
52294659,55,19,-1,-1,3
52296230,39,42,-1,-1,1
52294403,29,4,-1,-1,5
52297075,3,43,-1,-1,4
52287620,3,13,-1,-1,6
52299147,40,23,-1,-1,3
52297613,16,35,-1,-1,4
52298113,38,1,-1,-1,7
52299273,20,9,-1,-1,1
52295693,9,10,-1,-1,2
52296690,14,7,-1,-1,1
52295308,34,34,-1,-1,6
52294398,10,4,-1,-1,4
52298645,12,52,-1,-1,4
52297723,46,11,-1,-1,5
52298714,2,26,-1,-1,0
52293769,58,20,-1,-1,4
52296371,33,54,-1,-1,2
52288378,57,54,-1,-1,1
52294770,47,17,-1,-1,0
52298587,38,39,-1,-1,1
52298141,39,36,-1,-1,5
52294323,40,40,-1,-1,7
52297587,45,53,-1,-1,7
52296162,14,36,-1,-1,2
52298268,35,23,-1,-1,2
52291542,36,12,-1,-1,4
52299227,47,43,-1,-1,2
52294852,9,46,-1,-1,0
52298985,34,47,-1,-1,3
52299052,4,23,-1,-1,7
52292880,21,25,-1,-1,1
52293927,51,16,-1,-1,5
52299214,32,10,-1,-1,0
52295715,38,3,-1,-1,0
52297286,18,51,-1,-1,0
52299164,35,12,-1,-1,3
52284584,56,34,-1,-1,6
52296036,48,30,-1,-1,2
52282879,29,9,-1,-1,5
52296056,48,39,-1,-1,7
52296179,49,49,-1,-1,6
52297829,21,0,-1,-1,4
52298123,1,32,-1,-1,3
52297144,22,32,-1,-1,1
52298254,26,11,-1,-1,6
52296250,10,38,-1,-1,6
52296402,51,53,-1,-1,6
52289119,26,39,-1,-1,7
52294389,35,52,-1,-1,3
52297460,55,55,-1,-1,2
52298198,0,42,-1,-1,4
52298866,49,53,-1,-1,0
52295086,6,1,-1,-1,1
52294168,46,35,-1,-1,7
52297101,25,43,-1,-1,7
52298880,4,15,-1,-1,6
52299100,21,48,-1,-1,5
52295130,9,19,-1,-1,0
52298259,47,19,-1,-1,2
52298438,23,52,-1,-1,1
52299047,40,46,-1,-1,6
52291687,26,40,-1,-1,5
52299242,12,26,-1,-1,7
52298500,12,23,-1,-1,0
52297473,11,35,-1,-1,7
52296776,34,45,-1,-1,3
52298371,23,23,-1,-1,3
52297399,44,24,-1,-1,6
52296337,39,49,-1,-1,3
52296368,8,37,-1,-1,5
52299329,36,17,-1,-1,4
52297107,9,26,-1,-1,1
52298692,13,10,-1,-1,4
52292564,25,47,-1,-1,1
52299367,14,47,-1,-1,6
52297456,3,23,-1,-1,0
52289215,14,51,-1,-1,5
52297680,15,46,-1,-1,1
52294814,41,27,-1,-1,7
52299181,7,31,-1,-1,3
52299142,19,44,-1,-1,0
52297310,22,6,-1,-1,2
52297373,35,0,-1,-1,3
52295779,10,51,-1,-1,7
52297942,50,36,-1,-1,6
52297481,13,30,-1,-1,6
52297779,15,12,-1,-1,6
52297325,17,43,-1,-1,2
52298889,11,43,-1,-1,5
52297245,1,34,-1,-1,3
52298847,53,1,-1,-1,6
52293541,31,53,-1,-1,2
52296524,29,6,-1,-1,6
52297383,9,44,-1,-1,1
52298026,51,0,-1,-1,6
52295937,42,34,-1,-1,0
52299036,31,2,-1,-1,1
52288607,12,48,-1,-1,0
52299043,36,33,-1,-1,0
52298912,51,33,-1,-1,1
52299014,29,2,-1,-1,7
52284435,6,28,-1,-1,2
52297422,14,35,-1,-1,4
52299258,13,11,-1,-1,7
52298098,9,22,-1,-1,4
52296624,28,38,-1,-1,2
52295368,51,4,-1,-1,2
52299120,35,18,-1,-1,7
52296932,20,46,-1,-1,3
52295012,4,33,-1,-1,1
52287192,5,49,-1,-1,7
52293359,20,10,-1,-1,6
52297630,19,26,-1,-1,2
52298775,51,36,-1,-1,5
52294768,10,32,-1,-1,4
52299062,30,36,-1,-1,4
52298811,29,12,-1,-1,5
52297706,47,25,-1,-1,5
52292796,7,23,-1,-1,3
52297562,30,58,-1,-1,2
52298606,11,23,-1,-1,1
52298570,21,42,-1,-1,4
52298431,6,6,-1,-1,0
52299078,6,35,-1,-1,7
52296507,50,9,-1,-1,7
52298870,51,39,-1,-1,0
52295385,46,21,-1,-1,5
52296354,57,38,-1,-1,2
52299302,13,37,-1,-1,6
52298135,27,21,-1,-1,7
52297715,40,43,-1,-1,7
52298742,38,18,-1,-1,1
52297712,50,24,-1,-1,5
52299294,24,26,-1,-1,2
52292738,32,33,-1,-1,4
52298834,57,43,-1,-1,4
52293794,16,48,-1,-1,3
52299261,23,18,-1,-1,5
52297409,25,48,-1,-1,7
52295320,22,56,-1,-1,7
52297786,48,57,-1,-1,7
52299107,12,49,-1,-1,1
52289507,32,47,-1,-1,6
52297861,7,27,-1,-1,0
52299200,30,27,-1,-1,0
52279064,56,12,-1,-1,0
52296583,4,5,-1,-1,0
52296362,14,8,-1,-1,6
52295257,29,24,-1,-1,5
52298662,1,16,-1,-1,5
52297183,4,39,-1,-1,7
52296075,6,24,-1,-1,1
52296535,54,58,-1,-1,6
52298851,20,21,-1,-1,2
52298402,25,24,-1,-1,3
52286261,51,57,-1,-1,6
52297489,11,37,-1,-1,6
52290042,49,55,-1,-1,1
52294366,18,15,-1,-1,0
52293417,4,43,-1,-1,1
52296587,36,24,-1,-1,7
52293653,56,23,-1,-1,1
52299266,47,36,-1,-1,4
52295026,15,49,-1,-1,6
52297119,43,13,-1,-1,0
52279628,58,21,-1,-1,4
52293078,15,5,-1,-1,6
52298090,32,56,-1,-1,0
52290407,17,13,-1,-1,7
52298549,3,7,-1,-1,1
52294422,13,38,-1,-1,0
52298977,34,1,-1,-1,3
52297730,9,21,-1,-1,6
52298490,57,28,-1,-1,6
52292542,4,7,-1,-1,2
52299404,36,37,-1,-1,2
52296445,18,27,-1,-1,7
52298308,45,46,-1,-1,2
52296262,45,17,-1,-1,1
52277191,58,16,-1,-1,7
52275558,5,50,-1,-1,7
52299207,52,40,-1,-1,0
52294975,13,26,-1,-1,0
52288969,11,3,-1,-1,2
52289394,50,40,-1,-1,0
52299345,39,44,-1,-1,3
52296933,17,47,-1,-1,3
52295418,48,8,-1,-1,7
52290606,45,26,-1,-1,4
52298163,32,29,-1,-1,0
52295150,55,53,-1,-1,7
52299223,13,28,-1,-1,6
52296206,32,28,-1,-1,5
52289919,33,30,-1,-1,6
52288635,5,10,-1,-1,4
52295653,5,1,-1,-1,1
52293227,56,27,-1,-1,4
52298027,29,21,-1,-1,1
52293758,30,52,-1,-1,0
52298120,29,34,-1,-1,2
52295791,47,56,-1,-1,7
52294555,57,36,-1,-1,6
52299252,26,18,-1,-1,2
52296768,2,25,-1,-1,5
52294877,38,44,-1,-1,6
52297492,57,26,-1,-1,0
52298418,28,14,-1,-1,4
52287669,22,0,-1,-1,2
52297899,19,18,-1,-1,7
52298292,37,4,-1,-1,4
52299395,49,18,-1,-1,4
52299402,6,36,-1,-1,7
52297631,36,31,-1,-1,0
52298911,9,50,-1,-1,1
52299354,11,12,-1,-1,6
52290478,54,33,-1,-1,6
52297201,31,35,-1,-1,6
52295825,7,46,-1,-1,1
52293649,28,23,-1,-1,6
52296303,50,32,-1,-1,7
52295632,11,21,-1,-1,4
52284190,57,55,-1,-1,3
52298343,31,31,-1,-1,2
52297986,25,3,-1,-1,6
52294086,12,56,-1,-1,6
52297467,6,21,-1,-1,3
52299385,7,21,-1,-1,5
52289160,49,9,-1,-1,6
52295248,29,22,-1,-1,4
52298186,38,16,-1,-1,0
52299082,8,18,-1,-1,7
52291725,34,32,-1,-1,0
52297225,6,40,-1,-1,5
52296975,47,54,-1,-1,4
52298477,8,5,-1,-1,3
52297648,19,35,-1,-1,4
52299085,47,13,-1,-1,5
52294759,40,32,-1,-1,5
52295895,2,21,-1,-1,6
52299187,1,38,-1,-1,4
52290449,22,52,-1,-1,5
52297172,7,44,-1,-1,6
52273638,20,0,-1,-1,5
52294495,27,44,-1,-1,7
52299313,29,53,-1,-1,5
52298327,21,58,-1,-1,6
52297198,24,31,-1,-1,5
52298289,43,24,-1,-1,4
52298864,30,50,-1,-1,4
52297603,4,14,-1,-1,1
52289271,36,27,-1,-1,1
52294436,57,37,-1,-1,5
52295139,57,11,-1,-1,5
52296495,33,34,-1,-1,1
52296703,16,29,-1,-1,2
52296520,28,0,-1,-1,6
52293537,2,9,-1,-1,2
52293514,22,12,-1,-1,6
52298445,7,40,-1,-1,2
52299321,35,49,-1,-1,1
52297504,9,4,-1,-1,4
52298405,13,16,-1,-1,6
52296558,27,20,-1,-1,2
52299262,32,8,-1,-1,5
52296131,29,47,-1,-1,7
52298285,28,43,-1,-1,2
52294101,51,8,-1,-1,0
52298900,42,52,-1,-1,6
52295574,42,24,-1,-1,1
52298484,16,54,-1,-1,0
52297259,38,53,-1,-1,6
52292376,43,32,-1,-1,2
52297983,19,36,-1,-1,5
52293334,57,50,-1,-1,5
52294999,42,46,-1,-1,4
52297892,51,2,-1,-1,4
52298551,40,8,-1,-1,1
52299118,11,40,-1,-1,1
52294672,48,36,-1,-1,1
52296525,16,22,-1,-1,4
52299092,32,27,-1,-1,3
52297542,19,21,-1,-1,1
52295384,50,39,-1,-1,4
52298315,18,20,-1,-1,4
52294527,9,6,-1,-1,2
52298474,37,29,-1,-1,5
52299176,38,42,-1,-1,5
52291038,21,12,-1,-1,4
52298781,56,14,-1,-1,7
52297660,12,31,-1,-1,3
52298794,11,11,-1,-1,0
52291809,8,25,-1,-1,6
52297772,21,35,-1,-1,0
52298757,15,35,-1,-1,1
52299255,9,37,-1,-1,0
52292130,44,46,-1,-1,4
52297167,1,40,-1,-1,5
52297285,45,50,-1,-1,3
52286502,45,38,-1,-1,0
52298831,19,49,-1,-1,2
52286722,58,1,-1,-1,6
52298236,40,25,-1,-1,4
52298643,34,24,-1,-1,2
52298937,42,23,-1,-1,7
52291383,55,8,-1,-1,3
52298458,8,39,-1,-1,7
52294925,36,48,-1,-1,3
52298647,5,9,-1,-1,6
52297445,21,4,-1,-1,6
52295618,18,31,-1,-1,3
52297668,48,58,-1,-1,6
52295425,28,34,-1,-1,3
52295852,20,37,-1,-1,7
52296875,17,6,-1,-1,0
52297921,20,33,-1,-1,7
52299400,32,54,-1,-1,7
52289436,37,0,-1,-1,4
52298524,25,23,-1,-1,1
52290195,11,5,-1,-1,0
52297883,57,12,-1,-1,1
52298323,41,35,-1,-1,2
52294226,17,15,-1,-1,2
52296212,49,38,-1,-1,4
52295506,38,12,-1,-1,0
52296968,23,17,-1,-1,5
52299342,22,38,-1,-1,5
52295725,41,39,-1,-1,0
52293519,26,44,-1,-1,4
52290395,17,8,-1,-1,2
52288361,18,49,-1,-1,4
52296115,4,2,-1,-1,2
52294947,19,54,-1,-1,5
52297885,31,47,-1,-1,1
52296137,29,1,-1,-1,3
52297366,6,51,-1,-1,3
52298121,4,37,-1,-1,6
52298619,33,2,-1,-1,4
52298752,39,55,-1,-1,5
52299344,43,3,-1,-1,3
52297865,0,58,-1,-1,2
52296006,11,17,-1,-1,5
52298878,37,36,-1,-1,7
52295962,18,21,-1,-1,3
52292978,31,6,-1,-1,7
52299006,45,16,-1,-1,4
52297925,11,38,-1,-1,1
52294667,30,3,-1,-1,1
52299115,43,36,-1,-1,1
52296447,4,29,-1,-1,3
52297799,37,1,-1,-1,3
52292076,6,45,-1,-1,6
52289683,29,42,-1,-1,3
52298968,49,22,-1,-1,6
52299178,33,18,-1,-1,6
52289561,58,35,-1,-1,4
52294175,42,56,-1,-1,5
52291516,8,45,-1,-1,5
52296699,54,21,-1,-1,1
52295710,26,28,-1,-1,0
52287128,12,42,-1,-1,1
52297321,55,18,-1,-1,7
52295333,21,7,-1,-1,0
52298770,45,5,-1,-1,1
52298537,51,56,-1,-1,1
52299341,25,49,-1,-1,5
52296639,17,9,-1,-1,2
52295986,44,19,-1,-1,5
52297334,28,25,-1,-1,3
52298916,47,24,-1,-1,2
52297180,51,18,-1,-1,4
52293524,39,52,-1,-1,1
52298995,52,33,-1,-1,5
52294333,9,7,-1,-1,5
52297455,46,6,-1,-1,7
52298906,12,18,-1,-1,6
52296324,16,19,-1,-1,4
52294761,41,53,-1,-1,1
52297269,57,1,-1,-1,2
52298049,21,15,-1,-1,6
52293647,30,22,-1,-1,2
52299379,38,29,-1,-1,7
52299096,14,22,-1,-1,0
52297604,47,48,-1,-1,2
52298901,21,23,-1,-1,2
52295744,23,30,-1,-1,4
52294110,14,52,-1,-1,7
52298780,27,23,-1,-1,0
52289549,49,29,-1,-1,0
52297274,30,15,-1,-1,3
52298392,38,23,-1,-1,6
52288860,52,53,-1,-1,3
52285235,13,5,-1,-1,5
52296803,9,40,-1,-1,5
52288847,56,57,-1,-1,4
52296043,37,17,-1,-1,2
52297965,29,11,-1,-1,6
52298462,23,43,-1,-1,5
52291133,2,57,-1,-1,0
52291928,1,31,-1,-1,6
52298858,8,30,-1,-1,0
52295113,18,44,-1,-1,0
52295879,51,29,-1,-1,2
52297217,43,14,-1,-1,6
52295656,19,17,-1,-1,6
52291056,26,20,-1,-1,5
52297980,0,50,-1,-1,0
52291288,24,8,-1,-1,4
52283997,52,15,-1,-1,0
52299250,35,19,-1,-1,2
52293973,17,27,-1,-1,3
52295832,32,41,-1,-1,2
52299206,4,38,-1,-1,3
52293140,50,26,-1,-1,3
52298893,43,41,-1,-1,0
52299251,7,51,-1,-1,4
52294311,51,20,-1,-1,1
52294249,16,33,-1,-1,3
52298012,48,21,-1,-1,6
52296020,3,53,-1,-1,2
52296322,21,33,-1,-1,6
52293870,28,31,-1,-1,6
52296455,26,58,-1,-1,1
52296133,34,17,-1,-1,3
52292662,14,32,-1,-1,3
52298663,19,34,-1,-1,0
52298590,40,33,-1,-1,0
52297641,55,12,-1,-1,0
52293468,53,32,-1,-1,4
52297142,21,5,-1,-1,6
52296767,53,14,-1,-1,3
52296252,52,10,-1,-1,1
52297471,27,1,-1,-1,2
52299087,11,32,-1,-1,3
52298436,25,44,-1,-1,0
52298954,6,19,-1,-1,2
52296476,10,52,-1,-1,5
52298485,5,55,-1,-1,4
52299238,30,53,-1,-1,4
52292449,49,33,-1,-1,0
52297200,11,36,-1,-1,1
52298262,35,35,-1,-1,4
52297685,50,49,-1,-1,6
52293482,0,36,-1,-1,0
52295017,58,50,-1,-1,7
52298367,40,36,-1,-1,0
52299355,58,39,-1,-1,4
52296834,52,44,-1,-1,0
52294824,37,28,-1,-1,3
52295812,15,54,-1,-1,3
52297132,57,53,-1,-1,3
52296780,24,37,-1,-1,6
52296144,35,22,-1,-1,1
52288911,58,58,-1,-1,7
52297169,56,7,-1,-1,0
52294791,3,17,-1,-1,3
52288775,11,27,-1,-1,2
52295723,8,0,-1,-1,3
52298613,16,55,-1,-1,3
52297480,27,27,-1,-1,0
52296274,31,19,-1,-1,5
52297148,40,58,-1,-1,6
52299316,47,28,-1,-1,7
52296788,24,52,-1,-1,7
52299323,1,43,-1,-1,3
52298602,11,22,-1,-1,4
52298856,13,0,-1,-1,6
52297595,9,55,-1,-1,5
52298784,39,45,-1,-1,1
52297945,54,1,-1,-1,4
52298164,55,20,-1,-1,0
52298219,18,40,-1,-1,4
52296599,27,14,-1,-1,3
52297788,41,25,-1,-1,6
52298718,56,17,-1,-1,4
52298092,33,25,-1,-1,6
52297817,1,19,-1,-1,7
52293899,26,35,-1,-1,2
52282909,50,15,-1,-1,0
52291137,10,46,-1,-1,4
52295587,22,36,-1,-1,2
52294841,33,1,-1,-1,4
52296288,42,25,-1,-1,0
52294668,54,31,-1,-1,1
52296501,55,41,-1,-1,3
52299045,55,28,-1,-1,3
52299317,41,47,-1,-1,2
52298608,25,41,-1,-1,3
52286571,9,47,-1,-1,4
52292270,39,14,-1,-1,2
52286651,22,27,-1,-1,4
52294874,12,21,-1,-1,2
52295952,32,1,-1,-1,7
52289774,0,35,-1,-1,2
52289962,54,43,-1,-1,4
52274259,49,57,-1,-1,2
52298655,7,0,-1,-1,3
52295588,19,58,-1,-1,2
52295382,14,40,-1,-1,1
52298571,25,34,-1,-1,3
52297089,33,31,-1,-1,5
52278219,55,54,-1,-1,2
52299267,30,14,-1,-1,1
52297898,27,57,-1,-1,4
52290676,20,38,-1,-1,0
52264383,8,19,-1,-1,3
52291461,4,8,-1,-1,0
52293901,2,7,-1,-1,3
52296709,11,41,-1,-1,7
52298669,42,39,-1,-1,7
52293746,24,48,-1,-1,5
52298905,39,38,-1,-1,6
52296812,6,25,-1,-1,1
52297642,41,19,-1,-1,1
52295927,38,10,-1,-1,1
52294831,23,19,-1,-1,5
52295743,0,22,-1,-1,0
52294632,47,15,-1,-1,5
52296442,13,18,-1,-1,0
52294342,6,39,-1,-1,3
52297288,9,31,-1,-1,1
52289687,50,10,-1,-1,2
52297598,24,29,-1,-1,1
52297058,31,38,-1,-1,0
52296045,27,22,-1,-1,6
52298442,43,1,-1,-1,0
52297966,44,41,-1,-1,7
52296821,6,16,-1,-1,6
52292982,15,8,-1,-1,1
52294165,35,45,-1,-1,7
52296991,46,41,-1,-1,2
52288288,34,6,-1,-1,6
52287605,17,52,-1,-1,1
52292701,28,52,-1,-1,0
52293293,42,58,-1,-1,6
52295039,50,33,-1,-1,1
52297256,35,37,-1,-1,7
52291652,23,58,-1,-1,7
52291031,42,50,-1,-1,3
52297516,55,13,-1,-1,6
52297803,2,15,-1,-1,4
52296113,1,25,-1,-1,7
52299114,45,42,-1,-1,0
52298527,39,7,-1,-1,6
52292490,57,40,-1,-1,7
52297088,13,48,-1,-1,4
52290617,8,17,-1,-1,1
52298957,22,44,-1,-1,3
52299394,29,26,-1,-1,2
52299225,0,49,-1,-1,1
52299201,27,48,-1,-1,0
52297780,48,24,-1,-1,4
52298580,35,39,-1,-1,6
52298282,39,8,-1,-1,4
52297316,12,24,-1,-1,4
52289191,50,12,-1,-1,4
52294627,49,36,-1,-1,1
52298058,10,56,-1,-1,1
52297526,10,47,-1,-1,1
52298253,13,14,-1,-1,0
52294943,54,29,-1,-1,6
52295008,39,11,-1,-1,3
52298725,11,48,-1,-1,6
52291936,32,31,-1,-1,0
52292753,30,26,-1,-1,3
52298190,27,46,-1,-1,1
52295071,12,13,-1,-1,2
52298457,14,38,-1,-1,1
52298703,20,58,-1,-1,0
52297476,26,10,-1,-1,1
52293636,18,56,-1,-1,6
52298884,8,48,-1,-1,1
52298126,38,13,-1,-1,2
52298860,12,27,-1,-1,5
52299216,45,30,-1,-1,3
52296460,8,6,-1,-1,6
52298547,20,3,-1,-1,0
52299061,6,17,-1,-1,0
52298719,18,36,-1,-1,6
52295013,48,44,-1,-1,7
52288650,32,46,-1,-1,3
52299049,46,58,-1,-1,6
52297127,30,37,-1,-1,0
52298909,34,15,-1,-1,3
52287857,13,58,-1,-1,2
52293610,37,44,-1,-1,4
52293274,17,5,-1,-1,4
52296004,53,39,-1,-1,7
52297005,21,16,-1,-1,3
52295755,54,0,-1,-1,4
52298454,31,13,-1,-1,2
52298306,0,16,-1,-1,2
52297551,14,2,-1,-1,5
52290579,39,53,-1,-1,2
52290159,31,5,-1,-1,1
52297747,2,56,-1,-1,7
52297933,52,42,-1,-1,2
52296398,17,37,-1,-1,6
52298649,2,47,-1,-1,6
52297069,56,41,-1,-1,2
52294438,26,32,-1,-1,6
52288508,7,55,-1,-1,2
52295196,8,20,-1,-1,7
52296369,24,4,-1,-1,7
52297533,12,37,-1,-1,4
52288117,47,45,-1,-1,2
52298093,24,55,-1,-1,4
52298699,1,2,-1,-1,7
52298156,38,51,-1,-1,7
52296298,38,28,-1,-1,4
52298294,46,10,-1,-1,0
52294517,32,13,-1,-1,7
52299183,44,23,-1,-1,0
52293374,39,46,-1,-1,4
52298101,21,13,-1,-1,5
52272594,51,35,-1,-1,4
52299162,33,36,-1,-1,4
52299168,6,58,-1,-1,6
52293427,37,56,-1,-1,1
52293859,52,55,-1,-1,6
52298202,23,42,-1,-1,4
52295097,41,13,-1,-1,5
52298380,50,6,-1,-1,4
52296769,30,23,-1,-1,2
52296824,3,30,-1,-1,4
52299399,2,38,-1,-1,4
52297637,23,44,-1,-1,4
52294108,42,48,-1,-1,1
52299067,46,40,-1,-1,0
52297530,50,31,-1,-1,3
52299003,3,21,-1,-1,2
52295263,22,34,-1,-1,2
52298528,19,57,-1,-1,4
52294573,31,1,-1,-1,3
52296449,46,42,-1,-1,5
52298940,25,13,-1,-1,2
52298505,4,45,-1,-1,3
52298155,15,14,-1,-1,7
52284164,26,1,-1,-1,2
52299369,3,47,-1,-1,0
52293694,53,15,-1,-1,1
52296698,51,43,-1,-1,4
52297793,58,37,-1,-1,7
52293202,38,4,-1,-1,0
52297612,46,8,-1,-1,4
52295564,2,50,-1,-1,5
52297811,50,38,-1,-1,7
52297894,14,39,-1,-1,7
52281762,48,34,-1,-1,4
52295188,58,8,-1,-1,7
52295684,11,42,-1,-1,0
52287440,18,41,-1,-1,4
52296119,17,25,-1,-1,1
52294743,19,33,-1,-1,6
52298456,7,2,-1,-1,7
52296829,39,26,-1,-1,2
52299230,8,40,-1,-1,3
52298981,4,30,-1,-1,6
52293425,25,20,-1,-1,4
52294861,49,16,-1,-1,6
52297697,18,3,-1,-1,4
52297307,14,19,-1,-1,0
52297854,36,18,-1,-1,7
52291980,44,27,-1,-1,0
52298680,55,43,-1,-1,6
52298250,13,12,-1,-1,4
52298883,44,18,-1,-1,7
52278375,53,33,-1,-1,4
52298966,22,28,-1,-1,2
52295763,58,44,-1,-1,5
52296145,28,45,-1,-1,3
52296027,24,36,-1,-1,1
52295969,49,25,-1,-1,1
52294760,9,30,-1,-1,5
52298358,19,47,-1,-1,3
52298786,53,10,-1,-1,5
52298803,31,46,-1,-1,5
52298532,24,14,-1,-1,2
52296814,34,40,-1,-1,0
52293716,32,22,-1,-1,1
52297464,41,26,-1,-1,5
52294212,2,58,-1,-1,1
52296636,26,43,-1,-1,2
52298823,56,3,-1,-1,2
52296977,12,41,-1,-1,2
52297300,19,9,-1,-1,3
52297470,2,40,-1,-1,5
52293981,53,44,-1,-1,7
52297968,50,54,-1,-1,3
52298618,43,23,-1,-1,0
52299158,48,15,-1,-1,5
52283367,53,30,-1,-1,5
52296658,15,26,-1,-1,5
52299205,1,3,-1,-1,7
52295051,24,5,-1,-1,0
52297293,31,23,-1,-1,4
52296083,13,15,-1,-1,2
52298919,42,51,-1,-1,1
52296338,26,14,-1,-1,7
52270940,10,16,-1,-1,6
52298972,57,48,-1,-1,2
52296710,2,55,-1,-1,0
52298239,17,19,-1,-1,6
52298842,19,30,-1,-1,4
52299366,1,13,-1,-1,2
52295025,50,55,-1,-1,6
52298375,35,9,-1,-1,2
52298196,9,36,-1,-1,5
52297536,8,4,-1,-1,7
52295815,57,51,-1,-1,3
52295995,57,49,-1,-1,7
52299309,57,39,-1,-1,1
52290169,2,36,-1,-1,5
52296748,57,46,-1,-1,4
52297988,28,30,-1,-1,5
52298914,19,51,-1,-1,3
52296749,6,27,-1,-1,7
52299403,37,41,-1,-1,4
52292498,37,25,-1,-1,7
52296279,50,45,-1,-1,5
52286585,9,45,-1,-1,1
52298576,25,25,-1,-1,7
52298943,18,9,-1,-1,5
52292779,25,10,-1,-1,0
52295662,28,42,-1,-1,0
52293309,1,39,-1,-1,1
52298396,17,35,-1,-1,1
52299358,15,22,-1,-1,0
52296051,21,6,-1,-1,2
52298628,21,27,-1,-1,4
52298978,8,58,-1,-1,1
52289684,57,5,-1,-1,4
52298334,5,32,-1,-1,2
52297483,48,9,-1,-1,0
52298424,45,40,-1,-1,3
52296873,7,13,-1,-1,2
52294613,13,34,-1,-1,2
52292752,30,31,-1,-1,2
52297900,20,16,-1,-1,5
52298195,54,15,-1,-1,4
52297727,48,13,-1,-1,6
52299063,41,40,-1,-1,3
52298713,3,56,-1,-1,2
52297618,55,29,-1,-1,6
52299198,28,26,-1,-1,1
52298992,26,15,-1,-1,2
52298904,46,37,-1,-1,3
52296032,35,25,-1,-1,0
52287591,56,25,-1,-1,2
52292601,48,10,-1,-1,7
52295845,35,33,-1,-1,4
52276722,10,15,-1,-1,5
52298971,44,15,-1,-1,6
52298005,3,45,-1,-1,5
52291554,9,1,-1,-1,1
52295909,28,19,-1,-1,6
52299166,7,33,-1,-1,6
52299359,42,6,-1,-1,1
52294028,32,51,-1,-1,5
52299308,45,33,-1,-1,7
52298107,7,56,-1,-1,0
52298565,49,7,-1,-1,4
52295112,7,1,-1,-1,1
52299111,27,30,-1,-1,6
52298903,22,25,-1,-1,7
52293691,46,20,-1,-1,5
52298584,14,55,-1,-1,2
52297657,0,32,-1,-1,2
52297581,20,19,-1,-1,7
52282594,51,19,-1,-1,5
52294950,20,8,-1,-1,7
52295649,5,35,-1,-1,4
52297158,44,7,-1,-1,6
52298617,48,56,-1,-1,3
52298667,54,35,-1,-1,7
52297687,35,34,-1,-1,2
52299311,38,57,-1,-1,4
52299391,32,25,-1,-1,0
52298450,45,57,-1,-1,0
52293928,28,8,-1,-1,1
52296844,11,28,-1,-1,2
52269746,14,1,-1,-1,3
52293713,1,21,-1,-1,6
52295946,56,31,-1,-1,2
52297007,31,32,-1,-1,3
52297407,40,57,-1,-1,0
52289524,24,34,-1,-1,1
52297301,5,42,-1,-1,2
52293631,32,9,-1,-1,2
52283099,43,43,-1,-1,2
52292048,8,41,-1,-1,7
52298745,24,47,-1,-1,7
52299364,12,6,-1,-1,3
52294617,4,46,-1,-1,5
52296664,4,56,-1,-1,7
52294287,33,41,-1,-1,1
52299411,16,57,-1,-1,5
52296762,8,29,-1,-1,5
52297513,35,1,-1,-1,1
52298330,52,4,-1,-1,4
52296881,45,32,-1,-1,2
52292038,31,41,-1,-1,4
52293268,54,49,-1,-1,7
52295998,15,55,-1,-1,7
52299022,38,17,-1,-1,1
52297737,49,23,-1,-1,5
52295961,17,11,-1,-1,7
52296550,12,45,-1,-1,4
52297372,20,25,-1,-1,4
52297863,30,43,-1,-1,6
52293905,56,6,-1,-1,6
52297639,46,51,-1,-1,4
52290748,49,58,-1,-1,6
52298387,21,17,-1,-1,4
52297791,42,44,-1,-1,6
52293770,29,39,-1,-1,1
52289669,57,0,-1,-1,2
52291515,13,31,-1,-1,0
52298892,54,18,-1,-1,1
52299222,8,22,-1,-1,0
52298205,32,2,-1,-1,7
52296751,45,48,-1,-1,3
52298668,47,50,-1,-1,0
52298417,25,40,-1,-1,7
52297919,10,29,-1,-1,7
52292976,1,51,-1,-1,2
52289223,51,11,-1,-1,3
52296667,3,10,-1,-1,6
52289483,48,33,-1,-1,1
52299079,9,33,-1,-1,0
52298690,19,27,-1,-1,6
52299144,41,22,-1,-1,5
52297989,13,42,-1,-1,6
52292406,34,55,-1,-1,6
52294284,33,14,-1,-1,6
52297488,19,56,-1,-1,4
52294217,2,10,-1,-1,3
52286379,19,40,-1,-1,2
52298787,32,55,-1,-1,7
52290593,27,55,-1,-1,6
52296791,31,26,-1,-1,4
52298671,17,2,-1,-1,1
52295499,50,23,-1,-1,6
52297384,56,24,-1,-1,6
52297835,48,42,-1,-1,4
52299037,14,6,-1,-1,7
52297138,24,51,-1,-1,0
52297592,43,35,-1,-1,1
52296805,35,8,-1,-1,4
52295301,45,24,-1,-1,0
52294929,38,25,-1,-1,3
52297572,47,55,-1,-1,6
52292633,28,12,-1,-1,5
52299305,33,55,-1,-1,1
52295393,31,37,-1,-1,2
52294179,29,18,-1,-1,7
52297675,14,18,-1,-1,3
52298466,28,10,-1,-1,2
52281532,20,57,-1,-1,4
52297531,36,7,-1,-1,1
52299128,39,22,-1,-1,2
52296716,13,24,-1,-1,1
52290190,26,2,-1,-1,3
52298837,52,11,-1,-1,3
52296588,57,52,-1,-1,3
52295360,4,16,-1,-1,0
52298309,4,52,-1,-1,5
52298634,36,9,-1,-1,1
52296319,28,18,-1,-1,0
52295660,0,19,-1,-1,0
52295822,26,51,-1,-1,7
52296530,48,18,-1,-1,6
52298096,56,20,-1,-1,3
52295429,16,45,-1,-1,2
52292638,5,5,-1,-1,1
52296685,8,14,-1,-1,3
52295465,39,4,-1,-1,7
52299372,31,25,-1,-1,1
52299378,17,36,-1,-1,1
52293219,40,2,-1,-1,0
52297775,34,58,-1,-1,6
52297857,35,28,-1,-1,7
52298598,3,18,-1,-1,5
52298546,31,0,-1,-1,3
52291126,29,14,-1,-1,0
52293092,8,49,-1,-1,1
52294481,35,31,-1,-1,2
52299256,46,45,-1,-1,0
52299291,2,14,-1,-1,2
52292256,52,5,-1,-1,3
52295891,44,37,-1,-1,0
52298433,44,56,-1,-1,3
52296161,46,34,-1,-1,0
52295702,53,25,-1,-1,6
52292098,40,52,-1,-1,7
52297886,42,40,-1,-1,3
52296215,54,51,-1,-1,7
52286293,18,5,-1,-1,3
52299303,52,24,-1,-1,7
52294859,23,29,-1,-1,2
52297155,5,12,-1,-1,6
52297236,51,6,-1,-1,6
52292791,14,3,-1,-1,2
52296364,26,33,-1,-1,1
52293895,2,51,-1,-1,0
52296846,50,3,-1,-1,6
52295950,51,41,-1,-1,1
52298178,57,16,-1,-1,6
52296010,45,8,-1,-1,6
52296508,56,43,-1,-1,6
52234677,54,56,-1,-1,6
52299237,43,4,-1,-1,6
52298917,21,26,-1,-1,4
52298318,52,48,-1,-1,6
52299155,54,10,-1,-1,7
52298562,30,19,-1,-1,7
52294944,38,15,-1,-1,5
52293032,53,37,-1,-1,7
52292371,32,49,-1,-1,0
52297667,8,44,-1,-1,4
52294781,31,11,-1,-1,0
52296597,39,1,-1,-1,4
52297858,16,11,-1,-1,2
52296665,31,14,-1,-1,5
52297879,47,44,-1,-1,2
52298930,7,45,-1,-1,0
52299012,2,32,-1,-1,1
52297559,28,57,-1,-1,4
52296037,47,11,-1,-1,6
52298956,31,48,-1,-1,2
52279695,10,42,-1,-1,0
52296882,39,3,-1,-1,2
52297346,10,12,-1,-1,0
52296660,1,58,-1,-1,7
52293961,14,21,-1,-1,2
52287640,56,28,-1,-1,5
52296611,36,19,-1,-1,0
52298970,4,20,-1,-1,1
52296258,54,25,-1,-1,4
52298832,26,34,-1,-1,5
52298678,27,29,-1,-1,0
52290063,53,51,-1,-1,2
52297617,8,16,-1,-1,2
52299106,13,33,-1,-1,7
52297956,1,20,-1,-1,5
52299396,9,48,-1,-1,5
52292079,34,8,-1,-1,2
52297698,19,23,-1,-1,6
52298575,51,32,-1,-1,2
52291785,16,47,-1,-1,1
52296478,8,26,-1,-1,2
52297448,17,46,-1,-1,3
52269160,5,56,-1,-1,6
52299091,54,22,-1,-1,6
52297337,6,47,-1,-1,4
52296723,38,49,-1,-1,2
52291711,58,7,-1,-1,6
52287415,25,5,-1,-1,1
52297265,38,58,-1,-1,6
52297147,29,52,-1,-1,6
52298094,16,0,-1,-1,5
52295774,44,42,-1,-1,2
52299362,41,16,-1,-1,4
52299026,32,7,-1,-1,0
52296328,14,56,-1,-1,0
52298773,26,36,-1,-1,2
52296140,0,52,-1,-1,0
52295271,36,2,-1,-1,2
52298902,44,55,-1,-1,2
52293157,15,0,-1,-1,4
52295696,30,44,-1,-1,3
52296477,53,22,-1,-1,2
52291530,12,55,-1,-1,5
52296142,14,30,-1,-1,1
52292643,57,47,-1,-1,3
52296290,22,53,-1,-1,0
52297068,21,36,-1,-1,3
52297599,37,49,-1,-1,6
52299029,52,32,-1,-1,0
52296730,40,15,-1,-1,1
52288116,7,30,-1,-1,4
52291206,34,12,-1,-1,4
52299306,2,0,-1,-1,6
52297324,16,40,-1,-1,0
52293825,20,39,-1,-1,4
52298355,32,42,-1,-1,7
52294105,27,56,-1,-1,6
52297436,30,56,-1,-1,4
52291504,21,52,-1,-1,3
52296945,39,15,-1,-1,3
52291602,0,0,-1,-1,4
52298687,49,41,-1,-1,6
52296408,23,5,-1,-1,0
52295101,27,53,-1,-1,4
52295272,56,0,-1,-1,2
52299032,42,18,-1,-1,6
52297967,35,6,-1,-1,1
52292984,42,31,-1,-1,7
52298759,15,27,-1,-1,0
52298799,33,48,-1,-1,1
52298561,14,10,-1,-1,1
52297525,47,53,-1,-1,0
52297753,37,26,-1,-1,7
52294738,57,13,-1,-1,5
52297362,20,43,-1,-1,0
52297789,21,50,-1,-1,2
52298108,45,49,-1,-1,7
52291686,52,16,-1,-1,4
52294247,32,6,-1,-1,2
52292017,20,34,-1,-1,2
52298222,1,30,-1,-1,2
52298726,24,39,-1,-1,6
52292716,55,39,-1,-1,7
52297785,29,19,-1,-1,1
52297454,2,1,-1,-1,4
52293272,28,24,-1,-1,3
52287364,10,43,-1,-1,5
52283103,50,53,-1,-1,3
52298888,21,22,-1,-1,2
52299053,31,8,-1,-1,7
52298106,36,44,-1,-1,3
52299281,27,0,-1,-1,2
52291036,36,54,-1,-1,7
52294023,15,29,-1,-1,7
52298029,37,46,-1,-1,7
52296183,13,57,-1,-1,3
52298948,11,52,-1,-1,6
52279922,55,37,-1,-1,3
52294618,6,37,-1,-1,1
52296568,53,27,-1,-1,2
52286810,7,12,-1,-1,0
52296810,25,35,-1,-1,4
52297178,4,18,-1,-1,4
52297478,21,2,-1,-1,2
52296646,48,17,-1,-1,4
52297653,20,24,-1,-1,6
52293875,20,20,-1,-1,3
52295977,0,33,-1,-1,4
52296841,32,30,-1,-1,2
52298257,0,23,-1,-1,3
52297855,18,43,-1,-1,5
52295872,37,50,-1,-1,0
52296311,55,4,-1,-1,0
52289408,23,31,-1,-1,2
52298073,50,43,-1,-1,7
52296341,16,6,-1,-1,5
52297796,9,9,-1,-1,4
52297196,16,14,-1,-1,7
52297962,49,43,-1,-1,5
52298082,10,22,-1,-1,5
52297264,56,47,-1,-1,3
52296415,54,48,-1,-1,6
52294927,0,31,-1,-1,0
52292241,53,49,-1,-1,4
52299121,12,22,-1,-1,7
52297150,29,13,-1,-1,5
52288528,37,14,-1,-1,2
52280107,8,9,-1,-1,2
52292807,57,45,-1,-1,4
52291741,22,51,-1,-1,2
52298947,36,13,-1,-1,5
52298622,45,18,-1,-1,7
52295203,42,4,-1,-1,2
52297176,19,20,-1,-1,3
52299145,12,57,-1,-1,7
52287542,54,8,-1,-1,5
52298666,30,30,-1,-1,7
52289685,48,6,-1,-1,2
52297969,31,30,-1,-1,1
52297106,0,27,-1,-1,0
52297565,45,0,-1,-1,2
52295472,21,47,-1,-1,3
52299389,46,16,-1,-1,4
52294005,40,24,-1,-1,1
52296999,33,29,-1,-1,0
52298797,33,6,-1,-1,4
52287510,31,4,-1,-1,4
52292698,4,48,-1,-1,6
52286602,50,14,-1,-1,1
52296934,36,32,-1,-1,3
52299352,48,19,-1,-1,5
52297889,16,12,-1,-1,2
52298519,34,28,-1,-1,4
52298705,31,3,-1,-1,2
52299093,38,9,-1,-1,3
52295477,3,22,-1,-1,2
52295103,44,3,-1,-1,1
52296352,5,19,-1,-1,0
52297037,17,14,-1,-1,0
52298541,50,30,-1,-1,5
52297569,10,7,-1,-1,6
52286823,17,23,-1,-1,2
52296226,58,52,-1,-1,5
52297812,10,2,-1,-1,4
52291915,58,6,-1,-1,6
52298032,37,2,-1,-1,3
52287720,53,50,-1,-1,5
52298850,57,42,-1,-1,5
52295854,14,13,-1,-1,7
52298105,25,19,-1,-1,0
52292943,46,5,-1,-1,7
52299320,25,51,-1,-1,2
52298428,40,16,-1,-1,2
52299051,5,30,-1,-1,3
52293637,20,5,-1,-1,2
52294663,53,26,-1,-1,4
52296835,2,5,-1,-1,4
52295728,7,54,-1,-1,3
52295373,46,18,-1,-1,0
52298529,23,32,-1,-1,1
52298758,17,16,-1,-1,1
52296007,14,16,-1,-1,3
52294978,57,21,-1,-1,7
52299097,34,33,-1,-1,7
52297277,6,50,-1,-1,6
52297809,41,45,-1,-1,6
52293385,27,58,-1,-1,2
52296012,16,32,-1,-1,6
52298109,35,46,-1,-1,0
52291100,0,57,-1,-1,4
52295851,20,44,-1,-1,2
52297985,18,30,-1,-1,1
52297446,40,30,-1,-1,2
52299023,24,46,-1,-1,6
52295153,17,30,-1,-1,5
52293363,58,38,-1,-1,5
52296272,47,37,-1,-1,7
52296631,48,16,-1,-1,3
52294973,53,12,-1,-1,2
52296035,32,52,-1,-1,2
52296850,23,54,-1,-1,5
52298801,17,31,-1,-1,2
52298523,36,15,-1,-1,3
52293896,0,15,-1,-1,0
52291854,31,10,-1,-1,0
52298072,4,41,-1,-1,1
52298365,56,55,-1,-1,7
52296079,43,31,-1,-1,5
52290307,52,27,-1,-1,0
52292849,0,30,-1,-1,1
52296617,58,55,-1,-1,7
52291844,25,58,-1,-1,1
52294569,58,28,-1,-1,5
52297761,17,0,-1,-1,2
52288852,35,17,-1,-1,2
52292619,30,28,-1,-1,6
52298735,53,19,-1,-1,1
52296967,7,50,-1,-1,0
52298386,18,0,-1,-1,3
52298400,24,20,-1,-1,2
52282763,53,47,-1,-1,6
52294915,31,18,-1,-1,2
52294157,25,30,-1,-1,5
52298804,33,12,-1,-1,1
52298435,18,39,-1,-1,1
52295470,37,55,-1,-1,2
52297992,39,51,-1,-1,4
52296896,14,9,-1,-1,5
52295991,50,8,-1,-1,3
52299116,45,29,-1,-1,5
52294061,44,52,-1,-1,3
52293913,45,44,-1,-1,4
52297963,40,21,-1,-1,5
52298782,57,22,-1,-1,2
52288159,46,4,-1,-1,0
52291098,53,42,-1,-1,6
52296134,30,7,-1,-1,1
52284444,11,46,-1,-1,6
52286831,0,44,-1,-1,3
52299054,22,49,-1,-1,3
52293669,4,24,-1,-1,3
52296993,7,47,-1,-1,4
52298724,54,4,-1,-1,2
52287906,29,7,-1,-1,6
52298520,14,25,-1,-1,1
52296777,47,39,-1,-1,7
52298143,0,3,-1,-1,4
52297974,24,54,-1,-1,6
52292598,12,7,-1,-1,2
52296885,19,53,-1,-1,2
52298945,5,0,-1,-1,4
52289014,31,58,-1,-1,1
52297771,8,31,-1,-1,6
52296818,40,48,-1,-1,6
52296440,15,7,-1,-1,0
52286661,8,52,-1,-1,4
52283411,52,6,-1,-1,7
52295799,26,56,-1,-1,4
52287464,26,23,-1,-1,4
52298283,17,48,-1,-1,7
52299235,31,28,-1,-1,6
52296466,33,24,-1,-1,4
52280081,2,20,-1,-1,1
52299031,25,42,-1,-1,3
52298122,12,14,-1,-1,3
52295829,54,50,-1,-1,7
52296284,29,49,-1,-1,6
52296483,40,4,-1,-1,3
52296795,37,35,-1,-1,1
52299083,39,25,-1,-1,5
52292112,24,57,-1,-1,6
52295673,18,13,-1,-1,7
52295817,7,22,-1,-1,7
52295246,3,11,-1,-1,4
52298042,3,48,-1,-1,7
52297319,0,28,-1,-1,4
52298582,52,12,-1,-1,4
52296898,16,7,-1,-1,2
52297348,36,50,-1,-1,5
52296766,48,22,-1,-1,7
52295258,51,14,-1,-1,0
52296655,38,19,-1,-1,0
52298266,29,36,-1,-1,6
52297774,36,8,-1,-1,7
52297220,14,24,-1,-1,5
52295509,28,58,-1,-1,6
52294124,41,52,-1,-1,3
52291142,16,50,-1,-1,4
52296469,57,27,-1,-1,7
52299132,28,17,-1,-1,1
52298201,6,44,-1,-1,5
52292472,34,14,-1,-1,0
52298623,24,30,-1,-1,5
52297632,46,17,-1,-1,6
52298879,42,30,-1,-1,4
52298926,4,31,-1,-1,4
52291238,3,57,-1,-1,3
52298767,43,2,-1,-1,7
52298213,28,33,-1,-1,2
52297188,11,33,-1,-1,3
52295698,24,50,-1,-1,6
52295769,10,31,-1,-1,4
52296150,41,48,-1,-1,5
52292231,53,57,-1,-1,3
52288761,57,58,-1,-1,0
52298595,47,31,-1,-1,1
52298443,58,5,-1,-1,0
52298886,43,49,-1,-1,6
52296919,17,58,-1,-1,2
52299278,38,45,-1,-1,7
52297184,36,30,-1,-1,1
52286118,18,8,-1,-1,5
52299075,47,33,-1,-1,0
52297770,8,13,-1,-1,7
52298522,2,17,-1,-1,4
52298961,6,41,-1,-1,2
52297433,51,30,-1,-1,7
52295884,16,38,-1,-1,5
52296906,58,32,-1,-1,5
52293122,22,37,-1,-1,3
52296996,55,22,-1,-1,0
52299245,14,5,-1,-1,2
52292745,35,54,-1,-1,6
52292595,58,43,-1,-1,0
52298059,17,20,-1,-1,0
52293162,15,15,-1,-1,0
52297859,18,23,-1,-1,5
52294757,34,44,-1,-1,2
52298615,41,1,-1,-1,1
52297893,15,32,-1,-1,4
52297895,43,7,-1,-1,4
52298599,15,25,-1,-1,2
52298230,0,48,-1,-1,3
52289897,40,5,-1,-1,7
52298592,12,35,-1,-1,6
52292659,27,45,-1,-1,7
52294799,42,17,-1,-1,7
52296278,33,0,-1,-1,6
52283957,46,33,-1,-1,2
52292544,30,45,-1,-1,4
52292826,50,7,-1,-1,3
52298817,21,41,-1,-1,1
52298704,32,16,-1,-1,0
52299326,7,32,-1,-1,3
52298311,42,11,-1,-1,4
52297703,50,19,-1,-1,5
52295853,53,34,-1,-1,6
52298627,2,34,-1,-1,4
52298453,24,10,-1,-1,0
52299414,6,43,-1,-1,2
