0 0 0 0 0 0 0 0 0 0 0 0 0 0 0 0 0 0 0 2 2 2 2 2 2 2 0 0 0 0 0 0 0 0 0 0 0 0 4 4 0 0 0 4 4 0 0 0 2 2 2 2 4 0 0 0 0 0 0 
0 0 0 0 0 0 0 0 0 0 0 0 0 0 0 0 0 2 2 2 0 0 2 0 0 0 0 0 0 0 0 0 0 0 0 0 0 0 0 4 4 0 4 0 4 4 4 0 4 2 0 4 4 4 0 0 0 0 0 
0 0 0 0 0 0 0 0 0 0 0 0 0 0 0 0 0 0 2 2 2 0 2 2 0 0 0 0 0 0 0 0 0 0 0 0 0 0 0 0 0 4 0 4 4 4 4 4 0 0 0 0 4 0 18 4 0 0 0 
0 0 0 0 0 0 0 0 0 0 0 0 0 0 0 0 18 0 2 2 2 2 2 2 0 2 0 2 0 0 0 0 2 4 4 0 0 4 68 68 4 4 68 2 4 4 0 0 0 0 0 0 4 4 4 0 0 0 4 
0 2 0 0 0 0 0 0 0 0 0 0 0 0 0 0 18 2 2 2 2 0 0 2 2 2 2 16 0 0 0 0 0 2 4 0 4 0 0 2 4 0 2 2 4 4 4 0 4 4 0 4 4 4 4 0 0 0 0 
2 0 0 0 0 0 0 0 0 0 0 0 2 0 0 0 18 18 18 18 0 0 2 2 16 2 0 2 0 0 0 0 0 0 0 0 4 4 2 64 0 68 0 2 4 4 4 4 4 4 0 0 0 4 4 4 0 0 0 
2 0 2 2 0 0 0 0 0 0 0 0 0 0 0 0 18 2 2 0 18 2 2 16 2 0 2 0 2 18 0 0 0 0 0 4 4 4 2 0 4 68 4 4 4 4 4 4 4 4 4 4 0 68 4 0 68 0 0 
2 2 2 0 8 0 0 0 0 0 0 0 0 24 0 0 0 2 2 0 0 0 2 2 0 0 0 18 18 18 18 2 0 0 0 4 4 2 2 4 68 68 68 0 4 4 0 4 4 4 4 16 4 68 0 0 0 0 0 
8 2 0 0 0 0 0 0 0 0 0 0 0 24 24 0 0 0 0 18 18 2 2 2 0 16 0 0 18 18 0 0 0 0 2 2 2 2 2 2 0 68 0 0 68 4 4 4 0 4 4 4 0 4 0 0 0 0 0 
8 8 0 0 8 0 0 0 0 0 24 24 0 24 24 0 18 2 2 0 18 16 2 16 18 0 18 0 0 0 18 0 0 0 0 0 0 2 2 0 2 2 2 0 68 4 4 4 4 4 4 4 4 4 68 0 0 0 0 
8 8 8 8 8 8 0 0 0 0 0 0 0 18 24 0 18 2 18 0 16 18 16 18 18 2 0 0 0 2 0 0 2 0 0 2 2 2 2 2 4 0 4 4 4 2 4 0 4 4 0 4 0 4 0 0 0 4 0 
8 8 8 8 8 24 8 0 0 0 2 0 0 0 24 24 18 2 18 16 0 18 18 18 18 18 0 0 0 0 2 18 2 2 2 0 2 2 4 68 4 4 68 0 68 68 2 4 2 4 0 4 2 4 4 0 0 6 0 
8 24 8 8 8 8 8 0 0 0 2 8 2 0 24 0 0 18 18 2 18 18 18 18 18 18 18 0 18 0 18 2 18 0 2 0 2 4 2 68 4 68 68 4 68 68 192 4 4 4 4 20 20 20 20 0 6 0 0 
8 0 0 0 0 24 8 8 0 0 2 2 8 2 0 18 18 0 0 18 18 18 18 18 0 18 18 18 18 2 18 18 16 2 0 2 0 68 0 4 4 0 68 68 4 68 68 68 0 68 4 4 20 20 20 0 0 0 0 
0 8 2 2 24 0 0 0 8 8 8 18 0 0 18 8 18 0 18 18 18 2 18 18 18 18 18 0 0 0 16 18 16 2 0 0 68 0 0 2 2 0 68 68 68 4 68 68 68 68 68 4 4 68 2 0 0 0 0 
0 8 2 2 2 24 8 8 8 8 8 0 18 8 18 18 16 18 16 18 18 18 2 18 18 18 16 16 0 16 0 16 16 0 2 0 0 2 68 64 64 68 68 68 68 4 68 68 68 68 68 68 4 68 4 4 0 0 0 
0 0 10 2 8 24 8 8 8 8 8 0 10 8 0 18 16 16 18 18 2 2 18 18 18 18 0 16 16 18 0 18 0 0 0 2 20 0 0 68 68 68 68 68 68 68 64 68 68 68 68 4 4 4 68 0 0 68 68 
8 8 0 10 0 20 8 8 8 8 8 10 10 10 24 18 0 24 16 16 2 2 2 18 18 18 0 16 16 16 16 18 18 16 2 16 2 20 20 68 68 68 68 68 68 68 0 0 68 20 68 64 16 0 4 68 0 68 0 
0 0 8 20 8 8 8 8 8 8 8 8 10 0 24 18 24 18 18 0 18 0 0 18 18 18 18 18 18 18 16 16 16 0 16 64 2 64 20 0 68 68 68 68 68 68 68 68 68 68 0 0 0 0 4 4 4 4 4 
0 0 0 8 8 8 0 8 8 8 0 0 0 24 0 24 18 24 24 24 0 18 0 16 16 18 18 18 18 16 16 16 0 0 0 64 16 16 68 68 68 4 4 68 68 68 68 68 68 64 20 20 2 0 68 0 0 68 4 
0 0 0 8 8 0 8 8 8 8 8 0 24 24 24 0 8 8 0 16 24 18 16 16 0 16 16 16 16 16 16 16 16 16 16 16 68 68 16 16 2 68 68 68 0 68 68 68 0 22 68 68 68 68 0 0 0 68 68 
8 8 0 8 8 8 8 8 0 0 0 24 0 24 24 24 24 24 24 24 18 0 0 0 16 16 16 16 16 0 16 16 16 0 0 0 68 68 64 64 64 0 0 64 68 68 68 68 68 2 68 68 68 68 68 0 68 0 0 
8 8 8 8 8 8 8 8 16 16 24 0 16 16 24 16 24 24 24 18 18 16 0 18 16 18 16 16 16 64 16 68 16 16 0 16 64 68 64 0 68 68 68 68 68 68 68 68 68 68 68 68 68 68 68 68 68 0 0 
0 8 8 8 8 8 8 16 16 8 0 8 0 16 16 0 16 0 0 24 0 0 0 0 16 16 16 0 64 16 16 0 0 68 68 68 68 68 68 0 0 64 0 0 68 68 0 68 68 68 64 0 0 68 68 68 68 0 0 
8 8 8 8 16 16 8 8 8 8 24 0 24 24 0 16 0 0 0 16 16 16 16 24 16 16 0 16 0 18 18 0 18 68 68 0 68 64 64 0 68 0 64 64 68 68 0 0 68 64 68 68 64 68 0 0 0 0 0 
8 8 24 8 8 8 8 8 8 8 8 8 8 8 16 16 0 0 24 0 16 16 68 68 24 68 16 68 16 18 18 18 18 18 68 16 0 68 0 64 68 64 68 68 68 132 64 64 0 64 68 68 68 64 0 68 0 68 0 
8 0 24 16 8 8 128 128 8 8 8 8 0 8 0 24 0 0 0 68 28 68 68 68 68 68 0 68 68 0 0 18 68 68 68 68 0 68 64 68 0 68 68 0 132 132 132 64 132 132 64 68 132 68 64 4 68 68 68 
24 16 16 128 128 128 128 128 8 8 128 128 128 8 24 0 24 68 68 68 68 68 68 0 68 68 68 68 68 16 18 0 68 68 68 68 68 0 68 0 128 132 68 68 0 128 132 132 64 64 64 132 68 132 64 68 68 64 64 
130 16 24 24 128 128 8 128 128 0 8 0 130 0 0 24 64 68 68 68 68 68 68 68 0 68 68 68 68 68 16 68 68 0 68 68 68 0 68 64 128 128 128 128 128 132 132 132 64 64 132 132 132 0 0 68 68 4 64 
130 130 24 128 0 128 8 128 128 128 8 130 128 0 128 24 68 24 24 20 20 68 68 4 0 0 68 68 68 0 68 0 18 0 68 128 68 68 64 128 128 128 128 0 128 128 128 128 132 132 132 64 2 4 132 0 68 64 64 
130 130 0 130 130 130 8 8 128 8 130 128 128 128 0 64 68 68 68 4 0 68 68 68 68 0 68 68 68 68 68 0 0 0 68 68 128 0 128 128 0 128 0 0 128 128 128 132 132 132 132 64 4 132 132 132 0 64 0 
130 130 0 130 130 8 130 128 130 128 8 8 128 1 24 68 68 68 68 68 68 0 68 68 68 68 68 68 68 68 0 68 0 68 68 0 2 68 64 0 0 128 128 128 128 128 132 132 132 132 64 132 128 132 132 132 132 0 0 
130 2 130 0 130 130 0 128 128 128 128 128 128 130 130 130 68 68 68 68 68 68 68 68 0 68 68 68 68 68 68 68 6 68 68 68 2 68 128 0 128 128 128 128 128 132 128 132 132 132 128 128 0 132 132 132 4 0 0 
130 0 0 130 130 130 130 130 128 128 130 130 130 128 130 130 68 68 0 68 0 68 68 68 68 68 68 16 68 68 68 68 68 68 68 68 2 2 68 128 128 128 128 128 132 132 128 132 132 128 132 132 132 132 4 4 4 4 4 
0 0 130 130 130 130 130 130 130 130 130 130 130 130 128 130 128 68 68 68 68 68 68 68 68 68 68 16 68 68 68 68 68 68 68 68 128 132 128 128 128 128 128 2 132 128 128 128 132 132 132 132 132 0 132 0 4 0 4 
0 0 2 2 0 130 130 130 0 130 130 130 130 0 128 128 128 68 68 68 68 68 68 68 68 68 68 16 68 68 68 68 68 68 68 68 68 132 128 128 128 128 128 128 128 0 132 132 132 132 132 132 132 132 0 4 4 4 4 
0 0 130 2 0 130 130 130 130 130 130 130 128 0 128 128 128 68 68 68 68 68 68 0 68 68 68 68 0 68 68 68 68 68 68 68 0 128 128 24 128 128 128 128 132 132 128 132 132 132 132 132 132 132 4 24 4 12 12 
16 128 0 130 130 0 130 130 130 130 130 130 128 0 128 128 128 68 68 68 68 0 0 0 68 68 68 68 68 68 68 68 68 68 20 68 24 24 4 0 0 128 128 128 128 132 132 132 132 132 132 132 132 132 132 4 4 12 12 
128 0 130 130 130 130 0 130 130 130 0 128 128 128 128 130 68 68 68 68 68 68 68 68 24 68 68 68 4 68 0 68 68 20 0 0 0 0 4 132 0 132 128 128 132 132 132 132 132 132 132 132 0 132 132 132 132 132 12 
2 2 2 130 130 130 2 130 2 130 130 128 128 130 128 128 128 68 0 68 68 68 68 68 4 24 68 4 68 68 68 68 68 68 68 0 12 12 12 12 132 128 128 0 132 0 0 132 0 132 132 132 132 132 132 132 132 12 12 
130 130 130 130 130 130 130 2 130 128 130 128 128 0 128 128 0 128 68 0 68 68 0 68 24 0 24 68 4 68 8 8 0 68 0 24 12 12 12 128 128 128 128 132 132 132 0 132 132 2 132 132 132 132 132 132 132 12 12 
130 130 130 130 130 0 130 0 130 130 130 130 130 128 128 128 0 0 0 68 68 68 68 0 24 68 24 68 68 8 8 0 24 8 0 24 0 12 12 128 128 128 128 0 132 132 132 132 132 132 0 132 4 132 128 0 0 18 12 
0 130 130 130 130 130 130 130 0 128 130 130 130 128 1 128 128 128 128 68 68 68 68 68 68 24 0 68 8 68 0 8 8 24 8 24 24 12 2 2 8 0 8 8 0 0 0 0 132 132 0 132 132 6 6 20 18 12 18 
130 130 130 130 2 130 2 130 130 0 2 128 128 0 128 1 128 1 64 68 68 68 6 64 24 68 68 8 68 8 8 8 24 8 24 24 12 8 8 0 8 8 0 8 132 132 132 128 132 0 132 12 132 132 6 0 18 6 12 
130 130 0 0 130 130 130 130 2 0 18 18 18 128 128 1 0 1 1 68 68 0 64 64 64 68 24 8 8 8 8 8 8 24 24 24 8 4 4 12 8 12 0 4 132 12 132 132 132 132 132 0 12 6 6 128 2 6 4 
130 130 130 130 130 130 130 2 0 0 2 18 128 128 128 128 0 130 1 0 64 68 64 18 24 68 24 24 8 8 8 24 24 24 24 24 12 8 12 12 12 12 12 8 0 12 132 132 132 4 132 4 6 6 12 6 6 2 4 
0 0 130 130 130 130 2 130 0 2 2 0 130 18 130 128 16 130 1 1 16 0 18 24 0 64 64 64 0 24 24 24 24 24 24 24 12 12 12 12 12 12 12 12 12 12 4 0 12 12 4 132 0 12 12 12 12 6 0 
0 0 0 130 130 2 130 0 130 2 2 2 130 18 18 130 0 130 130 130 16 0 64 24 18 24 64 24 24 8 8 24 24 24 24 12 12 12 12 12 12 4 12 12 0 12 12 24 0 0 132 8 4 12 12 12 6 4 6 
0 2 2 130 130 130 2 0 0 2 2 2 2 18 128 130 0 0 130 0 18 16 0 18 24 24 24 24 0 24 24 24 0 24 24 12 12 12 12 12 22 22 12 0 12 12 0 12 12 132 12 4 4 12 12 6 6 6 0 
0 0 2 2 2 2 2 2 0 0 2 2 2 18 18 2 130 18 130 130 0 0 24 24 24 24 24 16 24 24 24 0 12 24 24 12 4 12 12 12 12 12 12 12 4 12 12 12 4 4 4 12 4 4 6 12 6 4 6 
2 0 2 2 2 2 2 2 2 2 2 2 2 2 2 18 130 18 128 130 18 0 0 18 0 24 24 0 24 24 24 24 0 12 0 24 24 4 12 12 22 12 12 0 4 4 4 12 12 4 12 4 12 12 4 4 0 6 4 
2 2 2 2 2 2 2 2 0 2 2 2 2 2 2 18 18 0 0 18 18 18 18 24 24 24 24 0 24 24 24 24 24 24 12 0 24 24 24 12 22 12 12 4 4 12 4 4 4 12 12 12 4 4 2 4 4 4 0 
2 0 2 0 0 0 0 2 2 0 2 2 18 18 2 0 18 18 18 18 2 18 24 24 24 24 24 24 24 24 24 24 24 24 24 24 12 24 12 20 20 0 12 22 22 12 12 12 12 12 12 12 4 12 2 12 0 0 0 
0 0 2 2 0 0 2 2 2 0 2 2 2 0 18 16 0 18 16 16 18 24 8 8 18 24 24 24 4 24 24 24 24 24 0 24 12 12 12 12 20 20 20 0 0 12 12 12 0 12 12 12 12 4 12 2 0 0 0 
2 0 2 2 2 2 2 2 0 2 0 2 0 18 0 0 0 0 0 0 16 0 24 8 0 18 24 24 24 24 24 24 0 0 24 24 12 0 12 20 12 20 0 12 12 12 12 0 8 12 12 12 0 12 4 0 0 0 0 
2 2 2 0 2 2 2 2 0 2 18 18 18 0 18 18 0 18 16 0 16 0 24 6 0 0 24 24 0 24 24 24 24 24 0 24 24 12 12 12 12 12 0 12 12 20 12 0 12 128 12 12 12 12 12 12 0 0 0 
0 2 0 0 0 0 0 0 0 0 18 18 18 18 18 16 18 18 0 0 0 0 0 24 24 24 0 24 24 0 0 24 0 24 16 24 0 16 24 24 24 12 12 12 12 12 12 0 12 12 0 12 12 8 12 12 0 0 0 
0 0 0 0 0 0 0 0 0 0 18 18 2 18 0 18 0 16 0 0 0 0 0 0 24 24 24 24 0 24 0 16 16 16 24 24 24 24 24 24 24 0 0 0 12 12 12 0 12 12 24 24 0 8 12 8 24 0 0 
0 0 0 0 0 0 0 0 0 0 0 0 0 18 16 16 0 0 16 16 16 0 0 0 0 16 24 24 24 24 16 16 16 16 24 24 24 24 0 4 0 0 0 0 0 0 0 0 0 12 24 24 12 8 8 8 0 0 0 
