0 0 0 0 0 0 0 0 0 1 1 0 1 1 1 0 1 1 6 6 6 6 4 6 6 6 6 1 1 0 0 0 0 0 0 4 4 4 0 0 0 0 0 0 0 0 0 0 0 0 0 0 0 0 0 0 0 0 0 
0 0 0 0 0 0 0 0 0 0 1 1 1 1 1 1 6 1 6 4 6 4 6 6 6 0 4 1 1 6 0 0 4 0 4 0 4 4 4 0 0 0 0 0 0 0 0 0 0 0 0 0 0 0 0 0 0 0 0 
0 0 0 0 0 0 0 0 0 0 0 1 1 1 1 1 1 0 1 0 2 6 0 6 6 6 6 6 1 6 0 0 4 4 0 0 0 4 4 0 0 0 0 0 0 0 0 0 0 0 0 0 0 0 0 0 0 0 0 
0 0 0 0 0 0 0 0 1 1 0 1 1 1 1 1 0 1 0 2 22 22 6 22 22 4 6 6 6 6 6 0 6 4 6 0 4 0 0 0 4 0 0 0 0 0 0 0 0 0 0 0 0 0 0 0 0 0 0 
0 0 0 0 0 0 1 1 0 1 0 1 0 1 1 0 1 1 22 1 6 6 22 6 4 0 4 6 0 0 6 4 6 0 0 4 4 4 0 4 4 0 4 0 0 0 0 1 0 0 0 0 0 0 0 0 0 0 0 
0 0 0 1 0 0 1 0 0 1 1 0 1 1 1 0 1 1 22 1 4 0 22 6 6 4 4 0 6 6 4 4 4 6 6 6 4 0 0 4 4 6 4 0 0 0 0 1 1 1 1 0 0 0 0 0 0 0 0 
0 0 0 1 0 0 1 0 0 4 4 4 22 1 0 1 1 1 1 0 0 4 6 22 0 6 6 6 6 6 4 4 4 6 0 0 4 4 0 0 0 4 4 0 0 0 0 1 0 0 0 0 0 0 0 0 0 0 0 
0 0 0 0 0 0 0 0 1 0 0 1 1 1 22 1 1 22 1 1 0 4 0 0 6 6 6 6 4 6 4 0 6 0 6 4 0 4 0 0 6 6 4 4 4 0 0 0 1 0 0 0 0 0 0 0 0 0 0 
0 0 0 0 0 0 0 0 0 0 0 20 20 20 1 1 22 0 1 1 4 4 2 2 6 6 6 6 6 6 6 6 6 0 4 4 4 0 4 0 0 0 4 4 1 4 0 0 0 0 0 0 0 0 0 0 0 0 0 
0 0 0 0 0 0 0 0 22 22 20 22 4 22 1 22 22 4 0 4 20 4 4 4 2 6 6 6 6 6 6 6 0 4 4 4 0 4 4 36 4 4 4 1 4 0 0 0 0 65 65 0 0 0 0 0 0 0 0 
0 0 0 0 0 0 0 0 22 22 0 22 22 4 4 22 22 4 1 22 0 20 4 4 22 6 6 6 6 6 6 6 6 0 4 0 4 4 4 0 4 0 4 4 1 0 0 65 65 65 0 0 0 0 0 0 0 0 0 
0 0 0 0 0 0 0 0 0 0 0 22 0 0 0 22 22 22 0 22 22 2 2 2 2 6 0 6 6 6 6 4 6 6 6 6 4 4 6 4 36 36 4 4 64 1 0 0 65 65 0 0 0 0 0 0 0 0 0 
0 0 0 0 0 0 0 0 0 0 196 22 4 4 4 20 22 22 22 22 22 22 22 2 6 0 0 6 6 6 6 6 6 6 6 6 4 6 6 0 36 64 4 4 64 0 0 65 0 0 0 0 0 0 0 0 0 0 0 
1 0 0 0 0 0 0 0 0 0 4 4 4 0 6 22 22 0 0 22 22 22 22 0 0 0 0 6 6 6 6 6 6 0 6 2 6 0 6 36 36 36 64 64 64 0 65 65 65 65 0 0 0 0 0 0 0 0 0 
1 1 0 0 0 1 0 1 4 4 4 4 22 22 22 22 22 22 22 22 22 22 22 0 0 0 22 0 22 20 0 4 36 36 36 0 36 36 36 0 36 36 65 64 0 65 64 65 0 64 0 0 0 0 0 0 0 0 0 
0 0 1 1 1 0 0 1 1 4 4 0 0 0 0 22 4 22 0 22 0 22 0 0 0 0 6 0 4 20 6 0 36 36 0 0 36 36 0 36 36 65 65 4 0 0 64 65 0 64 64 0 0 0 0 64 0 0 64 
0 0 0 0 1 0 1 1 1 0 1 4 4 4 4 0 22 0 22 22 22 22 22 2 22 6 22 22 22 22 6 6 36 0 0 36 36 36 36 0 0 65 65 64 0 0 0 0 65 64 64 0 64 64 0 0 0 0 64 
0 0 1 1 0 1 1 1 4 1 0 4 4 22 22 22 4 22 22 20 22 22 0 0 22 22 6 22 22 0 6 22 0 36 36 36 36 0 0 0 65 65 65 65 64 64 64 64 64 65 64 64 64 64 64 0 64 0 64 
1 1 0 1 1 4 4 4 4 1 0 0 4 22 22 4 4 22 22 22 22 22 22 0 22 22 22 22 0 22 22 22 20 20 36 0 36 33 33 36 36 0 65 64 64 64 64 1 64 64 0 0 64 64 64 64 64 64 64 
1 4 2 0 0 1 0 0 4 1 1 22 22 22 4 22 22 22 22 22 22 22 22 22 22 22 22 22 22 20 22 20 20 32 4 36 4 4 33 65 65 65 65 65 0 65 0 0 64 65 65 0 0 64 64 0 64 64 64 
4 4 4 0 0 0 0 0 4 4 4 1 22 20 22 22 4 22 22 22 22 22 22 0 6 22 22 4 22 0 20 32 32 32 32 0 4 4 33 36 65 65 65 65 65 65 65 64 64 64 64 64 64 64 64 64 64 64 64 
4 4 4 0 0 0 0 4 4 4 0 4 20 22 22 22 22 0 22 0 22 20 0 22 0 4 22 22 4 4 4 22 20 32 0 33 33 33 0 65 0 65 65 65 65 65 65 64 64 64 0 64 64 64 64 64 64 64 64 
1 132 0 4 0 4 4 4 4 4 4 132 4 22 22 22 22 20 22 22 0 20 20 0 0 0 22 22 22 22 0 20 22 0 33 33 33 33 33 1 65 65 65 65 4 65 64 64 64 64 64 64 0 0 0 64 64 64 64 
4 0 132 4 4 4 4 4 4 196 196 4 132 0 22 22 22 20 22 22 0 20 4 4 4 0 20 22 22 20 20 20 20 33 33 32 33 0 1 65 1 65 65 65 65 65 64 64 64 0 0 64 64 64 64 64 0 64 64 
4 4 132 132 4 4 4 4 196 0 132 132 4 132 22 20 20 20 20 20 20 20 0 22 0 0 22 20 20 20 20 20 20 20 33 33 33 33 33 65 65 65 65 65 65 65 64 64 65 65 64 64 64 64 64 64 64 64 64 
132 132 132 132 4 132 4 4 196 4 128 132 132 196 20 20 20 196 20 20 20 20 0 22 196 0 0 22 20 20 20 32 20 20 20 33 33 65 33 33 65 0 65 65 65 65 65 65 65 0 64 64 65 64 64 64 64 64 0 
132 132 4 4 4 4 0 0 196 196 196 128 22 20 196 20 196 4 20 20 20 20 20 22 20 20 20 22 20 17 20 32 32 20 0 33 32 33 33 0 33 65 0 65 65 65 65 64 64 65 64 0 64 64 64 0 0 0 0 
4 4 4 0 132 196 196 196 196 196 128 128 0 0 132 20 196 0 20 20 0 20 20 20 0 20 0 20 17 32 32 32 32 32 33 32 32 32 0 33 65 65 65 65 65 65 65 65 0 65 65 0 1 0 64 64 64 64 0 
4 4 4 0 196 196 196 196 196 196 4 0 132 0 196 196 196 196 20 20 20 4 20 20 20 0 0 20 20 32 32 32 32 32 32 32 33 33 33 1 1 65 65 65 65 65 64 65 65 64 65 65 64 64 0 64 64 0 0 
196 196 196 4 196 196 196 196 196 132 196 132 132 132 196 196 4 196 196 0 0 22 20 20 20 20 20 20 4 0 32 32 32 32 32 32 33 33 33 0 33 65 0 65 65 65 65 65 65 0 64 64 65 64 64 4 0 0 0 
132 196 4 196 196 196 0 196 196 196 132 132 132 132 196 0 0 0 196 196 4 4 68 4 196 20 196 0 32 32 32 0 32 32 32 32 32 33 33 0 33 33 65 65 65 65 65 65 65 65 64 65 65 64 0 0 1 0 0 
132 0 0 128 22 196 196 196 132 132 132 132 128 196 196 0 0 196 196 196 22 196 0 196 196 196 32 196 0 196 32 0 32 32 32 0 33 32 33 33 33 33 65 65 65 0 65 65 65 64 65 65 65 1 65 0 0 0 0 
132 4 0 4 132 132 196 6 132 132 132 128 132 196 196 4 196 0 196 196 196 196 196 196 22 32 196 196 0 32 32 32 32 32 33 33 33 33 0 33 33 65 0 33 0 65 65 0 0 64 65 65 0 1 1 0 0 0 0 
132 132 4 0 4 0 196 4 4 196 132 132 132 196 196 196 196 196 0 196 196 196 196 22 22 196 196 0 0 196 4 196 32 33 0 33 33 0 33 33 33 65 65 33 32 65 65 65 65 65 0 65 1 1 1 0 0 0 0 
132 132 196 4 4 132 132 132 7 196 132 196 134 0 196 196 196 196 196 196 0 196 0 196 196 196 196 0 196 196 68 0 196 32 33 33 33 33 33 33 33 65 65 32 33 33 65 1 1 65 65 65 65 65 0 0 0 0 0 
4 4 4 4 132 196 196 132 132 132 196 134 196 196 134 0 0 196 196 196 196 196 0 0 4 196 196 196 196 68 68 32 32 196 0 33 33 33 33 0 65 33 33 33 33 33 1 0 65 1 65 65 65 65 0 0 0 0 0 
0 4 196 196 4 0 132 134 4 134 196 196 134 196 4 134 196 0 132 196 196 196 68 196 196 0 132 196 196 68 68 68 0 32 32 32 33 33 33 33 33 33 33 33 33 33 64 0 0 65 65 65 65 65 65 65 0 0 0 
0 0 196 196 196 196 132 0 134 134 0 130 134 134 196 0 0 0 196 196 196 22 196 0 196 196 196 196 196 0 132 68 33 32 32 33 33 33 33 1 33 33 1 33 33 64 1 65 0 65 33 128 0 65 65 65 0 0 0 
4 4 196 196 0 196 22 22 0 134 130 0 134 134 196 196 196 196 196 196 132 22 196 196 196 22 196 0 196 196 33 4 33 32 33 32 33 33 33 32 33 32 33 33 33 128 65 128 0 128 128 33 65 65 65 1 0 1 0 
196 196 196 0 196 196 196 134 134 134 130 130 134 196 0 196 196 68 196 6 6 132 22 22 0 0 0 68 196 196 33 4 132 33 33 33 32 33 33 32 32 33 0 33 128 128 128 65 128 0 0 0 128 65 128 128 1 0 0 
22 4 196 196 196 134 134 134 134 134 0 130 130 130 130 0 196 22 0 22 196 196 22 0 0 0 4 196 68 33 196 196 0 33 0 1 33 33 33 33 33 33 33 128 33 65 65 128 128 0 128 0 128 128 0 128 128 0 0 
196 4 196 196 4 4 134 132 134 134 134 134 130 130 130 4 4 22 20 22 22 0 0 0 22 0 0 68 22 33 33 33 33 33 1 33 0 33 33 33 33 33 33 33 65 128 128 128 128 128 128 128 128 0 128 128 128 0 0 
196 0 4 0 134 134 134 134 132 0 134 130 0 22 5 22 22 22 20 22 22 22 6 4 22 22 22 0 0 22 0 22 33 22 1 33 33 33 0 0 0 128 65 33 128 65 0 0 128 128 128 128 0 128 128 0 128 128 0 
4 0 196 0 2 4 196 0 132 134 134 130 130 128 22 22 22 6 22 22 22 22 22 0 22 22 22 6 22 0 22 0 22 22 1 33 33 33 0 132 128 65 128 128 128 2 128 132 132 65 128 128 128 128 128 0 0 128 128 
4 0 0 2 6 2 68 196 134 134 134 130 130 132 0 1 22 6 0 22 22 0 0 22 22 22 22 22 6 22 4 128 22 22 22 22 0 132 33 128 65 128 128 128 128 0 132 132 128 128 128 128 128 128 128 0 128 128 128 
4 4 6 6 2 6 196 196 22 22 134 134 132 1 1 0 22 0 22 22 0 22 22 0 22 22 22 22 22 22 0 22 128 128 128 128 0 33 0 128 132 128 128 128 128 128 0 128 128 128 128 128 128 128 128 128 128 128 128 
0 0 4 6 6 2 0 0 22 22 134 134 134 132 22 22 22 0 22 22 22 22 148 132 4 0 22 22 22 0 22 22 22 20 0 128 33 128 33 128 128 0 0 0 0 132 132 0 128 128 128 128 128 2 128 128 128 0 128 
2 4 0 6 6 22 22 4 4 22 134 6 134 0 0 22 22 22 22 22 20 6 6 22 4 0 22 0 148 0 22 22 0 22 20 148 148 128 33 128 128 128 0 128 128 0 132 128 128 128 128 128 128 128 128 128 0 128 128 
2 0 2 5 5 22 0 22 6 0 0 6 6 0 0 22 22 22 22 22 20 20 22 22 0 0 0 0 0 132 148 20 20 20 0 148 148 148 128 128 128 128 128 128 128 132 128 128 128 0 128 128 0 128 128 128 128 0 128 
2 2 0 6 6 22 22 4 22 2 2 2 0 5 0 0 22 0 20 20 20 22 22 22 22 148 22 133 148 0 148 150 150 0 0 4 0 0 128 0 128 128 128 128 128 132 128 128 128 128 0 128 128 0 128 128 128 0 0 
2 2 2 2 2 2 22 4 22 2 0 2 5 4 4 0 22 22 20 20 20 20 0 22 148 22 148 133 0 150 150 150 20 20 0 4 4 4 17 0 128 128 128 128 128 128 0 128 132 128 128 0 128 128 128 128 2 128 128 
4 0 2 2 1 22 0 22 22 4 6 6 5 22 0 0 20 22 0 22 22 148 148 0 148 148 148 20 150 150 150 150 17 17 148 148 148 0 4 128 128 0 128 0 128 128 128 132 132 6 0 0 128 128 128 6 6 2 0 
2 2 0 1 1 2 2 2 2 22 22 6 5 0 0 22 22 0 6 22 20 20 148 148 22 150 150 150 20 20 20 148 17 17 148 148 4 0 128 6 128 128 128 128 128 128 128 128 132 132 128 128 128 0 0 128 6 2 2 
2 2 22 2 2 2 2 6 0 2 2 22 2 4 22 22 22 22 22 4 20 4 4 20 150 150 150 150 150 17 17 148 0 132 132 4 0 128 0 6 0 128 128 128 128 0 128 128 0 0 0 128 128 0 128 128 2 6 2 
4 22 0 0 0 0 22 22 2 2 0 2 2 4 4 22 22 22 4 22 20 20 20 150 20 20 150 150 20 20 22 17 0 1 1 4 4 0 128 128 128 128 128 128 128 128 128 128 0 0 0 128 6 128 128 2 128 6 2 
0 4 0 0 22 22 4 6 2 6 0 6 22 22 0 22 22 4 4 0 20 20 0 0 20 132 20 150 0 1 17 22 17 0 132 4 4 4 128 4 128 128 128 128 128 128 0 128 128 0 0 128 128 128 128 0 0 2 2 
2 0 0 0 0 2 0 0 6 0 6 0 0 2 5 22 22 6 22 22 22 0 150 20 132 132 20 150 150 1 1 17 17 1 22 132 0 0 4 4 0 128 128 128 128 128 128 128 128 0 0 128 0 0 2 0 128 2 2 
2 0 4 4 4 0 0 0 0 0 6 0 0 2 6 4 6 0 4 22 22 20 20 132 132 20 132 150 0 0 132 22 17 132 22 1 1 1 4 0 4 2 128 128 128 0 128 128 0 0 128 0 0 0 0 128 128 2 0 
0 4 4 4 4 0 0 0 0 0 0 0 4 4 0 6 4 4 22 6 22 20 20 20 132 132 0 17 150 17 17 132 132 1 1 1 0 4 4 4 2 4 128 128 128 0 0 0 0 0 0 0 0 0 0 128 0 0 2 
