23 21 2 21 0 21 21 21 22 0 22 22 22 22 3 3 3 0 0 3 3 3 3 3 1 3 3 3 2 18 130 134 134 134 134 22 22 0 16 0 140 4 22 22 0 30 30 30 30 30 4 4 4 4 22 22 6 22 22 
4 4 21 21 21 23 23 23 6 22 22 0 23 3 0 3 23 3 23 3 3 0 3 0 1 3 3 2 18 130 18 0 134 132 134 22 22 28 16 28 28 140 28 28 30 30 22 22 18 18 30 22 4 4 4 22 6 22 6 
21 21 23 0 0 23 23 23 6 23 23 2 2 23 22 23 23 23 3 3 3 3 30 3 30 3 30 3 2 0 30 30 132 0 28 132 22 22 28 0 28 22 22 28 30 30 30 30 30 26 26 144 18 22 22 22 22 22 26 
21 21 23 23 23 23 23 23 18 23 23 2 2 142 23 3 3 23 30 30 3 3 30 30 3 30 30 3 18 2 30 30 0 146 22 22 22 22 22 30 30 28 30 28 28 0 6 22 22 26 22 18 22 22 22 22 2 22 22 
21 19 23 23 0 23 23 23 23 22 23 23 23 26 19 23 30 30 3 3 30 30 0 30 26 30 30 18 30 30 14 30 146 0 18 22 22 22 30 0 28 30 30 0 30 30 22 0 22 22 0 22 22 22 22 22 22 6 22 
19 19 23 23 0 23 23 23 23 22 23 0 23 30 23 30 30 30 3 30 30 30 30 3 30 0 30 30 30 0 30 30 30 30 30 22 22 22 0 22 22 30 30 30 30 30 22 22 22 22 0 22 22 22 22 22 6 18 22 
19 23 23 26 23 23 23 0 23 22 22 30 30 0 30 30 30 3 30 30 30 0 30 30 28 30 30 30 30 30 30 30 30 30 30 30 16 6 22 22 2 30 30 30 0 22 22 22 22 134 22 22 22 22 22 6 22 0 22 
23 23 23 23 23 0 23 23 0 23 30 30 28 28 30 23 30 30 30 30 30 30 30 30 30 30 30 30 30 30 30 30 26 26 30 30 6 6 22 22 22 0 0 30 30 30 22 0 22 22 22 22 22 22 30 28 4 22 22 
23 23 23 19 23 23 23 142 23 0 22 28 30 28 30 23 30 6 0 30 30 30 30 30 30 30 30 30 30 30 30 30 30 30 30 30 6 30 22 22 24 30 30 30 30 30 22 30 0 22 30 22 22 30 18 18 28 22 22 
0 2 0 6 23 23 23 23 23 30 30 30 14 30 30 30 14 30 30 14 30 18 30 30 30 30 30 30 30 142 30 30 30 30 30 30 30 30 22 22 0 22 30 30 22 0 30 30 130 30 22 22 30 30 0 30 0 0 30 
2 23 23 23 19 23 23 23 30 30 30 30 30 14 14 30 30 30 0 30 0 30 30 30 30 30 26 30 0 30 30 30 30 30 30 0 30 30 22 22 0 22 30 30 22 22 30 30 30 30 30 30 22 22 30 30 30 20 20 
23 23 23 23 0 4 30 30 30 30 20 30 30 30 0 14 30 28 150 30 30 30 30 30 0 30 30 26 26 30 30 30 30 30 30 30 30 30 22 22 22 22 22 30 22 22 30 30 30 0 0 30 30 30 30 22 30 30 22 
23 23 23 23 4 0 30 30 23 30 22 30 30 30 30 30 30 30 30 30 30 30 0 2 0 28 30 30 30 26 30 30 30 30 30 30 30 0 30 0 22 30 22 22 0 30 30 30 30 22 22 30 6 22 0 30 22 20 20 
0 23 0 23 23 23 0 23 23 22 30 0 30 30 30 30 30 30 2 30 30 30 30 28 30 30 30 30 30 30 30 26 30 30 30 30 0 0 30 28 30 30 0 28 0 30 0 22 30 30 22 22 22 30 30 30 30 20 20 
23 0 23 23 2 23 23 2 30 30 30 30 30 30 14 0 30 0 0 30 30 30 2 30 30 30 3 30 30 30 30 30 30 30 30 30 30 30 30 30 30 30 30 30 28 0 30 22 22 20 22 4 22 22 22 20 20 0 0 
23 23 23 2 23 23 23 2 30 30 30 30 30 30 30 30 30 30 30 0 30 30 30 30 22 30 30 30 30 26 30 26 26 30 30 30 30 30 30 0 0 30 0 0 30 28 30 22 22 30 30 30 22 22 20 20 30 20 142 
23 23 0 23 23 23 0 30 30 30 30 30 30 30 30 0 30 30 30 30 28 28 30 30 150 30 0 30 0 30 30 30 26 30 30 30 30 0 30 30 30 30 30 28 30 30 2 0 30 30 30 30 0 30 0 20 30 30 30 
23 23 23 0 23 23 30 30 30 0 0 26 2 30 30 0 28 30 30 30 28 28 30 30 30 30 30 30 30 30 30 22 30 30 30 30 30 30 30 30 28 30 30 30 30 30 30 30 22 30 30 30 22 0 30 22 22 30 30 
23 23 23 23 23 23 30 30 30 30 30 2 30 30 30 30 30 30 30 30 30 30 30 30 0 30 30 30 30 0 30 30 30 144 30 30 30 30 30 30 30 30 30 30 30 0 30 30 30 22 30 28 30 22 26 30 22 18 30 
23 23 23 23 23 14 0 14 30 30 30 6 30 30 30 30 30 30 22 30 30 30 30 30 30 0 30 0 0 0 30 30 30 30 30 30 30 0 0 30 30 26 18 30 30 30 30 20 20 20 30 28 16 30 4 0 18 30 30 
18 23 23 2 2 14 14 14 30 30 30 6 30 30 30 30 30 30 30 30 30 30 30 30 30 30 30 30 30 218 218 30 0 30 30 30 30 30 30 30 30 30 0 30 30 30 30 30 20 22 30 30 30 30 30 0 30 20 20 
23 23 23 23 26 14 14 14 30 30 28 30 30 30 30 30 26 30 30 0 30 30 30 30 30 26 30 30 30 0 0 218 218 30 30 30 150 30 30 30 18 30 0 30 30 30 28 20 134 30 30 30 22 30 30 26 22 30 20 
23 0 23 23 30 19 10 30 30 14 19 28 30 28 30 30 30 30 30 30 28 30 30 0 30 30 30 0 30 0 30 218 0 30 30 150 18 30 30 18 30 30 30 30 30 30 30 30 30 30 30 30 30 30 28 26 30 22 22 
23 2 23 23 19 18 14 30 26 30 30 30 28 30 30 30 30 150 30 30 30 28 30 30 30 30 30 30 30 30 18 218 218 30 0 30 30 30 30 18 30 30 0 30 30 0 16 28 30 30 30 30 28 30 28 0 22 22 22 
23 23 23 22 0 14 14 0 30 28 30 28 28 28 30 30 30 156 30 30 30 30 0 30 30 30 30 0 0 0 30 130 30 30 30 28 30 30 30 30 30 30 30 30 30 28 30 16 28 22 0 0 28 30 30 22 22 30 26 
20 22 22 0 12 14 14 30 30 0 30 30 30 30 30 22 156 30 30 30 30 30 0 30 30 30 30 30 30 30 30 218 30 218 30 30 30 218 30 0 30 0 30 30 30 30 0 142 30 30 30 30 18 30 0 30 22 22 30 
22 20 30 4 23 134 22 30 142 14 6 30 0 30 30 30 156 156 30 30 26 30 30 30 30 30 30 30 30 30 218 0 218 30 218 0 0 30 0 30 30 30 30 30 0 30 30 30 0 30 30 0 30 30 30 20 22 22 22 
16 22 20 4 4 23 30 10 14 142 6 6 0 152 30 30 30 30 6 30 30 30 30 30 30 30 30 30 28 0 218 218 90 218 218 218 30 30 218 30 30 30 30 30 30 30 30 28 14 30 30 0 30 30 0 0 20 20 22 
132 132 132 4 30 30 14 142 142 14 156 142 156 156 0 30 30 0 156 156 30 156 156 30 216 30 30 30 90 0 90 218 218 218 218 218 218 30 0 0 30 217 217 30 30 30 30 30 28 30 156 156 156 0 30 25 22 20 22 
132 0 128 4 14 30 14 14 14 0 142 156 30 142 156 30 30 30 156 156 156 30 156 216 0 30 30 90 28 90 0 218 218 218 218 216 216 24 24 217 217 217 217 89 89 30 89 30 156 156 0 156 156 0 28 25 22 22 0 
132 132 132 14 6 30 14 14 142 142 142 142 156 142 156 30 30 0 156 30 30 30 216 156 218 216 218 0 28 0 90 90 216 216 218 217 216 89 217 217 217 217 153 217 30 30 89 0 0 30 89 130 28 156 28 28 0 6 22 
132 132 0 6 22 142 142 142 142 142 142 142 142 142 156 142 30 156 156 156 156 216 216 216 216 0 218 0 216 80 217 90 90 218 0 216 89 216 217 217 217 217 153 217 217 89 30 89 24 89 89 28 156 30 25 25 145 22 134 
0 132 156 6 134 134 22 142 142 142 142 142 142 142 142 2 156 156 156 156 156 216 130 156 156 216 217 217 217 217 217 217 217 0 216 209 216 0 217 0 217 153 217 0 217 217 89 217 89 89 89 0 30 24 28 16 16 145 134 
132 156 134 134 134 134 142 142 142 142 148 130 0 0 142 142 152 156 0 144 156 156 156 156 156 216 217 217 145 217 209 217 217 217 216 216 89 217 89 89 217 217 88 17 217 89 88 89 89 16 89 30 25 1 89 28 16 22 22 
132 148 0 134 134 142 142 142 148 148 140 140 140 142 142 142 142 156 0 156 0 156 216 156 156 0 156 217 0 217 217 217 217 0 217 89 89 89 89 89 217 217 89 89 217 217 89 89 217 89 25 217 216 217 153 89 22 152 152 
148 132 22 6 142 142 142 148 148 140 140 142 140 142 156 156 216 216 152 156 156 144 156 156 216 156 156 217 217 201 0 0 217 217 217 217 217 89 89 217 89 217 89 217 217 217 217 217 89 89 217 0 217 217 145 153 129 6 137 
132 142 148 22 134 148 142 0 142 142 142 140 140 156 156 156 216 0 216 216 0 216 156 216 152 216 217 217 217 217 193 217 217 217 217 217 217 217 217 217 217 89 89 89 217 217 217 217 217 217 217 217 217 217 153 129 129 153 153 
142 142 132 148 18 0 0 142 138 142 142 0 140 140 140 216 216 216 0 0 216 0 216 152 216 200 0 216 0 217 129 217 217 217 217 217 217 217 89 0 89 0 25 89 217 0 217 217 217 217 217 217 0 217 217 153 0 153 153 
142 0 132 132 132 144 148 148 138 148 6 148 148 130 217 217 216 216 216 152 216 216 216 216 216 216 216 0 216 129 217 81 217 217 217 217 217 217 217 217 89 16 89 89 217 217 217 217 217 217 89 217 88 153 153 153 0 217 217 
0 132 132 132 132 0 148 148 192 148 148 0 80 134 217 216 217 216 216 216 216 216 0 216 216 216 0 216 216 217 217 217 217 217 217 217 217 217 217 0 89 89 217 89 217 217 217 217 217 217 217 217 129 88 0 217 217 0 0 
132 26 132 132 148 6 23 148 148 192 0 148 134 134 217 217 217 208 217 144 216 128 216 216 216 216 216 216 216 145 216 0 217 217 217 217 217 217 217 217 217 217 217 8 89 0 217 217 0 145 145 217 217 217 153 145 201 217 217 
144 132 132 132 148 2 2 192 192 192 0 148 148 148 217 80 217 217 0 216 216 216 152 216 216 216 216 88 80 216 0 217 217 217 217 217 217 217 217 217 217 217 217 216 217 217 217 217 217 145 217 217 1 1 217 0 217 201 209 
144 0 0 0 192 192 192 0 192 192 0 134 148 217 0 217 201 217 217 0 216 216 216 216 216 217 217 0 217 216 217 217 217 217 89 201 201 217 145 0 217 217 217 217 0 217 0 89 217 89 217 217 217 0 217 153 129 201 201 
0 132 192 132 192 192 192 192 0 192 192 192 192 148 192 192 216 0 217 217 217 216 216 216 217 217 217 217 200 91 217 217 217 201 201 201 217 217 201 201 217 89 217 217 216 0 217 217 217 217 0 0 217 217 201 145 201 129 201 
130 128 192 192 192 192 192 192 192 192 192 0 0 192 209 192 216 217 217 217 201 201 201 217 128 217 217 200 200 217 91 153 217 201 201 201 201 201 201 201 201 217 137 217 216 217 0 217 201 217 137 217 217 217 217 201 0 153 153 
130 192 144 192 192 64 128 128 128 192 192 192 192 209 0 216 192 192 217 0 201 201 200 192 0 217 200 200 0 91 217 217 153 201 217 217 201 201 201 217 201 216 200 0 128 201 201 201 217 217 217 217 0 217 201 153 89 153 153 
138 0 0 144 128 128 128 128 192 192 192 192 192 192 216 192 201 192 201 201 200 200 200 200 217 200 217 217 0 200 217 153 217 201 201 201 201 201 217 217 201 217 217 217 201 128 0 201 217 217 0 153 217 217 153 0 89 89 129 
0 144 144 0 144 128 128 128 192 192 192 192 192 192 216 216 216 201 0 217 217 217 217 200 200 217 200 200 200 217 217 217 217 217 0 201 0 201 201 201 217 217 217 201 201 217 201 201 217 201 201 217 153 217 153 89 0 17 0 
144 128 128 128 128 0 128 128 0 192 192 192 0 192 0 0 0 144 217 217 153 217 200 217 217 217 217 217 217 0 209 217 217 217 217 145 201 217 201 217 217 217 201 201 201 201 217 216 201 201 0 89 88 153 0 89 89 0 17 
128 128 2 2 128 192 0 0 192 192 144 192 192 192 192 192 144 144 217 201 200 16 217 216 0 217 217 200 0 217 217 217 217 217 217 0 217 217 217 0 217 217 201 201 201 201 216 201 201 201 201 89 88 89 89 0 0 89 0 
0 2 192 2 2 144 192 130 144 128 192 192 192 192 0 192 217 202 200 217 217 200 64 217 217 217 217 217 200 200 217 217 0 217 217 201 201 201 0 201 201 217 0 201 201 201 201 201 201 201 201 89 89 89 89 0 201 17 17 
0 192 2 0 144 192 144 130 130 144 192 192 192 192 192 202 202 24 88 200 200 217 217 217 217 217 153 200 217 217 217 217 217 217 201 201 201 201 201 153 217 1 201 201 217 201 201 201 0 201 201 89 89 89 0 201 89 17 17 
0 2 0 192 130 0 130 144 144 130 0 128 192 192 216 192 216 0 200 89 89 217 200 217 217 217 200 217 217 217 217 0 217 217 217 129 201 129 201 193 201 1 217 201 201 153 201 201 201 201 89 217 89 89 89 89 89 0 0 
2 2 2 130 130 0 0 144 0 144 128 128 128 0 216 216 201 217 217 89 89 153 217 217 217 217 217 200 217 217 217 217 217 201 201 0 217 0 193 201 0 217 0 201 201 153 81 201 201 0 217 217 81 81 19 17 1 1 1 
2 2 2 0 130 144 0 0 144 0 128 128 0 128 216 217 0 129 216 89 89 0 201 217 217 200 200 217 64 217 217 217 201 201 201 217 217 217 0 0 193 201 201 201 200 81 201 201 201 201 0 81 217 81 81 1 89 65 65 
2 2 130 0 192 192 144 144 144 0 128 128 128 0 216 216 201 129 129 137 137 65 201 201 200 0 64 64 217 200 129 217 0 201 201 217 0 201 201 201 201 81 81 201 201 81 72 81 0 81 81 201 201 0 0 89 89 65 65 
2 130 130 130 192 0 144 144 144 144 144 144 144 128 0 0 201 201 129 201 137 65 201 200 201 65 2 0 217 0 217 217 0 201 0 201 201 201 201 192 81 201 0 81 81 81 81 81 81 81 81 0 0 65 65 65 89 65 65 
130 130 192 192 192 144 128 144 144 144 128 128 128 144 144 0 200 0 201 201 0 201 201 209 209 2 217 217 217 209 201 217 201 201 201 201 0 201 192 0 81 201 81 81 81 81 81 81 81 81 81 81 16 65 65 81 65 0 81 
130 130 192 2 16 128 144 128 144 128 128 128 128 144 144 144 0 200 201 201 201 201 201 217 217 217 217 217 209 217 201 0 201 201 193 201 201 201 201 216 216 0 0 81 81 81 0 81 0 17 0 81 81 0 0 81 81 81 0 
